EXCHANGE%3DNYSEARCA
MARKET_OPEN_MINUTE=570
MARKET_CLOSE_MINUTE=960
INTERVAL=600
COLUMNS=DATE,CLOSE,HIGH,LOW,OPEN,VOLUME
DATA=
TIMEZONE_OFFSET=-240
a1495459800,238.89,238.9,238.87,238.87,251973
1,239.265,239.27,238.85,238.9,690825
2,239.31,239.36,239.16,239.27,642643
3,239.23,239.325,239.12,239.315,382282
4,239.23,239.38,239.19,239.23,368726
5,239.16,239.25,239.1,239.23,268675
6,239.19,239.19,239.035,239.155,474210
7,239.09,239.23,238.94,239.19,489018
8,238.84,239.11,238.82,239.075,375538
9,238.94,238.98,238.83,238.84,415365
10,239,239.01,238.88,238.93,245001
11,239.11,239.13,238.89,238.995,148499
12,239.161,239.2,239.07,239.115,269804
13,239.17,239.23,239.135,239.16,312181
14,239.1,239.205,239.09,239.17,193934
15,239.27,239.27,239.09,239.1,204259
16,239.3,239.375,239.24,239.27,185719
17,239.53,239.62,239.291,239.295,498987
18,239.48,239.54,239.45,239.53,145003
19,239.48,239.52,239.455,239.49,97659
20,239.505,239.52,239.44,239.48,127869
21,239.4,239.5,239.385,239.5,135323
22,239.45,239.455,239.38,239.4,100981
23,239.45,239.52,239.42,239.46,130329
24,239.49,239.49,239.425,239.45,141102
25,239.38,239.54,239.37,239.5,245535
26,239.36,239.4,239.34,239.36,101305
27,239.35,239.43,239.35,239.37,89158
28,239.39,239.39,239.27,239.35,184322
29,239.41,239.445,239.36,239.395,147240
30,239.445,239.46,239.37,239.415,240908
31,239.485,239.515,239.44,239.44,136148
32,239.49,239.51,239.425,239.49,110176
33,239.44,239.53,239.385,239.5,116941
34,239.5,239.52,239.415,239.43,168857
35,239.47,239.54,239.47,239.505,202587
36,239.5,239.52,239.42,239.47,255737
37,239.6,239.65,239.47,239.5,354032
38,239.655,239.71,239.56,239.6,439831
39,239.52,239.68,239.43,239.65,1987169
144,239.95,239.98,239.95,239.98,135625
145,239.91,240.02,239.73,239.95,553507
146,239.61,239.94,239.59,239.91,422425
147,239.655,239.68,239.57,239.62,273612
148,239.76,239.78,239.52,239.64,389756
149,239.72,239.81,239.63,239.78,208541
150,239.85,239.89,239.7,239.72,375385
151,239.79,239.93,239.74,239.85,464263
152,239.82,239.855,239.73,239.8,278873
153,239.9,239.9,239.83,239.83,206785
154,239.91,239.96,239.84,239.9,186730
155,239.93,239.99,239.86,239.91,131229
156,240.03,240.045,239.91,239.93,196404
157,240.03,240.12,239.96,240.03,332906
158,240.12,240.14,240.04,240.04,108407
159,240.1,240.15,240.07,240.13,278323
160,240.22,240.22,240.08,240.09,239279
161,240.185,240.23,240.18,240.22,135244
162,239.94,240.22,239.93,240.19,258910
163,239.99,239.99,239.9,239.94,155872
164,239.91,240.02,239.86,239.99,204680
165,239.85,239.9,239.82,239.9,139185
166,239.97,239.97,239.85,239.85,83763
167,240.03,240.07,239.93,239.97,197874
168,240.05,240.11,240.03,240.03,109304
169,240.05,240.09,240.02,240.05,133957
170,239.96,240.06,239.94,240.05,117986
171,240.01,240.015,239.91,239.96,160045
172,240.015,240.055,239.98,240.01,154851
173,239.9,240.025,239.9,240.02,135480
174,239.94,240,239.88,239.9,124683
175,240.01,240.02,239.89,239.94,176425
176,240.14,240.18,240.02,240.02,275739
177,240.11,240.14,240.07,240.14,207232
178,240.145,240.21,240.08,240.11,261163
179,240.05,240.15,240.04,240.15,244190
180,239.99,240.06,239.98,240.05,295953
181,240.03,240.04,239.9,239.99,429845
182,239.88,240.02,239.85,240.02,731530
183,240.05,240.05,239.87,239.88,2253597
288,240.34,240.34,240.33,240.33,114858
289,240.16,240.35,240.09,240.34,396720
290,240.19,240.2,240.09,240.14,218569
291,240.21,240.31,240.18,240.2,276988
292,240.11,240.24,240.03,240.22,379254
293,240.15,240.19,240.06,240.11,270497
294,240.26,240.27,240.06,240.14,275186
295,240.23,240.32,240.19,240.26,376671
296,240.27,240.285,240.18,240.23,256318
297,240.16,240.26,240.16,240.26,188227
298,240.12,240.235,240.03,240.17,134354
299,240.12,240.15,240.08,240.12,150400
300,240.24,240.24,240.1,240.12,167795
301,240.2,240.29,240.195,240.24,146128
302,240.26,240.27,240.2,240.21,91264
303,240.155,240.27,240.12,240.265,351439
304,240.1,240.2,240.1,240.145,89842
305,240.15,240.16,240.11,240.12,86835
306,240.23,240.25,240.15,240.15,64306
307,240.24,240.27,240.21,240.24,54449
308,240.19,240.25,240.19,240.24,67416
309,240.18,240.22,240.17,240.18,155160
310,240.16,240.21,240.13,240.18,146439
311,240.14,240.205,240.14,240.16,67199
312,240.1,240.135,240.06,240.135,305175
313,240.16,240.17,240.08,240.1,103771
314,240.15,240.19,240.13,240.16,98741
315,240.15,240.185,240.15,240.15,144966
316,240.2,240.26,239.93,240.15,751940
317,240.48,240.52,240.18,240.19,624865
318,240.42,240.5,240.355,240.48,430991
319,240.37,240.42,240.33,240.42,182018
320,240.395,240.41,240.29,240.365,245865
321,240.35,240.39,240.29,240.39,129153
322,240.25,240.38,240.17,240.36,251202
323,240.33,240.36,240.24,240.25,195125
324,240.42,240.42,240.31,240.325,262617
325,240.51,240.57,240.42,240.42,451000
326,240.62,240.635,240.51,240.51,648942
327,240.61,240.725,240.54,240.62,2841133
432,241.2,241.22,241.19,241.22,147839
433,241.04,241.2,240.97,241.19,374574
434,241.34,241.37,241.02,241.05,636204
435,241.41,241.52,241.32,241.335,526985
436,241.43,241.5,241.35,241.41,280713
437,241.61,241.68,241.43,241.43,555285
438,241.61,241.63,241.57,241.6,213751
439,241.74,241.79,241.6,241.61,563173
440,241.75,241.78,241.665,241.75,318822
441,241.66,241.78,241.655,241.75,116396
442,241.9,241.9,241.655,241.66,336065
443,241.88,241.96,241.795,241.9,431733
444,241.84,241.93,241.77,241.88,233710
445,241.58,241.895,241.52,241.86,362764
446,241.52,241.58,241.42,241.58,647338
447,241.46,241.6,241.44,241.54,269546
448,241.51,241.55,241.4,241.48,291772
449,241.51,241.525,241.37,241.51,354686
450,241.65,241.7,241.49,241.5,180958
451,241.82,241.86,241.63,241.65,226139
452,241.82,241.87,241.77,241.83,189634
453,241.87,241.88,241.78,241.82,303966
454,241.76,241.87,241.745,241.87,338115
455,241.73,241.76,241.675,241.75,367927
456,241.7,241.795,241.675,241.72,158613
457,241.63,241.69,241.57,241.69,231709
458,241.64,241.69,241.6,241.63,168231
459,241.81,241.82,241.63,241.63,162115
460,241.78,241.82,241.745,241.81,206441
461,241.76,241.805,241.7,241.77,189237
462,241.79,241.87,241.76,241.77,161571
463,241.95,241.96,241.77,241.79,181977
464,241.86,241.97,241.85,241.96,199773
465,241.86,241.92,241.805,241.87,142815
466,241.86,241.91,241.8,241.86,130218
467,241.82,241.89,241.82,241.87,118400
468,241.75,241.82,241.72,241.82,255267
469,241.78,241.8,241.725,241.75,290076
470,241.91,242.08,241.755,241.78,742188
471,241.76,241.91,241.62,241.91,3085791
576,241.57,241.59,241.54,241.59,135176
577,241.5,241.695,241.47,241.59,354111
578,241.67,241.71,241.45,241.5,299338
579,241.74,241.78,241.65,241.66,291580
580,241.66,241.83,241.66,241.73,297442
581,241.73,241.76,241.61,241.655,187120
582,241.68,241.77,241.63,241.725,180331
583,241.83,241.83,241.675,241.685,179163
584,241.74,241.9,241.735,241.83,304692
585,241.61,241.76,241.6,241.73,206825
586,241.74,241.75,241.61,241.61,141355
587,241.65,241.78,241.65,241.74,164014
588,241.76,241.769,241.645,241.65,227125
589,241.66,241.8,241.65,241.75,265450
590,241.65,241.68,241.56,241.66,292317
591,241.53,241.66,241.52,241.65,146360
592,241.625,241.63,241.52,241.53,101655
593,241.73,241.74,241.62,241.63,87376
594,241.745,241.78,241.72,241.73,80721
595,241.735,241.76,241.69,241.75,69260
596,241.79,241.81,241.74,241.74,64717
597,241.76,241.82,241.74,241.79,101063
598,241.76,241.77,241.68,241.77,104942
599,241.75,241.83,241.73,241.77,161593
600,241.72,241.75,241.695,241.75,76818
601,241.7,241.75,241.69,241.72,81704
602,241.65,241.735,241.64,241.7,265941
603,241.68,241.695,241.64,241.66,79734
604,241.73,241.73,241.64,241.68,174554
605,241.72,241.77,241.72,241.73,160006
606,241.79,241.795,241.72,241.72,141612
607,241.76,241.79,241.73,241.78,131592
608,241.77,241.81,241.74,241.76,102444
609,241.74,241.79,241.73,241.76,129043
610,241.71,241.81,241.67,241.74,250334
611,241.71,241.765,241.71,241.71,128312
612,241.69,241.75,241.66,241.72,244469
613,241.67,241.735,241.65,241.69,112205
614,241.78,241.78,241.63,241.67,381296
615,241.71,241.83,241.67,241.785,4182344
a1496151000,241.34,241.34,241.32,241.32,274068
1,241.54,241.57,241.23,241.35,719776
2,241.6,241.7,241.43,241.56,411936
3,241.49,241.63,241.49,241.6,311451
4,241.37,241.57,241.32,241.49,424560
5,241.3,241.39,241.16,241.36,857588
6,241.32,241.39,241.285,241.3,279224
7,241.53,241.53,241.31,241.32,400880
8,241.58,241.61,241.52,241.53,178279
9,241.51,241.615,241.51,241.6,155642
10,241.58,241.635,241.52,241.52,119598
11,241.57,241.6,241.51,241.59,174757
12,241.48,241.6,241.47,241.575,251905
13,241.56,241.58,241.47,241.48,159264
14,241.56,241.6,241.47,241.555,172506
15,241.53,241.59,241.5,241.57,97069
16,241.57,241.62,241.535,241.54,118701
17,241.56,241.595,241.54,241.57,46979
18,241.71,241.725,241.55,241.55,234315
19,241.73,241.79,241.705,241.71,63673
20,241.68,241.73,241.67,241.73,67526
21,241.71,241.72,241.66,241.68,98102
22,241.71,241.765,241.68,241.72,101037
23,241.66,241.735,241.66,241.71,43621
24,241.61,241.69,241.6,241.67,88838
25,241.64,241.665,241.6,241.615,95442
26,241.67,241.69,241.6,241.645,131623
27,241.64,241.71,241.63,241.67,75062
28,241.69,241.7,241.6,241.63,183258
29,241.59,241.69,241.59,241.69,43785
30,241.6,241.64,241.59,241.59,83736
31,241.565,241.615,241.535,241.6,147740
32,241.63,241.63,241.56,241.56,101417
33,241.65,241.65,241.58,241.64,94133
34,241.7,241.78,241.65,241.65,146646
35,241.63,241.71,241.63,241.7,112138
36,241.62,241.645,241.6,241.63,139578
37,241.66,241.72,241.63,241.63,213638
38,241.69,241.7,241.65,241.66,249120
39,241.5,241.71,241.5,241.69,1610958
144,241.85,241.86,241.84,241.84,116288
145,241.75,241.88,241.68,241.86,378196
146,241.4,241.8,241.33,241.76,529896
147,240.99,241.46,240.92,241.4,900465
148,240.81,240.99,240.64,240.97,1032754
149,240.895,241.02,240.66,240.81,681200
150,240.96,240.98,240.805,240.9,205372
151,241.08,241.17,240.85,240.96,393450
152,241.19,241.24,241.04,241.09,263274
153,241.35,241.38,241.14,241.185,517547
154,241.3,241.4,241.27,241.35,229358
155,241.1,241.305,240.95,241.3,485607
156,241.07,241.33,241,241.09,432251
157,240.85,241.09,240.8,241.08,577638
158,241.05,241.06,240.83,240.85,323313
159,241.09,241.12,241.01,241.05,191595
160,241.24,241.28,241.07,241.09,293205
161,241.18,241.265,241.13,241.25,129373
162,241.09,241.18,241.06,241.18,130765
163,241.12,241.14,241.06,241.09,79345
164,241.01,241.14,241.005,241.125,119219
165,241,241.04,240.97,241,76590
166,241.16,241.17,241.01,241.01,178956
167,241.08,241.315,241.04,241.17,308787
168,241.03,241.12,240.98,241.08,236041
169,241.09,241.13,241.03,241.03,130949
170,240.97,241.1,240.94,241.1,165950
171,241.02,241.08,240.95,240.96,136692
172,240.94,241.06,240.85,241.03,191837
173,241.01,241.06,240.77,240.95,421044
174,241.11,241.11,241.01,241.015,163095
175,241.22,241.23,241.07,241.095,447196
176,241.14,241.25,241.13,241.22,421228
177,241.09,241.17,241.05,241.15,364803
178,241.05,241.32,241.04,241.1,592705
179,241.23,241.25,241.02,241.05,321910
180,241.31,241.38,241.21,241.24,652008
181,241.35,241.43,241.32,241.32,624804
182,241.48,241.5,241.34,241.34,1019379
183,241.44,241.52,241.4,241.485,4949581
288,241.97,241.98,241.93,241.97,174734
289,241.73,241.96,241.64,241.95,784561
290,242.06,242.06,241.68,241.73,643922
291,241.96,242.11,241.86,242.06,340005
292,241.8,242.06,241.765,241.99,560907
293,241.94,241.98,241.79,241.79,391225
294,241.93,242.03,241.8,241.94,243808
295,241.82,241.92,241.76,241.92,232108
296,241.76,241.885,241.76,241.83,210369
297,241.85,241.85,241.71,241.76,214102
298,241.95,241.96,241.8,241.85,260628
299,241.98,242.06,241.95,241.96,196223
300,242,242.01,241.935,241.98,212119
301,242.06,242.11,241.98,242.005,269688
302,242.12,242.12,242.005,242.055,318453
303,242.33,242.35,242.11,242.12,324232
304,242.41,242.45,242.331,242.331,324975
305,242.44,242.48,242.325,242.415,285640
306,242.38,242.48,242.32,242.445,301508
307,242.46,242.52,242.38,242.39,211748
308,242.54,242.55,242.455,242.46,135527
309,242.66,242.72,242.525,242.54,305324
310,242.84,242.88,242.66,242.665,380162
311,242.84,242.89,242.82,242.84,217870
312,242.9,242.93,242.84,242.84,214300
313,242.82,242.93,242.815,242.905,256927
314,242.87,242.87,242.795,242.825,190352
315,242.825,242.88,242.785,242.86,146765
316,242.91,242.91,242.795,242.82,214707
317,242.96,242.97,242.9,242.9,212126
318,242.92,243.025,242.91,242.96,262364
319,242.81,242.92,242.79,242.92,266533
320,242.89,242.91,242.805,242.805,179332
321,242.8,242.92,242.79,242.89,202097
322,242.78,242.86,242.72,242.8,379494
323,242.88,242.905,242.77,242.775,269773
324,242.88,242.95,242.83,242.87,245289
325,242.93,242.99,242.83,242.88,288881
326,243.04,243.07,242.85,242.93,859116
327,243.36,243.36,243.02,243.045,5453334
432,243.44,243.45,243.41,243.45,178473
433,243.39,243.69,243.37,243.42,814436
434,243.42,243.43,243.17,243.38,706593
435,243.24,243.44,243.08,243.44,525338
436,243.34,243.39,243.2,243.21,413878
437,243.32,243.39,243.29,243.35,315084
438,243.46,243.48,243.299,243.32,299729
439,243.55,243.55,243.41,243.46,312227
440,243.57,243.58,243.48,243.54,505406
441,243.68,243.76,243.56,243.57,306687
442,243.63,243.76,243.63,243.68,180133
443,243.67,243.71,243.6,243.64,79077
444,243.7,243.74,243.615,243.675,120776
445,243.85,243.86,243.7,243.7,213587
446,243.93,243.97,243.85,243.865,260500
447,244.03,244.06,243.91,243.93,209298
448,243.9,244.02,243.885,244.02,233037
449,244.02,244.04,243.87,243.9,322767
450,244.09,244.09,244.02,244.02,142290
451,243.98,244.085,243.96,244.08,249998
452,244,244.02,243.935,243.98,125324
453,244,244.04,243.97,244.015,103752
454,243.94,244.04,243.925,244.005,152769
455,243.975,244.01,243.92,243.935,146690
456,244.06,244.065,243.96,243.975,159246
457,244.21,244.27,244.05,244.06,267916
458,244.17,244.29,244.14,244.205,228481
459,244.21,244.24,244.15,244.16,147658
460,244.15,244.23,244.13,244.2,132934
461,244.22,244.25,244.125,244.15,139150
462,243.97,244.25,243.96,244.22,274226
463,244.06,244.085,243.98,243.98,201153
464,244.04,244.07,243.98,244.05,157843
465,244.115,244.16,244.02,244.025,109173
466,244.11,244.18,244.095,244.11,168847
467,244.15,244.165,244.09,244.115,315368
468,244.16,244.24,244.14,244.15,432556
469,244.295,244.34,244.15,244.15,640662
470,244.05,244.3,243.98,244.3,788302
471,244.17,244.17,243.93,244.05,3647673
864,244.01,244.02,243.99,244.02,135060
865,243.86,244.05,243.82,244.01,449044
866,244.01,244.01,243.76,243.87,314032
867,244.09,244.12,243.95,244.02,331861
868,244.18,244.3,244.07,244.08,315925
869,244.19,244.21,244.13,244.15,114645
870,244.14,244.24,244.12,244.19,165922
871,244.14,244.22,244.12,244.14,174496
872,244.24,244.245,244.13,244.145,157957
873,244.11,244.25,244.09,244.23,143247
874,244.02,244.11,243.95,244.1,426855
875,244.08,244.135,244.01,244.02,145642
876,243.91,244.08,243.885,244.075,189461
877,243.95,243.99,243.91,243.91,111379
878,243.9,243.99,243.865,243.96,166712
879,244.11,244.12,243.89,243.89,165294
880,244.16,244.235,244.1,244.11,263414
881,244.16,244.195,244.13,244.16,79961
882,244.14,244.18,244.12,244.16,72469
883,244.11,244.18,244.09,244.15,117206
884,244.07,244.15,244.07,244.11,142778
885,244.11,244.11,244.02,244.07,149097
886,244.19,244.22,244.11,244.11,105465
887,244.2,244.26,244.16,244.19,86375
888,244.22,244.22,244.16,244.2,43174
889,244.155,244.21,244.06,244.21,79716
890,244.12,244.15,244.09,244.15,62445
891,244.08,244.16,244.065,244.12,77452
892,244.06,244.15,244.025,244.08,97116
893,244.06,244.1,244.055,244.06,69242
894,244.1,244.115,244.03,244.05,73334
895,244.11,244.13,244.06,244.1,89769
896,244.12,244.16,244.08,244.11,111230
897,244.09,244.16,244.08,244.115,102738
898,244.11,244.145,244.07,244.09,100381
899,244.05,244.16,244.04,244.11,93092
900,244.14,244.15,244.03,244.05,197696
901,244.145,244.185,244.1,244.13,134109
902,244.02,244.14,243.995,244.14,283406
903,243.99,244.04,243.91,244.005,4123121
a1496755800,243.29,243.34,243.29,243.34,133371
1,243.27,243.36,243.13,243.3,798481
2,243.52,243.58,243.22,243.27,380203
3,243.67,243.7,243.53,243.53,341462
4,243.53,243.67,243.475,243.67,350074
5,243.73,243.83,243.54,243.54,334320
6,243.72,243.74,243.63,243.73,107837
7,243.53,243.72,243.52,243.715,243512
8,243.65,243.65,243.53,243.54,170752
9,243.54,243.68,243.51,243.65,220986
10,243.48,243.56,243.39,243.54,194388
11,243.45,243.56,243.38,243.49,145892
12,243.44,243.47,243.39,243.45,106081
13,243.64,243.67,243.415,243.45,150327
14,243.72,243.81,243.64,243.64,235317
15,243.66,243.76,243.64,243.72,113590
16,243.64,243.7,243.64,243.66,71871
17,243.65,243.73,243.61,243.645,140371
18,243.6,243.68,243.57,243.65,111738
19,243.58,243.63,243.55,243.63,107842
20,243.64,243.71,243.57,243.58,93420
21,243.67,243.69,243.63,243.65,68089
22,243.63,243.68,243.62,243.68,42677
23,243.49,243.64,243.45,243.64,131086
24,243.5,243.52,243.43,243.5,88269
25,243.48,243.52,243.405,243.5,56372
26,243.49,243.52,243.44,243.47,115399
27,243.5,243.52,243.42,243.495,126512
28,243.62,243.65,243.51,243.51,124821
29,243.655,243.69,243.6,243.63,93263
30,243.67,243.685,243.63,243.65,74173
31,243.81,243.975,243.66,243.67,630036
32,243.87,243.95,243.81,243.81,260766
33,243.88,243.94,243.86,243.88,151892
34,243.78,243.93,243.78,243.885,215113
35,243.66,243.78,243.62,243.78,275819
36,243.52,243.695,243.46,243.66,287281
37,243.34,243.52,243.17,243.52,809008
38,243.22,243.39,243.195,243.33,440946
39,243.21,243.41,243.195,243.21,2435976
144,243.61,243.61,243.6,243.61,92060
145,243.72,243.75,243.49,243.61,451989
146,243.68,243.785,243.67,243.73,315232
147,243.745,243.75,243.48,243.69,356487
148,243.74,243.85,243.71,243.755,335077
149,243.79,243.825,243.67,243.735,214159
150,243.5,243.79,243.5,243.785,218930
151,243.31,243.53,243.31,243.49,450766
152,243.37,243.415,243.18,243.31,320542
153,243.47,243.48,243.26,243.36,237944
154,243.56,243.56,243.4,243.46,103369
155,243.56,243.62,243.515,243.55,123182
156,243.29,243.6,243.285,243.56,147671
157,243.365,243.44,243.29,243.29,181203
158,243.41,243.425,243.32,243.365,199194
159,243.44,243.51,243.39,243.4,147682
160,243.35,243.44,243.295,243.44,118976
161,243.36,243.4,243.31,243.34,79724
162,243.36,243.42,243.34,243.35,51466
163,243.31,243.38,243.27,243.35,122338
164,243.07,243.33,242.98,243.33,325076
165,243.12,243.14,242.84,243.08,381174
166,243.11,243.23,243.09,243.12,146179
167,243.18,243.22,243.12,243.13,113183
168,243.29,243.36,243.07,243.18,216951
169,243.235,243.31,243.22,243.29,130076
170,243.34,243.36,243.2,243.24,127547
171,243.49,243.555,243.27,243.35,309099
172,243.65,243.72,243.44,243.5,339391
173,243.6,243.68,243.565,243.64,168121
174,243.59,243.65,243.52,243.595,191374
175,243.65,243.71,243.59,243.6,155887
176,243.73,243.78,243.58,243.66,205921
177,243.68,243.77,243.665,243.72,137004
178,243.61,243.685,243.58,243.675,449837
179,243.61,243.61,243.555,243.61,229153
180,243.72,243.75,243.61,243.61,253312
181,243.64,243.77,243.62,243.72,175018
182,243.86,243.91,243.59,243.63,585335
183,243.66,243.865,243.53,243.86,3031020
288,243.81,243.81,243.79,243.8,117296
289,243.75,243.88,243.6,243.82,389272
290,243.65,244.02,243.615,243.75,396287
291,243.58,243.65,243.31,243.65,377821
292,243.62,243.79,243.58,243.58,283191
293,243.65,243.77,243.54,243.64,254669
294,243.31,243.67,243.18,243.64,623650
295,243.5,243.58,243.29,243.29,261806
296,243.6,243.63,243.45,243.51,233191
297,243.58,243.69,243.48,243.6,176885
298,243.76,243.8,243.58,243.58,240587
299,243.82,243.85,243.705,243.76,163930
300,243.7,243.9,243.68,243.84,219526
301,243.74,243.77,243.62,243.69,200314
302,243.75,243.82,243.64,243.75,138433
303,243.87,243.87,243.71,243.76,243940
304,243.94,244,243.85,243.88,214191
305,244.22,244.24,243.92,243.95,315343
306,244.07,244.33,244.06,244.22,410654
307,244.06,244.17,244.03,244.06,173326
308,244.1,244.115,244.02,244.07,89287
309,244.17,244.18,244.02,244.1,105987
310,244.06,244.185,244.04,244.16,142352
311,243.99,244.09,243.95,244.06,150446
312,243.7,243.99,243.64,243.985,279924
313,243.74,243.8,243.7,243.71,173181
314,243.91,243.92,243.72,243.75,214584
315,243.99,244,243.88,243.91,99230
316,243.86,244.02,243.84,243.98,128182
317,243.67,243.9,243.64,243.87,197207
318,243.48,243.67,243.43,243.66,366796
319,243.54,243.615,243.47,243.47,176921
320,243.29,243.56,243.24,243.55,482998
321,243.33,243.38,243.2,243.29,673892
322,243.47,243.49,243.32,243.33,288271
323,243.53,243.555,243.37,243.48,277926
324,243.63,243.66,243.52,243.53,401887
325,243.63,243.71,243.49,243.635,353555
326,243.74,243.74,243.54,243.64,460236
327,243.78,243.86,243.68,243.75,2047932
432,244.12,244.12,244.07,244.07,232640
433,244.1,244.3,244.03,244.11,650548
434,244.34,244.38,244.055,244.09,548366
435,244.47,244.59,244.22,244.34,808879
436,244.64,244.67,244.41,244.48,529367
437,244.75,244.77,244.6,244.65,629648
438,244.9,244.91,244.74,244.75,542901
439,244.86,245.01,244.83,244.9,427087
440,244.89,244.91,244.81,244.86,464177
441,244.83,244.895,244.805,244.89,178488
442,244.96,244.98,244.79,244.822,318177
443,244.89,244.98,244.87,244.97,381673
444,244.84,244.94,244.68,244.9,439872
445,244.69,244.92,244.69,244.84,324384
446,244.78,244.83,244.68,244.69,236635
447,244.69,244.84,244.68,244.79,183726
448,244.73,244.77,244.63,244.7,227901
449,244.5,244.75,244.45,244.73,590335
450,244.32,244.52,244.18,244.5,503807
451,244.08,244.35,243.95,244.32,629555
452,244.2,244.24,244.03,244.085,333442
453,244.27,244.36,244.17,244.195,321149
454,244.12,244.38,244.07,244.27,324512
455,243.9,244.11,243.75,244.11,925901
456,244.05,244.06,243.86,243.9,339527
457,243.68,244.05,243.61,244.05,601424
458,243.51,243.76,243.505,243.68,644152
459,243.27,243.66,243.27,243.52,1042173
460,243.45,243.66,243.26,243.26,802524
461,243.6,243.68,243.35,243.46,710866
462,243.42,243.75,243.42,243.59,669062
463,243.08,243.54,242.93,243.42,1264541
464,242.05,243.1,242.05,243.08,2120758
465,242.46,242.64,241.95,242.04,1815866
466,242.95,243.09,242.44,242.46,1216666
467,243.24,243.31,242.82,242.95,941388
468,243.48,243.54,243.11,243.23,957792
469,243.06,243.49,242.98,243.48,906035
470,243.14,243.14,242.74,243.05,1478393
471,243.41,243.59,243.12,243.14,4410928
864,243.13,243.13,243.09,243.09,220772
865,243.02,243.42,243.01,243.14,900600
866,242.8,243.13,242.75,243.02,861818
867,242.63,242.82,242.47,242.8,1030847
868,242.58,242.78,242.38,242.61,1236018
869,242.97,242.97,242.58,242.58,812504
870,242.81,243,242.8,242.96,387541
871,242.77,242.83,242.58,242.805,410764
872,242.91,243.055,242.71,242.77,466368
873,243.07,243.13,242.85,242.91,350542
874,243,243.17,243,243.08,212878
875,243.16,243.24,242.99,242.99,238548
876,243.07,243.175,243.01,243.17,309972
877,242.94,243.2,242.92,243.075,395520
878,242.91,243.035,242.875,242.94,257990
879,242.95,242.95,242.79,242.905,210808
880,242.71,242.99,242.68,242.95,228099
881,242.9,242.9,242.7,242.72,135509
882,242.69,242.96,242.64,242.9,292956
883,242.82,242.84,242.68,242.69,131675
884,242.66,242.85,242.625,242.82,176232
885,242.49,242.67,242.475,242.665,321431
886,242.63,242.66,242.45,242.49,292472
887,242.77,242.8,242.57,242.63,322288
888,242.85,242.86,242.755,242.77,228209
889,242.72,242.93,242.705,242.855,183531
890,242.73,242.81,242.7,242.73,163020
891,242.51,242.75,242.51,242.72,196075
892,242.68,242.74,242.49,242.5,198266
893,242.77,242.855,242.665,242.69,214853
894,242.7,242.84,242.65,242.76,158054
895,242.94,242.98,242.64,242.7,205530
896,242.96,243.06,242.905,242.95,269315
897,242.96,243,242.89,242.97,137093
898,243.07,243.1,242.85,242.95,348354
899,243.06,243.12,243,243.07,285205
900,242.87,243.15,242.81,243.065,262938
901,243.02,243.1,242.82,242.86,354878
902,242.95,243.08,242.88,243.01,525273
903,243.36,243.39,242.95,242.95,2416808
a1497360600,243.98,243.98,243.975,243.98,215278
1,244.08,244.09,243.94,243.98,761371
2,244.15,244.27,244.08,244.08,533813
3,244.06,244.16,243.95,244.15,381886
4,243.95,244.06,243.9,244.05,431438
5,243.925,244.1,243.87,243.95,399114
6,244.06,244.06,243.88,243.92,176290
7,244.14,244.16,244.05,244.06,210444
8,244,244.15,243.85,244.14,264668
9,243.66,244,243.66,244,481174
10,243.84,243.87,243.58,243.66,588881
11,243.94,243.96,243.83,243.83,159490
12,243.96,243.98,243.9,243.94,161988
13,243.95,243.98,243.89,243.96,164976
14,244.12,244.21,243.94,243.95,407573
15,244.14,244.17,244.08,244.11,213300
16,244.09,244.19,244.06,244.14,188836
17,244.14,244.18,244.08,244.08,193494
18,244.09,244.18,244.06,244.14,157638
19,244.22,244.225,244.07,244.09,185533
20,244.32,244.36,244.2,244.21,471361
21,244.355,244.37,244.26,244.32,150406
22,244.3,244.36,244.26,244.35,122499
23,244.38,244.44,244.3,244.3,199386
24,244.42,244.42,244.35,244.38,117332
25,244.38,244.43,244.325,244.42,145272
26,244.21,244.37,244.15,244.37,217935
27,244.31,244.35,244.19,244.21,124183
28,244.49,244.525,244.29,244.31,315443
29,244.41,244.5,244.36,244.48,200382
30,244.36,244.46,244.32,244.41,151355
31,244.44,244.45,244.28,244.36,221955
32,244.38,244.44,244.36,244.43,149058
33,244.31,244.43,244.25,244.38,171643
34,244.35,244.37,244.285,244.3,310298
35,244.37,244.39,244.32,244.35,301658
36,244.58,244.58,244.37,244.37,348605
37,244.51,244.6,244.48,244.57,288892
38,244.48,244.53,244.41,244.515,517225
39,244.55,244.55,244.23,244.47,3054288
144,244.85,244.87,244.84,244.86,197193
145,244.39,244.845,244.31,244.845,594059
146,244.56,244.6,244.39,244.39,353956
147,244.56,244.69,244.47,244.56,349510
148,244.47,244.64,244.41,244.57,291133
149,244.45,244.54,244.25,244.47,420362
150,244.365,244.47,244.29,244.45,180718
151,244.35,244.44,244.17,244.38,327864
152,244.24,244.35,244.12,244.35,283957
153,244.14,244.35,243.97,244.25,328670
154,244.17,244.19,244.05,244.15,296826
155,244.29,244.36,244.12,244.16,237551
156,244.29,244.36,244.205,244.29,164979
157,244.17,244.33,244.17,244.29,181929
158,244.26,244.31,244.09,244.17,107102
159,244.33,244.35,244.23,244.25,166098
160,244.24,244.37,244.23,244.33,103158
161,244.21,244.27,244.13,244.25,149605
162,244.27,244.29,244.18,244.22,201649
163,244.39,244.39,244.26,244.27,95670
164,244.4,244.47,244.37,244.4,112182
165,244.32,244.41,244.29,244.4,119675
166,244.39,244.51,244.3,244.33,138380
167,244.32,244.43,244.3,244.39,126075
168,244.33,244.38,244.3,244.33,156735
169,244.32,244.38,244.21,244.33,188047
170,244.37,244.38,244.29,244.32,137348
171,244.31,244.4,244.28,244.37,157202
172,244.53,244.78,244.1,244.34,442810
173,244.19,244.68,244.1,244.55,559728
174,244.43,244.47,244.13,244.19,285502
175,244.26,244.54,244.12,244.42,552310
176,243.7,244.32,243.56,244.27,1564489
177,243.71,243.97,243.65,243.69,608035
178,243.65,243.87,243.59,243.72,464136
179,243.65,243.67,243.29,243.64,800836
180,243.82,243.88,243.51,243.65,631085
181,244.1,244.115,243.64,243.81,946749
182,244.25,244.255,243.95,244.11,682803
183,244.24,244.41,244.1,244.26,2382376
288,242.71,242.71,242.69,242.69,161562
289,243.04,243.08,242.61,242.74,602256
290,242.6,243.13,242.53,243.03,649037
291,243,243.01,242.58,242.6,547457
292,242.83,243.22,242.71,243,419135
293,242.66,242.86,242.57,242.83,318040
294,242.61,242.65,242.37,242.65,470844
295,242.78,242.85,242.57,242.62,346654
296,242.76,242.78,242.65,242.78,302809
297,242.97,242.99,242.58,242.77,415738
298,242.98,243.15,242.925,242.98,333459
299,243.18,243.2,242.97,242.975,255110
300,243.46,243.465,243.16,243.19,506976
301,243.34,243.54,243.32,243.46,551464
302,243.31,243.42,243.27,243.34,184544
303,243.18,243.34,243.17,243.3,279321
304,243.17,243.22,243.13,243.19,161263
305,243.2,243.28,243.09,243.18,120498
306,243.11,243.2,243.05,243.2,210653
307,243.15,243.17,243.07,243.11,98596
308,243.28,243.41,243.09,243.14,247562
309,243.41,243.43,243.25,243.28,151675
310,243.42,243.52,243.37,243.41,265626
311,243.43,243.62,243.41,243.42,312713
312,243.32,243.465,243.28,243.43,204677
313,243.47,243.5,243.33,243.33,135946
314,243.3,243.475,243.21,243.47,119398
315,243.33,243.41,243.28,243.3,253333
316,243.47,243.47,243.26,243.325,141983
317,243.48,243.52,243.4,243.47,106599
318,243.605,243.765,243.48,243.49,362791
319,243.57,243.67,243.53,243.6,210467
320,243.71,243.75,243.57,243.57,158079
321,243.63,243.74,243.57,243.71,415367
322,243.83,243.85,243.6,243.63,409431
323,243.81,243.87,243.71,243.82,231446
324,243.835,243.91,243.8,243.8,356411
325,243.55,243.88,243.54,243.84,460016
326,243.6,243.64,243.42,243.55,866072
327,243.77,243.81,243.53,243.61,2383706
432,242.79,242.83,242.78,242.83,276686
433,242.26,242.79,242.17,242.79,873539
434,242.13,242.3,241.78,242.26,914460
435,242.16,242.23,242.03,242.14,411785
436,242.19,242.22,241.895,242.17,515918
437,241.96,242.24,241.96,242.19,317754
438,241.89,242.05,241.75,241.96,324357
439,241.92,241.97,241.8,241.89,171796
440,241.93,242.08,241.88,241.91,334881
441,241.84,241.95,241.64,241.93,400452
442,241.79,241.89,241.78,241.84,147575
443,242.01,242.02,241.72,241.79,256229
444,242.03,242.03,241.91,242.01,182894
445,242.19,242.2,241.97,242.02,299978
446,242.1,242.225,242.1,242.185,217023
447,242.28,242.28,242.09,242.1,165129
448,242.35,242.41,242.28,242.3,275573
449,242.35,242.38,242.29,242.36,102565
450,242.38,242.39,242.32,242.36,123389
451,242.37,242.435,242.35,242.38,237738
452,242.32,242.39,242.31,242.38,63624
453,242.265,242.37,242.24,242.325,116518
454,242.35,242.365,242.25,242.26,100384
455,242.2,242.35,242.11,242.345,195744
456,242.24,242.265,242.19,242.19,120304
457,242.24,242.27,242.12,242.23,96327
458,242.245,242.29,242.22,242.26,86229
459,242.33,242.33,242.18,242.24,108506
460,242.37,242.37,242.27,242.33,145553
461,242.32,242.375,242.28,242.37,86133
462,242.32,242.43,242.315,242.32,178689
463,242.29,242.425,242.265,242.32,195159
464,242.36,242.36,242.265,242.285,158378
465,242.43,242.51,242.355,242.355,345353
466,242.4,242.52,242.39,242.44,259278
467,242.31,242.43,242.2,242.4,331609
468,242.315,242.37,242.265,242.315,195367
469,242.4,242.4,242.24,242.31,399791
470,242.41,242.45,242.33,242.4,665845
471,242.64,242.68,242.41,242.42,3934480
864,243.64,243.64,243.61,243.61,251956
865,243.81,243.83,243.48,243.64,670671
866,243.89,243.89,243.73,243.82,628168
867,243.89,243.9,243.79,243.89,347474
868,244.28,244.37,243.86,243.89,802725
869,244.26,244.355,244.205,244.28,303599
870,244.36,244.39,244.24,244.26,265368
871,244.33,244.58,244.27,244.36,598863
872,244.32,244.34,244.25,244.33,308260
873,244.195,244.32,244.19,244.32,272050
874,244.24,244.26,244.16,244.19,358375
875,244.21,244.3,244.18,244.24,189632
876,244.16,244.24,244.07,244.21,293382
877,244.24,244.24,244.16,244.17,144862
878,244.29,244.31,244.2,244.25,183567
879,244.29,244.34,244.245,244.29,148830
880,244.33,244.37,244.29,244.29,91661
881,244.43,244.44,244.305,244.34,214858
882,244.42,244.46,244.42,244.425,74782
883,244.36,244.43,244.29,244.43,221519
884,244.41,244.42,244.33,244.36,119208
885,244.43,244.46,244.4,244.4,105962
886,244.49,244.51,244.43,244.43,144448
887,244.48,244.52,244.48,244.5,121419
888,244.52,244.53,244.47,244.49,84802
889,244.53,244.66,244.52,244.52,318373
890,244.49,244.55,244.47,244.53,162152
891,244.43,244.51,244.42,244.5,202198
892,244.41,244.45,244.33,244.43,290447
893,244.38,244.44,244.34,244.41,168343
894,244.285,244.39,244.23,244.38,393590
895,244.27,244.34,244.265,244.285,279534
896,244.25,244.38,244.25,244.28,206798
897,244.24,244.26,244.155,244.26,410511
898,244.33,244.335,244.23,244.24,213415
899,244.42,244.42,244.28,244.33,192245
900,244.42,244.425,244.38,244.415,210222
901,244.5,244.505,244.37,244.42,229605
902,244.63,244.63,244.45,244.495,497427
903,244.66,244.725,244.51,244.635,2668296
a1497965400,244.24,244.26,244.23,244.23,159537
1,244.15,244.24,244.035,244.24,497743
2,243.965,244.26,243.92,244.15,405472
3,243.84,244.03,243.84,243.97,262748
4,243.95,243.985,243.75,243.83,446338
5,244.05,244.1,243.89,243.95,273076
6,243.87,244.07,243.865,244.05,162161
7,243.92,243.975,243.84,243.865,234396
8,244.12,244.12,243.93,243.93,250237
9,244.06,244.14,244.01,244.115,142960
10,243.98,244.08,243.95,244.07,160882
11,243.88,243.985,243.82,243.985,194464
12,243.78,243.9,243.73,243.89,197850
13,243.74,243.86,243.71,243.775,173887
14,243.89,243.89,243.71,243.75,172944
15,243.73,243.91,243.73,243.88,105236
16,243.815,243.85,243.71,243.735,93732
17,243.7,243.825,243.655,243.815,231230
18,243.44,243.725,243.36,243.7,424289
19,243.49,243.56,243.42,243.425,261972
20,243.5,243.58,243.46,243.49,289851
21,243.77,243.795,243.465,243.495,290123
22,243.78,243.84,243.74,243.775,161507
23,243.705,243.78,243.69,243.78,155598
24,243.68,243.85,243.64,243.71,300866
25,243.7,243.74,243.65,243.68,127782
26,243.69,243.72,243.63,243.705,91584
27,243.7,243.715,243.64,243.685,107563
28,243.73,243.8,243.71,243.71,119317
29,243.62,243.74,243.59,243.74,266594
30,243.48,243.64,243.45,243.62,245660
31,243.45,243.58,243.36,243.48,289981
32,243.4,243.49,243.355,243.44,126148
33,243.52,243.58,243.39,243.39,120721
34,243.49,243.64,243.47,243.52,164886
35,243.57,243.72,243.47,243.49,261037
36,243.51,243.6,243.39,243.57,192456
37,243.37,243.5,243.23,243.5,459240
38,243.03,243.38,242.99,243.36,868701
39,243.01,243.145,243.01,243.03,4045324
144,243.4,243.46,243.4,243.46,140831
145,243.25,243.41,243.12,243.4,792500
146,243.22,243.34,243.1,243.25,456256
147,243.1,243.32,243.06,243.21,484566
148,243.245,243.3,243.1,243.1,301363
149,243.09,243.25,243.06,243.235,422711
150,243.24,243.25,243.08,243.08,390874
151,243.31,243.395,243.17,243.25,580968
152,243.44,243.585,243.32,243.32,542401
153,243.225,243.54,243.225,243.435,163510
154,242.93,243.23,242.885,243.22,497530
155,242.73,242.925,242.66,242.925,620696
156,242.85,242.85,242.72,242.72,356955
157,242.87,242.94,242.81,242.85,206129
158,243.11,243.17,242.89,242.89,343529
159,243.18,243.195,243.06,243.115,186944
160,243.13,243.18,243.03,243.18,100018
161,242.96,243.15,242.93,243.12,107737
162,243.09,243.11,242.95,242.95,121998
163,242.96,243.17,242.93,243.08,123594
164,242.85,242.99,242.79,242.95,167996
165,242.67,242.92,242.66,242.83,108738
166,242.76,242.77,242.67,242.68,87933
167,242.8,242.82,242.64,242.75,130638
168,242.76,242.86,242.74,242.81,104333
169,242.76,242.87,242.74,242.77,89165
170,242.64,242.79,242.62,242.77,103725
171,242.56,242.68,242.41,242.64,289368
172,242.58,242.63,242.44,242.55,116271
173,242.69,242.77,242.57,242.58,134720
174,242.58,242.72,242.57,242.69,144162
175,242.95,243,242.57,242.57,209194
176,242.99,243.025,242.91,242.95,360498
177,242.95,243.06,242.94,243,166959
178,242.93,243.01,242.82,242.945,399922
179,242.96,242.97,242.86,242.93,203472
180,242.94,242.99,242.84,242.97,187006
181,242.7,242.94,242.7,242.935,364284
182,242.95,242.99,242.68,242.7,418713
183,242.95,243.04,242.79,242.95,2690049
288,242.97,242.97,242.95,242.96,154004
289,242.67,243.03,242.64,242.97,699267
290,242.86,242.93,242.69,242.69,480913
291,242.91,243,242.81,242.85,297570
292,242.8,242.92,242.71,242.92,323196
293,242.9,242.99,242.73,242.8,229937
294,242.83,242.92,242.72,242.92,176268
295,242.79,242.82,242.66,242.82,258809
296,243.13,243.16,242.76,242.79,417347
297,243.18,243.25,243.1,243.15,245484
298,243.32,243.41,243.16,243.18,274868
299,243.3,243.42,243.25,243.32,200886
300,243.44,243.465,243.26,243.3,233636
301,243.32,243.44,243.29,243.44,181596
302,243.3,243.35,243.2,243.33,204539
303,243.37,243.37,243.26,243.31,125528
304,243.16,243.405,243.16,243.365,268787
305,243.2,243.25,243.17,243.18,160487
306,243.29,243.29,243.16,243.2,91841
307,243.31,243.37,243.24,243.28,89488
308,243.42,243.44,243.29,243.31,89757
309,243.41,243.505,243.36,243.42,186896
310,243.495,243.52,243.4,243.41,90795
311,243.4,243.51,243.35,243.51,150589
312,243.43,243.43,243.3,243.4,125996
313,243.35,243.44,243.35,243.425,82674
314,243.42,243.42,243.34,243.36,78472
315,243.4,243.445,243.385,243.425,87848
316,243.41,243.47,243.38,243.4,68601
317,243.35,243.43,243.34,243.41,133691
318,243.32,243.37,243.27,243.35,168520
319,243.29,243.32,243.24,243.31,60383
320,243.33,243.36,243.26,243.29,178259
321,243.38,243.39,243.265,243.33,99797
322,243.42,243.46,243.31,243.38,203307
323,243.35,243.43,243.32,243.42,146016
324,243.29,243.4,243.27,243.36,106192
325,243.04,243.295,243.04,243.29,416123
326,242.89,243.08,242.89,243.04,748619
327,242.84,242.93,242.8,242.88,1768166
432,242.915,242.915,242.88,242.88,194808
433,242.655,242.93,242.62,242.92,540890
434,242.64,242.77,242.47,242.65,628727
435,242.79,242.81,242.54,242.63,449133
436,242.87,242.89,242.74,242.79,310077
437,242.8,242.92,242.75,242.86,227699
438,242.94,242.99,242.76,242.8,161657
439,243.2,243.23,242.94,242.96,305626
440,243.29,243.35,243.18,243.2,190492
441,243.24,243.38,243.22,243.29,166178
442,243.28,243.34,243.235,243.24,122054
443,243.21,243.3,243.175,243.28,86963
444,243.29,243.31,243.2,243.2,78454
445,243.21,243.29,243.175,243.29,73482
446,243.23,243.23,243.19,243.21,78204
447,243.29,243.34,243.19,243.22,163336
448,243.26,243.345,243.26,243.29,107958
449,243.28,243.325,243.26,243.265,108891
450,243.39,243.405,243.28,243.28,169349
451,243.39,243.48,243.375,243.395,126985
452,243.41,243.45,243.385,243.39,73516
453,243.31,243.42,243.3,243.41,132719
454,243.23,243.34,243.22,243.31,110704
455,243.32,243.32,243.23,243.23,93119
456,243.33,243.34,243.25,243.32,105817
457,243.39,243.43,243.34,243.34,111431
458,243.4,243.41,243.36,243.4,54730
459,243.405,243.51,243.39,243.4,177840
460,243.39,243.42,243.34,243.41,95745
461,243.32,243.4,243.31,243.39,197955
462,243.25,243.36,243.23,243.32,196004
463,243.21,243.32,243.18,243.24,125092
464,243.16,243.22,243.1,243.21,171830
465,243.11,243.22,243.1,243.16,548967
466,242.915,243.12,242.83,243.11,583373
467,242.95,242.99,242.85,242.91,447000
468,242.75,242.97,242.71,242.95,889460
469,242.78,242.93,242.72,242.74,491563
470,243.11,243.17,242.775,242.78,1477648
471,243.13,243.32,243.05,243.115,5968805
864,243.94,243.94,243.93,243.93,149698
865,244.05,244.09,243.87,243.935,562287
866,244.16,244.29,244.06,244.07,558367
867,244.36,244.38,244.16,244.17,365202
868,244.2,244.37,244.12,244.37,303405
869,244.06,244.21,244,244.21,275711
870,244.17,244.185,244,244.05,156480
871,243.62,244.18,243.615,244.17,459738
872,243.42,243.62,243.33,243.62,712152
873,243.46,243.5,243.23,243.4,526273
874,243.26,243.47,243.05,243.45,783561
875,243.33,243.395,243.16,243.255,406669
876,243.4,243.47,243.22,243.34,352092
877,243.33,243.4,243.18,243.4,273770
878,243.57,243.61,243.33,243.33,267608
879,243.66,243.675,243.51,243.58,256408
880,243.61,243.71,243.55,243.66,216821
881,243.51,243.615,243.48,243.615,126458
882,243.48,243.56,243.47,243.5,143139
883,243.7,243.7,243.48,243.48,193450
884,243.65,243.76,243.65,243.7,241255
885,243.71,243.79,243.655,243.655,155002
886,243.73,243.735,243.64,243.72,140269
887,243.52,243.72,243.51,243.72,162901
888,243.59,243.62,243.53,243.53,107875
889,243.65,243.65,243.58,243.58,83675
890,243.51,243.64,243.49,243.64,124921
891,243.57,243.63,243.49,243.5,90778
892,243.52,243.62,243.5,243.56,137014
893,243.48,243.55,243.41,243.54,162365
894,243.52,243.52,243.38,243.48,110677
895,243.56,243.57,243.44,243.52,135485
896,243.59,243.63,243.54,243.55,162472
897,243.62,243.635,243.51,243.59,160526
898,243.62,243.64,243.42,243.62,242955
899,243.62,243.7,243.58,243.62,146211
900,243.51,243.63,243.43,243.63,192218
901,243.51,243.58,243.43,243.515,165996
902,243.45,243.535,243.35,243.5,414035
903,243.29,243.51,243.17,243.45,3269006
a1498570200,243.05,243.05,243.01,243.01,122707
1,242.66,243.06,242.65,243.05,726210
2,242.75,242.82,242.6,242.66,544180
3,242.82,242.89,242.71,242.74,312607
4,242.87,243,242.79,242.82,470278
5,242.91,242.96,242.82,242.87,258738
6,242.78,243.11,242.78,242.91,470359
7,243.09,243.11,242.79,242.79,267612
8,243.26,243.33,243.09,243.09,554832
9,243.23,243.29,243.18,243.26,181091
10,243.28,243.38,243.2,243.22,238966
11,243.21,243.31,243.2,243.28,196915
12,243.18,243.3,243.14,243.21,203571
13,243.29,243.29,243.15,243.18,116014
14,243.35,243.36,243.28,243.3,79446
15,243.21,243.36,243.14,243.35,187234
16,243.26,243.265,243.14,243.22,199116
17,243.08,243.26,243.07,243.26,92021
18,243.11,243.18,243.08,243.08,109860
19,242.82,243.13,242.81,243.11,365475
20,242.82,242.88,242.78,242.81,208774
21,242.76,242.86,242.68,242.8,231802
22,242.58,242.79,242.58,242.765,239516
23,242.74,242.74,242.51,242.58,301334
24,242.67,242.79,242.635,242.74,214170
25,242.05,242.71,242.002,242.66,661665
26,242.015,242.2,241.77,242.04,735074
27,242.14,242.23,242.01,242.015,482174
28,241.89,242.17,241.8,242.14,461392
29,242.09,242.11,241.72,241.89,594037
30,242.29,242.34,241.93,242.09,492291
31,242.21,242.4,242.19,242.27,302830
32,242.24,242.35,242.11,242.21,312218
33,242.16,242.325,242.13,242.23,196958
34,241.985,242.245,241.91,242.16,314869
35,242.07,242.19,241.975,241.98,343676
36,241.94,242.12,241.85,242.08,451639
37,241.81,241.98,241.725,241.94,562458
38,241.71,241.895,241.69,241.805,531801
39,241.33,241.71,241.31,241.7,3371916
144,242.53,242.53,242.505,242.51,133941
145,242.41,242.7,242.39,242.53,802687
146,242.42,242.51,242.32,242.4,363451
147,242.33,242.44,242.24,242.42,444518
148,242.79,242.88,242.31,242.31,654378
149,242.79,242.83,242.655,242.785,399800
150,242.67,242.85,242.59,242.795,306792
151,242.84,242.97,242.62,242.68,533163
152,243.105,243.22,242.81,242.835,562230
153,243.12,243.29,243.1,243.105,273824
154,243.09,243.24,243.06,243.12,325444
155,243.13,243.23,243.07,243.09,187555
156,243.16,243.22,243.1,243.14,209647
157,243.24,243.25,243.095,243.17,197957
158,243.23,243.26,243.16,243.245,177743
159,243.3,243.48,243.235,243.24,518855
160,243.3,243.34,243.25,243.3,166372
161,243.36,243.415,243.29,243.3,249144
162,243.28,243.39,243.23,243.37,148335
163,243.43,243.44,243.25,243.285,108476
164,243.51,243.56,243.4,243.435,271092
165,243.51,243.53,243.45,243.52,130094
166,243.47,243.62,243.465,243.515,200709
167,243.56,243.57,243.445,243.47,80829
168,243.65,243.65,243.56,243.56,114153
169,243.67,243.71,243.555,243.65,241561
170,243.65,243.69,243.58,243.66,217404
171,243.59,243.69,243.575,243.65,145933
172,243.61,243.645,243.51,243.595,253825
173,243.575,243.62,243.53,243.61,142733
174,243.39,243.575,243.355,243.57,293438
175,243.46,243.47,243.35,243.39,136139
176,243.52,243.525,243.435,243.46,100670
177,243.49,243.525,243.445,243.52,84891
178,243.6,243.63,243.46,243.49,305354
179,243.58,243.6,243.52,243.59,212633
180,243.64,243.665,243.5,243.58,231549
181,243.525,243.71,243.52,243.63,352127
182,243.53,243.575,243.46,243.52,412431
183,243.49,243.63,243.33,243.53,3102804
288,243.68,243.68,243.62,243.62,210109
289,243.35,243.715,243.24,243.69,822581
290,243.03,243.365,242.77,243.34,1014326
291,242.93,243.13,242.9,243.02,367598
292,242.82,243,242.6,242.92,504241
293,242.53,242.82,242.33,242.82,848931
294,242.71,242.76,242.31,242.52,563230
295,242.65,242.72,242.515,242.72,462955
296,242.95,243.03,242.57,242.64,416040
297,242.67,242.945,242.64,242.945,174027
298,242.39,242.71,242.37,242.66,341655
299,242.09,242.38,242.06,242.38,513592
300,241.89,242.18,241.76,242.09,533916
301,241.71,241.9,241.31,241.89,885597
302,241.75,241.89,241.43,241.72,559338
303,241.36,241.74,241.32,241.74,361949
304,241.63,241.65,241.09,241.37,660067
305,241.56,241.78,241.48,241.625,354820
306,241.435,241.61,241.32,241.56,316776
307,241.33,241.55,241.26,241.43,313654
308,241.22,241.49,241.21,241.34,455307
309,241.04,241.34,240.98,241.22,422792
310,240.95,241.29,240.8,241.06,459474
311,240.69,240.95,240.555,240.94,549424
312,240.13,240.69,239.96,240.69,872571
313,240.8,240.87,240.12,240.12,1069887
314,240.82,240.92,240.66,240.81,441782
315,240.85,241.01,240.73,240.8,551128
316,240.98,241.11,240.58,240.87,557753
317,241.15,241.31,240.93,240.975,496252
318,241.48,241.51,241.12,241.15,330737
319,241.405,241.51,241.25,241.48,272583
320,241.26,241.59,241.24,241.41,278411
321,241.425,241.485,241.19,241.26,342633
322,241.61,241.76,241.42,241.43,350848
323,241.87,241.89,241.4,241.6,493575
324,241.49,241.89,241.33,241.87,446283
325,241.92,241.98,241.49,241.49,342786
326,241.47,241.91,241.43,241.91,449299
327,241.35,241.63,241.35,241.48,3794976
432,242.34,242.34,242.3,242.3,193681
433,242.395,242.47,242.2,242.35,974044
434,242.49,242.54,242.21,242.385,620974
435,242.09,242.55,242.07,242.48,539550
436,241.88,242.12,241.77,242.09,594718
437,241.78,241.89,241.58,241.88,543635
438,241.92,242,241.76,241.78,256606
439,241.76,242.02,241.76,241.92,309735
440,241.65,241.89,241.64,241.76,239840
441,241.89,241.915,241.58,241.655,395604
442,242,242,241.86,241.9,96952
443,241.79,241.995,241.76,241.99,234398
444,241.69,241.935,241.63,241.79,218381
445,241.86,241.86,241.59,241.69,296654
446,241.94,241.945,241.78,241.87,202736
447,242.06,242.14,241.93,241.94,221593
448,242.09,242.1,241.995,242.065,217529
449,242.07,242.155,242.01,242.09,177338
450,242.02,242.085,241.97,242.085,240715
451,242,242.1,241.99,242.025,105714
452,241.86,242.07,241.84,242.01,195093
453,241.95,241.95,241.84,241.87,158639
454,242.06,242.065,241.93,241.945,108210
455,242.09,242.11,242.04,242.06,111014
456,242.17,242.18,242.03,242.09,106981
457,242.18,242.19,242.05,242.17,154234
458,242.19,242.19,242.12,242.165,68818
459,242.1,242.19,242.07,242.19,187489
460,242.17,242.19,242.025,242.09,269373
461,242.26,242.27,242.15,242.17,201867
462,242.29,242.36,242.22,242.26,209034
463,242.345,242.39,242.28,242.295,222194
464,242.44,242.465,242.275,242.35,257567
465,242.51,242.54,242.42,242.44,352766
466,242.47,242.53,242.44,242.51,193643
467,242.39,242.48,242.32,242.475,284967
468,242.48,242.54,242.37,242.38,246897
469,242.33,242.49,242.29,242.47,377624
470,242.61,242.71,242.34,242.34,786290
471,241.8,242.62,241.74,242.62,4854191
864,242.91,242.91,242.88,242.9,229301
865,243.03,243.11,242.88,242.91,650711
866,243.15,243.175,242.98,243.03,652680
867,243.21,243.28,243.04,243.15,264066
868,243.25,243.27,243.07,243.21,463038
869,243.22,243.37,243.19,243.255,284854
870,243.02,243.255,242.945,243.215,449468
871,243.135,243.14,243.02,243.025,180224
872,243.295,243.3,243.1,243.135,178807
873,243.2,243.32,243.19,243.28,340315
874,243.12,243.25,242.99,243.2,392853
875,243.07,243.23,243.05,243.12,212024
876,243.15,243.18,243.02,243.06,174304
877,243.13,243.22,243.05,243.15,97378
878,243.175,243.185,243.09,243.13,118702
879,243.13,243.18,243.06,243.18,158815
880,242.66,243.13,242.61,243.13,565219
881,242.56,242.67,242.42,242.67,492794
882,242.7,242.705,242.5,242.56,238853
883,242.6,242.7,242.505,242.69,328657
884,242.63,242.67,242.58,242.59,244104
885,242.21,242.82,242.21,242.64,2657599
