EXCHANGE%3DNASDAQ
MARKET_OPEN_MINUTE=570
MARKET_CLOSE_MINUTE=960
INTERVAL=600
COLUMNS=DATE,CLOSE,HIGH,LOW,OPEN,VOLUME
DATA=
TIMEZONE_OFFSET=-240
a1493128200,23.45,23.45,23.4,23.449,2500
2,23.4142,23.45,23.4142,23.45,264
4,23.3,23.3,23.3,23.3,100
8,23.3,23.3,23.3,23.3,126
37,23.25,23.25,23.2,23.2348,500
146,23.2668,23.2668,23.2668,23.2668,100
150,23.25,23.25,23.25,23.25,348
151,23.25,23.25,23.25,23.25,7500
157,23.25,23.25,23.25,23.25,200
286,23.15,23.15,23.15,23.15,110
289,23.1488,23.1488,23.1488,23.1488,140
291,23.2308,23.249,23.2308,23.249,1500
296,23.1,23.1,23.1,23.1,100
297,23.2,23.25,23.2,23.25,500
298,23.2,23.201,23.2,23.201,200
300,23.25,23.25,23.25,23.25,626
325,23.325,23.325,23.25,23.25,400
437,23.45,23.45,23.45,23.45,428
448,23.3,23.3,23.3,23.3,400
464,23.3,23.3,23.3,23.3,100
469,23.3,23.3,23.3,23.3,100
865,23.245,23.245,23.245,23.245,343
867,23.3642,23.399,23.3152,23.35,1100
871,23.25,23.25,23.25,23.25,100
874,23.2912,23.2912,23.2912,23.2912,100
883,23.2,23.2,23.2,23.2,100
884,23.3,23.3,23.3,23.3,100
890,23.3554,23.3554,23.3554,23.3554,100
892,23.5,23.5,23.45,23.45,9012
895,23.5,23.5,23.5,23.5,100
898,23.3508,23.5,23.35,23.5,3900
901,23.5,23.5,23.495,23.5,800
a1493731800,23.35,23.35,23.35,23.35,400
3,23.5,23.5,23.5,23.5,484
4,23.4,23.4,23.4,23.4,100
18,23.4071,23.4071,23.4071,23.4071,200
25,23.4,23.4,23.4,23.4,100
27,23.4,23.4,23.4,23.4,150
30,23.4,23.4,23.4,23.4,100
145,23.6,23.6,23.45,23.45,800
151,23.576,23.576,23.45,23.45,200
152,23.4508,23.453,23.4508,23.453,200
155,23.45,23.45,23.45,23.45,1000
156,23.45,23.45,23.45,23.45,2115
159,23.4507,23.4515,23.45,23.4515,1100
169,23.6,23.6,23.6,23.6,100
174,23.55,23.55,23.55,23.55,1000
175,23.65,23.65,23.5804,23.6,1864
176,23.65,23.65,23.512,23.512,300
181,23.65,23.65,23.65,23.65,100
183,23.65,23.65,23.65,23.65,100
304,23.4465,23.4465,23.4465,23.4465,200
313,23.4,23.4,23.4,23.4,100
317,23.55,23.55,23.55,23.55,400
322,23.4011,23.41,23.4,23.41,600
324,23.4,23.4,23.4,23.4,100
326,23.4,23.4,23.4,23.4,100
443,23.4,23.4,23.4,23.4,200
458,23.4,23.4,23.4,23.4,515
464,23.431,23.431,23.431,23.431,200
468,23.4,23.401,23.4,23.4,2644
469,23.4,23.4,23.4,23.4,300
471,23.4465,23.4465,23.4,23.4,700
864,23.45,23.45,23.45,23.45,200
865,23.4,23.4465,23.4,23.4465,207
866,23.4,23.424,23.4,23.424,2300
869,23.4,23.4213,23.4,23.4,880
878,23.4035,23.4035,23.4035,23.4035,107
881,23.4,23.4,23.4,23.4,200
891,23.45,23.45,23.425,23.425,1000
892,23.65,23.65,23.4,23.55,4219
903,23.525,23.65,23.45,23.45,400
a1494336600,23.7,23.7,23.7,23.7,120
3,23.8725,24,23.8725,23.9999,930
6,23.85,23.85,23.85,23.85,400
9,23.85,23.85,23.85,23.85,100
12,23.7,23.75,23.7,23.75,300
14,23.8,23.85,23.8,23.85,500
15,23.8,23.8,23.8,23.8,100
16,23.65,23.65,23.65,23.65,100
19,23.75,23.759,23.75,23.759,300
24,23.791,23.791,23.791,23.791,500
27,23.8,23.85,23.75,23.8,1300
32,23.8155,23.8155,23.8008,23.8035,552
33,23.8501,23.8501,23.85,23.85,400
34,23.7485,23.8,23.6,23.8,1472
35,23.7499,23.75,23.6718,23.6718,700
37,23.7125,23.7125,23.7125,23.7125,1000
39,23.6,23.6,23.6,23.6,100
144,22.75,22.75,22.75,22.75,600
145,22.75,23.19,22.75,22.75,1552
146,22.7501,22.7842,22.75,22.7842,760
148,22.1629,22.5,22.1629,22.5,370
149,22.85,22.85,22.6,22.6,5648
150,22.85,22.85,22.85,22.85,115
158,22.8,22.8,22.8,22.8,125
160,23.1992,23.2,23.195,23.195,1100
166,23.2,23.2,23.15,23.15,341
167,23.2,23.2,23.15,23.15,300
171,23.1,23.1,23.1,23.1,100
172,23.1357,23.1357,23.1357,23.1357,302
175,23.1,23.1,23.1,23.1,7500
179,23.1,23.1,23.1,23.1,100
182,23.1,23.1,23.1,23.1,100
183,23.1,23.1,23.1,23.1,237
291,23.35,23.35,23.35,23.35,400
302,23.22,23.22,23.22,23.22,250
303,23.2164,23.2164,23.2164,23.2164,250
305,23.0355,23.2,23.0355,23.2,340
310,23.1,23.1,23.1,23.1,1100
315,23.1,23.1,23.1,23.1,100
320,23.2,23.2,23.131,23.131,1025
323,23.09,23.09,23.09,23.09,144
325,23,23,23,23,100
437,23.1966,23.1966,23.1966,23.1966,180
451,23.2059,23.2059,23.2059,23.2059,858
456,23,23,22.9,22.9,1000
458,23.15,23.15,23.0566,23.0566,300
460,22.9,22.9,22.9,22.9,100
464,22.9,22.9,22.9,22.9,100
469,23,23,23,23,1000
470,22.9,22.9,22.9,22.9,100
471,22.9,22.9,22.9,22.9,100
870,22.95,22.95,22.95,22.95,100
873,23.0592,23.0592,23.0592,23.0592,570
874,23.2,23.2,23.2,23.2,100
875,23.35,23.35,23.35,23.35,300
878,23.01,23.01,23.01,23.01,600
879,23.3,23.3,23.3,23.3,100
880,23.3,23.3,23.3,23.3,8700
882,23.05,23.05,23.05,23.05,100
885,23.2,23.2,23.2,23.2,200
895,23.3,23.3,23.22,23.22,850
898,23.2,23.2,23,23.2,500
903,23.2,23.2,23.2,23.2,100
a1494941400,23.2,23.2,23.2,23.2,100
1,23.45,23.45,23.45,23.45,500
6,23.4,23.4,23.4,23.4,200
9,23.25,23.25,23.25,23.25,100
15,23.3,23.3,23.3,23.3,100
17,23.3741,23.3741,23.3351,23.3351,300
24,23.3887,23.3887,23.3887,23.3887,110
32,23.3855,23.3855,23.3855,23.3855,100
34,23.3,23.3,23.3,23.3,100
35,23.3,23.3,23.3,23.3,100
37,23.3,23.3,23.3,23.3,100
39,23.2,23.395,23.2,23.3,429
154,23.05,23.05,23.05,23.05,100
160,23.3644,23.3644,23.3644,23.3644,150
165,23.25,23.25,23.25,23.25,417
180,23.175,23.175,23.175,23.175,100
181,23.05,23.135,23.05,23.135,264
290,23.299,23.299,23.299,23.299,450
292,23,23,23,23,100
293,23.25,23.2682,23.25,23.2682,2000
297,23.25,23.25,23.25,23.25,699
299,23.3,23.3,23.3,23.3,200
304,23.25,23.35,23.25,23.35,256
315,23.29,23.29,23.29,23.29,100
319,23.35,23.35,23.35,23.35,2543
322,23.35,23.35,23.35,23.35,100
326,23.35,23.35,23.35,23.35,100
327,23.35,23.35,23.35,23.35,200
432,23.35,23.35,23.35,23.35,100
433,23.3,23.3,23.3,23.3,100
444,23.35,23.35,23.3082,23.3082,300
446,23.3001,23.3001,23.3,23.3,200
456,23.3017,23.3017,23.3017,23.3017,150
461,23.2825,23.2825,23.2825,23.2825,200
466,23.25,23.25,23.25,23.25,300
864,23.25,23.25,23.25,23.25,108
865,23.25,23.25,23.25,23.25,100
866,23.35,23.35,23.35,23.35,150
867,23.25,23.25,23.25,23.25,481
885,23.001,23.001,23.001,23.001,300
887,23,23,23,23,100
889,23.4,23.4,23.35,23.35,938
902,23.3,23.3,22.8853,22.8853,1175
903,23.25,23.25,23.25,23.25,100
a1495546200,22.85,22.85,22.85,22.85,264
1,22.5,22.5,22.5,22.5,400
2,22.5,22.5,22.5,22.5,100
5,23.05,23.05,22.5348,22.5348,360
6,23.05,23.05,23.05,23.05,100
7,23.077,23.077,23.051,23.051,340
12,23.3,23.3,23.3,23.3,200
31,23.3,23.3,23.3,23.3,403
38,23.3,23.3,23.3,23.3,435
149,23.0355,23.0355,23.0355,23.0355,200
151,23.2999,23.2999,23.2999,23.2999,600
180,22.64,22.64,22.64,22.64,400
183,23.3,23.3,23,23,700
290,23.023,23.023,23.023,23.023,100
291,23.144,23.144,23.144,23.144,120
292,23.023,23.023,23.023,23.023,150
293,23.1,23.114,23.1,23.114,475
305,23.25,23.25,23.25,23.25,100
322,23.2849,23.2849,23.25,23.25,633
323,23.35,23.35,23.35,23.35,600
327,23.385,23.385,23.35,23.35,220
450,23.3,23.3,23.3,23.3,300
463,23.3,23.3,23.3,23.3,500
a1496154600,23.021,23.021,23.021,23.021,400
1,23,23.112,23,23.112,400
6,23.3,23.3,23.3,23.3,1000
15,23.3,23.3,23.2628,23.2628,1600
165,23,23,23,23,100
172,23,23,23,23,300
173,23,23.023,23,23,3800
175,23.105,23.105,23.105,23.105,140
300,23.05,23.05,23.05,23.05,200
307,23.15,23.15,23.15,23.15,200
309,23.25,23.25,23.25,23.25,200
312,23.255,23.255,23.255,23.255,124
315,23.25,23.25,23.25,23.25,100
316,23.25,23.25,23.25,23.25,100
320,23.21,23.21,23.21,23.21,100
321,23.25,23.25,23.25,23.25,100
431,23.2,23.2,23.2,23.2,1100
435,23.35,23.35,23.3,23.3,600
437,23.25,23.31,23.25,23.31,400
451,23.3253,23.3253,23.3253,23.3253,100
461,23.2987,23.2987,23.2987,23.2987,360
465,23.25,23.25,23.25,23.25,300
867,23.35,23.35,23.35,23.35,100
868,23.35,23.35,23.35,23.35,3500
869,23.3195,23.3195,23.3195,23.3195,233
881,23.366,23.366,23.366,23.366,107
884,23.34,23.34,23.34,23.34,213
885,23.4,23.4,23.395,23.395,348
888,23.3999,23.3999,23.3999,23.3999,841
889,23.3998,23.3998,23.3998,23.3998,201
891,23.4,23.4,23.3989,23.3989,600
895,23.2965,23.2965,23.2965,23.2965,400
897,23.2501,23.2501,23.2501,23.2501,115
a1496758200,22.95,22.95,22.95,22.95,100
2,23,23,23,23,100
4,23.15,23.3,22.95,22.95,600
5,22.95,22.95,22.75,22.85,696
6,23.3661,23.3661,23.3661,23.3661,100
22,23.15,23.15,23.15,23.15,100
23,23.3,23.3,23.3,23.3,100
161,23.07,23.07,23.07,23.07,100
163,23.079,23.079,23.079,23.079,103
165,23.2,23.2,23.2,23.2,100
293,23,23.0001,23,23.0001,700
303,23.25,23.25,23.25,23.25,178
304,23.2,23.4,23.2,23.4,1716
323,22.9,22.9,22.75,22.75,400
434,22.8026,22.8026,22.8026,22.8026,500
435,22.9,22.9,22.9,22.9,200
437,22.9,22.9,22.9,22.9,300
443,22.5849,22.5849,22.5849,22.5849,120
444,22.9,22.9,22.9,22.9,1500
445,22.9,22.9,22.866,22.9,4400
461,22.7,22.7,22.685,22.685,300
462,22.65,22.65,22.65,22.65,745
464,22.9,22.9,22.9,22.9,1382
466,22.9,22.9,22.9,22.9,300
865,22.7925,22.7925,22.7925,22.7925,160
891,22.71,22.71,22.71,22.71,345
892,22.7,22.7,22.55,22.55,400
894,22.7,22.7001,22.7,22.7001,1200
899,22.85,22.945,22.7,22.7,1300
a1497360600,22.65,22.65,22.65,22.65,124
15,22.8,22.8,22.7,22.7,200
16,22.8,22.8,22.8,22.8,100
19,22.85,22.85,22.85,22.85,200
23,22.9,22.9,22.9,22.9,100
33,22.85,22.85,22.85,22.85,100
149,22.7678,22.7678,22.7678,22.7678,207
155,22.75,22.75,22.75,22.75,100
156,22.75,22.75,22.75,22.75,200
157,22.75,22.75,22.75,22.75,100
171,22.9155,22.9155,22.9155,22.9155,159
174,22.9,22.9,22.9,22.9,100
176,22.9142,22.9142,22.9142,22.9142,134
178,22.934,22.934,22.934,22.934,169
179,22.97,22.97,22.9,22.9,600
183,22.9,22.9,22.9,22.9,400
288,22.95,22.95,22.95,22.95,300
290,22.55,22.6,22.55,22.57,2900
291,22.5501,22.5501,22.5501,22.5501,100
292,22.55,22.55,22.55,22.55,100
296,22.31,22.55,22.31,22.55,2003
297,22.3001,22.35,22.3,22.3447,600
298,22.6,22.6,22.6,22.6,800
305,22.3865,22.3865,22.3865,22.3865,100
308,22.5,22.5,22.5,22.5,100
316,22.378,22.378,22.378,22.378,200
319,22.25,22.25,22.25,22.25,200
320,22.3,22.3,22.3,22.3,100
322,22.4856,22.4856,22.4856,22.4856,100
324,22.3,22.3,22.3,22.3,700
326,22.35,22.35,22.35,22.35,200
327,22.35,22.35,22.35,22.35,100
436,22.4668,22.4668,22.4668,22.4668,175
440,22.35,22.35,22.35,22.35,500
445,22.35,22.35,22.35,22.35,100
447,22.5,22.5,22.35,22.35,5406
453,22.4,22.4,22.4,22.4,100
458,22.5,22.5,22.5,22.5,148
461,22.4988,22.4988,22.45,22.45,1000
469,22.4,22.5,22.4,22.5,2200
471,22.4,22.4,22.4,22.4,234
864,22.4,22.4,22.4,22.4,180
871,22.1,22.1,22.1,22.1,100
872,22.25,22.25,22.25,22.25,400
873,22.25,22.25,22.25,22.25,500
874,22.45,22.45,22.45,22.45,600
875,22.5298,22.5298,22.5298,22.5298,180
882,22.85,22.85,22.85,22.85,500
884,22.1,22.15,22.1,22.15,1000
888,22.5,22.525,22.5,22.5,400
890,22.2627,22.2627,22.2627,22.2627,225
894,22.2283,22.2283,22.2283,22.2283,124
895,22.3,22.3,22.15,22.25,800
896,22.35,22.35,22.35,22.35,100
898,22.35,22.3982,22.35,22.3982,310
901,22.25,22.25,22.2,22.2,1100
a1497967200,22.25,22.25,22.05,22.053,800
1,22.35,22.414,22.35,22.414,1700
2,22.35,22.35,22.35,22.35,100
13,22.4,22.4,22.4,22.4,100
14,22.4275,22.4275,22.4275,22.4275,100
15,22.75,22.75,22.75,22.75,900
19,22.8577,22.8577,22.8577,22.8577,100
21,22.8412,22.8412,22.8412,22.8412,500
24,22.8525,22.8525,22.8525,22.8525,100
28,22.8,22.8,22.8,22.8,200
30,22.8,22.8,22.8,22.8,100
31,22.8,22.8,22.8,22.8,100
32,22.8,22.8,22.8,22.8,100
149,22.8,22.8,22.8,22.8,300
159,22.8,22.8,22.7658,22.799,3480
180,22.75,22.75,22.6,22.65,600
288,22.85,22.85,22.85,22.85,500
289,22.85,22.85,22.85,22.85,100
290,22.85,22.85,22.85,22.85,900
295,22.8825,22.8825,22.8825,22.8825,281
300,22.85,22.85,22.85,22.85,500
301,22.8,22.8,22.8,22.8,100
302,22.8,22.8386,22.8,22.8386,600
303,22.8,22.8,22.8,22.8,500
309,22.75,22.75,22.75,22.75,330
315,22.5,22.6,22.5,22.6,500
318,22.5,22.5,22.5,22.5,200
322,22.6,22.6,22.5,22.5,700
324,22.7,22.7,22.7,22.7,500
429,22,22,22,22,100
432,22.75,22.75,22.75,22.75,200
433,22.9,22.9,22.9,22.9,100
434,22.85,22.85,22.85,22.85,100
435,22.875,22.875,22.875,22.875,1000
436,22.85,22.857,22.85,22.857,1000
439,22.75,22.75,22.75,22.75,100
443,22.8,22.8,22.8,22.8,100
444,22.8,22.8,22.8,22.8,100
446,22.85,22.853,22.85,22.85,1289
453,22.8,22.8,22.8,22.8,100
456,22.75,22.8011,22.75,22.8011,1500
461,22.75,22.75,22.75,22.75,600
465,22.85,22.85,22.85,22.85,300
466,22.75,22.75,22.75,22.75,200
468,22.4,22.4,22.4,22.4,100
870,22.5338,22.5338,22.5338,22.5338,158
871,22.6,22.6,22.6,22.6,500
885,22.5,22.5,22.5,22.5,334
886,22.5,22.5225,22.5,22.5225,366
893,22.75,22.75,22.75,22.75,298
897,22.35,22.35,22.35,22.35,500
899,22.6,22.6,22.6,22.6,500
900,22.8,22.85,22,22,900
a1498579200,22.8,22.8,22.8,22.8,200
1,22.8499,22.8499,22.8499,22.8499,500
6,22.8307,22.8307,22.8,22.8,200
15,22.8131,22.8131,22.8,22.8,300
19,22.85,22.85,22.8,22.8,500
20,22.8165,22.8823,22.8,22.8823,1160
24,22.8,22.8,22.8,22.8,200
132,22.7692,22.7692,22.7692,22.7692,1500
144,22.8,22.8,22.8,22.8,200
151,22.8,22.8,22.8,22.8,100
154,22.7,22.7,22.7,22.7,200
159,22.9,22.9,22.9,22.9,300
168,22.7,22.7,22.7,22.7,100
273,22.7,22.7,22.7,22.7,222
283,22.7,22.7,22.7,22.7,435
286,22.7,22.7,22.7,22.7,200
289,22.95,22.95,22.95,22.95,432
309,22.85,22.85,22.85,22.85,100
311,22.85,22.85,22.85,22.85,200
312,22.85,22.85,22.85,22.85,499
421,22.95,22.95,22.95,22.95,100
426,22.93,22.93,22.93,22.93,5400
451,22.85,22.85,22.85,22.85,800
853,22.1,22.1,22.1,22.1,100
855,22.8,22.8,22.75,22.75,2000
856,22.8,22.8,22.8,22.8,200
858,22.85,22.85,22.85,22.85,200
859,22.85,22.85,22.85,22.85,100
862,22.82,22.82,22.82,22.82,100
868,22.5,22.5,22.5,22.5,100
869,22.85,22.85,22.85,22.85,500
a1499263200,22.9,22.9,22.9,22.9,200
5,22.85,22.8535,22.85,22.8535,1000
36,22.8,22.8,22.8,22.8,300
