EXCHANGE%3DNASDAQ
MARKET_OPEN_MINUTE=570
MARKET_CLOSE_MINUTE=960
INTERVAL=600
COLUMNS=DATE,CLOSE,HIGH,LOW,OPEN,VOLUME
DATA=
TIMEZONE_OFFSET=-240
a1493040600,22.7,22.7,22.7,22.7,3325
1,22.7,22.8,22.6,22.8,7364
2,22.825,22.85,22.6833,22.6833,11407
3,22.8,22.85,22.75,22.825,11323
4,22.85,22.85,22.8,22.8,4061
5,22.875,22.95,22.85,22.85,17833
6,22.925,22.95,22.85,22.875,11820
7,22.85,23,22.8,22.95,19134
8,22.9001,23,22.85,22.869,19445
9,23.2,23.3,22.9,22.9,50475
10,23.1,23.24,23.025,23.2,14050
11,23.1,23.175,23.05,23.1,9401
12,23.2,23.25,23.1,23.125,7194
13,23.25,23.25,23.16,23.2,7400
14,23.325,23.35,23.125,23.25,30578
15,23.4,23.4,23.325,23.35,11990
16,23.4,23.45,23.35,23.45,5191
17,23.45,23.45,23.35,23.4,22205
18,23.525,23.525,23.45,23.4688,9600
19,23.45,23.6125,23.45,23.55,14873
20,23.45,23.55,23.4,23.45,25613
21,23.45,23.45,23.375,23.45,11091
22,23.45,23.45,23.375,23.425,13004
23,23.4,23.45,23.4,23.4361,1800
24,23.4,23.475,23.4,23.45,6200
25,23.4,23.45,23.35,23.4,7860
26,23.4,23.45,23.4,23.413,9850
27,23.4,23.5,23.4,23.429,17700
28,23.4281,23.475,23.4,23.45,4500
29,23.4,23.45,23.4,23.4,11862
30,23.45,23.45,23.4,23.4,3750
31,23.35,23.45,23.35,23.3983,7900
32,23.35,23.4,23.3,23.35,5800
33,23.35,23.375,23.3,23.35,6021
34,23.4,23.4,23.3,23.3813,12345
35,23.3,23.4,23.3,23.35,14208
36,23.25,23.3,23.25,23.3,11220
37,23.3,23.35,23.25,23.2672,18063
38,23.3,23.35,23.25,23.325,43933
39,23.2,23.325,23.2,23.3,127268
144,23.4,23.4,23.4,23.4,5582
145,23.775,23.8,23.3,23.55,16422
146,23.875,23.95,23.7,23.75,24191
147,23.8,23.9,23.7,23.875,17111
148,24,24,23.75,23.81,18125
149,23.9501,24.15,23.95,24,48322
150,23.85,24,23.75,23.95,23846
151,23.8,23.9,23.75,23.875,29756
152,23.825,23.825,23.675,23.775,18375
153,23.9,23.975,23.75,23.85,16565
154,23.825,23.925,23.8,23.9187,20316
155,23.875,23.9,23.75,23.85,9700
156,23.8,23.85,23.75,23.85,4804
157,23.8,23.8775,23.8,23.8167,17724
158,23.675,23.8,23.675,23.8,5600
159,23.775,23.825,23.675,23.7,9195
160,23.75,23.8,23.725,23.8,9800
161,23.75,23.8,23.7,23.775,21487
162,23.7,23.75,23.625,23.7,15500
163,23.65,23.75,23.625,23.7,12570
164,23.7,23.75,23.675,23.682,11017
165,23.825,23.85,23.7,23.725,6252
166,23.85,23.85,23.775,23.825,4324
167,23.85,23.85,23.825,23.85,8150
168,23.85,23.85,23.8241,23.85,2100
169,23.85,23.85,23.8083,23.85,3310
170,23.8732,23.875,23.8,23.8001,9044
171,23.95,24,23.875,23.9,8985
172,24.075,24.1,23.9252,23.95,28987
173,24.2,24.25,24.075,24.1,39351
174,24.1,24.2,24.1,24.2,4260
175,24.075,24.1,24.05,24.1,4200
176,24.05,24.1,24,24.1,7717
177,24.0083,24.075,24.0083,24.05,3833
178,24.1,24.1,24,24.05,12389
179,24.05,24.1,24.025,24.1,8694
180,24.05,24.1,24.025,24.1,6200
181,24.05,24.1,24.05,24.05,3100
182,24.125,24.15,24.075,24.075,14227
183,24.1,24.2,24,24.1,125244
288,24.1,24.1,24.1,24.1,4346
289,24.125,24.15,23.75,23.8,7400
290,24.2,24.2,24.05,24.125,14733
291,24.175,24.2,24.15,24.2,9718
292,24.3,24.3,24.15,24.2,7028
293,24.275,24.35,24.225,24.275,8390
294,24.325,24.35,24.25,24.3,8271
295,24.4,24.4,24.25,24.3317,10251
296,24.3753,24.45,24.35,24.4,11252
297,24.55,24.55,24.4,24.4,9712
298,24.45,24.55,24.4,24.55,19083
299,24.3,24.475,24.3,24.45,11553
300,24.475,24.5,24.3,24.3,10465
301,24.4,24.5,24.4,24.45,11150
302,24.3,24.45,24.25,24.4,40546
303,24.3,24.4,24.225,24.3,19160
304,24.275,24.3,24.25,24.25,6545
305,24.225,24.3,24.2,24.275,2200
306,24.3,24.3,24.2,24.225,17639
307,24.325,24.35,24.25,24.25,15642
308,24.15,24.35,24.15,24.35,10463
309,24.275,24.3,24.15,24.15,8358
310,24.3217,24.35,24.3,24.3,5524
311,24.35,24.4,24.3,24.3,5600
312,24.3,24.3501,24.3,24.35,4965
313,24.35,24.35,24.3,24.3,3175
314,24.375,24.45,24.35,24.35,12597
315,24.325,24.4274,24.325,24.4,7746
316,24.275,24.35,24.275,24.3,6900
317,24.25,24.325,24.25,24.3,2711
318,24.4125,24.45,24.25,24.25,16761
319,24.4,24.4,24.35,24.4,3200
320,24.5,24.55,24.4,24.4,14584
321,24.6,24.7,24.5,24.5,33224
322,24.625,24.625,24.575,24.6,4800
323,24.675,24.7,24.6,24.6,6495
324,24.7,24.75,24.675,24.7,8137
325,24.85,24.85,24.7,24.7,19127
326,24.7,24.8,24.65,24.8,9115
327,24.5,24.675,24.45,24.65,134681
432,24.55,24.55,24.55,24.55,4203
433,24.625,24.75,24.55,24.6,10092
434,24.7,24.75,24.575,24.6,8494
435,24.825,24.85,24.7,24.7,10256
436,24.775,24.825,24.725,24.825,11528
437,24.45,24.8,24.45,24.775,15021
438,24.5,24.55,24.35,24.475,10360
439,24.575,24.6,24.425,24.475,36988
440,24.525,24.6,24.525,24.6,10200
441,24.6,24.6,24.55,24.55,5400
442,24.6,24.6,24.475,24.55,15305
443,24.65,24.65,24.55,24.6,12544
444,24.575,24.65,24.55,24.65,4010
445,24.6699,24.6959,24.55,24.575,3804
446,24.575,24.65,24.575,24.65,7245
447,24.575,24.65,24.575,24.575,12300
448,24.4,24.6,24.375,24.569,10660
449,24.375,24.395,24.35,24.35,1000
450,24.395,24.4,24.35,24.35,2200
451,24.4,24.4,24.35,24.395,2900
452,24.445,24.45,24.375,24.375,1948
453,24.5,24.5,24.445,24.445,2748
454,24.5,24.5,24.45,24.45,5601
455,24.495,24.5,24.45,24.495,4105
456,24.575,24.6,24.495,24.495,2977
457,24.525,24.6,24.525,24.575,4300
458,24.495,24.525,24.45,24.525,4900
459,24.375,24.5,24.325,24.45,10380
460,24.325,24.4,24.3,24.35,7550
461,24.35,24.35,24.3,24.3,3300
462,24.4,24.4,24.325,24.325,6116
463,24.5,24.5,24.35,24.35,6765
464,24.4,24.495,24.35,24.475,10162
465,24.4,24.5,24.375,24.45,9945
466,24.4,24.5,24.4,24.4,11424
467,24.445,24.475,24.4,24.45,10741
468,24.425,24.4875,24.4,24.445,10994
469,24.4,24.45,24.4,24.4,5600
470,24.5,24.6,24.4,24.45,32813
471,24.6,24.6,24.5,24.55,184720
576,24.5,24.5,24.5,24.5,5801
577,24.45,24.65,24.3,24.5,9047
578,24.4,24.5,24.35,24.45,6894
579,24.15,24.45,24.1,24.4,14038
580,24.2,24.25,24.15,24.2,5710
581,24.1,24.2,24.1,24.2,11980
582,24.1125,24.2,24.075,24.15,9000
583,24.2,24.225,24.125,24.125,2700
584,24.2,24.3,24.2,24.225,5300
585,24.25,24.279,24.2,24.25,7403
586,24.4196,24.45,24.2,24.25,42701
587,24.35,24.45,24.35,24.4,7400
588,24.4,24.425,24.375,24.4,5661
589,24.35,24.425,24.3,24.4,8026
590,24.4,24.4,24.325,24.35,2703
591,24.4,24.45,24.4,24.401,1600
592,24.475,24.5,24.375,24.4,8064
593,24.425,24.479,24.4,24.4745,4810
594,24.425,24.45,24.4,24.4,3070
595,24.4,24.45,24.4,24.4,2200
596,24.45,24.45,24.35,24.4,12300
597,24.5,24.55,24.45,24.45,7449
598,24.5125,24.55,24.4997,24.4997,8200
599,24.5,24.55,24.5,24.5,4500
600,24.45,24.55,24.4,24.5,8405
601,24.5,24.525,24.45,24.45,6100
602,24.45,24.5,24.45,24.5,2300
603,24.45,24.5,24.4,24.45,5600
604,24.475,24.475,24.35,24.4,9441
605,24.45,24.45,24.425,24.45,2500
606,24.55,24.5999,24.45,24.45,9183
607,24.55,24.6,24.525,24.55,3700
608,24.55,24.6,24.5,24.55,7772
609,24.6,24.6,24.525,24.6,18466
610,24.5,24.6,24.5,24.6,13409
611,24.55,24.575,24.5,24.5,4717
612,24.55,24.6,24.5,24.55,8970
613,24.5,24.6,24.5,24.6,15170
614,24.45,24.55,24.425,24.525,36393
615,24.4,24.55,24.35,24.45,114395
a1493645400,24.45,24.45,24.45,24.45,4478
1,24.6,24.65,24.3999,24.4,2600
2,24.5499,24.65,24.5,24.65,9272
3,24.5,24.525,24.475,24.5,5527
4,24.2188,24.4912,24.2188,24.4912,15289
5,24.3,24.3,24.1,24.2,7735
6,24.1,24.275,24.05,24.275,13316
7,24.2,24.2,24,24.05,9042
8,24.2553,24.3,24.2,24.2,3577
9,24.2189,24.3,24.2,24.299,12993
10,24.175,24.2408,24.15,24.2408,9060
11,24.1499,24.175,24.075,24.175,10416
12,24.1,24.2,24.05,24.1,13449
13,24.1,24.1499,24.075,24.125,11883
14,24.1,24.125,24.075,24.1,4700
15,24.135,24.15,24.05,24.1,7300
16,24.125,24.15,24.1,24.15,2799
17,24.15,24.225,24.05,24.1,12026
18,24.15,24.1756,24.15,24.175,1100
19,24.15,24.2,24.15,24.15,8569
20,24.175,24.2,24.15,24.2,2400
21,24.2667,24.275,24.1,24.15,12135
22,24.25,24.275,24.225,24.275,4700
23,24.25,24.275,24.2,24.2,7066
24,24.4254,24.4254,24.275,24.275,12809
25,24.4,24.475,24.375,24.425,7974
26,24.425,24.425,24.35,24.4083,5319
27,24.5,24.5917,24.4,24.4,22167
28,24.45,24.525,24.45,24.5,5948
29,24.5,24.55,24.425,24.475,6518
30,24.4,24.55,24.4,24.5,6927
31,24.45,24.5,24.375,24.4,28696
32,24.425,24.55,24.3875,24.45,34563
33,24.4,24.425,24.35,24.4,5700
34,24.5,24.5,24.375,24.4,14633
35,24.5,24.55,24.5,24.5,1700
36,24.5,24.55,24.475,24.5,11122
37,24.6,24.65,24.5,24.5,48148
38,24.6,24.625,24.55,24.55,44945
39,24.65,24.65,24.5,24.5875,129468
144,24.4,24.4,24.4,24.4,14022
145,22.6,24.4,22.2,24.4,106573
146,22.4,22.6,22.05,22.6,91050
147,22.1804,22.55,22.15,22.35,109899
148,22.25,22.4,22.15,22.15,50372
149,22.325,22.484,22.25,22.275,50133
150,22.3,22.3277,22.25,22.325,51381
151,22.4,22.65,22.25,22.275,52495
152,22.425,22.525,22.35,22.4,30224
153,22.325,22.425,22.3,22.425,60541
154,22.3,22.35,22.25,22.325,32223
155,22.325,22.35,22.2,22.275,31687
156,22.35,22.4,22.3,22.325,34161
157,22.35,22.4,22.3,22.35,24913
158,22.425,22.425,22.35,22.375,49843
159,22.375,22.425,22.35,22.425,11157
160,22.375,22.45,22.35,22.4,23132
161,22.625,22.625,22.35,22.375,49744
162,22.7,22.79,22.5875,22.625,38318
163,22.6125,22.75,22.6,22.75,22177
164,22.8499,22.8499,22.6,22.6,19262
165,22.775,22.85,22.75,22.85,12324
166,22.675,22.8,22.65,22.75,19087
167,22.6826,22.7,22.65,22.65,3595
168,22.55,22.7,22.4,22.675,65010
169,22.425,22.525,22.4,22.525,39093
170,22.45,22.525,22.4,22.405,37171
171,22.4501,22.5,22.45,22.475,7062
172,22.45,22.5,22.45,22.475,5470
173,22.45,22.55,22.45,22.475,104480
174,22.425,22.55,22.4,22.45,100729
175,22.55,22.55,22.4,22.425,40940
176,22.525,22.55,22.5,22.525,13476
177,22.525,22.55,22.5,22.525,17423
178,22.425,22.55,22.4,22.525,98154
179,22.275,22.45,22.15,22.425,171128
180,21.7,22.2999,21.2,22.2999,339909
181,21.775,21.8,21.625,21.65,168797
182,21.625,21.85,21.1,21.775,180753
183,21.45,21.75,21.4,21.625,339198
288,21.35,21.5,21.3,21.3,8100
289,20.3001,21.4435,20.3,21.25,59988
290,20.075,20.3001,19.8,20.3,92412
291,20.275,20.3,20,20.05,55007
292,20.2,20.3,20.1501,20.2999,34813
293,20.275,20.275,20.05,20.175,72070
294,20.075,20.3,20.05,20.275,22417
295,20.1,20.175,20.075,20.075,15536
296,20.175,20.175,20.025,20.125,49328
297,20.1503,20.3,20.15,20.2,25863
298,20.25,20.3,20.15,20.15,21198
299,20.1997,20.2001,20.075,20.2001,31148
300,20.325,20.45,20.175,20.175,61228
301,20.225,20.325,20.2,20.325,10754
302,20.3156,20.475,20.2497,20.25,19860
303,20.25,20.325,20.175,20.325,29180
304,20.225,20.25,20.2,20.25,4965
305,20.225,20.25,20.2,20.225,12400
306,20.1,20.25,20.1,20.225,30029
307,20.15,20.15,20.1,20.1,8350
308,20.05,20.15,20,20.125,33225
309,19.975,20.05,19.95,20.025,74859
310,20.125,20.125,19.9501,19.975,58955
311,20.1,20.15,20.05,20.1,10186
312,20.075,20.15,20.05,20.1,15725
313,20.05,20.1,20.05,20.05,22572
314,20.05,20.1,20,20.075,47512
315,20.025,20.05,20,20,5400
316,20.0313,20.05,20,20.0292,17320
317,19.848,20.025,19.75,20.0001,139630
318,19.9,19.9,19.75,19.8001,75403
319,20,20,19.85,19.8995,41011
320,19.975,20,19.95,19.975,17770
321,19.85,20,19.825,19.975,54237
322,19.9,19.9,19.85,19.8832,10105
323,20,20,19.85,19.875,38816
324,20.2,20.2,20.025,20.025,44079
325,20.4,20.4,20.175,20.175,34678
326,20.4001,20.5,20.375,20.4,55736
327,20.5,20.5,20.35,20.425,169293
432,19.7,19.85,19.7,19.85,18156
433,18.505,19.8,18.5,19.8,202986
434,19.3,19.3,18.5,18.55,228338
435,18.975,19.4,18.9,19.25,127699
436,19,19.1,18.9,18.95,201863
437,19.1,19.15,18.95,19,60790
438,19.075,19.1,18.975,19.075,83684
439,19.075,19.1,19.025,19.075,37751
440,19.15,19.15,18.95,19.05,107253
441,19.15,19.2,19.1,19.125,92500
442,19.275,19.4,19.125,19.15,70306
443,19.3,19.4,19.25,19.275,56948
444,19.2,19.35,19.2,19.3,87502
445,19.25,19.3,19.2,19.25,136226
446,19.25,19.3,19.2,19.25,50161
447,19.3,19.35,19.2,19.25,79697
448,19.3,19.35,19.225,19.3,46627
449,19.225,19.3,19.225,19.25,102776
450,19.1,19.25,19.025,19.225,47883
451,19.125,19.15,19.05,19.1,70934
452,19.3,19.3,19.1,19.15,44766
453,19.2,19.325,19.2,19.3,16426
454,19.25,19.3,19.175,19.25,24807
455,19.25,19.3,19.15,19.275,21592
456,19.25,19.25,19.2,19.25,25643
457,19.5,19.6,19.25,19.25,93399
458,19.55,19.575,19.4,19.5,41625
459,19.45,19.55,19.4,19.55,31215
460,19.525,19.55,19.45,19.45,29761
461,19.425,19.55,19.4,19.55,63830
462,19.4,19.45,19.3,19.45,72207
463,19.475,19.5,19.4,19.4,50253
464,19.5,19.55,19.45,19.5,50473
465,19.525,19.55,19.45,19.525,52104
466,19.6,19.65,19.525,19.525,83236
467,19.675,19.75,19.6,19.6,105427
468,19.7,19.85,19.65,19.675,84647
469,19.725,19.8,19.7,19.7,110029
470,19.85,19.9,19.65,19.725,495697
471,19.9,20,19.65,19.85,2116052
576,19.8,19.8,19.75,19.8,19708
577,19.25,19.8,19,19.8,251486
578,19.375,19.55,19.15,19.25,228767
579,19.525,19.6,19.35,19.375,79276
580,19.525,19.55,19.425,19.5249,134936
581,19.525,19.575,19.475,19.525,72262
582,19.422,19.55,19.4,19.55,79362
583,19.375,19.525,19.325,19.45,124695
584,19.275,19.5,19.25,19.375,102101
585,19.275,19.375,19.2,19.275,73821
586,19.325,19.35,19.25,19.275,69589
587,19.325,19.35,19.275,19.325,89265
588,19.325,19.375,19.3,19.325,85097
589,19.325,19.35,19.3,19.325,4100
590,19.3,19.375,19.3,19.35,28362
591,19.3297,19.35,19.3,19.325,17242
592,19.3,19.35,19.3,19.3,10841
593,19.375,19.375,19.3,19.35,123265
594,19.345,19.4,19.3,19.35,26159
595,19.325,19.35,19.3,19.3,9149
596,19.35,19.4,19.3,19.3,25277
597,19.325,19.375,19.275,19.35,117604
598,19.325,19.35,19.3,19.325,48620
599,19.325,19.35,19.3,19.35,47060
600,19.4,19.4,19.3,19.3,104412
601,19.425,19.5,19.35,19.35,72966
602,19.385,19.45,19.35,19.425,55894
603,19.4,19.4,19.35,19.375,13173
604,19.325,19.425,19.275,19.375,63120
605,19.3,19.375,19.3,19.3,68993
606,19.335,19.35,19.3,19.325,18200
607,19.225,19.35,19.1,19.35,186523
608,19.06,19.25,19.05,19.2499,59910
609,19.085,19.15,19,19.05,88499
610,18.925,19.1,18.9,19.1,108320
611,18.95,19,18.9,18.95,74643
612,18.7,19,18.675,18.975,92480
613,18.875,19,18.7,18.75,223446
614,19,19.05,18.85,18.875,200414
615,19.1,19.1,18.95,19,378940
a1494250800,19,19.1,18.8,18.8,57796
1,18.825,19.05,18.775,19.05,26102
2,18.6001,18.85,18.6,18.75,21308
3,18.775,18.8,18.65,18.65,31030
4,18.725,18.85,18.725,18.75,33686
5,18.75,18.85,18.7,18.725,60003
6,18.6,18.8,18.575,18.8,19472
7,18.525,18.625,18.5,18.625,28068
8,18.3686,18.525,18.35,18.525,42322
9,18.325,18.4,18.25,18.375,46174
10,18.2,18.3348,18.2,18.325,14625
11,18.15,18.25,18.15,18.225,43449
12,18.2999,18.3,18.1,18.125,45849
13,18.175,18.3,18.175,18.2999,17204
14,18.175,18.2,18.15,18.175,14823
15,18.325,18.4,18.175,18.175,58576
16,18.325,18.35,18.2747,18.325,11214
17,18.225,18.35,18.2,18.325,12851
18,18.325,18.3499,18.25,18.25,22235
19,18.325,18.4,18.3,18.325,23883
20,18.35,18.45,18.35,18.35,40953
21,18.35,18.425,18.325,18.375,22972
22,18.45,18.5,18.375,18.4,24814
23,18.45,18.525,18.45,18.45,20453
24,18.575,18.625,18.45,18.475,74714
25,18.55,18.625,18.5,18.575,39807
26,18.5499,18.6,18.5,18.575,34015
27,18.55,18.55,18.5,18.525,11650
28,18.525,18.55,18.5,18.525,17147
29,18.55,18.55,18.5,18.525,12395
30,18.525,18.55,18.45,18.5,74558
31,18.525,18.55,18.5,18.525,13966
32,18.5375,18.55,18.5,18.5,58222
33,18.575,18.6,18.475,18.525,109246
34,18.65,18.65,18.55,18.575,44361
35,18.75,18.75,18.6,18.625,34121
36,18.55,18.75,18.55,18.7,68650
37,18.6,18.65,18.475,18.55,84371
38,18.55,18.625,18.55,18.6,236856
143,18.6,18.65,18.55,18.55,6614
144,18.3999,18.65,18.3,18.55,44821
145,18.5,18.55,18.4,18.425,23822
146,19.15,19.15,18.425,18.5,69333
147,19,19.15,18.95,19.15,45940
148,18.85,19,18.85,19,28663
149,18.95,19,18.7,18.9,22979
150,18.975,18.975,18.85,18.95,57102
151,19.025,19.05,18.925,18.95,71859
152,19.025,19.05,19,19.025,7430
153,19.025,19.05,19,19,6892
154,18.975,19.025,18.9,19,45278
155,18.975,19.025,18.95,18.95,23029
156,18.925,19.025,18.9,18.95,23773
157,19,19,18.9,18.9,13761
158,18.925,19.025,18.85,18.95,46978
159,18.85,18.924,18.85,18.9,3572
160,18.85,18.85,18.8,18.8,1500
161,18.8,18.875,18.8,18.805,14475
162,18.8125,18.9,18.8,18.83,14958
163,18.75,18.85,18.725,18.85,20848
164,18.6,18.8,18.55,18.7625,31364
165,18.575,18.675,18.55,18.602,29194
166,18.55,18.6,18.55,18.6,6146
167,18.575,18.625,18.5,18.6,28724
168,18.525,18.65,18.5,18.6,19005
169,18.45,18.575,18.45,18.5,17576
170,18.35,18.5,18.35,18.475,13114
171,18.25,18.425,18.25,18.375,38973
172,18.425,18.4793,18.2745,18.2745,41458
173,18.5,18.5413,18.4,18.4,26708
174,18.525,18.55,18.45,18.5,33699
175,18.475,18.55,18.45,18.525,20565
176,18.45,18.55,18.45,18.55,7998
177,18.55,18.55,18.45,18.475,25075
178,18.65,18.65,18.5,18.5191,65163
179,18.675,18.7771,18.6264,18.6264,65004
180,18.675,18.75,18.625,18.65,71892
181,18.65,18.725,18.6,18.65,59092
182,18.7,18.75,18.6,18.7,257107
287,18.75,18.75,18.75,18.75,5274
288,18.5,18.75,18.475,18.7,12553
289,18.55,18.6,18.45,18.5,6400
290,18.6,18.6,18.5,18.55,34781
291,18.625,18.65,18.55,18.6,28182
292,18.6,18.75,18.6,18.65,13089
293,18.475,18.6,18.45,18.6,11201
294,18.4,18.475,18.4,18.467,22762
295,18.225,18.425,18.2,18.425,51034
296,18.15,18.275,18.15,18.225,24350
297,18.225,18.2306,18.1,18.175,44050
298,18.225,18.25,18.2,18.225,9872
299,18.4,18.4,18.25,18.25,25619
300,18.15,18.375,18.15,18.35,26869
301,18.15,18.2,18.15,18.15,8200
302,18.125,18.1501,18,18.15,33145
303,18.125,18.15,18.1,18.1242,7000
304,18.1406,18.15,18.1,18.125,5050
305,18.125,18.15,18.1,18.15,7231
306,18.125,18.15,18.1,18.125,4929
307,18.1,18.15,18,18.15,24558
308,18.025,18.15,18,18.1,41215
309,18.2,18.25,18.025,18.025,25172
310,18.3,18.3,18.2,18.25,8615
311,18.325,18.35,18.25,18.275,5049
312,18.4,18.45,18.3,18.35,17091
313,18.45,18.45,18.375,18.375,8069
314,18.375,18.45,18.35,18.4,11793
315,18.3,18.4,18.3,18.35,13011
316,18.275,18.3,18.2,18.3,84991
317,18.3,18.35,18.25,18.3,17651
318,18.325,18.35,18.275,18.275,10886
319,18.4,18.4,18.3,18.325,14120
320,18.4,18.4,18.3,18.35,15543
321,18.4501,18.4501,18.375,18.4,18959
322,18.5,18.5,18.45,18.475,14435
323,18.375,18.65,18.35,18.475,148754
324,18.4,18.43,18.35,18.375,26889
325,18.225,18.4,18.2,18.375,74148
326,18.2,18.25,18.2,18.2,136462
431,18.25,18.25,18.25,18.25,11532
432,18.1,18.1764,17.9,18.175,28096
433,18.0915,18.15,18.027,18.1,39386
434,18,18.1,17.9736,18.1,15206
435,18.075,18.1,17.95,18.05,15750
436,18.075,18.1,18.05,18.1,10900
437,18.1,18.175,18,18.075,33023
438,18.225,18.25,18.1,18.2,15297
439,18.4,18.425,18.15,18.225,118086
440,18.45,18.55,18.4,18.45,45617
441,18.575,18.6,18.45,18.5,28936
442,18.695,18.75,18.55,18.575,56028
443,18.475,18.7,18.45,18.7,48179
444,18.475,18.475,18.4,18.45,20033
445,18.475,18.55,18.45,18.475,39905
446,18.425,18.5,18.4,18.5,45022
447,18.45,18.5,18.4056,18.425,31448
448,18.375,18.475,18.35,18.475,24625
449,18.35,18.4,18.35,18.4,7100
450,18.475,18.475,18.35,18.4,19114
451,18.475,18.5,18.425,18.475,36631
452,18.55,18.575,18.45,18.45,80365
453,18.575,18.6,18.5,18.5247,15989
454,18.7,18.7,18.55,18.575,15075
455,18.725,18.75,18.65,18.7,64839
456,18.75,18.75,18.7,18.725,26078
457,18.675,18.75,18.65,18.75,29383
458,18.85,18.85,18.65,18.65,12730
459,18.9,18.9,18.825,18.825,15600
460,18.85,18.9,18.8,18.85,27079
461,18.975,19.05,18.85,18.85,52952
462,19.025,19.05,18.95,18.975,16320
463,19,19.05,18.95,19.05,30809
464,18.9,19.05,18.9,19,27842
465,18.95,19,18.85,18.9282,34540
466,18.85,19,18.75,18.975,44047
467,18.825,18.875,18.8,18.85,36786
468,18.825,18.95,18.8,18.85,45436
469,18.95,19,18.8,18.8,61898
470,19.1,19.1,18.975,19,191737
575,19,19,19,19,4219
576,18.8,19.05,18.8,19.05,8375
577,19.05,19.05,18.8,18.85,10083
578,19,19.05,18.95,19.05,7797
579,19.075,19.1,18.95,19.025,15880
580,19.046,19.1,18.9,19.1,29251
581,19,19.05,18.875,19.05,14479
582,19.025,19.05,18.925,18.975,11841
583,19,19.05,18.9,19,11783
584,18.9,19,18.9,18.975,16968
585,18.9499,18.95,18.9,18.95,3700
586,18.9,19,18.9,18.95,22835
587,18.975,19,18.9,18.9,53506
588,19.1,19.1,18.925,18.95,21155
589,19.15,19.15,19.075,19.075,5400
590,19.2,19.2,19.0989,19.15,17192
591,19.225,19.3,19.175,19.2,28867
592,19.1,19.225,19.1,19.2,17593
593,19.1,19.175,19.1,19.1,7924
594,19.135,19.15,19.075,19.15,8865
595,19.15,19.15,19.1,19.1,6100
596,19.1,19.15,19.1,19.1,7300
597,19.2,19.25,19.1,19.1,19004
598,19.15,19.25,19.15,19.2,9806
599,19.1,19.2,19.1,19.175,8700
600,19.1,19.15,19.1,19.1,6390
601,19.2,19.25,19.15,19.15,26418
602,19.175,19.225,19.15,19.225,8125
603,19.225,19.25,19.175,19.175,7419
604,19.25,19.3,19.2,19.2325,22087
605,19.4,19.45,19.275,19.3,32546
606,19.35,19.425,19.35,19.425,27632
607,19.4,19.5,19.35,19.35,34905
608,19.45,19.5,19.4,19.425,21294
609,19.375,19.4499,19.35,19.425,18070
610,19.4,19.4,19.35,19.375,13514
611,19.45,19.45,19.375,19.375,21532
612,19.425,19.45,19.4,19.45,22071
613,19.5,19.5,19.425,19.425,50223
614,19.45,19.5,19.4,19.5,200264
a1494855000,19.4,19.4,19.4,19.4,8735
1,19.4,19.45,19.1001,19.3,16448
2,19.475,19.475,19.4,19.4,7814
3,19.625,19.675,19.475,19.475,31968
4,19.575,19.6294,19.55,19.625,4975
5,19.5,19.55,19.475,19.55,22034
6,19.45,19.5495,19.45,19.5,9118
7,19.5,19.5,19.4,19.5,14619
8,19.429,19.5,19.425,19.475,6166
9,19.5,19.5,19.4,19.45,9600
10,19.45,19.5,19.4,19.5,6978
11,19.425,19.4412,19.4,19.4,2900
12,19.425,19.45,19.4,19.425,17620
13,19.55,19.55,19.4,19.45,21798
14,19.475,19.55,19.45,19.55,11610
15,19.425,19.475,19.4,19.475,7999
16,19.375,19.45,19.325,19.425,14647
17,19.45,19.45,19.4,19.4,6000
18,19.425,19.5,19.4,19.45,17100
19,19.55,19.55,19.4,19.425,17770
20,19.525,19.55,19.5,19.55,3800
21,19.475,19.55,19.45,19.55,9579
22,19.475,19.5,19.45,19.45,4000
23,19.6,19.6,19.5,19.5,10314
24,19.55,19.6,19.5,19.575,16855
25,19.525,19.575,19.5,19.575,5758
26,19.525,19.55,19.5,19.5,29037
27,19.55,19.575,19.475,19.525,29610
28,19.525,19.55,19.5,19.55,3165
29,19.425,19.55,19.425,19.525,23189
30,19.4,19.45,19.25,19.405,122924
31,19.55,19.6,19.375,19.4,32279
32,19.65,19.65,19.55,19.575,14183
33,19.65,19.65,19.575,19.625,16361
34,19.65,19.65,19.6,19.625,4377
35,19.625,19.65,19.6,19.625,24825
36,19.845,19.85,19.6,19.625,71263
37,19.9,19.9,19.775,19.8,61631
38,19.9,19.95,19.85,19.9,52511
39,20.05,20.05,19.9,19.925,363256
144,20.1,20.15,20.1,20.15,5587
145,20.075,20.1,19.95,20.1,44469
146,20.25,20.25,20.025,20.075,42783
147,20.35,20.425,20.225,20.225,34074
148,20.45,20.5,20.325,20.35,71261
149,20.175,20.4645,20.15,20.4645,26875
150,20.1,20.225,20.001,20.2,20911
151,20.05,20.15,20.025,20.125,65390
152,20.25,20.3,20.05,20.05,48570
153,20.25,20.3,20.25,20.25,3300
154,20.375,20.425,20.25,20.25,18443
155,20.35,20.4,20.275,20.35,26727
156,20.2,20.335,20.2,20.325,16770
157,20.175,20.25,20.1,20.15,65049
158,20.175,20.225,20.1,20.15,42025
159,20.2,20.2,20.15,20.15,3600
160,20.15,20.225,20.15,20.2,5395
161,20.15,20.2,20.15,20.15,2200
162,20.15,20.225,20.15,20.2,7603
163,20.175,20.2,20.15,20.2,4150
164,20.15,20.1874,20.15,20.15,4417
165,20.175,20.25,20.15,20.175,8979
166,20.15,20.175,20.15,20.15,1600
167,20.15,20.1875,20.15,20.15,5350
168,20.175,20.175,20.15,20.15,5800
169,20.175,20.175,20.15,20.15,3350
170,20.175,20.2,20.15,20.175,6170
171,20.2,20.25,20.15,20.175,22405
172,20.225,20.25,20.2,20.225,3200
173,20.15,20.25,20.1,20.2,22083
174,20.125,20.183,20.1,20.15,5008
175,20.175,20.2,20.1,20.1,9853
176,20.15,20.2,20.15,20.15,3680
177,20.175,20.2,20.15,20.2,3700
178,20.05,20.15,20.05,20.15,10020
179,20.175,20.2,20.05,20.05,17861
180,20.15,20.2,20.15,20.15,7945
181,20.245,20.25,20.15,20.2,28340
182,20.25,20.25,20.2,20.225,26386
183,20.3,20.3,20.15,20.25,172113
288,20.05,20.05,20.05,20.05,6998
289,20,20.2,19.85,20.066,21795
290,19.925,20,19.8,20,26635
291,19.9,19.95,19.85,19.925,19317
292,19.95,20,19.75,19.85,17349
293,19.8,19.975,19.8,19.975,15736
294,19.925,19.95,19.85,19.85,24527
295,19.95,20.1,19.9,19.925,17162
296,19.975,20.05,19.95,19.975,4600
297,19.925,20.05,19.9,19.95,24613
298,19.925,19.975,19.9,19.95,4590
299,19.9,20,19.9,19.95,12244
300,19.975,20,19.9,19.9,9278
301,20.025,20.05,19.95,20,9099
302,20.05,20.1,20.025,20.05,19042
303,20.1,20.15,20.075,20.1,7863
304,20.1,20.125,20,20.125,30750
305,20.15,20.15,20.05,20.1,41764
306,20.15,20.225,20.125,20.125,21255
307,20.15,20.15,20.075,20.1,6000
308,20.15,20.15,20.05,20.1,7917
309,20.15,20.2,20.1,20.125,15600
310,20.05,20.15,20.05,20.15,6300
311,20.1,20.125,20.025,20.05,23712
312,20.025,20.1,20.025,20.05,16245
313,20.075,20.1,20,20,4800
314,20.05,20.1,20,20.075,13185
315,20.05,20.05,20,20.05,2300
316,20.025,20.1,20,20.05,37999
317,20,20.05,19.9,20,14888
318,20,20.075,19.95,20,32207
319,19.95,20.05,19.95,20,10240
320,19.9,19.95,19.875,19.95,21631
321,19.995,20,19.85,19.9,11382
322,19.9,20,19.85,19.995,23544
323,19.925,20,19.85,19.9,36389
324,19.925,20,19.9,19.9,15061
325,19.9,19.925,19.85,19.9,9648
326,19.8,19.95,19.8,19.9,58703
327,19.75,19.95,19.75,19.8,200031
432,19.75,19.75,19.75,19.75,3163
433,19.75,19.8,19.2,19.65,19840
434,19.8,19.95,19.8,19.85,15277
435,19.725,19.825,19.7,19.8,3350
436,19.55,19.75,19.5,19.7,14573
437,19.55,19.6375,19.5,19.55,10651
438,19.35,19.55,19.35,19.55,23178
439,19.325,19.45,19.3,19.375,16800
440,19.15,19.4,19.15,19.3,20834
441,19.275,19.35,19.15,19.15,28475
442,19.475,19.5,19.25,19.25,20336
443,19.475,19.5,19.4,19.475,10037
444,19.425,19.5,19.4,19.475,11897
445,19.375,19.45,19.35,19.425,12783
446,19.325,19.375,19.3,19.375,11400
447,19.375,19.4,19.3,19.3,18622
448,19.425,19.5,19.35,19.4,43764
449,19.35,19.475,19.325,19.4175,13853
450,19.35,19.4,19.35,19.35,4500
451,19.35,19.45,19.35,19.35,11097
452,19.25,19.35,19.25,19.35,10073
453,19.275,19.3,19.2,19.25,12517
454,19.275,19.3,19.25,19.25,5000
455,19.325,19.35,19.25,19.25,12578
456,19.375,19.4,19.3,19.325,13200
457,19.425,19.4276,19.35,19.375,10900
458,19.5,19.55,19.45,19.45,17454
459,19.45,19.5303,19.45,19.5,14607
460,19.4,19.525,19.35,19.455,20586
461,19.35,19.425,19.35,19.405,9800
462,19.35,19.425,19.35,19.35,10173
463,19.4,19.45,19.35,19.35,19109
464,19.25,19.4,19.25,19.375,9800
465,19.15,19.3,19.15,19.255,28711
466,19.35,19.35,19.155,19.175,14735
467,19.225,19.35,19.2,19.3,13908
468,19.225,19.3,19.2,19.225,31896
469,19.2,19.255,19.2,19.25,19002
470,19.15,19.3,19.15,19.2,35643
471,19.25,19.35,19.15,19.3,222272
576,19.2,19.2,19.2,19.2,10995
577,19.1,19.25,19.1,19.25,3652
578,19.2486,19.25,19.1,19.175,30203
579,19.225,19.35,19.175,19.2,7773
580,19.15,19.225,19.1,19.225,16276
581,19.1,19.2,19.1,19.1678,7890
582,19.1,19.125,19,19.05,8275
583,19.05,19.15,19,19.125,13116
584,19.1,19.15,19.05,19.1,4100
585,19.05,19.107,19.05,19.1,4700
586,19.075,19.075,19,19.05,8490
587,19.125,19.15,19.1,19.1,4600
588,19.145,19.15,19.1,19.1,3000
589,19.125,19.15,19.1,19.1,5200
590,19.2202,19.25,19.1,19.1,7798
591,19.2,19.25,19.2,19.22,2100
592,19.225,19.25,19.2,19.225,1000
593,19.25,19.25,19.15,19.225,18538
594,19.225,19.25,19.2,19.25,9200
595,19.225,19.25,19.175,19.2325,7440
596,19.225,19.25,19.2,19.2,2100
597,19.225,19.225,19.2,19.2,4830
598,19.225,19.225,19.2,19.2,1900
599,19.3,19.35,19.2,19.2,45393
600,19.275,19.35,19.25,19.325,8454
601,19.275,19.275,19.25,19.275,2100
602,19.2,19.3,19.2,19.3,9832
603,19.2,19.225,19.2,19.225,3540
604,19.15,19.25,19.15,19.225,11041
605,19.15,19.2,19.15,19.2,1282
606,19.175,19.175,19.15,19.1675,520
607,19.1,19.2,19.1,19.15,6100
608,19.1,19.15,19.1,19.15,5857
609,19.05,19.1,19.05,19.1,7789
610,19.025,19.0973,19.025,19.05,11466
611,19,19.1,19,19.025,18563
612,18.95,19.05,18.95,19.05,30053
613,18.9499,19,18.9,19,36618
614,18.9,19,18.9,18.925,30672
615,18.9,18.95,18.85,18.9,108235
a1495459800,18.9,18.9,18.9,18.9,6282
1,18.95,19.05,18.9,18.9,9519
2,19.05,19.05,18.95,18.95,4700
3,19.025,19.0525,19,19.041,6160
4,18.85,19,18.8,19,16197
5,18.6965,18.85,18.65,18.825,7701
6,18.75,18.8,18.675,18.7,13749
7,18.8,18.825,18.7,18.7,38990
8,18.725,18.85,18.675,18.85,69568
9,18.7,18.701,18.55,18.7,19939
10,18.55,18.65,18.55,18.65,22100
11,18.6,18.6,18.55,18.575,14324
12,18.575,18.6,18.55,18.6,2650
13,18.5,18.55,18.5,18.55,22346
14,18.5,18.55,18.5,18.5,3265
15,18.55,18.6,18.5,18.525,29638
16,18.575,18.6,18.5195,18.55,4656
17,18.525,18.625,18.525,18.6,30830
18,18.575,18.6,18.5,18.5,2700
19,18.575,18.575,18.5,18.575,7531
20,18.575,18.625,18.55,18.5506,12263
21,18.575,18.6,18.55,18.55,1500
22,18.525,18.6,18.525,18.575,10182
23,18.5,18.55,18.5,18.5,20372
24,18.5,18.55,18.5,18.525,3200
25,18.525,18.55,18.5,18.5,1989
26,18.525,18.55,18.5,18.55,3440
27,18.525,18.55,18.5,18.525,2200
28,18.4755,18.55,18.45,18.525,36363
29,18.4,18.5,18.4,18.475,13015
30,18.5,18.5,18.425,18.425,15367
31,18.45,18.525,18.4,18.475,54179
32,18.5,18.525,18.4,18.495,28335
33,18.425,18.5,18.4,18.5,20393
34,18.425,18.45,18.35,18.4,20096
35,18.4,18.45,18.4,18.4,34492
36,18.5,18.525,18.4,18.4,45748
37,18.5,18.5,18.45,18.475,14049
38,18.5,18.55,18.45,18.5,40181
39,18.5,18.55,18.4,18.525,167763
144,18.45,18.5,18.45,18.5,2936
145,18.375,18.55,18.3724,18.45,9000
146,18.4,18.45,18.35,18.35,4900
147,18.5,18.5,18.35,18.4,8697
148,18.475,18.5,18.4,18.475,9160
149,18.375,18.5,18.275,18.498,27646
150,18.4,18.4,18.3,18.375,10920
151,18.375,18.4,18.35,18.375,8100
152,18.425,18.45,18.35,18.375,9200
153,18.4,18.5,18.375,18.425,77268
154,18.35,18.4,18.35,18.4,57276
155,18.375,18.4,18.35,18.375,5100
156,18.325,18.4,18.3,18.375,26202
157,18.35,18.4,18.325,18.325,16229
158,18.325,18.35,18.3,18.325,5226
159,18.3,18.35,18.25,18.35,31893
160,18.325,18.35,18.275,18.3399,11400
161,18.225,18.35,18.1,18.35,733468
162,18.25,18.3,18.225,18.25,16549
163,18.2639,18.3,18.15,18.2,29837
164,18.25,18.3,18.2052,18.25,8648
165,18.225,18.3,18.2,18.275,9667
166,18.3,18.3,18.2,18.225,6700
167,18.275,18.3,18.25,18.25,3600
168,18.3,18.3,18.25,18.275,12673
169,18.3,18.35,18.25,18.3,13100
170,18.275,18.3,18.15,18.275,32703
171,18.3,18.334,18.25,18.275,22586
172,18.325,18.35,18.2,18.3,46506
173,18.25,18.35,18.225,18.3,18044
174,18.325,18.35,18.2,18.275,18284
175,18.325,18.35,18.2,18.3,27658
176,18.3,18.35,18.3,18.325,7689
177,18.275,18.35,18.2,18.35,23003
178,18.295,18.3,18.25,18.275,20390
179,18.2,18.275,18.15,18.25,26096
180,18.05,18.25,18,18.2,99618
181,18.175,18.2,18.1,18.1,33846
182,18.1,18.275,18.1,18.2,41446
183,18.1,18.175,18.075,18.15,230484
288,18.15,18.15,18.15,18.15,3638
289,18.475,18.5,18.2,18.2,45439
290,18.8,18.85,18.45,18.475,84371
291,19.1,19.1,18.75,18.825,93129
292,19.05,19.15,19,19.1,44494
293,19.125,19.35,19.0501,19.075,47468
294,19.15,19.175,19.05,19.12,55404
295,19.025,19.175,19,19.125,38450
296,18.95,19.05,18.925,19.001,46050
297,18.8,19,18.8,18.95,24855
298,18.9,18.9,18.775,18.821,12463
299,18.775,18.85,18.75,18.85,23382
300,18.825,18.875,18.75,18.775,19971
301,18.85,18.925,18.8,18.825,22563
302,18.825,18.85,18.8,18.825,2100
303,18.775,18.85,18.75,18.825,8700
304,18.55,18.775,18.55,18.775,50710
305,18.75,18.75,18.55,18.575,22450
306,18.75,18.8,18.65,18.725,37590
307,18.95,18.95,18.75,18.8,12793
308,18.9,18.925,18.85,18.925,7826
309,18.9,18.95,18.85,18.9,3000
310,18.975,19,18.9,18.925,23850
311,19,19,18.95,18.975,7682
312,19.125,19.1253,18.95,18.951,14500
313,18.98,19.15,18.95,19.15,44897
314,19.05,19.05,18.95,18.95,5871
315,19,19.1,19,19.025,13800
316,19.045,19.05,18.95,19.045,14630
317,19.075,19.1,19,19.05,8765
318,19.1,19.1,19.05,19.1,6244
319,19.1,19.125,19.05,19.1,14775
320,19.075,19.15,19.05,19.1,17244
321,19.175,19.175,19.05,19.05,9437
322,19.175,19.195,19.075,19.195,33059
323,19.175,19.2,19.1,19.195,30816
324,19.175,19.25,19.15,19.2,28367
325,19.2,19.25,19.15,19.195,12000
326,19.3,19.35,19.2,19.245,63617
327,19.25,19.3,19.2,19.3,193312
432,19.2,19.2,19.2,19.2,12373
433,19,19.3,18.85,19.3,31016
434,18.95,19.05,18.95,19,12029
435,19,19.045,18.95,19,29354
436,19.025,19.15,19,19.05,13733
437,18.95,19.025,18.95,19,9750
438,19,19.05,18.95,18.975,21142
439,19.025,19.075,18.95,19.025,26864
440,19.025,19.05,18.95,19.0202,16325
441,19,19.025,19,19.025,7200
442,18.955,19.05,18.95,19,27104
443,18.975,18.9999,18.95,18.975,1909
444,18.85,18.95,18.85,18.95,8752
445,18.8,18.875,18.8,18.875,6613
446,18.825,18.825,18.75,18.8,40670
447,18.825,18.875,18.8,18.8,37791
448,18.775,18.825,18.75,18.825,6607
449,18.7,18.775,18.7,18.75,6825
450,18.7228,18.8,18.7,18.7,11152
451,18.6,18.725,18.6,18.725,9408
452,18.55,18.625,18.55,18.625,5597
453,18.55,18.6,18.5,18.575,14651
454,18.5,18.55,18.45,18.5,48480
455,18.4747,18.5,18.425,18.475,13445
456,18.5,18.55,18.4,18.475,15483
457,18.475,18.5295,18.45,18.525,6850
458,18.45,18.5,18.45,18.45,6470
459,18.425,18.45,18.4,18.45,8361
460,18.5,18.5,18.375,18.4,20694
461,18.45,18.475,18.4,18.45,10652
462,18.425,18.5,18.4,18.4,13545
463,18.35,18.4253,18.35,18.4253,16486
464,18.325,18.4,18.3,18.375,18508
465,18.35,18.4,18.3,18.325,27818
466,18.3,18.375,18.25,18.35,20433
467,18.3,18.3,18.25,18.3,14606
468,18.2,18.275,18.2,18.25,29835
469,18.175,18.225,18.15,18.225,55483
470,18.2,18.25,18.15,18.15,35690
471,18.2,18.25,18.15,18.2,157626
576,18.475,18.55,18.1,18.3,18682
577,18.45,18.85,18,18.15,30711
578,18.425,18.5,18.35,18.475,31514
579,18.55,18.55,18.35,18.45,14490
580,18.55,18.7,18.451,18.55,36496
581,18.7,18.7,18.525,18.575,17885
582,18.675,18.775,18.65,18.7,46669
583,18.575,18.7,18.55,18.7,36632
584,18.65,18.675,18.5587,18.6,16875
585,18.625,18.7,18.6163,18.65,12596
586,18.5,18.65,18.5,18.625,21368
587,18.425,18.525,18.4,18.525,36840
588,18.425,18.475,18.375,18.425,14893
589,18.5,18.5,18.4,18.425,15408
590,18.375,18.5,18.35,18.475,10527
591,18.35,18.4,18.3,18.375,8890
592,18.275,18.3,18.25,18.3,5900
593,18.35,18.35,18.25,18.25,13637
594,18.325,18.35,18.3,18.325,14500
595,18.325,18.35,18.3,18.325,8700
596,18.525,18.55,18.325,18.35,27114
597,18.525,18.55,18.5,18.525,6900
598,18.475,18.55,18.45,18.525,14938
599,18.5,18.6,18.475,18.475,21963
600,18.575,18.6,18.5,18.525,7390
601,18.625,18.65,18.575,18.6,11181
602,18.55,18.65,18.55,18.65,11902
603,18.55,18.6,18.55,18.575,24231
604,18.5,18.55,18.5,18.55,15899
605,18.6,18.6,18.5,18.55,22698
606,18.6,18.7,18.575,18.6,34802
607,18.65,18.65,18.55,18.575,9564
608,18.8,18.8,18.625,18.65,30701
609,18.775,18.8,18.725,18.8,36180
610,18.6,18.8,18.55,18.775,53040
611,18.575,18.65,18.525,18.6,52862
612,18.775,18.8,18.6,18.6,24126
613,18.81,18.85,18.775,18.8,59591
614,18.875,18.95,18.75,18.8,80330
615,18.8,18.875,18.8,18.85,188503
a1496151000,18.7,18.7,18.7,18.7,6606
1,18.85,18.9,18.7,18.7,15824
2,19.05,19.1,18.9,18.9,26075
3,18.85,19.05,18.85,19.05,20802
4,18.875,18.9,18.75,18.85,16556
5,18.75,18.85,18.7,18.85,18972
6,18.675,18.8,18.65,18.775,14260
7,18.725,18.8,18.65,18.675,17417
8,18.65,18.825,18.65,18.725,22837
9,18.525,18.65,18.5,18.65,20665
10,18.55,18.55,18.475,18.5,5302
11,18.475,18.55,18.4,18.525,21200
12,18.4,18.5,18.35,18.475,10790
13,18.25,18.4,18.2,18.4,25980
14,18.1,18.275,18.1,18.275,36765
15,18.25,18.25,18.1,18.125,18400
16,18.1,18.25,18.1,18.225,21475
17,18.175,18.2,18.1,18.125,17455
18,18.275,18.35,18.175,18.175,28618
19,18.2,18.35,18.2,18.275,33286
20,18.15,18.25,18.15,18.2,11070
21,18.05,18.15,18,18.15,49521
22,18,18.085,18,18.075,12704
23,18,18.0499,18,18.0125,4700
24,18.025,18.05,18,18,9572
25,18.025,18.05,18,18.05,12887
26,18.025,18.05,18,18.0255,8198
27,17.825,18.05,17.75,18,94399
28,17.8,17.85,17.8,17.8,5146
29,17.925,17.95,17.8,17.825,21786
30,17.9,17.95,17.9,17.95,7446
31,17.875,18.075,17.85,17.925,48692
32,17.825,17.925,17.75,17.875,40584
33,17.825,17.85,17.8,17.825,11600
34,17.8,17.85,17.7,17.825,40049
35,17.875,17.9,17.775,17.8,40928
36,17.9,17.9,17.85,17.875,19465
37,17.875,17.9,17.75,17.875,43245
38,17.75,17.9,17.75,17.85,67621
39,17.75,17.825,17.7,17.775,313793
144,17.75,17.75,17.75,17.75,4162
145,17.725,17.85,17.6,17.6,5046
146,17.55,17.8,17.55,17.7,26177
147,17.4,17.65,17.3,17.55,42898
148,17.35,17.45,17.25,17.375,24444
149,17.3,17.4,17.25,17.4,19028
150,17.15,17.35,17.15,17.2902,22603
151,17.15,17.2,17.1,17.15,26250
152,17.3,17.3,17.125,17.15,18200
153,17.3,17.4,17.25,17.275,22067
154,17.45,17.45,17.3,17.3,28410
155,17.4501,17.5,17.4,17.45,18211
156,17.35,17.5,17.35,17.5,13300
157,17.325,17.4,17.3,17.4,8450
158,17.325,17.35,17.3,17.3,14186
159,17.25,17.35,17.25,17.35,11078
160,17.3,17.35,17.2,17.275,15437
161,17.275,17.3,17.25,17.3,4100
162,17.15,17.3,17.15,17.275,10505
163,17.225,17.25,17.15,17.15,6800
164,17.25,17.3,17.2,17.225,30485
165,17.35,17.35,17.25,17.25,12734
166,17.25,17.35,17.25,17.3247,5800
167,17.2,17.325,17.2,17.25,10647
168,17.3,17.3,17.225,17.25,6900
169,17.15,17.3,17.15,17.275,13888
170,17.175,17.25,17.15,17.15,11573
171,17.125,17.1828,17.125,17.15,7493
172,17.125,17.175,17.1,17.125,11100
173,17.175,17.175,17.05,17.125,31462
174,17.125,17.2,17.1,17.175,15800
175,17.1,17.15,17.1,17.125,10149
176,17.1,17.15,17.1,17.125,9677
177,17.125,17.15,17.1,17.1,11332
178,17.125,17.15,17.1,17.125,10092
179,17,17.15,17,17.1,38656
180,17.125,17.15,17,17.025,39722
181,17.15,17.25,17.1,17.15,58085
182,17.2,17.3,17.15,17.175,62971
183,17.3,17.325,17.2,17.325,1617201
288,17.2,17.2,17.2,17.2,11342
289,17.45,17.45,17.2,17.25,13611
290,17.45,17.65,17.4,17.45,42045
291,17.05,17.475,17.05,17.45,37376
292,17.275,17.4,17.05,17.05,36986
293,17.325,17.35,17.25,17.25,17435
294,17.4,17.425,17.3,17.35,13929
295,17.5,17.55,17.35,17.375,19400
296,17.5,17.6,17.5,17.5,9829
297,17.5,17.6,17.5,17.525,29753
298,17.5,17.55,17.4,17.525,43836
299,17.425,17.55,17.4,17.475,10628
300,17.475,17.5,17.4,17.4,14204
301,17.45,17.55,17.4,17.45,29382
302,17.425,17.55,17.4,17.475,21699
303,17.475,17.5,17.35,17.4,12937
304,17.4,17.475,17.4,17.45,6703
305,17.5,17.5,17.4,17.4,9267
306,17.5,17.55,17.45,17.475,11143
307,17.55,17.55,17.45,17.45,11600
308,17.45,17.55,17.45,17.5,17188
309,17.45,17.525,17.45,17.45,13782
310,17.45,17.5,17.45,17.475,3890
311,17.5,17.5,17.45,17.5,7159
312,17.475,17.5,17.45,17.45,7458
313,17.5,17.5,17.45,17.5,7695
314,17.575,17.6,17.45,17.5,8578
315,17.55,17.6,17.5,17.55,9432
316,17.675,17.7,17.55,17.575,16325
317,17.675,17.75,17.65,17.65,10772
318,17.7,17.75,17.65,17.7,12642
319,17.7,17.75,17.65,17.7,11200
320,17.75,17.75,17.65,17.7,13509
321,17.825,17.875,17.7,17.725,22995
322,17.9,17.95,17.8,17.825,20369
323,17.95,18,17.85,17.85,27078
324,17.85,17.95,17.85,17.925,23551
325,17.95,17.95,17.85,17.85,19085
326,17.825,17.925,17.8,17.925,45533
327,17.9,17.9,17.85,17.9,139051
432,17.85,17.85,17.8,17.8,6780
433,17.75,17.95,17.75,17.75,19169
434,17.75,17.85,17.675,17.775,11411
435,17.7,17.7499,17.55,17.7499,29528
436,17.725,17.725,17.6,17.7,13600
437,17.7,17.75,17.65,17.675,20424
438,17.725,17.75,17.65,17.7,26515
439,17.725,17.7625,17.7,17.7,13846
440,17.725,17.75,17.7,17.75,5788
441,17.75,17.8,17.7,17.75,20237
442,17.725,17.775,17.7086,17.7086,9973
443,17.725,17.75,17.7,17.75,11586
444,17.75,17.8,17.7,17.75,27318
445,17.775,17.8,17.725,17.75,23476
446,17.8,17.85,17.7,17.75,20640
447,17.75,17.85,17.75,17.825,5773
448,17.8,17.8,17.75,17.775,2963
449,17.775,17.8,17.725,17.775,12395
450,17.75,17.825,17.75,17.8,21180
451,17.7,17.8,17.7,17.775,11971
452,17.7,17.75,17.7,17.75,2296
453,17.7,17.75,17.7,17.75,700
454,17.8,17.8,17.75,17.75,8484
455,17.8,17.85,17.775,17.7999,11163
456,17.8,17.85,17.75,17.8,8044
457,17.775,17.825,17.75,17.825,6955
458,17.675,17.8,17.675,17.8,34499
459,17.675,17.725,17.65,17.675,11000
460,17.65,17.7,17.6,17.675,10300
461,17.75,17.75,17.65,17.65,13171
462,17.775,17.85,17.725,17.75,16536
463,17.8,17.8,17.7,17.75,12935
464,17.825,17.85,17.75,17.8,8701
465,17.85,17.85,17.8,17.85,6412
466,17.85,17.9,17.8,17.8062,21988
467,17.825,17.875,17.75,17.85,20764
468,17.85,17.875,17.8,17.825,25466
469,17.875,17.95,17.825,17.85,24650
470,17.9,17.95,17.85,17.875,35315
471,17.8,17.95,17.75,17.925,154253
864,17.8,17.8,17.8,17.8,5655
865,17.65,17.8,17.6,17.6,5713
866,17.45,17.6,17.45,17.6,18635
867,17.25,17.5,17.25,17.5,20845
868,17.275,17.3,17.2,17.25,27413
869,17.2,17.3,17.15,17.3,32631
870,17.1,17.1769,17.1,17.1769,19387
871,16.975,17.2,16.9,17.125,77233
872,17.05,17.085,16.975,16.975,22619
873,16.975,17.05,16.95,17.025,33522
874,16.9,17,16.85,16.975,44593
875,16.925,17,16.875,16.925,22307
876,16.85,16.95,16.85,16.905,13402
877,16.9,16.9,16.85,16.85,12708
878,16.9,17.05,16.85,16.9,33484
879,16.992,17,16.9,16.95,5763
880,16.975,17.025,16.95,16.975,23921
881,16.975,17.05,16.95,16.975,15888
882,17,17,16.95,16.955,5839
883,16.975,17,16.95,16.95,3800
884,17.1,17.15,16.95,17,13124
885,17.12,17.15,17.05,17.125,21186
886,17.125,17.15,17.1,17.105,9300
887,17.175,17.2,17.1,17.15,17405
888,17.2125,17.25,17.15,17.15,14544
889,17.2,17.25,17.15,17.25,15453
890,17.3,17.35,17.15,17.205,27549
891,17.25,17.35,17.25,17.3,13565
892,17.275,17.3,17.25,17.275,11900
893,17.25,17.3,17.25,17.3,10400
894,17.15,17.3,17.15,17.3,23815
895,17.15,17.2,17.15,17.15,16561
896,17.1,17.2,17.1,17.2,11300
897,17.075,17.125,17.05,17.125,10400
898,17.125,17.15,17.05,17.075,33256
899,17.125,17.15,17.1,17.125,14750
900,17.155,17.25,17.125,17.125,60416
901,17.15,17.2,17.1,17.175,13684
902,17,17.15,17,17.1,42637
903,17.05,17.15,16.95,17.025,175677
a1496755800,17,17,17,17,5576
1,16.95,17.15,16.85,17.05,45672
2,17,17,16.9,16.95,19120
3,16.85,17,16.85,17,42480
4,16.875,16.95,16.85,16.9,14695
5,16.875,16.8999,16.85,16.875,4500
6,16.775,16.875,16.75,16.85,26687
7,16.75,16.7999,16.75,16.775,4000
8,16.675,16.8,16.65,16.751,43645
9,16.65,16.7,16.5,16.675,25224
10,16.6125,16.65,16.6,16.65,6835
11,16.675,16.7,16.6056,16.625,9453
12,16.725,16.8,16.65,16.675,67590
13,16.85,16.85,16.725,16.75,8919
14,16.75,16.85,16.725,16.825,21844
15,16.675,16.75,16.65,16.75,13678
16,16.7,16.75,16.65,16.7,28492
17,16.75,16.75,16.65,16.675,8505
18,16.725,16.75,16.7,16.75,1700
19,16.7,16.725,16.6675,16.725,8717
20,16.7,16.7,16.65,16.7,4650
21,16.65,16.7,16.65,16.675,4350
22,16.55,16.7,16.55,16.65,23344
23,16.55,16.625,16.55,16.575,31492
24,16.475,16.6,16.45,16.55,21189
25,16.55,16.55,16.45,16.475,8000
26,16.6,16.6,16.5,16.55,16255
27,16.595,16.6,16.5,16.6,12653
28,16.625,16.65,16.55,16.575,7319
29,16.675,16.7,16.6,16.6251,11100
30,16.75,16.75,16.6749,16.7,16013
31,16.85,16.85,16.75,16.75,11103
32,16.875,16.925,16.8,16.85,20778
33,16.85,16.9,16.85,16.875,3213
34,16.8,16.95,16.8,16.875,27485
35,16.825,16.85,16.8,16.8,8600
36,16.9,16.9,16.8,16.85,24436
37,16.8736,16.9,16.8,16.875,31197
38,16.8,16.9,16.75,16.9,59661
39,16.8,16.8,16.75,16.8,178556
144,16.8,16.8,16.8,16.8,1930
145,16.85,17.05,16.65,16.85,26125
146,16.7,16.9237,16.7,16.875,8346
147,16.35,16.7,16.35,16.7,42240
148,16.55,16.6,16.325,16.4,25486
149,16.65,16.7,16.5,16.525,11153
150,16.6,16.65,16.55,16.65,8403
151,16.45,16.6,16.45,16.6,18980
152,16.5,16.5,16.4,16.45,11902
153,16.55,16.55,16.45,16.495,8219
154,16.45,16.55,16.45,16.55,10300
155,16.575,16.6,16.45,16.475,16239
156,16.571,16.6,16.55,16.575,3551
157,16.65,16.65,16.6,16.6,7036
158,16.65,16.65,16.625,16.65,4200
159,16.75,16.75,16.6119,16.65,17201
160,16.8,16.8,16.65,16.7,12700
161,16.95,16.95,16.7748,16.775,18683
162,16.95,17,16.9008,16.925,27633
163,16.9,16.95,16.85,16.95,22177
164,16.75,16.925,16.75,16.9,10686
165,16.775,16.8,16.7,16.8,10934
166,16.75,16.8,16.7,16.75,5300
167,16.725,16.75,16.7,16.75,4700
168,16.75,16.75,16.7,16.7,5500
169,16.65,16.75,16.65,16.75,16987
170,16.675,16.75,16.65,16.7,16655
171,16.625,16.7,16.6,16.675,12200
172,16.55,16.625,16.55,16.625,7674
173,16.4,16.6,16.4,16.55,16690
174,16.375,16.425,16.35,16.425,14688
175,16.3,16.4,16.3,16.4,15363
176,16.325,16.4,16.3,16.35,10256
177,16.275,16.3252,16.25,16.3,12995
178,16.315,16.35,16.275,16.3,17499
179,16.325,16.35,16.3,16.325,16056
180,16.45,16.45,16.35,16.35,27508
181,16.325,16.45,16.3,16.4,34232
182,16.25,16.35,16.25,16.35,57893
183,16.25,16.3,16.25,16.25,186043
288,16.45,16.45,16.25,16.25,3327
289,16.45,16.55,16.2,16.45,11424
290,16.525,16.55,16.4,16.45,16539
291,16.625,16.65,16.45,16.5,9100
292,16.6,16.65,16.55,16.6,11915
293,16.6,16.7,16.55,16.575,19996
294,16.5,16.575,16.5,16.575,9110
295,16.475,16.6,16.45,16.55,22787
296,16.775,16.8,16.45,16.45,35517
297,16.7001,16.7768,16.675,16.7768,26045
298,16.825,16.825,16.7,16.725,23590
299,16.925,16.975,16.85,16.85,36204
300,17,17.05,16.9,16.925,19186
301,16.9,17,16.9,17,8196
302,16.85,16.95,16.8,16.9,12861
303,16.85,16.95,16.8,16.85,16353
304,16.95,16.975,16.8,16.815,13583
305,16.975,17,16.9,16.95,15194
306,16.925,16.975,16.9,16.95,7733
307,16.8,16.95,16.8,16.95,13466
308,16.9,16.9,16.85,16.85,3597
309,16.95,17,16.875,16.875,7417
310,16.85,16.945,16.85,16.9,5208
311,16.875,16.9,16.875,16.875,1891
312,16.8001,16.95,16.8,16.9,11821
313,16.9,16.925,16.8,16.825,7870
314,16.85,16.95,16.85,16.9,5787
315,16.925,16.95,16.825,16.85,8518
316,16.9,16.925,16.875,16.925,3012
317,16.875,16.95,16.875,16.9,7146
318,16.775,16.875,16.775,16.875,14302
319,16.775,16.85,16.75,16.75,8746
320,16.7312,16.8,16.7113,16.8,5123
321,16.75,16.75,16.675,16.75,12434
322,16.8,16.8,16.7338,16.75,6735
323,16.8,16.825,16.75,16.8,15178
324,16.8,16.825,16.75,16.775,7266
325,16.75,16.775,16.7,16.775,14338
326,16.8,16.825,16.7,16.75,18455
327,16.8,16.85,16.75,16.8,85501
432,16.55,16.85,16.55,16.85,3335
433,16.85,17.1,16.85,16.95,2462
434,16.725,16.85,16.7,16.8,28721
435,16.7,16.75,16.65,16.75,8110
436,16.7,16.75,16.65,16.65,13673
437,16.675,16.725,16.625,16.65,34048
438,16.95,16.95,16.65,16.675,32818
439,17,17.05,16.9573,16.975,10602
440,17,17.05,16.95,17,48694
441,17,17.05,16.95,17,16836
442,16.975,17.075,16.975,17.025,13361
443,17.25,17.25,17,17,16007
444,17.225,17.25,17.15,17.17,11057
445,17,17.25,17,17.225,28437
446,17.1,17.1,17,17,2991
447,17.075,17.15,17.05,17.1,17032
448,17.1,17.1,17.05,17.05,16590
449,17.024,17.1,17,17.1,13688
450,16.975,17.05,16.95,17.025,6515
451,16.95,17.05,16.95,17,18628
452,16.95,17,16.925,16.95,34510
453,16.95,17.05,16.9,16.95,21091
454,17.1,17.125,17,17,12588
455,17.075,17.1,17,17.0739,19085
456,17.15,17.15,17.1,17.1,9300
457,17.125,17.15,17.1,17.1248,10895
458,17.225,17.25,17.125,17.125,43255
459,17.2,17.3,17.175,17.225,24394
460,17.2,17.25,17.15,17.15,20460
461,17.2,17.25,17.175,17.2,19500
462,17.2,17.275,17.15,17.2,47678
463,17.175,17.25,17.1,17.2,35578
464,17.075,17.2,17.075,17.175,23429
465,17.25,17.25,17.025,17.05,32465
466,17.275,17.3,17.2,17.225,42656
467,17.325,17.4,17.25,17.3,55009
468,17.35,17.375,17.3,17.3,20314
469,17.35,17.375,17.25,17.375,66430
470,17.5,17.55,17.325,17.35,56694
471,17.45,17.5,17.45,17.475,150468
864,17.4,17.4,17.4,17.4,2888
865,17.35,17.6,17.35,17.4,29981
866,17.275,17.4,17.2,17.35,112303
867,17.05,17.3,17,17.25,119596
868,17.25,17.334,17.075,17.075,20854
869,17.35,17.35,17.25,17.25,42155
870,17.35,17.45,17.275,17.35,33587
871,17.375,17.4,17.25,17.35,27138
872,17.3,17.45,17.25,17.375,25495
873,17.2,17.35,17.2,17.34,32003
874,17.2,17.3,17.175,17.25,13862
875,17.3,17.3,17.15,17.175,26527
876,17.35,17.4,17.3,17.35,27821
877,17.45,17.5,17.325,17.35,18753
878,17.475,17.5,17.4,17.4,30187
879,17.5,17.5,17.45,17.45,3300
880,17.45,17.5,17.4,17.475,14957
881,17.375,17.425,17.35,17.4,6100
882,17.325,17.4,17.3,17.35,11669
883,17.45,17.45,17.3,17.35,13924
884,17.675,17.675,17.445,17.445,47868
885,17.475,17.675,17.45,17.675,32790
886,17.475,17.4865,17.45,17.475,1713
887,17.5,17.5,17.45,17.475,4400
888,17.55,17.55,17.5,17.5,11506
889,17.55,17.55,17.5,17.525,6213
890,17.525,17.55,17.5125,17.55,3700
891,17.55,17.55,17.5032,17.55,5093
892,17.55,17.55,17.45,17.525,18287
893,17.55,17.55,17.5,17.55,3026
894,17.6,17.6,17.5,17.525,7823
895,17.7,17.7,17.55,17.575,29014
896,17.6,17.7,17.55,17.675,32745
897,17.575,17.625,17.55,17.6,12311
898,17.65,17.65,17.55,17.6,11305
899,17.675,17.75,17.65,17.65,29641
900,17.65,17.7,17.6,17.7,26971
901,17.65,17.65,17.6,17.65,12781
902,17.525,17.65,17.5,17.65,45978
903,17.5,17.55,17.4,17.525,193927
a1497360600,17.45,17.45,17.45,17.45,2832
1,17.65,17.65,17.25,17.4,6677
2,17.4738,17.6,17.45,17.6,8010
3,17.425,17.5,17.4,17.5,6500
4,17.325,17.5,17.275,17.425,14790
5,17.175,17.35,17.175,17.3,16050
6,17.4,17.4,17.15,17.2,16751
7,17.3999,17.45,17.25,17.4,18613
8,17.375,17.4,17.275,17.35,15477
9,17.4,17.45,17.35,17.4,9203
10,17.45,17.45,17.3,17.425,18066
11,17.325,17.5,17.325,17.45,19609
12,17.275,17.35,17.2,17.35,15660
13,17.3,17.35,17.225,17.3,27936
14,17.2,17.3,17.2,17.3,9400
15,17.15,17.25,17.1,17.25,18867
16,17.125,17.2,17.1,17.15,9543
17,17.2,17.2,17.1,17.1465,5315
18,17.15,17.2,17.15,17.2,6200
19,17.1727,17.2,17.15,17.175,6098
20,17.2,17.3,17.15,17.175,23524
21,17.225,17.25,17.2,17.25,7100
22,17.1,17.25,17.1,17.2,20779
23,17.1,17.15,17.1,17.125,2840
24,17.1,17.15,17.025,17.15,21642
25,17.125,17.15,17.05,17.05,8260
26,17,17.125,16.95,17.125,18416
27,17.05,17.05,16.9736,17,8508
28,17.1,17.1,17,17.025,8703
29,17.1,17.1,17.0501,17.0501,8700
30,17.2,17.2,17.075,17.1,18127
31,17.175,17.2,17.125,17.175,12387
32,17.125,17.2,17.125,17.2,25417
33,17.25,17.3,17.15,17.15,15727
34,17.225,17.3,17.2,17.3,20821
35,17.3295,17.35,17.2,17.2,15096
36,17.25,17.4,17.225,17.35,25883
37,17.225,17.3,17.225,17.275,20169
38,17.2,17.25,17.15,17.25,33133
39,17.3,17.3,17.15,17.2,117014
144,17.35,17.35,17.35,17.35,4940
145,17.2,17.4,16.85,16.85,10685
146,17.25,17.25,17.1,17.2,6755
147,17.25,17.3,17.1768,17.3,2900
148,17.25,17.25,17.15,17.225,7438
149,17.25,17.25,17,17.225,17464
150,17.3,17.35,17.2,17.2,7664
151,17.3,17.3,17.2,17.275,6000
152,17.2205,17.275,17.2,17.275,5023
153,17.15,17.25,17.15,17.25,7646
154,17.225,17.25,17.15,17.175,9952
155,17.325,17.4,17.225,17.25,12136
156,17.4,17.4,17.3,17.325,5108
157,17.475,17.5,17.375,17.375,8575
158,17.5,17.55,17.475,17.5,6227
159,17.425,17.575,17.4,17.525,14136
160,17.425,17.425,17.4073,17.417,2400
161,17.38,17.425,17.325,17.425,8421
162,17.375,17.45,17.325,17.4,14941
163,17.4,17.4,17.3714,17.4,3400
164,17.45,17.45,17.4,17.4,3288
165,17.4,17.45,17.35,17.45,13292
166,17.4,17.4,17.3,17.35,10602
167,17.45,17.45,17.375,17.4,6662
168,17.45,17.5,17.375,17.45,16082
169,17.425,17.5,17.425,17.4278,6872
170,17.275,17.425,17.25,17.425,21605
171,17.35,17.35,17.275,17.3,4900
172,17.3,17.35,17.2,17.3,17351
173,17.25,17.35,17.225,17.3,10145
174,17.275,17.3,17.2,17.25,7758
175,17.3,17.3,17.2,17.3,9554
176,17.2,17.3,17.15,17.3,13605
177,17.2,17.3,17.2,17.225,9918
178,17.275,17.35,17.2,17.2,8180
179,17.2244,17.275,17.15,17.25,14400
180,17.2,17.25,17.2,17.225,6977
181,17.249,17.275,17.2,17.25,7300
182,17.25,17.3,17.2,17.25,13866
183,17.35,17.4,17.225,17.25,121722
288,17.25,17.25,17.25,17.25,4800
289,17.2,17.3242,17.2,17.2,6093
290,17.125,17.25,17.1,17.25,6514
291,17.175,17.2,17.05,17.125,13500
292,17.15,17.2,17.05,17.175,15894
293,17.175,17.2,17.15,17.15,5300
294,17.25,17.25,17.1,17.175,19350
295,17.225,17.3,17.2,17.25,8897
296,17.075,17.25,17,17.2,25800
297,16.875,17.0999,16.85,17.075,16596
298,16.875,16.95,16.85,16.875,14487
299,16.85,16.9,16.85,16.892,15974
300,16.9337,16.95,16.85,16.85,22160
301,16.875,17,16.85,16.925,19158
302,16.825,16.9,16.8,16.875,10850
303,16.7,16.8,16.7,16.8,16956
304,16.75,16.8,16.7,16.725,18300
305,16.725,16.775,16.7,16.75,7551
306,16.675,16.75,16.65,16.725,10749
307,16.65,16.7,16.65,16.675,12348
308,16.65,16.7,16.6,16.7,23616
309,16.6,16.625,16.55,16.6,20542
310,16.55,16.625,16.525,16.6,21226
311,16.5,16.6,16.475,16.55,26639
312,16.45,16.5,16.45,16.5,14035
313,16.525,16.525,16.475,16.475,48708
314,16.425,16.525,16.4,16.525,19125
315,16.45,16.5,16.4,16.425,9331
316,16.45,16.55,16.45,16.475,19680
317,16.425,16.55,16.4,16.45,29527
318,16.425,16.475,16.4,16.4,14600
319,16.3756,16.4275,16.35,16.4,19365
320,16.5,16.55,16.3,16.35,102667
321,16.4,16.499,16.375,16.475,22927
322,16.3,16.4,16.3,16.4,22799
323,16.25,16.3,16.2,16.3,58224
324,16.15,16.275,16.15,16.25,47887
325,16.1,16.15,16.1,16.15,36865
326,16.275,16.3,16.1,16.125,196518
327,16.1,16.3,16.1,16.25,213864
432,16,16,16,16,68571
433,16.3,16.4312,16.05,16.15,22006
434,16.4,16.449,16.1,16.2825,20465
435,16.4,16.45,16.325,16.351,8245
436,16.35,16.45,16.325,16.35,8276
437,16.4,16.4,16.35,16.375,5400
438,16.525,16.55,16.3838,16.4,16626
439,16.25,16.55,16.2,16.525,25886
440,16.125,16.25,16.075,16.2,27926
441,16.2,16.2,16.1,16.125,10143
442,16.175,16.2,16.1,16.2,14594
443,16.125,16.2,16.125,16.175,7354
444,16.125,16.125,16.1,16.125,5183
445,16.15,16.15,16.1,16.125,5477
446,16.2,16.2,16.125,16.15,11790
447,16.2,16.2,16.175,16.2,5607
448,16.199,16.2,16.15,16.2,6508
449,16.1,16.2,16.1,16.19,24154
450,16.15,16.2,16.1,16.1,12355
451,16.15,16.15,16.1,16.15,4800
452,16.125,16.15,16.125,16.15,5231
453,16.0759,16.15,16.05,16.125,13099
454,16.05,16.1,16,16.05,17285
455,16.025,16.05,16,16.05,4000
456,16.05,16.05,16,16.025,3268
457,16,16.05,16,16.025,35762
458,16.05,16.05,16,16.0295,2338
459,16.15,16.15,16.025,16.025,18815
460,16.2,16.2,16.125,16.15,12672
461,16.2,16.2,16.15,16.2,5426
462,16.2,16.2,16.15,16.2,9644
463,16.25,16.25,16.175,16.2,25222
464,16.325,16.35,16.25,16.25,14458
465,16.325,16.375,16.3,16.35,11675
466,16.35,16.35,16.3,16.35,5614
467,16.275,16.35,16.225,16.35,28059
468,16.275,16.3,16.25,16.275,5981
469,16.25,16.3,16.2,16.3,26168
470,16.175,16.25,16.15,16.25,23710
471,16.4,16.4,16.225,16.225,486476
864,16.45,16.45,16.45,16.45,2835
865,16.44,16.5,16.25,16.25,10734
866,16.4255,16.5,16.4,16.4757,8441
867,16.55,16.55,16.401,16.401,9200
868,16.6205,16.6448,16.55,16.55,16213
869,16.675,16.725,16.6,16.65,9480
870,16.7,16.75,16.65,16.7,9493
871,16.75,16.75,16.65,16.7261,12415
872,16.85,16.85,16.775,16.775,4847
873,16.875,16.95,16.85,16.85,19913
874,16.925,16.95,16.85,16.85,5639
875,16.858,16.925,16.85,16.9,5940
876,16.9,16.9,16.85,16.9,4733
877,16.95,16.95,16.85,16.875,11107
878,16.95,16.95,16.9,16.95,17282
879,16.925,16.95,16.9,16.95,4222
880,17.045,17.05,16.9,16.9,16940
881,17.15,17.15,17,17.025,11993
882,17.1,17.2,17.05,17.15,14683
883,17.05,17.0855,17,17.0855,4213
884,17.025,17.075,16.95,17.05,7871
885,17.095,17.1,17.025,17.025,4909
886,17.05,17.095,17.05,17.095,8001
887,17.0917,17.095,17.05,17.095,2000
888,17.075,17.1462,17.05,17.1,10775
889,17.1,17.125,17.051,17.075,6763
890,17.025,17.125,17.025,17.125,39398
891,17.05,17.05,17,17.05,6297
892,17.016,17.05,17,17.025,6372
893,16.975,17.05,16.95,17.045,21953
894,16.925,16.9754,16.9,16.975,8836
895,16.8638,16.9,16.85,16.9,8366
896,16.85,16.9,16.825,16.875,10917
897,16.85,16.875,16.85,16.875,2100
898,16.85,16.875,16.8,16.875,9460
899,16.75,16.9,16.75,16.8216,19922
900,16.75,16.85,16.7,16.75,20217
901,16.65,16.8,16.65,16.75,26134
902,16.75,16.75,16.6075,16.65,44879
903,16.65,16.8,16.45,16.775,366204
a1497965400,16.85,16.85,16.7,16.7,3121
1,16.8,17,16.7,16.85,14037
2,17.05,17.075,16.8,16.8,19560
3,17.15,17.15,17.05,17.05,5316
4,16.9,17.125,16.875,17.1,36293
5,17.1,17.2,16.85,16.9,45088
6,17.225,17.25,17.05,17.0917,22908
7,17.125,17.25,17.1,17.225,14248
8,17.2,17.2,17,17.1,11810
9,17.3,17.35,17.15,17.25,28084
10,17.3,17.35,17.25,17.299,15008
11,17.3,17.35,17.15,17.35,19990
12,17.25,17.3,17.25,17.25,3710
13,17.125,17.25,17.1,17.25,13196
14,17.2,17.25,17.125,17.15,9468
15,17.225,17.25,17.2001,17.25,1370
16,17.15,17.225,17.05,17.2,14117
17,17.125,17.15,17.1005,17.125,1900
18,17.05,17.15,17,17.15,7884
19,17.075,17.1,17.0245,17.0245,5792
20,16.95,17.1,16.9,17.1,12090
21,17,17.025,16.95,17,6800
22,17.075,17.075,17,17,4700
23,17.125,17.15,17.075,17.075,5202
24,17.05,17.175,17.05,17.15,12643
25,17.1,17.15,17.05,17.1,7639
26,17.075,17.1,17.025,17.1,6510
27,17.15,17.15,17.051,17.075,5300
28,17.15,17.15,17.101,17.15,5200
29,17.1,17.175,17.1,17.15,8200
30,17.1,17.15,17.05,17.1,9250
31,17.1,17.125,17.1,17.125,4688
32,17.05,17.1,17.025,17.1,7155
33,16.95,17,16.9,17,13596
34,16.9,17.05,16.9,16.95,9701
35,16.85,17,16.85,16.95,16194
36,16.95,17,16.85,16.875,11968
37,16.9,16.95,16.8501,16.95,14964
38,16.9,16.95,16.8,16.945,25670
39,16.85,16.9,16.8,16.9,177261
144,16.9,16.9,16.9,16.9,4737
145,17,17,16.75,16.949,9370
146,17.3,17.3,17,17,11606
147,17.351,17.4,17.2,17.2965,8054
148,17.43,17.43,17.35,17.4,9907
149,17.5,17.55,17.4,17.425,14338
150,17.625,17.7,17.5,17.5,16619
151,17.5,17.645,17.451,17.645,13830
152,17.575,17.575,17.5,17.5,1259
153,17.5,17.55,17.475,17.55,8994
154,17.425,17.525,17.4,17.5,19466
155,17.325,17.45,17.3,17.45,10039
156,17.45,17.45,17.35,17.35,9855
157,17.45,17.5,17.4,17.4499,14325
158,17.375,17.475,17.35,17.4,30111
159,17.425,17.475,17.375,17.4,17500
160,17.425,17.5,17.4,17.425,21504
161,17.45,17.5,17.425,17.45,20252
162,17.475,17.5,17.3999,17.425,26768
163,17.5,17.525,17.45,17.5,13103
164,17.55,17.55,17.425,17.5,11974
165,17.425,17.525,17.4,17.525,8896
166,17.425,17.45,17.375,17.425,13586
167,17.3761,17.45,17.35,17.425,7400
168,17.425,17.45,17.4,17.4,23349
169,17.45,17.5,17.4168,17.4168,13447
170,17.4999,17.525,17.45,17.5,20598
171,17.575,17.6,17.5,17.5,8748
172,17.6,17.6,17.45,17.6,30029
173,17.5747,17.7,17.5747,17.6,38746
174,17.55,17.65,17.525,17.6,25468
175,17.55,17.55,17.5,17.55,9649
176,17.5,17.55,17.5,17.55,7200
177,17.425,17.55,17.4,17.5,12031
178,17.55,17.55,17.375,17.4,19944
179,17.55,17.575,17.5,17.55,18731
180,17.525,17.55,17.5,17.55,9201
181,17.5,17.55,17.45,17.525,41442
182,17.7,17.7,17.5,17.5,37436
183,17.75,17.75,17.65,17.7,198201
288,17.8999,17.8999,17.85,17.85,7124
289,17.85,18.1,17.8442,17.9,18101
290,18.5,18.7,17.6501,17.75,105373
291,18.35,18.7,18.2,18.4999,46473
292,18.3294,18.4,18.21,18.309,9473
293,18.375,18.425,18.3,18.375,17133
294,18.4582,18.475,18.255,18.4,23798
295,18.55,18.55,18.4,18.4758,11699
296,18.5,18.525,18.45,18.5084,21266
297,18.65,18.65,18.467,18.467,26125
298,18.625,18.65,18.6,18.625,8400
299,18.8,18.8801,18.625,18.625,39474
300,18.65,18.8,18.65,18.8,10974
301,18.575,18.7,18.55,18.625,12794
302,18.625,18.675,18.6,18.6,5999
303,18.551,18.625,18.45,18.6,10488
304,18.65,18.65,18.55,18.575,5120
305,18.6001,18.675,18.6,18.6,21004
306,18.625,18.65,18.525,18.6,39806
307,18.55,18.6799,18.5,18.65,28615
308,18.6167,18.625,18.55,18.6,4221
309,18.575,18.65,18.55,18.65,14099
310,18.5,18.6,18.45,18.55,13731
311,18.4,18.575,18.4,18.55,15970
312,18.375,18.45,18.325,18.35,7704
313,18.375,18.4,18.35,18.35,6500
314,18.5,18.525,18.4,18.4,5900
315,18.45,18.5,18.45,18.5,3900
316,18.475,18.5,18.4,18.45,8079
317,18.35,18.5,18.35,18.45,11924
318,18.375,18.4,18.25,18.35,9000
319,18.325,18.4,18.275,18.375,8300
320,18.325,18.325,18.2,18.325,11102
321,18.35,18.35,18.25,18.3,11305
322,18.3683,18.375,18.3,18.35,6066
323,18.25,18.375,18.25,18.375,18265
324,18.15,18.25,18.1,18.25,23237
325,18.175,18.2,18.075,18.15,16033
326,18.15,18.2,18.1,18.15,38298
327,18.2,18.2,18.1,18.15,98653
432,18.2,18.2,18.15,18.15,4856
433,18,18.2,17.95,18.2,15879
434,17.9,18,17.9,17.95,7200
435,18.05,18.1,17.851,17.851,8945
436,18.225,18.225,18,18.075,9012
437,18.2695,18.2695,18.15,18.225,10615
438,18.3,18.35,18.2,18.275,8300
439,18.05,18.325,18.05,18.3,16651
440,18.025,18.15,18,18.075,8910
441,18.1,18.2,18,18.05,13676
442,18.05,18.125,18,18.125,25316
443,18.011,18.1,17.95,18.075,10914
444,18.05,18.05,17.9,17.95,6719
445,17.9761,18,17.9,17.95,2500
446,17.95,17.975,17.85,17.975,5690
447,17.95,18.1,17.9,18,19466
448,17.95,18,17.9,17.95,10696
449,18.05,18.15,17.95,17.95,9500
450,18.1,18.15,18.05,18.05,6657
451,18.125,18.15,18.1,18.1,1900
452,18.15,18.15,18.05,18.15,19145
453,18.1,18.225,18.1,18.15,6700
454,18.075,18.15,18,18.1,7794
455,18.1,18.125,18.05,18.05,12200
456,18.15,18.2223,18.1,18.15,6871
457,18.25,18.3,18.1,18.1,16519
458,18.15,18.25,18.15,18.25,6807
459,18.15,18.25,18.1,18.15,9248
460,18.175,18.201,18.15,18.2,4106
461,18.2,18.2,18.1,18.15,7556
462,18.125,18.1782,18.1,18.1,10362
463,18.1408,18.15,18.05,18.125,13456
464,18.2,18.2,18.075,18.1,10900
465,18.15,18.2,18.1,18.15,6113
466,18.075,18.175,18.05,18.15,13386
467,18.05,18.1,18.05,18.075,14226
468,18.1,18.15,18.05,18.05,51725
469,18.25,18.3,18.1,18.1,15172
470,18.2,18.35,18.175,18.25,48846
471,18.35,18.45,18.25,18.25,438728
864,18.25,18.25,18.25,18.25,6486
865,17.7,18.3228,17.6,18,54815
866,17.65,17.75,17.5,17.7,65151
867,18.05,18.05,17.65,17.65,65873
868,18.1,18.3,18.05,18.12,20934
869,18.225,18.275,18.1,18.125,36577
870,18.3,18.4,18.2,18.2,23172
871,18.15,18.2784,18.125,18.275,12356
872,18.1,18.2,18.05,18.15,25639
873,18.1,18.2,17.95,18.15,46242
874,17.9279,18.1,17.9,18.05,12300
875,17.875,17.95,17.85,17.925,20869
876,17.9,17.975,17.85,17.8872,12808
877,17.875,17.925,17.825,17.925,21737
878,17.95,17.95,17.825,17.85,10019
879,17.9511,18.025,17.9,17.95,11915
880,18.025,18.045,18,18,8198
881,18.2,18.2,18.05,18.05,18813
882,18.225,18.25,18.15,18.15,18482
883,18.275,18.2875,18.15,18.225,29963
884,18.1783,18.3,18.15,18.25,31958
885,18.175,18.225,18.125,18.175,18249
886,18.11,18.175,18.1,18.175,9523
887,18.1,18.15,18.1,18.1,4220
888,18.125,18.15,18.1,18.125,13492
889,18.175,18.2,18.1,18.125,11734
890,18.225,18.25,18.15,18.2,19875
891,18.15,18.225,18.15,18.2,10966
892,18.175,18.25,18.15,18.15,13778
893,18.175,18.1751,18.15,18.175,6694
894,18.175,18.2,18.15,18.175,7500
895,18.225,18.25,18.15,18.2,9701
896,18.225,18.3,18.2,18.25,14252
897,18.325,18.35,18.2,18.2,12220
898,18.375,18.4,18.3,18.325,30560
899,18.325,18.45,18.325,18.375,29928
900,18.325,18.35,18.175,18.3,30890
901,18.325,18.35,18.3,18.325,12278
902,18.425,18.5,18.3,18.325,61325
903,18.35,18.45,18.3,18.425,146927
a1498570200,18.3,18.3,18.3,18.3,6752
1,18.025,18.3229,17.925,18.3,36432
2,18,18.05,17.9,18.025,16128
3,18,18.0728,18,18.05,8200
4,18.3,18.3,18,18.025,21058
5,18.375,18.375,18.3,18.3,31520
6,18.425,18.4896,18.35,18.35,46300
7,18.425,18.4417,18.35,18.425,52400
8,18.3,18.425,18.3,18.4,62587
9,18.35,18.4,18.299,18.3,38650
10,18.35,18.3832,18.325,18.35,8587
11,18.375,18.4,18.301,18.325,10071
12,18.475,18.4777,18.36,18.375,14725
13,18.6,18.65,18.4,18.469,18744
14,18.575,18.65,18.55,18.625,7000
15,18.625,18.625,18.5,18.55,6915
16,18.55,18.625,18.55,18.6,13667
17,18.5,18.55,18.475,18.525,12800
18,18.4,18.475,18.4,18.475,4600
19,18.35,18.4395,18.325,18.425,18209
20,18.35,18.4,18.35,18.4,19643
21,18.4,18.45,18.35,18.375,40274
22,18.625,18.65,18.375,18.4,30533
23,18.625,18.65,18.525,18.6,25526
24,18.675,18.7,18.575,18.6,39158
25,18.585,18.725,18.55,18.7,22924
26,18.45,18.55,18.375,18.55,29318
27,18.425,18.55,18.425,18.45,30918
28,18.35,18.425,18.35,18.425,7730
29,18.3,18.35,18.25,18.35,8411
30,18.3125,18.34,18.275,18.3,8486
31,18.375,18.4,18.25,18.2957,13900
32,18.4,18.425,18.35,18.35,17705
33,18.425,18.5,18.4,18.45,27844
34,18.375,18.5,18.35,18.45,24998
35,18.375,18.4,18.35,18.375,7077
36,18.25,18.375,18.25,18.35,7000
37,18.325,18.35,18.2,18.25,67294
38,18.25,18.35,18.2,18.35,23066
39,18.15,18.25,18.15,18.225,158414
144,18.3,18.3,18.3,18.3,3514
145,18.15,18.35,18.05,18.349,6065
146,18.25,18.3,18.2,18.2,4186
147,18.125,18.2535,18.1,18.25,9547
148,18.35,18.35,18.1,18.1499,7487
149,18.35,18.4,18.21,18.4,8882
150,18.35,18.4,18.3,18.35,26237
151,18.5,18.5,18.35,18.35,11197
152,18.55,18.6,18.4,18.45,7365
153,18.55,18.6,18.475,18.55,10155
154,18.4,18.55,18.4,18.51,10400
155,18.4,18.425,18.3,18.425,18050
156,18.275,18.375,18.25,18.35,5659
157,18.275,18.275,18.2,18.25,8833
158,18.275,18.325,18.25,18.3,5652
159,18.3,18.375,18.25,18.3,20116
160,18.25,18.35,18.25,18.3,46159
161,18.4,18.4,18.25,18.25,30776
162,18.45,18.45,18.3,18.4,29513
163,18.4,18.45,18.35,18.45,21087
164,18.45,18.475,18.349,18.375,13760
165,18.4,18.475,18.4,18.4,5600
166,18.375,18.425,18.35,18.425,2600
167,18.375,18.425,18.35,18.35,5630
168,18.425,18.425,18.35,18.35,7347
169,18.5,18.5,18.4,18.45,14976
170,18.475,18.55,18.45,18.525,8400
171,18.55,18.55,18.475,18.5,4700
172,18.6,18.6,18.5,18.55,8080
173,18.6,18.6,18.5,18.55,19715
174,18.45,18.575,18.4,18.575,12556
175,18.45,18.45,18.35,18.425,16500
176,18.475,18.5,18.4,18.4,18889
177,18.5,18.55,18.45,18.55,23288
178,18.525,18.6,18.45,18.525,40464
179,18.5,18.55,18.45,18.55,26605
180,18.55,18.55,18.475,18.5,14388
181,18.65,18.7,18.5,18.5,45257
182,18.55,18.675,18.5,18.65,40919
183,18.65,18.65,18.55,18.5726,160741
288,18.4,18.65,18.4,18.65,3319
289,18.55,18.65,18.45,18.6,3459
290,18.5,18.575,18.4,18.575,4457
291,18.475,18.55,18.45,18.5,7500
292,18.475,18.5,18.35,18.4583,10012
293,18.475,18.475,18.4,18.45,7257
294,18.45,18.525,18.4,18.475,7396
295,18.45,18.55,18.45,18.45,21144
296,18.45,18.5,18.4,18.475,49217
297,18.4,18.5,18.3875,18.45,42531
298,18.45,18.55,18.399,18.4,74172
299,18.475,18.475,18.35,18.45,34207
300,18.45,18.5,18.4,18.475,43498
301,18.3,18.45,18.3,18.45,20364
302,18.3,18.325,18.15,18.3,12733
303,18.25,18.3,18.2,18.3,6800
304,18.15,18.25,18.1,18.2,20022
305,18.05,18.175,18,18.175,28739
306,18.075,18.125,18.05,18.075,11526
307,17.9433,18.1,17.9,18.075,18613
308,17.925,18,17.9212,17.95,10742
309,17.925,18,17.9,17.95,7000
310,17.95,18,17.9,17.925,7759
311,17.9,18,17.8,17.975,20370
312,17.8,17.9,17.7,17.875,21185
313,17.825,17.85,17.75,17.8,10810
314,17.9,17.925,17.8,17.8266,9532
315,17.9,17.925,17.85,17.9,9300
316,17.95,17.95,17.875,17.875,7511
317,18.025,18.05,17.95,17.95,19544
318,18.05,18.05,17.95,18,14714
319,18.05,18.05,17.975,18.05,7146
320,18.05,18.1,17.95,18.025,28160
321,18.05,18.15,18.05,18.05,29264
322,18.15,18.2,18.1,18.1,23862
323,18.125,18.2,18,18.15,40196
324,18.075,18.15,18,18.125,56848
325,18.275,18.3,18.075,18.1,27484
326,18.25,18.3,18.2,18.3,21883
327,18.25,18.35,18.25,18.275,109637
432,18.3,18.3,18.3,18.3,3204
433,18.2,18.3,18.1,18.25,4177
434,18.25,18.25,18.175,18.2,17786
435,18.35,18.375,18.2,18.25,34515
436,18.45,18.5,18.35,18.35,19117
437,18.4,18.5,18.3776,18.45,9815
438,18.39,18.45,18.25,18.35,11202
439,18.45,18.45,18.35,18.45,6797
440,18.5,18.6,18.4298,18.4298,16093
441,18.55,18.6,18.5,18.525,14072
442,18.375,18.575,18.35,18.55,13497
443,18.35,18.45,18.35,18.35,8954
444,18.375,18.4,18.35,18.4,4430
445,18.4,18.4,18.3,18.375,44690
446,18.4,18.45,18.35,18.4,20368
447,18.4,18.45,18.4,18.425,5200
448,18.4,18.45,18.325,18.4,84309
449,18.35,18.4,18.325,18.4,24833
450,18.3,18.375,18.3,18.35,29858
451,18.2,18.35,18.1,18.325,35130
452,18.25,18.25,18.175,18.175,1900
453,18.225,18.25,18.225,18.25,1400
454,18.35,18.35,18.225,18.225,7200
455,18.225,18.325,18.2,18.3,7647
456,18.35,18.35,18.25,18.25,11201
457,18.275,18.325,18.25,18.325,3507
458,18.35,18.35,18.3,18.3,2630
459,18.3,18.325,18.25,18.3141,10346
460,18.35,18.35,18.3,18.3,800
461,18.35,18.4,18.3,18.325,9258
462,18.4,18.425,18.3,18.3806,10822
463,18.375,18.425,18.35,18.375,5849
464,18.4,18.4,18.3506,18.3506,6700
465,18.5,18.5,18.3675,18.4,5896
466,18.55,18.55,18.45,18.45,11172
467,18.61,18.65,18.5001,18.55,12049
468,18.45,18.65,18.45,18.625,15038
469,18.55,18.55,18.375,18.45,23663
470,18.4,18.55,18.35,18.55,31896
471,18.4,18.4,18.3,18.375,114411
864,18.45,18.45,18.45,18.45,5540
865,18.7,18.7,18.45,18.6,8052
866,18.85,18.85,18.675,18.75,12180
867,18.8,18.9,18.7,18.85,58188
868,18.9,18.9,18.8,18.8,3297
869,19.05,19.1,18.95,18.95,16569
870,19.15,19.15,19.05,19.05,11473
871,19.15,19.2,19.05,19.15,12078
872,19.05,19.2,19.05,19.1589,11503
873,18.95,19.125,18.95,19.05,23035
874,18.9,18.95,18.825,18.9,20259
875,19.025,19.05,18.85,18.9,13900
876,19.025,19.125,19,19.05,11513
877,19,19.05,19,19,3000
878,19,19.025,18.95,19,5490
879,18.95,19,18.95,19,6210
880,18.95,19,18.95,18.95,7960
881,18.9,18.925,18.85,18.9,4709
882,18.875,18.9,18.85,18.9,1664
883,18.875,18.9,18.8,18.9,9450
884,19,19,18.85,18.875,16314
885,19.05,19.05,18.95,19,64123
