EXCHANGE%3DNASDAQ
MARKET_OPEN_MINUTE=570
MARKET_CLOSE_MINUTE=960
INTERVAL=600
COLUMNS=DATE,CLOSE,HIGH,LOW,OPEN,VOLUME
DATA=
TIMEZONE_OFFSET=-240
a1493127000,7.53,7.53,7.53,7.53,2670
1,7.62,7.62,7.5,7.62,2000
2,7.63,7.63,7.625,7.625,200
3,7.6675,7.6675,7.6675,7.6675,650
4,7.63,7.64,7.63,7.64,200
5,7.65,7.69,7.64,7.665,1492
6,7.63,7.65,7.63,7.65,700
7,7.64,7.71,7.63,7.63,4327
8,7.62,7.66,7.59,7.63,3700
9,7.59,7.59,7.59,7.59,100
10,7.58,7.61,7.58,7.59,900
11,7.56,7.58,7.56,7.58,500
12,7.56,7.56,7.56,7.56,500
13,7.595,7.6,7.56,7.585,400
14,7.59,7.59,7.59,7.59,200
15,7.59,7.59,7.59,7.59,700
16,7.59,7.6,7.59,7.59,990
18,7.55,7.6,7.55,7.57,800
19,7.53,7.6,7.53,7.59,800
20,7.5,7.61,7.5,7.54,8980
21,7.52,7.53,7.5,7.5128,1100
22,7.5,7.53,7.5,7.525,900
23,7.44,7.53,7.42,7.53,6937
24,7.465,7.48,7.45,7.46,400
25,7.46,7.53,7.46,7.48,15600
26,7.46,7.46,7.46,7.46,300
27,7.45,7.46,7.45,7.46,1000
28,7.453,7.453,7.45,7.45,300
29,7.46,7.48,7.45,7.48,1600
30,7.5,7.5,7.47,7.47,1396
31,7.47,7.5,7.46,7.49,700
32,7.41,7.52,7.41,7.5,9566
33,7.41,7.4303,7.41,7.4303,801
34,7.47,7.51,7.41,7.425,3000
35,7.49,7.5,7.49,7.5,200
36,7.5,7.5,7.48,7.5,1000
37,7.4,7.505,7.4,7.49,3496
38,7.45,7.46,7.42,7.42,1898
39,7.47,7.5,7.45,7.46,13370
144,7.28,7.28,7.28,7.28,1201
145,7.61,7.61,7.42,7.44,805
146,7.465,7.6,7.465,7.6,200
147,7.625,7.625,7.625,7.625,100
148,7.6,7.68,7.6,7.68,678
149,7.42,7.5,7.42,7.5,597
150,7.415,7.48,7.41,7.44,1700
151,7.465,7.51,7.42,7.435,1500
152,7.46,7.46,7.44,7.45,478
153,7.46,7.47,7.46,7.46,858
154,7.417,7.5299,7.417,7.46,1006
155,7.41,7.445,7.41,7.445,300
156,7.4,7.41,7.4,7.41,700
157,7.4,7.4189,7.4,7.4,900
158,7.31,7.37,7.29,7.37,900
159,7.38,7.38,7.34,7.34,500
160,7.36,7.36,7.36,7.36,100
161,7.4,7.4,7.39,7.39,300
163,7.347,7.375,7.347,7.375,200
164,7.34,7.36,7.34,7.344,1400
165,7.395,7.4,7.35,7.353,4041
166,7.39,7.41,7.39,7.39,600
167,7.41,7.45,7.41,7.44,600
168,7.36,7.43,7.36,7.41,1759
170,7.32,7.355,7.32,7.355,2113
171,7.345,7.345,7.345,7.345,100
172,7.345,7.345,7.345,7.345,600
173,7.3301,7.36,7.33,7.33,1499
174,7.39,7.39,7.333,7.333,1000
175,7.345,7.4,7.34,7.38,7000
176,7.266,7.345,7.26,7.345,1800
177,7.31,7.36,7.31,7.32,700
178,7.3,7.33,7.29,7.29,400
179,7.31,7.329,7.31,7.32,700
180,7.267,7.3163,7.267,7.29,1900
181,7.22,7.29,7.22,7.29,3076
182,7.2,7.22,7.164,7.21,3222
183,7.16,7.22,7.14,7.21,13904
288,7.16,7.16,7.16,7.16,209
289,7.16,7.78,7.16,7.465,1445
290,7.2175,7.24,7.17,7.24,2800
291,7.24,7.24,7.24,7.24,100
292,7.23,7.25,7.23,7.24,1340
293,7.2,7.2,7.18,7.18,300
295,7.16,7.18,7.15,7.18,600
296,7.17,7.21,7.16,7.21,600
297,7.01,7.155,7.01,7.155,6225
298,7.06,7.06,7.02,7.02,1800
299,6.98,7.09,6.98,7.08,3707
300,6.91,6.98,6.91,6.97,4450
301,7.01,7.01,6.94,6.94,700
302,7.03,7.05,7.02,7.0363,2313
303,7.06,7.06,7,7.035,2500
304,7.06,7.08,7.06,7.064,600
305,7.04,7.065,7.04,7.065,1004
306,7.042,7.05,7.04,7.042,700
307,7.042,7.042,7.042,7.042,500
308,7.04,7.05,7.04,7.05,700
309,7.04,7.05,7.03,7.0424,2500
310,7.031,7.0596,7.031,7.05,1405
311,7.03,7.04,7.03,7.04,200
312,7.04,7.04,7.04,7.04,100
313,7.01,7.04,7.01,7.04,1400
315,7.02,7.03,7,7,300
316,7.01,7.02,7.01,7.02,200
317,6.99,7.02,6.99,7.015,900
318,6.965,7.0125,6.965,7.01,3761
319,6.95,6.97,6.95,6.96,600
320,6.96,6.9612,6.95,6.96,2415
321,6.9,6.96,6.9,6.957,8496
322,6.81,6.9174,6.8,6.9174,12397
323,6.85,6.86,6.8,6.81,2200
324,6.91,6.91,6.85,6.87,2135
325,6.855,6.89,6.855,6.89,3962
326,6.864,6.87,6.84,6.855,2843
327,6.82,6.865,6.8,6.86,10510
432,6.75,6.75,6.75,6.75,1537
433,6.84,6.84,6.84,6.84,200
434,6.875,6.875,6.875,6.875,100
435,6.87,6.87,6.84,6.85,300
436,6.87,6.87,6.84,6.8586,446
437,6.855,6.87,6.855,6.87,200
438,6.82,6.86,6.82,6.86,400
439,6.855,6.86,6.84,6.84,500
440,6.78,6.85,6.77,6.85,1700
441,6.81,6.81,6.7998,6.7998,200
442,6.79,6.79,6.79,6.79,100
443,6.85,6.87,6.81,6.81,1000
444,6.8687,6.8687,6.8687,6.8687,100
445,6.87,6.87,6.8484,6.8484,200
446,6.84,6.85,6.8,6.85,3406
447,6.8,6.8,6.8,6.8,100
448,6.85,6.85,6.8,6.83,2200
450,6.81,6.86,6.81,6.86,600
452,6.83,6.83,6.8,6.8,300
453,6.8075,6.83,6.8,6.8,400
454,6.83,6.83,6.81,6.81,300
455,6.81,6.81,6.81,6.81,300
456,6.83,6.83,6.81,6.81,400
457,6.81,6.83,6.81,6.82,400
458,6.82,6.82,6.82,6.82,200
459,6.8275,6.8275,6.82,6.82,1100
460,6.8469,6.87,6.83,6.83,1406
461,6.87,6.87,6.84,6.84,200
462,6.81,6.85,6.81,6.84,1200
463,6.81,6.821,6.81,6.81,2010
464,6.81,6.825,6.81,6.81,700
465,6.81,6.825,6.81,6.81,600
466,6.81,6.84,6.81,6.83,500
467,6.74,6.8286,6.74,6.81,9900
468,6.68,6.74,6.66,6.74,3900
469,6.68,6.7,6.66,6.66,1805
470,6.68,6.71,6.67,6.68,2300
471,6.69,6.73,6.66,6.71,5312
864,6.67,6.67,6.67,6.67,957
865,6.72,6.76,6.71,6.71,800
866,6.7292,6.815,6.68,6.75,2800
867,6.7,6.7,6.7,6.7,100
868,6.71,6.71,6.71,6.71,100
869,6.6399,6.68,6.6399,6.68,2634
870,6.66,6.69,6.64,6.64,4112
871,6.7,6.7,6.66,6.66,1027
872,6.66,6.68,6.66,6.675,400
873,6.69,6.69,6.67,6.68,1675
874,6.69,6.7,6.68,6.69,1700
875,6.68,6.695,6.66,6.695,800
876,6.57,6.65,6.56,6.65,4743
877,6.53,6.57,6.51,6.57,1961
878,6.47,6.53,6.47,6.53,5293
879,6.48,6.5052,6.47,6.49,3750
880,6.5,6.5,6.49,6.5,500
881,6.52,6.54,6.52,6.52,3100
882,6.52,6.535,6.52,6.535,300
883,6.5804,6.5804,6.535,6.535,1820
884,6.57,6.59,6.57,6.59,900
886,6.64,6.655,6.6,6.63,1000
887,6.635,6.66,6.62,6.62,2100
888,6.54,6.6249,6.54,6.62,5900
889,6.52,6.54,6.52,6.52,400
890,6.6,6.6,6.52,6.52,400
891,6.63,6.63,6.58,6.625,1100
892,6.645,6.645,6.635,6.635,200
893,6.6571,6.66,6.64,6.66,1500
894,6.59,6.64,6.59,6.64,1700
895,6.57,6.6,6.54,6.58,500
896,6.57,6.585,6.57,6.585,900
897,6.6,6.615,6.55,6.57,1202
898,6.6,6.63,6.6,6.63,700
899,6.62,6.625,6.59,6.62,2600
900,6.56,6.605,6.55,6.605,2469
901,6.63,6.63,6.54,6.55,1635
902,6.61,6.63,6.59,6.62,1939
903,6.6,6.61,6.59,6.6,8197
a1493731800,6.62,6.62,6.62,6.62,956
1,6.7189,6.7191,6.7189,6.7191,1325
2,6.71,6.755,6.71,6.72,1371
3,6.7,6.77,6.685,6.7589,3085
4,6.675,6.675,6.675,6.675,100
5,6.6,6.665,6.6,6.66,2160
6,6.62,6.64,6.57,6.6,900
7,6.585,6.61,6.585,6.59,400
8,6.59,6.59,6.58,6.58,2400
9,6.53,6.59,6.53,6.59,1000
10,6.53,6.543,6.51,6.525,3374
11,6.56,6.57,6.555,6.555,800
12,6.5398,6.57,6.5398,6.57,400
13,6.59,6.59,6.52,6.53,2000
14,6.5957,6.605,6.58,6.59,1360
15,6.59,6.62,6.5594,6.6,3400
16,6.6,6.61,6.57,6.6,1300
17,6.59,6.61,6.59,6.61,719
18,6.6,6.62,6.58,6.591,1652
19,6.6,6.6506,6.6,6.65,1100
20,6.604,6.61,6.6,6.61,1132
21,6.58,6.58,6.58,6.58,100
23,6.6,6.6,6.6,6.6,400
24,6.6479,6.6479,6.61,6.61,1194
25,6.61,6.635,6.571,6.635,715
26,6.56,6.56,6.5564,6.5564,375
27,6.62,6.63,6.594,6.6151,1667
28,6.63,6.64,6.62,6.62,1000
29,6.59,6.66,6.59,6.65,2300
30,6.63,6.63,6.625,6.63,400
31,6.635,6.65,6.63,6.63,400
32,6.63,6.635,6.61,6.635,1196
33,6.61,6.63,6.595,6.61,1000
34,6.62,6.635,6.62,6.62,565
35,6.635,6.64,6.63,6.64,600
36,6.65,6.65,6.62,6.65,600
37,6.62,6.63,6.61,6.63,1400
38,6.61,6.64,6.61,6.6399,1703
39,6.64,6.69,6.6,6.63,6178
144,6.61,6.61,6.61,6.61,100
145,6.59,6.63,6.59,6.627,3055
147,6.634,6.634,6.59,6.59,200
148,6.5,6.6,6.5,6.6,4200
149,6.36,6.5,6.36,6.5,7340
150,6.36,6.4,6.36,6.39,2769
151,6.27,6.39,6.27,6.39,4692
152,6.34,6.35,6.3,6.3,1300
153,6.29,6.35,6.27,6.32,5920
154,6.36,6.3604,6.2993,6.2993,7500
155,6.31,6.35,6.31,6.34,700
156,6.33,6.39,6.31,6.349,3500
157,6.37,6.39,6.32,6.36,1600
158,6.33,6.39,6.31,6.39,2150
159,6.32,6.36,6.32,6.3528,1785
160,6.335,6.35,6.32,6.35,800
161,6.33,6.35,6.32,6.3469,2100
162,6.3359,6.34,6.3359,6.34,1100
163,6.36,6.36,6.33,6.33,9400
164,6.38,6.4,6.37,6.38,2400
165,6.39,6.39,6.39,6.39,100
166,6.36,6.375,6.36,6.36,600
167,6.36,6.39,6.36,6.39,500
168,6.32,6.36,6.32,6.36,1000
169,6.39,6.39,6.33,6.33,2400
170,6.35,6.39,6.35,6.39,200
171,6.37,6.39,6.35,6.35,1600
172,6.37,6.39,6.37,6.385,1000
173,6.3672,6.4,6.36,6.4,780
174,6.33,6.365,6.33,6.35,5000
175,6.32,6.34,6.31,6.33,2100
176,6.34,6.34,6.31,6.31,2769
177,6.42,6.42,6.34,6.34,3100
178,6.39,6.405,6.39,6.4,1900
179,6.36,6.39,6.35,6.35,1100
180,6.35,6.38,6.335,6.38,3450
181,6.35,6.36,6.33,6.3495,3927
182,6.31,6.36,6.31,6.35,4206
183,6.32,6.34,6.3,6.34,5950
288,6.25,6.25,6.25,6.25,2001
289,6.38,6.38,6.15,6.25,3056
290,6.33,6.33,6.32,6.32,1100
291,6.33,6.35,6.32,6.34,1400
292,6.37,6.37,6.3,6.3,1100
293,6.4,6.4,6.36,6.39,800
294,6.36,6.42,6.33,6.41,2180
295,6.39,6.39,6.36,6.36,900
296,6.379,6.4,6.33,6.392,3220
297,6.35,6.38,6.32,6.36,1200
298,6.35,6.36,6.34,6.3494,894
299,6.37,6.37,6.36,6.36,1000
300,6.44,6.44,6.3699,6.3699,4000
301,6.4,6.44,6.39,6.43,2689
302,6.37,6.41,6.37,6.41,4311
303,6.32,6.36,6.31,6.36,2000
304,6.24,6.3299,6.24,6.31,2950
305,6.245,6.25,6.22,6.22,700
306,6.25,6.26,6.21,6.23,600
307,6.27,6.27,6.24,6.245,1100
308,6.31,6.33,6.31,6.31,2800
309,6.4099,6.4099,6.325,6.33,3200
310,6.34,6.39,6.33,6.38,900
311,6.29,6.33,6.29,6.33,500
312,6.35,6.35,6.31,6.32,1300
313,6.34,6.37,6.32,6.32,1000
314,6.3,6.33,6.3,6.33,400
315,6.31,6.31,6.29,6.3,900
316,6.33,6.33,6.305,6.305,700
317,6.33,6.33,6.325,6.325,200
318,6.3,6.32,6.26,6.32,2300
319,6.33,6.34,6.3,6.3,1300
320,6.33,6.34,6.31,6.34,900
321,6.32,6.33,6.2958,6.33,2300
322,6.3,6.32,6.28,6.32,1000
323,6.3372,6.34,6.28,6.28,4343
324,6.3,6.315,6.3,6.31,1300
325,6.31,6.31,6.27,6.2704,2200
326,6.3,6.32,6.3,6.32,2345
327,6.3,6.32,6.26,6.31,6899
432,6.3,6.3,6.3,6.3,369
434,6.38,6.46,6.38,6.4,500
436,6.42,6.51,6.42,6.44,1740
437,6.43,6.43,6.3778,6.3778,1334
438,6.42,6.46,6.42,6.43,1450
439,6.4316,6.44,6.41,6.4101,900
440,6.43,6.43,6.41,6.43,500
441,6.3701,6.4,6.3701,6.3801,400
442,6.46,6.47,6.37,6.37,6100
443,6.47,6.47,6.46,6.465,400
444,6.445,6.46,6.445,6.46,700
445,6.46,6.46,6.46,6.46,200
446,6.4547,6.47,6.44,6.455,1639
447,6.45,6.47,6.4401,6.4401,1100
448,6.45,6.46,6.4401,6.46,499
449,6.41,6.455,6.41,6.455,1400
450,6.4101,6.4304,6.4101,6.4304,2600
451,6.3701,6.41,6.3701,6.41,200
452,6.43,6.47,6.41,6.43,800
453,6.47,6.47,6.44,6.44,250
454,6.36,6.44,6.35,6.44,2000
455,6.39,6.43,6.29,6.3601,21289
456,6.42,6.43,6.39,6.39,1800
457,6.4001,6.4001,6.4001,6.4001,100
458,6.41,6.44,6.4,6.44,2500
459,6.41,6.41,6.4,6.41,300
460,6.465,6.47,6.42,6.42,1000
461,6.46,6.47,6.46,6.46,1721
462,6.465,6.47,6.465,6.465,405
463,6.44,6.465,6.44,6.4601,1200
464,6.4101,6.46,6.4101,6.4301,300
465,6.45,6.45,6.43,6.4459,840
466,6.46,6.46,6.44,6.45,1500
467,6.49,6.5201,6.4696,6.4696,2289
468,6.4101,6.47,6.4101,6.46,600
469,6.45,6.48,6.4101,6.43,1400
470,6.457,6.46,6.44,6.45,3400
471,6.47,6.53,6.45,6.46,12315
864,6.57,6.57,6.57,6.57,6023
865,6.81,6.81,6.6,6.6,2100
866,6.83,7,6.78,6.91,20817
867,6.8,6.8888,6.8,6.8888,895
868,6.78,6.84,6.7111,6.7111,1040
869,6.82,6.83,6.77,6.83,1900
870,6.8,6.87,6.7864,6.82,3164
871,6.83,6.83,6.7902,6.795,900
872,6.81,6.84,6.81,6.83,1000
873,6.795,6.83,6.795,6.8,1760
874,6.63,6.7852,6.63,6.78,3081
875,6.61,6.66,6.6,6.645,6000
876,6.61,6.61,6.6,6.61,1400
877,6.6058,6.64,6.6058,6.62,9000
878,6.63,6.63,6.61,6.615,900
879,6.64,6.64,6.63,6.63,1300
880,6.62,6.66,6.62,6.66,700
881,6.61,6.63,6.61,6.61,800
882,6.61,6.62,6.61,6.6101,2700
883,6.65,6.65,6.61,6.61,3590
884,6.79,6.79,6.66,6.66,1861
885,6.77,6.77,6.73,6.73,1000
886,6.77,6.77,6.77,6.77,200
887,6.74,6.77,6.74,6.755,800
888,6.745,6.8,6.745,6.77,4017
889,6.68,6.74,6.66,6.74,5688
890,6.65,6.67,6.65,6.67,1000
891,6.75,6.75,6.66,6.66,1300
892,6.73,6.73,6.73,6.73,900
893,6.73,6.73,6.715,6.715,560
894,6.73,6.73,6.71,6.73,1100
895,6.73,6.73,6.73,6.73,200
896,6.72,6.72,6.7,6.71,500
897,6.72,6.72,6.71,6.72,600
898,6.68,6.72,6.68,6.72,2450
899,6.65,6.695,6.65,6.695,1362
900,6.67,6.67,6.65,6.65,2000
901,6.65,6.66,6.65,6.66,3906
902,6.7,6.7,6.65,6.65,13524
903,6.66,6.7,6.65,6.7,18534
a1494336600,6.7,6.7,6.7,6.7,1753
1,7.25,7.31,6.89,6.9,19250
2,7.37,7.4,7.25,7.25,6800
3,7.53,7.53,7.38,7.44,9643
4,7.31,7.42,7.291,7.42,3000
5,7.35,7.37,7.28,7.28,3047
6,7.365,7.387,7.3,7.32,3600
7,7.38,7.45,7.33,7.375,4200
8,7.398,7.519,7.38,7.39,4135
9,7.4,7.45,7.39,7.39,3045
10,7.385,7.385,7.3731,7.3731,400
11,7.4,7.4,7.39,7.4,700
12,7.36,7.36,7.32,7.32,500
13,7.39,7.39,7.3,7.32,4965
14,7.4392,7.44,7.4028,7.436,2100
15,7.425,7.44,7.4028,7.44,818
16,7.46,7.52,7.4,7.4216,16078
17,7.47,7.47,7.42,7.45,1200
18,7.43,7.46,7.43,7.46,1500
19,7.41,7.43,7.41,7.43,2654
21,7.48,7.5,7.46,7.46,2130
22,7.42,7.45,7.4092,7.45,800
23,7.49,7.49,7.41,7.44,1998
24,7.495,7.5,7.47,7.4952,3268
25,7.46,7.46,7.46,7.46,100
26,7.46,7.5,7.46,7.49,1950
27,7.5,7.5,7.46,7.47,4300
28,7.515,7.53,7.505,7.51,5336
29,7.51,7.53,7.51,7.53,2500
30,7.455,7.515,7.455,7.515,1300
31,7.54,7.54,7.425,7.425,3204
32,7.6199,7.62,7.54,7.54,8827
33,7.64,7.65,7.63,7.63,3700
34,7.6699,7.67,7.6,7.63,3400
35,7.73,7.73,7.67,7.68,1230
36,7.73,7.73,7.68,7.72,3700
37,7.77,7.77,7.71,7.755,5540
38,7.8262,7.9,7.73,7.77,10550
39,7.89,7.99,7.785,7.79,26320
144,8,8,8,8,6555
145,7.91,7.99,7.9,7.99,1800
146,7.999,8,7.95,7.955,9700
147,7.8101,7.97,7.8101,7.97,1850
148,7.81,7.845,7.81,7.831,1306
149,7.62,7.81,7.62,7.8,4183
150,7.601,7.65,7.6,7.65,900
151,7.6801,7.8,7.63,7.64,4100
152,7.66,7.71,7.64,7.7095,6650
153,7.68,7.69,7.65,7.65,1900
154,7.67,7.68,7.64,7.68,1400
155,7.64,7.66,7.61,7.6101,1100
156,7.57,7.6321,7.56,7.6321,7168
157,7.51,7.56,7.51,7.5201,1500
158,7.48,7.53,7.44,7.51,4100
159,7.44,7.49,7.4301,7.47,1100
160,7.43,7.46,7.43,7.46,600
161,7.43,7.44,7.41,7.43,2100
162,7.47,7.47,7.4499,7.4499,700
163,7.465,7.495,7.46,7.47,2900
164,7.43,7.465,7.43,7.45,400
165,7.44,7.4499,7.41,7.4499,900
166,7.47,7.48,7.431,7.431,600
167,7.48,7.48,7.47,7.475,1400
168,7.478,7.48,7.47,7.47,807
169,7.46,7.48,7.46,7.475,1900
170,7.48,7.48,7.46,7.46,800
171,7.7,7.7,7.49,7.49,5183
172,7.72,7.725,7.68,7.7,6205
173,7.64,7.69,7.63,7.69,2100
174,7.64,7.64,7.63,7.635,500
175,7.56,7.6399,7.56,7.63,3062
176,7.51,7.56,7.51,7.56,600
177,7.53,7.531,7.51,7.531,1400
178,7.6199,7.6399,7.56,7.58,2654
179,7.61,7.6799,7.61,7.62,1700
180,7.59,7.6199,7.57,7.61,4500
181,7.6,7.615,7.57,7.615,4104
182,7.615,7.6299,7.58,7.6299,6100
183,7.6,7.64,7.55,7.615,12412
288,7.45,7.45,7.45,7.45,4364
289,7.421,7.421,7.421,7.421,533
290,7.59,7.59,7.47,7.47,3000
291,7.53,7.58,7.53,7.5776,1100
292,7.555,7.555,7.53,7.53,200
293,7.67,7.67,7.54,7.54,1200
294,7.66,7.7,7.64,7.7,2200
295,7.73,7.73,7.7,7.7,500
296,7.83,7.83,7.74,7.74,1600
297,7.795,7.824,7.78,7.82,1500
298,7.825,7.825,7.8,7.8,2100
299,7.89,7.89,7.82,7.83,1200
300,7.83,7.88,7.83,7.88,2600
301,7.82,7.845,7.82,7.8328,972
302,7.85,7.85,7.82,7.835,3900
303,7.86,7.87,7.85,7.86,1000
304,7.845,7.86,7.84,7.86,3202
305,7.845,7.85,7.84,7.84,1400
306,7.81,7.84,7.8,7.84,1300
307,7.79,7.84,7.79,7.82,800
308,7.79,7.79,7.79,7.79,200
309,7.77,7.815,7.75,7.79,1300
310,7.72,7.77,7.72,7.75,600
311,7.745,7.745,7.73,7.745,300
312,7.76,7.76,7.73,7.73,3400
313,7.76,7.79,7.76,7.76,900
314,7.76,7.76,7.73,7.75,800
315,7.76,7.77,7.76,7.76,700
316,7.78,7.78,7.77,7.77,800
317,7.8,7.8,7.8,7.8,300
318,7.83,7.83,7.78,7.79,5275
319,7.84,7.86,7.83,7.85,1700
320,7.81,7.83,7.79,7.83,2066
321,7.8,7.81,7.79,7.8,600
322,7.82,7.83,7.8,7.8,1567
323,7.75,7.84,7.75,7.835,1400
324,7.74,7.76,7.73,7.73,1000
325,7.7,7.73,7.69,7.7,1720
326,7.725,7.73,7.69,7.69,7300
327,7.68,7.73,7.65,7.73,15677
432,7.71,7.71,7.71,7.71,504
433,7.6994,7.6994,7.6994,7.6994,100
434,7.5,7.5,7.5,7.5,204
435,7.54,7.54,7.54,7.54,100
437,7.6,7.86,7.53,7.53,700
438,7.75,7.75,7.75,7.75,300
439,7.71,7.74,7.68,7.68,1500
440,7.7,7.74,7.7,7.71,1708
441,7.6,7.71,7.55,7.7,2200
442,7.68,7.68,7.552,7.552,1800
443,7.69,7.7,7.67,7.68,1000
444,7.74,7.76,7.68,7.705,1000
446,7.75,7.77,7.68,7.68,1200
447,7.67,7.73,7.66,7.73,600
448,7.66,7.66,7.66,7.66,100
449,7.72,7.72,7.69,7.69,200
450,7.715,7.73,7.69,7.69,2273
451,7.7,7.7,7.7,7.7,100
452,7.73,7.73,7.7,7.7,1100
453,7.64,7.69,7.64,7.69,1300
454,7.64,7.64,7.58,7.58,300
455,7.625,7.65,7.6,7.65,400
456,7.68,7.68,7.63,7.63,500
457,7.685,7.71,7.66,7.66,500
458,7.74,7.75,7.66,7.7,1296
459,7.76,7.775,7.73,7.76,1500
460,7.74,7.74,7.71,7.71,2020
461,7.71,7.74,7.71,7.71,1300
462,7.71,7.74,7.71,7.71,700
463,7.68,7.725,7.68,7.725,600
464,7.675,7.68,7.66,7.66,1849
465,7.685,7.7,7.66,7.66,600
466,7.67,7.7,7.67,7.7,300
467,7.64,7.7,7.64,7.695,1400
468,7.63,7.63,7.61,7.61,400
469,7.64,7.64,7.6,7.6,2555
470,7.63,7.6399,7.62,7.62,1800
471,7.64,7.65,7.6,7.62,6639
864,7.74,7.74,7.74,7.74,1482
865,7.6794,7.6794,7.6794,7.6794,300
866,7.67,7.67,7.67,7.67,100
867,7.704,7.71,7.6965,7.71,1300
868,7.7101,7.73,7.7,7.7223,3501
869,7.72,7.73,7.6984,7.6984,2000
870,7.74,7.74,7.73,7.73,800
871,7.735,7.75,7.73,7.73,3228
872,7.74,7.74,7.731,7.731,900
873,7.73,7.735,7.73,7.735,700
874,7.73,7.7399,7.73,7.73,7686
875,7.73,7.7389,7.73,7.73,1200
876,7.73,7.735,7.73,7.73,1700
877,7.67,7.73,7.67,7.73,7037
878,7.64,7.66,7.64,7.66,1564
879,7.63,7.65,7.62,7.64,1466
880,7.6181,7.62,7.6,7.6,2227
881,7.61,7.61,7.6,7.61,500
882,7.6,7.61,7.6,7.61,200
883,7.55,7.6,7.55,7.6,1988
884,7.54,7.55,7.53,7.55,607
885,7.46,7.54,7.46,7.53,1400
886,7.48,7.48,7.445,7.46,1754
888,7.525,7.525,7.49,7.49,1155
889,7.52,7.53,7.52,7.53,500
890,7.49,7.51,7.49,7.51,500
891,7.485,7.49,7.48,7.48,500
892,7.49,7.49,7.49,7.49,796
893,7.49,7.49,7.49,7.49,300
894,7.5,7.5,7.49,7.49,900
895,7.43,7.4991,7.43,7.48,2050
896,7.44,7.47,7.44,7.47,600
897,7.43,7.44,7.43,7.44,800
898,7.43,7.43,7.43,7.43,692
899,7.43,7.435,7.43,7.435,1490
900,7.42,7.4283,7.42,7.42,419
901,7.42,7.43,7.42,7.42,700
902,7.42,7.43,7.42,7.42,1500
903,7.46,7.46,7.43,7.45,5195
a1494941400,7.51,7.51,7.51,7.51,805
1,7.51,7.525,7.5,7.5,300
2,7.46,7.51,7.46,7.51,1757
3,7.46,7.47,7.46,7.46,400
4,7.45,7.47,7.45,7.47,1766
5,7.38,7.43,7.38,7.42,3023
6,7.36,7.385,7.36,7.3701,500
7,7.44,7.49,7.39,7.39,600
8,7.47,7.47,7.44,7.4473,900
9,7.4675,7.48,7.455,7.455,500
10,7.47,7.4999,7.47,7.485,7879
11,7.46,7.49,7.44,7.485,3100
12,7.44,7.44,7.42,7.42,600
13,7.48,7.48,7.37,7.435,3348
14,7.44,7.49,7.44,7.49,600
15,7.49,7.49,7.44,7.44,400
16,7.5,7.5,7.5,7.5,200
17,7.51,7.51,7.5,7.5,200
18,7.57,7.57,7.57,7.57,300
19,7.63,7.63,7.58,7.58,2276
20,7.66,7.66,7.66,7.66,100
21,7.66,7.66,7.62,7.62,600
22,7.645,7.66,7.63,7.66,300
23,7.64,7.65,7.618,7.62,3090
24,7.67,7.67,7.66,7.66,200
25,7.73,7.73,7.6543,7.67,6382
26,7.62,7.73,7.62,7.73,800
27,7.69,7.69,7.66,7.66,300
28,7.7,7.7,7.7,7.7,200
29,7.67,7.68,7.66,7.66,1100
30,7.705,7.73,7.7,7.7,1100
31,7.72,7.72,7.7,7.7,1000
32,7.71,7.73,7.7,7.73,800
33,7.71,7.72,7.7,7.72,4435
34,7.71,7.71,7.7,7.7,1300
35,7.71,7.71,7.71,7.71,200
36,7.7,7.71,7.7,7.7,1184
37,7.7,7.71,7.7,7.71,800
38,7.7,7.71,7.7,7.7,1526
39,7.74,7.75,7.7,7.7,8630
144,7.68,7.68,7.68,7.68,726
148,7.7207,7.7274,7.7207,7.7274,900
149,7.72,7.74,7.7,7.74,7476
150,7.74,7.74,7.72,7.72,500
152,7.72,7.73,7.72,7.729,2100
153,7.64,7.72,7.64,7.7,1950
154,7.68,7.69,7.68,7.69,200
155,7.69,7.69,7.635,7.635,300
156,7.67,7.67,7.67,7.67,200
157,7.67,7.67,7.67,7.67,200
158,7.675,7.675,7.675,7.675,700
160,7.64,7.647,7.64,7.645,3546
161,7.62,7.63,7.62,7.63,700
162,7.64,7.64,7.63,7.63,300
163,7.66,7.66,7.6437,7.6437,324
164,7.6176,7.6176,7.6176,7.6176,235
165,7.64,7.64,7.61,7.64,400
166,7.6147,7.6299,7.57,7.6264,2907
167,7.63,7.63,7.63,7.63,100
168,7.61,7.61,7.599,7.61,772
169,7.61,7.62,7.61,7.62,200
170,7.57,7.61,7.57,7.59,300
171,7.57,7.6,7.56,7.57,600
172,7.505,7.555,7.505,7.55,3899
173,7.5,7.52,7.5,7.52,300
174,7.49,7.51,7.49,7.5013,800
175,7.475,7.5,7.475,7.486,400
176,7.48,7.49,7.45,7.475,5800
178,7.5,7.5,7.49,7.49,200
179,7.51,7.51,7.5,7.5,200
180,7.51,7.52,7.5099,7.51,2078
181,7.58,7.58,7.53,7.53,400
182,7.55,7.57,7.54,7.555,1100
183,7.52,7.54,7.48,7.53,2744
288,7.5,7.5,7.5,7.5,317
289,7.49,7.49,7.47,7.47,200
290,7.49,7.5,7.49,7.5,1400
291,7.464,7.47,7.45,7.47,1640
292,7.48,7.48,7.47,7.47,300
293,7.48,7.485,7.47,7.478,600
294,7.49,7.51,7.49,7.51,1100
295,7.49,7.49,7.49,7.49,300
296,7.49,7.495,7.49,7.495,200
297,7.49,7.49,7.48,7.48,900
298,7.43,7.52,7.43,7.5,5790
299,7.38,7.43,7.38,7.42,2000
300,7.36,7.36,7.36,7.36,100
301,7.43,7.43,7.4,7.4,600
302,7.4059,7.4059,7.4059,7.4059,150
303,7.36,7.3901,7.36,7.3901,800
304,7.37,7.43,7.37,7.41,4540
305,7.39,7.41,7.37,7.39,4330
306,7.39,7.42,7.39,7.41,700
307,7.41,7.43,7.38,7.39,800
308,7.39,7.39,7.39,7.39,100
309,7.4,7.43,7.4,7.42,13100
310,7.44,7.44,7.4032,7.4032,1170
311,7.42,7.42,7.42,7.42,100
312,7.43,7.44,7.42,7.42,800
314,7.42,7.45,7.42,7.45,200
315,7.55,7.55,7.45,7.45,1200
316,7.53,7.5672,7.53,7.55,1133
317,7.508,7.56,7.491,7.56,4324
318,7.53,7.53,7.51,7.51,900
319,7.52,7.53,7.51,7.515,1100
320,7.45,7.545,7.45,7.527,17522
321,7.4,7.46,7.4,7.4443,10183
322,7.42,7.42,7.4,7.4,1100
323,7.44,7.45,7.4,7.42,1600
324,7.41,7.47,7.41,7.47,2737
325,7.51,7.51,7.43,7.44,2000
326,7.45,7.52,7.36,7.5,11307
327,7.45,7.53,7.39,7.45,3635
432,7.48,7.48,7.48,7.48,200
434,7.51,7.51,7.51,7.51,100
435,7.64,7.64,7.53,7.53,4067
436,7.7,7.7,7.62,7.66,1419
437,7.61,7.64,7.6,7.6,1300
438,7.63,7.67,7.63,7.66,400
439,7.56,7.61,7.56,7.61,585
440,7.6,7.62,7.58,7.58,500
441,7.61,7.61,7.57,7.57,200
443,7.68,7.68,7.63,7.63,1500
444,7.65,7.75,7.64,7.71,28407
445,7.66,7.68,7.66,7.66,400
446,7.66,7.66,7.65,7.65,200
447,7.66,7.66,7.66,7.66,100
448,7.73,7.73,7.64,7.64,800
449,7.69,7.69,7.69,7.69,100
450,7.7,7.705,7.67,7.705,462
451,7.67,7.68,7.67,7.68,200
453,7.71,7.71,7.67,7.67,700
454,7.655,7.69,7.65,7.68,1600
455,7.66,7.67,7.66,7.67,500
456,7.67,7.67,7.67,7.67,400
457,7.64,7.66,7.64,7.66,1359
458,7.615,7.615,7.59,7.59,200
459,7.6,7.6,7.6,7.6,100
460,7.61,7.61,7.59,7.59,600
461,7.64,7.64,7.63,7.63,200
462,7.57,7.66,7.57,7.66,1900
463,7.58,7.59,7.58,7.59,200
464,7.52,7.55,7.51,7.55,600
465,7.5,7.51,7.5,7.5,600
466,7.48,7.51,7.45,7.51,2700
467,7.46,7.47,7.4477,7.4477,1400
468,7.45,7.45,7.43,7.45,700
469,7.45,7.46,7.45,7.45,1200
470,7.48,7.48,7.45,7.45,2200
471,7.48,7.48,7.46,7.46,4924
864,7.6,7.6,7.6,7.6,3041
865,7.6,7.6,7.6,7.6,439
868,7.66,7.68,7.6455,7.6455,1152
869,7.72,7.73,7.68,7.69,4500
870,7.64,7.77,7.61,7.73,8377
871,7.63,7.63,7.6,7.6,300
872,7.65,7.65,7.63,7.63,1100
873,7.61,7.65,7.61,7.62,300
874,7.61,7.6389,7.61,7.61,1000
875,7.66,7.67,7.61,7.6254,2650
876,7.64,7.64,7.63,7.6385,1805
877,7.61,7.61,7.6,7.61,1000
878,7.66,7.66,7.66,7.66,200
879,7.67,7.67,7.6604,7.6604,916
880,7.68,7.68,7.64,7.66,400
882,7.64,7.64,7.64,7.64,100
883,7.67,7.67,7.67,7.67,100
884,7.715,7.715,7.715,7.715,260
885,7.68,7.68,7.67,7.67,400
886,7.7,7.7,7.69,7.697,1200
887,7.71,7.71,7.7,7.7,700
889,7.69,7.7163,7.69,7.71,758
890,7.71,7.72,7.71,7.72,830
891,7.71,7.71,7.71,7.71,100
892,7.71,7.72,7.7,7.7068,1091
893,7.72,7.72,7.7,7.7,832
894,7.72,7.72,7.71,7.71,200
895,7.71,7.7116,7.7,7.7116,850
896,7.69,7.72,7.69,7.71,1100
897,7.66,7.69,7.66,7.69,600
898,7.6689,7.67,7.65,7.65,300
899,7.665,7.665,7.66,7.665,400
900,7.66,7.6689,7.65,7.6689,1300
901,7.65,7.66,7.63,7.66,2241
902,7.665,7.67,7.65,7.65,1700
903,7.66,7.68,7.62,7.67,3588
a1495546200,7.87,7.87,7.87,7.87,5056
2,7.71,7.7432,7.69,7.7432,2200
5,7.729,7.729,7.71,7.72,482
6,7.75,7.75,7.68,7.72,2320
7,7.76,7.76,7.715,7.7243,1791
8,7.75,7.76,7.74,7.74,6100
9,7.75,7.75,7.72,7.72,1700
10,7.82,7.82,7.73,7.75,1700
11,7.85,7.86,7.84,7.84,500
12,7.83,7.84,7.82,7.84,1100
13,7.815,7.85,7.81,7.845,1300
14,7.8,7.84,7.79,7.81,2004
15,7.79,7.8,7.79,7.79,800
17,7.79,7.79,7.79,7.79,100
18,7.78,7.79,7.78,7.79,200
19,7.77,7.77,7.77,7.77,200
20,7.77,7.78,7.77,7.78,500
21,7.66,7.78,7.66,7.78,1900
22,7.65,7.65,7.65,7.65,100
23,7.73,7.73,7.67,7.68,600
24,7.7,7.7,7.69,7.69,200
26,7.685,7.7,7.685,7.7,400
27,7.7,7.7,7.7,7.7,100
28,7.66,7.68,7.63,7.67,700
29,7.65,7.66,7.65,7.66,500
30,7.6478,7.67,7.645,7.66,929
31,7.64,7.652,7.64,7.652,1200
32,7.67,7.67,7.64,7.67,500
33,7.63,7.68,7.62,7.64,4000
34,7.615,7.615,7.615,7.615,100
35,7.615,7.62,7.6,7.6,1200
36,7.65,7.65,7.6,7.63,3200
37,7.645,7.65,7.645,7.65,500
38,7.685,7.71,7.63,7.63,1880
39,7.67,7.76,7.67,7.69,6391
144,7.66,7.66,7.66,7.66,300
145,7.76,7.78,7.75,7.75,2352
146,7.84,7.84,7.71,7.74,600
147,7.7489,7.7489,7.71,7.72,1100
148,7.83,7.83,7.74,7.74,300
149,7.81,7.83,7.81,7.82,400
150,7.81,7.81,7.81,7.81,400
151,7.9373,7.9373,7.8324,7.8324,2000
152,7.94,8,7.91,7.91,1200
153,7.95,7.95,7.94,7.94,200
154,7.82,7.93,7.82,7.9,890
155,7.78,7.8,7.78,7.8,400
156,7.75,7.775,7.75,7.775,1700
157,7.77,7.77,7.76,7.76,200
158,7.79,7.79,7.75,7.7639,1700
159,7.75,7.76,7.75,7.76,869
160,7.75,7.75,7.75,7.75,100
161,7.71,7.71,7.71,7.71,100
162,7.7,7.7366,7.7,7.72,1800
163,7.73,7.74,7.71,7.74,800
164,7.7,7.72,7.7,7.72,300
165,7.63,7.7,7.63,7.7,900
166,7.61,7.6271,7.61,7.6271,400
167,7.62,7.63,7.62,7.63,200
168,7.6497,7.67,7.61,7.62,2905
169,7.63,7.67,7.62,7.62,2000
170,7.75,7.75,7.63,7.64,3243
171,7.73,7.73,7.7,7.7,2000
172,7.78,7.78,7.76,7.76,300
173,7.79,7.79,7.77,7.77,200
174,7.78,7.8,7.76,7.78,1028
175,7.77,7.79,7.77,7.78,400
176,7.84,7.84,7.75,7.77,2893
177,7.83,7.83,7.78,7.83,950
178,7.78,7.79,7.74,7.78,1000
179,7.76,7.79,7.75,7.79,2400
180,7.78,7.8,7.765,7.765,1000
181,7.78,7.78,7.77,7.77,600
182,7.78,7.8,7.77,7.8,1000
183,7.78,7.82,7.77,7.79,8798
288,7.78,7.78,7.78,7.78,470
289,7.6876,7.78,7.6876,7.78,353
290,7.715,7.715,7.715,7.715,100
292,7.7654,7.7654,7.7654,7.7654,2500
293,7.88,7.88,7.78,7.78,4257
294,7.85,7.85,7.83,7.84,500
295,7.8292,7.8292,7.82,7.82,400
296,7.8,7.83,7.8,7.83,1220
297,7.8,7.8,7.7862,7.7862,250
299,7.79,7.79,7.775,7.78,700
300,7.68,7.7782,7.68,7.7782,3466
301,7.6769,7.6769,7.6769,7.6769,102
302,7.59,7.62,7.55,7.61,9283
303,7.595,7.63,7.58,7.58,800
304,7.59,7.61,7.59,7.61,700
305,7.61,7.6101,7.59,7.61,2650
306,7.59,7.59,7.59,7.59,100
307,7.62,7.62,7.59,7.605,800
308,7.66,7.66,7.65,7.65,300
309,7.66,7.66,7.61,7.65,2400
310,7.57,7.63,7.57,7.63,800
311,7.5213,7.6,7.52,7.6,400
312,7.49,7.55,7.49,7.53,800
313,7.495,7.495,7.48,7.48,200
314,7.51,7.5181,7.51,7.5181,566
315,7.51,7.51,7.51,7.51,100
316,7.52,7.52,7.505,7.52,500
317,7.53,7.53,7.51,7.51,300
318,7.5,7.5,7.5,7.5,200
319,7.53,7.54,7.52,7.54,700
320,7.57,7.57,7.515,7.515,2550
321,7.595,7.6,7.595,7.6,400
322,7.59,7.59,7.575,7.575,500
323,7.56,7.57,7.55,7.56,500
324,7.57,7.57,7.55,7.55,700
325,7.54,7.54,7.52,7.53,500
326,7.5413,7.59,7.5128,7.55,2200
327,7.58,7.63,7.55,7.59,5382
432,7.63,7.63,7.63,7.63,1378
433,7.6528,7.6528,7.6528,7.6528,2500
434,7.65,7.65,7.6414,7.6414,2100
435,7.6086,7.6086,7.6086,7.6086,550
436,7.592,7.592,7.592,7.592,1000
437,7.54,7.57,7.531,7.57,1076
438,7.5,7.52,7.491,7.51,1300
440,7.54,7.54,7.51,7.52,1000
441,7.54,7.54,7.54,7.54,100
442,7.5001,7.5001,7.5001,7.5001,211
443,7.5,7.515,7.5,7.5,850
444,7.515,7.53,7.5129,7.5129,2800
445,7.51,7.55,7.51,7.53,500
446,7.54,7.54,7.54,7.54,775
447,7.53,7.53,7.51,7.53,500
448,7.55,7.55,7.53,7.53,300
449,7.55,7.55,7.55,7.55,100
450,7.59,7.59,7.54,7.55,4891
451,7.62,7.62,7.605,7.605,500
452,7.56,7.65,7.56,7.65,2963
453,7.56,7.56,7.52,7.55,1000
454,7.55,7.55,7.54,7.54,200
455,7.555,7.5564,7.555,7.5564,219
456,7.56,7.5776,7.56,7.57,432
457,7.55,7.55,7.55,7.55,100
458,7.61,7.61,7.54,7.54,400
459,7.59,7.59,7.55,7.55,200
460,7.6,7.6,7.59,7.59,200
461,7.64,7.64,7.5786,7.6,5516
462,7.59,7.64,7.56,7.64,7400
463,7.5993,7.64,7.56,7.56,6915
464,7.61,7.61,7.58,7.59,400
465,7.63,7.63,7.62,7.62,200
466,7.61,7.63,7.59,7.63,1500
467,7.64,7.66,7.62,7.62,1000
468,7.62,7.62,7.61,7.62,700
469,7.61,7.61,7.57,7.6,300
470,7.55,7.6,7.55,7.57,1000
471,7.61,7.62,7.58,7.58,4705
a1496151000,7.77,7.77,7.77,7.77,2900
2,7.66,7.69,7.61,7.69,1381
3,7.6,7.62,7.6,7.62,600
4,7.57,7.595,7.57,7.5776,671
5,7.5,7.52,7.49,7.5023,4000
6,7.51,7.51,7.5,7.505,3800
7,7.5,7.5113,7.5,7.5113,711
8,7.5,7.51,7.5,7.5,500
9,7.5,7.505,7.48,7.5,3184
10,7.48,7.49,7.48,7.48,1380
11,7.4992,7.5,7.48,7.4801,3480
12,7.48,7.5,7.48,7.5,1000
13,7.5,7.51,7.49,7.5,1200
14,7.5,7.52,7.5,7.5,1900
15,7.5121,7.5121,7.5121,7.5121,100
16,7.525,7.54,7.525,7.54,500
17,7.51,7.51,7.51,7.51,300
18,7.52,7.52,7.51,7.51,400
19,7.524,7.524,7.51,7.52,1000
20,7.51,7.52,7.51,7.5196,2235
21,7.475,7.51,7.46,7.51,8734
22,7.46,7.46,7.46,7.46,100
23,7.475,7.475,7.46,7.475,500
24,7.46,7.4793,7.46,7.4793,1000
25,7.46,7.49,7.46,7.46,700
26,7.46,7.475,7.46,7.475,1000
28,7.42,7.4699,7.42,7.46,1785
29,7.37,7.42,7.37,7.42,1200
30,7.3,7.34,7.3,7.32,900
31,7.32,7.3476,7.3,7.3,709
32,7.31,7.33,7.3,7.32,1100
33,7.32,7.3426,7.31,7.33,1870
34,7.31,7.335,7.3,7.32,1700
35,7.32,7.339,7.31,7.32,2800
36,7.3,7.33,7.3,7.33,1021
37,7.235,7.3,7.2141,7.3,5185
38,7.26,7.29,7.22,7.22,1900
39,7.27,7.3,7.25,7.27,4090
144,7.26,7.26,7.26,7.26,500
146,7.2219,7.345,7.2219,7.345,291
147,7.175,7.2609,7.1,7.2609,7484
148,7.13,7.2099,7.13,7.2099,800
149,7.04,7.11,6.9101,7.11,6050
150,7.1,7.1,7.02,7.02,300
151,7.18,7.2,7.085,7.085,1000
152,7.16,7.16,7.1001,7.1001,1300
153,7.22,7.22,7.22,7.22,100
154,7.165,7.22,7.165,7.22,700
155,7.135,7.16,7.13,7.16,900
156,7.16,7.16,7.12,7.12,300
157,7.1,7.14,7.1,7.14,1900
158,7.18,7.2,7.08,7.08,3100
160,7.28,7.28,7.28,7.28,100
161,7.28,7.28,7.26,7.26,200
162,7.225,7.24,7.2226,7.24,960
163,7.22,7.22,7.22,7.22,100
164,7.22,7.225,7.22,7.225,200
165,7.24,7.24,7.24,7.24,100
166,7.22,7.22,7.22,7.22,100
167,7.22,7.22,7.22,7.22,100
168,7.22,7.22,7.22,7.22,100
169,7.32,7.32,7.215,7.22,1000
170,7.33,7.33,7.325,7.325,400
171,7.325,7.34,7.32,7.32,1900
172,7.35,7.35,7.32,7.32,1300
173,7.36,7.36,7.36,7.36,300
174,7.35,7.36,7.35,7.36,600
175,7.335,7.34,7.335,7.34,400
176,7.3457,7.35,7.335,7.35,988
177,7.335,7.335,7.335,7.335,200
178,7.38,7.39,7.335,7.335,1500
179,7.37,7.39,7.37,7.39,200
180,7.37,7.38,7.37,7.38,400
181,7.35,7.36,7.35,7.35,400
182,7.35,7.35,7.33,7.34,800
183,7.35,7.4,7.34,7.38,2816
288,7.34,7.34,7.34,7.34,150
291,7.35,7.35,7.35,7.35,300
292,7.315,7.315,7.315,7.315,100
293,7.3799,7.3799,7.27,7.27,500
294,7.35,7.37,7.34,7.356,690
295,7.285,7.3544,7.2601,7.34,2996
296,7.27,7.3,7.2501,7.27,1321
297,7.26,7.27,7.26,7.27,300
298,7.2601,7.3,7.2601,7.27,800
299,7.28,7.28,7.28,7.28,400
300,7.28,7.29,7.28,7.28,900
301,7.3,7.3,7.2999,7.2999,700
302,7.32,7.32,7.3,7.3,700
303,7.38,7.38,7.32,7.36,600
304,7.34,7.35,7.34,7.34,500
305,7.33,7.36,7.33,7.33,600
306,7.345,7.38,7.32,7.32,400
307,7.35,7.35,7.35,7.35,200
308,7.36,7.365,7.3495,7.3495,500
309,7.3999,7.3999,7.34,7.34,900
310,7.38,7.39,7.37,7.39,500
311,7.36,7.38,7.36,7.38,500
312,7.36,7.36,7.33,7.35,829
313,7.33,7.33,7.33,7.33,100
314,7.35,7.38,7.35,7.35,800
315,7.35,7.36,7.33,7.3301,1000
316,7.34,7.34,7.33,7.34,3100
317,7.36,7.36,7.33,7.34,1306
318,7.38,7.38,7.33,7.3301,3400
319,7.36,7.38,7.33,7.37,900
320,7.38,7.38,7.37,7.38,600
321,7.375,7.39,7.37,7.37,2490
322,7.39,7.39,7.3701,7.38,900
323,7.45,7.46,7.39,7.39,2300
324,7.45,7.47,7.44,7.47,1344
325,7.5,7.53,7.44,7.44,5785
326,7.52,7.54,7.52,7.53,1300
327,7.49,7.55,7.46,7.51,15036
432,7.5,7.5,7.5,7.5,1687
433,7.52,7.69,7.52,7.6,1500
434,7.56,7.61,7.46,7.56,1900
435,7.59,7.59,7.46,7.56,1500
436,7.54,7.59,7.49,7.5899,2000
437,7.58,7.58,7.51,7.5799,1407
438,7.5499,7.6,7.51,7.6,2500
439,7.51,7.55,7.5,7.55,4760
440,7.56,7.56,7.52,7.54,1300
441,7.54,7.56,7.53,7.5528,1600
442,7.55,7.57,7.52,7.5699,1700
443,7.55,7.58,7.52,7.55,3600
444,7.56,7.56,7.53,7.55,1600
445,7.58,7.58,7.55,7.55,1000
446,7.53,7.57,7.5,7.55,1400
447,7.56,7.56,7.52,7.53,1500
448,7.55,7.56,7.52,7.56,2100
449,7.54,7.6,7.52,7.55,1600
450,7.55,7.6,7.54,7.5999,1400
451,7.58,7.58,7.55,7.57,700
452,7.57,7.58,7.55,7.55,2330
453,7.53,7.57,7.53,7.5699,2000
454,7.53,7.56,7.53,7.56,2600
455,7.55,7.55,7.53,7.55,2313
456,7.55,7.55,7.53,7.55,1965
457,7.55,7.55,7.53,7.5499,1200
458,7.53,7.55,7.53,7.54,800
459,7.53,7.54,7.52,7.54,1100
460,7.53,7.54,7.52,7.53,991
461,7.52,7.532,7.52,7.532,500
462,7.55,7.55,7.55,7.55,100
463,7.5,7.55,7.47,7.55,2900
464,7.53,7.53,7.46,7.46,3238
465,7.55,7.55,7.55,7.55,100
466,7.55,7.55,7.5,7.55,3867
467,7.57,7.59,7.52,7.55,4000
468,7.58,7.58,7.56,7.57,400
469,7.59,7.59,7.55,7.5652,1215
470,7.64,7.65,7.6,7.6,3400
471,7.72,7.74,7.615,7.64,16400
864,7.72,7.72,7.72,7.72,243
865,7.7199,7.76,7.7199,7.76,900
866,7.685,7.74,7.65,7.74,1800
867,7.67,7.67,7.64,7.66,2402
868,7.7,7.7,7.62,7.67,2800
869,7.66,7.7,7.66,7.69,1620
870,7.69,7.69,7.66,7.66,2500
871,7.7,7.7,7.67,7.68,5400
872,7.69,7.7,7.69,7.7,1400
873,7.7,7.7,7.6884,7.69,1600
874,7.69,7.7,7.68,7.69,2300
875,7.71,7.71,7.6801,7.6999,3650
876,7.75,7.75,7.71,7.71,10800
877,7.725,7.75,7.725,7.7499,1300
878,7.79,7.79,7.71,7.725,7361
879,7.805,7.815,7.79,7.79,2400
880,7.76,7.8,7.76,7.79,1600
881,7.76,7.78,7.76,7.7799,2666
882,7.8,7.8,7.77,7.78,2000
883,7.8,7.8,7.77,7.8,2000
884,7.8,7.8,7.78,7.8,2100
885,7.8,7.8,7.8,7.8,1000
886,7.8,7.8,7.795,7.8,1600
887,7.8,7.8,7.79,7.8,3600
888,7.82,7.82,7.8,7.8,1300
889,7.84,7.84,7.82,7.82,1120
890,7.88,7.88,7.83,7.84,4970
891,7.88,7.88,7.855,7.88,700
892,7.87,7.88,7.84,7.87,1300
893,7.87,7.88,7.84,7.8699,1900
894,7.86,7.87,7.84,7.84,1300
895,7.86,7.86,7.84,7.86,1430
896,7.88,7.88,7.84,7.86,1742
897,7.88,7.89,7.8799,7.88,1300
898,7.9,7.9,7.85,7.8799,6270
899,7.89,7.9,7.88,7.9,3300
900,7.89,7.89,7.88,7.89,3400
901,7.87,7.9,7.85,7.9,4656
902,7.91,7.91,7.87,7.9,3900
903,7.88,7.92,7.88,7.92,8753
a1496755800,7.93,7.93,7.93,7.93,1422
1,7.89,7.89,7.845,7.845,283
2,7.815,7.815,7.8,7.815,1100
3,7.8674,7.8674,7.75,7.75,300
4,7.86,7.88,7.76,7.87,1100
5,7.87,7.9,7.86,7.86,300
6,7.9,7.9,7.85,7.89,1600
7,7.92,7.93,7.86,7.88,2100
8,7.9399,7.94,7.9399,7.94,200
9,7.97,7.98,7.95,7.98,1046
10,7.8854,7.96,7.8854,7.95,9487
11,7.91,7.91,7.85,7.85,2800
12,7.94,8,7.91,7.9499,9773
13,7.94,7.94,7.94,7.94,258
14,7.92,7.93,7.91,7.91,1900
15,7.97,7.97,7.92,7.92,600
16,7.97,7.97,7.97,7.97,100
17,7.98,7.98,7.93,7.93,200
18,7.96,7.99,7.96,7.98,300
19,7.96,7.97,7.93,7.94,11200
20,7.94,7.94,7.93,7.94,700
21,7.94,7.94,7.935,7.94,600
22,7.96,7.96,7.94,7.94,900
23,7.98,7.98,7.97,7.97,300
24,7.99,7.99,7.9456,7.96,5399
25,7.99,7.99,7.99,7.99,200
26,7.99,7.99,7.99,7.99,400
27,8.02,8.02,7.99,7.99,3003
28,8.08,8.08,8.0191,8.0191,500
29,8.1003,8.11,8.07,8.07,17256
30,8.0768,8.1,8.0768,8.1,1716
31,8.15,8.15,8.11,8.11,3466
32,8.3,8.3,8.16,8.1728,6414
33,8.16,8.34,8.14,8.31,6470
34,8.11,8.1304,8.11,8.117,1103
35,8.11,8.14,8.11,8.11,2040
36,8.25,8.25,8.17,8.17,300
37,8.19,8.25,8.17,8.23,1900
38,8.22,8.24,8.2,8.21,1500
39,8.23,8.29,8.17,8.19,5942
144,8.14,8.14,8.14,8.14,3237
145,8.24,8.24,7.9401,7.9401,1900
146,8.1,8.22,8.1,8.16,950
147,8.24,8.24,8,8,500
148,7.97,8.11,7.96,8,1390
149,7.98,8.01,7.96,7.96,1626
150,8.14,8.2299,8.05,8.05,2700
151,8.105,8.16,8.105,8.16,400
152,8.0999,8.11,8.075,8.11,1294
153,7.88,8.08,7.85,8.08,2481
154,7.9499,7.9499,7.84,7.88,1200
155,7.9499,7.9499,7.915,7.94,300
156,7.95,7.95,7.9,7.9,200
157,7.89,7.94,7.875,7.94,900
158,7.865,7.8999,7.85,7.85,600
159,7.79,7.815,7.79,7.815,200
160,7.8183,7.8183,7.81,7.81,256
161,7.83,7.8399,7.81,7.8399,400
162,7.81,7.87,7.77,7.84,4578
163,7.82,7.82,7.81,7.81,200
164,7.8,7.8,7.77,7.77,200
165,7.79,7.8,7.78,7.8,400
166,7.67,7.8,7.67,7.8,1300
167,7.7144,7.7144,7.64,7.69,1872
168,7.71,7.71,7.71,7.71,100
169,7.6124,7.71,7.6124,7.71,1400
171,7.64,7.6499,7.61,7.61,400
172,7.62,7.62,7.6,7.6,300
173,7.57,7.63,7.57,7.63,2250
174,7.58,7.58,7.57,7.57,300
175,7.57,7.57,7.56,7.56,600
176,7.55,7.57,7.55,7.56,825
177,7.55,7.55,7.51,7.55,900
178,7.5699,7.57,7.52,7.56,600
179,7.64,7.64,7.5659,7.5659,1300
180,7.69,7.6999,7.64,7.64,2000
181,7.68,7.7,7.67,7.7,2250
182,7.73,7.74,7.67,7.68,8500
183,7.73,7.76,7.7,7.735,4987
288,7.76,7.76,7.76,7.76,800
289,7.7507,7.7507,7.7507,7.7507,100
292,7.62,7.7314,7.55,7.71,2550
293,7.75,7.75,7.67,7.67,884
294,7.75,7.78,7.73,7.77,500
295,7.75,7.9073,7.75,7.9073,925
296,7.785,7.79,7.785,7.79,200
297,7.95,7.965,7.795,7.795,7500
298,7.8,8,7.8,7.97,3041
299,7.88,7.88,7.875,7.875,200
300,7.84,7.84,7.84,7.84,100
301,7.86,7.87,7.86,7.87,200
302,7.88,7.91,7.845,7.845,1100
303,7.88,7.88,7.87,7.88,400
304,7.9465,7.9465,7.91,7.91,400
305,7.99,7.99,7.92,7.95,600
306,7.99,7.99,7.99,7.99,100
307,7.77,8.09,7.66,7.9301,41350
308,7.77,7.77,7.73,7.73,1100
309,7.74,7.76,7.74,7.76,300
310,7.75,7.75,7.69,7.7348,600
311,7.825,7.825,7.73,7.73,800
312,7.93,7.93,7.93,7.93,200
313,7.98,7.98,7.97,7.98,500
314,7.94,7.94,7.88,7.88,200
315,7.93,7.96,7.915,7.96,700
316,7.84,7.92,7.84,7.92,700
317,7.83,7.89,7.83,7.87,800
318,7.84,7.85,7.82,7.82,300
319,7.81,7.85,7.81,7.82,600
320,7.85,7.85,7.81,7.81,700
321,7.91,7.91,7.82,7.82,1700
322,7.9,7.905,7.88,7.905,1000
323,7.87,7.88,7.82,7.86,700
324,7.9,7.9,7.87,7.87,1900
325,7.93,7.95,7.9,7.9,3583
326,7.93,7.97,7.91,7.955,2010
327,7.98,8.02,7.925,7.94,18911
432,8.06,8.06,8.06,8.06,500
433,8.0094,8.04,8.0094,8.04,245
434,8,8.015,8,8.015,200
436,7.97,7.97,7.96,7.96,200
437,7.98,7.98,7.98,7.98,100
438,7.925,7.925,7.8628,7.9245,925
439,7.88,7.9329,7.88,7.9329,1089
441,7.97,7.98,7.95,7.98,400
442,7.97,7.99,7.93,7.955,4100
443,7.96,7.98,7.96,7.9657,2332
444,7.97,7.97,7.95,7.95,200
445,7.98,7.98,7.98,7.98,100
447,7.95,7.97,7.95,7.95,900
449,7.98,7.98,7.93,7.94,2930
450,7.98,7.98,7.91,7.9642,3106
451,7.97,7.97,7.97,7.97,100
452,7.98,7.98,7.98,7.98,1100
453,8,8,8,8,100
455,7.99,7.99,7.98,7.98,200
457,7.99,7.99,7.99,7.99,100
458,7.99,7.99,7.99,7.99,100
459,7.98,7.98,7.975,7.98,1100
460,7.975,7.98,7.975,7.975,1100
461,7.99,7.99,7.975,7.975,300
462,7.98,7.98,7.98,7.98,100
463,7.98,7.98,7.9501,7.9501,431
465,7.99,7.99,7.95,7.9898,1400
466,8,8,7.99,7.99,1400
467,8,8,7.99,8,1700
468,7.985,8,7.985,8,1700
469,8,8,7.97,8,3009
470,7.99,8.03,7.97,7.99,3644
471,8.02,8.03,7.96,7.96,4212
864,8.04,8.04,8.04,8.04,1448
865,8.04,8.04,8.02,8.02,1200
866,8.0399,8.0399,8.022,8.022,1200
867,7.99,8.04,7.95,8.01,4805
868,7.94,7.96,7.94,7.95,1400
869,7.91,7.91,7.88,7.9,900
870,7.87,7.93,7.87,7.92,823
871,7.77,7.8328,7.77,7.82,600
872,7.83,7.83,7.72,7.7749,5600
873,7.885,7.94,7.83,7.83,2000
874,7.81,7.88,7.81,7.88,1277
875,7.76,7.83,7.76,7.825,1400
876,7.68,7.77,7.67,7.77,1700
877,7.66,7.69,7.65,7.658,1400
878,7.61,7.66,7.59,7.61,2700
879,7.69,7.69,7.57,7.61,7065
880,7.65,7.7,7.65,7.7,300
881,7.57,7.6588,7.57,7.65,1203
882,7.59,7.63,7.55,7.63,5400
883,7.64,7.64,7.59,7.61,3600
884,7.7,7.7,7.7,7.7,100
885,7.6611,7.68,7.66,7.66,600
886,7.67,7.68,7.66,7.68,1600
887,7.685,7.69,7.68,7.68,400
888,7.69,7.69,7.6775,7.685,600
889,7.68,7.69,7.67,7.67,900
890,7.67,7.69,7.6675,7.67,1000
891,7.645,7.66,7.63,7.66,1600
892,7.645,7.645,7.6375,7.645,400
893,7.6301,7.645,7.63,7.645,1000
894,7.62,7.645,7.6,7.6375,2492
895,7.61,7.63,7.585,7.6,1860
896,7.6,7.63,7.59,7.59,1400
897,7.595,7.6,7.57,7.59,1800
898,7.585,7.6,7.58,7.58,900
899,7.6,7.6,7.57,7.57,800
900,7.55,7.59,7.55,7.585,2750
901,7.535,7.57,7.53,7.55,3990
902,7.55,7.58,7.535,7.54,4644
903,7.6,7.63,7.56,7.56,13998
a1497360600,7.64,7.64,7.64,7.64,400
1,7.6628,7.7,7.6565,7.7,1131
2,7.7,7.7,7.6628,7.6628,381
3,7.75,7.75,7.684,7.684,750
4,7.745,7.78,7.74,7.76,1200
5,7.77,7.77,7.77,7.77,200
6,7.84,7.84,7.8,7.8,300
7,7.84,7.84,7.8,7.8,400
8,7.85,7.85,7.85,7.85,100
9,7.91,7.93,7.86,7.86,3800
10,7.88,7.89,7.82,7.88,3180
12,7.84,7.84,7.84,7.84,300
13,7.88,7.88,7.83,7.83,400
14,7.82,7.85,7.82,7.85,700
15,7.89,7.89,7.83,7.83,1000
16,7.8087,7.82,7.8,7.82,904
18,7.8282,7.8282,7.8,7.8,980
19,7.83,7.85,7.83,7.84,300
20,7.87,7.87,7.82,7.84,1812
21,7.87,7.87,7.87,7.87,100
22,7.81,7.865,7.81,7.85,1100
23,7.91,7.91,7.8,7.82,14650
24,7.98,8,7.9,7.9,1200
25,7.96,7.975,7.96,7.96,500
26,8,8,7.97,7.97,700
27,7.99,7.99,7.96,7.99,1938
28,7.91,7.975,7.91,7.975,3500
29,7.84,7.91,7.81,7.91,2800
30,7.87,7.89,7.85,7.85,2450
31,7.905,7.93,7.81,7.81,8200
32,7.88,7.905,7.84,7.905,3000
33,7.85,7.88,7.83,7.86,800
34,7.83,7.85,7.8047,7.85,3615
35,7.845,7.87,7.81,7.815,4140
36,7.82,7.86,7.82,7.845,700
37,7.8,7.85,7.8,7.83,1800
38,7.84,7.84,7.8,7.8,1500
39,7.85,7.88,7.81,7.82,7963
144,7.96,7.96,7.96,7.96,2214
145,7.87,7.87,7.85,7.85,200
146,7.915,7.915,7.7688,7.7688,2100
147,7.84,7.94,7.84,7.94,4999
148,7.76,7.87,7.75,7.85,1880
149,7.735,7.77,7.7325,7.77,4300
150,7.73,7.74,7.71,7.71,1307
151,7.725,7.78,7.725,7.78,1240
152,7.7325,7.76,7.71,7.71,4011
153,7.71,7.74,7.71,7.725,1232
154,7.85,7.87,7.7242,7.735,5368
155,7.79,7.82,7.79,7.82,1300
156,7.81,7.83,7.755,7.76,2200
157,7.74,7.8,7.74,7.79,800
158,7.78,7.78,7.77,7.77,700
159,7.79,7.79,7.785,7.785,200
160,7.735,7.75,7.72,7.75,500
162,7.75,7.75,7.74,7.74,400
163,7.76,7.76,7.74,7.745,2300
164,7.73,7.745,7.71,7.73,800
166,7.75,7.75,7.69,7.715,4000
169,7.72,7.73,7.71,7.73,700
170,7.71,7.725,7.71,7.725,200
171,7.69,7.715,7.69,7.71,800
172,7.73,7.73,7.69,7.695,2500
173,7.73,7.73,7.72,7.72,1200
174,7.78,7.78,7.72,7.72,1800
175,7.77,7.77,7.75,7.76,400
176,7.76,7.76,7.75,7.76,2400
178,7.77,7.77,7.76,7.77,489
179,7.77,7.77,7.76,7.76,1300
180,7.75,7.77,7.75,7.75,800
181,7.755,7.77,7.75,7.77,4883
182,7.76,7.76,7.74,7.755,1900
183,7.74,7.75,7.73,7.74,3776
288,7.63,7.63,7.63,7.63,569
289,7.57,7.61,7.57,7.61,200
290,7.62,7.78,7.62,7.78,200
291,7.73,7.79,7.67,7.79,700
292,7.68,7.83,7.68,7.83,200
293,7.6,7.76,7.6,7.76,6839
294,7.55,7.6,7.55,7.6,500
295,7.55,7.55,7.55,7.55,200
296,7.52,7.55,7.52,7.55,3127
297,7.51,7.52,7.51,7.52,744
298,7.51,7.55,7.51,7.55,1682
299,7.5,7.5,7.5,7.5,617
300,7.48,7.48,7.48,7.48,300
301,7.45,7.45,7.45,7.45,300
303,7.46,7.5,7.46,7.46,1200
304,7.49,7.49,7.48,7.48,200
305,7.49,7.49,7.48,7.48,500
306,7.48,7.49,7.46,7.49,2934
307,7.5,7.5,7.49,7.49,1100
308,7.5,7.5,7.5,7.5,500
309,7.45,7.5,7.45,7.5,200
310,7.48,7.49,7.45,7.45,900
311,7.48,7.48,7.48,7.48,100
312,7.48,7.48,7.45,7.45,200
313,7.46,7.48,7.45,7.45,400
314,7.5,7.51,7.45,7.455,4906
315,7.52,7.53,7.5,7.53,500
316,7.5,7.54,7.5,7.51,1400
317,7.45,7.5,7.45,7.5,200
318,7.4764,7.4919,7.47,7.49,1769
319,7.45,7.47,7.45,7.47,653
320,7.47,7.52,7.465,7.48,2754
321,7.51,7.51,7.46,7.46,3500
322,7.4875,7.51,7.48,7.48,1575
323,7.53,7.53,7.48,7.485,900
324,7.53,7.53,7.5,7.515,550
325,7.5,7.53,7.5,7.5,500
326,7.48,7.52,7.48,7.5,2717
327,7.57,7.62,7.48,7.48,17526
432,7.56,7.56,7.56,7.56,340
433,7.53,7.53,7.53,7.53,100
436,7.52,7.56,7.52,7.56,300
437,7.51,7.55,7.51,7.55,400
438,7.52,7.53,7.51,7.53,1500
439,7.5,7.5,7.5,7.5,100
440,7.51,7.51,7.51,7.51,200
441,7.53,7.53,7.52,7.52,700
442,7.55,7.56,7.48,7.52,5750
443,7.45,7.62,7.45,7.56,24558
444,7.39,7.42,7.2,7.42,13656
445,7.35,7.36,7.34,7.34,1321
446,7.34,7.35,7.33,7.34,516
447,7.4,7.4,7.4,7.4,100
448,7.36,7.36,7.34,7.35,1100
449,7.36,7.36,7.35,7.35,4104
450,7.34,7.3677,7.34,7.35,535
451,7.3099,7.32,7.3099,7.32,1255
452,7.28,7.28,7.25,7.25,500
453,7.3,7.3,7.28,7.28,1700
454,7.3,7.31,7.3,7.31,200
455,7.299,7.3,7.299,7.3,900
456,7.32,7.32,7.2932,7.3,2155
457,7.34,7.35,7.32,7.34,1200
458,7.3102,7.3102,7.28,7.28,563
459,7.27,7.3,7.27,7.3,1060
460,7.28,7.28,7.28,7.28,200
461,7.299,7.299,7.299,7.299,100
463,7.29,7.31,7.29,7.31,300
464,7.26,7.26,7.26,7.26,100
465,7.2825,7.2825,7.26,7.27,4600
466,7.28,7.28,7.26,7.26,1689
467,7.25,7.26,7.25,7.26,1000
468,7.2389,7.2599,7.2389,7.2599,2068
469,7.28,7.3,7.24,7.24,2589
470,7.28,7.32,7.28,7.31,2175
471,7.24,7.3,7.23,7.29,8618
864,7.16,7.16,7.16,7.16,1819
865,7.25,7.45,7.25,7.45,376
866,7.41,7.41,7.3,7.3,500
867,7.265,7.34,7.16,7.2,6809
868,7.24,7.285,7.24,7.285,400
869,7.19,7.19,7.19,7.19,200
870,7.28,7.33,7.28,7.29,800
871,7.275,7.28,7.23,7.26,1500
872,7.29,7.29,7.25,7.29,600
873,7.285,7.2867,7.28,7.28,405
874,7.31,7.32,7.17,7.285,17000
875,7.31,7.31,7.29,7.29,621
876,7.25,7.26,7.25,7.26,300
877,7.2092,7.27,7.2092,7.26,1400
878,7.106,7.19,7.106,7.19,1507
879,7.11,7.11,7.1,7.1,700
880,7.15,7.15,7.09,7.11,2485
882,7.1775,7.19,7.16,7.1896,994
883,7.2,7.2,7.19,7.19,600
884,7.24,7.24,7.24,7.24,600
885,7.18,7.19,7.18,7.19,300
886,7.21,7.22,7.18,7.18,3000
888,7.21,7.22,7.2,7.2,300
889,7.23,7.23,7.21,7.22,700
890,7.23,7.23,7.23,7.23,500
891,7.21,7.23,7.21,7.21,400
892,7.2,7.2,7.17,7.19,1100
893,7.18,7.2,7.17,7.17,1600
894,7.18,7.18,7.17,7.175,600
895,7.2,7.225,7.18,7.18,2900
896,7.15,7.19,7.15,7.19,3695
897,7.19,7.195,7.15,7.15,2801
898,7.17,7.185,7.16,7.16,600
899,7.185,7.2,7.18,7.18,1916
900,7.17,7.18,7.14,7.18,1792
901,7.16,7.17,7.15,7.17,1500
902,7.1401,7.16,7.14,7.16,5255
903,7.12,7.155,7.09,7.14,8638
a1497965400,7.13,7.13,7.13,7.13,345
1,6.98,7.141,6.98,7.141,2862
2,7.05,7.22,7.05,7.22,600
3,7.035,7.05,7,7,2441
4,7,7.02,7,7.02,1302
5,7.04,7.04,6.96,6.96,800
6,6.987,7,6.987,7,850
7,7.06,7.06,6.98,6.99,1680
8,7.03,7.05,7.03,7.05,1384
9,7.0306,7.0306,7.028,7.028,1040
10,7.03,7.03,7.03,7.03,200
11,7.04,7.07,7.03,7.03,7480
12,7.07,7.1,7.04,7.05,2967
13,7.1,7.1,7.08,7.08,1200
15,7.09,7.09,7.09,7.09,200
16,7.0868,7.0868,7.0868,7.0868,175
17,7.1,7.1,7.08,7.097,982
18,7.08,7.09,7.08,7.09,340
19,7.09,7.1,7.075,7.1,800
21,7.1,7.1,7.1,7.1,500
22,7.09,7.09,7.09,7.09,400
25,7.0832,7.0904,7.0832,7.085,1311
26,7.08,7.0853,7.08,7.0853,235
27,7.08,7.08,7.08,7.08,100
28,7.07,7.1,7.07,7.1,200
29,7.1,7.1,7.1,7.1,1000
30,7.1,7.1,7.09,7.1,1100
31,7.105,7.105,7.105,7.105,147
32,7.13,7.15,7.12,7.12,1700
33,7.08,7.12,7.08,7.1,4600
34,7.07,7.07,7.06,7.07,500
35,7.08,7.1,7.08,7.08,1000
36,7.07,7.09,7.04,7.04,1300
37,7.06,7.06,7.04,7.04,400
38,7.12,7.12,7.04,7.06,2192
39,7.1,7.11,7.05,7.1,3701
144,7.1,7.1,7.1,7.1,302
146,7.01,7.01,7.01,7.01,200
147,7.09,7.09,7.04,7.04,200
148,7.05,7.07,7.05,7.07,300
149,6.99,7.05,6.99,7.05,2100
150,7.06,7.08,7,7,1100
151,7.09,7.12,7.06,7.06,600
152,7.03,7.125,7.03,7.09,900
153,6.96,7.08,6.96,7.04,7574
154,6.97,6.97,6.92,6.92,1300
155,6.94,6.94,6.94,6.94,100
156,6.92,6.933,6.91,6.92,2145
157,6.98,6.99,6.93,6.93,3600
158,6.97,6.98,6.96,6.97,1600
159,6.96,6.97,6.96,6.97,600
160,6.97,6.98,6.96,6.97,1300
161,7,7,6.97,6.97,1500
162,7,7.01,6.99,7,2140
163,7,7.01,6.99,7,3068
164,6.999,7.025,6.995,6.995,1300
165,6.98,6.98,6.975,6.975,300
166,6.98,6.9899,6.98,6.98,1600
167,7.05,7.05,6.97,6.98,2800
168,6.99,7.05,6.99,7.05,807
169,7.06,7.06,6.995,6.995,600
170,7.035,7.035,7.03,7.03,400
171,7,7,6.99,7,800
172,7.025,7.025,7.025,7.025,100
174,7.02,7.02,7.02,7.02,200
175,7.08,7.095,7.03,7.03,1800
176,7.03,7.05,7.02,7.04,1400
177,7,7.04,7,7.04,600
178,7.01,7.03,7.01,7.02,700
179,7.02,7.05,7.0192,7.03,3500
180,7.02,7.05,7.02,7.04,2100
181,7.02,7.02,7,7.02,1606
182,7.055,7.06,6.97,7,6355
183,7,7.07,6.96,7.055,13374
288,6.97,6.97,6.97,6.97,440
289,7.03,7.03,7.03,7.03,100
290,7.04,7.055,7.03,7.05,1720
291,7.12,7.12,7.12,7.12,100
292,7.13,7.13,7.13,7.13,300
293,7.05,7.15,7.05,7.14,2500
294,6.96,7.05,6.92,7.05,3516
295,6.95,6.9601,6.84,6.96,5500
296,6.94,6.94,6.83,6.9101,6080
297,6.94,6.95,6.94,6.94,2902
298,6.88,6.95,6.88,6.94,4100
299,6.82,6.85,6.81,6.85,3200
300,6.87,6.87,6.825,6.84,1500
301,6.88,6.88,6.88,6.88,100
302,6.815,6.9,6.815,6.9,1400
303,6.79,6.82,6.79,6.82,2471
304,6.86,6.86,6.7725,6.7725,2030
305,6.84,6.85,6.84,6.85,500
306,6.865,6.865,6.85,6.85,1100
307,6.88,6.88,6.87,6.87,300
308,6.88,6.89,6.88,6.89,1184
309,6.895,6.895,6.88,6.88,1400
310,6.9,6.94,6.89,6.89,2411
311,6.905,6.93,6.89,6.93,1117
312,6.86,6.87,6.86,6.86,1300
313,6.845,6.845,6.845,6.845,100
314,6.85,6.86,6.84,6.85,1000
315,6.83,6.885,6.83,6.885,2300
316,6.87,6.885,6.84,6.85,1513
317,6.875,6.875,6.875,6.875,100
318,6.81,6.87,6.8,6.87,1300
319,6.824,6.83,6.81,6.81,2595
320,6.8,6.82,6.8,6.815,700
321,6.82,6.82,6.81,6.82,1400
322,6.815,6.82,6.815,6.815,900
323,6.86,6.86,6.8199,6.82,2300
324,6.84,6.88,6.84,6.86,4200
325,6.855,6.855,6.83,6.85,3789
326,6.86,6.87,6.86,6.86,2000
327,6.86,6.89,6.8492,6.87,7264
432,6.79,6.79,6.79,6.79,2071
433,6.85,6.85,6.81,6.83,1600
434,6.83,6.8499,6.83,6.8499,200
435,6.86,6.86,6.83,6.83,1000
436,6.93,6.9308,6.87,6.87,900
437,6.94,6.94,6.93,6.93,500
438,6.93,6.95,6.92,6.95,1700
439,6.9,6.93,6.89,6.92,2023
440,6.92,6.9299,6.9,6.91,2244
441,6.9,6.9299,6.9,6.9299,3196
442,6.83,6.895,6.82,6.89,2048
443,6.79,6.84,6.79,6.83,2400
444,6.7914,6.82,6.79,6.81,3509
445,6.8,6.8,6.77,6.79,3600
446,6.77,6.81,6.77,6.79,1400
447,6.76,6.79,6.76,6.77,5743
448,6.77,6.78,6.76,6.7614,2125
449,6.79,6.79,6.75,6.77,7966
450,6.7621,6.78,6.7528,6.76,1400
451,6.69,6.76,6.6821,6.76,4710
452,6.66,6.71,6.65,6.6821,2700
453,6.66,6.68,6.65,6.6507,3243
454,6.62,6.665,6.61,6.665,3834
455,6.54,6.63,6.54,6.61,6003
456,6.64,6.64,6.55,6.55,4310
457,6.68,6.68,6.65,6.65,1800
458,6.74,6.74,6.7,6.7,1000
459,6.73,6.76,6.72,6.75,13535
460,6.745,6.745,6.74,6.74,500
461,6.72,6.7399,6.71,6.73,2266
462,6.74,6.74,6.72,6.74,800
463,6.73,6.74,6.71,6.7292,1895
464,6.71,6.75,6.71,6.74,1000
465,6.785,6.8,6.725,6.73,1300
466,6.765,6.785,6.765,6.78,1696
467,6.75,6.78,6.75,6.78,1500
468,6.77,6.79,6.75,6.75,5000
469,6.8,6.83,6.77,6.78,9100
470,6.83,6.84,6.76,6.79,9011
471,6.88,6.92,6.79,6.85,1022569
864,6.95,6.95,6.95,6.95,4786
865,7.17,7.25,6.95,7,8674
866,7.38,7.4581,7.14,7.14,3343
867,7.2,7.48,7.09,7.36,2600
868,7.13,7.1599,7.13,7.145,2300
869,7.18,7.18,7.14,7.14,400
870,7.22,7.24,7.1828,7.1828,1140
871,7.23,7.24,7.22,7.22,600
872,7.29,7.322,7.24,7.24,3208
873,7.31,7.31,7.28,7.28,1600
874,7.28,7.31,7.26,7.3,1300
875,7.3,7.3,7.25,7.28,900
876,7.33,7.33,7.3,7.3,600
877,7.42,7.42,7.33,7.35,4211
878,7.39,7.47,7.38,7.429,4169
879,7.4,7.4,7.3701,7.38,418
880,7.37,7.37,7.37,7.37,100
882,7.4,7.4,7.38,7.39,400
883,7.395,7.4,7.3874,7.3874,4804
884,7.43,7.44,7.41,7.41,2800
885,7.44,7.45,7.4301,7.44,2200
886,7.41,7.43,7.36,7.43,1924
887,7.42,7.42,7.415,7.415,200
888,7.4001,7.43,7.4,7.415,400
889,7.51,7.51,7.405,7.43,12527
890,7.59,7.6,7.52,7.52,5800
891,7.5801,7.585,7.5799,7.5799,1200
892,7.58,7.59,7.52,7.59,5191
893,7.56,7.58,7.56,7.5757,1800
894,7.56,7.56,7.53,7.56,3591
895,7.58,7.58,7.56,7.56,600
896,7.51,7.57,7.51,7.57,1100
897,7.535,7.54,7.49,7.49,1100
898,7.5001,7.53,7.5,7.53,1000
899,7.52,7.54,7.515,7.515,1161
900,7.51,7.52,7.5,7.5001,1050
901,7.58,7.61,7.4701,7.5,6370
902,7.665,7.68,7.6,7.6,8334
903,7.62,7.67,7.6,7.6101,13690
a1498570200,7.62,7.62,7.59,7.59,2026
1,7.36,7.8,7.2,7.51,930
2,7.5216,7.59,7.46,7.58,2785
3,7.52,7.58,7.52,7.58,1800
4,7.59,7.61,7.46,7.46,1700
5,7.56,7.63,7.56,7.63,200
6,7.7148,7.7148,7.62,7.62,1989
7,7.66,7.7,7.66,7.7,400
8,7.69,7.69,7.65,7.65,200
9,7.67,7.7,7.67,7.7,400
10,7.7,7.7,7.67,7.6886,430
11,7.72,7.72,7.68,7.7197,431
12,7.72,7.72,7.72,7.72,400
13,7.68,7.68,7.67,7.67,300
15,7.67,7.67,7.655,7.655,300
16,7.64,7.665,7.64,7.65,4000
17,7.6,7.64,7.6,7.64,300
18,7.56,7.64,7.52,7.64,31462
19,7.51,7.59,7.5,7.57,6873
20,7.57,7.595,7.57,7.595,200
21,7.56,7.6,7.56,7.58,400
23,7.56,7.57,7.56,7.56,300
24,7.62,7.63,7.57,7.57,1000
25,7.5976,7.64,7.58,7.64,1150
26,7.65,7.65,7.5732,7.6,1633
27,7.63,7.63,7.61,7.61,400
28,7.5,7.56,7.4657,7.56,1377
29,7.47,7.52,7.47,7.49,400
30,7.59,7.63,7.49,7.49,1500
31,7.64,7.64,7.62,7.62,200
32,7.68,7.68,7.62,7.64,1050
33,7.61,7.69,7.59,7.69,700
34,7.61,7.61,7.59,7.61,500
35,7.6,7.6,7.6,7.6,700
36,7.6,7.6,7.6,7.6,300
37,7.47,7.59,7.47,7.58,3360
38,7.46,7.48,7.45,7.47,1600
39,7.49,7.49,7.43,7.45,10661
144,7.48,7.48,7.48,7.48,1500
145,7.5,7.61,7.5,7.61,299
146,7.58,7.58,7.5085,7.51,2310
147,7.5899,7.5899,7.5899,7.5899,200
148,7.65,7.65,7.57,7.57,400
149,7.67,7.67,7.63,7.65,2565
150,7.63,7.66,7.63,7.66,1100
151,7.57,7.58,7.57,7.58,200
152,7.84,7.84,7.68,7.68,7020
153,7.678,7.81,7.678,7.81,2316
154,7.5901,7.66,7.5901,7.66,500
155,7.64,7.64,7.64,7.64,200
156,7.61,7.65,7.58,7.65,8228
157,7.77,7.77,7.605,7.61,32889
158,7.75,7.81,7.75,7.789,8816
159,7.85,7.86,7.74,7.78,5916
160,7.89,7.89,7.86,7.86,4000
161,7.8601,7.88,7.8501,7.8618,1041
162,7.85,7.88,7.81,7.8601,1000
163,7.845,7.86,7.8301,7.84,1800
164,7.87,7.87,7.84,7.84,1466
165,7.8501,7.88,7.8501,7.865,400
166,7.84,7.87,7.84,7.8501,1600
167,7.835,7.86,7.835,7.86,530
168,7.88,7.88,7.8201,7.8201,1500
169,7.87,7.88,7.86,7.88,1400
170,7.84,7.8601,7.82,7.8601,2041
171,7.84,7.84,7.82,7.8201,1270
172,7.8,7.86,7.76,7.801,4920
173,7.7901,7.81,7.79,7.8,5900
174,7.785,7.79,7.7501,7.79,840
175,7.83,7.83,7.7601,7.775,4000
176,7.83,7.83,7.83,7.83,100
177,7.83,7.83,7.81,7.81,5006
178,7.83,7.83,7.82,7.82,730
179,7.84,7.86,7.805,7.8201,1180
180,7.89,7.89,7.85,7.85,8234
181,7.93,7.95,7.91,7.91,2631
182,7.93,7.95,7.92,7.95,9727
183,7.95,7.99,7.925,7.95,22881
288,7.99,7.99,7.99,7.99,405
289,7.7878,7.89,7.68,7.89,503
290,7.84,7.84,7.77,7.77,660
291,7.935,7.94,7.84,7.86,3175
292,7.96,7.96,7.94,7.94,1300
293,7.96,7.96,7.95,7.95,4562
294,8.051,8.1,7.97,7.97,10840
295,8.075,8.1,8.075,8.09,2128
296,8.04,8.0491,8.04,8.0491,479
297,7.985,8.05,7.9501,8.04,15353
298,8.03,8.03,7.96,7.98,3500
299,8,8.07,8,8.07,1400
300,7.92,7.99,7.915,7.99,20788
301,7.89,7.91,7.87,7.905,4500
302,7.76,7.88,7.76,7.88,1650
303,7.74,7.77,7.71,7.77,1300
304,7.72,7.735,7.72,7.735,400
305,7.68,7.72,7.67,7.71,1000
306,7.67,7.696,7.66,7.66,2484
307,7.62,7.66,7.62,7.65,1400
308,7.61,7.646,7.6,7.646,720
309,7.65,7.65,7.6,7.6,1000
310,7.63,7.65,7.63,7.65,600
311,7.6,7.63,7.59,7.63,700
312,7.56,7.6,7.56,7.6,700
313,7.56,7.5775,7.545,7.56,1500
314,7.66,7.67,7.61,7.61,1400
315,7.67,7.67,7.67,7.67,400
316,7.63,7.64,7.6,7.64,1470
317,7.63,7.67,7.63,7.67,500
318,7.605,7.645,7.59,7.63,1400
319,7.61,7.62,7.61,7.62,400
320,7.61,7.62,7.6,7.61,600
321,7.57,7.59,7.57,7.59,700
322,7.57,7.62,7.57,7.57,800
323,7.55,7.61,7.55,7.61,1000
324,7.55,7.6,7.53,7.53,2100
325,7.65,7.65,7.545,7.56,6300
326,7.75,7.78,7.62,7.66,9505
327,7.92,7.95,7.77,7.78,55440
432,7.9,7.9,7.9,7.9,219
433,7.65,7.74,7.3801,7.3801,870
434,7.74,7.74,7.651,7.709,5300
435,7.73,7.78,7.69,7.78,300
436,7.74,7.74,7.74,7.74,400
437,7.71,7.73,7.71,7.73,6300
438,7.72,7.72,7.71,7.71,800
439,7.75,7.75,7.71,7.71,200
440,7.735,7.75,7.735,7.741,330
441,7.7316,7.7316,7.7316,7.7316,233
442,7.75,7.75,7.75,7.75,100
443,7.8,7.8,7.78,7.78,400
444,7.81,7.81,7.79,7.79,300
445,7.77,7.81,7.76,7.81,2400
446,7.8,7.8,7.78,7.78,300
447,7.85,7.89,7.84,7.84,2355
448,7.91,7.91,7.82,7.85,1240
449,7.84,7.9,7.83,7.9,1489
450,7.84,7.84,7.8,7.84,700
451,7.78,7.82,7.77,7.81,1700
452,7.81,7.81,7.81,7.81,100
453,7.85,7.85,7.83,7.83,300
454,7.87,7.87,7.85,7.85,200
455,7.9,7.91,7.88,7.88,400
456,7.86,7.89,7.86,7.87,1357
457,7.82,7.89,7.82,7.89,800
458,7.86,7.86,7.84,7.84,400
459,7.86,7.89,7.86,7.88,400
460,7.81,7.86,7.81,7.86,700
461,7.79,7.79,7.79,7.79,200
462,7.76,7.8,7.76,7.77,300
463,7.78,7.8,7.78,7.79,800
464,7.75,7.75,7.75,7.75,300
465,7.78,7.78,7.72,7.72,1100
466,7.74,7.81,7.72,7.78,1700
467,7.73,7.75,7.72,7.75,3050
468,7.71,7.73,7.71,7.72,2339
469,7.73,7.73,7.72,7.72,875
470,7.79,7.8,7.72,7.72,3580
471,7.77,7.84,7.75,7.79,11994
864,7.76,7.76,7.76,7.76,1533
865,7.73,7.95,7.73,7.767,6661
866,7.69,7.75,7.665,7.73,4788
867,7.74,7.81,7.74,7.75,400
868,7.79,7.79,7.775,7.78,1257
869,7.87,7.87,7.795,7.8,900
870,7.91,7.91,7.87,7.87,3576
871,7.8599,7.92,7.8599,7.92,4936
872,7.9,7.9,7.86,7.86,801
873,7.91,7.94,7.9,7.94,2717
874,7.94,7.94,7.91,7.9136,1246
875,7.95,7.95,7.92,7.94,1700
876,7.965,7.965,7.9201,7.94,1786
877,7.99,7.99,7.91,7.98,3100
878,8,8,7.955,7.955,1304
879,7.98,8,7.97,7.99,1857
880,8.1,8.1,7.97,7.97,11850
881,8.07,8.1,8.05,8.075,904
882,8.16,8.16,8.06,8.06,2655
883,8.24,8.25,8.14,8.17,7821
884,8.35,8.4,8.24,8.25,10110
885,8.18,8.35,8.14,8.35,15808
a1499261400,8.2,8.2,8.2,8.2,1715
1,8.015,8.2,8,8.2,2390
2,8,8.04,8,8.03,600
3,8.03,8.03,8,8.012,2700
4,7.965,8.01,7.95,8.01,2151
5,7.94,7.98,7.94,7.98,902
6,7.97,7.97,7.94,7.94,500
7,7.97,7.97,7.97,7.97,100
8,7.98,8.07,7.9683,7.9683,6100
9,7.92,7.98,7.92,7.95,1100
10,7.89,7.92,7.89,7.92,300
11,7.955,7.97,7.91,7.91,1743
12,7.9601,7.98,7.96,7.97,962
13,7.93,7.98,7.93,7.96,1251
14,7.95,7.987,7.95,7.987,976
15,7.97,7.97,7.9101,7.95,983
16,7.94,7.94,7.88,7.94,7272
17,7.97,7.97,7.94,7.94,600
18,8.065,8.065,7.97,7.97,4743
19,8.075,8.08,8.06,8.07,6050
20,8.08,8.08,8.06,8.06,400
21,8.05,8.08,8.05,8.08,995
22,8.0101,8.03,8.0101,8.02,450
23,7.9901,8.02,7.9901,8.01,600
24,7.9501,7.99,7.9501,7.99,300
25,7.94,7.95,7.9301,7.95,2000
26,7.97,7.98,7.96,7.98,790
27,7.95,7.9501,7.95,7.9501,200
28,7.93,7.93,7.8601,7.8601,900
29,7.96,7.96,7.92,7.92,600
30,7.88,7.9201,7.88,7.9201,400
31,7.91,7.93,7.89,7.89,2300
32,7.93,7.96,7.91,7.91,1100
33,7.965,7.98,7.9001,7.9001,2609
34,7.94,7.97,7.93,7.9501,1891
35,7.9701,7.985,7.9201,7.9201,2300
36,7.97,7.99,7.9201,7.98,1511
37,8.01,8.01,7.9701,7.9701,1408
38,8.04,8.04,7.98,7.995,5228
39,8,8.04,7.99,8.03,8617
