EXCHANGE%3DNASDAQ
MARKET_OPEN_MINUTE=570
MARKET_CLOSE_MINUTE=960
INTERVAL=600
COLUMNS=DATE,CLOSE,HIGH,LOW,OPEN,VOLUME
DATA=
TIMEZONE_OFFSET=-240
a1493127000,1.61,1.61,1.61,1.61,2000
3,1.59,1.59,1.59,1.59,193
4,1.65,1.65,1.61,1.61,5700
5,1.61,1.63,1.61,1.63,15800
7,1.63,1.63,1.63,1.63,100
10,1.64,1.64,1.64,1.64,100
11,1.64,1.64,1.64,1.64,100
12,1.59,1.6,1.59,1.6,400
13,1.62,1.62,1.62,1.62,200
14,1.62,1.62,1.62,1.62,200
15,1.6,1.6,1.6,1.6,100
17,1.6,1.6,1.6,1.6,4700
18,1.6,1.61,1.6,1.6,12200
19,1.62,1.62,1.6,1.62,3134
20,1.62,1.62,1.62,1.62,100
21,1.6024,1.6024,1.6024,1.6024,140
22,1.6,1.62,1.6,1.62,4300
23,1.6,1.601,1.6,1.601,2100
24,1.58,1.6132,1.58,1.6132,7295
27,1.58,1.5801,1.58,1.5801,2400
29,1.58,1.58,1.58,1.58,200
33,1.59,1.59,1.59,1.59,200
38,1.59,1.59,1.58,1.58,2000
39,1.6,1.6,1.58,1.59,8987
144,1.63,1.63,1.63,1.63,2000
145,1.5824,1.64,1.58,1.64,18300
147,1.61,1.63,1.5999,1.5999,4200
149,1.61,1.61,1.59,1.6,9400
152,1.61,1.61,1.61,1.61,100
153,1.56,1.6099,1.56,1.6099,19800
154,1.58,1.58,1.56,1.5799,5300
155,1.58,1.58,1.58,1.58,200
159,1.6034,1.6034,1.6034,1.6034,500
161,1.635,1.635,1.6034,1.6034,9500
162,1.63,1.65,1.63,1.65,5600
163,1.63,1.63,1.63,1.63,200
164,1.62,1.62,1.62,1.62,100
165,1.6152,1.6152,1.6152,1.6152,130
167,1.63,1.63,1.63,1.63,100
168,1.6127,1.6127,1.6127,1.6127,327
169,1.61,1.6217,1.61,1.61,10300
171,1.62,1.62,1.62,1.62,200
172,1.615,1.615,1.615,1.615,2900
173,1.62,1.62,1.62,1.62,100
174,1.61,1.6216,1.61,1.61,10300
175,1.61,1.6199,1.61,1.6199,1600
180,1.6101,1.62,1.61,1.62,3400
181,1.62,1.63,1.61,1.61,10100
182,1.61,1.61,1.6,1.61,6700
183,1.62,1.64,1.61,1.615,31897
288,1.6,1.6,1.6,1.6,210
289,1.64,1.65,1.64,1.65,200
291,1.6001,1.6001,1.6001,1.6001,164
292,1.64,1.64,1.63,1.63,200
294,1.6275,1.63,1.6275,1.63,1000
295,1.65,1.65,1.65,1.65,100
297,1.63,1.65,1.63,1.65,13100
301,1.63,1.63,1.63,1.63,100
304,1.65,1.65,1.65,1.65,200
305,1.64,1.64,1.636,1.636,1100
307,1.63,1.63,1.63,1.63,165
309,1.64,1.64,1.64,1.64,100
314,1.639,1.639,1.639,1.639,800
315,1.64,1.64,1.64,1.64,200
316,1.62,1.62,1.62,1.62,100
318,1.62,1.62,1.62,1.62,100
321,1.62,1.62,1.62,1.62,500
322,1.62,1.62,1.62,1.62,200
325,1.62,1.62,1.62,1.62,200
327,1.65,1.66,1.62,1.63,7090
432,1.63,1.63,1.63,1.63,156
433,1.65,1.67,1.65,1.67,200
434,1.6,1.64,1.6,1.64,10397
435,1.64,1.64,1.6,1.61,10800
436,1.69,1.7,1.65,1.65,962
437,1.67,1.69,1.64,1.69,5900
438,1.68,1.68,1.66,1.68,1300
439,1.69,1.69,1.68,1.68,1300
440,1.69,1.6986,1.69,1.69,993
441,1.66,1.69,1.65,1.69,4100
442,1.69,1.69,1.675,1.675,600
443,1.68,1.68,1.66,1.68,1500
444,1.7,1.7,1.68,1.68,1000
445,1.7,1.7,1.69,1.7,1600
446,1.7,1.7,1.7,1.7,200
447,1.7,1.72,1.7,1.7,19123
448,1.7,1.7083,1.7,1.7083,1400
449,1.7,1.7,1.69,1.6964,2700
450,1.685,1.7,1.685,1.7,1600
452,1.69,1.69,1.69,1.69,700
453,1.68,1.69,1.6785,1.69,10414
454,1.685,1.685,1.685,1.685,200
455,1.7,1.7,1.69,1.69,300
456,1.71,1.71,1.7,1.7,200
457,1.7,1.71,1.7,1.71,2000
458,1.72,1.73,1.72,1.72,1800
459,1.706,1.72,1.706,1.72,300
460,1.71,1.71,1.71,1.71,1100
461,1.71,1.72,1.7,1.72,900
462,1.7,1.71,1.7,1.71,2000
464,1.72,1.72,1.7,1.7,500
465,1.72,1.72,1.7116,1.72,1137
466,1.7101,1.72,1.7101,1.72,1500
467,1.715,1.72,1.71,1.72,2600
468,1.69,1.72,1.6757,1.72,4361
469,1.7,1.7,1.6754,1.6754,1000
470,1.71,1.71,1.7,1.7,2800
471,1.69,1.71,1.69,1.71,11796
864,1.71,1.71,1.71,1.71,100
865,1.71,1.71,1.71,1.71,2900
866,1.68,1.68,1.68,1.68,700
868,1.71,1.71,1.71,1.71,200
869,1.71,1.71,1.71,1.71,100
871,1.7036,1.71,1.7036,1.71,400
873,1.7,1.7,1.7,1.7,200
875,1.6952,1.6952,1.68,1.68,1000
876,1.71,1.71,1.71,1.71,100
880,1.71,1.71,1.71,1.71,100
881,1.6848,1.6848,1.6848,1.6848,112
884,1.6764,1.6764,1.6764,1.6764,1000
885,1.71,1.71,1.71,1.71,100
887,1.67,1.705,1.67,1.7035,9800
888,1.65,1.6853,1.65,1.6853,2050
889,1.65,1.65,1.65,1.65,12300
890,1.65,1.65,1.65,1.65,100
891,1.63,1.63,1.63,1.63,100
893,1.64,1.64,1.64,1.64,200
895,1.6421,1.6421,1.6421,1.6421,600
896,1.6714,1.69,1.67,1.69,990
897,1.68,1.68,1.68,1.68,100
899,1.65,1.66,1.65,1.66,6671
902,1.65,1.66,1.65,1.66,700
903,1.62,1.65,1.6,1.64,22656
a1493731800,1.59,1.59,1.59,1.59,535
1,1.5601,1.6,1.5601,1.6,5494
2,1.6301,1.655,1.5601,1.5601,4100
3,1.6001,1.6301,1.6001,1.6301,600
5,1.5801,1.6034,1.5801,1.6034,1500
8,1.58,1.58,1.58,1.58,100
10,1.5801,1.6,1.5801,1.6,200
12,1.5601,1.61,1.5601,1.61,300
13,1.62,1.62,1.6,1.6,200
15,1.58,1.5862,1.58,1.5862,1300
18,1.5801,1.64,1.5801,1.64,500
23,1.5901,1.6022,1.5901,1.6022,600
25,1.59,1.59,1.59,1.59,100
26,1.6001,1.6001,1.6,1.6,800
31,1.61,1.62,1.6001,1.62,751
33,1.61,1.61,1.61,1.61,100
35,1.6,1.62,1.6,1.62,1417
36,1.57,1.6,1.56,1.6,5500
37,1.61,1.61,1.61,1.61,100
39,1.59,1.62,1.59,1.6,5467
146,1.6,1.6,1.6,1.6,100
148,1.57,1.57,1.57,1.57,200
149,1.6,1.6,1.57,1.57,400
150,1.57,1.57,1.57,1.57,400
151,1.59,1.59,1.57,1.57,300
152,1.59,1.59,1.57,1.57,300
153,1.57,1.57,1.57,1.57,300
154,1.58,1.58,1.57,1.57,200
155,1.58,1.58,1.58,1.58,100
157,1.5732,1.59,1.5732,1.59,200
158,1.58,1.58,1.55,1.5718,7000
159,1.58,1.58,1.58,1.58,200
160,1.58,1.58,1.58,1.58,400
161,1.58,1.58,1.57,1.58,800
162,1.59,1.59,1.58,1.58,200
163,1.59,1.59,1.59,1.59,200
168,1.59,1.59,1.56,1.56,200
169,1.58,1.585,1.58,1.585,300
170,1.58,1.58,1.58,1.58,100
171,1.5557,1.5557,1.5557,1.5557,100
173,1.55,1.55,1.55,1.55,100
174,1.55,1.55,1.55,1.55,200
175,1.54,1.55,1.53,1.55,1700
176,1.5699,1.5699,1.545,1.5493,13514
177,1.56,1.5799,1.56,1.5799,1300
178,1.5968,1.6,1.57,1.57,2900
179,1.5984,1.5984,1.5984,1.5984,1500
180,1.607,1.61,1.595,1.6,37400
181,1.59,1.59,1.59,1.59,100
182,1.58,1.58,1.58,1.58,200
183,1.58,1.59,1.58,1.58,1931
291,1.58,1.5802,1.58,1.5802,400
292,1.61,1.61,1.61,1.61,100
295,1.6,1.6,1.6,1.6,100
296,1.6,1.6,1.6,1.6,100
298,1.61,1.61,1.61,1.61,200
305,1.58,1.5853,1.58,1.5853,1753
306,1.58,1.58,1.58,1.58,841
307,1.58,1.58,1.58,1.58,100
310,1.5886,1.5886,1.5886,1.5886,1260
311,1.5882,1.5892,1.5882,1.5892,2520
312,1.58,1.58,1.58,1.58,400
313,1.58,1.58,1.58,1.58,865
315,1.57,1.585,1.57,1.58,8753
317,1.578,1.578,1.571,1.571,1000
318,1.5799,1.5799,1.57,1.57,1400
320,1.57,1.5748,1.57,1.5748,970
322,1.57,1.575,1.57,1.575,500
323,1.57,1.574,1.57,1.574,600
324,1.5799,1.5799,1.5799,1.5799,2500
325,1.5599,1.5711,1.5599,1.5707,7105
326,1.56,1.56,1.5523,1.5523,1341
327,1.56,1.56,1.54,1.54,446
433,1.6,1.6,1.59,1.59,505
434,1.62,1.62,1.5439,1.5439,297
439,1.59,1.59,1.59,1.59,100
443,1.6,1.6,1.59,1.59,200
444,1.61,1.61,1.61,1.61,100
446,1.6,1.6,1.6,1.6,100
447,1.6,1.6,1.6,1.6,700
449,1.64,1.64,1.64,1.64,200
450,1.64,1.64,1.64,1.64,100
451,1.6,1.61,1.6,1.61,2214
454,1.6,1.61,1.6,1.6,725
456,1.6,1.63,1.6,1.63,1628
457,1.6186,1.62,1.61,1.6164,1647
458,1.62,1.63,1.6,1.6,7166
460,1.59,1.59,1.59,1.59,100
462,1.61,1.63,1.5701,1.5701,4924
463,1.5998,1.62,1.5998,1.61,7400
465,1.59,1.59,1.58,1.59,4296
469,1.58,1.58,1.58,1.58,200
470,1.6,1.6,1.59,1.59,600
471,1.595,1.605,1.595,1.605,301
865,1.6,1.64,1.6,1.64,3200
866,1.6,1.6,1.6,1.6,5100
869,1.59,1.5999,1.59,1.5999,725
873,1.6,1.6,1.59,1.59,400
875,1.6,1.6,1.6,1.6,100
877,1.6,1.6,1.6,1.6,200
878,1.6,1.6,1.6,1.6,100
883,1.6,1.6,1.6,1.6,200
885,1.6,1.6,1.6,1.6,1600
886,1.59,1.59,1.59,1.59,600
888,1.6,1.6,1.6,1.6,3300
891,1.6,1.6,1.6,1.6,100
894,1.6,1.6,1.6,1.6,100
895,1.5925,1.5925,1.59,1.59,320
897,1.6,1.6,1.59,1.59,800
900,1.59,1.6,1.57,1.6,4051
901,1.59,1.59,1.5893,1.59,500
903,1.58,1.59,1.58,1.59,920
a1494336600,1.55,1.55,1.55,1.55,2000
1,1.595,1.63,1.595,1.63,5000
3,1.59,1.59,1.59,1.59,100
13,1.59,1.59,1.59,1.59,100
18,1.56,1.5635,1.56,1.5635,1700
19,1.56,1.5601,1.56,1.5601,1900
20,1.56,1.56,1.56,1.56,100
23,1.57,1.59,1.5448,1.5448,7784
24,1.58,1.58,1.58,1.58,900
27,1.56,1.56,1.56,1.56,100
31,1.55,1.55,1.55,1.55,100
32,1.55,1.55,1.5396,1.5396,200
35,1.57,1.57,1.53,1.53,9300
36,1.6,1.6,1.57,1.57,500
37,1.59,1.59,1.59,1.59,980
38,1.59,1.6,1.5875,1.59,14076
39,1.58,1.6,1.58,1.59,64116
145,1.6,1.6,1.6,1.6,800
146,1.6,1.6,1.59,1.6,2500
147,1.6,1.62,1.6,1.6,52774
148,1.6,1.6,1.6,1.6,20200
151,1.6,1.61,1.6,1.61,6105
155,1.61,1.61,1.6,1.6,227100
156,1.608,1.608,1.608,1.608,1000
157,1.5999,1.6,1.5999,1.6,2874
159,1.59,1.59,1.59,1.59,202
160,1.6,1.6,1.6,1.6,200
162,1.6,1.6,1.6,1.6,100
163,1.6,1.6,1.6,1.6,100
168,1.6,1.6,1.6,1.6,100
169,1.59,1.59,1.59,1.59,1000
173,1.6,1.6,1.6,1.6,100
175,1.6,1.6,1.6,1.6,200
178,1.6,1.6,1.6,1.6,126168
179,1.6099,1.6099,1.6099,1.6099,3500
180,1.61,1.61,1.61,1.61,100
182,1.61,1.61,1.6,1.6,2997
183,1.6,1.62,1.6,1.6,3974
288,1.59,1.59,1.59,1.59,100
290,1.6,1.6,1.6,1.6,16800
291,1.65,1.65,1.65,1.65,100
292,1.63,1.63,1.63,1.63,100
295,1.6,1.6,1.6,1.6,100
303,1.62,1.62,1.62,1.62,100
306,1.59,1.62,1.59,1.62,195770
308,1.6,1.62,1.6,1.62,381700
309,1.595,1.6,1.595,1.6,52165
312,1.6,1.6,1.6,1.6,243
314,1.62,1.62,1.62,1.62,100
316,1.63,1.63,1.63,1.63,100
317,1.6198,1.6198,1.6198,1.6198,400
318,1.61,1.6117,1.61,1.6117,2717
320,1.63,1.63,1.6117,1.6117,232
322,1.6201,1.6201,1.6201,1.6201,290
323,1.6274,1.63,1.6274,1.63,5297
325,1.63,1.63,1.63,1.63,100
326,1.63,1.63,1.63,1.63,100
327,1.6271,1.6271,1.6271,1.6271,983
432,1.59,1.59,1.59,1.59,2000
433,1.73,1.73,1.6201,1.6263,14759
434,1.68,1.6901,1.68,1.6901,2500
438,1.6635,1.68,1.6635,1.68,1200
439,1.67,1.675,1.67,1.67,7880
440,1.6401,1.641,1.6401,1.641,2000
441,1.65,1.6583,1.65,1.6583,2800
442,1.67,1.67,1.67,1.67,100
445,1.67,1.67,1.67,1.67,100
446,1.67,1.67,1.67,1.67,320
447,1.655,1.655,1.655,1.655,250
448,1.67,1.67,1.67,1.67,100
449,1.67,1.67,1.67,1.67,100
450,1.67,1.67,1.664,1.664,465
452,1.67,1.67,1.67,1.67,100
453,1.67,1.67,1.67,1.67,400
456,1.67,1.67,1.67,1.67,100
457,1.6793,1.6793,1.665,1.665,1000
460,1.68,1.68,1.68,1.68,100
463,1.68,1.68,1.68,1.68,200
464,1.67,1.67,1.67,1.67,200
465,1.6542,1.662,1.6542,1.662,278
470,1.66,1.66,1.66,1.66,100
471,1.64,1.66,1.64,1.66,545
864,1.62,1.62,1.62,1.62,481
865,1.6201,1.6201,1.6201,1.6201,100
866,1.6335,1.6335,1.6335,1.6335,1000
867,1.6221,1.63,1.62,1.6201,16071
870,1.6,1.6,1.6,1.6,100
871,1.6,1.62,1.6,1.62,200
874,1.61,1.61,1.6,1.61,30357
875,1.6,1.6007,1.6,1.6,1600
877,1.6,1.6,1.6,1.6,200
879,1.5948,1.5948,1.5948,1.5948,100
880,1.6,1.6,1.6,1.6,100
881,1.59,1.59,1.59,1.59,2500
885,1.6,1.6,1.6,1.6,100
887,1.6,1.6,1.6,1.6,200
888,1.6,1.6,1.6,1.6,800
891,1.6,1.6,1.6,1.6,200
892,1.5817,1.59,1.5817,1.59,3300
893,1.59,1.59,1.59,1.59,100
894,1.5801,1.5801,1.5801,1.5801,100
895,1.59,1.59,1.59,1.59,600
896,1.59,1.59,1.58,1.58,600
897,1.59,1.59,1.59,1.59,200
898,1.58,1.59,1.58,1.59,300
899,1.585,1.585,1.58,1.58,4590
900,1.5899,1.6,1.585,1.585,14210
901,1.5824,1.5824,1.5824,1.5824,1204
902,1.59,1.59,1.59,1.59,300
903,1.6,1.6,1.6,1.6,617
a1494941400,1.6,1.6,1.6,1.6,206
1,1.5939,1.5939,1.5939,1.5939,1297
3,1.5939,1.5939,1.5901,1.5901,9800
4,1.6,1.6,1.59,1.59,7400
5,1.59,1.59,1.59,1.59,200
6,1.6,1.6,1.6,1.6,100
7,1.6,1.6,1.5999,1.6,9200
8,1.5918,1.5918,1.5918,1.5918,110
11,1.6,1.6,1.6,1.6,100
17,1.5948,1.6,1.5948,1.6,800
18,1.5948,1.5948,1.5948,1.5948,200
20,1.593,1.593,1.593,1.593,2116
21,1.6,1.6,1.6,1.6,100
22,1.6,1.6,1.59,1.5952,300
23,1.5834,1.5834,1.5834,1.5834,478
24,1.5891,1.6,1.5848,1.5848,466
25,1.5885,1.5885,1.5885,1.5885,200
26,1.58,1.6,1.58,1.6,300
27,1.6,1.6,1.5801,1.5801,600
30,1.6,1.6,1.6,1.6,100
33,1.6,1.6,1.6,1.6,100
35,1.6,1.6,1.5858,1.5858,200
36,1.58,1.5834,1.58,1.5834,800
37,1.59,1.59,1.59,1.59,100
38,1.59,1.59,1.59,1.59,200
39,1.59,1.6,1.59,1.59,405
144,1.6,1.6,1.6,1.6,700
145,1.58,1.59,1.58,1.59,600
146,1.59,1.59,1.59,1.59,100
148,1.58,1.59,1.58,1.58,300
150,1.58,1.586,1.58,1.586,3200
151,1.553,1.59,1.55,1.58,3400
152,1.57,1.57,1.56,1.56,300
153,1.57,1.57,1.552,1.56,1400
155,1.55,1.55,1.55,1.55,100
156,1.56,1.56,1.55,1.55,1100
157,1.56,1.56,1.55,1.55,865
158,1.55,1.551,1.55,1.55,600
159,1.56,1.56,1.55,1.55,300
160,1.55,1.56,1.55,1.56,400
161,1.5543,1.5543,1.55,1.55,800
162,1.55,1.56,1.55,1.55,2809
163,1.55,1.55,1.55,1.55,900
164,1.55,1.5599,1.55,1.5599,1700
165,1.54,1.54,1.54,1.54,100
166,1.54,1.54,1.54,1.54,100
167,1.54,1.56,1.54,1.54,500
168,1.54,1.56,1.54,1.56,200
169,1.54,1.55,1.54,1.55,200
170,1.54,1.54,1.54,1.54,100
171,1.54,1.54,1.54,1.54,100
172,1.55,1.55,1.55,1.55,200
173,1.54,1.55,1.54,1.55,600
174,1.54,1.5499,1.54,1.54,1150
175,1.54,1.54,1.54,1.54,1110
176,1.5499,1.5499,1.54,1.54,300
177,1.54,1.55,1.54,1.54,700
179,1.51,1.54,1.51,1.54,7010
180,1.51,1.51,1.51,1.51,200
181,1.51,1.52,1.51,1.51,300
182,1.51,1.52,1.51,1.52,700
183,1.52,1.53,1.51,1.519,14152
288,1.51,1.51,1.51,1.51,250
289,1.52,1.55,1.5,1.55,2995
290,1.5384,1.57,1.5319,1.57,2900
291,1.52,1.52,1.52,1.52,100
293,1.54,1.54,1.52,1.52,400
294,1.522,1.54,1.522,1.54,700
295,1.53,1.53,1.52,1.53,400
296,1.51,1.52,1.51,1.52,4830
297,1.53,1.54,1.512,1.512,1989
298,1.512,1.512,1.512,1.512,100
299,1.54,1.54,1.52,1.53,1400
300,1.53,1.54,1.53,1.54,900
301,1.53,1.54,1.53,1.53,800
302,1.53,1.531,1.53,1.53,300
303,1.53,1.535,1.53,1.535,200
304,1.53,1.53,1.53,1.53,200
305,1.54,1.54,1.53,1.531,300
306,1.53,1.54,1.53,1.54,800
307,1.53,1.531,1.53,1.53,1100
309,1.54,1.54,1.54,1.54,200
310,1.53,1.531,1.53,1.531,200
311,1.54,1.54,1.54,1.54,100
314,1.54,1.54,1.54,1.54,100
315,1.53,1.54,1.53,1.54,1900
316,1.53,1.54,1.53,1.53,1700
317,1.54,1.54,1.54,1.54,100
320,1.54,1.54,1.54,1.54,100
323,1.53,1.531,1.53,1.5307,530
324,1.54,1.54,1.54,1.54,100
325,1.53,1.541,1.53,1.53,17282
326,1.53,1.532,1.53,1.532,600
327,1.53,1.54,1.53,1.531,600
432,1.55,1.55,1.55,1.55,410
434,1.55,1.55,1.54,1.54,1200
435,1.55,1.57,1.55,1.5602,1000
436,1.55,1.55,1.55,1.55,800
438,1.55,1.56,1.55,1.55,6000
439,1.54,1.55,1.54,1.55,3200
443,1.55,1.55,1.54,1.55,5264
444,1.55,1.55,1.55,1.55,100
446,1.57,1.57,1.57,1.57,100
448,1.57,1.57,1.57,1.57,100
450,1.57,1.57,1.57,1.57,200
451,1.58,1.58,1.55,1.55,3437
452,1.55,1.56,1.55,1.56,400
454,1.55,1.5501,1.55,1.5501,325
455,1.56,1.57,1.56,1.57,500
456,1.56,1.56,1.56,1.56,100
458,1.57,1.57,1.57,1.57,100
461,1.56,1.56,1.55,1.55,500
462,1.55,1.55,1.55,1.55,1800
463,1.55,1.57,1.55,1.55,6100
464,1.57,1.57,1.57,1.57,200
465,1.57,1.57,1.57,1.57,100
466,1.5601,1.5601,1.5601,1.5601,200
470,1.56,1.57,1.56,1.57,1300
471,1.57,1.57,1.5693,1.5693,751
867,1.59,1.59,1.59,1.59,100
868,1.59,1.59,1.59,1.59,100
871,1.59,1.59,1.59,1.59,100
872,1.6,1.6,1.6,1.6,200
874,1.57,1.57,1.57,1.57,100
875,1.58,1.58,1.57,1.57,600
877,1.57,1.57,1.57,1.57,900
879,1.58,1.58,1.58,1.58,100
880,1.58,1.58,1.58,1.58,100
882,1.59,1.59,1.58,1.58,200
883,1.56,1.5799,1.56,1.5799,3100
884,1.59,1.59,1.59,1.59,100
885,1.58,1.58,1.58,1.58,100
886,1.5603,1.58,1.5603,1.58,251
887,1.56,1.56,1.56,1.56,3000
890,1.56,1.56,1.56,1.56,100
891,1.58,1.58,1.58,1.58,200
892,1.6,1.6,1.58,1.58,35481
893,1.6,1.6,1.6,1.6,4601
895,1.6,1.6,1.6,1.6,100
897,1.5986,1.5986,1.5986,1.5986,905
898,1.6,1.6,1.5869,1.5869,210
899,1.59,1.59,1.59,1.59,400
900,1.6,1.6,1.59,1.59,200
903,1.58,1.6,1.58,1.6,600
a1495546200,1.59,1.59,1.59,1.59,922
1,1.58,1.59,1.58,1.59,400
2,1.56,1.56,1.56,1.56,200
3,1.6,1.6,1.57,1.57,1200
8,1.56,1.57,1.56,1.56,6600
13,1.58,1.58,1.5799,1.5799,200
14,1.58,1.58,1.58,1.58,100
16,1.58,1.58,1.58,1.58,200
17,1.57,1.58,1.57,1.58,400
21,1.58,1.58,1.5776,1.579,20050
22,1.58,1.58,1.58,1.58,200
26,1.58,1.58,1.58,1.58,200
27,1.59,1.59,1.58,1.58,582
31,1.59,1.6,1.59,1.6,300
34,1.6,1.6,1.6,1.6,200
35,1.585,1.585,1.585,1.585,100
36,1.59,1.6,1.59,1.6,200
37,1.6,1.6,1.6,1.6,100
38,1.6,1.6,1.58,1.59,578
39,1.6,1.6,1.58,1.6,4700
144,1.57,1.57,1.57,1.57,937
145,1.66,1.66,1.66,1.66,300
146,1.6,1.6034,1.6,1.6034,600
148,1.565,1.5656,1.565,1.5656,600
150,1.56,1.56,1.56,1.56,682
151,1.58,1.58,1.58,1.58,700
152,1.5654,1.58,1.5654,1.58,5100
153,1.52,1.6,1.51,1.57,59500
154,1.577,1.58,1.52,1.52,26292
155,1.5701,1.5701,1.57,1.57,1070
156,1.63,1.63,1.5701,1.5701,2600
158,1.63,1.63,1.6,1.6,1200
159,1.6,1.6,1.6,1.6,500
161,1.5952,1.5952,1.5952,1.5952,100
162,1.61,1.61,1.6,1.6,400
166,1.59,1.61,1.59,1.61,300
167,1.6,1.6,1.5975,1.6,1500
168,1.6,1.6,1.6,1.6,800
169,1.6,1.6,1.6,1.6,800
172,1.59,1.59,1.59,1.59,100
175,1.59,1.59,1.59,1.59,1200
176,1.608,1.608,1.588,1.59,2220
177,1.61,1.61,1.61,1.61,100
182,1.62,1.62,1.5899,1.59,5098
183,1.61,1.62,1.61,1.62,576
288,1.62,1.62,1.62,1.62,100
289,1.64,1.67,1.64,1.67,1700
290,1.63,1.65,1.63,1.65,700
291,1.63,1.63,1.63,1.63,100
292,1.64,1.66,1.64,1.65,2300
293,1.6402,1.65,1.63,1.65,33900
295,1.665,1.68,1.65,1.67,2100
296,1.68,1.68,1.68,1.68,200
299,1.691,1.691,1.691,1.691,2000
300,1.67,1.67,1.67,1.67,100
302,1.62,1.62,1.62,1.62,300
303,1.62,1.62,1.62,1.62,700
304,1.65,1.65,1.63,1.63,200
305,1.64,1.64,1.64,1.64,100
306,1.64,1.64,1.64,1.64,300
307,1.64,1.64,1.64,1.64,100
308,1.6351,1.6351,1.6351,1.6351,2000
309,1.63,1.6414,1.63,1.6414,10500
310,1.62,1.63,1.62,1.63,1700
311,1.62,1.62,1.62,1.62,300
312,1.62,1.63,1.62,1.63,700
313,1.618,1.63,1.618,1.62,400
315,1.64,1.64,1.63,1.63,200
316,1.6159,1.6159,1.6159,1.6159,350
318,1.62,1.62,1.62,1.62,100
320,1.62,1.63,1.62,1.63,9800
322,1.62,1.6226,1.62,1.6226,500
323,1.6,1.62,1.52,1.62,38069
324,1.6,1.6,1.595,1.6,1600
325,1.595,1.6,1.595,1.6,700
326,1.59,1.6,1.57,1.5824,9950
327,1.58,1.5899,1.57,1.58,6200
432,1.6,1.6,1.6,1.6,4500
436,1.58,1.62,1.58,1.62,900
437,1.58,1.58,1.56,1.56,500
438,1.61,1.61,1.58,1.58,3000
439,1.6499,1.6499,1.6499,1.6499,100
440,1.5879,1.5879,1.5879,1.5879,2000
442,1.62,1.62,1.62,1.62,100
443,1.59,1.59,1.59,1.59,100
444,1.61,1.61,1.5701,1.5701,200
445,1.61,1.61,1.61,1.61,100
446,1.62,1.62,1.62,1.62,100
448,1.6099,1.61,1.6099,1.61,200
452,1.6099,1.61,1.6099,1.61,400
454,1.61,1.61,1.61,1.61,200
457,1.61,1.61,1.61,1.61,100
459,1.61,1.61,1.61,1.61,100
461,1.6101,1.6101,1.61,1.61,1100
462,1.63,1.63,1.63,1.63,200
463,1.63,1.63,1.63,1.63,100
466,1.614,1.614,1.6101,1.6101,900
467,1.63,1.63,1.63,1.63,100
468,1.63,1.63,1.6299,1.6299,300
469,1.63,1.63,1.63,1.63,100
470,1.64,1.64,1.64,1.64,100
471,1.63,1.63,1.61,1.62,1289
a1496151000,1.62,1.62,1.62,1.62,250
1,1.64,1.64,1.64,1.64,100
2,1.65,1.65,1.65,1.65,100
8,1.6,1.62,1.6,1.61,4898
9,1.605,1.61,1.6,1.6,700
12,1.61,1.61,1.61,1.61,100
14,1.6,1.62,1.6,1.6,5000
15,1.605,1.605,1.605,1.605,100
16,1.61,1.61,1.61,1.61,100
18,1.61,1.61,1.61,1.61,100
19,1.62,1.62,1.6,1.6,200
21,1.61,1.61,1.61,1.61,100
23,1.6,1.6,1.6,1.6,1544
26,1.6,1.6,1.6,1.6,100
27,1.6,1.6,1.6,1.6,2500
29,1.61,1.61,1.61,1.61,100
31,1.62,1.62,1.62,1.62,100
32,1.61,1.61,1.61,1.61,100
33,1.61,1.61,1.61,1.61,100
37,1.61,1.61,1.61,1.61,100
38,1.62,1.62,1.6,1.6,600
39,1.6,1.61,1.59,1.6,2700
144,1.6,1.6,1.6,1.6,100
145,1.6048,1.61,1.6,1.6,1545
146,1.65,1.65,1.609,1.609,4000
147,1.63,1.65,1.59,1.65,5525
148,1.63,1.65,1.62,1.63,6610
149,1.63,1.63,1.63,1.63,500
150,1.64,1.64,1.63,1.63,800
151,1.65,1.65,1.64,1.64,800
152,1.65,1.65,1.65,1.65,2320
153,1.65,1.65,1.65,1.65,500
154,1.65,1.65,1.6491,1.65,5300
155,1.66,1.66,1.65,1.65,8218
156,1.688,1.688,1.66,1.66,7200
157,1.71,1.71,1.7,1.7,1500
158,1.7,1.71,1.7,1.71,1600
159,1.68,1.705,1.68,1.705,2535
160,1.68,1.68,1.68,1.68,100
162,1.66,1.66,1.66,1.66,805
163,1.68,1.68,1.6764,1.68,10500
164,1.69,1.69,1.69,1.69,3400
165,1.67,1.685,1.67,1.68,1750
166,1.67,1.67,1.6527,1.6527,400
167,1.65,1.67,1.65,1.66,4394
168,1.65,1.66,1.65,1.66,200
169,1.65,1.65,1.645,1.645,610
170,1.6599,1.66,1.6599,1.66,3600
171,1.66,1.66,1.66,1.66,310
172,1.68,1.68,1.6599,1.66,12100
173,1.68,1.68,1.67,1.68,5100
174,1.66,1.68,1.66,1.68,300
175,1.67,1.68,1.67,1.68,1712
176,1.68,1.68,1.6799,1.68,6100
177,1.68,1.68,1.68,1.68,300
178,1.67,1.68,1.67,1.68,9079
179,1.66,1.66,1.66,1.66,100
180,1.66,1.66,1.6595,1.66,3090
181,1.67,1.67,1.6527,1.66,9435
182,1.71,1.72,1.67,1.67,3590
183,1.71,1.72,1.7,1.7,9236
288,1.7,1.7,1.7,1.7,150
291,1.72,1.72,1.69,1.69,200
292,1.7499,1.7499,1.735,1.735,2500
293,1.69,1.69,1.69,1.69,100
294,1.73,1.74,1.73,1.74,200
295,1.72,1.73,1.72,1.73,300
298,1.7,1.7,1.7,1.7,100
299,1.7199,1.7199,1.7199,1.7199,100
300,1.7,1.7,1.7,1.7,100
303,1.71,1.72,1.71,1.72,400
304,1.72,1.72,1.7199,1.7199,200
305,1.7001,1.7199,1.7001,1.7199,3300
306,1.7126,1.72,1.7126,1.72,305
307,1.7199,1.7199,1.7199,1.7199,2000
309,1.7199,1.72,1.7,1.7199,4200
310,1.67,1.72,1.67,1.72,2000
312,1.6801,1.6801,1.6801,1.6801,100
313,1.71,1.71,1.69,1.705,500
314,1.72,1.72,1.7199,1.7199,300
316,1.72,1.72,1.72,1.72,100
317,1.72,1.72,1.72,1.72,800
318,1.72,1.72,1.72,1.72,100
319,1.7199,1.7199,1.7199,1.7199,100
321,1.71,1.71,1.7,1.7,200
322,1.71,1.71,1.71,1.71,100
324,1.69,1.7099,1.69,1.7099,200
325,1.71,1.72,1.6902,1.72,1300
326,1.71,1.71,1.71,1.71,200
327,1.69,1.71,1.69,1.71,5686
432,1.67,1.67,1.67,1.67,160
434,1.69,1.69,1.69,1.69,100
438,1.69,1.69,1.69,1.69,500
443,1.65,1.681,1.65,1.681,11200
444,1.66,1.66,1.66,1.66,500
445,1.66,1.6799,1.65,1.65,2400
446,1.66,1.66,1.66,1.66,200
447,1.661,1.6799,1.66,1.66,1300
448,1.66,1.66,1.66,1.66,200
449,1.69,1.69,1.66,1.66,500
450,1.69,1.69,1.67,1.67,300
451,1.67,1.67,1.67,1.67,200
452,1.68,1.68,1.67,1.68,1500
453,1.66,1.66,1.66,1.66,100
454,1.68,1.68,1.68,1.68,100
457,1.68,1.69,1.68,1.69,200
458,1.69,1.69,1.69,1.69,100
459,1.69,1.69,1.69,1.69,400
460,1.69,1.69,1.69,1.69,1796
461,1.68,1.69,1.68,1.69,4094
462,1.68,1.7,1.68,1.7,200
463,1.68,1.69,1.68,1.68,800
464,1.68,1.681,1.68,1.681,400
465,1.68,1.69,1.68,1.69,200
466,1.69,1.69,1.69,1.69,200
467,1.69,1.69,1.69,1.69,100
468,1.69,1.7,1.69,1.7,6385
469,1.69,1.69,1.69,1.69,700
470,1.68,1.7,1.68,1.68,700
471,1.69,1.69,1.68,1.68,1011
864,1.68,1.68,1.68,1.68,100
865,1.74,1.74,1.74,1.74,100
866,1.73,1.73,1.73,1.73,100
867,1.7115,1.7115,1.7115,1.7115,250
868,1.71,1.71,1.7,1.71,12700
869,1.719,1.719,1.719,1.719,650
870,1.704,1.71,1.7,1.71,3300
871,1.72,1.72,1.7,1.7,800
872,1.71,1.71,1.71,1.71,700
873,1.7,1.7,1.7,1.7,100
874,1.71,1.72,1.7,1.7,700
876,1.71,1.71,1.71,1.71,200
877,1.7067,1.71,1.7,1.7,500
878,1.7,1.7,1.7,1.7,400
879,1.7,1.7,1.7,1.7,100
880,1.71,1.71,1.71,1.71,500
881,1.7199,1.7199,1.7199,1.7199,100
882,1.71,1.71,1.71,1.71,300
883,1.72,1.72,1.71,1.71,1000
884,1.71,1.71,1.71,1.71,400
885,1.72,1.72,1.71,1.71,5900
886,1.72,1.72,1.715,1.715,400
887,1.72,1.72,1.72,1.72,100
888,1.72,1.72,1.71,1.72,7700
889,1.73,1.73,1.73,1.73,1900
890,1.73,1.75,1.73,1.75,300
891,1.74,1.7499,1.73,1.7499,3100
892,1.73,1.74,1.73,1.73,8600
893,1.73,1.73,1.73,1.73,100
894,1.73,1.73,1.73,1.73,100
895,1.75,1.75,1.73,1.73,7400
896,1.7433,1.7434,1.74,1.7434,1900
897,1.73,1.74,1.73,1.74,1500
898,1.73,1.73,1.73,1.73,200
899,1.74,1.74,1.74,1.74,300
900,1.73,1.73,1.73,1.73,100
901,1.74,1.74,1.73,1.74,1000
902,1.73,1.739,1.72,1.73,2200
903,1.72,1.73,1.72,1.72,1400
a1496755800,1.67,1.67,1.67,1.67,3000
1,1.65,1.72,1.65,1.72,2500
2,1.67,1.67,1.65,1.65,1200
3,1.66,1.69,1.64,1.67,3000
4,1.63,1.66,1.62,1.65,8500
5,1.62,1.625,1.615,1.6201,2100
7,1.62,1.62,1.62,1.62,100
8,1.61,1.61,1.61,1.61,400
9,1.61,1.61,1.6,1.61,500
10,1.6,1.6001,1.6,1.6,11400
11,1.6,1.6089,1.6,1.6089,11661
12,1.62,1.65,1.61,1.61,5796
13,1.6,1.61,1.6,1.61,2900
14,1.62,1.62,1.62,1.62,200
15,1.62,1.62,1.606,1.606,1500
16,1.62,1.62,1.62,1.62,100
17,1.62,1.62,1.62,1.62,100
18,1.63,1.63,1.62,1.62,200
20,1.63,1.63,1.63,1.63,200
21,1.63,1.63,1.63,1.63,100
22,1.6001,1.63,1.6,1.61,5300
23,1.61,1.61,1.6,1.6,700
24,1.6,1.61,1.6,1.6,4227
25,1.61,1.61,1.6,1.6,1400
26,1.61,1.61,1.61,1.61,200
27,1.61,1.61,1.61,1.61,100
28,1.61,1.61,1.61,1.61,300
29,1.61,1.61,1.6,1.6007,1700
30,1.61,1.61,1.6,1.61,400
31,1.61,1.61,1.6,1.61,3100
32,1.6,1.61,1.6,1.61,2872
33,1.6001,1.61,1.6,1.61,10360
34,1.605,1.605,1.605,1.605,100
35,1.61,1.61,1.61,1.61,100
36,1.6,1.62,1.6,1.61,13209
37,1.62,1.62,1.61,1.61,6100
38,1.62,1.62,1.62,1.62,200
39,1.62,1.62,1.5976,1.62,32851
145,1.68,1.68,1.65,1.65,200
146,1.67,1.68,1.65,1.68,400
147,1.66,1.66,1.66,1.66,100
148,1.62,1.66,1.62,1.66,400
149,1.63,1.63,1.63,1.63,100
150,1.63,1.63,1.61,1.63,300
151,1.63,1.64,1.6236,1.64,650
152,1.63,1.63,1.63,1.63,100
153,1.61,1.61,1.61,1.61,300
154,1.61,1.61,1.61,1.61,100
155,1.65,1.66,1.59,1.61,12515
156,1.62,1.648,1.62,1.63,4600
157,1.6,1.62,1.6,1.62,1900
158,1.61,1.61,1.6,1.6,2700
159,1.62,1.62,1.62,1.62,200
160,1.61,1.6101,1.61,1.6101,1600
161,1.62,1.62,1.62,1.62,200
162,1.62,1.6299,1.62,1.6299,200
163,1.595,1.6299,1.595,1.6299,1429
164,1.61,1.61,1.6099,1.61,800
165,1.6,1.6,1.5999,1.6,300
166,1.5999,1.5999,1.5999,1.5999,200
167,1.5999,1.6,1.5999,1.6,300
168,1.5999,1.6,1.5999,1.6,200
169,1.6,1.6,1.6,1.6,100
170,1.6,1.6,1.585,1.6,600
171,1.595,1.6,1.595,1.5999,822
172,1.595,1.6,1.59,1.5999,600
173,1.5999,1.5999,1.59,1.59,300
174,1.5999,1.5999,1.59,1.59,600
175,1.59,1.6,1.59,1.5999,600
176,1.6,1.6,1.5999,1.6,300
177,1.5999,1.6,1.5999,1.6,300
178,1.6,1.6,1.59,1.59,900
179,1.6,1.6,1.5999,1.5999,2557
180,1.61,1.61,1.6,1.6099,2700
181,1.61,1.62,1.61,1.61,500
182,1.61,1.61,1.58,1.6001,5141
183,1.6,1.6199,1.6,1.6066,2150
288,1.58,1.58,1.58,1.58,695
289,1.6112,1.6112,1.5998,1.6,3062
290,1.6,1.65,1.6,1.6,1400
291,1.6,1.6,1.6,1.6,200
292,1.58,1.6,1.58,1.6,1300
293,1.63,1.63,1.58,1.6,2400
294,1.6,1.64,1.6,1.63,1000
295,1.6,1.6,1.6,1.6,100
296,1.6,1.6,1.6,1.6,300
297,1.5801,1.6,1.5801,1.6,300
298,1.6099,1.6099,1.6099,1.6099,100
299,1.6299,1.6299,1.61,1.61,400
301,1.61,1.62,1.56,1.61,3800
303,1.6,1.6,1.6,1.6,400
307,1.61,1.61,1.6099,1.6099,200
308,1.5999,1.5999,1.59,1.5976,2800
309,1.57,1.58,1.5626,1.5626,1900
310,1.58,1.58,1.58,1.58,100
312,1.5799,1.5799,1.5799,1.5799,100
313,1.58,1.58,1.58,1.58,200
315,1.5799,1.5799,1.5799,1.5799,100
316,1.5799,1.5799,1.5799,1.5799,100
317,1.58,1.58,1.58,1.58,100
318,1.5799,1.5799,1.5799,1.5799,100
319,1.57,1.58,1.57,1.58,2396
320,1.58,1.58,1.58,1.58,200
321,1.5999,1.5999,1.5999,1.5999,100
322,1.6,1.6,1.57,1.57,3300
323,1.6,1.6,1.6,1.6,300
324,1.6,1.6,1.5801,1.5801,5500
325,1.5999,1.5999,1.5999,1.5999,100
326,1.59,1.6,1.59,1.6,795
327,1.6,1.6,1.59,1.59,1493
434,1.59,1.6,1.59,1.6,200
435,1.6,1.6,1.5999,1.6,1100
436,1.6,1.61,1.59,1.6,14200
437,1.61,1.61,1.591,1.591,2100
438,1.61,1.61,1.6,1.61,700
440,1.61,1.61,1.61,1.61,300
441,1.6099,1.6099,1.6099,1.6099,100
443,1.61,1.61,1.6041,1.6099,900
444,1.61,1.61,1.61,1.61,100
445,1.6,1.6051,1.6,1.6051,496
446,1.61,1.61,1.61,1.61,200
448,1.61,1.61,1.61,1.61,959
449,1.6,1.6,1.6,1.6,400
450,1.6,1.6099,1.6,1.6,2900
451,1.61,1.61,1.6,1.6,200
452,1.6,1.605,1.6,1.6,2300
453,1.6099,1.6099,1.6099,1.6099,100
454,1.6,1.6016,1.6,1.6016,1300
455,1.6099,1.6099,1.6,1.6,1100
457,1.61,1.61,1.6099,1.6099,300
459,1.6099,1.6099,1.6099,1.6099,100
460,1.6,1.61,1.59,1.61,800
461,1.6099,1.61,1.6,1.61,1900
463,1.6,1.6,1.59,1.6,1100
464,1.6,1.61,1.59,1.61,1200
465,1.6,1.6,1.59,1.59,1100
466,1.61,1.61,1.61,1.61,100
467,1.6,1.61,1.6,1.61,200
468,1.6,1.6,1.6,1.6,100
469,1.6,1.61,1.6,1.61,300
470,1.61,1.61,1.61,1.61,200
471,1.6,1.61,1.6,1.61,8672
864,1.61,1.61,1.61,1.61,675
866,1.61,1.61,1.61,1.61,200
867,1.61,1.61,1.61,1.61,200
868,1.61,1.61,1.59,1.59,1100
869,1.59,1.61,1.59,1.61,400
870,1.61,1.61,1.56,1.56,6979
871,1.6,1.6,1.6,1.6,100
872,1.61,1.61,1.61,1.61,100
873,1.61,1.61,1.61,1.61,100
874,1.61,1.61,1.61,1.61,200
875,1.61,1.61,1.61,1.61,100
877,1.6099,1.6099,1.5901,1.5901,600
879,1.58,1.58,1.58,1.58,200
881,1.5799,1.5799,1.5799,1.5799,100
882,1.56,1.58,1.56,1.58,200
883,1.58,1.58,1.58,1.58,200
885,1.58,1.58,1.58,1.58,100
886,1.58,1.58,1.58,1.58,100
887,1.5647,1.5647,1.5647,1.5647,110
888,1.59,1.59,1.58,1.58,200
890,1.56,1.57,1.56,1.57,405
892,1.57,1.57,1.57,1.57,100
894,1.5699,1.57,1.5699,1.57,200
896,1.55,1.5699,1.55,1.5699,6248
898,1.54,1.55,1.535,1.54,700
899,1.54,1.54,1.54,1.54,110
900,1.5499,1.5499,1.5499,1.5499,100
901,1.5499,1.5499,1.5499,1.5499,100
903,1.55,1.56,1.5451,1.55,2409
a1497360600,1.55,1.55,1.55,1.55,395
1,1.55,1.55,1.55,1.55,1200
2,1.55,1.56,1.55,1.56,2300
3,1.546,1.55,1.546,1.55,500
4,1.5421,1.56,1.54,1.56,7467
5,1.5376,1.54,1.5376,1.54,9200
6,1.5399,1.5399,1.5399,1.5399,100
8,1.54,1.54,1.53,1.5399,500
9,1.54,1.54,1.54,1.54,100
10,1.55,1.55,1.55,1.55,100
12,1.5499,1.5499,1.5301,1.5301,3403
14,1.55,1.55,1.55,1.55,100
15,1.5499,1.5499,1.5499,1.5499,100
16,1.53,1.55,1.53,1.55,10110
17,1.55,1.55,1.55,1.55,100
19,1.5499,1.5499,1.5499,1.5499,100
20,1.54,1.58,1.53,1.55,15666
21,1.53,1.54,1.53,1.54,7565
22,1.54,1.54,1.53,1.53,5151
23,1.5125,1.54,1.5125,1.53,7711
24,1.5125,1.52,1.51,1.52,7000
25,1.5125,1.52,1.5125,1.5137,920
26,1.52,1.52,1.51,1.52,4400
27,1.5225,1.53,1.5101,1.5125,3400
28,1.51,1.53,1.51,1.52,6532
29,1.5,1.51,1.5,1.51,3255
30,1.49,1.51,1.49,1.5,6900
31,1.5025,1.51,1.49,1.51,2600
32,1.5,1.51,1.49,1.49,6017
33,1.49,1.5,1.49,1.49,5400
34,1.4925,1.5,1.49,1.49,3000
35,1.4925,1.5,1.49,1.49,3183
36,1.5,1.5,1.49,1.5,5068
37,1.52,1.52,1.5,1.5,1300
38,1.5,1.52,1.5,1.52,1798
39,1.51,1.52,1.5,1.52,4944
145,1.51,1.55,1.48,1.48,10750
147,1.56,1.56,1.56,1.56,100
149,1.54,1.54,1.54,1.54,200
153,1.52,1.52,1.52,1.52,2400
154,1.5101,1.5101,1.5101,1.5101,1500
155,1.53,1.53,1.49,1.52,29999
156,1.54,1.54,1.54,1.54,200
157,1.56,1.56,1.55,1.55,200
159,1.57,1.57,1.57,1.57,100
160,1.59,1.59,1.59,1.59,100
161,1.58,1.58,1.58,1.58,200
165,1.56,1.56,1.56,1.56,200
166,1.55,1.55,1.55,1.55,100
167,1.59,1.59,1.56,1.56,5486
171,1.59,1.59,1.56,1.56,200
172,1.58,1.58,1.58,1.58,100
173,1.565,1.565,1.565,1.565,200
174,1.58,1.58,1.58,1.58,100
175,1.57,1.57,1.56,1.57,700
177,1.58,1.58,1.58,1.58,100
178,1.59,1.59,1.59,1.59,100
179,1.59,1.59,1.59,1.59,100
181,1.59,1.59,1.59,1.59,100
182,1.59,1.59,1.563,1.563,340
183,1.57,1.59,1.57,1.59,433
288,1.54,1.54,1.54,1.54,300
290,1.59,1.6,1.5,1.57,53530
291,1.5899,1.59,1.5899,1.59,200
292,1.565,1.565,1.5501,1.5501,700
293,1.5701,1.5701,1.5701,1.5701,1600
294,1.6299,1.6299,1.57,1.57,1797
298,1.6,1.62,1.6,1.62,2900
299,1.61,1.61,1.61,1.61,300
300,1.59,1.609,1.59,1.609,1250
303,1.55,1.5899,1.53,1.5899,1600
305,1.56,1.56,1.56,1.56,100
306,1.58,1.58,1.57,1.57,300
308,1.58,1.58,1.56,1.57,400
309,1.55,1.55,1.5,1.55,33600
311,1.54,1.54,1.54,1.54,1595
313,1.5499,1.5499,1.5499,1.5499,100
315,1.54,1.55,1.54,1.54,8500
316,1.5441,1.5482,1.54,1.5482,3273
317,1.54,1.54,1.54,1.54,600
318,1.5499,1.5499,1.5499,1.5499,100
319,1.55,1.55,1.55,1.55,400
323,1.55,1.55,1.55,1.55,293
325,1.55,1.55,1.55,1.55,100
326,1.55,1.56,1.55,1.55,500
327,1.56,1.56,1.55,1.5599,2487
432,1.57,1.57,1.57,1.57,100
434,1.56,1.56,1.5445,1.5445,7300
436,1.5501,1.5501,1.5501,1.5501,1150
437,1.57,1.57,1.56,1.5609,1862
438,1.56,1.57,1.56,1.57,1000
439,1.551,1.551,1.53,1.53,1000
440,1.55,1.55,1.55,1.55,100
441,1.56,1.56,1.55,1.55,200
443,1.55,1.55,1.55,1.55,100
444,1.56,1.56,1.56,1.56,300
445,1.55,1.56,1.54,1.56,7235
446,1.56,1.56,1.55,1.55,400
447,1.54,1.54,1.54,1.54,600
448,1.56,1.56,1.55,1.55,266
450,1.55,1.55,1.55,1.55,300
451,1.54,1.55,1.54,1.55,300
453,1.54,1.54,1.54,1.54,300
454,1.55,1.55,1.54,1.54,300
456,1.54,1.55,1.54,1.55,200
457,1.55,1.55,1.55,1.55,500
458,1.53,1.5426,1.53,1.5426,685
459,1.54,1.55,1.53,1.535,3809
460,1.54,1.56,1.54,1.54,900
461,1.54,1.54,1.54,1.54,100
462,1.56,1.56,1.56,1.56,100
464,1.53,1.55,1.53,1.55,200
466,1.54,1.55,1.54,1.54,500
467,1.54,1.54,1.54,1.54,100
468,1.54,1.56,1.54,1.54,600
469,1.55,1.55,1.54,1.54,200
470,1.55,1.55,1.55,1.55,588
471,1.53,1.55,1.53,1.53,8018
864,1.55,1.55,1.55,1.55,2564
865,1.57,1.57,1.54,1.54,600
868,1.54,1.57,1.54,1.55,796
870,1.57,1.57,1.54,1.56,400
871,1.555,1.555,1.555,1.555,300
873,1.57,1.57,1.55,1.558,360
874,1.56,1.57,1.56,1.57,300
875,1.57,1.57,1.57,1.57,100
876,1.54,1.57,1.54,1.57,800
877,1.57,1.57,1.5333,1.5333,200
878,1.57,1.57,1.57,1.57,100
881,1.56,1.59,1.56,1.57,2500
882,1.6,1.6,1.56,1.56,1400
883,1.6,1.61,1.6,1.61,1165
884,1.6,1.6,1.59,1.59,300
888,1.6,1.6,1.6,1.6,200
890,1.61,1.61,1.61,1.61,100
891,1.5948,1.6053,1.5948,1.602,300
892,1.62,1.62,1.59,1.59,1200
893,1.59,1.61,1.56,1.6098,12390
894,1.61,1.61,1.6,1.6,400
895,1.5901,1.62,1.58,1.62,14500
896,1.56,1.62,1.56,1.58,500
897,1.56,1.56,1.56,1.56,200
898,1.56,1.56,1.56,1.56,200
900,1.56,1.56,1.56,1.56,100
901,1.56,1.56,1.56,1.56,500
902,1.56,1.56,1.56,1.56,200
903,1.55,1.57,1.55,1.56,1040
a1497965400,1.54,1.54,1.54,1.54,300
1,1.5534,1.66,1.5534,1.66,1500
4,1.62,1.62,1.62,1.62,200
5,1.56,1.56,1.56,1.56,600
6,1.6,1.6,1.6,1.6,100
8,1.56,1.56,1.56,1.56,400
10,1.57,1.57,1.57,1.57,100
11,1.58,1.58,1.58,1.58,100
13,1.57,1.57,1.57,1.57,100
15,1.58,1.58,1.57,1.57,265
18,1.548,1.56,1.548,1.56,1400
19,1.57,1.57,1.56,1.56,308
21,1.54,1.55,1.54,1.55,300
23,1.5469,1.56,1.5469,1.56,750
25,1.56,1.56,1.56,1.56,200
27,1.55,1.55,1.55,1.55,200
29,1.54,1.54,1.54,1.54,100
31,1.56,1.56,1.56,1.56,100
32,1.57,1.57,1.57,1.57,200
35,1.56,1.57,1.56,1.57,599
36,1.55,1.55,1.55,1.55,200
38,1.5447,1.55,1.5447,1.55,300
39,1.56,1.56,1.56,1.56,300
144,1.56,1.56,1.56,1.56,701
145,1.61,1.61,1.61,1.61,100
146,1.55,1.58,1.55,1.58,2500
148,1.53,1.53,1.53,1.53,200
150,1.54,1.54,1.54,1.54,500
151,1.55,1.55,1.55,1.55,100
153,1.55,1.55,1.54,1.54,300
154,1.54,1.54,1.54,1.54,100
155,1.54,1.54,1.54,1.54,100
157,1.53,1.53,1.53,1.53,300
158,1.54,1.5535,1.5301,1.531,4200
160,1.54,1.54,1.54,1.54,200
161,1.54,1.54,1.53,1.5301,2500
162,1.54,1.54,1.54,1.54,300
163,1.54,1.54,1.54,1.54,200
166,1.55,1.55,1.55,1.55,100
167,1.56,1.56,1.56,1.56,200
168,1.56,1.56,1.56,1.56,318
169,1.56,1.56,1.56,1.56,100
171,1.53,1.56,1.53,1.56,700
172,1.5562,1.5753,1.5495,1.5495,4000
176,1.58,1.58,1.57,1.57,500
179,1.58,1.58,1.58,1.58,100
181,1.58,1.58,1.57,1.57,400
182,1.57,1.58,1.5602,1.5602,1550
183,1.58,1.58,1.56,1.57,700
288,1.55,1.55,1.55,1.55,668
289,1.58,1.58,1.55,1.55,1500
290,1.61,1.64,1.6057,1.64,10100
291,1.6499,1.6499,1.61,1.6166,4800
292,1.63,1.63,1.63,1.63,1000
293,1.58,1.6099,1.58,1.6099,2800
294,1.5601,1.57,1.56,1.57,6500
295,1.532,1.532,1.532,1.532,1000
296,1.549,1.57,1.53,1.551,7600
298,1.5601,1.58,1.5601,1.58,1300
299,1.59,1.59,1.59,1.59,100
303,1.58,1.59,1.58,1.59,500
308,1.5799,1.5799,1.5799,1.5799,100
310,1.58,1.58,1.58,1.58,200
312,1.58,1.58,1.58,1.58,300
313,1.6,1.6,1.5999,1.5999,800
318,1.6,1.6,1.6,1.6,400
319,1.5952,1.5952,1.5952,1.5952,430
320,1.6,1.6,1.595,1.6,1300
323,1.6199,1.6199,1.59,1.59,200
325,1.6044,1.62,1.6044,1.62,300
326,1.61,1.61,1.61,1.61,100
327,1.5999,1.6,1.58,1.6,1482
433,1.59,1.65,1.59,1.65,300
434,1.59,1.59,1.59,1.59,100
438,1.59,1.59,1.59,1.59,100
440,1.58,1.58,1.58,1.58,500
443,1.59,1.59,1.59,1.59,100
444,1.59,1.59,1.59,1.59,200
445,1.5772,1.5772,1.5772,1.5772,500
446,1.5726,1.586,1.57,1.571,1960
448,1.5734,1.5734,1.5734,1.5734,200
449,1.58,1.59,1.58,1.585,400
450,1.61,1.62,1.6,1.6,900
451,1.63,1.63,1.63,1.63,100
452,1.63,1.63,1.63,1.63,200
453,1.63,1.63,1.63,1.63,100
454,1.6162,1.6162,1.6162,1.6162,2500
458,1.63,1.63,1.63,1.63,100
459,1.65,1.65,1.64,1.64,500
460,1.62,1.6233,1.62,1.6233,624
461,1.61,1.61,1.61,1.61,100
462,1.62,1.62,1.62,1.62,100
463,1.63,1.63,1.62,1.62,200
468,1.65,1.65,1.65,1.65,100
470,1.65,1.65,1.65,1.65,100
471,1.64,1.65,1.64,1.65,7881
865,1.64,1.64,1.64,1.64,100
867,1.7,1.7,1.65,1.66,35555
868,1.7099,1.71,1.7,1.71,5929
869,1.6764,1.6764,1.6764,1.6764,100
871,1.67,1.67,1.67,1.67,100
874,1.65,1.66,1.65,1.66,200
875,1.6499,1.6499,1.6499,1.6499,104
877,1.65,1.65,1.65,1.65,100
879,1.6335,1.6335,1.6335,1.6335,394
881,1.65,1.65,1.65,1.65,300
884,1.6301,1.6301,1.6301,1.6301,2000
885,1.66,1.66,1.63,1.6301,1700
886,1.63,1.6301,1.62,1.6301,2031
888,1.64,1.64,1.64,1.64,100
890,1.64,1.64,1.64,1.64,200
893,1.63,1.63,1.63,1.63,400
895,1.63,1.63,1.63,1.63,100
898,1.63,1.63,1.63,1.63,300
899,1.63,1.63,1.63,1.63,501
900,1.63,1.63,1.63,1.63,500
901,1.63,1.63,1.63,1.63,300
902,1.64,1.64,1.63,1.63,700
903,1.65,1.65,1.65,1.65,394
a1498570200,1.64,1.64,1.64,1.64,380
1,1.71,1.71,1.71,1.71,100
2,1.66,1.66,1.66,1.66,100
5,1.665,1.67,1.665,1.67,200
6,1.68,1.68,1.669,1.669,3400
9,1.675,1.69,1.675,1.69,400
11,1.68,1.68,1.68,1.68,300
13,1.67,1.67,1.665,1.665,300
14,1.6709,1.6709,1.6709,1.6709,300
16,1.67,1.67,1.67,1.67,100
18,1.665,1.665,1.665,1.665,200
19,1.66,1.68,1.66,1.66,400
21,1.65,1.65,1.65,1.65,100
22,1.631,1.631,1.631,1.631,1800
24,1.64,1.64,1.64,1.64,100
29,1.64,1.64,1.64,1.64,100
30,1.64,1.64,1.64,1.64,200
33,1.64,1.64,1.64,1.64,100
35,1.65,1.65,1.65,1.65,100
36,1.65,1.65,1.65,1.65,100
38,1.65,1.65,1.65,1.65,100
39,1.63,1.65,1.63,1.6301,1339
144,1.63,1.63,1.63,1.63,170
145,1.6101,1.64,1.6101,1.63,1660
147,1.62,1.62,1.61,1.61,300
148,1.6101,1.62,1.6,1.6,355
149,1.62,1.62,1.62,1.62,180
150,1.6132,1.6132,1.61,1.61,600
152,1.62,1.62,1.62,1.62,100
156,1.61,1.62,1.61,1.62,300
157,1.6,1.6,1.6,1.6,100
161,1.62,1.62,1.62,1.62,200
163,1.61,1.62,1.61,1.62,300
165,1.6,1.61,1.6,1.61,200
166,1.6,1.6,1.6,1.6,100
168,1.6,1.6,1.6,1.6,100
169,1.62,1.62,1.62,1.62,200
170,1.61,1.61,1.61,1.61,100
171,1.6,1.6,1.6,1.6,100
172,1.655,1.69,1.6001,1.61,15448
173,1.6249,1.6249,1.6249,1.6249,5000
175,1.66,1.7,1.61,1.61,3400
176,1.65,1.65,1.65,1.65,500
177,1.645,1.645,1.645,1.645,550
181,1.68,1.68,1.68,1.68,200
182,1.67,1.67,1.67,1.67,300
183,1.67,1.69,1.67,1.68,2230
288,1.66,1.66,1.66,1.66,132
289,1.6401,1.67,1.6401,1.67,1400
290,1.66,1.66,1.64,1.64,400
292,1.65,1.65,1.65,1.65,500
297,1.645,1.649,1.645,1.649,5100
302,1.64,1.64,1.63,1.63,1400
303,1.65,1.65,1.635,1.6391,8300
306,1.65,1.65,1.65,1.65,200
308,1.65,1.65,1.65,1.65,100
310,1.65,1.65,1.65,1.65,100
313,1.64,1.64,1.64,1.64,400
314,1.64,1.64,1.64,1.64,200
315,1.63,1.65,1.63,1.65,450
316,1.64,1.64,1.64,1.64,200
320,1.639,1.64,1.635,1.635,1100
321,1.6127,1.63,1.6127,1.63,4757
322,1.63,1.63,1.63,1.63,100
323,1.6257,1.63,1.6257,1.63,5100
325,1.63,1.63,1.63,1.63,100
326,1.62,1.62,1.62,1.62,100
327,1.64,1.64,1.62,1.63,1100
433,1.6089,1.64,1.6089,1.64,8600
434,1.62,1.62,1.62,1.62,200
439,1.64,1.64,1.63,1.63,300
440,1.65,1.65,1.65,1.65,1200
441,1.72,1.72,1.65,1.65,2647
442,1.7008,1.72,1.69,1.72,3000
443,1.69,1.69,1.69,1.69,200
444,1.69,1.69,1.69,1.69,1000
445,1.69,1.69,1.69,1.69,600
447,1.7,1.7,1.7,1.7,300
448,1.7,1.7,1.7,1.7,900
449,1.7,1.7,1.695,1.7,600
450,1.7,1.7,1.7,1.7,600
451,1.71,1.71,1.71,1.71,600
452,1.71,1.71,1.71,1.71,300
453,1.7,1.71,1.7,1.7,900
454,1.69,1.71,1.69,1.71,3110
455,1.69,1.71,1.69,1.71,800
457,1.71,1.71,1.7,1.71,2356
458,1.7,1.71,1.7,1.71,700
459,1.7,1.7,1.7,1.7,600
460,1.7,1.7,1.7,1.7,500
461,1.7,1.7,1.7,1.7,800
462,1.71,1.71,1.695,1.7,2300
463,1.71,1.71,1.71,1.71,700
464,1.71,1.71,1.71,1.71,500
465,1.68,1.71,1.67,1.7,7840
466,1.7,1.7,1.69,1.69,300
467,1.71,1.71,1.71,1.71,300
468,1.71,1.71,1.7,1.7,1200
469,1.71,1.71,1.71,1.71,990
470,1.71,1.71,1.69,1.71,1600
471,1.71,1.71,1.69,1.7,7213
864,1.7,1.7,1.7,1.7,285
865,1.7,1.7,1.7,1.7,100
866,1.702,1.7048,1.702,1.7048,5344
867,1.71,1.71,1.702,1.702,5100
870,1.66,1.7026,1.66,1.7,11926
871,1.68,1.68,1.68,1.68,340
878,1.71,1.71,1.68,1.68,500
879,1.72,1.72,1.72,1.72,100
880,1.72,1.72,1.72,1.72,100
883,1.7,1.7,1.6864,1.7,2000
884,1.69,1.69,1.6,1.68,7600
885,1.68,1.69,1.61,1.67,4975
a1499261400,1.65,1.65,1.65,1.65,240
1,1.71,1.71,1.71,1.71,100
4,1.65,1.67,1.65,1.67,816
9,1.65,1.65,1.65,1.65,100
10,1.625,1.64,1.625,1.64,333
11,1.64,1.64,1.64,1.64,100
14,1.65,1.65,1.65,1.65,100
18,1.65,1.65,1.65,1.65,321
20,1.65,1.65,1.65,1.65,100
23,1.62,1.65,1.6,1.63,20785
24,1.64,1.64,1.64,1.64,400
25,1.65,1.65,1.63,1.64,8495
33,1.65,1.65,1.65,1.65,100
36,1.65,1.65,1.65,1.65,100
38,1.65,1.65,1.65,1.65,400
39,1.63,1.65,1.63,1.64,2085
