EXCHANGE%3DNASDAQ
MARKET_OPEN_MINUTE=570
MARKET_CLOSE_MINUTE=960
INTERVAL=600
COLUMNS=DATE,CLOSE,HIGH,LOW,OPEN,VOLUME
DATA=
TIMEZONE_OFFSET=-240
a1493127000,2.35,2.35,2.35,2.35,728
1,2.34,2.34,2.325,2.33,620
2,2.34,2.35,2.34,2.35,500
3,2.34,2.34,2.34,2.34,100
4,2.34,2.34,2.34,2.34,100
5,2.35,2.37,2.35,2.37,600
6,2.32,2.35,2.32,2.35,400
7,2.32,2.32,2.32,2.32,100
8,2.32,2.34,2.32,2.32,700
9,2.32,2.32,2.32,2.32,100
10,2.32,2.33,2.31,2.31,3385
11,2.3,2.3,2.3,2.3,500
12,2.35,2.3566,2.3,2.3001,1218
13,2.35,2.37,2.34,2.37,601
14,2.36,2.36,2.3507,2.3507,3147
15,2.35,2.36,2.35,2.36,500
16,2.36,2.36,2.35,2.3536,1300
17,2.35,2.36,2.35,2.35,400
18,2.35,2.36,2.35,2.35,400
19,2.35,2.35,2.345,2.35,1100
20,2.35,2.35,2.34,2.35,700
21,2.35,2.35,2.34,2.34,300
22,2.35,2.35,2.35,2.35,100
23,2.35,2.35,2.34,2.34,500
24,2.35,2.35,2.34,2.34,800
25,2.34,2.34,2.34,2.34,100
26,2.35,2.35,2.35,2.35,100
27,2.35,2.35,2.34,2.34,2920
28,2.35,2.35,2.345,2.345,200
29,2.35,2.35,2.34,2.3401,4200
30,2.34,2.34,2.34,2.34,100
31,2.34,2.35,2.34,2.34,500
32,2.34,2.349,2.34,2.345,700
33,2.33,2.33,2.33,2.33,500
34,2.35,2.35,2.33,2.34,322
35,2.34,2.35,2.33,2.33,1401
36,2.35,2.36,2.34,2.34,2575
37,2.35,2.37,2.35,2.37,600
38,2.34,2.35,2.34,2.35,3800
39,2.36,2.39,2.34,2.34,19918
144,2.35,2.35,2.35,2.35,881
145,2.3501,2.38,2.3501,2.38,200
146,2.3201,2.3514,2.32,2.35,967
147,2.33,2.3365,2.32,2.3365,850
148,2.3201,2.33,2.32,2.3201,400
149,2.33,2.34,2.33,2.34,600
150,2.32,2.3201,2.32,2.3201,200
151,2.33,2.3599,2.32,2.3599,2237
152,2.34,2.34,2.33,2.33,300
153,2.3301,2.34,2.33,2.33,600
154,2.3201,2.33,2.3201,2.33,200
155,2.34,2.34,2.32,2.32,1318
156,2.365,2.37,2.32,2.36,7200
157,2.37,2.385,2.33,2.3572,11737
158,2.3601,2.3601,2.3601,2.3601,100
159,2.38,2.38,2.35,2.38,2800
160,2.35,2.38,2.35,2.35,400
161,2.35,2.38,2.35,2.35,500
162,2.38,2.38,2.35,2.35,400
163,2.36,2.38,2.36,2.36,500
164,2.36,2.38,2.36,2.38,400
165,2.36,2.38,2.36,2.3601,2300
166,2.36,2.37,2.36,2.36,800
167,2.36,2.36,2.36,2.36,300
168,2.37,2.37,2.36,2.3601,3400
169,2.367,2.37,2.36,2.37,10200
170,2.457,2.457,2.37,2.37,28077
171,2.41,2.43,2.41,2.43,1100
172,2.41,2.41,2.41,2.41,100
173,2.4021,2.4021,2.4,2.4,867
174,2.4408,2.4408,2.4,2.4,700
175,2.4299,2.43,2.4298,2.43,5941
176,2.46,2.46,2.425,2.4298,7100
177,2.45,2.45,2.44,2.44,500
178,2.44,2.44,2.44,2.44,500
179,2.5391,2.54,2.42,2.42,46412
180,2.52,2.53,2.5001,2.51,4930
181,2.51,2.54,2.51,2.53,10665
182,2.525,2.525,2.5,2.51,3689
183,2.5,2.53,2.48,2.53,18749
288,3,3,3,3,29162
289,3.0496,3.3,2.8521,3.02,730095
290,2.8975,3.06,2.86,3.05,286049
291,2.8717,2.93,2.82,2.88,187671
292,2.86,2.93,2.86,2.8728,31250
293,2.87,2.92,2.85,2.86,57308
294,2.7884,2.8894,2.77,2.87,88656
295,2.86,2.87,2.77,2.78,48133
296,2.9,2.97,2.8,2.84,346090
297,2.9178,2.94,2.88,2.9,72727
298,2.9507,3.06,2.91,2.915,180517
299,2.9,2.95,2.8425,2.95,80095
300,2.91,2.93,2.8999,2.9,16050
301,2.86,2.93,2.86,2.9,53276
302,2.85,2.89,2.845,2.8752,20496
303,2.87,2.9,2.84,2.85,49497
304,2.9,2.92,2.87,2.876,15466
305,2.8938,2.92,2.89,2.9,7058
306,2.8754,2.9,2.85,2.895,17300
307,2.8781,2.9,2.85,2.88,21994
308,2.9,2.9,2.8726,2.8726,1953
309,2.868,2.8916,2.85,2.88,31123
310,2.86,2.87,2.85,2.86,21885
311,2.86,2.88,2.8598,2.8598,3431
312,2.835,2.87,2.81,2.86,60683
313,2.91,3.01,2.84,2.84,30158
314,2.86,2.92,2.86,2.91,60470
315,2.86,2.8779,2.86,2.8601,810
316,2.8654,2.87,2.86,2.87,13810
317,2.84,2.87,2.81,2.87,20807
318,2.85,2.87,2.82,2.83,9099
319,2.8599,2.86,2.84,2.85,16800
320,2.84,2.84,2.83,2.84,15244
321,2.89,2.93,2.85,2.85,29550
322,2.92,2.92,2.88,2.88,3651
323,2.96,2.96,2.9207,2.9298,36938
324,2.95,2.98,2.95,2.95,52156
325,2.935,2.9547,2.93,2.9547,13944
326,2.96,2.9679,2.94,2.94,11950
327,2.96,2.98,2.94,2.96,75409
432,3,3,3,3,26634
433,2.92,3.08,2.88,3.03,221856
434,2.92,2.94,2.91,2.9201,23465
435,2.91,2.94,2.91,2.9238,12291
436,2.91,2.93,2.91,2.91,11058
437,2.93,2.95,2.88,2.91,73976
438,2.92,2.96,2.92,2.95,6220
439,2.98,2.98,2.92,2.92,8337
440,2.98,3.04,2.96,2.98,30018
441,2.9607,2.99,2.9607,2.98,5918
442,2.9378,2.9795,2.9378,2.97,7473
443,2.92,2.96,2.91,2.9499,20893
444,2.9356,2.94,2.93,2.94,2700
445,2.92,2.94,2.92,2.93,700
446,2.94,2.95,2.9216,2.9216,10610
447,2.9555,2.96,2.93,2.93,3840
448,2.95,2.95,2.94,2.9407,800
449,2.99,3,2.96,2.96,11700
450,2.965,2.985,2.96,2.9807,10178
451,2.967,2.97,2.96,2.9601,2640
452,2.9898,2.9899,2.9699,2.97,9100
453,3.0076,3.036,2.965,2.97,20728
454,2.98,3.02,2.98,3.0186,9507
455,2.99,2.99,2.96,2.9807,24510
456,2.9801,2.983,2.98,2.98,825
457,2.98,2.99,2.98,2.985,1600
458,2.9817,2.99,2.98,2.9851,3640
459,2.99,3,2.98,2.985,5287
460,2.99,2.9999,2.9836,2.9836,6415
461,3.02,3.0268,2.99,2.99,25953
462,3.0137,3.02,3.01,3.016,14300
463,3.01,3.0189,3.01,3.0189,300
464,3,3.02,3,3.0189,1893
465,2.99,3.0199,2.99,3.0199,4000
466,3.0165,3.02,3,3.0085,1985
467,3.1,3.1,3.0154,3.0155,46106
468,3.15,3.19,3.1,3.11,77365
469,3.1,3.1685,3.0807,3.15,29779
470,3.07,3.12,3.06,3.1,21192
471,3.11,3.14,3.06,3.07,113236
864,3.2,3.25,3.2,3.25,51806
865,3.1161,3.25,3.11,3.2,74241
866,3.129,3.13,3,3.11,67888
867,3.15,3.15,3.12,3.13,26894
868,3.03,3.16,3.03,3.15,40297
869,3.16,3.16,3.04,3.04,15398
870,3.186,3.24,3.13,3.16,123986
871,3.18,3.27,3.17,3.21,137959
872,3.2,3.2201,3.18,3.18,16104
873,3.15,3.22,3.15,3.21,35426
874,3.16,3.18,3.15,3.15,10781
875,3.15,3.1673,3.15,3.16,12571
876,3.0938,3.1501,3.08,3.15,34798
877,3.11,3.1226,3.085,3.0999,15235
878,3.11,3.111,3.1,3.11,2600
879,3.09,3.11,3.09,3.11,1472
880,3.1,3.1,3.09,3.09,2317
881,3.11,3.11,3.1075,3.11,900
882,3.09,3.11,3.09,3.11,2125
883,3.085,3.0955,3.08,3.0955,16519
884,3.08,3.085,3.08,3.08,500
885,3.11,3.14,3.08,3.08,9047
886,3.1,3.13,3.09,3.1133,3981
887,3.1118,3.1118,3.1,3.1,1650
888,3.1,3.1186,3.1,3.1186,1881
889,3.08,3.1,3.08,3.1,3800
890,3.0899,3.09,3.08,3.08,4200
891,3.09,3.1,3.0875,3.09,2239
892,3.08,3.1,3.08,3.1,2700
893,3.11,3.13,3.08,3.09,6100
894,3.12,3.13,3.1,3.11,2000
895,3.13,3.14,3.11,3.12,18385
896,3.18,3.18,3.12,3.12,4000
897,3.1608,3.17,3.16,3.17,5850
898,3.15,3.1684,3.15,3.165,3199
899,3.155,3.17,3.15,3.1565,6107
900,3.2,3.21,3.15,3.17,18881
901,3.2,3.23,3.19,3.2,15842
902,3.2176,3.24,3.19,3.2,21125
903,3.21,3.22,3.2,3.21,42938
a1493731800,3.23,3.25,3.23,3.25,14840
1,3.3,3.319,3.22,3.24,68765
2,3.3279,3.3279,3.2801,3.285,47452
3,3.37,3.5,3.31,3.3257,286060
4,3.45,3.4599,3.37,3.3762,88216
5,3.46,3.59,3.44,3.45,491010
6,3.499,3.55,3.45,3.45,70393
7,3.54,3.56,3.48,3.4986,87155
8,3.5,3.55,3.5,3.535,155574
9,3.51,3.54,3.5,3.51,39194
10,3.53,3.55,3.51,3.52,39583
11,3.5201,3.5353,3.5,3.5353,41916
12,3.6,3.6292,3.52,3.52,214159
13,3.67,3.67,3.55,3.59,111280
14,3.65,3.71,3.64,3.6601,125221
15,3.63,3.65,3.52,3.65,118947
16,3.62,3.625,3.581,3.625,26775
17,3.6307,3.65,3.62,3.625,22091
18,3.69,3.69,3.62,3.6301,61737
19,3.63,3.72,3.63,3.684,66869
20,3.6707,3.69,3.63,3.63,17924
21,3.64,3.67,3.61,3.66,39615
22,3.7099,3.7099,3.6,3.63,72854
23,3.7082,3.76,3.67,3.7,197410
24,3.7325,3.735,3.69,3.7086,23660
25,3.6908,3.74,3.69,3.73,25338
26,3.75,3.75,3.69,3.69,16703
27,3.7786,3.84,3.7399,3.75,145610
28,3.78,3.81,3.76,3.78,62076
29,3.82,3.82,3.76,3.78,69163
30,3.74,3.82,3.71,3.82,134832
31,3.71,3.75,3.71,3.74,16700
32,3.69,3.73,3.65,3.7114,71204
33,3.74,3.78,3.689,3.689,45505
34,3.76,3.78,3.74,3.74,23607
35,3.835,3.84,3.75,3.75,59947
36,3.76,3.84,3.76,3.84,66108
37,3.79,3.8,3.75,3.76,41510
38,3.815,3.8193,3.75,3.8,49852
39,3.82,3.84,3.79,3.82,161621
144,3.75,3.75,3.75,3.75,27955
145,3.586,3.75,3.53,3.73,134467
146,3.64,3.65,3.55,3.59,69325
147,3.68,3.69,3.62,3.64,55170
148,3.65,3.69,3.6207,3.68,22538
149,3.6223,3.655,3.61,3.65,19292
150,3.68,3.69,3.63,3.64,20813
151,3.68,3.7,3.67,3.6799,15889
152,3.69,3.7,3.68,3.68,15110
153,3.67,3.7,3.67,3.69,17199
154,3.68,3.7,3.67,3.67,21539
155,3.67,3.68,3.67,3.67,6652
156,3.65,3.68,3.65,3.67,13265
157,3.635,3.6544,3.615,3.65,18587
158,3.64,3.645,3.635,3.64,5513
159,3.62,3.64,3.61,3.64,6757
160,3.63,3.63,3.61,3.61,7409
161,3.6299,3.63,3.62,3.62,4400
162,3.582,3.62,3.58,3.62,29593
163,3.62,3.64,3.58,3.59,17054
164,3.61,3.65,3.61,3.639,9091
165,3.62,3.63,3.61,3.61,4000
166,3.59,3.62,3.59,3.62,4159
167,3.54,3.59,3.54,3.58,27738
168,3.5788,3.5788,3.51,3.54,12146
169,3.52,3.56,3.52,3.56,20297
170,3.5365,3.5579,3.53,3.53,6568
171,3.53,3.5376,3.52,3.52,4895
172,3.54,3.56,3.53,3.53,6970
173,3.54,3.55,3.53,3.55,6560
174,3.5399,3.54,3.53,3.54,5352
175,3.53,3.54,3.51,3.54,25779
176,3.52,3.53,3.51,3.53,7355
177,3.519,3.5217,3.51,3.5217,28792
178,3.51,3.5101,3.51,3.51,7951
179,3.55,3.55,3.5,3.51,33649
180,3.52,3.55,3.52,3.545,8112
181,3.5654,3.58,3.51,3.52,25068
182,3.56,3.59,3.55,3.57,21544
183,3.54,3.5746,3.54,3.55,31355
288,3.65,3.65,3.65,3.65,19564
289,3.6601,3.72,3.5788,3.63,69377
290,3.7,3.76,3.6,3.6898,78365
291,3.7,3.73,3.66,3.69,23142
292,3.73,3.83,3.6901,3.7228,65400
293,3.71,3.7786,3.71,3.75,34620
294,3.7175,3.78,3.71,3.71,24767
295,3.71,3.78,3.71,3.71,16729
296,3.7,3.72,3.67,3.71,15496
297,3.7356,3.7356,3.71,3.72,24236
298,3.71,3.75,3.71,3.7362,15319
299,3.73,3.74,3.71,3.71,3406
300,3.71,3.74,3.71,3.735,4867
301,3.71,3.725,3.71,3.71,7000
302,3.7178,3.72,3.71,3.72,5600
303,3.71,3.73,3.71,3.73,6800
304,3.7,3.7101,3.7,3.71,5278
305,3.705,3.71,3.7,3.7,16990
306,3.68,3.71,3.68,3.705,14419
307,3.7,3.7,3.665,3.68,6949
308,3.6792,3.7,3.66,3.7,8060
309,3.7,3.71,3.68,3.7,1900
310,3.67,3.69,3.67,3.685,1400
311,3.685,3.69,3.67,3.67,4000
312,3.64,3.68,3.64,3.68,5400
313,3.64,3.68,3.64,3.645,9144
314,3.6202,3.64,3.6202,3.63,1794
315,3.65,3.65,3.6214,3.6214,3800
316,3.67,3.6792,3.65,3.67,4864
317,3.67,3.68,3.66,3.66,2737
318,3.64,3.66,3.64,3.66,2845
319,3.66,3.66,3.62,3.65,13445
320,3.6925,3.6999,3.675,3.68,5870
321,3.65,3.69,3.64,3.69,5680
322,3.64,3.65,3.64,3.65,3300
323,3.65,3.67,3.645,3.645,14381
324,3.65,3.65,3.65,3.65,2410
325,3.64,3.6536,3.64,3.65,4623
326,3.6599,3.66,3.64,3.65,4940
327,3.66,3.67,3.65,3.65,14895
432,3.69,3.69,3.69,3.69,11903
433,3.6531,3.7273,3.6056,3.68,18510
434,3.61,3.67,3.61,3.65,7958
435,3.595,3.6001,3.55,3.6001,8684
436,3.58,3.6,3.56,3.5946,11100
437,3.53,3.578,3.52,3.57,8750
438,3.4729,3.54,3.45,3.53,33470
439,3.51,3.52,3.45,3.47,11660
440,3.48,3.52,3.42,3.5008,39217
441,3.51,3.5292,3.49,3.49,22286
442,3.5,3.51,3.45,3.51,28485
443,3.51,3.52,3.49,3.49,4077
444,3.49,3.54,3.49,3.51,7712
445,3.5,3.54,3.47,3.491,7700
446,3.525,3.53,3.48,3.5,15364
447,3.48,3.53,3.46,3.51,4700
448,3.49,3.49,3.44,3.46,4900
449,3.5399,3.5399,3.49,3.49,8446
450,3.5,3.54,3.49,3.52,4600
451,3.46,3.5,3.45,3.5,4372
452,3.46,3.4669,3.44,3.45,4800
453,3.485,3.485,3.46,3.46,1900
454,3.45,3.48,3.44,3.48,13900
455,3.45,3.46,3.45,3.46,900
456,3.48,3.4932,3.45,3.45,5100
457,3.46,3.485,3.46,3.48,4400
458,3.48,3.48,3.46,3.46,4889
459,3.47,3.4801,3.47,3.48,3230
460,3.46,3.49,3.46,3.49,1600
461,3.52,3.5288,3.47,3.47,5922
462,3.5592,3.58,3.5,3.5,12200
463,3.5059,3.55,3.48,3.54,6260
464,3.55,3.55,3.51,3.51,6935
465,3.545,3.55,3.54,3.545,3800
466,3.56,3.58,3.54,3.545,7604
467,3.57,3.58,3.535,3.57,8602
468,3.59,3.59,3.57,3.575,6833
469,3.55,3.63,3.55,3.59,16980
470,3.585,3.59,3.55,3.55,8370
471,3.61,3.61,3.57,3.59,42026
864,3.65,3.65,3.65,3.65,9502
865,3.55,3.64,3.54,3.64,12819
866,3.52,3.5511,3.5,3.5502,15290
867,3.57,3.57,3.5327,3.5327,900
868,3.55,3.5879,3.54,3.57,1951
869,3.541,3.55,3.541,3.545,1300
870,3.5296,3.55,3.5201,3.55,3400
871,3.51,3.53,3.51,3.53,800
872,3.525,3.53,3.5,3.53,15100
873,3.54,3.54,3.52,3.52,1100
874,3.53,3.53,3.5,3.52,1200
875,3.48,3.53,3.48,3.5111,8228
876,3.4811,3.49,3.48,3.48,5400
877,3.4887,3.49,3.48,3.49,1918
878,3.48,3.5,3.48,3.49,1400
879,3.48,3.51,3.48,3.51,800
880,3.51,3.51,3.5,3.5,300
881,3.47,3.5,3.47,3.5,5600
882,3.4779,3.49,3.47,3.47,1850
883,3.49,3.49,3.48,3.49,1400
884,3.5,3.505,3.48,3.49,1500
885,3.5001,3.52,3.5,3.5,7609
886,3.505,3.52,3.49,3.52,1600
887,3.49,3.5,3.48,3.5,900
888,3.48,3.5,3.47,3.5,2350
889,3.49,3.49,3.47,3.4837,5000
890,3.473,3.5,3.473,3.485,2100
891,3.5,3.5,3.47,3.47,8900
892,3.49,3.5,3.48,3.48,600
893,3.485,3.5,3.48,3.48,6100
894,3.48,3.49,3.48,3.48,2200
895,3.47,3.49,3.47,3.48,10128
896,3.47,3.48,3.46,3.47,10762
897,3.475,3.48,3.47,3.47,7454
898,3.48,3.48,3.46,3.46,9360
899,3.46,3.48,3.46,3.4699,2400
900,3.47,3.48,3.46,3.48,8944
901,3.48,3.48,3.47,3.47,3000
902,3.4793,3.49,3.47,3.47,7173
903,3.48,3.48,3.47,3.47,16946
a1494336600,3.49,3.49,3.49,3.49,4385
1,3.46,3.49,3.46,3.49,6904
2,3.46,3.461,3.4507,3.46,7378
3,3.35,3.46,3.35,3.46,30562
4,3.42,3.42,3.3233,3.3674,16145
5,3.35,3.42,3.35,3.42,6764
6,3.3237,3.37,3.3,3.35,93216
7,3.3,3.3226,3.3,3.32,13680
8,3.32,3.34,3.3099,3.3099,6485
9,3.355,3.36,3.31,3.3317,8529
10,3.41,3.41,3.34,3.34,24600
11,3.41,3.44,3.4,3.4279,11900
12,3.42,3.44,3.41,3.413,19900
13,3.44,3.45,3.42,3.44,6900
14,3.4322,3.446,3.42,3.446,9597
15,3.41,3.439,3.41,3.43,13300
16,3.43,3.43,3.41,3.41,1339
17,3.44,3.44,3.42,3.42,9700
18,3.49,3.495,3.44,3.44,45549
19,3.54,3.545,3.5,3.5,21003
20,3.5115,3.5494,3.5,3.5494,23625
21,3.51,3.51,3.51,3.51,100
22,3.53,3.53,3.51,3.51,8005
23,3.53,3.53,3.51,3.5208,8107
24,3.51,3.53,3.51,3.53,700
25,3.53,3.54,3.53,3.54,3700
26,3.53,3.5432,3.52,3.53,8000
27,3.53,3.54,3.52,3.53,7100
28,3.52,3.5399,3.52,3.52,3815
29,3.52,3.52,3.52,3.52,400
30,3.52,3.52,3.52,3.52,6600
31,3.515,3.52,3.5,3.51,12094
32,3.5,3.51,3.5,3.51,1700
33,3.52,3.53,3.5,3.5053,6790
34,3.53,3.5499,3.53,3.54,15117
35,3.54,3.54,3.53,3.54,3456
36,3.64,3.66,3.5399,3.5399,79681
37,3.6,3.64,3.59,3.64,9026
38,3.6564,3.6564,3.605,3.62,14070
39,3.66,3.68,3.6545,3.66,57696
144,3.65,3.65,3.65,3.65,3859
145,3.5919,3.63,3.52,3.6,3936
146,3.572,3.66,3.51,3.5385,21688
147,3.61,3.63,3.59,3.63,1137
148,3.61,3.62,3.61,3.62,1100
149,3.62,3.63,3.61,3.62,3433
150,3.56,3.625,3.55,3.625,19058
151,3.57,3.59,3.555,3.56,1700
152,3.6,3.6,3.56,3.57,7568
153,3.61,3.64,3.6,3.6,966
154,3.58,3.61,3.57,3.61,8849
155,3.58,3.606,3.53,3.58,17947
156,3.578,3.5899,3.5654,3.5861,6730
157,3.56,3.57,3.56,3.57,2333
158,3.565,3.565,3.56,3.565,1200
159,3.5763,3.5763,3.56,3.57,1900
160,3.62,3.62,3.57,3.575,12135
161,3.6503,3.6503,3.615,3.615,10134
162,3.7,3.72,3.66,3.66,21529
163,3.7,3.7181,3.68,3.71,4891
164,3.7016,3.71,3.68,3.71,3200
165,3.73,3.75,3.7089,3.71,19028
166,3.72,3.73,3.72,3.72,700
167,3.6915,3.73,3.6915,3.725,12696
168,3.72,3.72,3.69,3.69,1600
169,3.72,3.73,3.71,3.73,5900
170,3.72,3.73,3.71,3.73,1100
171,3.71,3.72,3.7,3.72,3500
172,3.695,3.71,3.69,3.7,10643
173,3.69,3.705,3.69,3.7,10941
174,3.68,3.694,3.67,3.69,5792
175,3.67,3.7,3.67,3.69,12340
176,3.67,3.675,3.6501,3.67,2320
177,3.67,3.7,3.67,3.68,6350
178,3.65,3.69,3.65,3.67,10500
179,3.67,3.6797,3.65,3.65,4200
180,3.65,3.68,3.65,3.68,4000
181,3.65,3.66,3.65,3.66,4121
182,3.66,3.67,3.65,3.66,13119
183,3.66,3.68,3.65,3.66,20217
288,3.69,3.69,3.69,3.69,12584
289,3.64,3.6853,3.6264,3.6264,4797
290,3.65,3.68,3.65,3.65,2400
291,3.66,3.6699,3.65,3.65,2242
292,3.65,3.6664,3.65,3.6664,3140
293,3.65,3.655,3.65,3.65,800
294,3.66,3.668,3.65,3.65,8350
295,3.62,3.67,3.61,3.65,57628
296,3.625,3.638,3.6,3.63,1800
297,3.63,3.65,3.61,3.62,5200
298,3.63,3.65,3.63,3.63,1100
299,3.61,3.63,3.59,3.63,22427
300,3.605,3.619,3.59,3.6,8100
301,3.58,3.605,3.58,3.605,2699
302,3.58,3.59,3.58,3.58,950
303,3.58,3.6,3.58,3.58,800
304,3.585,3.595,3.58,3.59,1600
305,3.56,3.5819,3.56,3.5701,9150
306,3.555,3.57,3.55,3.56,3150
307,3.55,3.56,3.5309,3.56,8800
308,3.52,3.5488,3.52,3.5471,7300
309,3.555,3.57,3.52,3.53,2400
310,3.57,3.57,3.5686,3.57,2500
311,3.58,3.6,3.58,3.6,1300
312,3.575,3.585,3.575,3.58,1900
313,3.57,3.58,3.57,3.575,2900
314,3.52,3.57,3.52,3.57,12151
315,3.52,3.53,3.52,3.52,5145
316,3.56,3.58,3.51,3.525,31201
317,3.5525,3.56,3.54,3.555,2700
318,3.54,3.56,3.54,3.555,7063
319,3.52,3.54,3.52,3.54,2746
320,3.46,3.53,3.46,3.52,23586
321,3.48,3.48,3.43,3.46,7550
322,3.465,3.49,3.46,3.4868,4278
323,3.4075,3.47,3.4075,3.47,17371
324,3.45,3.4793,3.42,3.43,4300
325,3.48,3.48,3.45,3.45,6650
326,3.46,3.489,3.45,3.47,9231
327,3.46,3.48,3.46,3.46,26487
432,3.01,3.01,3.01,3.01,35804
433,3.1324,3.17,2.9299,3.0101,178318
434,3.15,3.18,3.11,3.11,35011
435,3.218,3.23,3.1299,3.13,11140
436,3.29,3.335,3.18,3.18,36613
437,3.2708,3.2708,3.2601,3.2601,5199
438,3.2642,3.34,3.2642,3.29,17217
439,3.29,3.3,3.22,3.25,17682
440,3.3,3.3,3.28,3.3,10255
441,3.25,3.3,3.22,3.3,13994
442,3.286,3.3,3.24,3.24,15166
443,3.28,3.31,3.27,3.2986,24140
444,3.2901,3.3,3.2505,3.27,8449
445,3.31,3.31,3.295,3.295,2799
446,3.335,3.36,3.31,3.32,8500
447,3.43,3.43,3.335,3.34,9308
448,3.37,3.43,3.36,3.43,8860
449,3.37,3.42,3.37,3.38,11099
450,3.42,3.44,3.38,3.38,3946
451,3.42,3.42,3.42,3.42,100
452,3.46,3.46,3.425,3.425,5099
453,3.455,3.457,3.4301,3.44,6498
454,3.44,3.45,3.405,3.45,5300
455,3.43,3.43,3.43,3.43,395
456,3.44,3.44,3.425,3.425,3900
457,3.46,3.47,3.435,3.435,4102
458,3.4801,3.49,3.445,3.45,62699
459,3.44,3.505,3.38,3.4899,50864
460,3.47,3.47,3.45,3.45,2300
461,3.395,3.4599,3.38,3.455,11542
462,3.42,3.42,3.395,3.395,11614
463,3.4,3.425,3.4,3.42,3300
464,3.395,3.405,3.33,3.4001,9762
465,3.43,3.43,3.4,3.4,1400
466,3.425,3.43,3.4205,3.423,2700
467,3.47,3.47,3.425,3.43,21800
468,3.465,3.465,3.465,3.465,300
469,3.5,3.5,3.46,3.47,10087
470,3.49,3.5,3.4701,3.495,12757
471,3.47,3.49,3.46,3.4802,30504
864,3.46,3.46,3.46,3.46,4744
865,3.4399,3.5,3.38,3.5,12383
866,3.3838,3.4599,3.38,3.4397,19046
867,3.44,3.469,3.38,3.39,5100
868,3.42,3.434,3.39,3.434,11765
869,3.43,3.43,3.4,3.4116,7177
870,3.42,3.45,3.42,3.43,13685
871,3.3558,3.42,3.35,3.42,21845
872,3.42,3.42,3.35,3.36,7340
873,3.4201,3.45,3.4201,3.4385,6174
874,3.4301,3.4588,3.42,3.42,4500
875,3.3201,3.439,3.295,3.439,23313
876,3.3401,3.35,3.3006,3.3258,23381
877,3.3301,3.35,3.3301,3.3401,6437
878,3.3301,3.34,3.3301,3.3399,5900
879,3.3301,3.35,3.33,3.34,5340
880,3.3101,3.3399,3.3101,3.3399,5608
881,3.2701,3.31,3.27,3.31,23485
882,3.27,3.28,3.27,3.275,6490
883,3.29,3.29,3.27,3.27,10557
884,3.33,3.33,3.295,3.3,10027
885,3.3424,3.35,3.33,3.33,4292
886,3.35,3.35,3.342,3.345,5356
887,3.3301,3.35,3.3301,3.35,2200
888,3.3201,3.34,3.2901,3.3301,15265
889,3.33,3.33,3.33,3.33,700
890,3.32,3.325,3.32,3.325,4000
891,3.285,3.3193,3.2801,3.3193,18160
892,3.3093,3.32,3.27,3.2801,14370
893,3.3,3.3064,3.265,3.3064,6928
894,3.28,3.298,3.2701,3.298,2734
895,3.26,3.28,3.25,3.28,9660
896,3.25,3.26,3.25,3.255,5800
897,3.28,3.302,3.255,3.255,7820
898,3.2501,3.27,3.2501,3.27,1900
899,3.2501,3.26,3.25,3.26,1700
900,3.26,3.26,3.255,3.26,2608
901,3.2501,3.26,3.2501,3.2501,1400
902,3.26,3.26,3.2501,3.2501,6881
903,3.27,3.27,3.26,3.26,26503
a1494941400,3.26,3.26,3.26,3.26,2777
1,3.24,3.293,3.213,3.24,4656
2,3.2002,3.2684,3.2002,3.21,3380
3,3.1801,3.2165,3.16,3.2008,11669
4,3.16,3.18,3.16,3.18,2658
5,3.17,3.17,3.13,3.1501,18669
6,3.1305,3.1699,3.13,3.16,15106
7,3.14,3.1665,3.13,3.1399,3100
8,3.16,3.1716,3.14,3.15,4880
9,3.16,3.179,3.14,3.179,4055
10,3.16,3.16,3.14,3.151,11580
11,3.1678,3.17,3.16,3.17,2367
12,3.14,3.16,3.14,3.16,2169
13,3.14,3.15,3.14,3.14,4300
14,3.13,3.1418,3.125,3.1418,30190
15,3.12,3.14,3.12,3.13,2167
16,3.12,3.13,3.12,3.12,500
17,3.14,3.14,3.12,3.12,23600
18,3.17,3.18,3.14,3.14,6100
19,3.21,3.22,3.19,3.19,1250
20,3.21,3.22,3.21,3.2199,1800
21,3.18,3.2099,3.175,3.2099,10400
22,3.16,3.17,3.16,3.17,1100
23,3.165,3.165,3.16,3.16,1700
24,3.16,3.17,3.16,3.16,3142
25,3.16,3.16,3.16,3.16,300
26,3.18,3.18,3.16,3.16,4186
27,3.17,3.18,3.16,3.18,2088
28,3.17,3.17,3.17,3.17,300
29,3.16,3.17,3.16,3.17,1400
30,3.16,3.16,3.16,3.16,1937
31,3.161,3.17,3.16,3.16,3456
32,3.13,3.16,3.13,3.16,23530
33,3.14,3.14,3.12,3.13,2304
34,3.14,3.15,3.14,3.15,400
35,3.14,3.14,3.14,3.14,1200
36,3.12,3.14,3.12,3.14,4904
37,3.17,3.17,3.12,3.125,9498
38,3.15,3.1669,3.15,3.1542,8714
39,3.15,3.17,3.13,3.1514,40535
144,3.05,3.05,3.05,3.05,12609
145,3.11,3.1201,3.07,3.08,6200
146,3.08,3.19,3.08,3.1472,23198
147,3.05,3.1,3.02,3.08,39124
148,3.05,3.05,3.02,3.035,15131
149,3.06,3.06,3.04,3.04,25631
150,3.0501,3.11,3.05,3.08,7536
151,3.07,3.09,3.05,3.06,3022
152,3.07,3.07,3.04,3.06,5176
153,3.03,3.0509,3.03,3.04,7464
154,3.05,3.08,3.03,3.03,5100
155,3.06,3.06,3.03,3.05,4100
156,3.05,3.06,3.04,3.04,3738
157,3.04,3.05,3.04,3.05,10491
158,3.05,3.06,3.03,3.06,2000
159,3.08,3.08,3.04,3.05,4200
160,3.09,3.09,3.06,3.08,2000
161,3.06,3.08,3.05,3.08,2360
162,3.09,3.09,3.05,3.05,6000
163,3.1,3.11,3.08,3.1,13932
164,3.08,3.1,3.07,3.1,4900
165,3.1,3.11,3.08,3.08,6700
166,3.08,3.12,3.08,3.1,4800
167,3.09,3.11,3.09,3.11,900
168,3.1,3.11,3.08,3.11,3800
169,3.09,3.09,3.08,3.0877,3400
170,3.08,3.1,3.08,3.09,2927
171,3.08,3.11,3.08,3.09,3499
172,3.1,3.12,3.0801,3.0801,1700
173,3.08,3.1,3.08,3.09,2825
174,3.08,3.09,3.08,3.09,2658
175,3.08,3.09,3.08,3.08,5448
176,3.08,3.09,3.08,3.08,2109
177,3.0801,3.09,3.08,3.0801,2400
178,3.08,3.0847,3.08,3.08,1850
179,3.08,3.1,3.08,3.08,3700
180,3.08,3.09,3.08,3.08,13596
181,3.09,3.09,3.08,3.08,11656
182,3.08,3.09,3.08,3.09,3320
183,3.09,3.1,3.08,3.08,36506
288,3.11,3.11,3.11,3.11,3705
289,3.119,3.119,3.1,3.11,6956
290,3.1,3.12,3.097,3.115,12938
291,3.11,3.11,3.07,3.07,2510
292,3.08,3.1368,3.06,3.11,39600
293,3.06,3.08,3.06,3.07,4100
294,3.08,3.08,3.06,3.06,5248
295,3.08,3.09,3.07,3.08,2900
296,3.08,3.0858,3.08,3.08,2188
297,3.08,3.09,3.08,3.09,1900
298,3.08,3.08,3.08,3.08,400
299,3.1,3.1,3.08,3.08,32260
300,3.1,3.1,3.09,3.09,16236
301,3.09,3.1,3.09,3.1,2000
302,3.07,3.095,3.07,3.09,16058
303,3.07,3.0763,3.07,3.07,3100
304,3.06,3.07,3.06,3.07,5411
305,3.05,3.06,3.05,3.06,1500
306,3.05,3.056,3.05,3.056,3620
307,3.05,3.06,3.05,3.05,3092
308,3.05,3.06,3.05,3.06,1400
309,3.05,3.05,3.05,3.05,600
310,3.05,3.06,3.05,3.055,2121
311,3.07,3.07,3.05,3.06,1000
312,3.0701,3.0701,3.07,3.07,1159
313,3.07,3.08,3.07,3.07,3200
314,3.07,3.07,3.07,3.07,300
315,3.07,3.08,3.07,3.07,1300
316,3.09,3.09,3.07,3.08,1600
317,3.0969,3.1186,3.09,3.1,4714
318,3.09,3.0962,3.09,3.09,1350
319,3.09,3.09,3.09,3.09,300
320,3.0999,3.1,3.09,3.09,3839
321,3.07,3.09,3.07,3.09,1500
322,3.07,3.07,3.07,3.07,500
323,3.08,3.085,3.07,3.07,3400
324,3.1,3.12,3.08,3.09,13500
325,3.09,3.105,3.09,3.1,3000
326,3.085,3.09,3.08,3.09,7900
327,3.09,3.1,3.08,3.08,22942
432,3.15,3.15,3.1,3.1,23059
433,3.16,3.17,3.14,3.14,9900
434,3.15,3.17,3.1415,3.1415,2925
435,3.15,3.186,3.15,3.186,900
436,3.15,3.21,3.14,3.15,39267
437,3.16,3.16,3.15,3.15,2718
438,3.165,3.18,3.14,3.14,3100
439,3.17,3.19,3.17,3.17,2100
440,3.16,3.17,3.16,3.17,10810
441,3.16,3.18,3.16,3.16,2100
442,3.17,3.18,3.16,3.18,600
443,3.16,3.18,3.16,3.17,800
444,3.18,3.18,3.16,3.16,5335
445,3.19,3.2,3.16,3.18,10300
446,3.18,3.19,3.18,3.19,1800
447,3.2,3.2,3.18,3.18,4068
448,3.2,3.21,3.19,3.208,1266
449,3.19,3.21,3.19,3.21,400
450,3.2,3.21,3.19,3.21,5213
451,3.19,3.19,3.19,3.19,200
452,3.2,3.2,3.19,3.19,2100
453,3.2,3.206,3.2,3.2017,1830
454,3.2092,3.21,3.2,3.2,4000
455,3.2,3.21,3.2,3.205,1313
456,3.2,3.21,3.2,3.21,4300
457,3.2,3.21,3.2,3.21,2200
458,3.2,3.2055,3.2,3.2,1344
459,3.2,3.2,3.2,3.2,500
460,3.2,3.2036,3.2,3.2001,3429
461,3.2,3.206,3.2,3.2,1400
462,3.2,3.2,3.2,3.2,1000
463,3.2,3.2,3.2,3.2,1300
464,3.2,3.2,3.2,3.2,1000
465,3.2,3.2048,3.2,3.2,3593
466,3.2,3.2,3.2,3.2,2000
467,3.2,3.2,3.2,3.2,3492
468,3.2,3.2054,3.2,3.2,2515
469,3.2,3.205,3.2,3.2,11333
470,3.2,3.2018,3.2,3.2,8004
471,3.2,3.2,3.18,3.2,13854
864,3.16,3.16,3.16,3.16,9160
865,3.1558,3.22,3.1558,3.19,21109
866,3.225,3.2368,3.18,3.2,1193
867,3.2271,3.24,3.2,3.23,2480
868,3.2,3.27,3.2,3.245,15336
869,3.2,3.21,3.2,3.21,2700
870,3.2,3.2,3.19,3.2,26000
871,3.19,3.205,3.19,3.205,300
872,3.19,3.22,3.19,3.19,8214
873,3.2,3.22,3.19,3.19,2300
874,3.19,3.21,3.19,3.21,23038
875,3.17,3.19,3.17,3.19,2166
876,3.16,3.16,3.16,3.16,300
877,3.16,3.17,3.16,3.17,1600
878,3.165,3.165,3.16,3.165,2100
879,3.15,3.1658,3.15,3.165,4360
880,3.12,3.155,3.12,3.155,6372
881,3.12,3.125,3.115,3.125,2731
882,3.122,3.122,3.11,3.12,1374
883,3.12,3.13,3.12,3.13,400
884,3.11,3.12,3.11,3.12,700
885,3.11,3.1153,3.1,3.11,2390
886,3.1,3.105,3.1,3.105,900
887,3.08,3.105,3.08,3.1001,26129
888,3.06,3.08,3.06,3.08,1450
889,3.08,3.11,3.06,3.07,2600
890,3.08,3.08,3.08,3.08,1000
891,3.08,3.08,3.06,3.07,3300
892,3.08,3.08,3.06,3.08,600
893,3.1,3.11,3.07,3.08,1600
894,3.1,3.12,3.08,3.12,1100
895,3.09,3.11,3.08,3.11,2425
896,3.09,3.1,3.08,3.08,3256
897,3.08,3.095,3.08,3.09,700
898,3.07,3.085,3.05,3.08,4911
899,3.07,3.08,3.06,3.06,3733
900,3.0786,3.08,3.06,3.08,4400
901,3.07,3.085,3.06,3.06,5117
902,3.07,3.08,3.07,3.07,3200
903,3.07,3.08,3.05,3.07,31691
a1495546200,3.1,3.1,3.1,3.1,4376
1,3.1242,3.2,3.1,3.1,30700
2,3.14,3.22,3.13,3.14,2800
3,3.14,3.17,3.13,3.16,6371
4,3.13,3.14,3.1232,3.14,6500
5,3.16,3.16,3.13,3.14,5141
6,3.125,3.16,3.12,3.16,2610
7,3.15,3.15,3.12,3.14,1700
8,3.15,3.16,3.13,3.15,2500
9,3.15,3.18,3.15,3.16,11681
10,3.14,3.16,3.14,3.15,2400
11,3.14,3.14,3.12,3.14,1284
12,3.105,3.14,3.1,3.14,2700
13,3.11,3.11,3.1,3.1,1436
14,3.14,3.16,3.1,3.105,4980
15,3.1352,3.14,3.1175,3.14,3158
16,3.16,3.16,3.135,3.135,500
17,3.14,3.16,3.14,3.16,700
18,3.14,3.15,3.135,3.15,1800
19,3.11,3.15,3.11,3.145,3300
20,3.08,3.11,3.08,3.11,3498
21,3.095,3.095,3.09,3.09,400
22,3.13,3.13,3.095,3.095,4700
23,3.13,3.14,3.12,3.12,1600
24,3.13,3.135,3.125,3.135,1400
25,3.12,3.13,3.12,3.13,600
26,3.12,3.125,3.12,3.12,700
27,3.14,3.15,3.12,3.12,3530
28,3.11,3.135,3.11,3.13,1700
29,3.1,3.115,3.1,3.11,1900
30,3.1,3.11,3.1,3.1,1181
31,3.13,3.13,3.1,3.1,2400
32,3.16,3.18,3.13,3.13,5190
33,3.17,3.17,3.16,3.16,1200
34,3.17,3.18,3.17,3.18,2020
35,3.17,3.17,3.17,3.17,200
36,3.18,3.18,3.16,3.18,4600
37,3.18,3.18,3.16,3.17,3100
38,3.17,3.18,3.16,3.17,3500
39,3.17,3.18,3.16,3.172,33270
144,3.17,3.17,3.17,3.17,347
145,3.1,3.17,3.09,3.17,18070
146,3.12,3.1491,3.12,3.1491,691
147,3.156,3.182,3.12,3.12,11400
148,3.13,3.14,3.13,3.14,300
149,3.1,3.13,3.1,3.13,7032
150,3.15,3.177,3.12,3.13,1600
151,3.17,3.18,3.15,3.16,800
152,3.17,3.19,3.17,3.19,200
153,3.15,3.17,3.15,3.17,400
154,3.15,3.17,3.15,3.1622,1000
155,3.15,3.15,3.15,3.15,600
156,3.15,3.15,3.15,3.15,400
157,3.15,3.16,3.15,3.1548,5829
158,3.15,3.1501,3.15,3.1501,2900
159,3.1399,3.16,3.12,3.15,25681
160,3.11,3.14,3.11,3.12,17700
161,3.11,3.13,3.11,3.11,1620
162,3.16,3.16,3.11,3.11,4500
163,3.14,3.15,3.13,3.148,8388
164,3.14,3.15,3.13,3.145,1000
165,3.13,3.15,3.13,3.15,400
166,3.13,3.14,3.13,3.14,500
167,3.17,3.17,3.15,3.15,5100
168,3.15,3.18,3.12,3.18,1656
169,3.15,3.15,3.12,3.15,800
170,3.13,3.13,3.13,3.13,800
171,3.14,3.15,3.12,3.12,1000
172,3.15,3.15,3.13,3.13,2000
173,3.155,3.168,3.13,3.168,8966
174,3.17,3.17,3.13,3.15,1900
175,3.16,3.17,3.15,3.17,2821
176,3.15,3.17,3.15,3.17,1400
177,3.15,3.17,3.15,3.155,1600
178,3.15,3.16,3.15,3.16,1200
179,3.15,3.17,3.13,3.17,3149
180,3.12,3.14,3.12,3.13,1400
181,3.16,3.16,3.12,3.13,3039
182,3.13,3.17,3.12,3.17,5187
183,3.15,3.17,3.13,3.13,15952
288,3.15,3.15,3.15,3.15,537
290,3.1,3.11,3.07,3.1,9461
291,3.1464,3.1464,3.1464,3.1464,500
292,3.12,3.155,3.11,3.13,5600
293,3.2,3.2499,3.11,3.11,16396
294,3.2,3.21,3.2,3.21,400
295,3.175,3.2,3.16,3.2,5292
296,3.22,3.22,3.19,3.2,3500
297,3.22,3.22,3.22,3.22,1900
298,3.2,3.22,3.2,3.22,2565
299,3.2,3.205,3.2,3.2,1025
300,3.19,3.21,3.17,3.2,21100
301,3.2,3.21,3.19,3.19,11412
302,3.2,3.2,3.2,3.2,600
303,3.2,3.21,3.17,3.2096,14329
304,3.18,3.2,3.18,3.2,500
305,3.15,3.19,3.15,3.18,1500
306,3.15,3.15,3.15,3.15,200
307,3.15,3.15,3.15,3.15,700
308,3.11,3.15,3.11,3.15,5600
309,3.12,3.12,3.118,3.12,1075
310,3.13,3.13,3.114,3.12,1720
311,3.12,3.13,3.12,3.13,915
312,3.14,3.14,3.11,3.11,2100
313,3.12,3.15,3.12,3.15,200
314,3.12,3.125,3.11,3.125,600
315,3.12,3.13,3.11,3.13,900
316,3.11,3.13,3.11,3.11,2811
317,3.13,3.13,3.11,3.11,800
318,3.11,3.129,3.11,3.12,1300
319,3.14,3.14,3.11,3.13,2900
320,3.16,3.2,3.14,3.15,6000
321,3.16,3.2,3.16,3.18,2200
322,3.2,3.2,3.14,3.14,5300
323,3.2,3.2,3.19,3.19,2200
324,3.225,3.26,3.19,3.2,8800
325,3.21,3.24,3.21,3.21,4057
326,3.21,3.24,3.21,3.22,4200
327,3.23,3.25,3.2,3.21,25762
432,3.29,3.29,3.23,3.23,3020
433,3.35,3.379,3.28,3.28,11485
434,3.342,3.4399,3.33,3.3586,22942
435,3.3299,3.34,3.32,3.33,11036
436,3.33,3.35,3.32,3.32,3650
437,3.35,3.35,3.315,3.34,2606
438,3.32,3.34,3.31,3.31,3100
439,3.3299,3.33,3.311,3.32,3447
440,3.2829,3.33,3.2801,3.3299,11590
441,3.275,3.31,3.26,3.3099,4272
442,3.285,3.29,3.2699,3.2699,2400
443,3.25,3.285,3.25,3.285,10964
444,3.25,3.26,3.23,3.25,9476
445,3.25,3.28,3.24,3.25,7965
446,3.235,3.24,3.235,3.24,2219
447,3.235,3.24,3.23,3.2301,2200
448,3.25,3.25,3.22,3.235,8058
449,3.26,3.26,3.25,3.2505,1735
450,3.27,3.28,3.26,3.27,900
451,3.27,3.28,3.27,3.28,4200
452,3.27,3.275,3.27,3.2733,2800
453,3.27,3.3,3.26,3.26,6841
454,3.27,3.29,3.27,3.27,1600
455,3.26,3.28,3.26,3.27,22100
456,3.26,3.26,3.26,3.26,1220
457,3.285,3.29,3.25,3.25,3890
458,3.28,3.28,3.28,3.28,1000
459,3.28,3.2899,3.27,3.28,5200
460,3.25,3.28,3.2299,3.27,12769
461,3.2,3.2101,3.18,3.21,9320
462,3.23,3.24,3.2,3.2,22671
463,3.21,3.23,3.21,3.22,3300
464,3.2,3.24,3.2,3.23,3800
465,3.1915,3.2,3.1915,3.2,3300
466,3.19,3.21,3.185,3.21,2870
467,3.19,3.2,3.19,3.199,2486
468,3.19,3.19,3.16,3.19,3696
469,3.18,3.2,3.18,3.2,7000
470,3.19,3.2,3.18,3.185,1200
471,3.2,3.245,3.19,3.1924,79528
a1496151000,3.23,3.23,3.23,3.23,4776
1,3.21,3.25,3.2,3.23,6700
2,3.2,3.23,3.2,3.21,2700
3,3.18,3.2,3.16,3.2,11032
4,3.1804,3.2004,3.17,3.2004,4400
5,3.2,3.2,3.16,3.175,2700
6,3.26,3.26,3.2168,3.22,30256
7,3.23,3.2605,3.23,3.25,16731
8,3.25,3.29,3.24,3.25,9300
9,3.26,3.3,3.26,3.2628,34370
10,3.248,3.32,3.2443,3.25,36429
11,3.3,3.3,3.26,3.27,1906
12,3.26,3.3,3.25,3.3,27788
13,3.25,3.27,3.25,3.27,300
14,3.285,3.29,3.28,3.28,4500
15,3.29,3.31,3.285,3.2871,25034
16,3.32,3.34,3.31,3.31,4076
17,3.275,3.32,3.25,3.32,26659
18,3.275,3.2792,3.26,3.27,1400
19,3.3,3.3,3.27,3.275,1995
20,3.3266,3.3266,3.31,3.31,311
21,3.3001,3.34,3.3,3.31,8185
22,3.33,3.33,3.3,3.3,600
23,3.3,3.315,3.3,3.3,700
24,3.33,3.33,3.33,3.33,100
25,3.3,3.33,3.3,3.33,1700
26,3.32,3.33,3.3,3.32,3200
27,3.33,3.33,3.32,3.32,1601
28,3.31,3.324,3.31,3.324,3500
29,3.32,3.33,3.31,3.31,990
30,3.345,3.345,3.32,3.32,15156
31,3.34,3.35,3.34,3.35,3200
32,3.36,3.375,3.34,3.34,11611
33,3.38,3.38,3.36,3.36,6387
34,3.3482,3.38,3.345,3.38,24420
35,3.34,3.35,3.34,3.35,900
36,3.35,3.35,3.34,3.34,300
37,3.3257,3.35,3.31,3.34,9115
38,3.31,3.32,3.3,3.32,7375
39,3.29,3.31,3.29,3.31,31927
144,3.32,3.32,3.32,3.32,2453
145,3.29,3.29,3.29,3.29,1300
146,3.31,3.31,3.31,3.31,200
147,3.27,3.29,3.27,3.29,12499
148,3.23,3.28,3.22,3.26,6470
149,3.23,3.27,3.23,3.23,1950
150,3.22,3.23,3.22,3.23,5185
151,3.22,3.24,3.22,3.22,2700
152,3.22,3.2201,3.22,3.22,900
153,3.22,3.22,3.22,3.22,1459
154,3.2414,3.25,3.21,3.21,2600
155,3.24,3.24,3.23,3.23,300
156,3.25,3.25,3.23,3.23,300
157,3.23,3.2451,3.23,3.24,850
158,3.23,3.2499,3.23,3.24,902
159,3.231,3.231,3.23,3.23,1300
160,3.23,3.23,3.23,3.23,500
161,3.23,3.25,3.23,3.25,600
162,3.23,3.23,3.23,3.23,500
163,3.23,3.23,3.23,3.23,790
164,3.23,3.24,3.23,3.24,500
165,3.23,3.235,3.22,3.23,3877
166,3.24,3.2516,3.24,3.24,1582
167,3.24,3.26,3.24,3.26,500
168,3.25,3.25,3.245,3.245,300
169,3.2658,3.2658,3.2658,3.2658,500
170,3.23,3.26,3.23,3.26,1155
171,3.23,3.26,3.23,3.26,562
172,3.236,3.24,3.23,3.23,6900
173,3.2,3.22,3.2,3.22,8442
174,3.21,3.22,3.2,3.2,9626
175,3.22,3.22,3.2,3.2,523
176,3.22,3.22,3.22,3.22,300
177,3.2,3.22,3.2,3.22,11949
178,3.2168,3.22,3.2,3.2,1300
179,3.24,3.259,3.21,3.22,7100
180,3.24,3.25,3.24,3.24,500
181,3.25,3.26,3.24,3.24,3600
182,3.27,3.27,3.24,3.25,1700
183,3.28,3.29,3.26,3.26,15174
288,3.4,3.43,3.39,3.39,9041
289,3.36,3.43,3.346,3.43,53086
290,3.42,3.42,3.3499,3.35,32435
291,3.3901,3.43,3.37,3.42,33812
292,3.4,3.42,3.4,3.41,14651
293,3.43,3.45,3.3301,3.36,15578
294,3.4306,3.46,3.4,3.4,13558
295,3.44,3.44,3.41,3.43,2000
296,3.45,3.47,3.41,3.41,7009
297,3.47,3.47,3.45,3.451,18585
298,3.43,3.4668,3.43,3.4668,15476
299,3.41,3.45,3.41,3.4468,11495
300,3.4128,3.4222,3.4009,3.4222,10885
301,3.43,3.43,3.42,3.42,1300
302,3.42,3.44,3.42,3.44,6300
303,3.42,3.4295,3.42,3.42,5245
304,3.4001,3.4201,3.4,3.42,9800
305,3.429,3.429,3.4,3.405,5600
306,3.395,3.4232,3.39,3.4232,5765
307,3.39,3.39,3.36,3.39,3522
308,3.387,3.4,3.34,3.38,18334
309,3.3544,3.38,3.3509,3.38,5500
310,3.36,3.389,3.31,3.35,10978
311,3.37,3.37,3.37,3.37,100
312,3.36,3.38,3.35,3.35,1900
313,3.39,3.39,3.37,3.38,5683
314,3.41,3.42,3.38,3.3899,4749
315,3.41,3.4299,3.41,3.4199,3820
316,3.3961,3.41,3.37,3.41,4328
317,3.39,3.4199,3.39,3.4024,8005
318,3.45,3.45,3.39,3.41,5700
319,3.42,3.47,3.42,3.459,10899
320,3.42,3.439,3.42,3.428,2600
321,3.43,3.4499,3.42,3.44,4300
322,3.42,3.43,3.42,3.43,1500
323,3.4,3.42,3.4,3.42,1200
324,3.4,3.4,3.4,3.4,1646
325,3.41,3.41,3.39,3.39,2672
326,3.42,3.42,3.39,3.39,2217
327,3.41,3.42,3.4,3.42,16722
432,3.45,3.45,3.45,3.45,3926
433,3.4653,3.48,3.4316,3.4316,6495
434,3.48,3.48,3.4601,3.47,8946
435,3.46,3.48,3.45,3.48,6434
436,3.47,3.48,3.455,3.46,11700
437,3.4626,3.48,3.46,3.47,4100
438,3.42,3.46,3.41,3.46,7025
439,3.415,3.44,3.405,3.42,11760
440,3.415,3.42,3.41,3.42,13864
441,3.38,3.41,3.38,3.41,6784
442,3.39,3.39,3.38,3.39,6634
443,3.38,3.39,3.38,3.38,800
444,3.385,3.39,3.38,3.39,7400
445,3.39,3.4,3.39,3.39,5100
446,3.44,3.44,3.39,3.39,15228
447,3.43,3.44,3.43,3.435,2800
448,3.43,3.4376,3.42,3.4376,3645
449,3.44,3.44,3.42,3.42,1200
450,3.4594,3.47,3.43,3.43,2700
451,3.4782,3.4782,3.45,3.47,3400
452,3.46,3.48,3.46,3.4783,1200
453,3.45,3.46,3.45,3.45,13400
454,3.44,3.46,3.44,3.45,1869
455,3.45,3.46,3.43,3.44,11121
456,3.46,3.47,3.45,3.4616,546
457,3.46,3.47,3.46,3.47,3520
458,3.455,3.46,3.455,3.46,500
459,3.455,3.46,3.45,3.45,1755
460,3.46,3.46,3.43,3.45,2200
461,3.46,3.46,3.44,3.46,11480
462,3.46,3.48,3.46,3.4783,600
463,3.48,3.49,3.47,3.48,37630
464,3.48,3.49,3.47,3.48,13548
465,3.57,3.57,3.5,3.5,20723
466,3.57,3.58,3.56,3.57,10300
467,3.545,3.561,3.52,3.561,9733
468,3.57,3.57,3.53,3.55,2100
469,3.54,3.55,3.53,3.55,3300
470,3.53,3.55,3.53,3.53,5201
471,3.52,3.54,3.51,3.535,44641
864,3.58,3.58,3.58,3.58,6556
865,3.5,3.58,3.5,3.58,4670
866,3.47,3.49,3.45,3.48,2893
867,3.43,3.4799,3.43,3.4799,1810
868,3.455,3.46,3.4248,3.44,4189
869,3.4501,3.47,3.4501,3.47,3650
870,3.45,3.47,3.44,3.46,2400
871,3.425,3.47,3.39,3.44,83972
872,3.41,3.42,3.4,3.42,500
873,3.3701,3.39,3.37,3.39,4593
874,3.37,3.38,3.37,3.37,3038
875,3.39,3.4,3.37,3.37,1400
876,3.4,3.4,3.38,3.385,34400
877,3.4,3.41,3.38,3.3994,10784
878,3.395,3.405,3.39,3.4,5100
879,3.395,3.395,3.38,3.38,1000
880,3.39,3.41,3.39,3.395,5972
881,3.39,3.4,3.38,3.3999,8378
882,3.395,3.4,3.39,3.39,700
883,3.39,3.4,3.39,3.39,2000
884,3.39,3.4,3.39,3.4,300
885,3.385,3.39,3.38,3.39,1400
886,3.41,3.41,3.38,3.38,2000
887,3.38,3.4,3.38,3.39,1909
888,3.39,3.4,3.38,3.385,2600
889,3.39,3.4,3.39,3.39,2102
890,3.4,3.4,3.38,3.38,1100
891,3.38,3.41,3.38,3.4,2200
892,3.4,3.42,3.39,3.42,900
893,3.4,3.41,3.38,3.39,2400
894,3.41,3.42,3.39,3.41,2350
895,3.39,3.41,3.39,3.4,2400
896,3.38,3.39,3.38,3.385,700
897,3.41,3.4163,3.38,3.39,3773
898,3.4,3.4152,3.39,3.4152,5186
899,3.39,3.4,3.39,3.4,1300
900,3.42,3.43,3.3954,3.4,5500
901,3.42,3.43,3.39,3.42,5862
902,3.45,3.45,3.42,3.42,4783
903,3.46,3.47,3.42,3.45,20647
a1496755800,3.44,3.44,3.44,3.44,1109
1,3.42,3.42,3.36,3.38,2006
2,3.5,3.53,3.44,3.44,11589
3,3.5,3.505,3.48,3.5,8500
4,3.5,3.51,3.5,3.5,15052
5,3.43,3.5,3.42,3.5,6043
6,3.46,3.51,3.43,3.4357,20851
7,3.42,3.5,3.42,3.49,16600
8,3.4201,3.44,3.42,3.42,1000
9,3.4165,3.426,3.41,3.42,7277
10,3.44,3.44,3.4,3.41,5300
11,3.46,3.46,3.45,3.45,1200
12,3.45,3.46,3.45,3.46,4290
13,3.43,3.46,3.43,3.45,5172
14,3.41,3.44,3.41,3.44,1300
15,3.415,3.42,3.4,3.42,11240
16,3.42,3.44,3.41,3.42,1000
17,3.43,3.44,3.425,3.425,800
18,3.46,3.46,3.44,3.4485,1200
19,3.41,3.4426,3.41,3.44,4488
20,3.42,3.42,3.42,3.42,300
21,3.42,3.43,3.41,3.41,600
22,3.41,3.4268,3.41,3.41,2500
23,3.41,3.41,3.41,3.41,100
24,3.37,3.41,3.37,3.41,3600
25,3.37,3.38,3.36,3.37,3179
27,3.37,3.38,3.36,3.36,1900
28,3.38,3.3949,3.37,3.37,2473
29,3.3701,3.39,3.37,3.38,1700
30,3.3701,3.3701,3.3701,3.3701,600
31,3.38,3.39,3.37,3.37,1700
32,3.37,3.38,3.37,3.37,800
33,3.3828,3.39,3.37,3.39,3454
34,3.39,3.4,3.38,3.39,1901
35,3.39,3.39,3.39,3.39,100
36,3.4,3.4,3.385,3.385,2831
37,3.44,3.46,3.3999,3.3999,51069
38,3.4699,3.47,3.421,3.4699,10111
39,3.5,3.5,3.46,3.47,26120
144,3.5,3.5,3.5,3.5,2015
145,3.41,3.45,3.38,3.45,900
146,3.37,3.4,3.37,3.37,709
147,3.46,3.46,3.39,3.39,2072
148,3.42,3.43,3.39,3.42,500
149,3.4399,3.44,3.42,3.43,500
150,3.43,3.43,3.42,3.4268,3300
151,3.4,3.42,3.4,3.42,4000
152,3.39,3.4,3.37,3.4,9466
153,3.405,3.405,3.37,3.38,1400
154,3.41,3.4299,3.41,3.4199,895
155,3.41,3.43,3.41,3.43,971
156,3.44,3.45,3.42,3.42,3261
157,3.41,3.4499,3.41,3.41,700
158,3.42,3.44,3.42,3.43,1100
159,3.4299,3.4299,3.4,3.42,600
160,3.39,3.42,3.39,3.41,1800
161,3.39,3.405,3.39,3.405,400
162,3.39,3.4099,3.385,3.4,1300
163,3.38,3.4,3.38,3.3999,400
164,3.38,3.4,3.38,3.3834,2110
165,3.3799,3.38,3.37,3.38,6180
166,3.42,3.44,3.37,3.3799,6331
167,3.44,3.44,3.42,3.43,800
168,3.44,3.44,3.41,3.42,3500
169,3.43,3.44,3.4252,3.4252,1900
170,3.44,3.44,3.41,3.41,2900
171,3.4,3.44,3.4,3.44,2116
172,3.4,3.41,3.39,3.4036,3512
173,3.41,3.4199,3.405,3.4199,400
174,3.44,3.44,3.4,3.4,3600
175,3.46,3.46,3.43,3.44,4200
176,3.46,3.46,3.45,3.4599,900
177,3.49,3.5,3.46,3.46,8820
178,3.49,3.5,3.48,3.49,4100
179,3.54,3.54,3.5,3.5,11416
180,3.4999,3.53,3.495,3.53,6258
181,3.49,3.5,3.49,3.495,4570
182,3.49,3.5,3.48,3.49,3100
183,3.52,3.53,3.49,3.49,43837
288,3.52,3.52,3.52,3.52,2801
289,3.431,3.4802,3.38,3.48,15316
290,3.4765,3.4765,3.42,3.42,3740
291,3.48,3.4999,3.4645,3.499,1056
292,3.48,3.48,3.45,3.47,800
293,3.49,3.49,3.48,3.48,600
294,3.48,3.4999,3.47,3.4999,950
295,3.465,3.465,3.465,3.465,200
296,3.51,3.51,3.48,3.48,931
297,3.5164,3.52,3.51,3.51,4530
298,3.52,3.52,3.5126,3.52,6925
299,3.52,3.53,3.52,3.53,300
300,3.52,3.53,3.52,3.53,700
301,3.53,3.53,3.53,3.53,2301
302,3.54,3.54,3.52,3.54,6800
303,3.5371,3.55,3.5371,3.54,6200
304,3.535,3.5399,3.53,3.53,1200
305,3.54,3.55,3.53,3.54,13261
306,3.55,3.55,3.54,3.54,1200
307,3.52,3.55,3.52,3.54,11399
308,3.52,3.52,3.51,3.51,1500
309,3.52,3.53,3.52,3.53,800
310,3.53,3.53,3.52,3.52,800
311,3.54,3.55,3.54,3.55,5303
312,3.52,3.545,3.52,3.545,1435
313,3.5336,3.54,3.52,3.5299,4789
314,3.53,3.53,3.52,3.53,2100
315,3.57,3.58,3.53,3.54,96522
316,3.58,3.58,3.5601,3.5726,16632
317,3.55,3.57,3.55,3.56,3500
318,3.56,3.58,3.56,3.56,8200
319,3.565,3.58,3.561,3.58,3110
320,3.565,3.57,3.56,3.56,1000
321,3.565,3.57,3.56,3.57,2502
322,3.57,3.57,3.56,3.565,778
323,3.565,3.57,3.56,3.565,1400
324,3.58,3.58,3.56,3.565,9124
325,3.5885,3.6,3.58,3.58,11679
326,3.58,3.59,3.58,3.59,1400
327,3.59,3.6,3.58,3.58,33994
432,3.61,3.61,3.61,3.61,1465
433,3.58,3.58,3.58,3.58,300
434,3.54,3.55,3.53,3.55,883
435,3.51,3.5302,3.5,3.53,7341
436,3.5302,3.54,3.48,3.5,10309
437,3.55,3.55,3.55,3.55,980
438,3.56,3.59,3.56,3.56,1500
439,3.55,3.5787,3.55,3.55,2380
440,3.5816,3.596,3.55,3.55,2700
441,3.5886,3.59,3.57,3.57,822
442,3.57,3.592,3.57,3.585,1150
443,3.58,3.59,3.56,3.58,2650
444,3.59,3.59,3.56,3.56,2706
445,3.5754,3.59,3.5754,3.59,2700
446,3.57,3.59,3.57,3.59,2100
447,3.6,3.6,3.57,3.59,10400
448,3.5803,3.5871,3.565,3.58,23043
449,3.59,3.59,3.57,3.5877,6735
450,3.59,3.6,3.58,3.59,900
451,3.6,3.61,3.59,3.59,3700
452,3.61,3.61,3.59,3.6,4640
453,3.58,3.6,3.58,3.6,3000
454,3.58,3.61,3.57,3.58,2073
455,3.58,3.59,3.57,3.58,6509
456,3.6,3.6,3.59,3.6,1297
457,3.6,3.6,3.59,3.6,1200
458,3.59,3.6,3.58,3.59,8676
460,3.5967,3.6,3.59,3.6,900
461,3.6,3.608,3.6,3.6,653
462,3.6099,3.61,3.595,3.595,2967
463,3.61,3.61,3.6,3.6,1500
464,3.6,3.61,3.6,3.61,1667
465,3.59,3.61,3.59,3.6,5860
466,3.58,3.599,3.56,3.5846,3349
467,3.57,3.59,3.57,3.57,600
468,3.56,3.5858,3.54,3.5858,2958
469,3.55,3.55,3.54,3.55,2900
470,3.57,3.58,3.55,3.55,7700
471,3.54,3.5756,3.515,3.5756,38719
864,3.55,3.55,3.55,3.55,2315
865,3.51,3.54,3.5,3.54,18701
866,3.49,3.53,3.48,3.51,9605
867,3.485,3.4985,3.47,3.49,5042
868,3.49,3.5,3.48,3.485,1600
869,3.5,3.5,3.49,3.49,500
870,3.48,3.5,3.48,3.49,2800
871,3.53,3.53,3.48,3.49,9550
872,3.5399,3.5399,3.51,3.51,3334
873,3.522,3.53,3.52,3.52,2950
874,3.51,3.5299,3.51,3.51,2859
875,3.5,3.52,3.5,3.5,5300
876,3.5,3.51,3.491,3.5,2929
877,3.51,3.51,3.5,3.51,1300
878,3.52,3.52,3.5,3.51,1695
879,3.51,3.52,3.5,3.51,1700
880,3.5,3.52,3.5,3.52,900
881,3.41,3.505,3.37,3.505,63520
882,3.4008,3.415,3.39,3.41,4624
883,3.3789,3.39,3.36,3.38,3285
884,3.4,3.4083,3.36,3.36,4091
885,3.4,3.418,3.38,3.39,1073
886,3.43,3.43,3.4166,3.4166,1900
887,3.43,3.43,3.42,3.42,400
888,3.42,3.43,3.42,3.43,1700
889,3.42,3.43,3.42,3.42,5400
890,3.4001,3.43,3.4,3.425,3502
891,3.38,3.395,3.38,3.395,2300
892,3.37,3.4,3.37,3.4,8101
893,3.37,3.38,3.37,3.37,1200
894,3.38,3.38,3.37,3.37,2430
895,3.375,3.38,3.37,3.38,2400
896,3.352,3.38,3.34,3.38,17039
897,3.37,3.37,3.34,3.34,15552
898,3.36,3.37,3.36,3.36,3680
899,3.37,3.37,3.36,3.36,2266
900,3.36,3.37,3.36,3.37,6700
901,3.34,3.37,3.33,3.37,26875
902,3.33,3.35,3.33,3.34,5975
903,3.33,3.36,3.31,3.33,29879
a1497360600,3.27,3.27,3.27,3.27,9971
1,3.31,3.32,3.28,3.28,11941
2,3.28,3.3,3.27,3.27,1100
3,3.3,3.31,3.26,3.2885,8820
4,3.31,3.31,3.2901,3.31,3250
5,3.3,3.31,3.29,3.31,1100
6,3.29,3.3,3.29,3.29,4868
7,3.3,3.3,3.29,3.3,2325
8,3.3499,3.35,3.3,3.3099,8467
9,3.34,3.345,3.316,3.345,1500
10,3.34,3.34,3.33,3.34,3025
11,3.33,3.3399,3.33,3.33,600
12,3.33,3.34,3.33,3.34,1000
13,3.33,3.33,3.32,3.3299,2100
14,3.325,3.33,3.32,3.325,9900
15,3.31,3.33,3.29,3.32,7000
16,3.29,3.3,3.29,3.29,700
17,3.2999,3.31,3.29,3.29,2141
18,3.3075,3.31,3.3,3.3,2090
19,3.31,3.31,3.3,3.31,500
20,3.33,3.33,3.3,3.305,3400
21,3.34,3.34,3.3215,3.3215,1400
22,3.335,3.34,3.335,3.34,300
23,3.335,3.34,3.335,3.3399,400
24,3.341,3.35,3.34,3.34,2800
25,3.335,3.345,3.335,3.34,1100
26,3.335,3.34,3.33,3.3379,900
27,3.34,3.34,3.33,3.3399,700
28,3.38,3.39,3.34,3.34,3900
29,3.38,3.39,3.37,3.39,1910
30,3.36,3.37,3.36,3.3699,1300
31,3.3699,3.37,3.35,3.3699,550
32,3.36,3.37,3.36,3.37,500
33,3.355,3.36,3.35,3.3599,2300
34,3.365,3.365,3.3599,3.36,1708
35,3.3661,3.37,3.36,3.37,1100
36,3.37,3.37,3.36,3.365,1933
37,3.36,3.37,3.36,3.3699,1300
38,3.37,3.37,3.36,3.37,8114
39,3.36,3.37,3.36,3.3649,16987
144,3.38,3.38,3.38,3.38,1943
145,3.32,3.37,3.31,3.36,7394
146,3.32,3.32,3.31,3.315,800
147,3.2695,3.32,3.26,3.32,38854
148,3.23,3.26,3.22,3.26,13151
149,3.2249,3.25,3.2249,3.24,18095
150,3.24,3.26,3.22,3.23,3632
151,3.255,3.26,3.24,3.2447,1010
152,3.27,3.27,3.255,3.255,932
153,3.27,3.275,3.25,3.27,3750
154,3.27,3.29,3.26,3.26,900
155,3.28,3.28,3.27,3.2716,1700
156,3.3,3.31,3.28,3.28,1300
157,3.3,3.3,3.27,3.27,300
158,3.32,3.32,3.29,3.31,1400
159,3.31,3.32,3.29,3.32,2378
160,3.31,3.31,3.305,3.31,600
161,3.3,3.32,3.3,3.3016,1650
162,3.32,3.32,3.31,3.31,2400
163,3.32,3.33,3.31,3.32,860
164,3.31,3.33,3.31,3.33,900
165,3.32,3.32,3.31,3.31,800
166,3.32,3.33,3.3,3.32,700
167,3.33,3.33,3.315,3.315,900
168,3.33,3.33,3.32,3.32,900
169,3.33,3.33,3.32,3.32,700
170,3.325,3.33,3.32,3.325,850
171,3.32,3.33,3.32,3.325,800
172,3.34,3.34,3.325,3.33,6500
173,3.34,3.35,3.33,3.34,1900
174,3.35,3.35,3.34,3.34,800
175,3.35,3.35,3.34,3.34,1200
176,3.33,3.35,3.32,3.34,1500
177,3.3208,3.33,3.32,3.33,2448
178,3.33,3.33,3.32,3.33,1200
179,3.325,3.33,3.32,3.32,1200
180,3.32,3.325,3.31,3.32,1400
181,3.32,3.32,3.31,3.31,2120
182,3.3111,3.33,3.31,3.32,13546
183,3.32,3.32,3.31,3.31,10841
288,3.27,3.27,3.27,3.27,586
289,3.274,3.2869,3.26,3.27,2734
290,3.37,3.37,3.28,3.28,4712
291,3.4,3.4,3.361,3.37,3191
292,3.41,3.42,3.4,3.4,2713
293,3.43,3.4355,3.41,3.41,2676
294,3.47,3.48,3.4354,3.44,10513
295,3.49,3.49,3.46,3.48,8593
296,3.44,3.49,3.42,3.49,2800
297,3.44,3.44,3.42,3.43,1550
298,3.41,3.43,3.4,3.42,1700
299,3.42,3.42,3.41,3.41,500
300,3.4,3.44,3.4,3.42,5882
301,3.41,3.42,3.41,3.42,600
302,3.41,3.42,3.4,3.41,900
303,3.42,3.42,3.4,3.41,1200
304,3.385,3.42,3.38,3.42,4867
305,3.38,3.39,3.38,3.39,1100
306,3.38,3.39,3.35,3.38,4678
307,3.36,3.37,3.34,3.37,500
308,3.335,3.355,3.32,3.355,1261
309,3.3301,3.34,3.32,3.32,1700
310,3.34,3.34,3.33,3.33,800
311,3.33,3.34,3.32,3.34,700
312,3.34,3.34,3.34,3.34,2500
313,3.33,3.35,3.33,3.34,400
314,3.34,3.34,3.34,3.34,300
315,3.34,3.34,3.335,3.34,700
316,3.35,3.35,3.34,3.34,1100
317,3.35,3.35,3.33,3.3418,2224
318,3.35,3.35,3.33,3.34,900
319,3.33,3.34,3.33,3.335,1745
320,3.33,3.33,3.325,3.325,5500
321,3.34,3.34,3.325,3.325,1599
322,3.33,3.34,3.32,3.34,3545
323,3.34,3.34,3.33,3.34,2200
324,3.34,3.34,3.33,3.34,1700
325,3.34,3.35,3.34,3.34,1900
326,3.33,3.34,3.33,3.33,6322
327,3.34,3.35,3.33,3.33,8994
432,3.28,3.28,3.28,3.28,50616
433,3.27,3.3067,3.27,3.28,2331
434,3.2696,3.2891,3.26,3.2891,2202
435,3.31,3.31,3.27,3.27,3005
436,3.33,3.33,3.29,3.29,2000
437,3.32,3.33,3.31,3.3286,2439
438,3.33,3.33,3.32,3.32,2651
439,3.35,3.35,3.33,3.35,1125
440,3.335,3.35,3.33,3.35,1500
441,3.32,3.34,3.31,3.34,989
442,3.3,3.31,3.29,3.31,2200
443,3.3,3.3,3.29,3.3,3015
444,3.32,3.33,3.29,3.3,2456
445,3.29,3.32,3.29,3.31,1000
446,3.28,3.31,3.28,3.31,600
447,3.31,3.32,3.285,3.285,1700
448,3.33,3.34,3.31,3.31,3400
449,3.33,3.33,3.32,3.32,2500
450,3.35,3.35,3.32,3.32,900
451,3.35,3.35,3.32,3.3499,1100
452,3.335,3.35,3.32,3.33,1500
453,3.36,3.37,3.33,3.3402,4700
454,3.4,3.4,3.36,3.36,6900
455,3.39,3.395,3.36,3.39,1850
456,3.36,3.39,3.36,3.37,700
457,3.36,3.39,3.36,3.39,900
458,3.36,3.38,3.36,3.375,1000
459,3.38,3.38,3.36,3.37,900
460,3.38,3.38,3.37,3.38,2316
461,3.4014,3.42,3.38,3.39,4700
462,3.4,3.4,3.38,3.39,2300
463,3.385,3.39,3.38,3.38,1000
464,3.3899,3.4,3.38,3.39,1900
465,3.39,3.39,3.38,3.385,1900
466,3.395,3.4,3.39,3.39,800
467,3.38,3.4,3.38,3.4,1300
468,3.375,3.39,3.37,3.385,1000
469,3.375,3.38,3.37,3.371,2967
470,3.35,3.3762,3.34,3.3762,25478
471,3.34,3.35,3.31,3.35,57668
864,3.36,3.36,3.36,3.36,204
865,3.355,3.4,3.3,3.348,10880
866,3.37,3.404,3.34,3.389,2900
867,3.34,3.37,3.34,3.36,3800
868,3.35,3.36,3.34,3.3482,1967
869,3.35,3.36,3.34,3.35,700
870,3.36,3.36,3.331,3.34,6200
871,3.37,3.38,3.36,3.36,600
872,3.355,3.365,3.355,3.365,500
873,3.34,3.37,3.34,3.37,800
874,3.35,3.35,3.34,3.35,700
875,3.355,3.36,3.35,3.36,2200
876,3.355,3.36,3.35,3.355,400
877,3.42,3.45,3.36,3.36,27850
878,3.505,3.525,3.435,3.45,58233
879,3.4869,3.5199,3.47,3.51,8234
880,3.485,3.5,3.4715,3.49,5000
881,3.45,3.48,3.45,3.47,6053
882,3.43,3.44,3.43,3.43,2600
883,3.43,3.46,3.43,3.44,1700
884,3.4564,3.46,3.44,3.46,2000
885,3.51,3.52,3.44,3.46,4318
886,3.504,3.52,3.49,3.52,7000
887,3.53,3.54,3.5006,3.52,4046
888,3.572,3.59,3.52,3.53,46316
889,3.5799,3.59,3.55,3.5654,9500
890,3.59,3.59,3.57,3.57,2234
891,3.58,3.59,3.57,3.59,2454
892,3.58,3.59,3.57,3.58,7300
893,3.555,3.58,3.55,3.5704,3478
894,3.53,3.56,3.53,3.55,4873
895,3.525,3.54,3.52,3.5317,1400
896,3.52,3.53,3.52,3.52,2400
897,3.5136,3.53,3.51,3.53,8068
898,3.51,3.515,3.503,3.5105,6976
899,3.52,3.52,3.504,3.505,2420
900,3.55,3.55,3.52,3.52,5418
901,3.54,3.55,3.54,3.55,2200
902,3.55,3.55,3.54,3.54,3604
903,3.54,3.55,3.53,3.53,13475
a1497965400,3.52,3.52,3.52,3.52,5488
1,3.4999,3.5,3.46,3.5,7605
2,3.495,3.5,3.47,3.48,2443
3,3.51,3.51,3.495,3.5,7805
4,3.49,3.515,3.49,3.515,2900
5,3.5,3.51,3.49,3.49,1000
6,3.48,3.49,3.465,3.49,7158
7,3.47,3.49,3.47,3.48,6708
8,3.48,3.49,3.46,3.47,7367
9,3.53,3.55,3.48,3.5,20175
10,3.5553,3.56,3.545,3.55,6000
11,3.65,3.65,3.555,3.56,73123
12,3.61,3.6499,3.6,3.6499,70166
13,3.6,3.64,3.6,3.61,7100
14,3.582,3.61,3.58,3.6,6124
15,3.585,3.59,3.58,3.59,2169
16,3.6031,3.6064,3.58,3.58,4544
17,3.6,3.61,3.59,3.605,3100
18,3.6,3.61,3.5893,3.61,3200
19,3.5801,3.62,3.58,3.61,28008
20,3.56,3.579,3.56,3.579,6600
21,3.55,3.565,3.55,3.56,2200
22,3.55,3.57,3.55,3.557,1300
23,3.6,3.6,3.55,3.5632,7325
24,3.5901,3.595,3.59,3.595,6800
25,3.61,3.61,3.59,3.59,4757
26,3.58,3.61,3.58,3.6,1481
27,3.58,3.59,3.58,3.582,467
28,3.59,3.6,3.58,3.6,1300
29,3.61,3.61,3.59,3.59,2150
30,3.5854,3.615,3.5834,3.61,9000
31,3.6,3.6,3.58,3.58,3100
32,3.58,3.6,3.57,3.6,8378
33,3.585,3.59,3.58,3.58,1500
34,3.585,3.59,3.58,3.585,5200
35,3.585,3.59,3.58,3.585,4533
36,3.58,3.59,3.58,3.58,14253
37,3.61,3.61,3.58,3.58,7900
38,3.6,3.61,3.6,3.61,5667
39,3.59,3.61,3.59,3.61,16366
144,3.62,3.62,3.62,3.62,1388
145,3.6,3.606,3.58,3.606,1768
146,3.59,3.6,3.58,3.5832,1722
147,3.61,3.61,3.59,3.6,3188
148,3.605,3.605,3.605,3.605,200
149,3.665,3.67,3.61,3.61,90711
150,3.68,3.68,3.6699,3.67,24066
151,3.72,3.72,3.67,3.68,30288
152,3.7701,3.78,3.7111,3.72,25270
153,3.7549,3.83,3.74,3.78,55978
154,3.79,3.8,3.741,3.748,10983
155,3.75,3.79,3.74,3.785,9451
156,3.75,3.76,3.72,3.76,17094
157,3.77,3.77,3.76,3.77,9165
158,3.75,3.77,3.74,3.77,13550
159,3.74,3.76,3.74,3.752,16840
160,3.76,3.76,3.725,3.745,9942
161,3.7447,3.76,3.74,3.76,6878
162,3.745,3.75,3.74,3.7499,2234
163,3.745,3.745,3.73,3.74,8700
164,3.75,3.75,3.7499,3.75,563
165,3.7267,3.75,3.7267,3.7499,20405
166,3.7,3.725,3.7,3.725,1914
167,3.72,3.7356,3.71,3.7199,8631
168,3.73,3.73,3.725,3.7299,1000
169,3.72,3.73,3.72,3.7299,400
170,3.73,3.73,3.72,3.7299,1400
171,3.71,3.7399,3.7045,3.7299,2600
172,3.7399,3.7399,3.71,3.71,3900
173,3.7399,3.74,3.73,3.73,6141
174,3.75,3.75,3.7361,3.7361,18529
175,3.76,3.76,3.75,3.75,6417
176,3.76,3.76,3.75,3.76,4800
177,3.76,3.76,3.7508,3.76,4330
178,3.77,3.77,3.76,3.76,11168
179,3.77,3.77,3.76,3.77,9729
180,3.75,3.77,3.75,3.77,10714
181,3.76,3.77,3.75,3.75,11515
182,3.75,3.77,3.73,3.76,11158
183,3.75,3.76,3.74,3.746,36972
288,3.75,3.75,3.75,3.75,2612
289,3.731,3.749,3.71,3.71,6430
290,3.718,3.77,3.7,3.73,4100
291,3.72,3.7552,3.7,3.7,12643
292,3.75,3.75,3.691,3.72,6303
293,3.748,3.77,3.71,3.73,5680
294,3.739,3.748,3.71,3.748,9400
295,3.73,3.74,3.72,3.73,4924
296,3.71,3.7301,3.7,3.73,2909
297,3.71,3.71,3.69,3.71,2400
298,3.75,3.75,3.705,3.705,11989
299,3.74,3.75,3.73,3.73,4118
300,3.75,3.75,3.745,3.75,1700
301,3.75,3.75,3.74,3.7466,6440
302,3.74,3.75,3.74,3.74,5200
303,3.74,3.7488,3.73,3.745,4328
304,3.75,3.75,3.73,3.735,5117
305,3.75,3.75,3.74,3.75,5400
306,3.75,3.75,3.74,3.75,5200
307,3.8,3.82,3.75,3.75,66522
308,3.82,3.82,3.8,3.8,7400
309,3.9399,3.95,3.82,3.82,64917
310,3.93,3.94,3.9,3.93,18369
311,3.94,3.94,3.92,3.93,6535
312,3.9047,3.95,3.9047,3.92,5818
313,3.91,3.93,3.9,3.929,11780
314,3.8747,3.93,3.8625,3.9051,17034
315,3.838,3.87,3.8299,3.8601,14498
316,3.8379,3.84,3.815,3.82,5042
317,3.82,3.84,3.82,3.835,5825
318,3.84,3.84,3.82,3.84,2500
319,3.81,3.839,3.81,3.8355,6200
320,3.77,3.81,3.71,3.81,27340
321,3.7,3.768,3.65,3.768,22900
322,3.68,3.77,3.68,3.71,7373
323,3.65,3.7,3.64,3.69,10798
324,3.6,3.66,3.6,3.65,31465
325,3.665,3.685,3.61,3.62,11747
326,3.66,3.67,3.63,3.6601,11917
327,3.66,3.67,3.63,3.67,33543
432,3.66,3.66,3.66,3.66,600
433,3.65,3.69,3.6355,3.69,5247
434,3.62,3.65,3.6,3.64,2300
435,3.63,3.63,3.62,3.63,3200
436,3.67,3.69,3.62,3.62,7073
437,3.775,3.78,3.685,3.6863,23554
438,3.77,3.8,3.76,3.78,13434
439,3.7178,3.79,3.7178,3.78,6500
440,3.75,3.75,3.72,3.72,800
441,3.7351,3.76,3.73,3.76,5500
442,3.72,3.7365,3.71,3.73,9003
443,3.71,3.72,3.6911,3.71,3600
444,3.71,3.72,3.7001,3.71,1500
445,3.715,3.72,3.71,3.71,1600
446,3.78,3.78,3.71,3.715,7210
447,3.79,3.79,3.775,3.78,7225
448,3.795,3.8,3.79,3.79,7177
449,3.775,3.8,3.77,3.8,10861
450,3.73,3.7799,3.73,3.7799,3500
451,3.72,3.74,3.71,3.74,1500
452,3.71,3.72,3.71,3.71,3267
453,3.71,3.72,3.7,3.71,4702
454,3.705,3.71,3.7,3.7,2800
455,3.68,3.73,3.68,3.705,15239
456,3.685,3.685,3.67,3.68,1500
457,3.685,3.69,3.68,3.685,1200
458,3.73,3.73,3.68,3.68,14052
459,3.7,3.73,3.7,3.72,6920
460,3.71,3.72,3.7,3.705,6452
461,3.7,3.72,3.7,3.71,3156
462,3.7,3.71,3.68,3.7,2800
463,3.7,3.71,3.68,3.71,2700
464,3.71,3.71,3.69,3.7,2000
465,3.69,3.715,3.69,3.7,14727
466,3.6923,3.7,3.67,3.6712,17300
467,3.67,3.705,3.67,3.7,6900
468,3.67,3.68,3.67,3.675,5670
469,3.715,3.72,3.67,3.675,10400
470,3.67,3.73,3.67,3.715,15701
471,3.62,3.725,3.61,3.725,1989678
864,3.68,3.68,3.68,3.68,3589
865,3.67,3.72,3.65,3.68,23624
866,3.615,3.73,3.615,3.67,23928
867,3.6392,3.64,3.62,3.63,4680
868,3.6975,3.6975,3.6266,3.63,26552
869,3.68,3.7,3.67,3.7,6800
870,3.64,3.68,3.64,3.68,8891
871,3.6497,3.67,3.64,3.64,39957
872,3.685,3.685,3.645,3.645,10265
873,3.7,3.71,3.68,3.68,4015
874,3.74,3.75,3.69,3.69,28514
875,3.73,3.74,3.72,3.725,7119
876,3.74,3.75,3.73,3.74,6390
877,3.79,3.79,3.735,3.735,19379
878,3.87,3.9,3.78,3.78,144926
879,3.8505,3.9,3.8505,3.87,9800
880,3.82,3.8492,3.82,3.84,17215
881,3.85,3.8551,3.82,3.82,3900
882,3.87,3.87,3.83,3.85,25225
883,3.94,3.97,3.86,3.87,57456
884,3.92,3.96,3.885,3.95,28008
885,3.94,3.95,3.925,3.93,18350
886,3.93,3.945,3.91,3.94,9600
887,3.93,3.93,3.89,3.92,7600
888,3.92,3.93,3.86,3.915,7800
889,3.92,3.94,3.91,3.91,15579
890,3.96,3.96,3.9208,3.94,28342
891,3.89,4,3.89,3.96,36962
892,3.92,3.96,3.85,3.88,16050
893,3.91,3.95,3.91,3.95,13299
894,3.86,3.91,3.86,3.88,4100
895,3.92,3.92,3.8611,3.88,9100
896,3.94,3.94,3.91,3.92,18044
897,3.95,3.95,3.93,3.94,10957
898,3.9474,3.99,3.944,3.95,17949
899,3.97,3.97,3.93,3.95,18482
900,3.95,3.97,3.95,3.97,4900
901,3.95,3.97,3.94,3.95,10102
902,3.92,3.96,3.91,3.93,40177
903,3.96,3.97,3.93,3.93,37602
a1498570200,3.96,3.96,3.96,3.96,5371
1,4.13,4.13,3.966,3.98,37703
2,4.15,4.19,4.05,4.0778,50880
3,4.0764,4.14,4.05,4.09,30303
4,4.0732,4.14,4.02,4.06,23588
5,4.1082,4.1399,4.09,4.1,16502
6,4.1286,4.13,4.09,4.119,6189
7,4.1199,4.12,4.09,4.11,10754
8,4.1,4.12,4.08,4.111,18359
9,4.09,4.12,4.08,4.08,9250
10,4.09,4.1,4.08,4.1,5187
11,4.08,4.09,4.07,4.0801,12498
12,4.08,4.11,4.08,4.08,17925
13,4.15,4.15,4.0807,4.0807,31293
14,4.156,4.16,4.12,4.13,21639
15,4.18,4.19,4.14,4.1559,32530
16,4.1801,4.19,4.18,4.1861,11050
17,4.11,4.1895,4.11,4.18,16100
18,4.1563,4.19,4.1072,4.1072,4167
19,4.14,4.17,4.14,4.17,800
20,4.18,4.18,4.14,4.17,5589
21,4.12,4.17,4.12,4.16,1517
22,4.11,4.1579,4.11,4.14,3205
23,4.0932,4.11,4.09,4.1099,5800
24,4.1,4.1085,4.09,4.1038,9801
25,4.1,4.1279,4.1,4.103,2725
26,4.0899,4.105,4.08,4.09,9578
27,4.05,4.09,4.05,4.09,23468
28,4.04,4.0599,4.04,4.05,4276
29,4.01,4.04,4.01,4.0354,10650
30,3.99,4,3.99,4,600
31,3.96,4,3.96,3.99,9910
32,3.9334,3.96,3.93,3.96,11745
33,3.8501,3.9355,3.85,3.9355,30454
34,3.92,3.92,3.86,3.86,11300
35,3.93,3.93,3.908,3.908,7654
36,3.94,3.954,3.9299,3.9299,7556
37,3.92,3.94,3.92,3.9301,8556
38,3.87,3.93,3.87,3.93,20939
39,3.82,3.88,3.81,3.879,30710
144,3.82,3.82,3.82,3.82,1801
145,3.89,3.89,3.7848,3.82,18650
146,3.86,3.9061,3.86,3.8999,11292
147,3.82,3.8617,3.82,3.86,6861
148,3.8,3.837,3.79,3.81,7666
149,3.81,3.83,3.79,3.79,15417
150,3.82,3.8375,3.82,3.8293,3800
151,3.8,3.829,3.79,3.829,8500
152,3.7901,3.8,3.79,3.79,2700
153,3.79,3.81,3.79,3.79,17250
154,3.79,3.8,3.79,3.79,3372
155,3.75,3.8,3.75,3.7967,27405
156,3.75,3.77,3.75,3.75,4000
157,3.73,3.7595,3.71,3.75,8572
158,3.72,3.7452,3.72,3.7244,8488
159,3.66,3.725,3.66,3.725,10286
160,3.73,3.7399,3.65,3.66,14883
161,3.77,3.7912,3.73,3.73,5250
162,3.8,3.83,3.79,3.81,9400
163,3.81,3.82,3.79,3.79,8300
164,3.81,3.8351,3.8075,3.81,5288
165,3.83,3.83,3.8,3.82,1100
166,3.76,3.83,3.76,3.83,7329
167,3.75,3.76,3.75,3.76,900
168,3.78,3.795,3.76,3.76,1100
169,3.73,3.8,3.73,3.77,11901
170,3.68,3.755,3.67,3.755,1300
171,3.71,3.7382,3.71,3.72,3300
172,3.71,3.74,3.68,3.71,2100
173,3.72,3.72,3.72,3.72,500
174,3.72,3.7562,3.72,3.72,2602
175,3.74,3.7499,3.72,3.735,11922
176,3.7058,3.71,3.66,3.71,13700
177,3.6822,3.71,3.67,3.67,14750
178,3.71,3.718,3.67,3.6899,6079
179,3.69,3.7174,3.69,3.7099,3278
180,3.69,3.71,3.69,3.7,1500
181,3.7,3.7104,3.69,3.7104,5000
182,3.73,3.73,3.67,3.69,8166
183,3.7,3.73,3.68,3.73,22484
288,3.65,3.65,3.65,3.65,12300
289,3.84,3.85,3.68,3.72,8670
290,3.8,3.84,3.8,3.84,1500
291,3.78,3.81,3.78,3.8067,4300
292,3.77,3.7862,3.76,3.78,1700
293,3.77,3.79,3.77,3.785,4191
294,3.75,3.78,3.75,3.78,2300
295,3.755,3.76,3.75,3.76,9400
296,3.7501,3.7501,3.75,3.75,467
297,3.78,3.78,3.75,3.75,2000
298,3.75,3.78,3.75,3.78,1655
299,3.71,3.75,3.7,3.75,4267
300,3.68,3.7114,3.67,3.71,19115
301,3.68,3.69,3.66,3.66,9200
302,3.66,3.68,3.66,3.68,1500
303,3.66,3.68,3.65,3.65,4533
304,3.665,3.67,3.665,3.67,3600
305,3.68,3.68,3.66,3.67,1100
306,3.67,3.7,3.67,3.68,1930
307,3.665,3.67,3.66,3.67,700
308,3.67,3.67,3.66,3.66,1270
309,3.66,3.67,3.66,3.67,900
310,3.65,3.6637,3.65,3.66,1300
311,3.65,3.66,3.65,3.66,1700
312,3.63,3.65,3.63,3.65,8486
313,3.62,3.64,3.62,3.63,1600
314,3.61,3.625,3.61,3.62,1200
315,3.61,3.6145,3.6,3.61,3325
316,3.61,3.62,3.61,3.61,1100
317,3.61,3.62,3.61,3.6101,3000
318,3.61,3.62,3.61,3.61,1300
319,3.6292,3.63,3.61,3.61,7650
320,3.62,3.64,3.62,3.64,1150
321,3.63,3.63,3.62,3.62,1400
322,3.63,3.64,3.62,3.62,1100
323,3.63,3.64,3.62,3.63,7100
324,3.69,3.6953,3.64,3.64,8502
325,3.73,3.77,3.69,3.69,10700
326,3.79,3.79,3.72,3.7282,7065
327,3.86,3.88,3.78,3.8,95185
432,3.86,3.86,3.86,3.86,1500
433,3.8,3.88,3.79,3.86,14112
434,3.78,3.8258,3.71,3.8,5168
435,3.849,3.8951,3.7962,3.7962,19437
436,3.79,3.85,3.78,3.85,1500
437,3.83,3.8425,3.81,3.81,4000
438,3.82,3.8462,3.82,3.83,1400
439,3.81,3.84,3.81,3.8101,7000
440,3.78,3.81,3.7791,3.81,11500
441,3.76,3.79,3.76,3.78,1200
442,3.74,3.78,3.74,3.77,1250
443,3.75,3.77,3.74,3.74,5338
444,3.745,3.76,3.74,3.74,7126
445,3.75,3.76,3.74,3.74,1600
446,3.74,3.74,3.74,3.74,100
447,3.74,3.76,3.74,3.74,5700
448,3.74,3.75,3.74,3.74,2434
449,3.74,3.743,3.74,3.74,1700
450,3.74,3.7464,3.74,3.74,1525
451,3.76,3.78,3.74,3.74,6800
453,3.77,3.79,3.75,3.75,2100
454,3.77,3.77,3.75,3.76,1600
455,3.77,3.789,3.77,3.77,3285
456,3.77,3.77,3.77,3.77,700
457,3.76,3.79,3.75,3.77,12730
458,3.78,3.78,3.75,3.75,300
459,3.75,3.79,3.75,3.77,2035
460,3.75,3.7702,3.75,3.7702,1180
461,3.77,3.8,3.77,3.77,800
462,3.77,3.78,3.77,3.77,2500
463,3.78,3.78,3.78,3.78,200
464,3.78,3.79,3.77,3.77,1079
465,3.78,3.78,3.77,3.77,400
466,3.77,3.78,3.77,3.77,3800
467,3.78,3.78,3.76,3.77,2796
468,3.75,3.77,3.75,3.77,600
469,3.8,3.8,3.75,3.75,13900
470,3.82,3.83,3.79,3.81,3555
471,3.82,3.83,3.8,3.8,14389
864,3.83,3.83,3.83,3.83,1524
865,3.76,3.76,3.7366,3.7484,3450
866,3.85,3.85,3.75,3.77,2300
867,3.8,3.83,3.8,3.83,400
868,3.84,3.85,3.8,3.85,3500
869,3.84,3.85,3.8,3.8,300
870,3.81,3.84,3.79,3.82,2500
871,3.815,3.8291,3.81,3.81,2666
872,3.8186,3.82,3.8186,3.82,400
873,3.76,3.82,3.76,3.8,3923
874,3.72,3.78,3.72,3.765,3093
875,3.74,3.76,3.73,3.73,1000
876,3.75,3.7704,3.72,3.72,2000
877,3.77,3.78,3.75,3.78,600
878,3.75,3.77,3.75,3.75,700
879,3.7301,3.75,3.72,3.75,2735
880,3.73,3.73,3.73,3.73,100
881,3.74,3.74,3.73,3.73,300
882,3.74,3.74,3.74,3.74,200
883,3.73,3.75,3.73,3.74,3879
884,3.76,3.76,3.76,3.76,100
885,3.74,3.78,3.73,3.74,17346
a1499261400,3.73,3.73,3.73,3.73,2375
1,3.72,3.8,3.72,3.8,850
2,3.74,3.7479,3.73,3.73,5190
3,3.74,3.75,3.73,3.74,4303
4,3.665,3.74,3.64,3.74,11190
5,3.69,3.69,3.66,3.66,3200
6,3.69,3.7,3.685,3.69,1800
7,3.68,3.69,3.68,3.68,1400
8,3.69,3.69,3.69,3.69,400
9,3.7,3.7,3.67,3.68,1800
10,3.69,3.69,3.68,3.687,2134
11,3.6997,3.6997,3.69,3.69,600
12,3.68,3.695,3.68,3.69,600
13,3.66,3.68,3.66,3.68,900
14,3.66,3.67,3.655,3.66,2700
15,3.66,3.665,3.65,3.665,2000
16,3.651,3.67,3.651,3.66,1125
17,3.65,3.6599,3.65,3.6599,275
18,3.66,3.66,3.65,3.65,700
19,3.67,3.67,3.65,3.66,2890
20,3.63,3.6638,3.62,3.66,12500
21,3.63,3.65,3.63,3.63,4900
22,3.65,3.65,3.6483,3.6483,800
23,3.6563,3.6563,3.64,3.65,1100
26,3.64,3.64,3.64,3.64,1800
27,3.63,3.63,3.63,3.63,100
28,3.64,3.64,3.625,3.64,3300
29,3.63,3.64,3.63,3.63,500
30,3.63,3.64,3.63,3.64,600
31,3.64,3.65,3.63,3.63,1600
32,3.64,3.64,3.63,3.64,1700
33,3.63,3.64,3.63,3.64,600
34,3.63,3.63,3.63,3.63,200
35,3.64,3.64,3.63,3.63,3574
36,3.63,3.64,3.63,3.635,930
37,3.64,3.65,3.6393,3.64,9398
38,3.69,3.69,3.63,3.635,6922
39,3.72,3.73,3.68,3.68,34680
