EXCHANGE%3DNASDAQ
MARKET_OPEN_MINUTE=570
MARKET_CLOSE_MINUTE=960
INTERVAL=600
COLUMNS=DATE,CLOSE,HIGH,LOW,OPEN,VOLUME
DATA=
TIMEZONE_OFFSET=-240
a1493127000,115.755,117.04,115.755,117.04,1324
1,116,116,116,116,100
2,117.12,117.96,116.8146,117.19,1900
3,117.86,117.88,117.27,117.88,1969
4,118.04,118.04,117.53,117.57,1900
5,118.28,118.56,118.24,118.24,1300
6,118.22,118.44,118.01,118.3884,2940
7,118.0225,118.41,117.98,118.38,5700
8,118.25,118.54,117.92,117.95,5653
9,118.205,118.26,118.08,118.26,1700
10,118.3314,118.52,118.26,118.3,4791
11,118.48,118.48,118.09,118.23,4750
12,118.36,118.47,118.23,118.47,5150
13,118.14,118.435,118.14,118.36,1300
14,118.3,118.4,118.15,118.23,14111
15,118.315,118.34,118.23,118.23,2300
16,117.74,118.25,117.66,118.25,5600
17,118.1,118.3275,117.71,117.81,3800
18,118.21,118.21,117.68,117.9,3400
19,118.12,118.405,117.98,118.08,6000
20,118.08,118.19,118.04,118.12,900
21,118.38,118.77,118.11,118.16,10600
22,118.02,118.405,117.85,118.39,6658
23,117.79,118.04,117.79,118.03,1900
24,117.62,117.62,117.61,117.61,200
25,117.635,117.73,117.58,117.73,1650
26,117.85,118.28,117.55,117.63,3700
27,118.465,118.495,117.92,117.93,10213
28,118.09,118.425,117.87,118.32,6400
29,118.09,118.21,117.88,118.08,7352
30,117.91,118.19,117.91,118.03,2152
31,118.26,118.49,117.91,117.97,18080
32,117.81,118.2,117.74,118.16,2774
33,118.445,118.445,117.665,117.78,1402
34,118.255,118.2825,117.99,118.06,3200
35,118.35,118.39,118.13,118.3,5515
36,118.6,118.6,118.48,118.48,500
37,118.55,118.59,118.45,118.51,4600
38,118.57,118.62,118.45,118.55,7274
39,118.71,118.81,118.51,118.68,16741
144,115.715,119.2,115.715,119.2,1142
145,119.47,119.574,118.1,118.935,1400
146,119.68,119.7,118.99,119.53,6397
147,119.01,119.56,119,119.56,12244
148,119.15,119.17,118.98,119.03,2050
149,119.2,119.2,119.06,119.09,1400
150,119.4,119.47,119.21,119.32,2600
151,119.3,119.33,119.16,119.25,3588
152,118.87,119.24,118.8,119.22,3100
153,118.525,118.63,118.05,118.05,1440
154,119,119,118.5,118.52,16572
155,118.99,119.06,118.86,118.9,2100
156,119.14,119.2,118.99,119.06,2582
157,119.09,119.245,118.96,119,17800
158,119.195,119.29,118.755,118.98,9900
159,119.02,119.23,118.93,119.13,3900
160,119.43,119.43,119,119,9775
161,119.3,119.32,119.25,119.32,1000
162,119.31,119.34,119.2,119.26,7892
163,119.26,119.3,119.13,119.22,8500
164,119.26,119.48,119.2,119.26,7000
165,119.17,119.3,119.17,119.21,3500
166,119.2,119.3,119.18,119.18,2411
167,119.17,119.22,119.09,119.09,395
168,119.12,119.26,119.12,119.23,2333
169,119.12,119.17,119,119.01,3700
170,119.15,119.31,119.15,119.16,2700
171,119.17,119.24,119.08,119.08,2700
172,119.13,119.15,119,119.13,2800
173,119.16,119.16,118.96,119.1,3707
174,119.09,119.21,119.09,119.1,1700
175,119.15,119.31,119.12,119.19,1500
176,119.22,119.36,119.2,119.23,1500
177,119,119.22,119,119.21,500
178,119.14,119.22,119.13,119.13,798
179,119.05,119.195,119.05,119.195,1000
180,119.2,119.27,119.05,119.08,2600
181,119.05,119.2,119.05,119.2,1600
182,119.19,119.2675,119.05,119.05,6016
183,119.15,119.23,119.04,119.16,31746
288,117.9,118.46,117.9,118.46,1299
289,118.05,119.41,117.9001,117.91,1200
290,118.17,118.78,118.15,118.78,1500
291,118.38,118.62,118.21,118.3,1320
292,118.36,118.64,118.27,118.54,1300
293,118.24,118.35,118.06,118.3,1100
294,117.89,118.05,117.81,117.91,2480
295,118.25,118.58,117.89,118.04,5130
296,118.06,118.08,118.06,118.06,700
297,118.37,118.45,117.77,118.02,4906
298,118.345,118.49,118.15,118.3,1700
299,118.41,118.83,118.22,118.28,2500
300,118.51,118.51,118.34,118.37,800
301,118.23,118.51,118.23,118.33,1200
302,118.2,118.2,118.18,118.18,200
303,118.06,118.12,118.02,118.12,1700
304,118.04,118.095,118.03,118.03,400
305,117.885,118.06,117.85,118.04,1236
306,118.26,118.26,117.86,117.86,2797
307,117.95,118.04,117.95,118.04,200
308,118.17,118.34,118.03,118.15,1034
309,118.105,118.105,118.095,118.095,600
310,118.17,118.18,118.115,118.115,900
311,118.09,118.2,118.09,118.2,900
312,118.11,118.17,118.09,118.17,1700
313,118.05,118.11,118.05,118.11,1000
314,118.02,118.055,118.02,118.03,800
315,118.33,118.33,117.96,118,3910
316,117.94,118.23,117.94,118.23,1506
317,117.97,118.04,117.91,117.92,1700
318,118.02,118.19,117.97,118.03,3986
319,118.18,118.18,118.18,118.18,100
320,118.16,118.23,118.04,118.08,3429
321,118.33,118.37,118.17,118.17,1100
322,118.27,118.32,118.27,118.32,883
323,118.1,118.27,118.1,118.27,1300
324,118.2,118.205,118.03,118.09,2449
325,118.22,118.26,118.15,118.15,2817
326,118.32,118.33,118.12,118.15,2277
327,118.22,118.37,118.14,118.31,12305
432,117.52,118.41,117.52,118.41,1024
433,117.5,118.64,117.21,118.64,450
434,117.98,117.98,117.635,117.65,3550
435,117.99,118.71,117.72,118.14,3100
436,118.14,118.75,117.8,117.99,7700
437,117.885,118.18,117.885,118.18,850
438,117.96,117.96,117.96,117.96,100
439,117.725,117.73,117.725,117.73,200
440,117.785,117.88,117.72,117.73,1600
441,117.8,117.91,117.8,117.87,1200
442,117.815,117.87,117.79,117.81,1200
443,117.873,117.97,117.63,117.81,4150
444,117.905,117.98,117.89,117.98,500
445,118.14,118.14,117.88,117.915,5165
446,118.09,118.17,118.09,118.14,500
447,118.145,118.17,118.04,118.17,900
448,118.13,118.13,118,118.05,800
449,117.99,118.1,117.91,118.055,4200
450,117.9,117.985,117.9,117.98,800
451,118.05,118.07,117.985,117.985,2500
452,118.4,118.55,117.94,117.995,7756
453,118,118.46,118,118.39,6251
454,118.05,118.05,118.05,118.05,100
455,118,118.075,118,118.075,900
456,118.04,118.04,117.93,118.025,1700
457,118.14,118.14,117.96,117.96,1700
458,118,118.15,117.99,118.09,1713
459,118.12,118.13,118.035,118.13,1100
460,118.03,118.13,118.01,118.07,1500
461,118.05,118.09,118,118.02,1100
462,118.02,118.1,118.01,118.01,800
463,118.08,118.08,117.98,118.01,2021
464,118.09,118.09,118,118.09,2756
465,118.1,118.1,118.1,118.1,400
466,118.07,118.13,118.06,118.1,3364
467,118.08,118.14,118.07,118.085,1062
468,118.07,118.1,118.07,118.085,900
469,118.075,118.12,117.99,118.09,4500
470,118.11,118.12,117.965,118.075,6704
471,118,118.13,117.98,118.11,14738
864,118.34,118.34,118.34,118.34,1014
865,117.41,117.41,117.41,117.41,100
866,118.92,119.07,117.85,118.1701,12805
867,118.74,118.74,118.74,118.74,100
868,118.61,118.86,118.56,118.76,5800
869,119.01,119.04,118.65,118.65,2677
870,118.835,119,118.835,119,698
871,118.79,118.79,118.73,118.73,300
872,118.68,118.81,118.68,118.81,1800
873,118.14,118.6,118.07,118.6,1800
874,118.57,118.6,118.16,118.16,3671
875,118.88,118.99,118.54,118.65,3400
876,118.65,118.825,118.6,118.825,900
877,118.79,118.79,118.48,118.6,3000
879,118.8,118.8,118.7,118.74,1500
880,118.79,118.8,118.75,118.79,1300
881,118.92,118.96,118.72,118.79,6913
882,119.14,119.175,118.89,118.94,5660
883,119.23,119.25,119.06,119.06,1350
884,118.79,119.19,118.79,119.19,5200
885,118.64,118.68,118.64,118.68,200
886,118.9,118.9,118.745,118.83,1600
887,118.9,118.9,118.89,118.89,600
888,118.89,118.9,118.79,118.89,400
889,118.99,118.99,118.89,118.89,500
890,118.91,118.99,118.88,118.99,600
891,118.92,119.08,118.92,118.98,2600
892,119.23,119.32,118.99,118.99,1500
893,118.99,119.18,118.99,119.18,510
894,118.92,118.92,118.86,118.87,1401
895,118.96,119.08,118.88,118.96,1700
896,118.69,118.9,118.64,118.9,3083
897,118.94,118.94,118.69,118.69,1500
898,118.84,118.95,118.78,118.95,1300
899,118.855,118.94,118.78,118.78,4826
900,118.81,118.89,118.71,118.81,10034
901,118.77,118.95,118.58,118.8099,8400
902,118.82,118.87,118.69,118.76,10336
903,118.84,119,118.73,118.8699,22218
a1493731800,118,118.94,118,118.94,988
1,117.945,118.04,117.88,118.04,500
2,117.755,118.2499,117.63,118.2499,1373
3,117.645,118,117.56,117.94,9300
4,117.19,117.64,117.1,117.64,22354
5,117.42,117.42,117.0118,117.0118,3300
6,117.73,117.8,117.58,117.58,1000
7,117.465,117.75,117.44,117.74,1500
8,117.23,117.32,117.17,117.32,700
9,117,117.17,116.98,117.17,4400
10,117.305,117.445,117.035,117.035,3100
11,117.5,117.85,117.285,117.285,9536
12,117.95,117.95,117.4201,117.5,2500
13,117.888,117.99,117.72,117.92,1600
14,117.78,117.98,117.76,117.91,800
15,117.62,117.68,117.54,117.55,800
16,117.52,117.61,117.49,117.56,2200
17,117.57,117.67,117.47,117.47,3000
18,117.61,117.65,117.31,117.405,3100
19,117.885,117.885,117.65,117.65,2400
20,117.765,117.825,117.65,117.75,1100
21,117.895,117.93,117.73,117.805,4500
22,117.9252,117.97,117.88,117.94,5400
23,117.96,117.96,117.885,117.935,1600
24,117.86,117.94,117.85,117.85,1500
25,117.955,117.96,117.86,117.905,1800
26,118.26,118.26,117.96,117.98,19900
27,118.22,118.27,118.11,118.225,1500
28,118.01,118.17,118.01,118.01,1102
29,117.7,118.03,117.7,118.01,3399
30,117.99,118,117.67,117.725,4330
31,117.87,118.0841,117.87,117.88,1939
32,117.9,118.03,117.9,117.99,1100
33,118.01,118.01,117.6,117.72,58036
34,118.025,118.105,117.98,118.105,5540
35,117.95,118.22,117.915,118.05,5118
36,117.895,117.98,117.66,117.87,9486
37,118.29,118.5,117.93,117.9399,8981
38,118.29,118.45,118.25,118.28,4985
39,118.18,118.73,118.1,118.29,17862
144,118.43,118.43,118.43,118.43,1258
145,117.9815,118.17,117.8801,118.11,860
146,118.51,118.51,117.9,117.955,2350
147,118.25,118.48,118.2,118.48,600
148,118.39,118.56,118.13,118.13,500
149,117.96,118.45,117.96,118.19,14200
150,119.2,119.2,118.21,118.21,3800
151,119.6,120.46,119.44,119.44,16943
152,119.11,119.605,119.11,119.6,1700
153,119.17,119.35,119.13,119.18,600
154,119.14,119.18,119.08,119.13,1600
155,118.935,119.34,118.57,119.245,4400
156,119.085,119.14,118.93,118.93,800
157,119.01,119.21,118.96,119.21,11231
158,118.98,119.04,118.97,119.04,5100
159,119,119.18,118.955,119.02,3850
160,119.04,119.04,118.96,118.96,4350
161,118.9424,119,118.94,119,610
162,118.59,119.02,118.59,119,4504
163,118.89,119.155,118.14,118.14,3550
164,118.92,118.92,118.75,118.75,200
165,119,119.1,118.825,118.89,3000
166,119.1,119.1,119,119.06,2300
167,119.3,119.3,119.1,119.1,1200
168,119.73,119.73,119.3,119.3,3200
169,119.45,119.68,119.4,119.645,4000
170,119.22,119.44,119.15,119.44,300
171,119.69,119.72,119.255,119.255,2300
172,119.59,119.72,119.45,119.6,3200
173,119.46,119.5,119.32,119.5,800
174,119.27,119.45,119.27,119.29,1500
175,119.24,119.35,119.188,119.28,1400
176,119.4,119.42,119.24,119.24,1400
177,119.14,119.45,119.11,119.45,2000
178,119.03,119.14,119.03,119.12,1000
179,119.14,119.14,119.01,119.05,900
180,118.97,119.19,118.97,119.16,3343
181,119.17,119.36,118.97,118.97,2651
182,118.9,119.39,118.9,119.39,3199
183,119.03,119.05,118.8,118.99,18538
288,118.56,118.56,118.56,118.56,2076
289,115.86,119.44,115.47,118.505,6650
290,114.51,116.3288,114.08,116.3288,10087
291,115.9,118,114.995,115,16039
292,116.165,116.66,115.495,116.17,12079
293,115.86,116.53,115.86,116.15,3888
294,115.64,115.8,115.11,115.31,2500
295,115.85,115.9,115.33,115.39,2757
296,116.3,116.3,115.495,115.57,4500
297,116.15,116.3,115.235,116.27,3100
298,115.98,116.43,115.46,115.535,2500
299,116.05,116.29,115.425,115.425,4600
300,116.47,116.47,115.84,115.97,3000
301,117.2,117.5,116.44,116.44,5600
302,116.78,116.885,116.501,116.63,3700
303,116.645,117.26,116.645,116.78,3700
304,115.9,116.65,115.9,116.65,2300
305,115.735,115.85,115.735,115.85,900
306,115.6,115.82,115.325,115.63,2400
307,116.7,116.71,115.51,115.51,5500
308,117.72,117.775,116.8,116.8,4425
309,117.33,117.51,117.33,117.51,1300
310,116.99,117.295,116.99,117.2,1655
311,116.96,117.32,116.86,116.925,1200
312,116.73,116.73,116.72,116.72,200
313,116.93,117,116.93,116.97,890
314,116.73,116.85,116.7,116.85,500
315,117.01,117.47,116.82,116.82,1500
316,116.85,116.8768,116.77,116.77,1539
317,117.14,117.14,116.94,116.94,600
318,117.16,117.26,116.99,117.26,400
319,117.24,117.24,117.01,117.0887,2955
320,117.57,117.57,117.1,117.15,2700
321,117.82,117.86,117.51,117.75,2120
322,117.95,117.95,117.95,117.95,100
323,117.59,117.84,117.395,117.78,4300
324,117.35,117.66,117.13,117.66,4600
325,116.85,117.2,116.85,117.2,2559
326,116.77,117.12,116.77,116.845,3600
327,116.94,117.1,116.83,116.96,9512
432,116.98,116.98,116.98,116.98,901
434,116.9,116.9,116.42,116.43,800
435,116.23,116.23,116.23,116.23,200
436,116.515,116.72,115.89,116.04,3627
437,116.36,116.59,116.32,116.47,600
438,116.355,116.9,116.355,116.375,6439
439,116.3001,116.58,116.3001,116.44,6800
440,117.1,117.1,116.41,116.41,4143
441,117.54,117.85,117.54,117.85,800
442,117.315,117.5,117.315,117.43,1200
443,117.23,117.44,117.17,117.39,1000
444,116.77,117.27,116.59,117.2,18600
445,117.2,117.34,116.78,116.78,2500
446,117.3,117.3,117.11,117.2,830
447,117.245,117.31,117.21,117.29,800
448,117.3,117.3,117.2,117.2,1483
449,117.57,117.57,117.33,117.33,869
450,117.56,117.69,117.56,117.56,1000
451,117.575,117.73,117.54,117.73,1700
452,117.67,117.67,117.57,117.67,600
453,117.42,117.67,117.42,117.61,1000
455,117.3601,117.5,117.36,117.38,700
456,117.53,117.72,117.5,117.5,1200
457,117.63,117.66,117.51,117.66,400
458,117.62,117.99,117.61,117.615,3932
459,117.65,117.7,117.65,117.7,200
460,117.63,117.8,117.63,117.695,500
461,117.625,117.625,117.58,117.61,400
462,117.23,117.57,117.23,117.57,1900
463,117.08,117.18,117.07,117.16,1000
464,117.22,117.34,117.15,117.15,1900
465,117.26,117.46,117.26,117.43,400
466,117.22,117.24,117.05,117.24,1800
467,117.09,117.3,117.09,117.3,900
468,117.125,117.1471,117.04,117.06,900
469,117.06,117.11,117,117.04,1600
470,117.02,117.25,117.02,117.14,2587
471,117.05,117.17,117,117.02,14538
864,116.9,116.9,116.9,116.9,1668
865,115.19,116.8,115.05,115.05,400
866,115.37,116.65,115.37,116.65,300
867,116.4,116.4,116.03,116.03,300
868,116.695,116.84,115.88,116.38,8910
869,116.745,116.745,116.53,116.695,10603
870,116.69,116.74,116.56,116.74,4832
871,116.66,116.66,116.6,116.66,2100
872,116.95,116.96,116.68,116.68,4599
873,116.65,116.84,116.53,116.83,11409
874,116.56,116.65,116.49,116.64,4000
875,116.475,116.58,116.475,116.55,3147
876,116.46,116.6,116.4,116.43,5400
877,116.365,116.435,116.35,116.435,1502
878,116.31,116.5,116.31,116.4,3200
879,116.315,116.35,116.26,116.33,3200
880,116.48,116.54,116.33,116.34,4800
881,116.5,116.5,116.43,116.43,1510
882,116.5053,116.5053,116.45,116.461,400
883,116.61,116.61,116.5,116.5,800
884,116.5,116.5,116.5,116.5,100
885,116.485,116.53,116.45,116.5,1400
886,116.4,116.48,116.265,116.43,11401
887,116.4,116.4,116.29,116.31,1600
888,116.315,116.36,116.315,116.36,300
889,116.36,116.36,116.26,116.28,700
890,116.33,116.38,116.26,116.33,500
891,116.19,116.27,116.12,116.27,2300
892,116.35,116.39,116.25,116.285,2400
893,116.32,116.32,116.3,116.32,700
894,116.33,116.36,116.33,116.34,1002
895,116.385,116.42,116.28,116.28,3000
896,116.39,116.465,116.31,116.385,3300
897,116.34,116.42,116.34,116.42,400
898,116.32,116.42,116.27,116.35,3700
899,116.355,116.355,116.355,116.355,100
900,116.28,116.3,116.15,116.3,3567
901,116.17,116.34,116.16,116.34,2693
902,116.12,116.21,116.01,116.21,3600
903,116.25,116.4,116.1,116.13,9316
a1494336600,115.59,115.59,115.59,115.59,2274
1,115.03,115.03,115.03,115.03,100
2,115.5,115.929,115.19,115.555,10200
3,115.5,115.76,115.35,115.5,3799
4,115.5,115.7,115.38,115.5,11900
5,115.382,115.575,115.29,115.38,3300
6,115.49,115.5,115.26,115.3553,1300
7,115.58,115.815,115.444,115.5,5851
8,115.08,115.5,115.08,115.5,4170
9,115.01,115.1,115.01,115.02,475
10,115.31,115.45,115.075,115.075,2300
11,115.18,115.28,115.06,115.28,600
12,115.56,115.56,115.1,115.1,2200
13,115.58,115.58,115.45,115.4701,6700
14,115.76,115.85,115.54,115.6,7425
15,115.6,115.6,115.6,115.6,100
17,115.64,115.682,115.64,115.682,1700
18,115.895,115.92,115.62,115.62,3800
19,116.4,116.5,115.97,115.97,3800
20,116.39,116.39,116.39,116.39,200
21,116.45,116.7,116.425,116.425,7552
22,116.56,116.7,116.44,116.52,5405
23,116.46,116.52,116.34,116.5,5700
24,116.5,116.57,116.44,116.49,1500
25,116.48,116.69,116.48,116.539,2105
26,116.08,116.62,116.08,116.49,2300
27,116.45,116.53,116.185,116.28,2388
28,116.7,116.7,116.41,116.41,6314
29,116.68,116.89,116.68,116.7,9407
30,117.3,117.3,116.85,116.85,9156
31,116.97,117.73,116.97,117.44,5089
32,116.86,116.99,116.85,116.97,1900
33,117,117.04,116.86,116.86,1700
34,116.85,117.22,116.85,117.16,3800
35,116.71,116.78,116.55,116.78,2100
36,116.5,116.74,116.5,116.6,3594
37,116.48,116.48,116.33,116.43,1422
38,116.375,116.525,116.29,116.525,2100
39,116.71,116.9,116.42,116.445,7093
144,116.5,116.5,116.5,116.5,894
145,115.4978,115.755,115.021,115.755,450
146,115.755,116.2739,115.755,116.2739,11000
147,116.295,116.295,115.78,115.91,1200
148,116.1,116.29,116.04,116.29,4122
149,116.28,116.28,116,116,800
150,116.08,116.215,115.8758,116.04,1927
151,115.851,116.3,115.851,116,15625
152,116.15,116.15,116,116,500
153,116.02,116.17,116,116.17,3100
154,116.09,116.09,115.97,116,1300
155,116.115,116.115,115.96,116.025,8155
156,116.09,116.1424,115.98,116.1424,3100
157,116.035,116.15,116,116.11,3634
158,116.035,116.06,116,116,700
159,116,116.1,115.98,116.035,11022
160,116,116.02,115.92,115.99,9112
161,116.1,116.16,116.02,116.04,3300
162,116.06,116.23,116,116.17,3700
163,116.035,116.09,116.035,116.09,500
164,116.01,116.05,115.9,116,14388
165,115.95,116.03,115.93,116.03,2183
166,115.67,115.91,115.67,115.91,3500
167,115.662,115.85,115.45,115.655,18925
168,115.27,115.82,115.27,115.551,3400
169,115.2,115.42,115.2,115.39,4400
170,115.33,115.39,115.25,115.25,2500
171,115.37,115.43,115.37,115.4,800
172,115.22,115.46,115.21,115.33,4140
173,115.13,115.28,115.05,115.16,900
174,115.01,115.24,115.01,115.23,500
175,115,115.2,115,115.05,4900
176,115.015,115.04,114.95,115,6200
177,114.87,115.045,114.87,115,6309
178,114.86,115,114.85,114.99,2500
179,115,115.1075,114.79,114.83,7059
180,114.92,115.03,114.92,115.03,1450
181,114.81,114.98,114.81,114.97,2586
182,114.87,115.13,114.87,114.95,6600
183,114.95,115.03,114.79,115,9606
288,113.03,114.44,111.54,114.44,2075
289,113.01,113.84,113,113,2700
290,113.07,114.97,113.07,114.72,2300
291,112.835,113.1,112.29,113.1,8300
292,112.36,113.13,112.3,112.79,3739
293,112.42,112.55,112.01,112.28,11710
294,112.3683,112.45,112.199,112.24,5300
295,112.2,112.36,112.2,112.2,2500
296,112.33,112.33,112.19,112.2,3497
297,112.375,112.53,112.28,112.29,4497
298,112.525,112.525,112.34,112.375,1881
299,112.52,112.66,112.47,112.57,3600
300,112.85,113,112.52,112.56,6600
301,112.93,112.93,112.805,112.91,2400
302,112.75,112.84,112.74,112.83,2600
303,112.735,112.75,112.73,112.75,800
304,112.71,112.79,112.54,112.735,5700
305,112.66,112.99,112.585,112.585,2000
306,112.7,112.73,112.66,112.72,1100
307,112.78,112.78,112.7,112.74,1000
308,112.815,112.92,112.77,112.92,500
309,112.93,113.1,112.85,112.85,3177
310,113,113.05,112.86,112.93,1600
311,113.07,113.1,112.99,113.03,2230
312,113.05,113.12,112.97,113.12,2600
314,113.09,113.09,112.92,112.97,1100
315,113.5434,113.5434,113.03,113.03,3100
316,113.59,113.59,113.56,113.56,200
317,113.37,113.6,113.34,113.6,2300
318,113.725,113.915,113.38,113.39,3810
319,113.98,113.99,113.82,113.82,1300
320,114,114,113.84,113.91,4000
321,114.29,114.515,113.88,113.94,4019
322,114.01,114.31,114.01,114.31,1175
323,114.03,114.13,114.02,114.1,803
324,114.15,114.15,113.97,114.03,1700
325,114.29,114.29,114.085,114.145,2960
326,114.4,114.42,114.235,114.28,3686
327,114.42,114.46,114.16,114.4,11564
432,114.5,114.5,114.5,114.5,1526
433,113.02,113.505,113.02,113.505,400
434,113.76,113.76,113.24,113.24,200
435,114.395,114.395,114,114,800
436,114,114.03,113.99,114.01,400
437,114.07,114.235,114.07,114.235,200
438,113.82,114.35,113.76,114.31,7400
439,112.76,113.88,112.72,113.85,8700
440,112.69,112.805,112.59,112.76,3100
441,112.675,113.03,112.675,112.75,18469
442,113.36,113.36,112.71,112.94,14201
443,112.81,113.4241,112.81,113.4241,3550
444,112.75,112.82,112.41,112.81,38988
445,112.63,112.78,112.63,112.72,1700
446,111.995,112.6201,111.875,112.62,6969
447,111.55,112.07,111.55,112.06,3900
448,111.5,111.55,111.49,111.54,4400
449,111.56,111.75,111.475,111.5,5700
450,111.57,111.74,111.51,111.51,7054
451,111.51,111.575,111.45,111.575,4300
452,111.78,111.825,111.51,111.51,4100
453,111.83,111.85,111.71,111.78,2200
454,111.75,111.775,111.69,111.775,700
455,111.82,111.96,111.75,111.8,3606
456,111.58,111.85,111.53,111.81,3100
457,111.71,111.71,111.5,111.55,2000
458,111.95,111.98,111.57,111.6,4100
459,111.8,111.915,111.785,111.82,5543
460,111.92,112.18,111.76,111.76,8890
461,111.75,111.98,111.65,111.8916,5715
462,111.45,111.8075,111.37,111.67,5759
463,111.39,111.5841,111.21,111.39,8625
464,110.64,111.4418,110.64,111.35,6959
465,110.64,110.89,110.64,110.65,5676
466,110.21,110.7622,110.21,110.7622,6475
467,110.32,110.4555,110.06,110.18,9124
468,110.3,110.7058,110.2,110.38,6625
469,110.27,110.3453,110,110.3,8275
470,110.03,110.37,110,110.36,19561
471,110.17,110.2,110,110.04,21867
864,110,110,110,110,4441
865,109.93,111.4189,109.91,110.01,2998
866,110.07,110.31,109.9,109.92,3200
867,110.58,110.58,110.25,110.26,3000
868,110.62,111.18,110.43,110.435,3900
869,110.28,110.81,110.28,110.66,4900
870,110.37,110.37,110.24,110.28,900
871,111.08,111.08,110.39,110.39,1300
872,110.97,111.53,110.79,111.53,1200
873,111.17,111.22,111.0275,111.07,900
874,111.34,111.52,111.32,111.32,1532
875,111.17,111.49,111.03,111.41,3700
876,111.745,112,111.53,111.53,1400
877,111.5,111.88,111.5,111.88,1200
878,111.27,111.53,111.17,111.17,2100
879,111.06,111.47,110.97,111.39,2400
880,110.91,111.185,110.57,111.185,5254
881,111.09,111.63,110,110.87,40183
882,111.26,111.35,111.06,111.1,1600
883,111.5,111.71,111.33,111.47,3040
884,111.8,111.86,111.4,111.4,5200
885,112.285,112.59,111.8,111.8,2900
886,112.31,112.31,112.15,112.285,2750
887,112.15,112.32,112.13,112.205,5500
888,112.17,112.29,112.09,112.1,5900
889,112.015,112.14,111.95,112.14,4100
890,111.91,112.05,111.67,112.01,3764
891,111.95,112.09,111.8,111.8,3100
892,112.11,112.11,111.5,111.92,4921
893,112.19,112.205,112.07,112.12,1500
894,112.46,112.46,112.16,112.245,2000
895,112.59,112.65,112.355,112.46,3000
896,112.69,112.69,112.56,112.65,1100
897,112.245,112.65,112.1,112.62,9899
898,112.81,112.85,112.24,112.24,3600
899,112.85,113,112.63,112.89,4200
900,113.66,114.05,112.72,112.79,7784
901,113.22,113.5,113.02,113.5,4637
902,113.73,113.77,113.14,113.14,5700
903,113.95,114.13,113.515,113.65,22145
a1494941400,114,114,114,114,1943
1,114.1,114.5,113.99,114.5,700
2,114.2097,114.2097,113.87,113.87,500
3,114.285,114.41,114.14,114.27,500
4,113.96,114.16,113.96,114.16,700
5,113.815,114.23,113.68,114.23,1100
6,114.19,114.19,113.47,113.67,3305
7,114.016,114.065,113.91,114.065,1125
8,114.2,114.2,114.035,114.18,500
9,114.095,114.095,114,114.02,600
10,114.12,114.12,114.02,114.1,600
11,113.51,114.09,113.42,114.09,2100
12,112.91,113.53,112.91,113.48,800
13,112.93,112.97,112.93,112.94,400
14,113.25,113.38,112.99,113.01,11300
15,112.615,113.345,111.76,113.345,4600
16,112.97,113.1,112.54,112.67,1900
17,112.99,113,112.99,113,200
18,113.4,113.47,112.98,112.98,2400
19,113.46,113.46,113.27,113.36,800
20,113.21,113.42,113.21,113.42,400
21,113,113.06,113,113.06,900
22,113,113,113,113,400
23,113,113.09,113,113,600
24,112.69,113,112.67,113,900
25,112.79,112.9,112.76,112.76,300
26,112.59,112.885,112.59,112.78,990
27,112.25,112.48,112.11,112.48,800
28,111.91,112.25,111.91,112.25,1400
29,111.95,112.02,111.9,112.02,2300
30,111.76,111.92,111.74,111.92,1100
31,112.2525,112.54,111.67,111.67,2785
32,112.25,112.26,112.05,112.2,2000
33,111.95,112.28,111.95,112.28,1345
34,111.84,112.35,111.66,112.05,4051
35,111.7549,111.77,111.52,111.765,800
36,111.67,111.72,111.25,111.71,4300
37,111.61,111.67,111.475,111.62,1900
38,111.63,111.66,111.395,111.54,5379
39,111.64,111.78,111.44,111.595,8898
144,111,111,111,111,1136
145,112.065,112.2275,110.01,111,500
146,110.97,111.63,110.64,111.63,6500
147,110.845,111.09,110.845,110.915,700
148,110.845,111.02,110.67,110.98,3000
149,110.96,111.05,110.84,111.02,4277
150,110.77,111,110.77,111,2800
151,110.5,110.84,110.21,110.84,6100
152,110.5825,110.64,110.415,110.44,4500
153,110.43,110.62,110.19,110.62,4300
154,110.34,110.4,110.21,110.4,4500
155,110.575,110.62,110.28,110.35,5200
156,110.335,110.565,110.17,110.565,3500
157,110,110.335,109.92,110.3039,7132
158,110,110.145,109.8925,110.03,5441
159,109.91,110.1,109.75,110.025,7700
160,109.615,109.91,109.5,109.91,1700
161,109.48,109.605,109.48,109.52,5450
162,109.65,109.94,109.45,109.525,4930
163,109.71,109.855,109.53,109.7,4700
164,109.925,109.96,109.75,109.75,400
165,109.77,109.85,109.62,109.85,1300
166,109.51,109.73,109.24,109.73,4300
167,109.32,109.44,109.18,109.365,3700
168,109.255,109.33,109.2,109.2,2600
169,109.1,109.34,109.1,109.3,3000
170,109.135,109.29,108.82,109,4560
171,109.18,109.25,109.135,109.135,2000
172,109.155,109.22,109.07,109.13,2700
173,109.22,109.22,109,109.01,9700
174,109.21,109.25,109.12,109.21,2500
175,108.87,109.25,108.87,109.11,3266
176,108.65,108.87,108.51,108.87,4701
177,109.16,109.16,108.65,108.65,3400
178,109.08,109.24,108.99,109.17,5523
179,109.25,109.26,109.05,109.15,5133
180,109.07,109.2775,109.07,109.245,4750
181,109.21,109.26,109.01,109.04,6191
182,108.79,109.25,108.79,109.17,7543
183,109,109.04,108.49,108.74,28827
288,107.31,109.03,107.31,109.03,539
289,108.26,108.26,107.3,107.64,500
290,108.49,109.02,108.1,108.73,1100
291,107.66,108.94,107.66,108.6,8300
292,107.79,108.08,107.33,107.41,5600
293,108.08,108.18,107.1,107.66,9070
294,108.22,108.64,107.71,108.06,6937
295,108.835,109.035,108.14,108.2,10810
296,108.61,108.96,108.29,108.885,5291
297,108.56,108.65,107.28,108.39,5700
298,108.73,108.74,108.135,108.52,4200
299,109.766,109.766,108.85,108.85,3700
300,109.175,109.54,109.07,109.54,2960
301,109.07,109.52,109.07,109.16,4200
302,108.87,109.18,108.46,109.17,4727
303,108.76,108.77,108.18,108.76,5500
304,108.75,108.75,108.3,108.675,3340
305,108.67,108.95,108.67,108.9,1100
306,108.585,108.63,108.48,108.585,2700
307,108.77,108.83,108.26,108.54,7350
308,108.78,108.78,108.585,108.76,1696
309,108.83,108.92,108.81,108.92,800
310,108.84,108.92,108.52,108.865,2400
311,108.85,108.85,108.365,108.39,2800
312,108.69,108.83,108.58,108.83,900
313,108.62,108.7,108.54,108.58,1200
314,108.6,108.69,108.59,108.67,1138
315,109.46,109.46,108.6,108.66,3938
316,109.15,109.47,109.15,109.42,1000
317,108.42,109.22,108.42,109.22,2100
318,108.02,108.73,108.02,108.52,1900
319,108.5,108.72,108.02,108.02,4900
320,108.49,108.6,108.49,108.53,2300
321,108.6,108.6,108.41,108.5,2463
322,108.825,109.245,108.485,108.64,3140
323,108.7,108.81,108.59,108.81,2300
324,108.88,108.95,108.42,108.5,8600
325,108.96,108.96,108.375,108.79,3138
326,108.89,109.35,108.54,108.77,9429
327,109.06,109.21,108.875,109.14,19146
432,109.63,109.63,109.63,109.63,641
433,109.3174,109.3174,109.3174,109.3174,100
434,109.99,109.99,109.3,109.32,1549
435,110.25,111.2,110.25,110.56,1552
436,110.05,110.05,109.66,110.01,900
437,110.51,111,110.05,110.17,10009
438,110.14,110.8,109.96,110.45,4600
439,110.7,110.76,109.99,110.16,7412
440,111.49,111.87,110.77,110.77,2800
441,110.79,111.57,110.78,111.47,3600
442,111.06,111.06,110.83,110.91,500
443,111.1,111.32,111.1,111.11,1100
444,111.03,111.17,110.86,111.1,2250
445,111.69,111.71,110.9201,110.9201,2098
446,111.61,111.67,111.6,111.66,850
447,111.49,111.53,111.11,111.44,3300
448,111.34,111.34,111.17,111.3,1100
449,111.42,111.42,111.39,111.39,500
450,111.32,111.49,111.31,111.42,600
451,111.54,111.54,111.39,111.52,800
452,111.64,111.64,111.59,111.59,500
453,111.75,111.75,111.69,111.69,600
454,111.37,111.75,111.37,111.75,1200
455,111.4,111.42,111.33,111.42,934
456,111.63,111.7,111.45,111.45,900
457,111.77,111.92,111.64,111.92,400
458,111.6726,111.97,111.6726,111.97,680
459,111.79,111.79,111.75,111.75,300
460,111.53,111.79,111.53,111.695,2400
461,111.75,111.83,111.48,111.48,1500
462,111.85,111.85,111.8,111.8,400
463,111.97,111.98,111.79,111.88,1043
464,111.7,111.93,111.7,111.93,800
465,111.71,111.82,111.71,111.82,600
466,111.61,111.65,111.37,111.63,1171
467,111.36,111.61,111.36,111.57,800
468,111.16,111.22,110.95,111.19,3300
469,111.24,111.24,110.64,110.91,3454
470,111.09,111.24,111,111.24,3300
471,111,111.05,110.82,111.04,6950
864,110.61,111.46,110.61,111.46,984
865,112.73,112.98,110.61,110.61,400
866,110.69,112.22,110.69,112.22,3800
867,110.91,111.55,110.58,111.065,2400
868,110.61,110.82,110.25,110.63,3300
869,111.72,112.585,110.86,110.86,2600
870,111.6,111.88,111.18,111.88,12000
871,112.16,112.16,111.55,111.61,2100
872,112.09,112.205,112.09,112.2,1100
873,111.93,112.14,111.71,112.14,1900
874,111.71,111.96,111.6,111.93,1200
875,112.43,112.545,111.62,111.765,5553
876,112.64,112.88,112.5,112.645,3506
877,112.62,112.62,112.41,112.56,1200
878,112.57,112.65,112.57,112.61,1500
879,112.36,112.51,112.27,112.51,1400
880,111.95,112.36,111.92,112.36,1100
881,112.02,112.02,111.96,112.01,400
882,111.87,112.02,111.83,112.02,700
883,111.5,111.63,111.5,111.63,700
884,111.71,111.78,111.68,111.68,1100
885,111.7,111.83,111.6,111.83,1800
886,111.66,111.69,111.575,111.69,1100
887,111.6,111.67,111.6,111.67,200
888,111.6,111.7,111.53,111.6,3114
889,111.6,111.69,111.59,111.63,2700
890,111.95,112.37,111.57,111.62,3659
891,111.6,112.18,111.6,111.95,2100
892,112.11,112.12,111.65,111.65,1918
893,112,112,112,112,300
894,112.09,112.2,111.95,111.99,1000
895,112.14,112.29,112.14,112.24,2100
896,111.79,112.14,111.64,112.09,700
897,112,112.19,111.86,111.86,2915
898,112.06,112.15,111.79,111.79,1700
899,112.06,112.18,112.06,112.18,1100
900,111.98,112.1,111.98,111.98,2100
901,112.09,112.23,111.86,111.9,6957
902,112.41,112.41,112.13,112.13,3187
903,112.44,112.65,112.29,112.45,12958
a1495546200,113.04,113.04,113.04,113.04,890
2,111.61,111.68,111.61,111.64,300
3,112.03,112.975,111.84,112.975,1500
4,113.21,113.21,112.08,112.12,3500
5,113.11,113.28,112.79,112.98,2367
6,113.33,113.33,113,113,900
7,113.13,113.275,113.05,113.275,3300
8,112.945,113.23,112.93,113.2,4500
9,112.7625,112.92,112.5,112.86,5739
10,112.82,112.88,112.74,112.88,3500
11,112.8975,113.42,112.8975,112.98,1500
12,113,113.05,112.92,113.05,884
13,112.87,113.34,112.82,112.87,9983
14,113.1,113.155,112.79,113,9184
15,112.8,113.535,112.53,112.91,12811
16,112.83,112.875,112.51,112.75,5500
17,112.77,113.06,112.5,112.86,6746
18,112.5,112.75,112.41,112.75,5007
19,112.48,112.49,112.45,112.45,900
20,112.25,112.345,112.23,112.345,300
21,112.05,112.33,112.05,112.33,1100
22,112.09,112.38,112.02,112.02,2500
23,112.39,112.39,112.09,112.09,1000
24,112.73,112.75,112.5,112.5,3700
25,112.37,112.75,112.37,112.6,1725
26,112.655,112.655,112.38,112.39,700
27,112.6,112.68,112.29,112.65,3500
28,112.53,112.54,112.36,112.41,1129
29,112.86,112.985,112.42,112.42,1909
30,112.65,112.825,112.6,112.6,1200
31,113.025,113.025,112.4,112.4,2800
32,113.74,113.74,112.75,112.805,2530
33,113.56,113.56,113.36,113.5,2375
34,112.9,113.27,112.9,113.27,400
35,113.155,113.46,112.99,112.99,5100
36,112.65,113.43,112.65,113.43,4517
37,113.38,113.38,112.88,112.88,4913
38,113.16,113.495,113.02,113.35,6300
39,113.1,113.415,112.88,113.32,10401
144,113.74,113.74,113.74,113.74,1309
145,112.3,112.3,112.3,112.3,100
146,113.64,113.64,112.315,112.315,400
147,113.4648,113.71,113.17,113.7,1629
148,113.28,113.28,113.28,113.28,100
150,113.98,113.98,113.49,113.49,3600
151,114.02,114.21,113.86,113.86,3300
152,114.02,114.02,114.02,114.02,400
155,114.23,114.23,114.075,114.075,300
156,113.88,114.28,113.56,114.22,5321
157,114,114.2,112.71,113.9,5518
158,114,114.265,113.71,114.1,4400
159,113.865,113.865,113.865,113.865,100
160,113.95,114,113.635,113.87,1614
161,114.13,114.13,114.13,114.13,100
163,114.14,114.24,114.14,114.2,400
166,114,114.154,114,114.085,1000
167,114,114.0375,114,114.0375,300
168,113.975,113.995,113.975,113.995,600
169,114.05,114.05,114.05,114.05,100
171,113.99,114.055,113.945,114.055,500
172,113.98,114.15,113.95,113.99,2400
173,113.99,114.15,113.99,114.15,1298
174,114,114.2799,113.96,114.2799,934
175,114,114,113.915,113.945,3201
176,113.995,114.06,113.995,114.06,200
177,114.1,114.1,114.1,114.1,200
179,114.18,114.18,114.18,114.18,100
180,114.1,114.19,114.1,114.19,300
181,114.04,114.19,113.61,114.04,3787
182,114.02,114.1,113.87,113.99,3236
183,113.98,114.07,113.84,114.01,11109
288,114.83,114.83,114.83,114.83,577
290,113.495,113.495,113.495,113.495,100
291,112.44,112.44,112.44,112.44,100
292,113.01,113.01,113.01,113.01,100
293,113.19,113.19,113.19,113.19,200
296,113.36,113.36,113.36,113.36,100
297,113.51,113.75,113.45,113.45,2040
298,113.5885,113.74,113.5885,113.74,400
299,113.45,113.49,113.45,113.49,200
300,113.49,113.49,113.49,113.49,100
301,113.59,113.65,113.42,113.42,1300
303,113.56,113.56,113.56,113.56,100
304,113.8,113.8,113.53,113.63,800
305,113.84,113.84,113.84,113.84,100
306,114.16,114.77,113.76,113.76,1300
307,114.25,114.25,114.15,114.21,700
308,114.09,114.3856,114.09,114.27,1450
309,114.2,114.2,114.2,114.2,100
310,114.18,114.34,114.18,114.34,300
312,114.25,114.25,114.09,114.09,200
313,114.23,114.23,114.12,114.12,300
314,114.13,114.26,114.13,114.23,500
315,114.19,114.19,114.19,114.19,100
316,114.23,114.33,114.23,114.33,500
317,114.25,114.25,114.25,114.25,100
318,114.28,114.28,114.12,114.12,200
319,114.13,114.14,114.13,114.14,300
320,114.14,114.14,114.14,114.14,200
321,114.12,114.165,114.11,114.165,400
322,113.85,114.16,113.375,114.16,6100
323,113.93,114,113.8,113.84,1102
324,113.78,113.92,113.78,113.84,2000
325,113.85,113.95,113.77,113.77,978
326,114.18,114.18,113.905,113.97,2058
327,114.12,114.3,114,114,6170
432,114.65,114.65,114.65,114.65,950
433,112.77,112.9575,111.42,112.9575,300
434,112.7943,113.45,112.675,112.735,800
435,114.38,114.38,112.94,113.36,2000
436,113.5,113.5,112.3,112.55,400
437,114.06,114.06,114.06,114.06,100
438,113.26,113.475,113.075,113.075,700
439,114.3,114.47,113.54,113.67,3100
440,113.8,114.24,113.63,114.24,1100
441,114.14,114.14,113.92,114.13,1000
442,114.36,114.39,114.19,114.19,600
443,114.77,114.85,114.47,114.47,2073
444,114.725,114.96,114.725,114.96,200
445,114.83,114.86,114.69,114.86,300
446,114.385,114.81,114.385,114.81,1600
447,114.43,114.43,114.29,114.3201,1328
448,114.33,114.47,114.32,114.32,3300
449,114.5,114.74,114.43,114.43,700
450,114.84,114.84,114.595,114.595,500
451,114.54,114.83,114.54,114.83,1300
452,114.47,114.51,114.35,114.51,1600
453,114.645,114.71,114.41,114.5,1200
454,114.46,114.76,114.42,114.76,1200
455,114.68,114.68,114.68,114.68,100
456,114.435,114.51,114.435,114.49,800
457,114.61,114.62,114.41,114.51,400
458,114.46,114.495,114.37,114.495,900
459,114.17,114.28,114.04,114.24,1585
460,114.29,114.3,114.135,114.15,900
461,114.27,114.32,114.235,114.235,500
462,114.09,114.21,113.975,114.21,1185
463,114.07,114.07,113.98,113.98,700
464,114.28,114.28,113.98,114.07,4998
465,114.33,114.33,114.15,114.29,2500
466,114.64,114.68,114.35,114.35,1600
467,114.47,114.67,114.25,114.66,1100
468,114.31,114.48,114.31,114.47,700
469,114.18,114.45,114.15,114.34,1700
470,114.22,114.22,114.08,114.08,2586
471,114.28,114.43,114.035,114.1275,11499
a1496151000,113.46,113.46,113.46,113.46,1116
1,113.88,113.94,112.51,112.51,2600
2,113.5,113.85,113.49,113.72,1500
3,113.38,113.44,112.9,113.3,3700
4,113.96,114.2,113.4,113.4,2000
5,113.37,113.6,113.3,113.6,1300
6,113.43,113.46,113.321,113.4,1401
7,113.62,113.64,113.41,113.42,1585
8,113.58,113.8,113.41,113.61,5300
9,113.46,113.74,113.44,113.74,2141
10,113.25,113.38,113.15,113.25,2634
11,112.97,113.25,112.64,113.25,4500
12,113.11,113.11,113,113,3251
13,113.1,113.21,112.85,113.0551,3327
14,113.17,113.17,112.86,112.98,2500
15,112.87,113.17,112.87,113.17,2004
16,113.03,113.03,112.87,113,2000
17,113.05,113.24,113.05,113.07,1000
18,113.16,113.35,113.11,113.11,700
19,113.05,113.42,113.02,113.27,3346
20,113.41,113.47,113.08,113.21,1000
21,113.11,113.21,112.97,113.21,604
22,113,113,112.85,112.97,1700
23,113,113.01,113,113.01,300
24,113,113.22,112.96,113,2000
25,112.82,113.07,112.77,113.05,900
26,112.94,112.94,112.41,112.695,2036
27,112.8,112.8,112.7,112.7,2600
28,112.72,112.76,112.63,112.75,919
29,112.83,112.83,112.74,112.74,1300
30,112.77,112.83,112.68,112.75,2050
31,112.76,113.16,112.75,112.77,2502
32,112.85,112.89,112.68,112.76,5585
33,112.82,112.84,112.75,112.84,600
34,112.9,112.9,112.815,112.82,2000
35,112.65,112.87,112.585,112.82,2100
36,112.605,112.77,112.605,112.7,4655
37,112.63,112.84,112.605,112.7,2200
38,112.53,112.81,112.5,112.66,9600
39,112.65,112.73,112.47,112.565,15019
144,113.25,113.25,113.25,113.25,830
145,113.2,113.29,113.2,113.2,300
146,112.9,113.92,112.1,113.27,1200
147,112.8,113,112.28,112.83,2900
148,112.8,112.94,112.64,112.64,1200
149,113.16,113.16,112.8,112.8,2100
150,113.2,113.2,112.955,113.15,3100
151,113.29,113.29,113.24,113.24,400
152,113.37,113.37,113.37,113.37,200
153,113.45,113.45,113.37,113.37,800
154,114,114,113.43,113.4332,1315
155,113.91,114,113.46,114,1000
156,113.28,113.53,113.28,113.53,1000
157,113.28,113.49,112.635,113.17,3000
158,113.1,113.95,113,113.22,600
159,113.15,113.85,113.03,113.03,900
160,112.885,113.67,112.43,113.15,1675
161,113.295,113.295,112.565,112.89,1900
162,112.955,113.51,112.94,112.94,800
163,112.92,113,112.92,113,300
164,113.1,113.43,113,113,800
165,113,113.35,112.91,113,1700
166,113.18,113.18,112.785,113,4751
167,112.85,113.1,112.78,112.9201,1443
168,112.875,112.875,112.38,112.805,700
169,112.69,113.25,112.5,112.5,400
170,112.96,113,112.61,112.75,4500
171,112.935,113,112.92,113,1700
172,113.05,113.16,112.6825,112.95,4605
173,113.015,113.08,112.93,113.01,1300
174,112.95,112.95,112.95,112.95,400
175,112.89,113.04,112.01,112.94,2400
176,113.01,113.01,112.95,112.955,400
177,112.95,113,112.92,112.92,600
178,112.95,113.07,112.93,112.95,1619
179,112.76,112.98,112.76,112.95,1800
180,112.85,112.97,112.51,112.51,2300
181,112.87,113.03,112.84,112.87,2100
182,113.05,113.24,112.89,112.99,4100
183,113.8,114.27,113.01,113.01,48156
288,113.1,114,113.1,114,2100
289,112.9,113.62,112.9,113,300
290,113.94,113.94,112.74,113.63,900
291,114.04,114.21,113.49,113.72,2580
292,114.55,114.595,113.98,114.04,4300
293,115.09,115.31,114.43,114.515,16731
294,113.82,115.13,113.82,115.08,6580
295,114.77,114.77,113.74,113.74,6087
296,114.6,114.75,114.45,114.75,5303
297,114.6,114.69,114.52,114.55,6368
298,114.75,114.865,114.535,114.535,1000
299,114.91,114.91,114.66,114.66,1100
300,116.395,116.4,115.09,115.09,9529
301,115.425,116.2,115.425,116.2,1770
302,115.43,115.43,115.27,115.27,200
303,115.52,115.77,115.34,115.42,5704
304,115.22,115.58,115.05,115.37,2600
305,115.56,115.56,115.2,115.2,1012
306,115.25,115.4,115.25,115.4,900
307,115.33,115.35,115.1164,115.1164,2270
308,115.195,115.33,115.195,115.33,400
309,115.53,115.53,115.26,115.26,1051
310,115.61,115.61,115.59,115.61,700
311,115.61,115.61,115.59,115.59,600
312,115.48,115.62,115.44,115.44,600
313,115.98,115.98,115.52,115.62,2316
314,115.8,115.8,115.8,115.8,100
315,116.06,116.06,115.82,116.06,790
316,116.32,116.32,116.17,116.17,605
317,116.15,116.73,115.9,116.39,5329
318,116.39,116.39,115.88,115.88,1000
319,116.0746,116.37,116.03,116.03,1753
320,114.87,116.02,114.87,116.02,4900
321,115.07,115.07,114.74,114.9,2000
322,115.03,115.27,114.92,115.07,3407
323,115.2,115.26,115.02,115.02,1702
324,115,115.19,114.97,115.17,2200
325,115.12,115.17,114.94,114.95,2173
326,115.02,115.13,114.9,115.13,3100
327,114.94,115.18,114.88,115.09,9333
432,115.18,115.18,115.18,115.18,954
434,113.5375,113.5375,113.5375,113.5375,100
435,114.16,115.11,114.16,114.8,500
437,114.49,114.5,114.49,114.5,200
438,113.1,113.62,113.1,113.62,300
439,114.245,114.245,113.875,113.875,1300
440,114.7037,115.15,114.3575,114.52,1200
441,114.625,114.625,114.601,114.62,300
442,115.005,115.005,114.45,114.68,3800
443,115.06,115.06,114.8,114.8,300
445,115.06,115.28,115.045,115.045,300
446,115.34,115.34,115.34,115.34,100
447,114.92,115.27,114.92,115.27,200
448,115.04,115.06,115.04,115.06,300
449,115.03,115.03,115.03,115.03,100
451,114.965,115.01,114.965,115.01,200
452,114.87,115.01,114.82,114.87,3162
453,114.74,114.85,114.74,114.85,900
455,114.75,114.78,114.64,114.69,1100
457,114.64,114.64,114.64,114.64,229
458,114.715,114.82,114.63,114.69,863
459,114.63,114.63,114.63,114.63,100
460,114.55,114.59,114.55,114.59,800
461,114.55,114.7,114.55,114.7,300
462,114.4,114.67,114.4,114.57,1700
463,113.8716,113.8716,113.8716,113.8716,100
464,114.15,114.15,113.94,113.94,2260
465,114.62,114.62,114.3225,114.3225,1200
466,114.89,114.95,114.77,114.77,300
467,114.525,114.75,114.525,114.66,800
468,114.57,114.575,114.57,114.575,200
469,114.66,114.66,114.58,114.58,700
470,114.3,114.67,114.24,114.67,3800
471,114.28,114.58,114.08,114.28,21809
864,114,114,114,114,938
865,113.485,113.96,113.07,113.53,15800
866,113.99,113.99,113.325,113.385,2200
867,113.51,113.75,113.51,113.75,300
868,113.57,113.57,113.18,113.54,2300
870,113.59,113.78,113.59,113.78,600
871,113.7,113.7,113.31,113.45,1200
872,113.77,113.77,113.63,113.72,17800
874,113.83,113.91,113.7,113.75,3996
875,114.12,114.12,113.765,113.765,2800
876,113.95,114.11,113.71,114.11,4701
877,113.75,113.9899,113.69,113.88,3038
878,113.685,113.75,113.685,113.745,500
879,113.81,113.87,113.73,113.73,600
880,113.8,113.87,113.71,113.87,3700
881,113.8,113.91,113.74,113.86,5522
882,113.79,113.79,113.72,113.72,600
883,113.76,113.83,113.69,113.81,9900
884,113.87,113.87,113.71,113.86,3700
885,113.9,113.9,113.83,113.85,1600
886,113.825,113.93,113.75,113.88,3700
887,113.78,113.9,113.78,113.83,1500
888,113.8322,113.8322,113.76,113.82,1105
889,113.8168,113.88,113.79,113.815,1135
890,113.735,113.85,113.7,113.78,2300
891,113.735,113.8199,113.69,113.72,1524
892,113.7275,113.7999,113.68,113.69,1500
893,113.87,113.87,113.7,113.7,1900
894,113.81,113.81,113.81,113.81,100
895,113.84,113.91,113.76,113.91,2900
896,114,114.07,113.84,113.84,2416
897,114.935,115.17,114.905,115.13,600
898,114.76,114.885,114.64,114.88,1500
899,114.69,114.69,114.42,114.591,3217
900,114.7,114.71,114.39,114.39,500
901,114.52,114.54,114.03,114.47,2211
902,114.33,114.63,114.15,114.42,4900
903,114.5,114.61,113.92,114.36,11866
a1496755800,114.3,114.3,114.3,114.3,697
3,114.08,114.08,114.08,114.08,100
4,113.2,114,113.01,113.64,1100
5,113.14,114,113.08,113.49,1600
6,114.06,114.07,113.7005,113.7005,400
7,113.84,114,113.34,113.9,2100
8,113.95,114.01,113.72,113.72,900
9,113.96,113.96,113.95,113.95,600
10,113.9,114.01,113.88,113.97,1500
11,114.02,114.12,113.84,113.92,900
12,114.29,114.29,114.13,114.17,900
13,114.66,114.99,114.26,114.28,2099
14,113.93,114.71,113.93,114.71,3600
15,114.21,114.31,113.57,114.14,1900
16,114.34,114.34,114.15,114.15,1100
17,114.66,114.66,114.5,114.5,900
18,114.77,114.86,114.46,114.65,2715
19,114.87,114.88,114.715,114.715,2499
20,114.32,114.88,114.14,114.88,6320
21,114.52,114.52,114.52,114.52,100
22,114.71,114.91,114.71,114.77,500
23,115,115,114.95,114.95,500
24,115,115,114.805,115,700
25,115.04,115.04,114.82,115,1500
26,114.915,114.96,114.82,114.96,1700
27,114.57,114.62,114.57,114.62,600
28,114.65,114.8,114.6443,114.6443,1666
29,114.9,114.9,114.74,114.74,1000
30,114.915,114.97,114.84,114.84,1400
31,115.13,115.13,114.9225,115.02,1400
32,115.08,115.16,115.02,115.13,800
33,114.8,115.065,114.79,115.02,2400
34,114.7801,114.915,114.7801,114.79,500
35,114.24,114.86,114.24,114.86,1600
36,114.33,114.33,114.16,114.21,1478
37,114.18,114.24,114,114.24,2109
38,114.07,114.08,113.81,113.95,2600
39,113.77,114.08,113.71,113.99,8526
144,114.71,114.71,114.71,114.71,2441
145,113.54,115.32,113.2,113.2,1187
146,113.65,114.59,112.65,114.32,2336
147,113.11,114.42,113.11,113.6,3600
148,114.055,114.055,113.09,113.09,2600
149,113.85,114.325,113.66,113.66,1200
150,114,114.1825,113.89,113.89,1000
151,113.84,114.1975,113.42,114.01,5000
152,113.58,114.14,113.58,113.63,700
153,112.91,113.3995,112.85,113.35,1600
154,113.06,113.41,113.01,113.01,1200
155,113.45,113.45,113.0105,113.0301,9543
156,113.24,113.29,113.05,113.25,8720
157,113.35,113.65,113.175,113.175,4969
158,113.45,113.45,113.3,113.3,400
159,112.99,113.36,112.9,113.36,1401
160,112.55,112.71,112.55,112.71,300
161,111.44,112.52,111.44,112.52,1000
162,111.51,111.82,111.49,111.49,2910
163,111.32,111.55,111,111.55,5363
164,111.17,111.47,111.17,111.34,2871
165,110.66,111.3824,110.55,111.16,1600
166,110.96,111,110.24,110.55,1400
167,110.61,111.01,110.31,111.01,1500
168,111,111.09,110.6,110.69,2326
169,110.8,110.8,110.8,110.8,100
170,110.565,110.84,110.31,110.77,1500
171,110.56,110.56,110.49,110.49,600
172,110.24,110.72,110.22,110.72,1500
173,110.95,110.975,110.33,110.33,5300
174,110.66,111.11,110.66,111.11,1200
175,110.79,111.05,110.11,110.11,3200
176,111.02,111.36,110.64,111,2900
177,111,111.41,111,111.09,5599
178,111.185,111.185,110.9725,111,2400
179,111.09,111.41,110.945,111.185,3817
180,111.2,111.2,111.03,111.03,1200
181,111.35,111.61,111.2,111.2,4501
182,112.6,112.6,111.05,111.27,4800
183,111.56,112.03,111.39,111.97,13782
288,110.95,110.95,110.95,110.95,1995
289,109.9,112.9575,109,112.26,9073
290,109.42,110.29,109.17,109.22,3900
291,108.27,109.41,108.26,109.41,4400
292,108.97,109.47,107.87,108.12,6100
293,109.74,109.74,108.97,108.97,2700
294,107.19,109.54,107.19,109.54,17603
295,107.39,108.33,106.95,107.07,39593
296,108.13,108.5,107.54,107.54,8217
297,108.0101,108.222,107.92,108,5639
298,108.06,108.4,108.06,108.18,7982
299,107.98,108.13,107.46,108.13,4400
300,107.57,107.83,107.55,107.78,2675
301,107.55,107.58,107.04,107.58,5200
302,107.06,107.79,107,107.79,3104
303,107.16,107.33,107.11,107.31,1700
304,107.35,107.4,107.18,107.34,4800
305,107.405,107.405,107.18,107.235,5748
306,106.72,107.45,106.52,107.44,4348
307,106.37,106.76,106.23,106.71,2200
308,106.1671,106.25,105.91,106.2,5700
309,106.085,106.14,105.97,106.07,1000
310,106,106.14,106,106,1800
311,105.845,106,105.57,105.95,2800
312,106.04,106.06,105.8228,105.845,3112
313,106.03,106.37,106.03,106.13,2600
314,106.06,106.56,106.03,106.12,1200
315,106.27,106.38,106.07,106.28,2800
316,106.23,106.39,106.19,106.3,1486
317,106.26,106.42,105.95,106.16,7300
318,105.96,106.34,105.95,106.26,3413
319,105.99,106.02,105.99,106.02,500
320,105.07,106.0287,105.07,105.98,4009
321,105.2,105.42,105.18,105.36,2900
322,105.225,105.6666,105,105.17,17116
323,105.285,105.285,105.09,105.24,4119
324,105.05,105.24,105,105.22,12388
325,105.25,105.37,105.03,105.04,6782
326,105.19,105.625,105.05,105.3056,10335
327,105,105.24,104.99,105,26964
432,108,108,105.5,105.5,1730
433,105.36,107.31,105,106.21,3742
434,105.645,105.99,105.05,105.265,5650
435,105.73,106.0197,105.69,105.69,6100
436,105.91,106.16,105.35,105.73,9000
437,105.7094,105.94,105.46,105.94,3781
438,105.8,105.96,105.35,105.71,5137
439,106.06,106.06,105.5,105.75,5800
440,105.74,106.01,105.66,105.92,3803
441,105.74,106.11,105.675,105.675,6724
442,106.205,106.385,105.82,105.9,12293
443,105.945,106.35,105.9,106.13,7231
444,106.33,106.33,106.055,106.165,1200
445,106.82,106.82,106.44,106.78,300
446,107.49,108.08,106.94,106.94,5193
447,108.04,108.04,107.56,107.56,2710
448,108.125,108.56,107.91,107.99,5200
449,107.17,108.47,107.12,108.47,4800
450,107.3,108.19,107.145,108.19,610
451,107.275,107.95,107.145,107.65,3820
452,107.8,107.85,107.09,107.55,1500
454,107.97,108.03,107.8,108.03,700
455,107.93,107.93,107.295,107.77,2900
456,108.96,109.05,107.7301,108.28,7812
457,108.15,109.09,107.62,108.185,6899
458,109.165,109.165,107.875,108.14,6300
459,109.39,109.505,108.75,108.86,3660
460,109.03,109.2488,109.03,109.185,532
461,108.885,109.13,108.74,109.13,1600
462,109.14,109.585,108.94,109.07,2300
463,108.83,109.3,107.925,109.27,3500
464,107.98,108.87,107.73,108.795,3670
465,108.465,108.75,108.465,108.62,1300
466,109.28,109.89,108.455,108.455,4210
467,109.675,109.91,109.53,109.87,1597
468,108.67,109.83,108.55,109.83,6000
469,108.71,109.13,108.52,108.665,8100
470,108.2,108.82,108.15,108.63,8700
471,108.51,108.7,107.655,107.655,17215
864,108.41,108.41,108.41,108.41,765
865,107.695,108.38,104.88,108.04,7018
866,106.4,107.67,104.88,107.67,12120
867,106.605,106.605,104.91,106.02,2683
868,105.895,106.43,104.89,105.34,3630
869,105.845,105.845,105.845,105.845,200
870,106.28,106.28,105.26,105.6,5944
871,106.32,106.32,106,106,400
872,106.6,106.895,105.98,106.04,7120
873,106.38,106.94,106.38,106.86,3400
874,107.11,107.39,106.18,106.38,8400
875,106.76,107.08,106.7,107.08,2966
876,108.41,108.41,106.83,106.83,5500
877,107,108.14,106.79,108.14,1300
878,107.465,107.6,107,107,1600
879,107.13,107.75,106.96,107.5999,2700
880,107.54,107.54,107.12,107.3,1200
881,107.45,107.67,107.12,107.13,1900
882,107.075,107.075,106.98,106.98,400
883,107.36,107.595,106.86,107.04,2300
884,106.96,107.345,106.69,107.2,900
885,105.65,107.39,105.65,107.365,1700
886,106.19,106.38,105.83,106.33,1800
887,106.45,106.955,105.83,106.27,8801
888,106.19,106.585,106.02,106.365,2904
889,106.675,106.675,105.76,106.21,1900
890,105.9,106.22,105.61,106.12,700
891,106.37,106.925,105.72,106.25,2700
892,106.66,106.98,105.98,106.45,5600
893,106.26,107,106.045,106.76,6302
894,107.565,107.565,105.85,106.08,5762
895,105.9798,107.25,105.9798,107.03,5999
896,106.47,106.85,105.93,105.93,4596
897,106.305,106.98,106.03,106.58,4216
898,107.52,107.52,106.51,106.655,3100
899,107.1254,107.58,106.67,107.58,3600
900,106.61,107.39,106.23,107.36,4375
901,106.54,107.305,106.35,106.96,5430
902,106.4,106.95,106.26,106.36,4100
903,106.46,106.815,106.13,106.39,20466
a1497360600,106.4,106.4,106.4,106.4,1128
1,105.83,106.675,105.46,105.46,2676
2,107.47,107.775,106.26,106.26,7393
3,107,107.29,106.91,107.29,2200
4,107.3,107.46,107.11,107.11,4800
5,107.34,107.65,107.24,107.3,3900
6,107.53,107.55,107.21,107.235,3000
7,108,108,107.265,107.34,5400
8,107.69,108.97,107.22,107.9,4999
9,107.72,107.74,107.05,107.35,2117
10,107.9,107.9,107.36,107.42,3500
11,107.7,108.01,107.4,107.92,3000
12,107.88,107.88,107.46,107.61,6800
13,107.44,107.83,107.44,107.56,2200
14,107.575,108.06,107.48,107.48,4600
15,107.395,107.6875,107.23,107.62,5000
16,107.7,108.16,107.23,107.23,4670
17,107.78,108.3,107.6,107.6,2500
18,108.4,108.86,107.635,107.77,10370
19,108.42,108.76,107.99,108.25,13148
20,108.35,108.505,108.17,108.28,4100
21,108.4,108.64,108.36,108.395,5500
22,108.745,108.89,108.44,108.44,2500
23,108.5,108.82,108.5,108.74,2500
24,108.5,108.66,108.5,108.63,1400
25,108.5,108.76,108.35,108.46,6100
26,108.25,108.55,107.93,108.435,10700
27,107.975,108.24,107.89,108.24,8983
28,108.28,108.39,107.975,107.975,3500
29,108.01,108.27,107.89,108.27,3100
30,108.1,108.32,108,108,5814
31,108.01,108.25,108.01,108.1,600
32,108.15,108.21,108.01,108.09,2100
33,108.2,108.31,108.04,108.1,2850
34,108.19,108.32,108.06,108.07,4200
35,108.17,108.59,107.88,108.18,4036
36,108.23,108.44,108.07,108.2,4400
37,108.315,108.58,108.21,108.445,3541
38,108.29,108.45,108.17,108.41,6425
39,108.43,108.56,108.07,108.25,18618
144,108.88,108.88,108.88,108.88,460
146,107.6,109.59,107.02,109.59,900
147,109.02,109.05,107.29,107.29,5146
148,108.99,109.37,108.795,109.02,1500
149,109.035,109.31,108.58,108.585,4590
150,109.51,109.605,109.21,109.21,3100
151,109.54,109.69,109.17,109.27,1600
152,109.67,109.8,109.465,109.74,4516
153,110,110.44,109.25,109.83,14827
154,109.835,109.99,109.805,109.805,1100
155,110.29,110.29,109.9,109.9,1500
156,110.43,110.43,109.915,110,3000
157,110.38,110.38,110.38,110.38,100
158,109.685,110.13,109.685,110.13,3863
159,110.08,110.605,109.76,109.92,5822
160,110.15,110.15,109.89,109.89,1100
161,110.165,110.165,110.01,110.01,600
162,110.435,110.435,110.13,110.135,800
163,110.19,110.5466,110.1,110.3,1625
164,110.295,110.295,110.295,110.295,100
166,110.25,110.405,110,110.12,7900
167,110.2,110.2,110.2,110.2,100
168,109.9675,110.13,109.76,110.13,2100
169,110.07,110.09,109.95,109.95,2800
170,110.1,110.16,109.95,110.05,3351
171,109.98,110,109.92,110,1199
172,110,110.12,109.945,109.985,3000
173,110.01,110.14,109.875,110.04,3786
174,110.5,110.5,110.25,110.28,400
175,109.935,110.15,109.85,110.15,3482
176,109.925,109.98,109.44,109.78,5100
177,109.825,109.96,109.63,109.96,3200
178,109.55,109.95,109.415,109.825,3000
179,109.08,109.57,108.48,109.48,4500
180,109.04,109.38,108.53,109,6944
181,109.4907,109.8,109.17,109.17,1534
182,108.85,109.56,108.85,109.56,3544
183,109.07,109.32,108.87,108.905,10205
288,108.19,108.19,108.19,108.19,688
290,108.385,109.14,107.35,109.14,5583
291,107.995,108.48,107.66,108.36,9000
292,107.865,108.53,107.865,108.2,2359
293,108.6,108.6,108.24,108.39,997
294,108.735,108.98,108.48,108.83,5700
295,108.76,109.14,108.1423,108.79,3824
296,108.65,108.65,108.555,108.555,400
297,109.075,109.1,108.66,108.79,2332
298,109.225,109.74,108.9,109.07,2758
299,109.31,109.37,109.19,109.225,1900
300,109.64,109.65,109.34,109.34,3450
301,109.2098,109.83,109.2098,109.77,4550
302,109.49,109.49,109.22,109.22,1900
303,108.87,109.3,108.87,109.3,2300
304,108.585,108.995,108.585,108.95,1500
305,108.82,108.82,108.455,108.57,900
306,108.66,109.165,108.28,108.85,6970
307,109.03,109.325,108.665,108.665,1900
308,109.11,109.11,109,109,500
309,109,109.13,109,109.01,800
310,109.26,109.26,109.06,109.06,200
311,108.82,109.1846,108.82,109.1846,1650
312,108.98,109.01,108.775,108.775,2065
314,108.83,109.07,108.82,109.07,1000
315,108.975,108.99,108.745,108.745,3860
316,108.96,109.01,108.96,109,2431
317,109.06,109.06,109.05,109.05,200
318,108.845,109,108.84,109,3700
319,108.81,108.89,108.77,108.785,2200
320,108.99,109.04,108.85,108.8699,1329
321,108.98,109.16,108.935,108.995,1400
322,109.455,109.455,108.925,108.925,600
323,109.27,109.41,109.26,109.26,900
324,109,109.33,109,109.32,2200
325,109.06,109.06,108.965,109,1000
326,108.54,109.05,108.54,109.05,3954
327,109.02,109.2,108.355,108.44,20752
432,109.51,109.51,109.51,109.51,1339
433,110.05,111.03,108.96,110.17,4837
434,110.035,110.79,109.71,110.4,4900
435,112.315,112.34,110.635,110.85,5700
436,113.19,113.865,112.31,112.31,500
437,110.67,113.135,110.28,112.2,4500
438,110.66,110.75,110.15,110.75,2300
439,110.3,110.85,110,110.85,3996
440,109.55,110.45,108.64,109.98,6488
441,108.84,109.71,108.1,109.71,3700
442,109.2,109.21,108.83,108.84,900
443,109.6539,109.735,108.69,108.69,2019
444,109.45,109.85,109.15,109.4,8640
445,109.44,109.88,109.19,109.8,2500
446,109.5262,109.5262,109.5262,109.5262,100
447,109.425,109.675,109.425,109.67,886
448,109.65,109.65,109.425,109.425,300
449,110.19,110.545,110.19,110.545,200
450,110.03,110.18,109.74,110.18,2500
451,110.14,110.59,109.8,110.02,7003
452,110.41,110.79,110,110,8588
453,111.02,111.02,110.275,110.36,7568
454,110.54,110.62,110.28,110.6,4364
455,110.65,110.65,110.44,110.44,900
456,110.5066,110.5066,110.5066,110.5066,182
457,110.45,110.68,110.45,110.68,400
459,110.25,110.65,110.25,110.34,2400
460,110.36,110.64,110.3,110.3,3903
462,110.5,110.99,110.5,110.83,1000
463,110.5,110.5,110.5,110.5,200
464,110.85,110.85,110.495,110.495,500
465,110.79,110.79,110.79,110.79,100
466,110.65,110.65,110.61,110.61,500
467,110.165,110.5,110.165,110.5,2227
468,110.24,110.445,110.23,110.245,600
469,110.16,110.44,110.16,110.27,900
470,110.15,110.41,110.1,110.32,3900
471,110.34,110.53,109.92,110.26,28660
864,111.38,111.38,111.38,111.38,1671
865,110.81,113.02,110.71,110.84,1778
866,109.35,110.66,109.05,110.66,2900
867,109.325,110.9,109.03,109.36,7020
868,109.53,109.8,109.09,109.26,5500
869,109.69,109.69,109.35,109.51,3000
870,109.735,109.735,109.495,109.6,3600
871,109.7,109.79,109.45,109.63,3200
872,109.67,110.06,109.63,109.7,5000
873,109.865,109.99,109.45,109.805,5469
874,109.715,109.96,109.6,109.935,5382
875,109.81,109.941,109.74,109.8,4100
876,110.43,110.71,109.605,109.79,10600
877,110.295,110.45,110.11,110.11,2200
878,110.36,110.41,110.04,110.11,3400
879,110.27,110.36,110.215,110.36,1900
880,110.5,110.91,110.295,110.3,7211
881,110.98,110.99,110.41,110.55,6545
882,110.65,110.74,110.43,110.74,5000
883,110.67,110.72,110.315,110.315,9472
884,110.85,110.94,110.47,110.59,8650
885,110.77,110.9,110.53,110.59,6898
886,110.65,110.775,110.555,110.67,4205
887,110.37,110.56,110.17,110.56,1200
888,110.445,110.69,110.11,110.41,3056
889,110.325,110.52,110.29,110.36,3806
890,110.32,110.4,110.2,110.2,3100
891,110.45,110.7425,110.35,110.395,8393
892,110.465,110.6,110.33,110.4,3854
893,110.35,110.51,110.275,110.46,5510
894,110.04,110.26,110.04,110.26,1400
895,109.79,110,109.57,110,2307
896,109.78,110.005,109.66,109.805,9011
897,109.95,109.95,109.69,109.695,3100
898,109.58,109.76,109.45,109.71,2248
899,109.765,110.36,109.5,109.55,4720
900,110.49,110.49,109.325,109.67,8450
901,109.93,110.03,109.45,109.8,3700
902,109.88,110.01,109.55,109.935,8759
903,109.85,110.12,109.505,109.77,26404
a1497965400,110.1,110.1,110.1,110.1,1704
1,111,111.47,110.15,110.7,3200
2,111.5,112.63,111.42,111.48,2700
3,111.1,111.5,110.975,111.5,3890
4,111.56,111.56,111.01,111.285,3100
5,111.55,112.05,111.33,111.33,3725
6,111.89,112.105,111.53,111.96,3400
7,112.05,112.155,111.73,111.87,5102
8,113.29,113.8,111.96,112.2,17593
9,113.88,114.8161,112.425,113.365,7900
10,112.84,113.8,112.84,113.71,1100
11,112.56,113.65,112.48,112.93,6865
12,111.59,112.7,111.59,112.7,8463
13,111.57,112,111.035,111.035,7100
14,111.855,112.25,111.32,111.58,3783
15,111.825,111.95,111.61,111.875,5290
16,111.48,111.95,111,111.875,5241
17,111.045,112.42,111.045,111.41,6113
18,111,111.975,110.865,111.58,15574
19,110.6799,111.07,110.445,111.02,8858
20,110.87,111.05,110.49,110.735,8455
21,111.25,111.33,110.74,110.755,4000
22,110.98,111.18,110.98,111.145,600
23,110.74,110.97,110.55,110.97,1600
24,110.7,110.87,110.56,110.745,1800
25,109.47,110.88,109.47,110.52,4099
26,109.38,110.11,109.375,109.5,2800
27,109.5,109.64,109.03,109.03,3600
28,108.76,109.33,108.76,109.255,2600
29,109.16,109.43,109.015,109.17,4215
30,109.56,109.56,109.075,109.21,4690
31,109.35,109.75,109.2,109.75,1470
32,108.96,109.5,108.96,109.34,3400
33,108.971,109.07,108.81,109,4500
34,109.225,109.56,108.94,108.94,4351
35,108.17,109.07,108.15,108.9,2900
36,107.755,108.25,107.59,108.04,9655
37,108.045,109.05,107.76,107.94,4900
38,108.27,108.27,107.5,107.89,10500
39,107.84,108.13,107.58,108.13,18729
144,108.92,108.92,108.92,108.92,2446
146,108.42,110.46,108.21,109.705,1800
148,108.86,109.91,108.25,109.06,13318
149,109.285,109.43,108.52,108.57,7554
150,110.3,111.49,109.33,109.33,11255
151,111.282,111.48,110.28,110.65,5188
152,110.34,110.34,110.34,110.34,100
153,111.0695,111.23,110.145,110.69,4330
154,111.355,111.355,110.805,110.925,1700
155,110.65,111.2,110.36,111.2,4600
156,110.61,110.94,110.53,110.92,2780
157,110.75,110.87,110.75,110.85,1800
158,110.08,110.85,110.075,110.75,4000
159,110.34,110.5,110,110.04,5825
160,110.91,110.91,110.3,110.35,4300
161,110.64,111.32,110.585,111.32,900
162,110.865,111.06,110.725,110.87,500
163,110.98,111.14,110.98,111.08,800
164,110.755,111.17,110.755,111.12,2800
165,111.365,111.5,110.86,110.86,1137
166,111.15,111.15,110.935,111.03,1200
167,111.34,111.41,111.05,111.38,2850
168,111.55,111.55,111.365,111.415,500
169,111.405,111.53,111.395,111.395,600
170,111.86,111.87,111.67,111.67,600
171,111.82,111.94,111.82,111.875,1500
172,112.15,112.33,111.95,111.95,2232
173,112.04,112.29,111.795,112.2,1700
174,111.33,111.965,111.33,111.78,2200
175,111.59,111.93,111.26,111.53,3663
176,111.9,111.9,111.9,111.9,200
177,111.885,112.375,111.88,112.375,2000
178,112.035,112.3301,111.77,111.89,2580
179,111.93,111.93,111.71,111.925,600
180,111.84,111.95,111.7,111.91,2400
181,111.63,111.74,111.3,111.71,4600
182,112.29,112.4,111.46,111.74,6710
183,112.4,112.87,112.055,112.38,15075
288,113.64,113.64,113.64,113.64,2841
289,112.4,113.65,112.4,113.205,7000
290,112.28,112.4,111.415,111.415,1739
291,112.59,112.83,112.21,112.23,9700
292,112.6,112.79,112.01,112.525,5450
293,112.03,112.66,111.0112,112.66,4000
294,111.47,112.36,111.2675,112.07,12190
295,111.79,112.0525,111.49,111.49,10215
296,112.21,112.21,111.87,111.98,2812
298,112.39,112.99,112.305,112.55,2949
299,112.8,113.07,112.44,112.44,1700
300,112.99,113.09,112.76,112.76,1520
301,112.87,112.87,112.655,112.755,1400
302,112.615,112.97,112.56,112.7,5951
303,112.801,112.965,112.45,112.63,8098
305,112.94,113.15,112.9,113.005,3600
306,113.01,113.02,112.92,112.92,500
307,113.44,113.71,112.9,112.925,3600
308,113.38,113.38,113.285,113.29,400
309,113.24,113.6,113.24,113.31,800
310,113.75,113.77,113.7,113.7,500
311,113.505,113.79,113.435,113.435,3020
312,113.55,113.88,113.55,113.59,1400
313,113.54,113.64,113.49,113.535,700
314,113.72,113.74,113.6,113.71,2600
315,113.3,113.71,113.245,113.6701,1700
316,113.265,113.45,113.24,113.24,2757
317,112.92,113.32,112.92,113.32,1300
318,112.66,112.71,112.66,112.7001,500
319,112.595,112.595,112.3201,112.58,820
320,112.56,112.585,112.3401,112.3401,4500
321,112.71,112.83,112.5201,112.81,1265
322,112.8,112.87,112.76,112.81,1500
323,112.92,112.92,112.7301,112.8,500
324,112.47,112.94,112.47,112.86,2500
325,112.585,112.7,112.48,112.48,1700
326,112.73,112.85,112.5001,112.5001,3000
327,112.57,112.97,112.39,112.905,10944
432,113.29,113.29,113.29,113.29,2080
433,111.54,111.84,111.54,111.57,1400
434,109.73,111.31,109.73,110.75,2300
435,110.39,110.96,109.6501,109.71,3724
436,110.555,110.88,110.21,110.615,2395
437,110.56,111.365,110.28,110.39,2904
438,111.4,111.4,110.26,110.26,5550
439,111.38,111.77,110.63,111.4,3700
440,111.5,112.1,111.24,111.25,2300
441,111.395,112.045,111.04,111.04,6300
442,111.1,111.62,110.9,111.33,9057
443,111.44,111.44,111.11,111.11,6700
444,111.7305,112.01,111.26,111.45,7300
445,111.69,111.75,111.46,111.65,2500
446,111.5805,111.61,110.71,111.56,8146
447,112.08,112.25,111.5801,111.5801,2300
448,111.87,112.23,111.87,112.23,400
449,111.82,111.91,111.54,111.89,1200
450,111.56,111.97,111.56,111.82,1100
451,111.46,111.98,111.46,111.73,3800
452,111.5,111.65,111.14,111.445,4500
453,111.46,112,111.27,111.27,2200
454,111.57,111.675,111.57,111.675,300
455,111.8,111.8,111.26,111.64,1930
456,111.76,111.94,111.44,111.81,2000
457,112.09,112.39,111.71,111.74,1244
458,111.85,112.12,111.17,112.12,3200
459,111.61,112.58,111.56,111.89,5000
460,111.82,112.3,111.64,111.64,2783
461,111.81,112.15,111.53,111.83,3000
462,111.37,111.965,111.37,111.63,2000
463,111.33,111.51,111.24,111.4,500
464,111.75,111.85,111.38,111.52,2700
465,111.48,112.04,111.43,111.5,2553
466,111.29,111.59,111.25,111.34,2119
467,111.38,111.5,111.21,111.21,1400
468,111.72,111.81,111.29,111.29,3700
469,111.82,111.82,111.41,111.61,2500
470,112.49,112.49,111.64,111.79,6683
471,111.84,112.53,111.57,112.3055,22687
864,113.03,113.03,113.03,113.03,1577
865,111.4,113.5,111.4,112.505,2400
866,111.745,112.43,110.65,110.65,2005
867,110.46,111.71,110.3,111.71,500
868,111.35,111.45,110.36,111.25,3150
869,111.62,112.14,111.46,112.11,1000
870,112.09,112.24,111.54,111.54,2300
871,111.93,112.22,111.49,111.62,400
872,111.5,111.64,110.74,111.64,500
873,112.14,112.25,111.64,111.64,2700
874,112.01,112.05,111.825,112.05,1344
875,112.27,112.27,111.865,111.865,2483
876,112.26,112.26,112.26,112.26,100
877,112.23,112.39,112.23,112.27,1300
878,112.91,112.91,112.36,112.36,1402
879,112.92,112.92,112.56,112.72,4498
880,113.105,113.15,112.895,112.895,2200
881,113.24,113.29,112.88,113.09,5046
882,112.98,113.115,112.53,113.115,4398
883,112.88,112.88,112.79,112.8,619
884,113.07,113.2,112.855,112.855,1990
885,112.9225,113.28,112.7,113.28,4777
886,112.99,113.29,112.9,112.9,1700
887,112.93,112.93,112.57,112.74,5253
888,112.9,112.985,112.7,112.72,3700
889,112.99,112.99,112.99,112.99,300
890,113,113.02,112.25,112.83,1600
891,112.59,112.8,112.59,112.68,1400
892,112.98,112.98,112.5,112.62,5892
893,112.57,112.93,112.48,112.77,1200
894,112.5,112.91,112.475,112.73,5600
895,112.55,112.69,112.49,112.65,1600
896,112.55,112.62,112.35,112.38,800
897,112.47,112.615,112.28,112.39,2700
898,112.855,112.855,112.3,112.485,2500
899,112.74,112.74,112.43,112.62,1400
900,112.53,112.76,112.48,112.74,1050
901,112.78,112.78,112.27,112.52,2500
902,112.45,112.77,112.37,112.56,4016
903,112.62,112.75,112.28,112.28,16303
a1498570200,112.26,112.26,112.25,112.25,1668
1,110.74,112.93,110.66,112.93,1892
2,111.105,111.415,110.6,110.72,2000
3,110.94,111.24,110.51,110.86,5101
4,111.45,111.61,111.1,111.15,4250
5,111.61,111.63,111.33,111.45,3100
6,111.5,111.6,111.41,111.56,2199
7,111.5,112,111.455,111.5,3990
8,111.26,111.68,111.26,111.68,5600
9,111.195,111.37,111.17,111.25,5764
10,111.16,111.37,111.065,111.195,8700
11,111.24,111.28,111.14,111.14,2600
12,111.27,111.28,111.1,111.24,6503
13,111.68,111.695,111.21,111.21,2300
14,111.7,111.83,111.7,111.83,700
15,111.42,111.75,111.42,111.75,3400
16,111.35,111.47,111.19,111.44,4504
17,111.24,111.42,111.18,111.19,11942
18,111.175,111.3,111.06,111.24,5068
19,110.74,111.2,110.74,111.18,3170
20,110.46,110.74,110.04,110.74,2800
21,110.24,110.435,110.24,110.435,2300
22,110.31,110.62,110.24,110.62,800
23,110.32,110.5,110.31,110.38,1300
24,110.01,110.49,110.01,110.34,2500
25,109.35,110.01,109.35,110.01,2055
26,109.22,109.36,109.22,109.36,400
27,109.68,109.68,109.31,109.63,1638
28,110.07,110.07,109.685,109.77,2200
29,109.705,109.93,109.705,109.83,1436
30,109.815,109.91,109.67,109.71,4215
31,110.03,110.14,109.815,109.815,3000
32,109.93,110.07,109.79,109.81,900
33,109.91,109.9303,109.78,109.925,783
34,110.26,110.615,109.89,109.89,3707
35,109.95,110.255,109.89,110.255,2300
36,109.72,110.08,109.72,109.925,2800
37,109.8,109.98,109.72,109.81,4100
38,110.06,110.1,109.785,109.785,4980
39,109.91,110.25,109.76,110.11,25151
144,109.4,109.4,109.4,109.4,3618
147,109.82,110.4,109.75,110.3,8100
148,110.78,110.78,110,110,8146
149,111.4,111.6,110.65,110.7,6100
150,111.7,112,111.52,111.52,1950
152,111.99,112.28,111.76,111.76,2182
153,112.6,112.62,112,112,3285
155,112.66,112.66,112.5,112.51,1100
156,112.54,112.54,112.54,112.54,100
157,112.68,112.78,112.68,112.72,400
158,112.66,112.66,112.5256,112.59,383
159,112.7,112.7,112.7,112.7,100
160,112.52,112.7,112.52,112.66,359
161,112.7,112.8,112.63,112.63,300
162,112.84,112.84,112.84,112.84,100
163,112.73,112.84,112.725,112.84,500
164,112.71,112.72,112.71,112.72,200
165,112.55,112.58,112.53,112.57,1400
166,112.61,112.695,112.61,112.695,200
168,112.89,112.89,112.61,112.61,800
169,112.8,112.8,112.67,112.67,200
170,112.64,112.725,112.64,112.725,200
171,112.78,112.81,112.78,112.81,200
172,112.85,112.85,112.81,112.84,400
173,112.89,112.89,112.89,112.89,200
174,112.88,112.9,112.88,112.89,548
175,112.855,112.88,112.855,112.87,300
176,112.89,113.04,112.89,113.04,368
177,112.95,112.95,112.94,112.94,200
178,113,113,112.89,112.89,1700
179,112.935,112.935,112.935,112.935,100
180,113.15,113.15,112.94,112.94,1100
181,113.19,113.19,113.05,113.13,2100
182,112.94,113.21,112.8,113.16,2834
183,112.33,112.86,112.26,112.69,16915
288,112.3,112.3,112.3,112.3,207
290,110.96,110.96,110.96,110.96,100
292,111.3,111.955,111.07,111.955,500
293,111.15,112.516,111.15,112.516,444
294,110.56,111.06,110.51,111.06,1600
295,111.08,111.08,110.59,110.73,2290
296,111.5,112.01,111.25,111.25,1700
297,111.645,112.03,111.3,111.3,1600
298,111.54,111.76,111.53,111.65,700
299,111.66,111.75,111.285,111.355,1800
300,111.275,111.36,111.25,111.36,700
301,110.64,111.2,110.64,111.2,1700
302,110.9,111.065,110.85,110.85,1100
303,110.75,110.98,110.75,110.98,987
304,110.8,110.8,110.79,110.79,300
305,111.19,111.19,111.19,111.19,100
308,110.99,110.99,110.99,110.99,100
309,110.99,111.08,110.88,111.02,1800
310,110.85,110.99,110.54,110.78,1304
311,110.68,110.88,110.68,110.88,300
312,110.8,110.86,110.53,110.56,1500
313,110.85,110.85,110.54,110.56,1615
315,110.7,110.7,110.7,110.7,100
316,111.13,111.13,110.66,110.66,1300
317,110.96,111.205,110.95,111.205,400
318,111.4799,111.4799,111.01,111.06,909
319,111,111.02,110.85,111.02,1000
320,110.98,111,110.81,110.99,2100
323,111.09,111.09,111.05,111.05,200
324,111,111.02,111,111.02,200
325,111.04,111.15,110.99,111,900
326,112.09,112.09,111.0975,111.0975,1300
327,111.71,112.01,111.54,111.76,18662
432,110.66,110.66,110.66,110.66,4283
434,112.505,112.505,112.505,112.505,100
435,110.91,112.1,110.91,112.1,200
436,110.97,111.485,110.92,111.48,400
437,111.08,111.83,111.08,111.83,200
438,111.04,111.255,111.03,111.03,300
439,111.06,111.42,111.05,111.14,1500
440,111.25,111.38,111.17,111.17,800
441,111.03,111.32,111.03,111.32,5452
442,110.99,111.16,110.99,111.055,1602
443,111.04,111.04,110.86,110.88,2000
444,111.0795,111.0795,110.85,111,2300
445,111.55,111.77,110.89,110.9405,6400
446,111.765,111.765,110.94,111.6,5100
447,112.26,112.26,112.26,112.26,100
448,111.525,111.75,111.525,111.75,400
449,111.38,111.39,111.37,111.39,400
450,111.45,111.465,111.45,111.465,300
451,111.49,111.5,111.42,111.5,474
452,111.7,111.7,111.42,111.43,1600
453,111.75,111.75,111.75,111.75,100
454,111.86,111.86,111.62,111.62,3601
456,111.86,111.98,111.86,111.98,300
457,112.06,112.06,111.86,111.87,1000
458,112.18,112.18,112.18,112.18,100
459,112.18,112.18,112.18,112.18,200
460,112.28,112.37,112.145,112.145,1400
461,112.23,112.32,112.2198,112.32,1300
462,112.4,112.4,112.24,112.24,2116
463,112.37,112.37,112.37,112.37,400
464,112.475,112.56,112.47,112.47,1100
465,113.14,113.38,112.41,112.41,1525
466,112.76,112.965,112.68,112.91,1500
467,112.95,112.95,112.66,112.66,2472
468,112.99,113.09,112.78,112.97,2659
469,113.04,113.04,112.99,112.99,1200
470,113.055,113.13,112.95,113.06,5101
471,113.1,113.28,112.98,113.15,19483
864,113.59,113.59,113.59,113.59,715
865,112.4,112.4,111.73,112,300
866,112.935,112.935,112,112,3200
867,112.88,113.1,112.7,113,1700
868,112.52,113.08,112.47,112.88,900
869,112.99,113,112.39,112.39,2000
870,112.82,113.01,112.82,112.99,600
871,112.43,112.97,112.43,112.85,2400
872,112.3,112.46,112.17,112.24,1000
873,112.12,112.29,112.08,112.08,3835
874,112.37,112.37,112.07,112.07,1200
875,112.13,112.3,112.13,112.17,400
876,112.26,112.36,112.09,112.09,806
877,112.03,112.23,112.03,112.23,700
878,111.73,111.93,111.65,111.93,600
879,111.37,111.71,111.37,111.71,700
880,110.7,111.39,110.7,111.39,700
881,111.17,111.17,110.95,110.95,500
882,111.23,111.26,111.23,111.26,500
883,111.22,111.34,111.21,111.23,1000
884,111.68,111.81,111.21,111.21,3754
885,111.89,112.45,111.66,111.98,8957
a1499261400,110,110,110,110,571
1,108.3,110.24,107.8,110.24,17300
2,106.67,108.395,106.41,108.03,21540
3,104.5,106.59,104.14,106.41,17778
4,103.935,105,103.75,104.75,14417
5,102.6001,103.84,102.6,103.84,7343
6,102.537,103.23,102.19,102.81,5900
7,104.03,104.03,102,102.61,9670
8,103.805,104.3015,103.45,103.9615,6583
9,103.41,104.01,103.3,103.805,4662
10,104.98,104.98,103.39,103.41,20848
11,105.41,105.41,104.7,104.92,7401
12,105.75,106.035,105.22,105.51,9901
13,105.56,106.655,105.56,105.84,9413
14,105.02,106.12,104.84,105.83,6700
15,104.23,105.7452,104.23,104.85,5000
16,104.98,105.125,104.685,104.99,3200
17,104.82,104.95,104.69,104.95,5000
18,104.79,104.97,104.585,104.855,4300
19,104.54,104.65,104.4737,104.65,650
20,104.825,104.975,104.47,104.47,2800
21,105.02,105.12,104.825,104.875,4400
22,104.9,104.9,104.72,104.72,800
23,104.7775,105.04,104.73,105.01,2870
24,104.9,104.96,104.9,104.91,1000
25,104.92,104.92,104.76,104.9,1200
26,104.62,104.7,104.62,104.7,400
27,104.78,104.93,104.62,104.62,900
28,105.03,105.12,104.77,104.77,1900
29,105.12,105.17,105.1,105.1,1590
30,105.19,105.19,105.14,105.14,400
31,105,105.21,105,105.2,2400
32,105,105.15,105,105.0348,2240
33,105.15,105.355,104.9,105.05,3540
34,104.4,105,104,105,119024
35,105.14,105.15,104.18,104.18,21256
36,104.9975,105.26,104.92,105.03,11300
37,105.135,105.32,104.67,105.04,17905
38,104.96,105.3,104.81,105.2,20996
39,104.97,105.195,104.66,104.975,99522
