EXCHANGE%3DNASDAQ
MARKET_OPEN_MINUTE=570
MARKET_CLOSE_MINUTE=960
INTERVAL=600
COLUMNS=DATE,CLOSE,HIGH,LOW,OPEN,VOLUME
DATA=
TIMEZONE_OFFSET=-240
a1493128200,2.1328,2.1328,2.0892,2.0892,900
6,2.1,2.1,2.09,2.0918,700
9,2.113,2.113,2.1011,2.1011,1100
10,2.1001,2.1007,2.1001,2.1007,900
11,2.1032,2.1032,2.1032,2.1032,400
12,2.1001,2.12,2.1001,2.12,200
13,2.11,2.11,2.1,2.1,1500
14,2.09,2.11,2.09,2.11,200
15,2.1558,2.1558,2.1558,2.1558,100
17,2.1101,2.1101,2.1101,2.1101,100
18,2.116,2.13,2.116,2.13,200
20,2.15,2.17,2.1158,2.13,2100
22,2.175,2.175,2.16,2.1601,800
23,2.0991,2.0991,2.0991,2.0991,400
26,2.1899,2.1899,2.18,2.18,600
28,2.19,2.19,2.19,2.19,100
30,2.17,2.17,2.17,2.17,100
32,2.19,2.19,2.19,2.19,100
33,2.17,2.17,2.17,2.17,100
36,2.14,2.14,2.14,2.14,100
37,2.11,2.14,2.11,2.13,1168
142,2.13,2.13,2.13,2.13,104
145,2.1,2.1001,2.1,2.1,1000
146,2.1054,2.1054,2.1054,2.1054,500
148,2.1,2.12,2.1,2.12,500
149,2.1,2.1,2.1,2.1,100
152,2.0937,2.095,2.09,2.0901,2066
158,2.1,2.1,2.09,2.0907,1200
159,2.12,2.12,2.12,2.12,300
168,2.1577,2.1577,2.1577,2.1577,300
174,2.18,2.18,2.126,2.127,1700
175,2.1601,2.1601,2.1601,2.1601,500
176,2.1501,2.1896,2.1501,2.1896,1100
177,2.1501,2.1501,2.1501,2.1501,100
180,2.2,2.2,2.17,2.18,3221
181,2.18,2.21,2.18,2.18,1103
287,2.18,2.18,2.1519,2.1519,1000
288,2.18,2.18,2.15,2.15,300
289,2.18,2.18,2.18,2.18,100
290,2.18,2.18,2.18,2.18,100
291,2.18,2.18,2.18,2.18,100
293,2.1731,2.1731,2.1731,2.1731,800
302,2.1701,2.1701,2.1701,2.1701,700
315,2.1957,2.1957,2.1957,2.1957,800
316,2.171,2.2,2.171,2.1731,1500
317,2.1739,2.1739,2.1739,2.1739,600
320,2.1701,2.1701,2.1701,2.1701,1100
323,2.1701,2.1701,2.1701,2.1701,500
324,2.25,2.25,2.2064,2.2064,8264
325,2.2,2.25,2.2,2.24,547
433,2.1677,2.1677,2.1677,2.1677,800
435,2.1673,2.1673,2.1673,2.1673,100
436,2.1692,2.1692,2.1692,2.1692,400
438,2.1991,2.1991,2.1991,2.1991,100
440,2.2,2.2,2.186,2.1891,1700
441,2.2,2.25,2.2,2.2,22266
442,2.19,2.2,2.167,2.2,1700
443,2.17,2.18,2.17,2.18,1064
444,2.15,2.1633,2.15,2.1633,3500
445,2.19,2.19,2.1501,2.1501,1000
446,2.17,2.18,2.17,2.1701,1600
449,2.1847,2.1847,2.1847,2.1847,900
454,2.2,2.2,2.2,2.2,1200
457,2.2351,2.2351,2.2,2.2,700
458,2.2031,2.2031,2.2031,2.2031,500
460,2.2031,2.2031,2.2031,2.2031,800
461,2.2,2.2,2.2,2.2,950
464,2.2,2.2,2.2,2.2,1100
468,2.21,2.2116,2.21,2.2116,1800
469,2.24,2.24,2.21,2.21,357
862,2.24,2.24,2.24,2.24,150
865,2.1947,2.1947,2.1901,2.1901,1000
866,2.19,2.19,2.19,2.19,300
867,2.17,2.17,2.16,2.16,600
868,2.16,2.1601,2.16,2.1601,800
869,2.1792,2.1996,2.1792,2.1996,10400
870,2.18,2.18,2.1639,2.1639,1100
871,2.1639,2.18,2.161,2.18,1800
874,2.1631,2.1631,2.1631,2.1631,900
875,2.1543,2.1543,2.1543,2.1543,1220
877,2.1701,2.1701,2.17,2.17,900
879,2.21,2.21,2.1831,2.1831,1400
880,2.1939,2.1939,2.191,2.191,2100
887,2.21,2.21,2.21,2.21,500
888,2.201,2.21,2.201,2.21,900
890,2.2001,2.2001,2.2001,2.2001,800
891,2.2001,2.228,2.2001,2.2122,2217
892,2.21,2.21,2.21,2.21,100
894,2.212,2.212,2.212,2.212,1000
896,2.212,2.212,2.212,2.212,600
898,2.21,2.2101,2.21,2.21,600
a1493733000,2.18,2.18,2.18,2.18,1366
1,2.1675,2.2399,2.1662,2.23,10200
3,2.2,2.2,2.2,2.2,600
4,2.2,2.2,2.2,2.2,100
5,2.171,2.171,2.171,2.171,900
6,2.2,2.2,2.2,2.2,100
8,2.1731,2.1731,2.1731,2.1731,600
9,2.19,2.19,2.19,2.19,100
10,2.2,2.2,2.2,2.2,100
12,2.2,2.2,2.2,2.2,400
13,2.2001,2.2001,2.2001,2.2001,700
16,2.2186,2.2186,2.2186,2.2186,100
17,2.2,2.2,2.1733,2.1733,847
18,2.1618,2.1618,2.1618,2.1618,700
20,2.19,2.19,2.19,2.19,200
21,2.19,2.19,2.19,2.19,200
24,2.195,2.195,2.1601,2.17,700
28,2.19,2.19,2.19,2.19,200
29,2.19,2.19,2.19,2.19,200
30,2.1454,2.19,2.1454,2.19,3480
32,2.18,2.18,2.18,2.18,100
33,2.17,2.1724,2.17,2.1724,1300
35,2.16,2.17,2.16,2.17,4500
36,2.16,2.18,2.16,2.16,1231
37,2.17,2.18,2.15,2.18,1396
143,2.15,2.1539,2.15,2.1539,1300
145,2.1699,2.1699,2.16,2.16,900
149,2.155,2.155,2.141,2.141,600
150,2.16,2.16,2.1431,2.1431,600
151,2.1667,2.1667,2.16,2.16,1100
153,2.14,2.141,2.14,2.141,600
154,2.1416,2.1416,2.14,2.14,900
155,2.15,2.15,2.14,2.14,600
158,2.163,2.163,2.163,2.163,1000
159,2.15,2.15,2.15,2.15,100
160,2.16,2.16,2.16,2.16,100
162,2.1739,2.1739,2.1608,2.1608,2700
163,2.16,2.17,2.15,2.17,3858
164,2.13,2.14,2.13,2.14,500
167,2.12,2.1224,2.12,2.1224,1200
168,2.11,2.125,2.11,2.125,2200
169,2.1,2.1,2.08,2.1,1600
170,2.09,2.09,2.08,2.0838,6642
172,2.1,2.1048,2.1,2.1048,3200
174,2.1201,2.1201,2.06,2.0801,1667
177,2.1103,2.1103,2.1101,2.1101,1100
179,2.13,2.13,2.1112,2.1131,1800
180,2.11,2.13,2.11,2.13,781
181,2.16,2.16,2.11,2.11,3019
297,2.12,2.2,2.1,2.1,15821
298,2.12,2.18,2.12,2.18,3300
299,2.13,2.13,2.13,2.13,200
302,2.13,2.13,2.13,2.13,400
303,2.13,2.1318,2.13,2.1318,1800
304,2.13,2.13,2.13,2.13,100
305,2.13,2.13,2.13,2.13,100
308,2.13,2.132,2.13,2.132,1200
309,2.1124,2.1124,2.1124,2.1124,600
310,2.11,2.11,2.11,2.11,100
312,2.1,2.1126,2.1,2.1126,5800
313,2.1,2.1,2.1,2.1,300
314,2.0731,2.0731,2.0731,2.0731,900
315,2.07,2.07,2.07,2.07,100
317,2.09,2.09,2.089,2.089,900
318,2.0731,2.0731,2.0731,2.0731,600
319,2.09,2.09,2.09,2.09,200
322,2.0739,2.0831,2.0739,2.0831,3900
323,2.07,2.0739,2.07,2.0739,1600
324,2.18,2.23,2.0601,2.09,4958
325,2.08,2.18,2.06,2.18,687
436,2.1343,2.175,2.1343,2.175,600
437,2.11,2.13,2.09,2.13,2300
441,2.09,2.12,2.09,2.12,2100
443,2.1199,2.12,2.1199,2.12,1400
444,2.0835,2.0835,2.0835,2.0835,800
445,2.0832,2.0832,2.0832,2.0832,1200
446,2.0833,2.0996,2.0833,2.0996,560
453,2.09,2.09,2.08,2.081,900
454,2.0801,2.1,2.08,2.09,1700
455,2.08,2.08,2.08,2.08,100
456,2.0731,2.08,2.0731,2.0731,3200
459,2.08,2.085,2.08,2.085,900
460,2.07,2.07,2.07,2.07,200
461,2.07,2.0724,2.07,2.0724,2400
463,2.02,2.075,1.93,2.0724,13416
464,2.0758,2.0758,2.0758,2.0758,100
466,2.0285,2.03,2.0285,2.03,1100
468,2.045,2.05,2.02,2.05,831
469,2.04,2.16,2.04,2.1,1300
862,2.1,2.1,2.1,2.1,200
864,2.12,2.14,2.12,2.14,500
865,2.086,2.15,2.08,2.12,9200
866,2.03,2.0855,2.02,2.08,8228
867,2.06,2.06,2.06,2.06,200
868,2.04,2.04,2.04,2.04,1090
879,2.06,2.0654,2.06,2.0654,2100
882,2.1,2.12,2.1,2.11,4000
883,2.11,2.13,2.11,2.115,1900
884,2.1162,2.1347,2.1162,2.1347,2100
885,2.14,2.1433,2.14,2.1433,2500
886,2.1398,2.14,2.1047,2.1047,3000
887,2.1162,2.1162,2.1162,2.1162,1200
888,2.1131,2.1132,2.1131,2.1132,1300
889,2.1101,2.1101,2.1101,2.1101,500
891,2.11,2.1124,2.1,2.1124,1532
892,2.08,2.0839,2.08,2.0801,1400
893,2.0831,2.0831,2.0831,2.0831,1200
894,2.1,2.1,2.08,2.0801,2700
895,2.11,2.11,2.095,2.095,200
896,2.0801,2.1001,2.08,2.1001,2100
897,2.0762,2.0762,2.07,2.0729,2000
899,2.0895,2.0895,2.0895,2.0895,1000
900,2.1,2.1,2.0731,2.091,2600
901,2.08,2.1,2.07,2.1,3369
a1494337200,2.138,2.138,2.138,2.138,100
3,2.0877,2.1,2.0877,2.1,1800
4,2.0677,2.0677,2.0631,2.0631,900
5,2.0785,2.08,2.07,2.07,300
7,2.0831,2.0831,2.0831,2.0831,799
8,2.12,2.12,2.09,2.1,900
10,2.06,2.0601,2.06,2.06,900
11,2.06,2.06,2.06,2.06,100
14,2.04,2.06,2.04,2.06,598
16,2.03,2.031,2.03,2.031,700
17,2.03,2.03,2.03,2.03,202
18,2.05,2.05,2.03,2.03,200
19,2.05,2.05,2.05,2.05,100
22,2.0331,2.0331,2.0331,2.0331,700
23,2.04,2.04,2.03,2.03,1100
27,2.05,2.1,2.05,2.08,9500
28,2.0331,2.0331,2.0331,2.0331,500
29,2.0346,2.0346,2.0301,2.0301,1100
30,2.056,2.056,2.0555,2.0555,2000
31,2.04,2.04,2.03,2.03,2000
32,2.0331,2.0331,2.0331,2.0331,400
33,2.0423,2.0423,2.0423,2.0423,1200
35,2.0519,2.0519,2.0519,2.0519,300
36,2.03,2.05,2.0239,2.05,7890
38,2.03,2.03,2.03,2.03,806
147,2.08,2.08,2.05,2.05,1500
148,2.0401,2.0928,2.03,2.0928,11300
151,2.08,2.09,2.07,2.07,1400
152,2.0948,2.0948,2.0948,2.0948,500
153,2.0731,2.0731,2.0731,2.0731,500
154,2.07,2.07,2.07,2.07,400
155,2.0212,2.05,2.0201,2.035,2200
157,2.0588,2.0588,2.02,2.025,600
159,2.05,2.07,2.0401,2.05,7400
160,2.0739,2.0739,2.07,2.07,7480
161,2.07,2.1,2.07,2.0801,2700
162,2.0831,2.0831,2.0829,2.0829,1400
164,2.08,2.09,2.08,2.09,1200
166,2.1486,2.1486,2.1486,2.1486,100
170,2.0801,2.1,2.08,2.095,5800
172,2.09,2.09,2.09,2.09,1000
173,2.09,2.0939,2.09,2.0939,1200
176,2.0839,2.0839,2.0839,2.0839,1400
177,2.07,2.0831,2.07,2.0831,2300
178,2.07,2.0731,2.07,2.0731,1600
179,2.07,2.07,2.07,2.07,1000
180,2.0723,2.0724,2.0723,2.0724,2300
181,2.07,2.07,2.07,2.07,373
182,2.07,2.07,2.07,2.07,400
289,2.07,2.07,2.07,2.07,800
290,2.0936,2.0936,2.0936,2.0936,500
291,2.0847,2.0847,2.0847,2.0847,600
292,2.08,2.0822,2.07,2.08,3200
293,2.07,2.0715,2.07,2.0715,10500
294,2.07,2.07,2.07,2.07,700
296,2.05,2.07,2.05,2.07,700
298,2.05,2.0699,2.05,2.0699,1700
299,2.05,2.05,2.05,2.05,100
302,2.0532,2.0532,2.0532,2.0532,400
303,2.07,2.07,2.07,2.07,100
304,2.04,2.06,2.04,2.06,400
307,2.04,2.0431,2.04,2.0431,2800
308,2.08,2.08,2.08,2.08,500
309,2.0585,2.0585,2.0585,2.0585,1300
310,2.0539,2.0539,2.0527,2.0527,1400
311,2.09,2.09,2.09,2.09,600
312,2.06,2.067,2.06,2.067,900
314,2.09,2.09,2.09,2.09,100
315,2.1,2.1,2.1,2.1,1300
316,2.14,2.14,2.0701,2.1,2300
317,2.14,2.14,2.14,2.14,100
318,2.14,2.2369,2.14,2.2369,1100
319,2.14,2.1562,2.14,2.147,3200
320,2.14,2.147,2.14,2.147,1900
321,2.19,2.2,2.14,2.2,1900
322,2.18,2.18,2.1254,2.1254,800
323,2.2,2.2,2.1233,2.1233,1800
324,2.19,2.19,2.1201,2.14,2500
325,2.1701,2.19,2.1332,2.1358,2777
326,2.1799,2.18,2.0441,2.17,9439
431,2.22,2.22,2.22,2.22,1000
436,2.11,2.139,2.11,2.139,3280
450,2.0535,2.0547,2.0535,2.0547,1399
456,2.0546,2.0546,2.0546,2.0546,300
457,2.05,2.0531,2.05,2.0531,900
458,2.0532,2.07,2.0532,2.07,800
460,2.0995,2.0995,2.0995,2.0995,1000
461,2.1285,2.1285,2.07,2.0845,7320
462,2.1,2.1486,2.07,2.1248,6000
464,2.06,2.1599,2.06,2.09,7040
465,2.0593,2.0605,2.0593,2.0605,1700
466,2.06,2.144,2.06,2.1236,900
467,2.0777,2.0777,2.0777,2.0777,500
468,2.1207,2.1207,2.1162,2.1162,1800
470,2.08,2.14,2.08,2.11,2696
864,2.1,2.1,2.09,2.09,2000
865,2.1,2.1,2.1,2.1,2100
866,2.08,2.1,2.08,2.1,800
869,2.0436,2.05,2.04,2.04,6511
870,2.06,2.08,2.06,2.0601,4100
871,2.0577,2.06,2.0577,2.06,1900
872,2.06,2.06,2.05,2.05,1000
874,2.07,2.07,2.0699,2.0699,3000
875,2.05,2.066,2.05,2.05,4300
877,2.04,2.0518,2.04,2.0518,1900
879,2.04,2.0431,2.04,2.04,1870
882,2.047,2.047,2.047,2.047,1000
886,2.0466,2.0466,2.0466,2.0466,1000
888,2.04,2.0483,2.04,2.0483,2300
894,2,2.0001,2,2.0001,691
900,2,2,1.995,1.995,5047
901,2,2,2,2,185
902,2,2.0201,2,2.0064,2077
a1494941400,2.1,2.1,2.1,2.1,1005
1,2.1,2.1,2.1,2.1,1000
7,2.003,2.003,2.003,2.003,500
10,2,2,2,2,980
11,2.04,2.04,2.04,2.04,100
12,2.02,2.02,2.02,2.02,900
13,2,2.0032,2,2.0032,1680
14,1.98,1.98,1.98,1.98,500
16,1.98,2.0053,1.98,2.0053,1180
17,2.06,2.0629,2.001,2.009,7383
20,2,2.01,1.98,1.9862,2000
21,2,2,2,2,380
23,2.0024,2.0168,2,2.001,4900
25,1.9696,2.0014,1.9696,2.0001,3540
26,1.98,1.99,1.97,1.99,14860
28,1.9701,1.9701,1.97,1.97,1435
30,1.94,1.9699,1.94,1.9699,600
32,1.9324,1.9324,1.9324,1.9324,500
34,1.93,1.93,1.93,1.93,1000
35,1.934,1.939,1.934,1.939,500
37,1.93,1.93,1.93,1.93,1500
39,1.9,1.925,1.76,1.925,22063
147,1.77,1.77,1.76,1.77,1800
148,1.78,1.7999,1.76,1.761,20400
150,1.78,1.79,1.775,1.78,8400
151,1.77,1.77,1.77,1.77,400
153,1.75,1.7673,1.75,1.7673,18100
154,1.61,1.75,1.6,1.75,76878
155,1.62,1.62,1.61,1.62,2800
159,1.58,1.6176,1.55,1.6001,5200
160,1.615,1.615,1.6,1.6,1100
161,1.61,1.62,1.61,1.6185,5100
162,1.63,1.6808,1.61,1.61,2200
163,1.65,1.68,1.63,1.63,2000
164,1.65,1.6799,1.63,1.655,1700
165,1.65,1.65,1.65,1.65,700
166,1.65,1.65,1.65,1.65,1200
167,1.64,1.65,1.64,1.65,300
168,1.6358,1.6358,1.63,1.63,500
169,1.63,1.635,1.63,1.635,1400
170,1.63,1.6451,1.63,1.6451,3450
172,1.64,1.6483,1.635,1.6483,1900
173,1.6222,1.6222,1.6222,1.6222,615
175,1.6199,1.6199,1.6199,1.6199,1200
176,1.6,1.6199,1.6,1.6199,2704
177,1.6092,1.6092,1.6,1.6,1300
180,1.58,1.6,1.57,1.6,1100
181,1.55,1.58,1.55,1.58,9774
182,1.59,1.59,1.5688,1.5688,3500
183,1.58,1.6,1.56,1.6,14522
288,1.59,1.59,1.59,1.59,463
289,1.5518,1.6082,1.5518,1.6082,400
290,1.5884,1.5884,1.5884,1.5884,100
294,1.5899,1.5899,1.5868,1.5868,606
299,1.57,1.58,1.57,1.58,900
301,1.56,1.56,1.56,1.56,475
302,1.55,1.55,1.55,1.55,400
303,1.55,1.56,1.55,1.5501,1925
305,1.52,1.5573,1.5,1.5573,2841
306,1.48,1.5078,1.48,1.5045,7700
307,1.4192,1.48,1.4192,1.48,1000
308,1.4117,1.4117,1.4,1.4,1408
310,1.4799,1.4799,1.41,1.41,1500
313,1.4253,1.4253,1.4253,1.4253,500
315,1.41,1.44,1.41,1.44,7900
316,1.4154,1.4191,1.4,1.4191,2800
319,1.42,1.4278,1.42,1.4278,1100
321,1.42,1.42,1.42,1.42,1000
322,1.37,1.42,1.37,1.4184,4300
324,1.3821,1.3821,1.3821,1.3821,1092
325,1.4077,1.4077,1.3992,1.3992,2284
327,1.41,1.41,1.395,1.395,1450
432,1.4,1.4,1.4,1.4,1302
433,1.3815,1.3815,1.3815,1.3815,250
434,1.37,1.3701,1.37,1.37,2050
440,1.3799,1.3799,1.3799,1.3799,500
443,1.37,1.37,1.37,1.37,299
444,1.3401,1.3569,1.3401,1.3569,1601
446,1.34,1.3505,1.34,1.3505,1100
449,1.3528,1.3528,1.3528,1.3528,500
454,1.3527,1.3527,1.3527,1.3527,1265
457,1.35,1.35,1.35,1.35,100
469,1.35,1.35,1.35,1.35,170
470,1.3592,1.36,1.35,1.3514,2574
471,1.37,1.37,1.35,1.36,1459
865,1.3703,1.3703,1.3703,1.3703,143
867,1.351,1.39,1.351,1.39,3200
868,1.39,1.39,1.36,1.36,2700
869,1.4381,1.4381,1.38,1.39,2940
871,1.3951,1.42,1.39,1.42,4600
873,1.395,1.395,1.395,1.395,100
874,1.41,1.41,1.41,1.41,100
875,1.41,1.42,1.4099,1.4099,3900
877,1.42,1.42,1.42,1.42,600
878,1.43,1.43,1.4105,1.42,1696
879,1.43,1.43,1.42,1.43,800
880,1.43,1.43,1.43,1.43,500
881,1.43,1.44,1.43,1.44,800
882,1.43,1.43,1.43,1.43,500
883,1.43,1.43,1.43,1.43,400
884,1.435,1.435,1.43,1.43,1228
885,1.42,1.435,1.42,1.435,500
886,1.435,1.435,1.435,1.435,300
887,1.435,1.435,1.435,1.435,400
888,1.44,1.44,1.435,1.435,400
889,1.44,1.44,1.44,1.44,400
890,1.44,1.44,1.44,1.44,400
891,1.42,1.44,1.41,1.44,1800
892,1.42,1.42,1.41,1.41,700
893,1.42,1.42,1.42,1.42,400
894,1.42,1.42,1.42,1.42,400
895,1.42,1.42,1.42,1.42,1500
896,1.48,1.48,1.48,1.48,100
897,1.42,1.4297,1.39,1.4,6200
898,1.42,1.42,1.42,1.42,300
899,1.42,1.42,1.42,1.42,300
900,1.42,1.42,1.41,1.42,700
902,1.3901,1.4,1.3901,1.4,1266
903,1.39,1.42,1.39,1.3901,771
a1495546200,1.4,1.4,1.4,1.4,597
2,1.43,1.43,1.43,1.43,100
5,1.5931,1.5931,1.5931,1.5931,100
6,1.3,1.5481,1.3,1.5481,4200
7,1.37,1.38,1.37,1.38,1500
8,1.29,1.31,1.29,1.3,3089
9,1.2899,1.3,1.131,1.3,2010
11,1.2992,1.3,1.265,1.3,2600
12,1.28,1.28,1.28,1.28,336
13,1.2899,1.2899,1.15,1.16,1200
16,1.29,1.29,1.22,1.23,1310
17,1.2899,1.2899,1.2747,1.2747,2000
19,1.29,1.29,1.29,1.29,127
21,1.2701,1.2701,1.27,1.27,960
22,1.28,1.28,1.28,1.28,100
23,1.2714,1.2714,1.2714,1.2714,100
26,1.27,1.27,1.27,1.27,400
28,1.27,1.27,1.27,1.27,100
30,1.27,1.2724,1.27,1.2724,700
32,1.2826,1.2826,1.2826,1.2826,175
34,1.27,1.29,1.27,1.29,4200
35,1.27,1.29,1.27,1.29,2100
36,1.29,1.29,1.27,1.2887,4200
37,1.28,1.28,1.28,1.28,1100
38,1.27,1.28,1.27,1.27,597
39,1.28,1.28,1.27,1.27,300
145,1.35,1.35,1.311,1.311,408
146,1.2801,1.2813,1.2755,1.2755,2383
147,1.3136,1.3136,1.3136,1.3136,100
148,1.2652,1.2652,1.2652,1.2652,3144
152,1.258,1.26,1.254,1.254,600
153,1.26,1.26,1.26,1.26,400
154,1.2911,1.314,1.29,1.29,2700
161,1.298,1.298,1.298,1.298,300
167,1.29,1.2999,1.29,1.2999,3100
168,1.27,1.29,1.25,1.29,47898
171,1.27,1.27,1.27,1.27,420
173,1.25,1.2774,1.25,1.2774,5300
176,1.27,1.27,1.27,1.27,400
178,1.27,1.27,1.27,1.27,100
179,1.28,1.28,1.26,1.27,164827
182,1.284,1.284,1.284,1.284,100
183,1.27,1.27,1.27,1.27,220
289,1.357,1.357,1.3,1.3,693
291,1.25,1.27,1.25,1.27,3000
293,1.29,1.29,1.29,1.29,100
301,1.33,1.33,1.27,1.27,1100
302,1.2972,1.2972,1.2972,1.2972,500
311,1.3031,1.3031,1.3031,1.3031,1200
312,1.26,1.2701,1.25,1.2701,100300
316,1.27,1.2785,1.27,1.2785,200
318,1.2622,1.2622,1.2601,1.2601,1200
320,1.27,1.27,1.27,1.27,100
326,1.28,1.28,1.28,1.28,100
327,1.34,1.34,1.34,1.34,233
433,1.2875,1.2875,1.2875,1.2875,100
435,1.3004,1.3004,1.3004,1.3004,100
442,1.26,1.2723,1.26,1.2723,5300
451,1.2889,1.2889,1.2889,1.2889,140
464,1.2821,1.2821,1.28,1.28,1200
465,1.289,1.289,1.289,1.289,500
469,1.29,1.29,1.29,1.29,1156
470,1.2736,1.2736,1.2736,1.2736,400
471,1.3726,1.38,1.2833,1.3389,2300
a1496151000,1.34,1.34,1.34,1.34,246
1,1.34,1.34,1.34,1.34,900
2,1.366,1.366,1.366,1.366,100
5,1.3,1.3065,1.3,1.3065,720
6,1.27,1.3,1.27,1.3,4340
7,1.3,1.3,1.275,1.275,3900
8,1.2999,1.3,1.29,1.2976,2100
10,1.31,1.31,1.31,1.31,800
11,1.38,1.38,1.3299,1.33,1600
12,1.36,1.3615,1.328,1.3615,6700
13,1.37,1.37,1.31,1.362,10114
16,1.3555,1.38,1.33,1.33,1400
17,1.4,1.42,1.4,1.41,2790
18,1.3734,1.392,1.3536,1.392,5590
20,1.38,1.3821,1.38,1.3821,600
23,1.395,1.4,1.395,1.4,800
26,1.3987,1.4,1.3934,1.3934,4300
27,1.4024,1.4029,1.4024,1.4029,940
28,1.4199,1.42,1.419,1.419,1100
31,1.42,1.4222,1.42,1.4222,1600
35,1.45,1.45,1.45,1.45,600
36,1.475,1.5,1.45,1.4896,6900
37,1.4885,1.4885,1.47,1.47,450
38,1.5,1.5,1.47,1.47,2508
39,1.7,1.8,1.5,1.5001,49597
144,1.87,1.87,1.87,1.87,2770
145,1.51,1.84,1.5,1.81,16474
146,1.5033,1.535,1.46,1.5,7260
147,1.4978,1.4978,1.4601,1.4601,1400
148,1.4642,1.4898,1.4642,1.488,5200
149,1.46,1.4799,1.46,1.4799,260
150,1.46,1.475,1.46,1.46,3000
151,1.47,1.4878,1.4693,1.4878,2286
152,1.5,1.5,1.4756,1.4756,3502
153,1.5,1.5,1.5,1.5,100
154,1.5,1.5,1.5,1.5,200
155,1.5,1.5,1.49,1.4901,7076
156,1.48,1.49,1.3,1.49,8875
157,1.48,1.483,1.48,1.48,4100
158,1.48,1.4825,1.46,1.4825,4872
159,1.5177,1.5177,1.48,1.49,500
160,1.5,1.5198,1.5,1.5198,5581
161,1.51,1.51,1.5009,1.5009,1000
163,1.5126,1.5126,1.5126,1.5126,500
164,1.52,1.52,1.51,1.52,3466
165,1.5039,1.5399,1.5,1.5399,5900
166,1.5,1.5159,1.5,1.515,6600
168,1.5095,1.51,1.5095,1.51,1100
170,1.51,1.51,1.5,1.51,1000
171,1.51,1.5385,1.505,1.51,4140
172,1.5031,1.516,1.5,1.501,6600
173,1.5,1.5023,1.5,1.5023,1300
174,1.51,1.51,1.5026,1.51,1500
175,1.51,1.51,1.51,1.51,500
176,1.51,1.511,1.51,1.511,600
179,1.51,1.51,1.51,1.51,300
180,1.53,1.53,1.5257,1.5257,3100
181,1.525,1.525,1.525,1.525,500
182,1.52,1.53,1.52,1.53,1300
183,1.52,1.58,1.5,1.5295,6490
288,1.55,1.55,1.55,1.55,500
289,1.51,1.609,1.51,1.6002,5160
290,1.5016,1.5016,1.5016,1.5016,100
291,1.5102,1.5102,1.5102,1.5102,126
293,1.5131,1.53,1.5131,1.53,1200
295,1.5001,1.5095,1.5001,1.5095,1600
298,1.5124,1.5203,1.51,1.52,1220
299,1.5123,1.5123,1.5123,1.5123,500
300,1.5101,1.529,1.5101,1.529,1193
301,1.51,1.51,1.51,1.51,200
302,1.5001,1.5001,1.5001,1.5001,500
304,1.5001,1.5001,1.5001,1.5001,600
305,1.51,1.51,1.51,1.51,100
306,1.5075,1.51,1.5,1.51,1455
308,1.51,1.51,1.51,1.51,100
310,1.5067,1.5067,1.5067,1.5067,1500
312,1.5043,1.51,1.5043,1.51,2000
319,1.5039,1.5039,1.5039,1.5039,700
320,1.506,1.506,1.506,1.506,100
321,1.5016,1.5016,1.5001,1.5001,1700
322,1.51,1.51,1.505,1.505,2000
323,1.5367,1.5367,1.5131,1.5131,1800
324,1.5257,1.5257,1.4,1.51,4150
325,1.49,1.5,1.45,1.49,1914
327,1.45,1.55,1.45,1.52,3097
433,1.5399,1.5399,1.5399,1.5399,100
435,1.4994,1.5283,1.4953,1.4953,960
436,1.5099,1.5099,1.5099,1.5099,100
445,1.44,1.44,1.43,1.43,400
448,1.4262,1.4814,1.4245,1.4814,1613
455,1.475,1.4785,1.4615,1.4615,3100
456,1.48,1.5,1.44,1.48,3700
457,1.48,1.53,1.48,1.5,3100
458,1.5,1.5,1.5,1.5,100
461,1.48,1.48,1.48,1.48,800
465,1.43,1.43,1.43,1.43,100
466,1.44,1.45,1.44,1.45,3100
468,1.455,1.455,1.45,1.455,5200
471,1.45,1.45,1.45,1.45,403
869,1.454,1.454,1.454,1.454,100
871,1.461,1.461,1.461,1.461,2500
876,1.4,1.4,1.4,1.4,193
877,1.3759,1.3859,1.3697,1.3859,500
878,1.3797,1.38,1.37,1.37,2595
881,1.3707,1.38,1.36,1.365,800
883,1.35,1.351,1.35,1.351,900
884,1.36,1.36,1.35,1.36,1577
885,1.35,1.35,1.35,1.35,300
886,1.3626,1.3626,1.3626,1.3626,1000
887,1.35,1.36,1.35,1.36,300
888,1.34,1.34,1.34,1.34,600
890,1.42,1.42,1.42,1.42,100
891,1.41,1.41,1.41,1.41,100
892,1.37,1.37,1.37,1.37,200
895,1.37,1.37,1.37,1.37,110
896,1.3605,1.3605,1.3605,1.3605,800
897,1.37,1.37,1.37,1.37,300
898,1.38,1.38,1.37,1.3716,1500
901,1.38,1.38,1.38,1.38,100
903,1.39,1.4,1.39,1.4,403
a1496755800,1.4,1.4,1.4,1.4,100
1,1.4005,1.4005,1.4005,1.4005,700
3,1.39,1.39,1.39,1.39,1000
5,1.4,1.4,1.38,1.38,1055
6,1.38,1.38,1.38,1.38,1700
7,1.4,1.4,1.39,1.39,400
8,1.38,1.38,1.38,1.38,100
9,1.38,1.38,1.38,1.38,100
12,1.38,1.3801,1.38,1.3801,700
13,1.4,1.4,1.4,1.4,400
14,1.4,1.4,1.385,1.3907,2650
15,1.3779,1.39,1.3779,1.39,1015
16,1.39,1.39,1.37,1.37,700
17,1.41,1.425,1.3724,1.3724,2400
31,1.3701,1.3701,1.3701,1.3701,1200
32,1.38,1.4,1.38,1.4,1400
33,1.4,1.4,1.4,1.4,100
34,1.4,1.4,1.39,1.39,1000
35,1.41,1.41,1.38,1.4,1200
36,1.39,1.39,1.39,1.39,700
38,1.39,1.39,1.39,1.39,900
39,1.38,1.4,1.38,1.4,703
145,1.3802,1.3802,1.3802,1.3802,100
149,1.37,1.374,1.37,1.374,1100
150,1.37,1.37,1.37,1.37,100
152,1.3521,1.36,1.3521,1.36,800
155,1.3779,1.3779,1.3779,1.3779,1000
160,1.37,1.37,1.35,1.35,300
170,1.37,1.37,1.37,1.37,100
173,1.37,1.37,1.37,1.37,600
174,1.36,1.37,1.36,1.37,300
176,1.3601,1.3601,1.3601,1.3601,300
178,1.3601,1.3601,1.36,1.36,500
179,1.36,1.37,1.36,1.37,1300
180,1.36,1.36,1.36,1.36,200
182,1.37,1.37,1.37,1.37,100
183,1.37,1.41,1.3617,1.3617,2809
292,1.4,1.4,1.4,1.4,700
295,1.485,1.485,1.4185,1.42,2110
296,1.5169,1.5169,1.4562,1.4562,1400
297,1.5,1.5183,1.5,1.5,1999
298,1.5199,1.52,1.5,1.5,4500
299,1.5001,1.5001,1.5001,1.5001,104
300,1.514,1.514,1.514,1.514,1000
301,1.51,1.5199,1.5,1.51,2545
302,1.517,1.517,1.5,1.517,1600
303,1.5,1.517,1.5,1.517,1700
304,1.5177,1.52,1.5,1.51,9800
305,1.4764,1.4764,1.4701,1.4701,2400
306,1.47,1.47,1.46,1.47,3400
307,1.4622,1.4622,1.4622,1.4622,300
309,1.4799,1.48,1.4624,1.4624,900
310,1.48,1.48,1.48,1.48,400
313,1.46,1.46,1.46,1.46,200
314,1.46,1.4646,1.46,1.4646,17300
316,1.46,1.46,1.46,1.46,100
318,1.4798,1.4798,1.4798,1.4798,1000
321,1.47,1.48,1.46,1.47,4500
322,1.4785,1.48,1.4614,1.4614,1600
325,1.46,1.4928,1.46,1.4928,9300
327,1.46,1.479,1.46,1.46,4700
435,1.47,1.47,1.47,1.47,200
436,1.4852,1.4852,1.47,1.47,3200
438,1.475,1.475,1.475,1.475,100
439,1.4799,1.48,1.4799,1.48,2500
443,1.56,1.56,1.53,1.53,300
444,1.56,1.56,1.56,1.56,100
445,1.541,1.541,1.541,1.541,100
446,1.5429,1.5429,1.5429,1.5429,293
447,1.5401,1.59,1.5401,1.59,1600
448,1.5401,1.5401,1.5401,1.5401,1500
449,1.5469,1.5469,1.5469,1.5469,325
450,1.5623,1.5623,1.555,1.555,1100
451,1.5201,1.564,1.5201,1.564,2000
452,1.5584,1.5584,1.5372,1.5372,2191
454,1.55,1.55,1.55,1.55,200
459,1.58,1.58,1.5501,1.5501,1900
462,1.5847,1.63,1.58,1.5801,4600
463,1.58,1.5801,1.58,1.5801,3100
467,1.54,1.54,1.54,1.54,200
468,1.52,1.58,1.52,1.58,15500
471,1.53,1.555,1.52,1.52,1430
866,1.6154,1.6154,1.6154,1.6154,300
870,1.51,1.52,1.51,1.52,5400
871,1.51,1.51,1.51,1.51,2573
874,1.51,1.5122,1.51,1.5122,600
877,1.5124,1.5124,1.51,1.51,2800
878,1.51,1.52,1.51,1.52,200
880,1.53,1.53,1.53,1.53,550
881,1.5124,1.5124,1.5124,1.5124,1500
882,1.52,1.52,1.51,1.51,300
884,1.51,1.53,1.51,1.53,200
885,1.51,1.51,1.51,1.51,1400
886,1.51,1.51,1.51,1.51,100
889,1.5124,1.52,1.5101,1.52,1600
891,1.51,1.51,1.51,1.51,900
892,1.52,1.52,1.52,1.52,100
897,1.51,1.5123,1.51,1.5123,2118
898,1.51,1.545,1.51,1.512,3700
900,1.51,1.51,1.51,1.51,100
902,1.53,1.53,1.5124,1.5124,1200
903,1.53,1.59,1.53,1.53,400
a1497360600,1.51,1.51,1.51,1.51,200
1,1.58,1.58,1.58,1.58,100
6,1.51,1.52,1.51,1.52,1300
8,1.5202,1.5202,1.51,1.52,600
9,1.53,1.53,1.53,1.53,100
10,1.5124,1.5124,1.5124,1.5124,700
11,1.51,1.5101,1.51,1.5101,900
12,1.53,1.53,1.53,1.53,100
13,1.51,1.52,1.51,1.52,900
15,1.5123,1.5123,1.5123,1.5123,900
16,1.53,1.53,1.51,1.51,800
19,1.51,1.51,1.51,1.51,800
20,1.5132,1.5132,1.5132,1.5132,300
21,1.51,1.5124,1.51,1.51,800
22,1.51,1.52,1.51,1.52,400
23,1.5101,1.5101,1.5101,1.5101,300
24,1.51,1.51,1.51,1.51,100
27,1.5132,1.5132,1.5132,1.5132,400
29,1.5201,1.55,1.5201,1.55,900
30,1.5444,1.5444,1.5444,1.5444,200
31,1.52,1.5231,1.52,1.5231,900
32,1.5131,1.5131,1.5123,1.5123,1320
33,1.525,1.525,1.525,1.525,100
34,1.5131,1.54,1.5131,1.5175,1400
35,1.54,1.54,1.525,1.525,200
37,1.5139,1.5139,1.5139,1.5139,1500
38,1.55,1.55,1.55,1.55,200
39,1.61,1.61,1.52,1.535,500
144,1.55,1.55,1.55,1.55,513
145,1.5734,1.5734,1.5734,1.5734,4000
147,1.57,1.58,1.55,1.5698,2050
148,1.54,1.54,1.5123,1.5123,2600
149,1.69,1.69,1.52,1.56,1346
150,1.67,1.67,1.67,1.67,100
151,1.5857,1.5857,1.5857,1.5857,100
152,1.59,1.59,1.59,1.59,100
155,1.52,1.52,1.52,1.52,100
158,1.55,1.55,1.55,1.55,300
161,1.55,1.55,1.54,1.54,700
162,1.5231,1.5231,1.5231,1.5231,800
163,1.69,1.69,1.5201,1.5201,5310
164,1.53,1.655,1.5201,1.5201,2000
165,1.51,1.58,1.51,1.5401,2300
166,1.65,1.65,1.51,1.52,34552
167,1.65,1.65,1.65,1.65,100
168,1.65,1.65,1.65,1.65,300
169,1.65,1.65,1.65,1.65,100
170,1.65,1.65,1.65,1.65,100
171,1.65,1.65,1.5609,1.5632,3500
172,1.5801,1.6162,1.5801,1.6162,1500
173,1.5977,1.5977,1.5901,1.5901,1700
175,1.5654,1.5839,1.55,1.5839,2600
176,1.5787,1.6,1.5601,1.5601,10311
178,1.55,1.565,1.5201,1.5601,2100
180,1.56,1.56,1.5531,1.5531,1100
181,1.5616,1.5624,1.5616,1.5624,2000
182,1.56,1.5624,1.56,1.5624,1300
183,1.57,1.58,1.52,1.56,2998
290,1.62,1.62,1.57,1.57,400
292,1.51,1.58,1.51,1.58,5800
293,1.5676,1.5676,1.5676,1.5676,100
294,1.5524,1.5524,1.5524,1.5524,600
299,1.55,1.5524,1.55,1.5524,900
300,1.54,1.54,1.54,1.54,100
301,1.51,1.5239,1.51,1.5239,900
302,1.54,1.5499,1.52,1.5499,4500
303,1.52,1.52,1.52,1.52,600
304,1.51,1.51,1.51,1.51,300
305,1.51,1.51,1.51,1.51,100
306,1.5162,1.54,1.5162,1.54,400
311,1.58,1.62,1.54,1.55,54196
312,1.5467,1.5467,1.51,1.52,2600
314,1.55,1.5572,1.55,1.5572,600
315,1.5147,1.5147,1.5147,1.5147,700
316,1.5467,1.5467,1.52,1.5293,800
321,1.52,1.52,1.51,1.52,300
322,1.555,1.555,1.529,1.529,900
323,1.56,1.56,1.56,1.56,100
324,1.56,1.56,1.56,1.56,100
325,1.5101,1.5598,1.5101,1.527,2500
326,1.51,1.5139,1.51,1.51,5578
327,1.51,1.51,1.45,1.51,2866
432,1.58,1.58,1.58,1.58,453
433,1.59,1.59,1.59,1.59,100
434,1.5139,1.5253,1.5139,1.5253,1700
438,1.5124,1.5124,1.5124,1.5124,800
439,1.52,1.53,1.51,1.53,500
442,1.57,1.57,1.51,1.5123,2883
444,1.51,1.53,1.51,1.53,500
445,1.51,1.51,1.51,1.51,300
446,1.51,1.5174,1.51,1.5174,300
448,1.51,1.51,1.51,1.51,700
453,1.47,1.47,1.47,1.47,100
454,1.42,1.4499,1.42,1.4499,7900
458,1.44,1.44,1.44,1.44,100
459,1.4298,1.4298,1.4298,1.4298,1000
461,1.43,1.43,1.43,1.43,100
465,1.43,1.43,1.43,1.43,100
466,1.422,1.422,1.422,1.422,200
467,1.45,1.45,1.41,1.43,14761
468,1.45,1.48,1.41,1.43,23850
469,1.45,1.45,1.42,1.45,1400
470,1.46,1.46,1.46,1.46,139
471,1.41,1.46,1.41,1.45,15720
865,1.4543,1.4543,1.4543,1.4543,200
867,1.51,1.51,1.46,1.47,900
871,1.38,1.4,1.23,1.37,8280
873,1.44,1.47,1.42,1.44,6626
874,1.35,1.4331,1.35,1.4331,6836
882,1.3469,1.3469,1.3469,1.3469,100
886,1.3,1.33,1.3,1.33,600
888,1.3427,1.3427,1.3427,1.3427,500
889,1.376,1.39,1.31,1.34,15543
890,1.39,1.499,1.3796,1.3796,1200
894,1.36,1.36,1.36,1.36,1800
897,1.34,1.4,1.34,1.38,11356
899,1.33,1.39,1.33,1.39,8908
900,1.33,1.352,1.33,1.352,700
901,1.32,1.32,1.32,1.32,300
902,1.3793,1.3793,1.3793,1.3793,500
a1497965400,1.32,1.32,1.32,1.32,303
5,1.28,1.28,1.28,1.28,103
6,1.2571,1.27,1.23,1.27,4446
7,1.2568,1.2568,1.245,1.2568,2400
8,1.3521,1.3521,1.26,1.26,4100
9,1.27,1.27,1.27,1.27,100
10,1.27,1.27,1.25,1.27,1000
13,1.23,1.23,1.23,1.23,1606
14,1.25,1.25,1.24,1.24,1200
15,1.25,1.25,1.25,1.25,200
16,1.24,1.24,1.2,1.24,6300
17,1.2,1.24,1.2,1.24,1840
18,1.2211,1.2211,1.2211,1.2211,2640
19,1.21,1.2299,1.21,1.2299,7029
20,1.2,1.2,1.16,1.1972,12275
21,1.2288,1.2288,1.2288,1.2288,1800
22,1.23,1.2382,1.23,1.2382,200
23,1.2399,1.2399,1.2,1.2,2616
24,1.19,1.19,1.185,1.185,500
25,1.2071,1.2282,1.2071,1.2282,2000
26,1.18,1.1822,1.18,1.1822,9900
27,1.2191,1.2191,1.2191,1.2191,100
28,1.2163,1.2163,1.2163,1.2163,100
29,1.18,1.2,1.18,1.2,3300
31,1.2017,1.2272,1.2017,1.2182,1700
34,1.2,1.2,1.2,1.2,841
37,1.19,1.19,1.185,1.185,1100
39,1.2099,1.2294,1.19,1.19,3944
144,1.31,1.31,1.31,1.31,5000
145,1.1982,1.3,1.1982,1.29,2544
146,1.1855,1.2,1.1855,1.2,6260
147,1.18,1.2,1.18,1.2,7100
148,1.1998,1.2,1.18,1.2,7300
149,1.1999,1.1999,1.1999,1.1999,1000
150,1.1999,1.1999,1.1999,1.1999,2000
151,1.1999,1.1999,1.1999,1.1999,2000
153,1.1944,1.1944,1.1944,1.1944,900
155,1.2,1.2,1.2,1.2,4157
158,1.19,1.19,1.19,1.19,100
163,1.192,1.192,1.192,1.192,190
164,1.1931,1.1931,1.1931,1.1931,1000
165,1.196,1.2,1.196,1.2,1000
167,1.19,1.19,1.19,1.19,1000
168,1.1941,1.2,1.18,1.2,3200
170,1.26,1.26,1.2,1.2,1400
171,1.25,1.25,1.25,1.25,290
172,1.2114,1.2114,1.2114,1.2114,675
173,1.3,1.3,1.22,1.22,1800
174,1.26,1.26,1.26,1.26,100
175,1.22,1.292,1.22,1.24,500
176,1.22,1.22,1.22,1.22,101
180,1.19,1.22,1.19,1.205,3200
181,1.2089,1.2089,1.2089,1.2089,500
182,1.18,1.2,1.18,1.2,8600
183,1.19,1.2,1.19,1.1989,600
289,1.2,1.2,1.2,1.2,400
292,1.21,1.21,1.2075,1.2075,750
293,1.19,1.21,1.19,1.19,10900
295,1.17,1.185,1.17,1.185,600
297,1.1735,1.1735,1.15,1.165,1500
298,1.1799,1.1799,1.1799,1.1799,1000
300,1.17,1.17,1.15,1.17,3000
303,1.16,1.17,1.16,1.17,2300
304,1.16,1.16,1.16,1.16,100
306,1.16,1.16,1.155,1.155,500
310,1.16,1.16,1.16,1.16,1320
311,1.1599,1.1599,1.1599,1.1599,800
312,1.16,1.16,1.16,1.16,100
313,1.16,1.16,1.155,1.16,2250
314,1.16,1.16,1.16,1.16,300
315,1.16,1.16,1.16,1.16,900
316,1.18,1.18,1.15,1.15,2350
317,1.15,1.15,1.145,1.15,1500
319,1.15,1.15,1.14,1.14,200
321,1.1524,1.1524,1.1524,1.1524,3000
322,1.145,1.1524,1.13,1.1524,1200
323,1.13,1.17,1.08,1.13,9531
324,1.25,1.2972,1.14,1.14,13700
325,1.13,1.1514,1.13,1.1401,998
327,1.14,1.15,1.13,1.13,1600
433,1.22,1.27,1.2,1.2,17798
434,1.2,1.21,1.2,1.21,1400
435,1.2,1.21,1.2,1.21,700
438,1.1301,1.1301,1.1301,1.1301,700
439,1.14,1.1882,1.12,1.12,1800
441,1.16,1.16,1.15,1.15,400
442,1.15,1.15,1.15,1.15,100
443,1.18,1.18,1.16,1.16,1025
444,1.155,1.16,1.155,1.16,4500
447,1.15,1.15,1.15,1.15,600
449,1.13,1.13,1.13,1.13,100
450,1.13,1.13,1.13,1.13,100
451,1.13,1.1499,1.13,1.1499,200
452,1.15,1.15,1.15,1.15,100
455,1.13,1.15,1.13,1.15,300
458,1.15,1.15,1.13,1.13,400
459,1.1499,1.1499,1.1499,1.1499,100
460,1.19,1.19,1.131,1.131,5870
461,1.1899,1.1899,1.1899,1.1899,100
463,1.15,1.18,1.15,1.17,300
464,1.13,1.14,1.125,1.14,1916
465,1.13,1.13,1.13,1.13,100
466,1.12,1.1401,1.12,1.1401,1200
467,1.15,1.15,1.14,1.14,400
468,1.15,1.15,1.12,1.15,900
469,1.16,1.16,1.14,1.14,900
470,1.18,1.18,1.14,1.16,6342
471,1.22,1.22,1.15,1.2,40012
864,1.26,1.26,1.26,1.26,1000
865,1.161,1.17,1.161,1.17,1200
866,1.17,1.17,1.17,1.17,400
867,1.16,1.16,1.1514,1.1514,866
868,1.16,1.16,1.1594,1.1594,300
869,1.16,1.16,1.155,1.155,858
872,1.15,1.15,1.15,1.15,600
875,1.15,1.15,1.15,1.15,1300
876,1.12,1.13,1.1,1.13,1700
877,1.07,1.1184,1.07,1.1184,4180
878,1.09,1.1,1.07,1.0918,2600
879,1.0886,1.0886,1.0885,1.0885,1000
880,1.082,1.082,1.082,1.082,200
881,1.1073,1.1073,1.1073,1.1073,100
883,1.1085,1.1085,1.0933,1.0933,1100
884,1.12,1.12,1.09,1.1199,1586
887,1.09,1.1007,1.09,1.1007,900
888,1.0599,1.08,1.0599,1.08,1600
889,1.05,1.0661,1.05,1.055,4050
890,1.0218,1.05,1,1.05,7060
893,1.058,1.058,1.03,1.0326,3600
894,1.07,1.07,1.0445,1.0445,4100
896,1.08,1.08,1.07,1.0784,700
897,1.08,1.08,1.07,1.08,1000
898,1.06,1.0789,1.06,1.0663,6800
900,1.06,1.061,1.06,1.0601,20700
901,1.06,1.06,1.06,1.06,100
902,1.04,1.08,1.035,1.0694,16152
903,1.0297,1.04,0.98,1.04,29321
a1498570200,1.06,1.06,1.06,1.06,492
1,0.9776,1.0498,0.9776,1.03,8120
2,0.9751,0.9751,0.97,0.9702,3423
4,0.98,0.98,0.98,0.98,500
6,1.04,1.04,0.99,0.99,1100
7,1.04,1.04,1.04,1.04,375
8,1.0381,1.04,1.0366,1.04,2150
9,1.02,1.02,1.02,1.02,400
10,0.9999,0.9999,0.9999,0.9999,1000
12,1.0082,1.0199,1.0082,1.0199,1280
13,1.01,1.01,0.99,1.01,3100
14,1.0082,1.0082,0.99,0.99,1100
18,0.99,1.0085,0.99,1.0085,2100
21,0.992,0.992,0.99,0.99,1600
23,1.0087,1.0087,1.0087,1.0087,100
28,1.01,1.02,1,1.02,5400
29,1,1.001,1,1.001,2600
32,1.0199,1.0199,1.01,1.01,250
36,1.01,1.02,1,1.02,14378
37,1.01,1.01,1.01,1.01,655
38,1,1.0185,1,1.005,2514
39,1,1,1,1,200
144,1.04,1.04,1.04,1.04,804
145,1.04,1.04,1.04,1.04,3256
146,1.04,1.04,1.04,1.04,915
147,1.04,1.04,1.04,1.04,615
148,1.02,1.04,1.02,1.04,2300
149,1.02,1.0207,1.02,1.0207,1600
154,1.0137,1.0137,1.0137,1.0137,100
155,1.03,1.03,1.03,1.03,500
156,1.01,1.011,1.01,1.011,1100
159,1,1.01,1,1.01,8400
160,1.02,1.02,1.02,1.02,1900
162,1.03,1.03,1.02,1.03,1200
163,1.04,1.04,1.04,1.04,1200
164,1.04,1.04,1.04,1.04,100
165,1.0261,1.0315,1.02,1.03,3345
167,1.04,1.04,1.02,1.0211,3000
168,1.04,1.04,1.04,1.04,600
169,1.04,1.04,1.04,1.04,2000
170,1.03,1.03,1.03,1.03,300
171,1.03,1.03,1.02,1.03,1700
172,1.02,1.047,1.02,1.03,2005
173,1.01,1.02,1.01,1.02,1700
174,1,1.02,1,1.01,1600
175,1.01,1.01,1,1,2200
176,1,1.01,1,1.01,1600
177,0.98,1,0.98,1,2100
178,0.98,0.98,0.98,0.98,1700
179,0.98,0.99,0.98,0.98,33000
180,1.0282,1.0282,0.98,0.98,6987
181,1.02,1.03,1,1,3300
182,0.98,1.03,0.98,1.03,16960
183,0.98,1,0.98,0.98,14939
290,0.98,0.98,0.98,0.98,115
296,1,1,0.99,0.99,3852
297,0.9985,0.9985,0.9985,0.9985,2500
300,0.96,1,0.96,0.98,9687
302,1.03,1.03,0.9816,0.9816,600
303,1.005,1.005,1.005,1.005,100
312,0.985,0.985,0.9825,0.9849,696
317,0.9937,1.0004,0.9937,1.0004,380
326,0.9933,1,0.9933,1,380
327,1.02,1.02,0.98,0.9933,2229
433,0.98,1.01,0.98,1.01,5700
440,0.9989,1,0.9986,0.9986,2028
441,0.98,0.999,0.98,0.999,12500
443,1,1,0.98,0.99,12794
445,1.0033,1.02,1.0033,1.0199,1495
447,1,1.0032,0.9932,1.001,22300
448,1.01,1.01,1.01,1.01,200
454,1,1,0.98,1,26898
455,1,1.0079,0.9945,1.0079,2300
456,1,1,1,1,200
457,0.99,1.0005,0.99,1.0005,7700
458,1,1.01,0.96,0.96,700
459,0.985,0.985,0.985,0.985,57195
460,1,1,1,1,100000
463,1,1,1,1,2300
464,1,1.01,0.99,1,7600
465,1,1,0.98,1,30962
471,1,1.0068,1,1,1807
864,1,1,1,1,106
866,1,1.0108,1,1.0108,11000
867,1.0131,1.0131,1,1,10600
868,1,1.0012,1,1,12100
870,0.9986,0.9986,0.9986,0.9986,1000
873,0.98,0.98,0.98,0.98,200
877,0.9872,0.9872,0.9872,0.9872,101
881,0.9861,0.9861,0.986,0.986,500
882,0.99,0.99,0.9899,0.9899,1000
883,0.9861,0.99,0.9861,0.9899,7800
885,0.9861,0.9967,0.9861,0.9967,700
a1499261400,0.9861,0.9861,0.9861,0.9861,4155
1,1,1,1,1,3900
2,1.0148,1.02,0.9999,0.9999,11700
5,1.01,1.01,1,1.01,20100
6,1.001,1.0026,1.001,1.0026,950
8,1,1.0024,1,1.0024,3000
9,1.02,1.02,1.02,1.02,100
14,1.02,1.02,1.01,1.01,2600
21,1.0201,1.0201,1.0201,1.0201,1100
24,1.02,1.021,1.02,1.021,879
26,1.01,1.02,1,1.02,11284
27,1.02,1.02,1.02,1.02,200
28,1,1.01,1,1.01,11300
29,1,1,1,1,12100
32,1.0113,1.0139,1.0113,1.0139,1691
39,1,1.01,1,1.01,499
