EXCHANGE%3DNASDAQ
MARKET_OPEN_MINUTE=570
MARKET_CLOSE_MINUTE=960
INTERVAL=600
COLUMNS=DATE,CLOSE,HIGH,LOW,OPEN,VOLUME
DATA=
TIMEZONE_OFFSET=-240
a1493127000,99.82,99.82,99.79,99.79,8721
1,99.94,99.96,99.82,99.82,34585
2,100.35,100.4614,99.9,99.95,158384
3,100.39,100.55,100.27,100.325,29154
4,100.76,100.78,100.39,100.39,20635
5,100.68,100.81,100.53,100.75,39243
6,100.74,100.77,100.64,100.68,17967
7,100.78,100.81,100.72,100.76,10034
8,100.82,100.89,100.75,100.7644,38327
9,100.88,101,100.82,100.8383,57063
10,100.91,100.94,100.88,100.9,18034
11,100.93,100.94,100.88,100.92,16468
12,100.94,100.95,100.88,100.9289,17851
13,100.73,100.95,100.71,100.94,21555
14,100.78,100.8,100.6,100.73,9747
15,100.74,100.86,100.71,100.8,8906
16,100.78,100.84,100.68,100.71,4663
17,100.725,100.79,100.63,100.78,7872
18,100.6992,100.74,100.62,100.69,9043
19,100.765,100.7909,100.62,100.65,6725
20,100.82,100.82,100.72,100.7594,4700
21,100.76,100.855,100.76,100.79,18226
22,100.8498,100.85,100.66,100.74,14610
23,100.8578,100.94,100.78,100.85,16813
24,100.9199,100.95,100.86,100.88,20153
25,100.81,100.96,100.81,100.92,29064
26,100.69,100.83,100.69,100.78,5501
27,100.77,100.77,100.68,100.68,4958
28,100.82,100.83,100.76,100.8,5923
29,100.84,100.94,100.79,100.815,13126
30,100.87,100.94,100.8,100.84,8256
31,100.8,100.91,100.8,100.91,7078
32,100.7,100.84,100.69,100.8,19100
33,100.41,100.7,100.41,100.7,26026
34,100.52,100.54,100.41,100.44,11620
35,100.26,100.46,100.26,100.46,15755
36,100.245,100.32,100.18,100.25,19267
37,100.048,100.36,100.048,100.25,22493
38,99.89,100.065,99.84,100.065,25320
39,99.9,99.97,99.81,99.9,44419
144,100.19,100.19,100.19,100.19,4831
145,100.52,100.63,100.1,100.13,15816
146,100.5,100.72,100.33,100.515,20222
147,100.17,100.645,100.13,100.52,11220
148,100.0575,100.14,99.9,100.14,11888
149,99.99,100.13,99.9,100.13,6188
150,100.04,100.11,99.96,100.0556,9961
151,100.15,100.19,99.91,100.07,9012
152,100.1,100.2,99.98,100.2,11172
153,100.275,100.35,100.13,100.13,5578
154,100.18,100.32,100.13,100.27,6000
155,100.19,100.2,99.99,100.14,8291
156,100.76,100.76,100.23,100.27,16802
157,100.735,100.77,100.65,100.74,8554
158,100.645,100.77,100.605,100.74,25595
159,100.41,100.62,100.36,100.62,9324
160,100.42,100.44,100.285,100.4,10600
161,100.4,100.46,100.37,100.45,7210
162,100.52,100.57,100.4,100.4,13331
163,100.53,100.55,100.45,100.52,8888
164,100.51,100.65,100.48,100.56,10990
165,100.47,100.535,100.38,100.53,8027
166,100.43,100.47,100.38,100.441,5347
167,100.655,100.66,100.435,100.45,4248
168,100.765,100.78,100.61,100.63,8524
169,100.78,100.78,100.59,100.74,6059
170,100.61,100.83,100.57,100.79,10010
171,100.72,100.79,100.63,100.64,4970
172,100.675,100.78,100.59,100.73,6347
173,100.73,100.73,100.64,100.675,1500
174,100.82,100.85,100.67,100.715,5832
175,100.93,100.94,100.83,100.85,7253
176,100.8836,100.95,100.85,100.9,8519
177,100.8898,100.95,100.87,100.88,7932
178,100.95,100.96,100.83,100.87,23716
179,100.88,100.95,100.83,100.95,11326
180,100.94,100.94,100.81,100.9,9668
181,100.92,100.96,100.88,100.94,13782
182,100.91,101,100.9,100.93,56110
183,100.99,101,100.9,100.92,89318
288,100.98,100.98,100.98,100.98,4894
289,100.91,100.98,100.5,100.86,11454
290,101.252,101.47,100.93,100.94,64226
291,101.075,101.31,101.06,101.31,11755
292,101.38,101.54,101.1188,101.13,14219
293,101.65,101.9,101.37,101.37,18201
294,101.665,101.76,101.6,101.61,6100
295,101.71,101.82,101.49,101.63,12118
296,101.315,101.69,101.315,101.69,6628
297,101.3,101.36,101.15,101.33,8307
298,101.2,101.32,101.19,101.28,6654
299,101.0684,101.16,101.06,101.15,5252
300,100.89,101.13,100.8,101.12,19492
301,101.06,101.12,100.88,100.88,7095
302,101.01,101.02,100.9,101.01,4480
303,101.05,101.13,101.01,101.01,7302
304,101.3,101.42,101.08,101.1,12700
305,101.41,101.45,101.31,101.37,5615
306,101.45,101.5,101.34,101.46,6948
307,101.68,101.73,101.42,101.43,7277
308,101.7292,101.85,101.69,101.71,5000
309,101.91,101.92,101.69,101.69,8131
310,101.82,101.96,101.7736,101.89,4416
311,101.7,101.8852,101.7,101.83,5939
312,101.76,101.78,101.65,101.75,3500
313,101.7416,101.7693,101.6183,101.71,4449
314,101.591,101.75,101.57,101.75,7254
315,101.46,101.6114,101.46,101.58,6941
316,101.5526,101.58,101.4768,101.4778,6812
317,101.6,101.6,101.45,101.55,8045
318,101.7,101.7345,101.57,101.57,3300
319,101.75,101.81,101.66,101.79,3875
320,101.85,101.93,101.73,101.7771,5364
321,101.8,101.8694,101.76,101.8694,3700
322,101.83,101.89,101.75,101.77,3965
323,101.77,102,101.77,101.88,5395
324,101.88,101.93,101.82,101.83,7146
325,101.77,101.95,101.77,101.92,13449
326,101.86,101.89,101.71,101.76,7268
327,101.86,101.94,101.84,101.86,44070
432,101.9,101.9,101.9,101.9,5021
433,102.09,102.32,101.74,101.92,10199
434,102.23,102.23,101.94,102.155,7731
435,102.1507,102.26,102.02,102.25,6714
436,102.06,102.21,102.06,102.14,4804
437,102.16,102.16,101.89,102.0598,18189
438,102.24,102.53,102.07,102.08,8711
439,102.3,102.47,102.25,102.26,4668
440,102.32,102.5,102.26,102.34,10486
441,102.67,102.67,102.3262,102.37,5389
442,102.32,102.6438,102.18,102.6438,11943
443,102.17,102.29,102.13,102.29,3642
444,102.37,102.37,102.07,102.13,3100
445,102.25,102.34,102.21,102.3,4974
446,102.21,102.35,102.1041,102.215,9587
447,102.17,102.43,102.15,102.35,7058
448,102.2882,102.32,102.16,102.2,11120
449,102.13,102.3199,102.13,102.3199,5015
450,102.2,102.24,102.16,102.19,4000
451,102.03,102.27,102.01,102.225,7939
452,102.24,102.3,102.06,102.06,6830
453,102.205,102.32,102.17,102.27,11012
454,102.35,102.52,102.17,102.2,9766
455,102.24,102.37,102.24,102.35,4171
456,102.42,102.42,102.27,102.28,5199
457,102.58,102.58,102.38,102.42,8125
458,102.58,102.58,102.41,102.54,3400
459,102.53,102.64,102.47,102.51,4436
460,102.38,102.67,102.38,102.59,7142
461,102.43,102.48,102.3,102.42,6995
462,102.48,102.53,102.39,102.42,4903
463,102.66,102.7499,102.52,102.52,6600
464,102.79,102.85,102.65,102.69,16250
465,102.85,102.85,102.72,102.8,10438
466,102.82,102.85,102.77,102.85,8153
467,102.83,102.9,102.81,102.83,26623
468,102.78,102.86,102.75,102.85,12564
469,102.84,102.88,102.68,102.8,14373
470,102.86,102.88,102.8,102.8353,14594
471,102.74,102.9549,102.59,102.87,196298
864,102.99,102.99,102.99,102.99,5615
865,102.92,102.95,102.56,102.87,18377
866,102.79,102.91,102.64,102.88,6941
867,102.615,102.83,102.6,102.79,7137
868,102.45,102.88,102.45,102.61,16377
869,102.6399,102.64,102.36,102.45,25215
870,102.69,102.72,102.4521,102.63,7906
871,102.74,102.86,102.645,102.68,6318
872,102.76,102.81,102.675,102.77,5500
873,102.6,102.71,102.56,102.71,5724
874,102.5,102.5883,102.455,102.5883,4587
875,102.7496,102.78,102.5,102.5,16421
876,102.7,102.88,102.68,102.7399,6905
877,102.8099,102.8099,102.63,102.67,4854
878,102.89,102.89,102.78,102.78,10483
879,102.94,102.95,102.84,102.865,15403
880,102.95,102.96,102.89,102.94,11400
881,102.94,102.95,102.91,102.9392,11254
882,102.87,102.94,102.86,102.94,4030
883,102.86,102.89,102.82,102.8201,4234
884,102.93,102.94,102.86,102.882,4218
885,102.9,102.95,102.85,102.93,5053
886,102.89,102.95,102.86,102.93,5100
887,103.58,103.76,102.88,102.92,136815
888,103.635,103.68,103.43,103.57,9896
889,103.73,103.76,103.61,103.67,7277
890,103.89,103.89,103.66,103.68,22746
891,103.83,104,103.83,103.87,18897
892,103.76,103.83,103.6942,103.83,8810
893,103.575,103.74,103.55,103.71,7065
894,103.5,103.61,103.5,103.55,35494
895,103.57,103.57,103.44,103.48,10742
896,103.66,103.7,103.5601,103.58,6052
897,103.675,103.79,103.64,103.67,10615
898,103.8,103.81,103.65,103.66,9116
899,104.07,104.07,103.79,103.82,15045
900,104.28,104.28,104,104.06,9086
901,104.25,104.4,104.24,104.28,24392
902,104.44,104.45,104.22,104.23,43831
903,104.46,104.62,104.4,104.415,83420
a1493731800,104.71,104.71,104.71,104.71,4572
1,103.91,104.6,103.83,104.57,38393
2,103.415,103.94,103.24,103.8661,19816
3,103.45,103.69,103.31,103.395,11644
4,103.35,103.5,103.05,103.47,15339
5,103.42,103.5,103.26,103.35,12700
6,103.83,103.88,103.44,103.44,11207
7,103.36,103.8,103.36,103.8,17168
8,103.4,103.53,103.32,103.43,13105
9,103.84,103.88,103.34,103.44,20698
10,103.55,103.88,103.44,103.84,22458
11,104.23,104.25,103.56,103.59,41737
12,103.98,104.47,103.98,104.19,28642
13,104.07,104.36,103.94,103.995,11659
14,104.06,104.26,104.05,104.09,3282
15,104.275,104.355,104.04,104.13,30190
16,103.8,104.39,103.8,104.29,11463
17,104.07,104.29,103.855,103.89,8659
18,104.11,104.23,103.95,104.08,8000
19,103.8,104.11,103.77,104.11,9427
20,103.8897,103.933,103.69,103.8105,12441
21,103.83,104.01,103.74,103.93,7816
22,103.73,103.9594,103.68,103.85,14036
23,103.75,103.95,103.7,103.73,6499
24,103.51,103.74,103.48,103.74,13359
25,103.48,103.51,103.4,103.47,10673
26,103.3,103.57,103.3,103.5,20503
27,103.4,103.61,103.08,103.31,50470
28,103.13,103.43,103.12,103.39,23454
29,103.15,103.42,103.11,103.18,24729
30,103.08,103.41,103.08,103.17,11080
31,102.9274,103.18,102.87,103.13,35465
32,102.88,102.98,102.86,102.915,22175
33,102.95,103.19,102.85,102.8935,14540
34,103.0799,103.17,102.86,103.02,10907
35,103.28,103.32,103.0298,103.07,15362
36,103.19,103.37,103.17,103.31,7016
37,103.48,103.5,103.15,103.16,15717
38,103.48,103.5501,103.42,103.48,19596
39,103.42,103.67,103.33,103.495,79727
144,103.46,103.46,103.46,103.46,5086
145,103.54,103.7642,103.185,103.45,3095
146,102.885,103.72,102.76,103.38,9642
147,102.4,103.08,102.25,102.96,26958
148,102.545,102.565,102.2,102.565,12578
149,101.8,102.53,101.675,102.48,32330
150,102.5,102.5,101.77,101.828,20351
151,103.175,103.185,102.375,102.47,8008
152,102.82,103.18,102.59,103.15,9113
153,102.98,103.05,102.79,102.79,4552
154,102.89,103.07,102.71,103.06,8500
155,103.09,103.17,102.83,102.89,7425
156,102.45,103.15,102.37,103.12,54991
157,102.49,102.635,102.43,102.4301,14925
158,102.52,102.5513,102.28,102.52,26455
159,102.69,102.69,102.52,102.58,18647
160,102.82,102.88,102.76,102.76,6919
161,102.79,102.86,102.65,102.85,7817
162,102.84,102.85,102.74,102.76,4772
163,102.79,102.85,102.64,102.825,5889
164,102.76,102.81,102.63,102.81,4272
165,103,103.02,102.71,102.71,7749
166,103.09,103.19,102.88,103.05,11180
167,103.31,103.39,103.03,103.1,13502
168,103.35,103.35,103.23,103.3,8886
169,102.97,103.35,102.95,103.35,6423
170,103.17,103.175,102.93,103.01,16460
171,103.22,103.255,103.15,103.17,6467
172,103.47,103.61,103.16,103.22,23584
173,103.42,103.45,103.2,103.41,9591
174,103.51,103.83,103.43,103.43,29377
175,103.855,103.855,103.55,103.58,17272
176,103.81,103.94,103.64,103.79,19696
177,103.56,103.97,103.39,103.79,14095
178,103.34,103.81,103.27,103.56,10941
179,103.69,103.69,103.425,103.44,14675
180,103.65,103.84,103.58,103.63,17148
181,103.38,103.74,103.34,103.65,19451
182,103.56,103.61,103.386,103.4,34679
183,103.48,103.64,103.38,103.56,77222
288,101.21,101.37,101,101.37,14570
289,95.885,101.63,95,101.001,294176
290,95.4,97,95.4,95.9147,175562
291,94.43,95.35,93.42,95.35,129937
292,93.81,95.18,93.03,94.395,115927
293,92.1,94.11,91.5,93.7701,129879
294,92.18,92.68,92.02,92.13,80452
295,91.42,92.54,91.33,92.12,103679
296,90.45,91.69,90.19,91.43,119201
297,90.02,90.67,89.25,90.42,158250
298,88.9511,90.5036,88.534,90.17,90871
299,88.356,89.31,87.94,88.96,149535
300,89.4,89.62,87.92,88.42,156557
301,88.59,89.75,88.2,89.47,74629
302,89.63,89.65,88.5,88.6278,36966
303,89.53,90.2,89.3851,89.61,62637
304,89.24,89.97,88.76,89.629,48245
305,88.05,89.26,88.05,89.16,62173
306,88.835,88.93,88.06,88.2631,32861
307,87.72,88.85,87.6101,88.85,55291
308,87.8,88.12,87.39,87.7612,51620
309,86.676,87.785,86.61,87.785,63641
310,87.01,87.3456,86.675,86.6822,78242
311,88.49,88.51,86.9,86.98,103865
312,88.73,88.81,88.25,88.5,53234
313,88.73,88.81,88.22,88.72,24621
314,89.02,89.155,88.51,88.63,51047
315,89.1339,89.2192,88.9001,89.07,32992
316,88.6,89.32,88.25,89.09,46899
317,88.87,89,88.535,88.56,51257
318,89.09,89.199,88.28,88.92,42664
319,89.04,89.18,88.91,89.18,46495
320,88.13,89.04,88.13,89.04,45228
321,88.04,88.45,87.84,88.16,44410
322,88.1,88.38,88.04,88.04,45275
323,88.2198,88.23,88.049,88.075,42415
324,88.875,88.957,88.23,88.23,48440
325,88.5403,88.89,88.5403,88.8412,41783
326,88.545,88.85,88.49,88.55,73339
327,88.75,88.9,88.56,88.56,174765
432,89.75,89.75,89.75,89.75,20353
433,88.77,89.81,88.7501,89.73,62306
434,87.47,88.8761,87.27,88.86,77146
435,87.38,88.369,87.37,87.59,42407
436,87.75,87.97,87.29,87.48,43359
437,87.665,87.84,87.2501,87.75,25580
438,87.97,88.185,87.67,87.69,29402
439,87.9474,88.02,87.47,87.97,24752
440,88.3501,88.39,87.81,87.96,32871
441,88.54,88.58,88.135,88.4,35781
442,88.61,88.9,88.48,88.56,38429
443,88.24,88.665,87.92,88.66,48653
444,87.975,88.3348,87.9001,88.29,29453
445,88.35,88.47,87.975,87.975,30600
446,88.3301,88.55,88.28,88.44,16732
447,88.44,88.49,88.215,88.35,32069
448,88.41,88.54,88.1601,88.43,32215
449,88.91,88.9469,88.34,88.46,36021
450,88.81,88.95,88.55,88.95,27870
451,88.17,88.83,88.16,88.83,23307
452,88.77,88.78,88.1201,88.23,30668
453,88.7,88.9,88.6,88.79,26408
454,88.59,88.89,88.59,88.7,19939
455,88.719,88.75,88.65,88.68,14986
456,88.72,88.72,88.59,88.72,18483
457,88.7,88.82,88.56,88.72,26113
458,88.9417,88.99,88.7001,88.71,15977
459,88.96,89.14,88.95,88.97,19441
460,88.89,89,88.86,88.96,14264
461,88.65,88.89,88.6425,88.89,19538
462,88.69,88.875,88.67,88.67,21373
463,88.6,88.78,88.59,88.67,24371
464,88.99,88.99,88.61,88.61,24740
465,88.89,89.09,88.73,89,24217
466,88.92,88.97,88.84,88.87,26933
467,88.89,88.99,88.6801,88.905,30147
468,88.54,88.89,88.47,88.875,29914
469,88.68,88.68,88.35,88.55,43397
470,88.46,88.695,88.39,88.68,61371
471,88.41,88.49,88.37,88.47,136991
864,88.46,88.46,88.25,88.25,11765
865,87.4176,88.47,87.36,88.45,20487
866,88.14,88.21,87.3678,87.38,25332
867,87.725,88.2099,87.6244,88.2,23726
868,87.34,87.82,87.2,87.68,33575
869,87.07,87.4,87,87.36,42980
870,87.66,87.7,87.04,87.07,30321
871,87.56,87.71,87.39,87.66,19602
872,87.4268,87.65,87.41,87.63,16548
873,87.49,87.51,87.02,87.41,26678
874,87.61,87.79,87.375,87.495,27189
875,87.724,87.94,87.5714,87.5714,21305
876,87.375,87.79,87.29,87.76,19182
877,87.11,87.4,87.08,87.35,19721
878,87.1,87.35,87.04,87.12,24544
879,86.93,87.19,86.81,87.07,20484
880,86.75,86.95,86.59,86.94,35769
881,86.52,86.75,86.4,86.71,31852
882,86.89,86.92,86.54,86.56,31821
883,86.79,86.89,86.55,86.89,27041
884,86.63,86.8,86.555,86.79,20351
885,86.34,86.85,86.34,86.66,23436
886,86.31,86.57,86.26,86.34,22392
887,86.17,86.3,86.135,86.26,15393
888,86.185,86.25,86.03,86.17,21074
889,86.13,86.174,85.86,86.17,18673
890,85.9,86.11,85.9,86.11,16945
891,85.86,86,85.82,85.88,15549
892,86,86,85.81,85.9,20039
893,86.07,86.23,85.98,85.985,22030
894,86.06,86.15,85.94,86.09,21442
895,85.9,86.07,85.83,86.06,20455
896,85.74,86.03,85.61,85.92,32405
897,85.6765,85.87,85.63,85.78,24554
898,85.79,85.79,85.62,85.7,24315
899,85.85,85.85,85.74,85.79,30173
900,85.81,85.9,85.75,85.835,35066
901,85.61,85.9,85.59,85.81,38445
902,85.75,85.76,85.578,85.62,46240
903,85.79,85.86,85.72,85.75,144222
a1494336600,85.46,85.47,85.46,85.47,13848
1,86.31,86.31,84.28,85.46,37133
2,86.43,86.43,85.69,86.319,11469
3,86.56,86.61,86.19,86.36,12639
4,86.28,86.58,86.001,86.5343,20861
5,86.067,86.3,85.9,86.3,12310
6,86.01,86.11,85.75,86.11,12595
7,85.6,86,85.31,86,17108
8,85.86,85.86,85.45,85.47,6925
9,85.74,85.93,85.71,85.92,10851
10,85.685,85.8,85.59,85.8,10915
11,85.43,85.6999,85.43,85.6999,9735
12,85.335,85.54,85.3,85.5064,8364
13,85.44,85.53,85.34,85.34,6533
14,85.41,85.4733,85.16,85.4733,12402
15,85.45,85.53,85.31,85.44,8145
16,85.67,85.69,85.5,85.5,9562
17,85.71,85.71,85.56,85.635,10132
18,85.83,85.98,85.74,85.75,6397
19,85.67,85.82,85.5748,85.82,8819
20,85.505,85.6699,85.505,85.66,5567
21,85.57,85.715,85.4786,85.49,6300
22,85.3899,85.61,85.27,85.57,9426
23,85.6,85.6,85.3,85.36,6271
24,85.36,85.59,85.35,85.58,9610
25,85.3,85.43,85.25,85.37,7260
26,85.1732,85.32,85.1,85.32,8450
27,85.23,85.23,84.92,85.2,23744
28,85.14,85.255,85.11,85.25,12374
29,85.24,85.3,85.13,85.15,12670
30,85.21,85.28,85.11,85.25,18360
31,85.2,85.29,85.16,85.1846,21236
32,85.31,85.375,85.21,85.22,17601
33,85.49,85.52,85.28,85.3,20992
34,85.51,85.75,85.5,85.535,17479
35,85.58,85.62,85.33,85.49,17524
36,85.65,85.7,85.4,85.56,18956
37,85.65,85.68,85.46,85.64,35572
38,85.66,85.78,85.4201,85.6,34579
39,85.695,85.74,85.58,85.69,70500
144,85.08,85.08,85.08,85.08,8348
145,84.655,85.37,84.619,85.08,17179
146,84.21,84.65,84.0301,84.65,33622
147,84.15,84.33,84.11,84.2,11419
148,84.7,84.765,84.128,84.155,16383
149,85.08,85.17,84.68,84.71,23428
150,84.76,85.03,84.71,85.03,18470
151,84.73,84.86,84.63,84.72,18760
152,84.77,84.95,84.63,84.68,46452
153,84.85,84.99,84.72,84.72,26600
154,84.8,84.86,84.74,84.85,18623
155,84.74,84.91,84.74,84.82,19350
156,84.7586,84.77,84.6,84.72,16794
157,84.712,84.77,84.64,84.77,21881
158,84.36,84.74,84.3201,84.72,21822
159,84.54,84.67,84.36,84.36,36040
160,84.5447,84.6204,84.5324,84.55,25702
161,84.46,84.62,84.44,84.56,20822
162,84.5792,84.61,84.47,84.49,24598
163,84.87,84.89,84.58,84.58,24003
164,84.94,84.99,84.86,84.87,17576
165,84.94,84.99,84.91,84.955,21450
166,85.31,85.31,84.93,84.95,13581
167,85.49,85.49,85.2914,85.2914,10962
168,85.66,85.72,85.4,85.49,13657
169,85.49,85.66,85.35,85.65,13343
170,85.57,85.6,85.46,85.52,8158
171,85.3814,85.58,85.38,85.58,17084
172,85.55,85.55,85.31,85.36,12464
173,85.3961,85.575,85.33,85.57,11007
174,85.25,85.425,85.14,85.4,16003
175,85.2175,85.4,85.1601,85.26,23596
176,85.24,85.275,85.2,85.23,14933
177,85.26,85.26,85.18,85.23,14523
178,85.35,85.47,85.25,85.25,17861
179,85.29,85.43,85.28,85.37,10217
180,85.25,85.325,85.21,85.29,15806
181,85.28,85.31,85.17,85.26,18446
182,85.34,85.4,85.28,85.29,24580
183,85.43,85.5,85.27,85.33,85809
288,85.24,85.24,85.1,85.1,5573
289,85.05,85.51,85.01,85.01,11917
290,85.14,85.19,84.55,85.08,10813
291,84.93,85.17,84.77,85.14,7000
292,84.99,85.07,84.75,85.027,13298
293,84.56,85.02,84.56,85.02,27673
294,84.4731,84.59,84.25,84.54,12911
295,84.34,84.57,84.33,84.44,9356
296,84.31,84.57,84.31,84.4,7203
297,84.33,84.37,84.24,84.33,8106
298,84.5,84.66,84.33,84.33,9541
299,84.48,84.66,84.46,84.53,8859
300,84.5,84.58,84.43,84.46,21347
301,84.34,84.59,84.34,84.56,7359
302,84.39,84.42,84.285,84.34,6949
303,84.47,84.59,84.34,84.42,11124
304,84.3,84.58,84.3,84.46,8888
305,84.58,84.62,84.25,84.32,8909
306,84.7,84.8137,84.51,84.53,8157
307,84.84,84.84,84.67,84.68,2200
308,84.71,84.89,84.7,84.84,7635
309,84.79,84.79,84.64,84.66,4085
310,84.94,84.94,84.76,84.79,4610
311,84.96,84.96,84.83,84.91,7807
312,84.93,84.99,84.8,84.99,5000
313,84.96,85.09,84.86,84.93,7987
314,85.13,85.13,84.89,84.96,5470
315,85.25,85.25,85.08,85.2,14163
316,85.15,85.34,85.0731,85.27,7495
317,85.23,85.24,85.05,85.08,14341
318,85.1347,85.2335,85.07,85.2335,6653
319,85.07,85.17,85.07,85.11,9785
320,85.13,85.18,85.06,85.06,7300
321,85.11,85.19,85.11,85.12,52882
322,85.03,85.12,84.985,85.12,3600
323,85.1,85.12,84.99,85.01,17687
324,85.13,85.13,85.02,85.08,8308
325,85.22,85.24,85.08,85.12,29743
326,85.13,85.24,85.1,85.2309,29397
327,85.13,85.14,85.06,85.13,62855
432,85.02,85.02,85.02,85.02,2768
433,84.79,85.12,84.71,84.9,5812
434,84.84,84.99,84.66,84.87,6015
435,84.76,84.84,84.4984,84.53,6757
436,84.61,84.74,84.51,84.73,6850
437,84.69,84.77,84.4825,84.58,4350
438,84.578,84.8,84.46,84.7,6882
439,84.47,84.59,84.265,84.57,6540
440,84.45,84.5011,84.38,84.416,5573
441,84.3491,84.45,84.29,84.43,4800
442,84.61,84.6249,84.35,84.3534,10550
443,84.56,84.6903,84.55,84.61,5172
444,84.592,84.68,84.56,84.62,6500
445,84.61,84.7,84.571,84.571,5206
446,84.69,84.7,84.58,84.6301,6050
447,84.915,84.96,84.6272,84.7,7416
448,84.67,84.92,84.64,84.9,7314
449,84.6,84.7,84.555,84.7,5407
450,84.655,84.76,84.63,84.63,5100
451,84.715,84.74,84.64,84.675,7600
452,84.715,84.76,84.708,84.708,2899
453,84.695,84.76,84.67,84.71,7060
454,84.62,84.6899,84.56,84.68,9358
455,84.64,84.65,84.52,84.625,3875
456,84.71,84.72,84.5612,84.5999,3010
457,84.671,84.6903,84.61,84.66,4655
458,84.83,84.83,84.66,84.67,6600
459,84.8413,84.8413,84.76,84.79,8010
460,84.83,84.91,84.825,84.86,3583
461,84.835,84.99,84.83,84.83,4418
462,84.69,84.88,84.69,84.79,3550
463,84.81,84.8899,84.7199,84.7199,6303
464,84.83,84.93,84.79,84.82,4393
465,84.84,84.87,84.81,84.82,4165
466,84.75,84.85,84.7187,84.8498,9777
467,84.78,84.82,84.725,84.73,6678
468,84.84,84.86,84.78,84.81,5848
469,84.85,84.85,84.735,84.83,7582
470,84.8,84.9,84.71,84.88,11691
471,84.83,84.86,84.67,84.78,42517
864,88.1,88.29,88.1,88.29,20687
865,86.864,88.61,86.76,88.24,50000
866,86.6,86.85,85.9,86.8403,47012
867,86.86,87.22,86.5533,86.6,20710
868,86.33,86.9226,86.25,86.9226,11282
869,86.01,86.41,85.86,86.3,14603
870,85.57,85.94,85.38,85.94,19940
871,85.31,85.81,85.31,85.57,8124
872,85.54,85.83,85.33,85.33,11690
873,85.581,85.67,85.34,85.5,6858
874,85.54,85.66,85.5,85.62,7883
875,85.85,85.86,85.5698,85.58,8873
876,86.11,86.13,85.77,85.86,23084
877,85.9,86.12,85.78,86.0902,5600
878,85.895,86.01,85.87,85.9,10832
879,85.73,85.93,85.5801,85.93,7563
880,85.75,85.845,85.69,85.74,8705
881,85.7,85.83,85.67,85.83,4109
882,85.58,85.719,85.55,85.6819,5914
883,85.64,85.64,85.535,85.585,1600
884,85.67,85.69,85.56,85.65,5265
885,85.67,85.6958,85.6,85.685,3060
886,85.65,85.71,85.61,85.65,3900
887,85.67,85.72,85.64,85.68,3647
888,85.5602,85.65,85.5,85.65,5338
889,85.5614,85.59,85.5,85.5696,10212
890,85.55,85.6,85.55,85.59,1879
891,85.6,85.62,85.53,85.53,3968
892,85.55,85.66,85.54,85.6052,7937
893,85.62,85.66,85.56,85.56,6649
894,85.43,85.59,85.43,85.59,8860
895,85.49,85.5,85.42,85.43,4650
896,85.585,85.6,85.48,85.48,6878
897,85.71,85.827,85.58,85.6,10661
898,85.84,85.88,85.74,85.74,7708
899,85.73,85.85,85.72,85.84,8305
900,85.81,85.85,85.64,85.68,17504
901,85.97,85.97,85.77,85.79,14802
902,86.02,86.07,85.85,85.97,14225
903,86.07,86.09,85.96,86.03,86275
a1494941400,86.15,86.15,86.15,86.15,10260
1,85.8771,86.23,85.64,86.15,11063
2,85.97,86.115,85.88,85.9899,8662
3,85.64,86.06,85.53,86.06,8395
4,84.8,85.65,84.8,85.65,31290
5,84.74,85.01,84.68,84.83,40074
6,84.37,84.71,84.37,84.71,23496
7,83.65,84.43,83.65,84.3858,49090
8,83.435,83.78,83.2375,83.6856,53086
9,83.54,83.58,83.25,83.48,25619
10,83.8,83.81,83.38,83.51,25561
11,83.55,83.7952,83.41,83.7952,24672
12,83.65,83.8,83.57,83.57,10815
13,84.11,84.11,83.63,83.682,21561
14,84.3,84.3,83.99,84.13,33195
15,84.585,84.6,84.29,84.29,23186
16,84.58,84.65,84.4733,84.625,16597
17,84.54,84.58,84.5,84.58,7400
18,84.54,84.58,84.455,84.52,21864
19,84.53,84.54,84.48,84.51,8400
20,84.54,84.59,84.47,84.51,16654
21,84.55,84.61,84.52,84.52,7969
22,84.4378,84.55,84.38,84.55,18300
23,84.435,84.53,84.25,84.45,16569
24,84.53,84.57,84.4,84.42,7774
25,84.49,84.64,84.49,84.49,6899
26,84.51,84.55,84.41,84.46,7626
27,84.55,84.6,84.43,84.5,6980
28,84.51,84.6,84.51,84.6,5700
29,84.62,84.64,84.47,84.47,6456
30,84.75,84.76,84.59,84.59,10475
31,85.08,85.08,84.73,84.74,15915
32,85.1,85.11,84.92,85.08,13141
33,85.26,85.27,84.965,85.1,20171
34,85.38,85.45,85.245,85.26,25212
35,85.49,85.49,85.3,85.38,21600
36,85.61,85.62,85.46,85.47,22087
37,85.49,85.65,85.457,85.6125,26088
38,85.61,85.71,85.49,85.49,34579
39,85.63,85.66,85.58,85.61,58150
144,84.64,84.64,84.64,84.64,4882
145,84.51,84.999,84.33,84.64,8605
146,84.765,84.97,84.53,84.53,11202
147,84.86,84.95,84.62,84.74,9006
148,85.1,85.29,84.78,84.84,7474
149,85.0512,85.15,84.74,85.15,8592
150,84.7079,85.1,84.65,85.01,5651
151,84.67,84.78,84.6038,84.65,13380
152,84.6,84.81,84.6,84.6407,7600
153,84.48,84.65,84.41,84.64,12506
154,84.45,84.6,84.39,84.51,20187
155,84.43,84.68,84.3898,84.415,19969
156,84.1,84.47,84.05,84.45,17283
157,84.14,84.21,84.02,84.09,19476
158,84.39,84.53,84.15,84.1604,13873
159,84.56,84.6,84.4,84.44,12516
160,84.6,84.64,84.48,84.54,13843
161,84.43,84.6,84.43,84.6,14478
162,84.405,84.47,84.36,84.405,11280
163,84.55,84.57,84.36,84.415,22832
164,84.54,84.65,84.54,84.6,5100
165,84.53,84.58,84.43,84.54,19525
166,84.51,84.56,84.45,84.56,8504
167,84.46,84.565,84.43,84.48,15578
168,84.54,84.54,84.455,84.48,9841
169,84.54,84.62,84.49,84.5,6409
170,84.22,84.51,84.22,84.51,14600
171,84.2,84.31,84.13,84.22,8964
172,84.03,84.26,84.03,84.23,6542
173,83.83,84.1,83.81,84.07,11609
174,83.55,83.9,83.53,83.85,27263
175,83.54,83.64,83.51,83.57,18730
176,83.43,83.56,83.35,83.5142,25000
177,83.46,83.54,83.41,83.4414,8953
178,83.43,83.46,83.31,83.43,14940
179,83.54,83.54,83.33,83.4,13766
180,83.67,83.8,83.53,83.5302,18107
181,83.82,83.85,83.67,83.67,33746
182,83.4,83.805,83.37,83.805,42085
183,83.67,83.71,83.37,83.41,141990
288,83.4,83.4,83.4,83.4,4702
289,83.565,83.66,82.71,83.42,12523
290,84.2,84.43,83.1,83.424,23113
291,84.465,84.5899,84.17,84.17,8288
292,84.5,84.7775,84.47,84.49,7604
293,84.81,84.89,84.39,84.4,17069
294,84.78,84.87,84.46,84.836,9204
295,84.7,84.9,84.62,84.7201,12577
296,84.62,84.78,84.42,84.7,9107
297,84.91,85.21,84.615,84.64,34601
298,85,85.02,84.79,84.95,9439
299,84.965,85.16,84.881,85.04,9450
300,84.9,85.14,84.88,84.97,5621
301,84.6723,84.8934,84.6723,84.8934,4700
302,84.6497,84.75,84.5597,84.7,7850
303,84.53,84.713,84.48,84.61,7471
304,84.485,84.54,84.38,84.5,7900
305,84.37,84.6,84.35,84.485,8520
306,84.48,84.57,84.35,84.35,6600
307,84.45,84.49,84.27,84.43,11534
308,84.4,84.455,84.26,84.42,10000
309,84.42,84.45,84.3,84.39,4900
310,84.39,84.46,84.26,84.44,5300
311,84.53,84.55,84.37,84.38,4800
312,84.775,84.85,84.55,84.55,8660
313,84.71,84.775,84.63,84.75,5938
314,84.87,84.92,84.71,84.71,6133
315,85.08,85.12,84.81,84.84,5210
316,85.18,85.3,84.99,85.03,5150
317,85.18,85.28,85.1501,85.21,8079
318,85.1666,85.3,85.11,85.17,7370
319,85.03,85.27,85.01,85.23,6752
320,84.91,85.07,84.82,85.0373,4956
321,84.87,84.92,84.77,84.92,6166
322,85.03,85.03,84.88,84.88,8090
323,84.8977,85.06,84.8901,85.05,7700
324,85.06,85.29,84.86,84.94,27700
325,85.04,85.1,84.96,85.05,8360
326,85.06,85.13,84.95,85.05,20008
327,84.89,85.19,84.85,85.05,58671
432,84.77,84.77,84.77,84.77,10158
433,85.44,85.5,84.47,84.47,3329
434,85.02,85.35,84.9,85.2996,8233
435,84.78,85.25,84.78,85.0775,4020
436,84.99,85.049,84.58,84.92,6770
437,85.08,85.08,84.8118,84.93,7275
438,85.64,85.68,84.88,85.025,18633
439,85.85,86.05,85.61,85.61,14331
440,86.33,86.4,85.7752,85.91,23266
441,86.23,86.4,86.16,86.39,12571
442,86.4242,86.45,86.2509,86.26,11607
443,86.08,86.44,86.08,86.44,9960
444,85.87,86.17,85.86,86.09,10827
445,86.12,86.12,85.79,85.85,6750
446,85.89,86.08,85.89,86.08,13842
447,86.02,86.02,85.85,85.88,6256
448,86.04,86.11,86.01,86.01,3150
449,85.81,86.04,85.78,85.98,4100
450,85.76,85.8,85.69,85.78,5050
451,85.75,85.78,85.72,85.75,4380
452,85.71,85.7497,85.67,85.7497,2312
453,85.77,85.77,85.67,85.71,4910
454,85.72,85.77,85.68,85.7699,5796
455,85.72,85.79,85.695,85.72,4226
456,85.75,85.75,85.65,85.715,20000
457,85.85,85.86,85.73,85.75,5864
458,85.83,85.86,85.771,85.81,5388
459,86.03,86.03,85.77,85.83,4227
460,85.79,85.99,85.78,85.98,5500
461,85.77,85.85,85.76,85.82,2000
462,85.81,85.81,85.7,85.77,3232
463,85.753,85.83,85.753,85.79,11781
464,85.83,85.87,85.78,85.78,4612
465,85.82,85.87,85.8,85.83,3723
466,85.72,85.83,85.68,85.79,6327
467,85.75,85.83,85.63,85.675,10837
468,85.7136,85.91,85.7136,85.75,9563
469,85.69,85.72,85.6,85.69,10112
470,85.73,85.77,85.54,85.7,18050
471,85.67,85.76,85.61,85.73,63861
864,85.5,85.51,85.5,85.51,5476
865,85.78,85.95,85.39,85.5,3705
866,85.555,85.81,85.47,85.81,4372
867,85.52,85.54,85.42,85.53,7300
868,85.97,85.97,85.49,85.53,8625
869,85.78,85.88,85.66,85.88,8300
870,85.81,85.85,85.75,85.8,6606
871,85.76,85.85,85.59,85.85,7887
872,85.74,86.01,85.73,85.83,24282
873,85.588,85.81,85.57,85.75,22779
874,85.8208,85.83,85.58,85.58,11417
875,85.89,85.95,85.81,85.82,9068
876,85.92,86.05,85.91,85.97,7600
877,85.965,86.01,85.895,85.9653,4800
878,85.88,85.94,85.82,85.94,2500
879,85.95,85.95,85.83,85.8749,4284
880,85.93,85.96,85.88,85.92,11478
881,86.05,86.09,85.86,85.95,24881
882,85.92,86.085,85.92,86.02,5049
883,85.9,85.925,85.88,85.9172,2800
884,85.67,85.91,85.65,85.8975,5025
885,85.6,85.7,85.6,85.7,5365
886,85.625,85.625,85.43,85.58,7167
887,85.595,85.74,85.595,85.66,2516
888,85.78,85.78,85.57,85.57,3361
889,85.76,85.82,85.62,85.82,6045
890,85.72,85.77,85.6448,85.77,6445
891,85.69,85.79,85.65,85.74,2896
892,85.64,85.68,85.57,85.62,3489
893,85.5532,85.65,85.528,85.64,4720
894,85.56,85.61,85.53,85.555,5700
895,85.66,85.66,85.54,85.54,4662
896,85.69,85.69,85.63,85.66,4680
897,85.73,85.76,85.7,85.7,4877
898,85.8,85.8,85.65,85.73,8425
899,85.82,85.865,85.815,85.815,6700
900,85.94,85.94,85.76,85.815,8015
901,86.02,86.05,85.92,85.92,10331
902,85.96,86.04,85.95,86.005,11300
903,85.93,86.02,85.92,86,82944
a1495546200,86,86,86,86,4845
1,85.89,86.19,85.69,86,3175
2,85.52,86.01,85.52,85.94,5509
3,85.6,85.68,85.51,85.62,7600
4,85.71,85.77,85.51,85.56,5400
5,85.41,85.59,85.36,85.59,3301
6,85.43,85.53,85.42,85.4455,3300
7,85.32,85.4491,85.26,85.4491,2820
8,85.4,85.4,85.26,85.32,4103
9,85.5958,85.5958,85.41,85.41,6710
10,85.61,85.62,85.48,85.6,6791
11,85.75,85.75,85.6231,85.64,3925
12,85.92,86,85.745,85.745,2150
13,86,86.03,85.86,85.88,5988
14,86.28,86.28,85.87,86.03,5937
15,86.09,86.28,86.01,86.28,5056
16,86.02,86.055,85.98,86.05,1533
17,86.07,86.07,85.9868,86,2080
18,85.84,86,85.79,86,5518
19,86.04,86.04,85.68,85.84,4400
20,85.87,86.11,85.83,86.1,2620
21,85.795,85.91,85.79,85.91,2600
22,85.83,85.83,85.7201,85.81,2550
23,86.02,86.04,85.81,85.83,2650
24,85.96,85.99,85.83,85.9767,2600
25,85.85,85.93,85.82,85.93,4100
26,85.91,85.91,85.82,85.85,3273
27,85.9,85.93,85.89,85.91,1847
28,85.98,85.98,85.88,85.89,5063
29,85.94,86,85.84,86,2643
30,85.785,85.91,85.77,85.9,6134
31,85.84,85.84,85.72,85.75,2003
32,86.08,86.16,85.85,85.91,7370
33,85.99,86.1,85.97,86.03,4700
34,86.04,86.1,86.01,86.01,1910
35,85.97,86.09,85.97,86.07,3400
36,85.9,86.04,85.89,85.9,7270
37,85.97,86,85.9,85.9,5643
38,85.81,86.02,85.8,85.97,10516
39,85.83,85.84,85.79,85.82,43994
144,86.02,86.02,86.02,86.02,2663
145,85.95,86.405,85.9,86.09,4700
146,85.715,85.96,85.6,85.95,3100
147,85.665,85.7981,85.56,85.79,9631
148,85.585,85.72,85.52,85.69,4800
149,85.7,85.76,85.49,85.585,5003
150,85.62,85.71,85.59,85.71,3152
151,85.63,85.63,85.48,85.625,9176
152,85.5001,85.65,85.375,85.58,8307
153,85.59,85.67,85.53,85.53,7655
154,85.62,85.62,85.49,85.56,4627
155,85.77,85.84,85.63,85.63,3957
156,85.61,85.73,85.6,85.73,6302
157,85.6195,85.76,85.6195,85.63,9747
158,85.83,85.91,85.62,85.62,7721
159,85.76,85.79,85.53,85.79,6886
160,85.73,85.815,85.73,85.8,3308
161,85.83,85.83,85.715,85.715,1400
162,85.77,85.825,85.715,85.81,2292
163,85.91,85.925,85.75,85.75,5721
164,85.79,85.93,85.765,85.93,3230
165,85.84,85.88,85.79,85.79,8600
166,85.76,85.86,85.705,85.84,3103
167,85.68,85.75,85.68,85.75,2200
168,85.6,85.66,85.54,85.66,3619
169,85.75,85.75,85.62,85.64,4666
170,85.82,85.845,85.77,85.79,2371
171,85.92,85.92,85.87,85.87,1896
172,85.7681,85.93,85.73,85.89,3863
173,85.8,85.89,85.74,85.77,3050
174,85.82,85.82,85.73,85.8,3400
175,85.87,85.87,85.81,85.83,2518
176,85.9,85.94,85.82,85.8647,5600
177,85.94,85.94,85.84,85.88,3150
178,85.91,85.95,85.89,85.93,5941
179,85.89,85.97,85.85,85.92,9593
180,85.92,85.93,85.8211,85.88,5493
181,85.99,86,85.92,85.935,9174
182,85.98,85.99,85.93,85.99,8574
183,85.84,85.99,85.83,85.98,74253
288,86.04,86.04,86.04,86.04,2845
289,85.93,86.14,85.86,86.01,1700
290,86.42,86.43,85.84,85.93,4925
291,86.6,86.72,86.31,86.31,12302
292,86.7803,86.8,86.48,86.5688,6052
293,86.65,86.83,86.65,86.8,13772
294,86.77,86.84,86.67,86.7207,5791
295,87.08,87.13,86.65,86.77,15776
296,87.07,87.37,87.07,87.088,13050
297,86.94,87.07,86.94,87.03,4573
298,87.16,87.16,86.904,86.93,5850
299,87.37,87.37,87.02,87.1242,8603
300,87.31,87.38,87.18,87.35,14252
301,87.15,87.38,87.0677,87.38,15078
302,87.1,87.12,86.92,87.06,4012
303,87.12,87.12,86.98,87.04,9090
304,86.9,87.14,86.85,87.14,5900
305,87.03,87.03,86.83,86.87,7062
306,86.98,87.065,86.98,87.03,3760
307,87.155,87.18,86.96,86.96,3364
308,87.36,87.39,87.08,87.15,7900
309,87.58,87.58,87.3601,87.38,2891
310,87.312,87.66,87.312,87.57,7663
311,87.46,87.56,87.27,87.27,11727
312,87.45,87.54,87.39,87.54,9402
313,87.56,87.56,87.4,87.46,3136
314,87.59,87.6,87.49,87.49,2300
315,87.8198,87.82,87.569,87.569,9785
316,87.73,87.81,87.68,87.81,7268
317,87.76,87.776,87.71,87.75,6630
318,87.9,87.9,87.77,87.77,6109
319,87.96,87.96,87.84,87.8997,5201
320,87.92,87.98,87.89,87.96,4808
321,87.9187,87.93,87.84,87.89,4105
322,87.855,87.94,87.82,87.92,11564
323,87.88,87.89,87.82,87.83,7705
324,87.82,87.88,87.8,87.84,11233
325,87.78,87.84,87.77,87.81,9717
326,87.69,87.81,87.63,87.7899,33252
327,87.6,87.69,87.58,87.68,56105
432,87.66,87.66,87.66,87.66,2228
433,87.67,87.916,87.21,87.66,10239
434,87.76,87.83,87.29,87.57,5850
435,87.74,87.75,87.265,87.75,9396
436,87.53,87.84,87.375,87.84,6329
437,87.38,87.65,87.38,87.53,5409
438,87.22,87.3903,87.055,87.3903,6435
439,87.23,87.255,87.05,87.1328,6537
440,87.25,87.25,87.1902,87.23,1200
441,87.28,87.41,87.19,87.2182,7035
442,87.45,87.48,87.17,87.18,5939
443,87.32,87.5,87.32,87.48,5849
444,87.44,87.44,87.33,87.33,2900
445,87.47,87.5,87.395,87.42,3386
446,87.28,87.49,87.25,87.47,4100
447,87.1,87.28,87.1,87.28,3550
448,86.96,87.09,86.96,87.03,4842
449,87.19,87.19,86.9698,86.9698,3903
450,86.97,87.18,86.97,87.18,5666
451,87.01,87.01,86.96,86.98,2252
452,87.28,87.28,86.99,87,8698
453,87.28,87.28,87.15,87.265,3300
454,87.2021,87.28,87.19,87.28,1248
455,87.36,87.45,87.24,87.24,5002
456,87.41,87.41,87.19,87.3343,4000
457,87.28,87.4,87.21,87.4,2500
458,87.26,87.38,87.26,87.31,2845
459,87.34,87.34,87.23,87.26,4434
460,87.3,87.32,87.14,87.32,3779
461,87.25,87.36,87.16,87.33,6422
462,87.11,87.255,87.08,87.24,3415
463,87.04,87.09,86.93,87.06,8600
464,86.93,87.06,86.91,87.045,6996
465,87.005,87.03,86.92,86.94,5550
466,86.99,87.17,86.97,87.005,6094
467,87.14,87.26,86.99,87.02,5363
468,87.32,87.32,87.19,87.19,4500
469,87.31,87.42,87.29,87.32,9758
470,87.42,87.48,87.26,87.29,12992
471,87.44,87.5,87.34,87.43,58167
a1496151000,87.31,87.31,87.31,87.31,5035
1,87.6,87.75,87.4,87.49,16987
2,87.66,87.88,87.6,87.61,4200
3,87.63,87.865,87.63,87.66,4416
4,87.83,87.86,87.6,87.67,8596
5,87.53,87.81,87.4,87.81,9730
6,87.4,87.7089,87.4,87.6,5183
7,87.45,87.55,87.27,87.35,3804
8,87.42,87.4899,87.35,87.45,3545
9,87.094,87.495,87.08,87.41,4710
10,87.2,87.43,87.12,87.12,4013
11,87.06,87.2144,87.06,87.16,3855
12,87.08,87.23,87.04,87.13,3700
13,87.06,87.18,87.01,87.01,4017
14,86.9106,87.05,86.75,87.05,5705
15,86.9,86.96,86.76,86.907,3678
16,86.99,86.99,86.81,86.88,2240
17,87.04,87.11,87.01,87.03,3052
18,87.18,87.18,87.01,87.04,5529
19,87.2,87.245,87.11,87.13,2900
20,87.14,87.19,87.08,87.185,4345
21,87.1,87.17,87.06,87.09,2010
22,87.1,87.1,87,87.1,2500
23,87.17,87.17,87,87.06,4359
24,87.32,87.32,87.1786,87.1786,4238
25,87.28,87.32,87.26,87.29,1350
26,87.23,87.28,87.16,87.28,2976
27,87,87.24,87,87.24,2837
28,87.05,87.07,87.02,87.045,3019
29,86.95,87.07,86.92,87.07,3517
30,86.88,86.95,86.85,86.91,2297
31,86.825,86.95,86.82,86.9,4173
32,86.75,86.83,86.73,86.83,4906
33,86.66,86.77,86.66,86.77,3594
34,86.92,86.92,86.681,86.7097,6149
35,86.925,86.96,86.9,86.94,4371
36,87.01,87.01,86.82,86.88,5364
37,87.06,87.06,86.95,86.99,7905
38,87.06,87.23,87.01,87.04,15153
39,87.01,87.05,86.97,87.046,44080
144,87.49,87.49,87.49,87.49,4041
145,87.8699,87.9399,87.4,87.43,5109
146,87.25,87.84,87.25,87.84,4200
147,86.8251,87.26,86.81,87.19,5384
148,87.07,87.21,86.592,86.78,8300
149,87.32,87.53,87.03,87.12,6500
150,87.57,87.57,87.17,87.34,6082
151,87.586,87.7,87.43,87.5,3431
152,87.63,87.89,87.58,87.65,5667
153,87.765,87.9,87.57,87.64,8557
154,87.95,87.96,87.78,87.82,4410
155,87.63,87.91,87.52,87.91,8370
156,87.57,87.67,87.45,87.57,3300
157,87.5,87.75,87.5,87.565,6293
158,87.6399,87.6399,87.45,87.45,2620
159,87.51,87.62,87.472,87.62,4600
160,87.31,87.5,87.28,87.5,3550
161,87.45,87.47,87.3,87.31,11789
162,87.35,87.445,87.24,87.43,8371
163,87.4,87.48,87.3,87.3,3000
164,87.38,87.4801,87.35,87.425,6362
165,87.405,87.46,87.33,87.345,4130
166,87.51,87.57,87.35,87.4,3500
167,87.545,87.6,87.52,87.54,3300
168,87.55,87.58,87.46,87.58,5200
169,87.64,87.65,87.51,87.53,3900
170,87.55,87.66,87.49,87.64,10057
171,87.4,87.6,87.4,87.4,21799
172,87.47,87.55,87.4101,87.46,3044
173,87.45,87.47,87.36,87.44,4299
174,87.37,87.53,87.29,87.47,6448
175,87.32,87.39,87.28,87.39,4208
176,87.23,87.31,87.22,87.31,2100
177,87.22,87.26,87.15,87.26,2442
178,87.205,87.35,87.15,87.26,9084
179,87.14,87.275,87.13,87.23,8245
180,87.15,87.16,87.02,87.13,6701
181,87.08,87.21,87.08,87.16,7358
182,87.13,87.22,87.08,87.09,8717
183,87.04,87.15,87,87.11,67610
288,87.24,87.24,87.24,87.24,3225
289,87.55,87.7188,87.18,87.44,6128
290,87.34,87.4246,87.135,87.305,3526
291,86.9899,87.35,86.89,87.295,5050
292,87.03,87.08,86.9077,86.9999,8665
293,87.11,87.16,86.9,87,9980
294,87.08,87.265,87.08,87.14,5300
295,86.98,87.1005,86.98,87.1005,3582
296,86.65,87,86.65,86.97,6390
297,86.46,86.74,86.42,86.62,6800
298,86.55,86.605,86.44,86.465,9490
299,86.33,86.73,86.3,86.58,17274
300,86.68,86.68,86.12,86.29,9763
301,86.82,86.93,86.68,86.75,5015
302,86.9164,86.92,86.76,86.82,6338
303,87.17,87.175,86.9,86.96,18184
304,87.02,87.23,86.95,87.18,11302
305,87.055,87.07,86.94,87.04,3700
306,87.06,87.13,87.03,87.09,2413
307,87.0925,87.2,87.01,87.01,2700
308,87.11,87.14,86.98,87.08,3885
309,87.165,87.3,87.07,87.07,3370
310,87.22,87.23,87.14,87.2,8352
311,87.05,87.24,87.05,87.18,3345
312,87.19,87.19,87.1,87.11,1895
313,87.17,87.21,87.1,87.19,3162
314,87.29,87.29,87.17,87.19,2984
315,87.27,87.35,87.19,87.32,5250
316,87.59,87.61,87.275,87.275,5020
317,87.69,87.69,87.52,87.53,3696
318,87.64,87.76,87.61,87.69,5771
319,87.62,87.73,87.59,87.61,6408
320,87.59,87.68,87.57,87.62,5900
321,87.54,87.64,87.51,87.6179,2840
322,87.9,87.9,87.56,87.56,6291
323,87.96,87.99,87.95,87.95,2400
324,87.98,88.06,87.93,87.95,9921
325,88.18,88.18,87.99,87.99,7916
326,88.24,88.31,88.135,88.19,9449
327,88.4,88.43,88.24,88.24,106592
432,88.58,88.58,88.58,88.58,3902
433,89.2482,89.41,88.61,88.61,10346
434,88.9,89.34,88.78,89.19,4780
435,88.93,88.93,88.48,88.9,4527
436,89.15,89.23,88.83,89.01,11547
437,89.23,89.49,89.19,89.19,6731
438,89.394,89.57,89.23,89.23,9550
439,89.79,89.79,89.45,89.45,6518
440,89.7,89.8,89.48,89.68,7850
441,89.68,89.95,89.62,89.665,11169
442,89.78,89.96,89.55,89.72,12368
443,89.87,89.98,89.77,89.78,24821
444,89.98,90.39,89.8,89.88,60902
445,90.017,90.11,89.75,90,10900
446,90.06,90.27,89.9,89.96,13900
447,90.06,90.14,89.96,90.07,9852
448,90.1,90.18,89.98,90.1,7365
449,90.2,90.2,89.9899,90.0964,8295
450,90.22,90.23,90.08,90.19,17116
451,90.39,90.401,90.15,90.22,18133
452,90.49,90.5,90.31,90.39,5942
453,90.39,90.53,90.39,90.5,3000
454,90.51,90.51,90.26,90.33,3200
455,90.4,90.49,90.3494,90.48,4600
456,90.39,90.5,90.39,90.43,2226
457,90.54,90.55,90.35,90.39,3175
458,90.4,90.5,90.3,90.5,5300
459,90.27,90.52,90.27,90.43,5139
460,90.27,90.37,90.27,90.33,6195
461,90.49,90.49,90.2791,90.2791,7071
462,90.68,90.83,90.47,90.47,52376
463,90.67,90.72,90.55,90.66,4000
464,90.7,90.7,90.58,90.67,3800
465,90.72,90.83,90.63,90.66,8240
466,90.95,90.95,90.68,90.73,7500
467,90.84,90.98,90.73,90.98,8147
468,90.85,90.9,90.8,90.84,14190
469,90.77,90.86,90.72,90.83,13394
470,90.57,90.79,90.53,90.77,28811
471,90.5,90.66,90.46,90.58,89964
864,90.53,90.53,90.53,90.53,3879
865,90.5,90.92,90.19,90.92,2528
866,90.94,91.08,90.48,90.4954,15507
867,90.62,91.14,90.3601,91.12,5074
868,90.26,90.74,90.25,90.62,5090
869,90.52,90.52,90.33,90.33,3490
870,90.57,90.57,90.4,90.5415,3783
871,90.67,90.77,90.38,90.5,6706
872,90.695,90.99,90.695,90.73,5700
873,90.75,90.78,90.67,90.755,5117
874,90.75,90.76,90.67,90.73,4710
875,91.1,91.13,90.77,90.77,7666
876,91.04,91.09,90.9,91.09,5144
877,90.78,91.01,90.78,91,5712
878,90.58,90.914,90.56,90.84,4167
879,90.93,90.93,90.6,90.6,12078
880,90.74,90.93,90.74,90.925,4850
881,90.68,90.803,90.68,90.755,3835
882,90.53,90.69,90.5,90.67,7413
883,90.54,90.56,90.4925,90.56,3400
884,90.49,90.53,90.46,90.5,3300
885,90.61,90.62,90.37,90.46,6185
886,90.67,90.67,90.58,90.594,2220
887,90.7586,90.81,90.63,90.63,3506
888,90.72,90.77,90.66,90.77,5727
889,90.62,90.7005,90.62,90.69,3181
890,90.63,90.7,90.54,90.62,9825
891,90.452,90.67,90.38,90.67,5897
892,90.491,90.6175,90.49,90.5,3434
893,90.55,90.62,90.54,90.56,2400
894,90.5,90.575,90.42,90.55,4632
895,90.53,90.57,90.44,90.5,6850
896,90.55,90.585,90.52,90.52,3526
897,90.64,90.68,90.53,90.57,5400
898,90.78,90.78,90.615,90.655,10904
899,90.62,90.81,90.58,90.785,14881
900,90.905,90.93,90.67,90.67,7851
901,90.93,90.95,90.83,90.905,14538
902,90.89,90.97,90.83,90.96,16961
903,90.87,90.96,90.83,90.88,45974
a1496755800,90.38,90.38,90.38,90.38,2478
1,90.08,90.29,89.44,90.29,48919
2,90.08,90.265,89.8,89.8,48574
3,90.1,90.32,90.08,90.25,1650
4,90,90.18,90,90.1001,2250
5,89.54,89.9055,89.42,89.9055,4797
6,89.67,89.68,89.44,89.54,3648
7,89.63,89.75,89.62,89.66,4719
8,89.5,89.67,89.49,89.6213,3236
9,89.4455,89.67,89.4455,89.4801,11832
10,89.13,89.49,89.13,89.4736,8139
11,88.8375,89.1356,88.76,89.1356,7830
12,89.15,89.15,88.76,88.791,8543
13,89.12,89.18,89.07,89.17,7067
14,89.17,89.24,89.06,89.13,13466
15,89.56,89.56,89.17,89.205,20919
16,89.54,89.6,89.5001,89.55,5100
17,89.52,89.59,89.48,89.51,6520
18,89.57,89.66,89.54,89.55,4459
19,89.365,89.58,89.365,89.53,3100
20,89.46,89.51,89.37,89.37,4380
21,89.65,89.65,89.435,89.435,2150
22,89.66,89.66,89.56,89.62,2148
23,89.5555,89.64,89.51,89.61,2852
24,89.55,89.6201,89.52,89.521,4930
25,89.77,89.77,89.6,89.6,2314
26,89.89,89.92,89.75,89.77,2162
27,90.04,90.04,89.87,89.905,5808
28,90.07,90.11,89.98,90.05,4912
29,90.05,90.12,90.05,90.11,2824
30,89.88,90.05,89.79,90.05,6130
31,90.03,90.03,89.86,89.88,4105
32,89.86,90.09,89.86,90.005,6738
33,89.77,89.93,89.76,89.88,5256
34,89.78,89.95,89.78,89.82,6129
35,89.65,89.805,89.53,89.78,6845
36,89.44,89.68,89.4,89.65,22926
37,89.2938,89.42,89.13,89.42,9662
38,89.04,89.26,89.04,89.26,13505
39,89.09,89.21,89.04,89.04,81152
144,88.96,88.96,88.96,88.96,6042
145,89.71,89.71,88.76,88.8,26270
146,89.78,89.92,89.47,89.7,24321
147,89.95,89.95,89.72,89.77,3162
148,90.5,90.5,89.89,89.97,22411
149,90.31,90.5,90.17,90.5,7500
150,90.3,90.36,90.1747,90.34,5450
151,90.65,90.71,90.17,90.205,18842
152,90.53,90.635,90.39,90.63,7491
153,90.58,90.61,90.355,90.49,4400
154,90.82,90.97,90.65,90.68,5590
155,91.196,91.25,90.79,90.82,20409
156,91.24,91.39,91.21,91.29,6763
157,91.48,91.7,91.18,91.18,8186
158,91.55,91.64,91.28,91.46,8061
159,91.49,91.82,91.46,91.59,13397
160,91.43,91.59,91.42,91.515,5305
161,91.45,91.47,91.37,91.39,2110
162,91.65,91.65,91.42,91.46,4722
163,91.6899,91.87,91.6564,91.6564,8717
164,91.69,91.78,91.57,91.63,7369
165,91.6616,91.69,91.3643,91.58,6664
166,91.51,91.79,91.51,91.71,11712
167,91.586,91.68,91.54,91.54,3626
168,91.54,91.79,91.48,91.55,4664
169,91.72,91.78,91.6,91.6,8201
170,91.63,91.79,91.57,91.7,4513
171,91.74,91.76,91.51,91.58,6085
172,91.74,91.9,91.67,91.7,8785
173,91.63,91.85,91.62,91.75,6314
174,91.94,91.94,91.55,91.62,4191
175,92.08,92.09,91.88,91.92,10790
176,92.15,92.29,92.05,92.06,13926
177,92.1,92.11,91.96,92.04,7205
178,92.22,92.22,92.05,92.16,12056
179,92.13,92.26,92.07,92.23,21350
180,92.11,92.21,92.04,92.12,15612
181,91.885,92.12,91.71,92.1,15202
182,92.0001,92.02,91.83,91.9,21560
183,91.97,92.03,91.81,92,101812
288,92.32,92.32,92.32,92.32,3480
289,91.57,92.58,91.3902,92.0171,70424
290,91.592,91.825,91.4,91.6,9565
291,91.14,91.5201,91.12,91.5201,11869
292,91.33,91.4,91.12,91.12,4419
293,91.547,91.65,91.37,91.37,5787
294,91.22,91.47,91.18,91.47,6880
295,91.64,91.71,91.3038,91.31,8349
296,91.72,91.72,91.55,91.64,3900
297,91.57,91.84,91.57,91.73,5454
298,91.83,91.83,91.665,91.67,4750
299,91.8997,91.98,91.75,91.83,11688
300,91.71,91.93,91.71,91.885,3954
301,91.58,91.76,91.56,91.76,3008
302,91.68,91.68,91.6,91.63,2300
303,91.73,91.84,91.6189,91.68,6323
304,91.89,91.89,91.62,91.69,3700
305,91.94,91.99,91.895,91.91,6611
306,91.71,91.905,91.7,91.89,3591
307,91.5101,91.71,91.5101,91.67,3638
308,91.44,91.6,91.4,91.57,5651
309,91.425,91.47,91.365,91.41,6180
310,91.7,91.7,91.4,91.45,4900
311,91.7892,91.81,91.69,91.69,2853
312,91.31,91.81,91.31,91.81,6000
313,91.6,91.71,91.305,91.305,4200
314,91.72,91.72,91.52,91.52,3411
315,91.89,91.92,91.69,91.69,2100
316,91.695,91.89,91.695,91.89,6000
317,91.51,91.69,91.4,91.69,5174
318,91.3101,91.56,91.3101,91.51,5120
319,91.24,91.38,91.14,91.335,45874
320,91.06,91.39,90.93,91.29,27015
321,91.14,91.17,91.04,91.09,7885
322,91.47,91.47,90.98,91.2,38100
323,91.405,91.54,91.37,91.52,10142
324,91.57,91.59,91.42,91.42,6356
325,91.475,91.6,91.47,91.57,10990
326,91.74,91.74,91.48,91.48,16502
327,91.79,91.92,91.65,91.73,85568
432,91.67,91.67,91.67,91.67,3248
433,91.78,92.14,91.67,91.74,39163
434,91.73,91.88,91.501,91.77,16197
435,91.4902,91.8,91.48,91.68,3940
436,92.12,92.16,91.48,91.48,16994
437,91.91,92.12,91.785,92.12,9410
438,92.07,92.1966,91.82,91.92,3875
439,92.01,92.01,91.77,91.96,6400
440,91.93,92.14,91.93,92.07,3400
441,91.795,91.99,91.71,91.99,3405
442,91.76,91.949,91.74,91.86,10518
443,91.8,91.98,91.6901,91.72,4290
444,91.72,91.78,91.56,91.78,3900
445,91.67,91.82,91.43,91.745,39445
446,91.6,91.74,91.49,91.62,15218
447,91.51,91.56,91.21,91.51,20468
448,91.56,91.63,91.39,91.51,14113
449,91.25,91.58,91.25,91.5444,3371
450,90.99,91.27,90.99,91.25,4320
451,91,91.15,90.97,91.1,4000
452,90.81,90.99,90.81,90.935,3900
453,90.9,91.08,90.75,90.81,4610
454,90.6469,90.95,90.6469,90.86,2710
455,90.378,90.62,90.37,90.56,8649
456,90.73,90.73,90.35,90.385,4987
457,90.48,90.76,90.48,90.76,6700
458,90.41,90.49,90.2823,90.3007,22467
459,90.315,90.65,90.315,90.41,12830
460,90.1773,90.35,90.1,90.35,5751
461,89.74,90.105,89.7124,90.08,13022
462,89.53,90.02,89.425,89.735,10896
463,89.195,89.565,89.07,89.54,13402
464,88.4,89.24,88.4,89.21,27588
465,88.535,88.69,88.14,88.4,19640
466,88.995,89.03,88.64,88.665,16887
467,89.17,89.21,88.9,89.03,21332
468,89,89.16,88.86,89.14,15962
469,88.86,89.01,88.73,89.01,16104
470,88.7,88.81,88.57,88.81,32444
471,88.91,88.91,88.62,88.7,148911
864,88.39,88.39,88.39,88.39,8278
865,86.7285,88.76,86.58,88.39,17396
866,86.436,87.07,86.38,86.58,14795
867,85.53,86.46,85.1,86.46,22845
868,85.43,85.87,85.22,85.45,21062
869,86.22,86.24,85.42,85.42,14644
870,85.52,86.42,85.5,86.11,11700
871,85.71,85.71,85.37,85.5899,8510
872,86.5095,86.5095,85.7802,85.82,19965
873,86.91,86.91,86.37,86.54,12612
874,87.1,87.15,86.78,87.02,8295
875,87.9,87.9,87.1,87.1,8485
876,88,88.18,87.72,87.94,7425
877,87.83,88.07,87.69,88.03,14367
878,87.5414,88,87.5414,87.79,9212
879,88.12,88.14,87.465,87.62,5059
880,88.15,88.35,87.98,88.24,7900
881,88.16,88.53,88.11,88.15,6400
882,87.94,88.25,87.83,88.14,6800
883,88.37,88.37,87.955,87.955,4150
884,88.56,88.56,88.38,88.49,5359
885,88.42,88.685,88.42,88.59,5700
886,88.41,88.41,88.15,88.41,4795
887,88.73,88.73,88.4006,88.46,3130
888,88.98,88.98,88.71,88.71,4302
889,88.46,89.13,88.41,88.96,14346
890,88.47,88.65,88.41,88.51,3700
891,88.2,88.61,88.2,88.5,6801
892,88.33,88.4,88.2,88.2,6020
893,88.29,88.56,88.29,88.33,6931
894,88.55,88.7,88.23,88.32,24670
895,88.58,88.75,88.46,88.61,22253
896,88.7,88.98,88.61,88.61,8300
897,88.73,88.94,88.61,88.62,11293
898,88.88,88.88,88.505,88.76,5100
899,88.71,88.98,88.64,88.89,10057
900,88.624,88.79,88.48,88.71,7064
901,88.89,89,88.6,88.6,10168
902,88.8,89,88.72,88.88,13951
903,89.06,89.09,88.82,88.83,50194
a1497360600,89.71,89.71,89.71,89.71,4634
1,89.82,90.322,89.61,89.65,9419
2,90.1,90.11,89.43,89.86,5160
3,89.75,90.26,89.69,90.24,5405
4,89.91,90.15,89.67,89.86,7610
5,89.63,89.84,89.63,89.84,1000
6,89.85,89.907,89.68,89.68,3000
7,89.844,90.01,89.78,89.91,4690
8,89.65,89.86,89.63,89.86,4654
9,89.23,89.61,89.11,89.61,5711
10,89.95,89.97,89.15,89.18,2831
11,90.2696,90.28,90.02,90.06,6470
12,90.27,90.52,90.2201,90.2501,19117
13,90.36,90.52,90.25,90.26,24398
14,90.46,90.78,90.16,90.31,19448
15,90.69,90.74,90.45,90.49,11844
16,90.86,90.86,90.6,90.69,11639
17,90.66,90.87,90.66,90.81,3900
18,90.64,90.78,90.61,90.67,3661
19,90.55,90.6,90.41,90.6,3984
20,90.79,90.86,90.595,90.6,1976
21,90.8,90.93,90.71,90.85,6020
22,90.76,90.87,90.74,90.87,3398
23,91.025,91.04,90.81,90.81,6446
24,91.18,91.2,90.99,90.99,6250
25,91.31,91.31,91.21,91.21,4658
26,91.17,91.2925,91.01,91.26,5615
27,91.43,91.43,91.14,91.18,3400
28,91.39,91.58,91.288,91.34,6920
29,91.2415,91.39,91.14,91.39,5400
30,90.82,91.29,90.82,91.24,6400
31,90.67,90.83,90.62,90.81,7499
32,90.78,90.8,90.55,90.68,9811
33,90.82,90.84,90.56,90.78,5290
34,90.94,91.05,90.81,90.81,4263
35,90.89,91.07,90.89,90.99,2704
36,91.18,91.18,90.9,90.9,6923
37,90.99,91.18,90.97,91.17,8251
38,90.72,91.0113,90.7,90.97,14367
39,90.88,91.02,90.7,90.72,54929
144,91.26,91.3,91,91,4224
145,91.29,91.6992,91.06,91.69,13700
146,91.27,91.365,91.17,91.3,2923
147,91.245,91.54,91.22,91.28,9468
148,91.325,91.325,91.17,91.23,1880
149,91,91.31,91,91.29,3840
150,90.93,91.09,90.93,91.09,1400
151,90.845,90.97,90.825,90.93,3900
152,90.85,90.915,90.77,90.915,2300
153,90.72,91.04,90.72,90.92,2700
154,90.62,90.81,90.58,90.81,2600
155,91.03,91.03,90.7,90.7,1800
156,91.19,91.19,91.02,91.07,3230
157,91.24,91.33,91.1,91.1,3400
158,91.28,91.3146,91.16,91.276,2748
159,91.5,91.5,91.31,91.31,2290
160,91.34,91.5,91.3,91.45,3870
161,91.139,91.26,91.07,91.26,1900
162,91.355,91.36,91.1,91.1,7163
163,91.19,91.37,91.19,91.32,910
164,91.21,91.37,91.21,91.26,7292
165,91.05,91.2,91.02,91.2,1600
166,91.09,91.25,91.09,91.11,4005
167,91.02,91.16,91.02,91.1567,1798
168,91.13,91.16,91.07,91.07,800
169,91.14,91.17,91.06,91.08,1900
170,90.912,91.13,90.91,91.13,2765
171,90.86,90.95,90.75,90.94,2100
172,90.79,91.02,90.49,90.77,5701
173,90.65,91.11,90.62,90.87,7578
174,90.62,90.7,90.58,90.67,1710
175,90.24,90.72,90.24,90.61,4238
176,90.15,90.27,89.705,90.25,7782
177,90,90.465,90,90.07,8072
178,89.95,90.2,89.84,90.025,8189
179,89.78,89.92,89.4801,89.77,8742
180,90.1,90.225,89.7,89.76,6900
181,90.2399,90.2399,90.02,90.09,6407
182,90.14,90.26,89.98,90.25,9360
183,90.35,90.36,90.07,90.14,58294
288,89.28,89.28,89.28,89.28,5873
289,89.06,89.28,88.041,88.1291,5579
290,88.56,89,88.435,89,7055
291,88.87,88.91,88.58,88.85,9880
292,89.19,89.265,88.81,88.92,7613
293,89.19,89.34,89.1,89.225,19360
294,89.32,89.32,89.15,89.15,4152
295,89.46,89.5,89.3,89.325,8719
296,89.65,89.77,89.4,89.47,3821
297,89.68,89.86,89.68,89.69,25086
298,89.67,89.81,89.67,89.68,3696
299,89.91,89.93,89.71,89.71,4279
300,90.01,90.07,89.925,89.98,2400
301,89.79,90.18,89.79,90.09,6412
302,89.94,89.94,89.79,89.81,1669
303,90.01,90.08,89.88,89.94,5349
304,90.01,90.11,89.98,89.98,1800
305,90.11,90.11,89.94,90,1702
306,90.17,90.1786,90.08,90.0814,1916
307,90.23,90.23,90.14,90.22,1400
308,90.44,90.51,90.23,90.25,2700
309,90.69,90.69,90.46,90.48,1983
310,90.63,90.8,90.63,90.71,2400
311,90.61,90.79,90.61,90.7,2332
312,90.47,90.58,90.47,90.58,800
313,90.6368,90.68,90.446,90.446,1300
314,90.3606,90.7,90.36,90.68,2300
315,90.48,90.56,90.34,90.39,2420
316,90.3401,90.46,90.3,90.45,3895
317,90.55,90.55,90.35,90.35,5266
318,90.62,90.795,90.54,90.57,2400
319,90.51,90.65,90.51,90.63,2785
320,90.61,90.69,90.55,90.57,3212
321,90.56,90.59,90.5,90.56,2806
322,90.7075,90.7075,90.5,90.5,2786
323,90.52,90.71,90.52,90.71,1300
324,90.57,90.61,90.52,90.55,2150
325,90.42,90.57,90.385,90.54,6327
326,90.54,90.61,90.36,90.37,8083
327,90.85,90.91,90.58,90.59,45970
432,89.99,89.99,89.99,89.99,111348
433,90.97,90.97,89.95,89.95,4455
434,91.3199,91.3199,90.46,90.81,8950
435,91.35,91.5,91.15,91.29,5860
436,91.47,91.47,90.98,91.21,9438
437,91.14,91.7,91.12,91.4,21999
438,90.94,91.18,90.9,91.18,800
439,90.94,91.06,90.92,90.92,5153
440,91.2,91.2,91.01,91.01,4051
441,91.22,91.22,91.13,91.215,2700
442,90.97,91.25,90.93,91.215,3501
443,91.0467,91.0467,90.88,90.9,4200
444,91.38,91.42,91.03,91.06,7935
445,91.48,91.52,91.32,91.33,10180
446,91.34,91.59,91.18,91.56,16900
447,91.36,91.43,91.21,91.21,4265
448,91.26,91.44,91.26,91.43,4053
449,91.22,91.25,91.22,91.25,500
450,91.25,91.25,91.16,91.215,1000
451,91.29,91.29,91.17,91.17,2950
452,91.25,91.33,91.22,91.33,2521
453,91.16,91.31,91.11,91.24,3061
454,91.23,91.23,91.16,91.18,1210
455,91.13,91.23,91.11,91.2299,1300
456,91.04,91.16,90.99,91.16,4783
457,90.94,91,90.9201,90.98,1773
458,91,91.07,90.99,90.99,1969
459,91.09,91.12,91.03,91.05,1600
460,91.53,91.6,91.05,91.07,9147
461,91.58,91.58,91.34,91.5,5148
462,91.4725,91.58,91.45,91.58,6102
463,91.55,91.68,91.43,91.44,4700
464,91.41,91.59,91.41,91.55,4518
465,91.52,91.53,91.35,91.39,2032
466,91.38,91.47,91.31,91.45,3600
467,91.28,91.37,91.2,91.32,5150
468,91,91.26,90.99,91.26,5300
469,90.96,91.04,90.75,90.98,6333
470,90.94,91.1,90.79,91.07,13455
471,91.11,91.21,90.94,91.08,169277
864,91.85,91.85,91.85,91.85,2990
865,91.94,92,91.2922,91.78,6500
866,91.96,92.37,91.795,91.94,11221
867,92.36,92.36,91.89,91.93,8289
868,92.4703,92.62,92.305,92.305,3494
869,92.24,92.5,92.24,92.5,2995
870,92.23,92.39,92.07,92.39,1975
871,92.0331,92.24,91.99,92.22,6061
872,92.54,92.57,92.07,92.08,4939
873,92.37,92.58,92.3191,92.51,4218
874,92.3445,92.4399,92.02,92.3,3977
875,92.78,92.78,92.35,92.35,8629
876,92.55,92.78,92.49,92.78,3000
877,92.895,92.9582,92.58,92.58,4271
878,92.84,92.85,92.74,92.84,2000
879,92.82,92.83,92.66,92.76,3300
880,92.79,92.98,92.785,92.785,3075
881,92.79,92.88,92.74,92.74,1500
882,92.76,92.88,92.735,92.86,2249
883,92.8,92.8,92.67,92.77,2269
884,92.89,92.9,92.8101,92.82,1067
885,92.98,92.98,92.77,92.88,4226
886,92.945,92.99,92.92,92.98,1636
887,93.1099,93.1099,92.925,92.95,7603
888,92.8,93.15,92.77,93.13,15415
889,93.03,93.05,92.87,92.87,2937
890,93.07,93.07,92.9,93.03,4379
891,93.06,93.11,92.98,93.07,2200
892,92.97,93.08,92.9001,93.06,1711
893,92.95,93.03,92.87,93.01,1900
894,92.85,92.93,92.85,92.93,1800
895,92.7412,92.81,92.67,92.81,3458
896,92.905,93.013,92.78,92.78,5200
897,92.94,92.95,92.83,92.93,7864
898,93.065,93.15,92.87,92.92,4218
899,93.1137,93.14,93.07,93.1,2722
900,93.12,93.15,93.01,93.091,6233
901,93.253,93.3,93.13,93.17,2800
902,93.19,93.28,93.145,93.28,6517
903,93.08,93.19,93,93.19,26491
a1497965400,92.69,92.69,92.69,92.69,9641
1,93.62,93.62,92.67,92.94,11593
2,93.73,93.83,93.41,93.76,4529
3,93.365,93.76,93.341,93.71,5500
4,93.598,93.6452,93.375,93.43,5042
5,93.91,94,93.63,93.63,7139
6,93.52,93.835,93.52,93.835,4000
7,93.67,93.8,93.42,93.5188,18804
8,93.9092,94.07,93.7089,93.7089,8760
9,94.07,94.07,93.87,93.95,13836
10,93.66,94.08,93.66,94.02,7345
11,93.26,93.7,93.07,93.66,16881
12,93.1,93.46,93,93.32,13225
13,92.82,93.08,92.71,93.07,12181
14,92.96,93,92.77,92.87,8332
15,93.045,93.24,92.83,92.96,7249
16,93.095,93.095,93.01,93.07,3300
17,93.14,93.235,92.93,93.08,6400
18,92.99,93.14,92.87,93.14,3397
19,92.94,93.125,92.92,92.93,5510
20,92.815,93.08,92.76,93.03,2950
21,92.9725,92.9725,92.79,92.79,2800
22,93.1,93.17,92.91,92.96,4100
23,93.08,93.155,93.04,93.155,4015
24,93.114,93.202,93.06,93.08,4465
25,93.26,93.26,93.13,93.16,2300
26,93.0725,93.27,93.0725,93.27,2700
27,93.19,93.23,93.06,93.11,5285
28,93.26,93.2799,93.17,93.17,1857
29,93.235,93.38,93.19,93.26,3940
30,93.13,93.23,93.03,93.2,6405
31,93.15,93.18,93.05,93.12,4705
32,93.0425,93.15,93.04,93.13,4807
33,93.07,93.185,93.03,93.03,7848
34,93.04,93.21,93.02,93.07,8620
35,93.15,93.29,93.04,93.04,4500
36,93.23,93.23,92.985,93.1373,7960
37,93.04,93.195,92.83,93.16,7799
38,92.85,93.0764,92.8,93.0764,15844
39,92.88,93.1,92.85,92.88,110749
144,92.99,92.99,92.99,92.99,2076
145,92.86,93.19,92.69,93.19,5308
146,93.2,93.32,92.99,92.99,3530
147,92.97,93.2,92.96,93.2,3206
148,93.92,93.92,92.95,92.95,3269
149,93.6,93.93,93.47,93.93,4200
150,93.62,93.84,93.62,93.71,3317
151,93.475,93.65,93.27,93.6,5353
152,93.51,93.82,93.42,93.485,5304
153,93.435,93.69,93.37,93.45,5201
154,93.51,93.54,93.3724,93.44,6279
155,93.03,93.51,93.03,93.43,6500
156,93.55,93.56,93.1075,93.1075,3800
157,93.67,93.77,93.63,93.63,2500
158,93.43,93.69,93.43,93.61,3393
159,93.32,93.5,93.2,93.45,13700
160,93.13,93.42,93.13,93.42,5900
161,93.18,93.33,93.07,93.16,4604
162,93.55,93.55,93.15,93.28,10605
163,93.65,93.73,93.549,93.55,3789
164,93.67,93.83,93.67,93.71,1600
165,93.45,93.79,93.45,93.67,1700
166,93.7,93.7,93.4,93.48,1900
167,93.69,93.76,93.6,93.71,7883
168,93.65,93.71,93.611,93.71,2744
169,93.81,93.81,93.72,93.8,1400
170,93.79,93.95,93.68,93.89,11987
171,93.885,93.91,93.76,93.79,2743
172,93.895,93.93,93.65,93.79,4700
173,93.85,94,93.79,93.85,5683
174,93.54,93.81,93.54,93.78,3000
175,93.6886,93.75,93.46,93.6,3900
176,93.67,93.73,93.585,93.73,2193
177,93.54,93.625,93.54,93.605,1985
178,93.62,93.62,93.51,93.56,5389
179,93.41,93.625,93.41,93.625,3200
180,93.395,93.49,93.3941,93.44,2406
181,93.18,93.37,93.16,93.37,6091
182,93.35,93.58,93.2,93.21,12103
183,93.48,93.54,93.25,93.28,56704
288,93.48,93.48,93.48,93.48,3284
289,93.12,93.81,93.12,93.66,5206
290,92.93,93.12,92.72,93.12,17343
291,92.59,92.91,92.59,92.905,4515
292,92.88,93.005,92.49,92.5,4870
293,92.98,93.06,92.77,92.79,4622
294,92.62,92.96,92.575,92.96,1600
295,92.92,92.92,92.695,92.76,1514
296,92.8,93.01,92.8,92.98,6465
297,92.905,92.97,92.81,92.81,4499
298,93.02,93.17,92.905,92.94,8199
299,92.87,93,92.78,92.99,19300
300,92.85,92.92,92.82,92.9159,1700
301,92.67,92.905,92.67,92.83,6827
302,92.75,92.754,92.221,92.67,9181
303,92.84,92.925,92.83,92.845,4651
304,92.74,92.8649,92.74,92.82,2179
305,92.84,92.88,92.68,92.6812,2675
306,92.85,92.93,92.79,92.9,3636
307,92.9,92.9,92.81,92.8604,1950
308,92.93,92.97,92.85,92.9,5817
309,92.9,93.04,92.9,92.955,14273
310,93.2,93.28,92.89,92.94,11107
311,93.24,93.3,93.18,93.29,2800
312,92.97,93.23,92.97,93.23,1900
313,92.97,93.04,92.96,93.015,1100
314,93.04,93.04,92.93,93.02,1500
315,92.99,93.035,92.91,93.03,1100
316,92.88,92.95,92.84,92.93,1400
317,93.06,93.09,92.92,92.96,1700
318,92.99,93.1,92.85,93.1,4611
319,92.93,93.02,92.91,93,2509
320,92.97,93.06,92.86,92.92,4106
321,93.15,93.15,92.93,93,3400
322,93.22,93.22,93.04,93.15,2585
323,93.09,93.22,93.0336,93.22,4692
324,93.28,93.37,93.18,93.22,2900
325,93.31,93.35,93.21,93.23,6353
326,93.29,93.32,93.15,93.28,8275
327,93.29,93.38,93.22,93.27,27863
432,93.42,93.42,93.42,93.42,1833
433,93.01,93.54,93.01,93.39,5100
434,93.08,93.39,93.02,93.39,500
435,93.0995,93.29,92.96,93.29,1000
436,93.155,93.185,93.12,93.185,700
437,92.93,93.09,92.93,93.09,2373
438,93.52,93.71,93.01,93.01,5520
439,93.4844,93.4844,93.47,93.47,700
440,93.67,93.67,93.44,93.49,3300
441,93.61,93.62,93.61,93.62,200
442,93.6266,93.69,93.6,93.69,2007
443,93.6,93.63,93.55,93.6,2441
444,93.79,93.79,93.565,93.6,6455
445,93.67,93.76,93.66,93.76,3400
446,93.56,93.68,93.53,93.63,2232
447,93.65,93.65,93.65,93.65,100
448,93.58,93.68,93.58,93.68,892
449,93.6628,93.72,93.49,93.49,1490
450,93.65,93.74,93.65,93.72,1200
451,93.7,93.72,93.61,93.61,1000
452,93.68,93.7,93.58,93.63,1700
453,93.63,93.74,93.63,93.66,2300
454,93.645,93.76,93.55,93.62,2100
455,93.695,93.8,93.61,93.69,1600
456,93.93,93.93,93.7061,93.71,2800
457,93.97,93.97,93.835,93.84,2100
458,93.75,93.999,93.73,93.999,4431
459,93.89,93.89,93.72,93.75,1300
460,93.8,93.89,93.8,93.89,1300
461,93.77,93.89,93.77,93.8,1600
462,93.75,93.83,93.65,93.83,2652
463,93.66,93.8,93.66,93.8,2347
464,93.68,93.709,93.44,93.66,4931
465,93.68,93.74,93.63,93.6827,3324
466,93.35,93.59,93.35,93.59,2600
467,93.66,93.66,93.44,93.44,4945
468,93.55,93.63,93.49,93.6,4300
469,93.66,93.75,93.5,93.5312,6622
470,93.94,94.03,93.67,93.7,13402
471,93.94,94.01,93.85,93.96,174220
864,93.78,94.74,93.78,94,8071
865,94.195,94.33,93.7414,93.9,6411
866,93.675,94.36,93.675,94.36,3048
867,93.83,93.88,93.65,93.67,1683
868,93.155,93.9,93.155,93.9,3100
869,93.73,93.87,93.305,93.305,2700
870,94.11,94.14,93.7,93.76,2720
871,93.99,94.159,93.88,94.159,4000
872,93.31,93.873,93.31,93.86,3158
873,93.46,93.58,93.278,93.278,2520
874,93.65,93.78,93.61,93.61,9362
875,93.83,93.84,93.54,93.57,2100
876,93.85,93.9199,93.69,93.88,3875
877,93.67,93.81,93.41,93.81,3200
878,93.87,93.88,93.68,93.695,1900
879,93.83,93.87,93.605,93.87,3366
880,93.98,93.98,93.8,93.84,2110
881,93.78,94.04,93.7,93.9999,2888
882,93.65,93.8999,93.65,93.81,4010
883,93.7799,93.7999,93.71,93.71,1600
884,93.56,93.82,93.56,93.78,5279
885,93.69,93.69,93.54,93.54,1500
886,93.62,93.69,93.46,93.68,2702
887,93.41,93.6199,93.4,93.61,1400
888,93.41,93.53,93.39,93.42,2200
889,93.39,93.5,93.34,93.41,4613
890,93.39,93.54,93.35,93.4,5100
891,93.61,93.65,93.4,93.45,1900
892,93.419,93.66,93.419,93.64,2305
893,93.2,93.4699,93.2,93.42,2715
894,93.2399,93.3,93.09,93.29,7700
895,93.48,93.48,93.16,93.2,4453
896,93.54,93.54,93.45,93.47,1900
897,93.52,93.65,93.44,93.54,2600
898,93.375,93.53,93.3,93.49,5214
899,93.4628,93.575,93.395,93.395,6499
900,93.61,93.64,93.41,93.455,7617
901,93.655,93.69,93.55,93.63,6674
902,93.5,93.57,93.42,93.56,8307
903,93.5,93.58,93.39,93.48,55554
a1498570200,93.4,93.4,93.4,93.4,2955
1,92.675,93.3,91.75,93.3,8712
2,92.315,92.835,92.18,92.58,6246
3,92.35,92.38,92.08,92.3,4032
4,92.98,92.98,92.32,92.39,6894
5,92.87,92.96,92.71,92.96,4800
6,92.82,93.16,92.76,92.89,3586
7,92.68,92.9,92.6,92.81,3090
8,92.755,92.8,92.53,92.68,4871
9,92.5801,92.81,92.5801,92.71,2829
10,92.71,92.85,92.59,92.59,7585
11,92.75,92.75,92.56,92.56,2800
12,92.64,92.8,92.465,92.76,4185
13,92.53,92.709,92.52,92.68,2150
14,92.52,92.64,92.47,92.6,2300
15,92.515,92.57,92.25,92.57,4150
16,92.37,92.575,92.32,92.42,13900
17,92.585,92.7,92.42,92.42,12518
18,93.24,93.38,92.525,92.67,8833
19,92.71,93.28,92.67,93.25,15447
20,92.985,92.985,92.695,92.695,2361
21,92.985,93.04,92.98,92.98,1600
22,92.62,92.99,92.62,92.96,3086
23,92.55,92.77,92.45,92.71,3379
24,92.82,92.855,92.58,92.58,3200
25,92.2409,92.82,92.16,92.75,3700
26,92.32,92.44,92.15,92.16,5805
27,92.2,92.31,92.18,92.31,5079
28,92.36,92.43,92.24,92.29,4089
29,92.425,92.425,92.24,92.28,3479
30,92.59,92.63,92.34,92.4,4330
31,92.52,92.69,92.51,92.545,3661
32,92.63,92.74,92.5,92.5,4333
33,92.74,92.78,92.615,92.6256,5987
34,92.66,92.82,92.66,92.7,9600
35,92.67,92.72,92.55,92.67,5696
36,92.65,92.72,92.63,92.68,8765
37,92.78,92.85,92.6,92.67,14797
38,92.72,92.76,92.64,92.74,9178
39,92.4,92.68,92.29,92.68,47897
144,93,93,93,93,2082
145,92.73,93.02,92.7,93,2951
146,92.77,92.92,92.64,92.65,3950
147,92.3,92.63,92.27,92.63,5000
148,92.52,92.76,92.25,92.27,13405
149,92.63,92.63,92.22,92.45,6850
150,92.44,92.72,92.44,92.63,2450
151,92.44,92.53,92.4,92.485,6674
152,92.3,92.62,92.28,92.4508,17211
153,92.76,92.82,92.35,92.35,4700
154,92.95,92.95,92.56,92.77,5125
155,93.23,93.34,93.12,93.12,8071
156,93.49,93.545,93.31,93.32,5907
157,93.62,93.7,93.485,93.485,5222
158,93.92,93.94,93.5,93.55,8191
159,93.595,93.97,93.595,93.9,10838
160,93.81,93.81,93.63,93.65,3400
161,93.93,93.96,93.84,93.84,3069
162,94.17,94.17,93.94,93.94,2382
163,94.43,94.44,94.13,94.1412,4471
164,94.17,94.45,94.17,94.45,6164
165,94.25,94.26,94.16,94.2,3255
166,94.18,94.32,94.18,94.25,2863
167,94.29,94.3,94.14,94.18,3907
168,94.45,94.45,94.24,94.24,2148
169,94.32,94.42,94.1975,94.41,8324
170,94.26,94.345,94.23,94.31,4364
171,94.44,94.44,94.26,94.26,3567
172,94.31,94.45,94.201,94.43,9501
173,94.36,94.45,94.31,94.31,5240
174,94.13,94.36,94.1,94.36,6394
175,94.27,94.2812,94.12,94.12,4473
176,94.33,94.34,94.12,94.3,9020
177,94.33,94.34,94.26,94.34,3247
178,94.32,94.37,94.16,94.32,4883
179,94.32,94.35,94.16,94.35,4247
180,94.25,94.37,94.235,94.26,4478
181,94.25,94.36,94.19,94.28,7542
182,94.4125,94.42,94.23,94.23,9802
183,94.35,94.48,94.27,94.42,59344
288,94.25,94.335,94.13,94.3,3161
289,93.9392,94.37,93.76,94.15,900
290,93.2,93.655,92.95,93.61,8566
291,93.115,93.22,93.054,93.06,3600
292,93.14,93.395,92.945,93.17,6147
293,92.39,93.12,92.27,93.12,10690
294,92.28,92.52,92.19,92.44,7627
295,91.8918,92.17,91.83,92.17,6813
296,92.36,92.36,91.82,91.84,10281
297,92.375,92.375,92.17,92.29,5700
298,91.86,92.5,91.701,92.43,12453
299,91.66,91.84,91.51,91.84,6418
300,91.23,91.76,91.211,91.74,11475
301,91.66,91.66,90.9,91.22,15590
302,91.3,91.655,91.25,91.65,7243
303,91.17,91.36,91.0968,91.31,7852
304,91.04,91.27,91.04,91.27,6595
305,91.2,91.2,91.07,91.1,2321
306,91.38,91.38,91.21,91.23,5506
307,91.3799,91.51,91.3,91.51,2530
308,91.19,91.41,91.19,91.41,3502
309,90.87,91.25,90.76,91.2499,6275
310,90.79,90.95,90.77,90.84,5990
311,90.58,90.79,90.55,90.79,8001
312,90.15,90.63,90,90.52,10289
313,90.94,90.94,90.13,90.13,18141
314,90.78,90.94,90.735,90.94,3414
315,90.81,90.89,90.62,90.84,4304
316,90.88,90.88,90.68,90.87,3230
317,91.03,91.09,90.8,90.84,5500
318,91.1472,91.25,91.05,91.05,3944
319,91.079,91.19,91.05,91.07,5905
320,91.02,91.16,90.95,91.075,2600
321,90.955,91.03,90.92,90.96,3082
322,91.08,91.16,90.985,90.99,6395
323,91.11,91.14,90.99,91.0906,4500
324,90.97,91.11,90.97,91.09,5387
325,91.2,91.21,90.95,90.991,6415
326,91.17,91.42,91.13,91.285,12307
327,91.3,91.37,91.17,91.17,52626
432,91.7,91.7,91.7,91.7,3507
433,91.51,91.53,90.79,91.4,11310
434,91.63,92,91.53,91.83,3599
435,91.48,91.66,91.22,91.65,3853
436,91.3155,91.71,90.98,91.71,12752
437,91,91.29,90.895,91.29,9219
438,91.275,91.29,90.81,90.96,8200
439,91.55,91.77,91.35,91.39,7107
440,91.25,91.62,91.25,91.5668,7743
441,91.34,91.455,91.24,91.3,4002
442,91.375,91.56,91.28,91.45,2100
443,91.47,91.61,91.34,91.34,8893
444,91,91.54,91,91.41,7014
445,90.82,91.11,90.82,91.03,6999
446,90.869,90.869,90.656,90.78,11342
447,91.1,91.3,90.855,90.855,5655
448,91.36,91.37,91.085,91.12,5405
449,91.3,91.46,91.3,91.37,4724
450,91.36,91.38,91.28,91.315,2770
451,91.04,91.36,90.94,91.3344,8835
452,90.79,91.025,90.67,91.025,6692
453,90.98,90.98,90.81,90.83,6153
454,91.16,91.16,90.93,90.98,1400
455,90.84,91.16,90.83,91.16,8347
456,91.03,91.03,90.84,90.92,6101
457,91.1,91.15,90.98,91.125,8528
458,91.12,91.26,91.1,91.2,3352
459,90.79,91.14,90.71,91.14,8554
460,90.92,90.93,90.755,90.79,5989
461,90.85,90.98,90.75,90.92,4711
462,91.08,91.08,90.78,90.88,4137
463,91.01,91.26,91.01,91.09,5060
464,91.26,91.29,91.06,91.08,6328
465,91.22,91.38,91.19,91.26,4400
466,91.33,91.36,91.19,91.25,4183
467,91.29,91.31,91.16,91.31,3337
468,91.35,91.42,91.24,91.31,6866
469,91.38,91.43,91.33,91.36,4812
470,91.58,91.7,91.39,91.39,9846
471,91.18,91.62,91.13,91.61,107771
864,91.71,91.71,91.71,91.71,2814
865,91.36,91.94,91.08,91.84,2984
866,91.015,91.26,90.65,91.07,11447
867,91.22,91.545,91,91,5850
868,90.95,91.14,90.93,91.14,2100
869,91.0426,91.41,91.005,91.01,5899
870,91.17,91.17,90.93,90.978,4844
871,90.95,91.37,90.9,91.21,7986
872,91.08,91.17,91,91.05,2849
873,90.85,91.12,90.85,91.06,4500
874,90.59,90.87,90.44,90.8,10622
875,90.63,90.675,90.54,90.62,5695
876,90.48,90.69,90.4033,90.55,6200
877,90.785,90.87,90.48,90.48,4016
878,90.76,90.98,90.73,90.73,7334
879,90.69,90.8,90.59,90.77,3887
880,90.62,90.87,90.62,90.7,3000
881,90.41,90.6551,90.405,90.6551,1500
882,90.54,90.54,90.16,90.445,6125
883,90.425,90.68,90.39,90.565,4087
884,90.52,90.53,90.24,90.37,7034
885,90.38,90.82,90.35,90.575,41913
a1499261400,90.27,90.27,90.27,90.27,3900
1,91.03,91.18,90.23,90.27,6958
2,90.86,91.335,90.46,91.335,9880
3,90.98,91.07,90.67,90.71,7700
4,91.1671,91.24,90.73,90.95,5841
5,91.02,91.4,91.02,91.26,5390
6,91.05,91.25,90.88,91.15,6250
7,91.49,91.56,91.09,91.09,7787
8,91.63,91.68,91.49,91.52,2250
9,91.33,91.64,91.33,91.51,3284
10,91.27,91.34,90.9,91.29,3634
11,91.12,91.29,91.1183,91.2,3803
12,91.57,91.57,91.1,91.106,7416
13,91.325,91.49,91.09,91.49,2600
14,91.305,91.42,91.064,91.22,5636
15,91.43,91.48,91.32,91.43,2804
16,91.55,91.7,91.45,91.5,8703
17,91.6,91.6,91.49,91.51,1877
18,91.46,91.6,91.45,91.6,2255
19,91.65,91.7057,91.4601,91.51,4598
20,91.5,91.64,91.48,91.53,7618
21,91.52,91.55,91.51,91.55,1000
22,91.6963,91.75,91.52,91.54,2136
23,91.92,91.92,91.775,91.81,1631
24,91.76,91.86,91.649,91.85,5000
25,91.89,91.89,91.71,91.78,3803
26,91.67,91.92,91.67,91.92,2334
27,91.51,91.67,91.51,91.58,1300
28,91.6,91.84,91.45,91.47,8235
29,91.75,91.75,91.41,91.58,4158
30,91.75,91.79,91.48,91.68,4747
31,91.68,91.78,91.67,91.78,2791
32,91.47,91.71,91.47,91.679,3568
33,91.36,91.58,91.36,91.52,2212
34,91.35,91.5,91.26,91.39,2901
35,91.365,91.405,91.31,91.38,1910
36,91.425,91.49,91.32,91.34,4690
37,91.67,91.76,91.42,91.425,10485
38,91.68,91.73,91.57,91.66,6056
39,91.59,91.73,91.53,91.69,36715
