EXCHANGE%3DNASDAQ
MARKET_OPEN_MINUTE=570
MARKET_CLOSE_MINUTE=960
INTERVAL=600
COLUMNS=DATE,CLOSE,HIGH,LOW,OPEN,VOLUME
DATA=
TIMEZONE_OFFSET=-240
a1493128200,27.5,27.57,27.5,27.54,5396
3,27.68,27.68,27.68,27.68,400
6,27.613,27.613,27.613,27.613,224
8,27.6253,27.6253,27.6253,27.6253,850
10,27.67,27.67,27.67,27.67,100
22,27.68,27.68,27.67,27.67,1284
29,27.9267,27.97,27.9267,27.97,326
32,27.7884,27.7884,27.7884,27.7884,1100
34,27.75,27.75,27.75,27.75,100
35,27.75,27.75,27.75,27.75,800
145,27.647,27.647,27.647,27.647,110
160,27.9248,27.9248,27.903,27.903,596
163,27.85,27.85,27.85,27.85,301
179,27.87,27.99,27.87,27.99,1179
180,27.94,27.94,27.94,27.94,200
181,27.8,27.96,27.8,27.94,1180
287,27.8,27.8,27.8,27.8,600
293,27.6414,27.6414,27.6414,27.6414,545
305,27.98,27.98,27.94,27.94,400
308,27.77,27.77,27.77,27.77,100
309,27.755,27.88,27.755,27.88,320
317,27.9583,27.9583,27.9583,27.9583,180
321,27.92,27.92,27.92,27.92,100
324,27.775,27.775,27.775,27.775,112
434,27.85,27.85,27.85,27.85,200
436,28,28,28,28,300
439,27.999,27.999,27.9,27.9,400
442,27.95,27.95,27.95,27.95,396
447,27.95,27.95,27.95,27.95,300
452,27.733,27.733,27.733,27.733,225
460,27.95,27.95,27.95,27.95,210
466,27.67,27.67,27.67,27.67,2000
867,27.67,27.67,27.67,27.67,100
869,27.967,27.967,27.967,27.967,117
870,27.8,27.8,27.8,27.8,265
880,27.91,27.91,27.91,27.91,231
881,27.91,27.91,27.91,27.91,383
a1493733000,27.92,27.92,27.92,27.92,225
1,28,28,28,28,1295
5,27.995,27.995,27.995,27.995,630
9,27.95,27.9575,27.95,27.9575,3198
13,27.95,27.95,27.95,27.95,300
17,27.96,27.96,27.96,27.96,100
22,27.93,27.93,27.93,27.93,1000
26,27.957,27.957,27.957,27.957,200
27,27.951,27.951,27.951,27.951,105
33,27.9667,27.9667,27.9667,27.9667,139
146,28.0105,28.0105,28.0105,28.0105,1000
147,28.04,28.04,28.04,28.04,1500
148,28.0387,28.0821,28.0387,28.04,450
149,28.0379,28.04,28.0379,28.0399,525
153,28.03,28.03,28.03,28.03,212
156,27.9985,28.03,27.96,28.03,805
159,28.0156,28.0156,28.0156,28.0156,215
160,28.0382,28.0382,28.0382,28.0382,143
163,28.03,28.03,28.03,28.03,1000
166,27.915,27.915,27.915,27.915,700
168,27.94,27.94,27.94,27.94,217
175,27.74,27.74,27.74,27.74,100
177,27.725,27.725,27.725,27.725,115
179,27.77,27.77,27.77,27.77,100
293,28.2483,28.2483,28.2483,28.2483,180
296,27.77,27.82,27.76,27.82,4520
297,27.75,27.76,27.74,27.76,1275
300,27.717,27.75,27.6976,27.75,452
301,27.75,27.75,27.717,27.717,959
312,27.7585,27.7585,27.7585,27.7585,209
314,27.64,27.7,27.64,27.7,471
323,27.7999,27.7999,27.72,27.72,1300
324,27.7999,27.7999,27.7999,27.7999,270
325,27.64,27.64,27.64,27.64,100
446,27.8995,27.8995,27.8995,27.8995,533
447,27.99,27.99,27.75,27.9,1600
448,27.5,27.62,27.5,27.62,1958
452,27.5,27.5,27.5,27.5,161
458,27.843,27.843,27.843,27.843,141
463,27.5,27.5,27.5,27.5,100
464,27.9856,27.9856,27.9856,27.9856,100
865,27.95,27.97,27.95,27.97,2100
869,27.8663,27.8663,27.8663,27.8663,100
871,27.85,27.85,27.83,27.83,200
875,27.53,27.56,27.52,27.56,700
876,27.55,27.55,27.55,27.55,500
877,27.5,27.5,27.5,27.5,500
892,27.8287,27.8287,27.8287,27.8287,145
893,27.82,27.82,27.81,27.81,500
894,27.8,27.86,27.8,27.84,592
896,27.85,27.87,27.85,27.87,800
898,27.8087,27.8087,27.8087,27.8087,206
a1494340800,27.79,27.83,27.79,27.8,500
5,27.8,27.8,27.8,27.8,300
12,27.6625,27.6625,27.5001,27.5001,2000
21,27.7015,27.7015,27.7015,27.7015,250
138,27.5001,27.5001,27.5001,27.5001,1400
146,27.6,27.64,27.6,27.64,1971
149,28.19,28.19,28.19,28.19,100
155,27.65,27.65,27.62,27.62,300
159,28.1,28.1,28.1,28.1,480
168,28.0585,28.0585,27.66,27.69,964
174,27.8,27.97,27.8,27.85,600
175,27.66,27.68,27.65,27.65,914
282,27.75,27.7633,27.75,27.7633,1271
284,27.75,27.76,27.75,27.75,1300
301,28.005,28.005,28.005,28.005,220
310,28.005,28.005,28.005,28.005,200
311,27.9268,27.9268,27.9268,27.9268,200
433,27.7525,27.7525,27.62,27.62,400
439,27.812,27.812,27.812,27.812,152
445,27.804,27.804,27.804,27.804,264
446,27.65,27.65,27.65,27.65,200
449,27.8247,27.8247,27.8247,27.8247,216
452,27.9585,27.9585,27.9585,27.9585,147
460,27.9585,27.9585,27.9585,27.9585,219
871,27.8553,27.8553,27.8553,27.8553,251
877,27.777,27.92,27.777,27.9,300
882,27.972,27.972,27.972,27.972,160
a1494942000,27.718,27.718,27.718,27.718,100
1,27.65,27.68,27.65,27.65,3400
29,27.769,27.769,27.769,27.769,145
34,27.9983,28,27.9983,28,286
36,27.76,27.76,27.76,27.76,250
38,27.69,27.69,27.69,27.69,100
143,27.67,27.67,27.67,27.67,200
159,27.923,27.923,27.923,27.923,173
167,27.84,27.84,27.84,27.84,100
175,27.8054,27.8054,27.8054,27.8054,280
177,27.8978,27.8978,27.8978,27.8978,100
179,27.68,27.68,27.68,27.68,100
311,27.703,27.769,27.703,27.769,638
314,27.703,27.703,27.703,27.703,365
324,27.69,27.69,27.68,27.68,200
442,27.7989,27.7989,27.7989,27.7989,289
444,27.823,27.823,27.721,27.721,300
452,27.8383,27.8383,27.8383,27.8383,100
457,27.7984,27.7984,27.7984,27.7984,108
460,27.82,27.82,27.82,27.82,600
465,27.7313,27.7313,27.7313,27.7313,1545
470,27.69,27.69,27.69,27.69,100
864,27.9,27.9,27.9,27.9,1041
866,27.9,27.9,27.9,27.9,1900
868,27.9,27.9,27.9,27.9,200
870,28.005,28.005,28.005,28.005,353
872,27.96,27.96,27.96,27.96,100
873,27.95,27.95,27.95,27.95,1000
874,27.91,27.91,27.91,27.91,100
876,27.95,27.95,27.95,27.95,1000
884,27.95,27.95,27.94,27.94,3319
889,27.95,27.95,27.95,27.95,200
891,27.9499,27.9499,27.9499,27.9499,115
892,27.95,27.95,27.95,27.95,200
897,27.9086,27.9086,27.9086,27.9086,130
900,27.698,27.698,27.698,27.698,117
a1495546200,27.9,27.9,27.9,27.9,137
1,27.9,27.9,27.9,27.9,775
2,27.9,27.9,27.87,27.87,700
3,27.9875,27.9875,27.9875,27.9875,143
15,27.665,27.76,27.66,27.72,5000
30,27.7365,27.74,27.67,27.69,4415
31,27.74,27.74,27.74,27.74,100
32,27.74,27.74,27.74,27.74,100
34,27.74,27.74,27.74,27.74,100
38,27.728,27.728,27.728,27.728,146
39,27.7,27.72,27.7,27.72,200
146,27.6501,27.6501,27.6501,27.6501,2000
147,27.6,27.68,27.6,27.68,4206
148,27.6,27.6,27.6,27.6,886
151,27.6,27.6,27.6,27.6,858
152,27.52,27.573,27.52,27.573,1245
153,27.566,27.582,27.566,27.582,409
155,27.5568,27.5568,27.5568,27.5568,108
158,27.6,27.6,27.6,27.6,500
161,27.5704,27.5704,27.5704,27.5704,400
165,27.5844,27.5844,27.5844,27.5844,1200
169,27.556,27.556,27.556,27.556,600
171,27.5951,27.5951,27.5951,27.5951,200
172,27.5999,27.5999,27.5999,27.5999,259
181,27.5667,27.5667,27.5667,27.5667,106
293,27.71,27.71,27.71,27.71,100
294,27.6,27.61,27.6,27.6001,5462
295,27.72,27.72,27.72,27.72,400
300,27.5993,27.6,27.551,27.6,700
304,27.6,27.6,27.59,27.59,4300
308,27.6,27.6,27.5704,27.5704,400
310,27.7512,27.7512,27.7512,27.7512,253
312,27.828,27.828,27.828,27.828,178
317,27.6,27.6,27.6,27.6,1500
318,27.6,27.6,27.6,27.6,500
321,27.6,27.6,27.6,27.6,6500
323,27.6,27.6,27.6,27.6,400
325,27.6,27.6,27.6,27.6,800
326,27.6,27.6,27.6,27.6,1000
327,27.619,27.619,27.54,27.56,2862
437,27.5,27.6,27.5,27.6,5514
440,27.357,27.4791,27.357,27.4791,2294
441,27.5,27.5,27.4595,27.49,5450
442,27.6,27.6,27.6,27.6,1200
443,27.545,27.545,27.545,27.545,104
444,27.6,27.6,27.6,27.6,4000
445,27.6,27.6,27.6,27.6,800
447,27.63,27.63,27.63,27.63,100
451,27.6,27.6,27.6,27.6,4100
452,27.66,27.66,27.635,27.635,874
456,27.6,27.6,27.6,27.6,491
459,27.9387,27.9387,27.9387,27.9387,170
463,27.61,27.61,27.61,27.61,500
471,27.6,27.6,27.55,27.55,200
a1496158800,27.7786,27.7786,27.7786,27.7786,180
4,27.768,27.768,27.768,27.768,1000
15,27.7525,27.7525,27.7525,27.7525,180
134,27.71,27.72,27.71,27.72,600
136,27.71,27.71,27.71,27.71,400
137,27.83,27.83,27.8,27.8,1255
140,27.72,27.72,27.72,27.72,100
141,27.72,27.72,27.72,27.72,100
145,27.79,27.79,27.79,27.79,200
150,27.8,27.8,27.8,27.8,161
159,27.7561,27.7561,27.7561,27.7561,101
160,27.9,27.9,27.795,27.795,750
162,27.9485,27.9638,27.9485,27.9638,1024
164,27.9652,27.9652,27.904,27.904,868
275,27.81,27.81,27.81,27.81,200
291,27.9082,27.95,27.9082,27.95,200
296,27.8,27.84,27.8,27.84,300
313,27.8,27.82,27.8,27.82,1585
422,27.35,27.64,27.15,27.64,10200
426,27.54,27.56,27.4,27.4,3934
429,27.57,27.57,27.505,27.505,1100
431,27.47,27.74,27.47,27.74,2600
434,27.56,27.56,27.56,27.56,1500
437,27.9899,27.9899,27.9899,27.9899,339
449,27.98,27.98,27.98,27.98,100
452,27.938,27.938,27.938,27.938,119
454,27.98,27.98,27.98,27.98,100
455,27.77,27.85,27.602,27.602,340
456,27.683,27.683,27.683,27.683,195
866,27.9137,27.9137,27.9137,27.9137,177
868,27.9384,27.9384,27.9384,27.9384,107
869,27.756,27.756,27.756,27.756,400
885,27.903,27.903,27.903,27.903,475
886,27.8913,27.8913,27.8913,27.8913,2400
a1496765400,27.8706,27.8706,27.8706,27.8706,108
14,27.806,27.806,27.806,27.806,251
16,27.7602,27.7602,27.7602,27.7602,2000
132,27.9271,27.9271,27.9271,27.9271,176
133,27.787,27.787,27.787,27.787,130
139,27.75,27.75,27.75,27.75,400
150,27.77,27.77,27.77,27.77,180
153,27.9588,27.9588,27.7862,27.7862,1160
155,27.9383,27.9383,27.9383,27.9383,139
157,27.8734,27.8734,27.8734,27.8734,310
166,27.7701,27.7701,27.7701,27.7701,2000
272,27.7,27.7,27.7,27.7,130
289,27.855,27.855,27.855,27.855,111
299,27.801,27.801,27.801,27.801,600
430,27.8202,28,27.8202,28,476
439,27.97,27.97,27.97,27.97,102
440,27.9985,28,27.9985,28,216
443,27.9584,27.9584,27.9584,27.9584,109
445,27.97,27.97,27.9,27.9,500
453,27.853,27.853,27.82,27.82,557
850,27.7725,27.7725,27.7725,27.7725,500
866,27.8684,27.8684,27.8684,27.8684,219
869,27.976,27.976,27.976,27.976,179
870,27.892,27.976,27.892,27.976,450
871,27.892,27.892,27.892,27.892,120
875,27.85,27.85,27.85,27.85,115
881,27.94,27.94,27.93,27.93,2608
887,27.85,27.85,27.85,27.85,100
a1497375000,27.65,27.87,27.649,27.87,4000
2,27.69,27.69,27.69,27.69,100
6,27.603,27.789,27.603,27.789,261
7,27.603,27.603,27.603,27.603,302
123,27.75,27.75,27.75,27.75,200
136,27.966,27.966,27.966,27.966,256
137,27.822,27.85,27.822,27.85,300
138,27.9876,27.9876,27.9876,27.9876,144
152,27.816,27.816,27.816,27.816,400
274,27.9183,27.96,27.9183,27.96,200
280,27.9,27.9,27.8722,27.8722,200
287,28,28,27.75,27.75,314
292,27.8227,27.8227,27.8227,27.8227,1000
408,27.75,27.75,27.75,27.75,113
413,27.75,27.75,27.75,27.75,200
422,27.93,27.93,27.93,27.93,400
424,27.76,27.81,27.76,27.76,1000
431,27.75,27.8032,27.75,27.76,2806
438,27.948,27.948,27.948,27.948,106
447,27.75,27.75,27.75,27.75,200
864,27.7917,27.7917,27.7917,27.7917,164
866,27.966,27.966,27.966,27.966,139
872,28,28,28,28,178
877,27.8762,28,27.8762,28,404
a1497976800,27.822,27.822,27.822,27.822,243
5,27.966,27.966,27.966,27.966,327
14,27.9876,27.9876,27.94,27.94,500
20,27.8647,27.8647,27.8647,27.8647,141
130,27.8783,27.92,27.8783,27.91,300
140,28.0499,28.0499,28.0499,28.0499,610
146,27.873,27.873,27.873,27.873,172
148,27.9846,27.9846,27.81,27.81,408
161,27.9882,27.9882,27.81,27.81,782
164,27.99,27.99,27.95,27.95,942
273,28.03,28.03,28.03,28.03,100
284,28.04,28.04,28.04,28.04,100
292,28.03,28.03,28.03,28.03,100
298,28.04,28.04,28.04,28.04,100
301,27.9258,27.9258,27.9258,27.9258,174
302,27.9,27.9,27.9,27.9,400
304,27.9986,27.9986,27.9986,27.9986,110
305,28.04,28.04,28.04,28.04,100
419,28.0499,28.0499,28.0499,28.0499,350
427,27.948,27.948,27.948,27.948,300
432,27.8596,27.8596,27.8596,27.8596,2000
434,27.78,27.78,27.78,27.78,100
438,28.0299,28.0299,28.0299,28.0299,191
442,28.0399,28.0399,28.0399,28.0399,100
446,27.956,27.956,27.956,27.956,251
447,27.942,27.942,27.942,27.942,111
448,28.0199,28.0199,27.942,27.942,654
449,28.0199,28.0199,28.0199,28.0199,525
851,27.6601,27.6601,27.6601,27.6601,100
862,27.945,27.945,27.945,27.945,314
877,27.9852,27.9852,27.9852,27.9852,593
881,27.9893,27.99,27.9281,27.99,600
990,28.04,28.04,28.04,28.04,208
a1498577400,27.9,27.9,27.9,27.9,181
1,27.9,27.9,27.9,27.9,621
3,27.94,27.97,27.94,27.97,500
5,27.99,27.99,27.94,27.94,300
7,28,28,27.94,27.98,400
10,27.775,27.775,27.775,27.775,165
24,27.78,27.8618,27.78,27.8618,400
134,27.3554,27.3554,27.3554,27.3554,500
136,28.05,28.05,28.05,28.05,100
150,28.05,28.05,28.05,28.05,100
153,27.54,27.54,27.54,27.54,171
159,28.05,28.05,28,28.05,536
162,28.05,28.05,28.0086,28.0086,200
165,28.18,28.18,28.18,28.18,100
167,27.9537,27.9537,27.9537,27.9537,143
168,28.2,28.2,28.2,28.2,100
170,28.24,28.24,28.24,28.24,100
287,28.58,28.58,28.58,28.58,100
292,27.6677,27.6677,27.6677,27.6677,175
293,28.7,28.7,28.58,28.58,400
295,28.55,28.55,28.55,28.55,100
301,28.43,28.43,28.43,28.43,100
302,28.48,28.5,27.877,28.43,1727
305,28.45,28.45,28.45,28.45,100
307,28.49,28.5,28.43,28.45,640
308,28.4999,28.5,28.3986,28.48,1737
310,28.71,28.71,28.71,28.71,100
313,28.57,28.57,28.57,28.57,175
314,27.9654,27.9654,27.9654,27.9654,2314
433,30.5,30.5,28.8581,28.9,550
448,28.7604,28.7604,28.7604,28.7604,110
452,28.6499,28.65,28.6,28.6,300
857,27.4,27.4,27.4,27.4,500
867,28.625,28.625,28.625,28.625,112
871,28.034,28.034,28.034,28.034,126
a1499263200,28.1,28.1,28.1,28.1,950
17,28.3773,28.3773,28.3773,28.3773,134
18,28.57,28.57,28.57,28.57,142
