EXCHANGE%3DNASDAQ
MARKET_OPEN_MINUTE=570
MARKET_CLOSE_MINUTE=960
INTERVAL=600
COLUMNS=DATE,CLOSE,HIGH,LOW,OPEN,VOLUME
DATA=
TIMEZONE_OFFSET=-240
a1493127000,37.61,37.61,37.61,37.61,2850
1,37.64,37.75,37.5,37.64,5209
2,37.94,38,37.58,37.66,8932
3,37.99,37.9972,37.86,37.93,4405
4,38.06,38.06,37.88,37.94,98250
5,38.06,38.09,38,38.05,5200
6,38.08,38.08,38.03,38.08,2300
7,38.12,38.17,38.04,38.055,5000
8,38.09,38.18,38.09,38.1056,19497
9,38.24,38.24,38.08,38.08,17339
10,38.16,38.23,38.16,38.21,10700
11,38.225,38.24,38.18,38.18,6438
12,38.1,38.21,38.08,38.21,2100
13,38.13,38.175,38.11,38.11,1541
14,38.22,38.23,38.13,38.13,3800
15,38.25,38.27,38.205,38.21,5000
16,38.36,38.36,38.25,38.25,5038
17,38.4,38.4,38.36,38.36,1300
18,38.425,38.425,38.35,38.39,13521
19,38.49,38.49,38.39,38.44,15368
20,38.465,38.51,38.41,38.49,7099
21,38.44,38.46,38.43,38.45,11593
22,38.54,38.55,38.43,38.44,81986
23,38.47,38.61,38.47,38.56,5500
24,38.48,38.57,38.48,38.51,4600
25,38.59,38.6,38.46,38.46,21000
26,38.63,38.65,38.55,38.55,5786
27,38.61,38.65,38.59,38.65,3700
28,38.57,38.62,38.55,38.62,3800
29,38.56,38.57,38.54,38.57,25930
30,38.55,38.56,38.53,38.54,7614
31,38.56,38.57,38.54,38.54,5518
32,38.39,38.57,38.39,38.57,9156
33,38.36,38.41,38.36,38.39,2845
34,38.31,38.35,38.31,38.32,3908
35,38.29,38.305,38.27,38.29,3959
36,38.29,38.33,38.28,38.28,6321
37,38.19,38.29,38.19,38.28,75566
38,38.16,38.22,38.16,38.19,17251
39,38.18,38.2,38.11,38.16,59124
144,38.49,38.49,38.07,38.07,4200
145,38.17,38.21,38.06,38.2,1900
146,38.11,38.2,38.065,38.07,4200
147,37.93,38.14,37.85,38.12,8347
148,37.95,38.01,37.89,37.9,3555
149,37.97,38.08,37.93,38,2300
150,38.05,38.05,37.92,37.92,1650
151,38.02,38.06,37.92,38.06,8438
152,38.05,38.05,37.91,38.01,4367
153,38.06,38.08,38,38.05,4724
154,38.06,38.16,38.06,38.07,4104
155,38.05,38.11,38.05,38.06,3100
156,38.29,38.3,38.0501,38.0501,5968
157,38.3,38.3,38.25,38.29,1000
158,38.13,38.26,38.09,38.25,3100
159,38.175,38.19,38.1,38.1,3100
160,38.19,38.19,38.12,38.17,4300
161,38.16,38.22,38.15,38.165,3400
162,38.15,38.21,38.12,38.21,3261
163,38.1,38.17,38.07,38.13,5800
164,38.03,38.12,38.03,38.1,5772
165,38.11,38.15,38.03,38.03,2631
166,38.22,38.22,38.11,38.11,2396
167,38.195,38.24,38.16,38.18,3222
168,38.19,38.23,38.15,38.15,3300
169,38.23,38.23,38.14,38.17,4752
170,38.17,38.25,38.15,38.22,4151
171,38.155,38.21,38.135,38.16,3600
172,38.21,38.21,38.11,38.14,5000
173,38.26,38.27,38.185,38.19,2800
174,38.285,38.325,38.23,38.23,3400
175,38.28,38.31,38.26,38.29,3800
176,38.37,38.39,38.299,38.3,6600
177,38.35,38.41,38.35,38.37,4670
178,38.37,38.41,38.34,38.34,4900
179,38.46,38.48,38.37,38.37,5400
180,38.48,38.48,38.44,38.46,6743
181,38.44,38.51,38.425,38.49,10970
182,38.38,38.46,38.38,38.435,15377
183,38.45,38.48,38.38,38.38,63331
288,38.53,38.53,38.53,38.53,2813
289,38.43,38.57,38.43,38.53,700
290,38.75,38.76,38.46,38.5,10073
291,38.63,38.75,38.58,38.75,3375
292,38.66,38.74,38.58,38.58,3591
293,38.815,38.87,38.66,38.68,8100
294,38.82,38.9,38.77,38.775,6600
295,38.89,38.89,38.76,38.82,10214
296,38.89,38.96,38.87,38.91,7460
297,38.96,39.06,38.88,38.89,13885
298,39.005,39.02,38.95,38.965,10683
299,39.13,39.15,39.01,39.01,15300
300,38.99,39.13,38.99,39.13,10736
301,38.91,38.99,38.91,38.985,7920
302,38.89,38.97,38.88,38.9,5200
303,38.91,38.98,38.88,38.88,8801
304,38.96,38.97,38.89,38.91,4396
305,38.92,38.98,38.92,38.95,3500
306,38.98,38.99,38.91,38.92,6435
307,38.89,38.98,38.87,38.98,3714
308,38.93,39,38.92,38.92,3897
309,38.94,38.99,38.925,38.925,4000
310,38.925,38.955,38.91,38.94,4200
311,38.95,38.96,38.91,38.91,3871
312,39.06,39.06,38.955,38.955,7500
313,39.02,39.08,39,39.05,7900
314,38.97,39.01,38.91,39.01,11220
315,38.94,39.01,38.94,38.9799,9999
316,39.03,39.03,38.95,38.95,7400
317,39.06,39.06,39,39.02,3600
318,38.97,39.06,38.94,39.04,11621
319,39.05,39.05,38.975,38.975,8346
320,39.09,39.1,39.06,39.06,5050
321,39.07,39.09,39.03,39.09,4400
322,39.04,39.08,39.03,39.04,12895
323,39,39.05,39,39.04,9350
324,39.05,39.05,38.99,39,14781
325,38.99,39.09,38.98,39.055,14315
326,39.09,39.1,38.98,38.98,19317
327,39.05,39.08,38.995,39.07,74605
432,39.18,39.18,39.18,39.18,5769
433,38.84,39,38.84,38.99,2000
434,38.75,38.9,38.75,38.815,3206
435,38.57,38.805,38.56,38.74,4700
436,38.42,38.58,38.37,38.56,4950
437,38.38,38.4,38.295,38.39,5700
438,38.42,38.44,38.34,38.35,4400
439,38.44,38.47,38.38,38.47,14600
440,38.375,38.45,38.355,38.45,8772
441,38.405,38.45,38.35,38.35,15195
442,38.43,38.46,38.405,38.41,10000
443,38.39,38.44,38.39,38.43,5337
444,38.44,38.44,38.375,38.41,5499
445,38.41,38.44,38.385,38.44,8608
446,38.41,38.43,38.4,38.4,8873
447,38.555,38.6,38.43,38.43,6221
448,38.7,38.7,38.6,38.6,6519
449,38.67,38.715,38.65,38.71,2300
450,38.52,38.65,38.52,38.65,5714
451,38.6,38.625,38.49,38.53,8741
452,38.695,38.71,38.6,38.6,1500
453,38.74,38.74,38.65,38.695,5357
454,38.8,38.83,38.71,38.74,6207
455,38.8,38.82,38.79,38.8,6624
456,38.825,38.825,38.72,38.765,3400
457,38.84,38.84,38.785,38.83,5791
458,38.82,38.85,38.82,38.85,3900
459,38.82,38.88,38.82,38.86,5300
460,38.78,38.825,38.78,38.825,6798
461,38.88,38.9,38.79,38.79,7437
462,38.95,38.95,38.87,38.88,6800
463,38.955,39,38.94,38.94,6700
464,38.99,39.01,38.94,38.94,9609
465,39.015,39.015,38.98,39,6700
466,39.035,39.06,39.01,39.01,17436
467,39.165,39.17,38.98,39.03,56548
468,39.225,39.24,39.15,39.16,41187
469,39.27,39.29,39.16,39.225,58363
470,39.265,39.295,39.25,39.27,36461
471,39.28,39.36,39.24,39.27,127187
864,39.36,39.36,39.36,39.36,3011
865,39.52,39.575,39.405,39.47,9074
866,39.54,39.575,39.47,39.52,10839
867,39.43,39.53,39.42,39.52,2300
868,39.32,39.49,39.29,39.41,10744
869,39.21,39.25,39.165,39.25,6380
870,39.2325,39.29,39.2,39.21,7700
871,39.37,39.37,39.21,39.21,7555
872,39.34,39.39,39.31,39.37,4600
873,39.14,39.34,39.12,39.33,16557
874,39.3,39.32,39.14,39.14,15662
875,39.16,39.28,39.15,39.275,35106
876,39.06,39.22,39.04,39.18,4770
877,39.13,39.18,39.06,39.09,13100
878,39.06,39.16,39.06,39.15,8538
879,39.17,39.21,39.07,39.08,13592
880,39.15,39.18,39.13,39.155,5700
881,39.11,39.17,39.11,39.15,4582
882,39.06,39.12,39.06,39.11,4373
883,38.97,39.07,38.97,39.06,8873
884,38.97,39,38.94,38.99,4149
885,38.98,39,38.91,38.96,8200
886,38.99,39.01,38.96,38.98,5700
887,38.99,39,38.96,38.96,4200
888,39.01,39.03,38.99,39,13870
889,39.04,39.05,39.02,39.03,4148
890,39.08,39.08,39.04,39.05,5200
891,39.09,39.1,39.06,39.08,5900
892,39.14,39.16,39.06,39.09,25664
893,39.12,39.14,39.1,39.13,7630
894,38.97,39.11,38.94,39.1,13954
895,38.86,38.99,38.86,38.95,16177
896,38.9,38.92,38.86,38.88,12100
897,38.775,38.9,38.75,38.9,11130
898,38.79,38.79,38.72,38.76,8100
899,38.91,38.91,38.8,38.8,8558
900,38.8,38.89,38.79,38.89,12050
901,38.895,38.98,38.79,38.8,15381
902,38.92,38.95,38.88,38.88,29950
903,38.85,38.94,38.83,38.9,72016
a1493731800,39,39,39,39,7506
1,39,39.01,38.86,38.96,22925
2,38.65,39.01,38.65,39,6997
3,38.44,38.72,38.38,38.63,18000
4,38.57,38.64,38.33,38.38,35056
5,38.56,38.61,38.5,38.565,5300
6,38.83,38.83,38.575,38.58,5783
7,38.87,39.025,38.85,38.85,8300
8,38.93,39.02,38.86,38.86,8200
9,38.93,38.93,38.86,38.92,8952
10,38.975,38.99,38.92,38.95,1900
11,38.93,38.975,38.9,38.975,5750
12,39.04,39.09,38.95,38.95,9446
13,39.01,39.07,38.97,39.07,3154
14,38.99,39.07,38.99,39.03,4299
15,39.02,39.045,38.93,38.99,4414
16,39.05,39.06,39,39.03,7024
17,39,39.06,38.99,39.04,5490
18,39.04,39.08,38.99,39,8840
19,39.11,39.11,39.03,39.07,3031
20,39.15,39.15,39.1,39.11,2300
21,39.08,39.155,39.08,39.155,4250
22,39.04,39.09,39.04,39.09,4195
23,39.07,39.07,39.04,39.04,1900
24,39.09,39.1,39.06,39.08,3100
25,39.1,39.13,39.06,39.08,8270
26,39.14,39.14,39.1,39.13,4450
27,39.13,39.16,39.09,39.11,6808
28,39.1,39.14,39.08,39.11,11589
29,39.15,39.15,39.1,39.1,5235
30,39.15,39.17,39.1,39.12,7138
31,39.11,39.15,39.1,39.135,3740
32,39.03,39.12,39.01,39.1,7476
33,39.095,39.12,38.91,39.02,7800
34,39.12,39.15,39.09,39.095,11282
35,39.14,39.17,39.12,39.14,15800
36,39.25,39.27,39.135,39.14,25819
37,39.04,39.25,39.04,39.25,31482
38,39.1,39.16,38.985,39.035,68120
39,39.24,39.31,39.1332,39.14,115915
144,40.25,40.25,40.25,40.25,9782
145,39.51,41,38.88,40.47,70549
146,39.31,39.71,39.09,39.45,28557
147,39.165,39.476,39,39.3,13420
148,38.9,39.18,38.87,39.14,17881
149,38.695,38.92,38.67,38.86,22109
150,38.85,38.91,38.68,38.681,14376
151,39.004,39.09,38.85,38.85,14965
152,39.1,39.11,38.95,38.9676,10495
153,39.07,39.14,38.91,39.14,6391
154,39.1,39.15,39.04,39.08,8956
155,39.25,39.27,39.03,39.07,18000
156,39.19,39.25,39.06,39.25,13264
157,39.16,39.25,39.12,39.21,7989
158,39.11,39.13,39,39.125,5151
159,39.12,39.12,39.05,39.11,3700
160,39.12,39.13,38.93,39.13,15052
161,39.16,39.18,39.07,39.12,2986
162,39.03,39.16,39.03,39.12,3800
163,39.16,39.25,39.02,39.06,9258
164,39.24,39.24,39.13,39.17,4145
165,39.31,39.41,39.225,39.24,40304
166,39.44,39.48,39.29,39.31,9360
167,39.4,39.48,39.34,39.43,6826
168,39.39,39.45,39.36,39.39,8100
169,39.31,39.432,39.3,39.38,4053
170,39.38,39.4,39.3,39.32,8970
171,39.325,39.42,39.32,39.38,6899
172,39.36,39.47,39.31,39.325,8742
173,39.3,39.47,39.29,39.37,20206
174,39.41,39.47,39.28,39.29,19390
175,39.33,39.41,39.285,39.41,11030
176,39.47,39.47,39.271,39.32,15819
177,39.33,39.51,39.33,39.48,12197
178,39.4,39.466,39.28,39.33,9421
179,39.39,39.41,39.25,39.34,17251
180,39.34,39.4,39.27,39.4,22361
181,39.395,39.44,39.35,39.35,26996
182,39.42,39.46,39.37,39.4,46393
183,39.51,39.54,39.3975,39.4,122114
288,39.62,39.62,39.62,39.62,3727
289,38.9,39.47,38.9,39.44,36746
290,38.87,38.94,38.8,38.91,12167
291,38.52,38.86,38.45,38.85,32135
292,38.66,38.7,38.45,38.54,14828
293,38.47,38.635,38.4475,38.6,18708
294,38.4,38.57,38.4,38.47,15540
295,38.38,38.38,38.25,38.35,8300
296,38.35,38.38,38.32,38.36,9800
297,38.3536,38.38,38.31,38.36,25208
298,38.21,38.35,38.21,38.35,7786
299,38.035,38.22,38.035,38.22,10399
300,37.85,38.03,37.85,38.03,13306
301,37.88,37.95,37.82,37.86,22750
302,37.85,37.88,37.81,37.88,26982
303,37.52,37.87,37.43,37.85,45847
304,37.7,37.72,37.51,37.52,39739
305,37.6,37.69,37.555,37.69,11259
306,37.54,37.635,37.54,37.61,24808
307,37.555,37.56,37.5,37.52,16089
308,37.6,37.64,37.54,37.56,25367
309,37.79,37.84,37.59,37.59,13732
310,37.69,37.79,37.69,37.79,6432
311,37.69,37.72,37.67,37.7,17679
312,37.66,37.71,37.66,37.69,10770
313,37.62,37.71,37.62,37.7,11337
314,37.79,37.79,37.62,37.62,13923
315,37.875,37.89,37.77,37.78,12100
316,37.88,37.88,37.8,37.875,17133
317,37.84,37.97,37.83,37.88,22034
318,37.73,37.815,37.72,37.8,17604
319,37.82,37.82,37.74,37.74,15136
320,37.76,37.82,37.76,37.81,57477
321,37.75,37.78,37.75,37.78,14930
322,37.96,37.96,37.75,37.76,30399
323,38.01,38.01,37.945,37.96,26727
324,38,38.06,37.97,38.02,26926
325,38.01,38.02,37.93,38,34724
326,37.99,38.04,37.99,38.01,34505
327,37.91,38.01,37.91,37.995,120586
432,38.19,38.19,38.19,38.19,5124
433,38.2,38.27,37.71,38.1899,13080
434,38.59,38.63,38.27,38.28,10070
435,38.555,38.61,38.49,38.58,24000
436,38.745,38.78,38.49,38.51,16499
437,38.65,38.86,38.62,38.72,19000
438,38.72,38.76,38.61,38.69,11400
439,38.81,38.82,38.685,38.74,27810
440,38.95,38.985,38.81,38.83,13242
441,38.86,38.99,38.86,38.96,9471
442,38.87,38.9,38.85,38.86,6066
443,38.925,38.93,38.87,38.87,9000
444,38.86,38.925,38.85,38.925,5530
445,38.84,38.94,38.84,38.86,8652
446,38.88,38.89,38.83,38.87,6000
447,38.96,38.96,38.87,38.885,5800
448,38.93,38.96,38.9,38.96,3597
449,38.89,38.94,38.89,38.915,5900
450,38.89,38.92,38.88,38.92,3900
451,38.66,38.88,38.66,38.88,11879
452,38.81,38.81,38.66,38.66,12717
453,38.74,38.815,38.67,38.815,17240
454,38.75,38.8,38.75,38.75,7669
455,38.78,38.81,38.75,38.75,6100
456,38.86,38.87,38.8,38.81,3200
457,38.81,38.87,38.81,38.86,10500
458,38.86,38.86,38.81,38.81,9776
459,38.85,38.89,38.85,38.87,4499
460,38.81,38.84,38.75,38.84,13625
461,38.94,38.96,38.81,38.81,8050
462,38.9,38.95,38.89,38.93,9951
463,38.95,38.95,38.91,38.92,5401
464,38.925,38.9518,38.89,38.95,7700
465,38.91,38.94,38.9,38.91,6334
466,38.93,38.935,38.9,38.91,7927
467,38.98,38.99,38.93,38.93,8081
468,39.055,39.14,38.98,38.99,16201
469,39.145,39.15,39.055,39.055,13100
470,39.15,39.1653,39.13,39.14,20024
471,39.19,39.21,39.1,39.15,77690
864,39.11,39.11,39.11,39.11,2820
865,39.09,39.18,38.83,38.83,2100
866,38.9,39.05,38.9,39.05,7658
867,38.82,38.87,38.74,38.86,1864
868,38.81,38.876,38.8,38.82,8222
869,38.71,38.85,38.695,38.83,3500
870,38.5,38.59,38.48,38.59,1500
871,38.5,38.52,38.47,38.51,3900
872,38.7,38.7,38.5,38.5,1900
873,38.56,38.63,38.525,38.63,4562
874,38.52,38.6,38.52,38.59,18290
875,38.5,38.53,38.41,38.52,14628
876,38.54,38.58,38.49,38.51,8642
877,38.63,38.65,38.53,38.53,4219
878,38.64,38.655,38.63,38.65,2800
879,38.69,38.69,38.61,38.63,3900
880,38.66,38.68,38.66,38.68,1200
881,38.59,38.64,38.582,38.64,3624
882,38.59,38.59,38.51,38.58,3900
883,38.67,38.67,38.58,38.59,3200
884,38.77,38.77,38.7,38.71,1300
885,38.75,38.765,38.75,38.765,2100
886,38.71,38.74,38.65,38.74,9044
887,38.7,38.705,38.65,38.705,2990
888,38.69,38.7,38.67,38.695,900
889,38.67,38.67,38.635,38.66,2700
890,38.62,38.68,38.62,38.68,700
891,38.625,38.66,38.62,38.64,3471
892,38.71,38.73,38.63,38.63,16925
893,38.68,38.71,38.66,38.71,3700
894,38.68,38.69,38.66,38.68,3484
895,38.72,38.72,38.67,38.67,3589
896,38.725,38.74,38.7,38.72,3100
897,38.73,38.75,38.71,38.725,21289
898,38.67,38.75,38.67,38.73,4523
899,38.63,38.69,38.61,38.67,5200
900,38.48,38.62,38.48,38.61,3600
901,38.44,38.51,38.44,38.49,7592
902,38.41,38.47,38.39,38.46,9480
903,38.43,38.44,38.39,38.41,57360
a1494336600,38.55,38.55,38.55,38.55,4160
1,38.58,38.65,38.54,38.54,1592
2,38.625,38.7868,38.52,38.54,10806
3,38.69,38.72,38.54,38.62,6997
4,38.75,38.75,38.64,38.68,2704
5,38.66,38.745,38.58,38.74,11032
6,38.54,38.65,38.46,38.64,9800
7,38.59,38.59,38.54,38.55,2000
8,38.46,38.58,38.46,38.57,2700
9,38.44,38.52,38.44,38.5,2350
10,38.39,38.48,38.39,38.41,5000
11,38.25,38.42,38.25,38.405,8098
12,38.39,38.39,38.23,38.27,6281
13,38.43,38.43,38.37,38.41,2500
14,38.375,38.43,38.36,38.43,3560
15,38.39,38.41,38.375,38.375,3400
16,38.43,38.45,38.4,38.4,4852
17,38.48,38.48,38.44,38.44,2493
18,38.43,38.49,38.42,38.49,5700
19,38.45,38.45,38.41,38.41,1900
20,38.45,38.5,38.45,38.45,2500
21,38.42,38.47,38.4,38.47,2764
22,38.43,38.44,38.42,38.42,2650
23,38.38,38.44,38.37,38.44,2314
24,38.27,38.37,38.27,38.37,1500
25,38.31,38.32,38.27,38.29,2500
26,38.33,38.33,38.31,38.32,1529
27,38.36,38.36,38.33,38.33,1900
28,38.32,38.36,38.32,38.36,3414
29,38.37,38.37,38.31,38.31,1756
30,38.37,38.38,38.35,38.38,3996
31,38.26,38.36,38.24,38.36,15580
32,38.16,38.26,38.16,38.25,10009
33,38.11,38.18,38.11,38.16,7147
34,38.34,38.36,38.1,38.11,16496
35,38.42,38.42,38.33,38.35,5376
36,38.36,38.41,38.33,38.4,6700
37,38.22,38.36,38.21,38.36,11586
38,38.28,38.3,38.1501,38.23,21933
39,38.36,38.42,38.29,38.33,69368
144,38.32,38.32,38.32,38.32,3056
145,38.365,38.53,38,38,5803
146,38.315,38.42,38.27,38.36,4500
147,38.47,38.47,38.31,38.3625,800
148,38.49,38.55,38.34,38.4,4085
149,38.49,38.56,38.47,38.49,3400
150,38.34,38.43,38.31,38.43,8467
151,38.42,38.42,38.3,38.32,3954
152,38.41,38.48,38.41,38.46,3800
153,38.4,38.44,38.35,38.43,2800
154,38.42,38.42,38.37,38.41,2100
155,38.49,38.51,38.39,38.41,4600
156,38.6,38.61,38.51,38.51,2600
157,38.54,38.61,38.47,38.59,4800
158,38.46,38.545,38.46,38.54,1894
159,38.61,38.63,38.49,38.51,2500
160,38.565,38.62,38.5504,38.58,2063
161,38.52,38.55,38.46,38.55,2708
162,38.6,38.61,38.53,38.53,3450
163,38.62,38.64,38.6,38.6,1500
164,38.66,38.66,38.61,38.63,2000
165,38.72,38.72,38.67,38.67,2000
166,38.715,38.73,38.675,38.71,3323
167,38.69,38.72,38.69,38.7,3600
168,38.72,38.73,38.6675,38.675,2700
169,38.73,38.75,38.71,38.7101,4100
170,38.77,38.77,38.72,38.72,2560
171,38.72,38.75,38.71,38.75,3000
172,38.66,38.71,38.66,38.71,2100
173,38.74,38.77,38.65,38.67,12820
174,38.72,38.77,38.72,38.77,3100
175,38.73,38.74,38.72,38.74,3209
176,38.74,38.75,38.735,38.74,2900
177,38.76,38.76,38.73,38.73,2600
178,38.765,38.78,38.74,38.755,4800
179,38.79,38.85,38.77,38.77,4525
180,38.745,38.79,38.73,38.78,4847
181,38.71,38.75,38.68,38.73,14503
182,38.76,38.785,38.7,38.7,10807
183,38.71,38.7575,38.69,38.75,72842
288,38.52,38.52,38.52,38.52,2423
289,38.45,38.625,38.27,38.52,3900
290,38.33,38.355,38.18,38.355,1900
291,38.24,38.33,38.16,38.31,18509
292,38.265,38.35,38.25,38.32,18789
293,38.25,38.28,38.2,38.23,8966
294,38.25,38.27,38.17,38.26,11200
295,38.29,38.34,38.19,38.25,7590
296,38.4,38.43,38.29,38.29,2700
297,38.43,38.43,38.32,38.37,3725
298,38.44,38.51,38.415,38.43,3893
299,38.39,38.47,38.39,38.41,3100
300,38.42,38.45,38.38,38.405,4200
301,38.35,38.44,38.35,38.4,3065
302,38.42,38.42,38.35,38.35,3215
303,38.37,38.42,38.37,38.4,2100
304,38.36,38.4075,38.34,38.4,5816
305,38.34,38.405,38.31,38.34,3200
306,38.34,38.34,38.3,38.31,3300
307,38.34,38.36,38.33,38.36,3200
308,38.35,38.36,38.33,38.335,2194
309,38.3,38.335,38.27,38.335,2000
310,38.27,38.31,38.27,38.295,2800
311,38.34,38.34,38.25,38.265,16732
312,38.265,38.34,38.25,38.34,7770
313,38.245,38.28,38.23,38.26,5371
314,38.265,38.27,38.24,38.24,1900
315,38.32,38.32,38.27,38.285,4300
316,38.34,38.34,38.29,38.31,2620
317,38.395,38.395,38.32,38.32,8161
318,38.44,38.45,38.41,38.41,1100
319,38.415,38.46,38.415,38.45,6427
320,38.395,38.43,38.37,38.42,7725
321,38.42,38.42,38.33,38.395,8600
322,38.43,38.46,38.41,38.42,4607
323,38.38,38.45,38.38,38.43,5200
324,38.39,38.4,38.32,38.39,16936
325,38.39,38.4,38.37,38.39,8748
326,38.38,38.38,38.34,38.38,28374
327,38.37,38.39,38.31,38.38,79332
432,38.03,38.03,38.03,38.03,6289
433,37.7375,38.485,37.73,38.25,7400
434,37.68,37.78,37.35,37.76,34250
435,37.705,37.71,37.61,37.68,15297
436,37.75,37.78,37.64,37.7,5500
437,37.82,37.88,37.74,37.75,3500
438,37.73,37.9,37.73,37.84,4813
439,37.73,37.75,37.7,37.71,2900
440,37.74,37.74,37.62,37.72,4200
441,37.74,37.76,37.63,37.75,5500
442,37.8101,37.85,37.6901,37.74,4900
443,37.76,37.87,37.7501,37.85,4500
444,37.7301,37.78,37.7301,37.74,2100
445,37.87,37.93,37.76,37.76,10100
446,37.8301,37.875,37.8001,37.86,2261
447,37.91,37.91,37.845,37.845,1556
448,37.9801,38,37.93,37.93,3300
449,37.9701,38.005,37.9501,38.005,4417
450,38,38.04,37.9901,38.01,2100
451,38.0001,38.025,37.97,37.97,3803
452,38.06,38.07,38.02,38.05,4101
453,37.95,38.05,37.93,38.04,4203
454,37.92,37.99,37.92,37.98,4000
455,37.97,37.97,37.9201,37.93,3778
456,38,38.01,37.96,37.97,2500
457,38.04,38.07,38,38,2500
458,38.03,38.04,38.01,38.02,3675
459,38.02,38.06,38,38.04,2168
460,37.975,38.03,37.955,38.03,4097
461,37.96,38,37.96,37.97,2800
462,37.96,37.995,37.94,37.95,4100
463,37.895,37.96,37.88,37.96,4615
464,37.9,37.91,37.88,37.91,2800
465,37.89,37.93,37.89,37.9,2400
466,37.84,37.89,37.84,37.89,3383
467,37.83,37.855,37.8,37.84,4200
468,37.82,37.85,37.79,37.85,3900
469,37.795,37.81,37.76,37.81,8974
470,37.74,37.82,37.73,37.8,12970
471,37.65,37.73,37.65,37.73,60586
864,37.8,37.8,37.8,37.8,2475
865,38.08,38.1,37.7,37.77,5415
866,37.9,38.09,37.84,38.09,15225
867,38.155,38.19,37.91,37.92,14697
868,38.132,38.17,38.07,38.15,11653
869,38.2,38.24,38.13,38.13,1900
870,38.265,38.265,38.16,38.2,3004
871,38.35,38.38,38.27,38.29,8386
872,38.36,38.43,38.305,38.33,4475
873,38.37,38.415,38.305,38.305,2200
874,38.45,38.45,38.36,38.36,2400
875,38.465,38.5,38.41,38.41,1400
876,38.49,38.6,38.48,38.48,4700
877,38.55,38.56,38.5,38.5,1500
878,38.48,38.58,38.48,38.56,2200
879,38.46,38.48,38.44,38.48,1500
880,38.57,38.57,38.49,38.5,1600
881,38.42,38.58,38.38,38.57,13757
882,38.475,38.48,38.44,38.44,3900
883,38.56,38.56,38.44,38.475,2100
884,38.5,38.56,38.49,38.56,1600
885,38.47,38.52,38.45,38.52,1600
886,38.48,38.5,38.45,38.48,1200
887,38.57,38.58,38.47,38.47,1200
888,38.545,38.55,38.51,38.53,3434
889,38.54,38.545,38.53,38.53,2000
890,38.48,38.53,38.48,38.53,1700
891,38.46,38.52,38.46,38.48,3227
892,38.45,38.48,38.43,38.45,1900
893,38.38,38.47,38.38,38.47,1800
894,38.22,38.37,38.22,38.37,4300
895,38.3,38.3,38.21,38.22,1800
896,38.36,38.36,38.29,38.29,1900
897,38.34,38.37,38.34,38.37,2846
898,38.37,38.37,38.34,38.35,4182
899,38.35,38.36,38.34,38.36,2513
900,38.4,38.42,38.34,38.36,4268
901,38.31,38.39,38.31,38.39,3933
902,38.38,38.38,38.32,38.33,7370
903,38.38,38.41,38.37,38.38,80054
a1494941400,38.54,38.54,38.54,38.54,1339
1,38.57,38.72,38.57,38.69,885
2,38.53,38.57,38.39,38.48,4545
3,38.71,38.71,38.55,38.55,2500
4,38.82,38.83,38.7205,38.7205,1400
5,38.75,38.79,38.74,38.79,2571
6,38.38,38.75,38.34,38.75,3900
7,38.35,38.44,38.28,38.39,6900
8,38.33,38.39,38.315,38.385,3000
9,38.42,38.42,38.3,38.32,3702
10,38.43,38.48,38.34,38.37,2700
11,38.44,38.46,38.39,38.46,600
12,38.41,38.43,38.39,38.4,1000
13,38.46,38.46,38.38,38.39,3900
14,38.49,38.49,38.42,38.46,1000
15,38.59,38.6,38.51,38.51,800
16,38.6,38.62,38.53,38.55,1600
17,38.58,38.61,38.55,38.58,8000
18,38.68,38.68,38.57,38.58,3198
19,38.81,38.81,38.67,38.68,5400
20,38.54,38.81,38.51,38.8,12922
21,38.58,38.59,38.53,38.56,2100
22,38.63,38.64,38.54,38.57,5292
23,38.66,38.675,38.64,38.66,3112
24,38.61,38.66,38.61,38.64,5525
25,38.68,38.68,38.58,38.6,7701
26,38.605,38.69,38.6,38.68,6093
27,38.6,38.64,38.6,38.61,3615
28,38.71,38.72,38.59,38.6,6300
29,38.8,38.81,38.7062,38.7062,5000
30,38.48,38.8,38.48,38.78,67152
31,38.65,38.65,38.45,38.48,13000
32,38.65,38.69,38.59,38.65,9050
33,38.57,38.67,38.56,38.67,5700
34,38.65,38.7,38.58,38.59,7600
35,38.67,38.71,38.61,38.62,15589
36,38.6,38.7,38.585,38.66,10449
37,38.65,38.65,38.58,38.59,12400
38,38.615,38.65,38.56,38.65,26922
39,38.63,38.64,38.59,38.625,68184
144,37.95,37.95,37.95,37.95,2708
145,37.55,38.39,37.55,38.37,11057
146,37.78,37.84,37.6,37.65,41923
147,37.91,38.17,37.71,37.75,10298
148,37.82,37.86,37.65,37.86,5046
149,37.87,37.97,37.84,37.89,5200
150,37.97,37.98,37.73,37.87,14496
151,37.92,37.99,37.745,37.975,6200
152,37.93,37.98,37.84,37.85,3400
153,37.845,37.92,37.83,37.88,7409
154,37.85,37.87,37.735,37.86,8799
155,37.92,37.98,37.85,37.85,4700
156,37.825,37.94,37.77,37.94,9904
157,37.88,37.89,37.78,37.825,6787
158,37.86,37.98,37.86,37.885,4192
159,37.97,37.97,37.83,37.86,12594
160,37.82,38,37.82,38,2725
161,37.765,37.86,37.75,37.84,8353
162,37.735,37.785,37.735,37.75,4543
163,37.79,37.835,37.7,37.73,12918
164,37.8,37.84,37.79,37.81,2100
165,37.76,37.86,37.74,37.815,6700
166,37.81,37.85,37.71,37.8499,4100
167,37.75,37.8,37.75,37.8,2000
168,37.75,37.81,37.72,37.72,5503
169,37.72,37.78,37.7,37.75,31478
170,37.67,37.705,37.6,37.69,3454
171,37.44,37.65,37.44,37.65,32848
172,37.29,37.46,37.29,37.45,7741
173,37.16,37.29,37.04,37.29,11990
174,37.125,37.2,37.07,37.175,4055
175,37.11,37.19,37.11,37.14,4669
176,37.09,37.11,37,37.05,8252
177,37.2,37.2,37.06,37.08,7181
178,37.16,37.23,37.14,37.19,9942
179,37.19,37.2,37.11,37.13,16145
180,37.11,37.23,37.11,37.19,28638
181,37.07,37.23,37.06,37.1,37834
182,37.04,37.2,36.86,37.07,72825
183,36.8,37.14,36.78,37.01,158777
288,36.67,36.67,36.67,36.67,3169
289,36.64,36.725,36.36,36.63,15498
290,36.76,36.95,36.53,36.62,11594
291,36.8,36.915,36.7,36.76,16500
292,36.97,37.14,36.845,36.87,5200
293,36.9,37.04,36.82,36.98,11800
294,36.76,36.89,36.71,36.89,14560
295,36.78,36.9,36.72,36.72,30118
296,36.79,36.87,36.75,36.78,14553
297,36.845,36.9,36.735,36.79,19711
298,36.895,36.91,36.82,36.87,17663
299,37.2,37.235,36.9,36.9,20094
300,37.21,37.35,37.2,37.21,7311
301,37,37.18,37,37.18,5050
302,36.95,37.12,36.91,36.98,12606
303,36.73,36.99,36.73,36.95,17315
304,36.51,36.76,36.51,36.75,22941
305,36.57,36.6,36.54,36.56,22357
306,36.55,36.605,36.55,36.58,16900
307,36.66,36.66,36.54,36.565,18302
308,36.73,36.76,36.67,36.69,8200
309,36.6,36.71,36.54,36.71,24366
310,36.56,36.62,36.56,36.6,9518
311,36.69,36.69,36.55,36.56,7850
312,36.69,36.71,36.67,36.67,5500
313,36.76,36.78,36.66,36.68,4100
314,36.71,36.79,36.71,36.76,6400
315,36.79,36.83,36.7,36.71,11000
316,36.82,36.94,36.79,36.81,9400
317,36.73,36.82,36.7,36.82,11721
318,36.81,36.83,36.74,36.74,8551
319,36.77,36.895,36.71,36.82,21012
320,36.71,36.76,36.66,36.76,12657
321,36.64,36.75,36.63,36.7,18286
322,36.84,36.84,36.64,36.65,28034
323,36.82,36.85,36.76,36.84,9800
324,36.84,36.88,36.76,36.82,9700
325,36.82,36.85,36.78,36.84,16611
326,36.75,36.82,36.72,36.82,40875
327,36.78,36.86,36.74,36.75,109826
432,36.93,36.93,36.93,36.93,10951
433,37.1,37.1,37.0075,37.03,1700
434,37.335,37.4,37.05,37.08,12900
435,37.3,37.47,37.28,37.31,14706
436,37.12,37.4,37.12,37.34,41380
437,37.2,37.23,37.1,37.145,21000
438,37.4275,37.45,37.2,37.2,4500
439,37.28,37.47,37.28,37.45,18976
440,37.17,37.27,37.14,37.27,17267
441,37.37,37.42,37.1875,37.2,46200
442,37.46,37.49,37.29,37.39,40480
443,37.66,37.66,37.47,37.47,9100
444,37.48,37.74,37.48,37.66,49418
445,37.43,37.48,37.36,37.46,5250
446,37.37,37.435,37.37,37.42,3300
447,37.27,37.45,37.26,37.37,12500
448,37.16,37.29,37.14,37.27,6566
449,37.24,37.24,37.2,37.2,4200
450,37.25,37.28,37.24,37.24,7233
451,37.27,37.27,37.2475,37.25,2500
452,37.28,37.295,37.28,37.29,2000
453,37.255,37.28,37.19,37.28,7000
454,37.24,37.32,37.21,37.255,15301
455,37.18,37.24,37.18,37.22,1400
456,37.18,37.19,37.1,37.19,8633
457,37.12,37.18,37.12,37.17,4254
458,37.09,37.1207,37.09,37.12,2623
459,37.12,37.13,37.09,37.09,3500
460,37.12,37.17,37.09,37.11,11195
461,37.18,37.18,37.12,37.12,7400
462,37.06,37.18,37,37.18,10096
463,37.04,37.09,36.89,37.07,16787
464,36.985,37.08,36.96,37.05,4181
465,37.04,37.06,36.94,36.985,9100
466,36.75,37.03,36.75,37.03,11118
467,36.94,36.94,36.73,36.73,26335
468,36.88,37.08,36.87,36.95,16598
469,36.93,36.935,36.83,36.89,21715
470,36.85,36.98,36.84,36.95,23944
471,36.81,36.93,36.76,36.85,151645
864,36.91,36.91,36.91,36.91,2428
865,36.99,36.99,36.96,36.99,400
866,36.88,36.97,36.82,36.97,3000
867,36.86,36.96,36.73,36.9,8214
868,36.68,36.85,36.68,36.83,8098
869,36.905,36.94,36.69,36.69,6900
870,37.06,37.06,36.865,36.92,8438
871,37.1595,37.21,37.01,37.07,18837
872,37.1,37.27,37.07,37.185,10700
873,37.23,37.28,37.135,37.135,7060
874,37.26,37.26,37.19,37.22,5900
875,37.35,37.35,37.22,37.255,8600
876,37.31,37.38,37.27,37.37,3200
877,37.25,37.33,37.24,37.29,3278
878,37.25,37.31,37.2,37.28,11112
879,37.26,37.26,37.2,37.22,2400
880,37.25,37.27,37.18,37.26,15129
881,37.25,37.27,37.2,37.2,2386
882,37.29,37.29,37.23,37.26,2500
883,37.22,37.28,37.22,37.28,3221
884,37.22,37.25,37.2,37.23,3300
885,37.19,37.28,37.15,37.21,7800
886,37.105,37.19,37.1,37.19,2200
887,37.08,37.12,37.04,37.1,9612
888,37.08,37.09,37.07,37.07,1600
889,37.04,37.09,37.02,37.07,15464
890,37.11,37.11,37.02,37.02,5100
891,37.11,37.12,37.08,37.11,4500
892,37.13,37.13,37.09,37.09,5462
893,37.15,37.15,37.12,37.14,2400
894,37.14,37.17,37.1,37.15,3300
895,37.195,37.205,37.13,37.13,6080
896,37.24,37.25,37.195,37.195,4200
897,37.23,37.24,37.205,37.22,3033
898,37.23,37.25,37.22,37.23,9219
899,37.21,37.26,37.205,37.22,6323
900,37.25,37.26,37.19,37.2,9721
901,37.24,37.2575,37.21,37.24,16812
902,37.24,37.27,37.21,37.24,18311
903,37.29,37.35,37.27,37.28,58195
a1495546200,37.41,37.41,37.41,37.41,1383
1,37.26,37.39,37.15,37.39,15876
2,37.2,37.23,37.1,37.2,8700
3,37.135,37.28,37.11,37.23,5700
4,37.23,37.27,37.12,37.12,2100
5,37.255,37.255,37.125,37.23,5208
6,37.25,37.29,37.2,37.25,6173
7,37.35,37.41,37.24,37.24,7659
8,37.51,37.52,37.36,37.36,8700
9,37.58,37.625,37.51,37.51,15900
10,37.74,37.78,37.57,37.61,9375
11,37.86,37.87,37.74,37.74,8900
12,37.95,37.985,37.85,37.85,3200
13,37.93,38,37.91,37.92,5298
14,37.95,37.96,37.91,37.91,2618
15,37.92,37.94,37.87,37.94,2118
16,37.93,37.955,37.9,37.915,6333
17,37.93,37.9525,37.9,37.94,2646
18,37.8,37.93,37.76,37.93,13364
19,37.8,37.84,37.72,37.81,8813
20,37.74,37.81,37.74,37.81,2700
21,37.65,37.77,37.65,37.77,3423
22,37.64,37.7,37.64,37.64,2550
23,37.64,37.665,37.62,37.63,1500
24,37.69,37.7,37.63,37.63,2100
25,37.69,37.72,37.66,37.69,2800
26,37.63,37.68,37.62,37.68,1900
27,37.69,37.69,37.64,37.64,8924
28,37.74,37.74,37.68,37.68,4379
29,37.635,37.78,37.62,37.74,15637
30,37.695,37.695,37.63,37.63,3600
31,37.72,37.735,37.69,37.69,3423
32,37.71,37.725,37.71,37.72,4200
33,37.7,37.74,37.695,37.7299,4594
34,37.655,37.705,37.655,37.7,3200
35,37.73,37.79,37.66,37.67,15715
36,37.66,37.74,37.66,37.73,8447
37,37.675,37.675,37.64,37.66,12936
38,37.64,37.68,37.6,37.675,21100
39,37.75,37.79,37.64,37.64,84800
144,37.88,37.88,37.88,37.88,1700
145,37.525,37.85,37.46,37.46,2690
146,37.865,38.04,37.7,37.7,1600
147,38.02,38.04,37.91,37.97,2703
148,38.03,38.07,37.9,38.07,3189
149,38.075,38.08,38,38.05,4400
150,37.98,38.1,37.98,38.08,6341
151,38.07,38.07,37.96,37.98,1500
152,38.05,38.09,38.015,38.015,1912
153,37.99,38.05,37.96,38.03,1100
154,37.99,38.04,37.96,37.97,3800
155,38.01,38.06,37.95,37.98,7954
156,38.05,38.09,37.995,37.995,3389
157,38.04,38.06,38.01,38.04,1900
158,38.07,38.14,38.01,38.06,7902
159,37.82,38.06,37.77,38.04,9237
160,37.76,37.81,37.75,37.81,1000
161,37.68,37.805,37.67,37.79,3500
162,37.75,37.75,37.7,37.71,2500
163,37.77,37.78,37.75,37.75,1600
164,37.68,37.75,37.68,37.75,700
165,37.695,37.71,37.65,37.66,2200
166,37.56,37.69,37.56,37.68,2920
167,37.56,37.63,37.56,37.6,2100
168,37.5375,37.56,37.48,37.56,2700
169,37.59,37.62,37.53,37.54,3400
170,37.58,37.6,37.56,37.58,3100
171,37.61,37.6572,37.58,37.58,1684
172,37.61,37.64,37.55,37.62,2900
173,37.67,37.69,37.62,37.63,3223
174,37.71,37.72,37.67,37.67,2500
175,37.63,37.7,37.63,37.69,1700
176,37.65,37.66,37.59,37.635,4100
177,37.625,37.64,37.61,37.64,6200
178,37.65,37.67,37.59,37.64,5900
179,37.625,37.67,37.6,37.6425,5500
180,37.6,37.63,37.54,37.625,9513
181,37.62,37.64,37.56,37.58,10868
182,37.6175,37.64,37.56,37.615,14537
183,37.63,37.64,37.55,37.61,65727
288,37.82,37.82,37.82,37.82,1013
289,37.85,37.98,37.85,37.97,2598
290,38.08,38.08,37.93,37.93,8235
291,38,38.14,38,38.07,4981
292,38.065,38.11,37.99,38.02,2500
293,38.19,38.32,38.09,38.09,22124
294,38.13,38.22,38.105,38.2,3388
295,38.08,38.19,38.055,38.11,7400
296,38.02,38.08,38,38.07,3100
297,38.2,38.22,38.02,38.02,7400
298,38.13,38.19,38.09,38.15,14779
299,38.095,38.14,38.08,38.14,1500
300,38.15,38.15,38.085,38.12,4000
301,38.06,38.17,38.06,38.17,2500
302,38.02,38.02,37.94,37.99,2200
303,37.985,38.05,37.945,38.02,4205
304,38.04,38.04,37.97,37.99,4100
305,37.995,38.04,37.96,38.03,3100
306,38.07,38.08,38.01,38.01,900
307,38,38.07,37.99,38.07,3000
308,38,38.05,38,38,5800
309,38.06,38.06,37.995,37.995,3000
310,38.05,38.08,38.04,38.08,3000
311,37.99,38.07,37.94,38.07,3064
312,37.97,38.01,37.97,38.01,1200
313,38,38,37.96,37.98,4000
314,38,38.03,37.995,38,3200
315,38.03,38.03,38,38.02,3324
316,38.04,38.04,38.03,38.03,3400
317,38.05,38.05,38.025,38.05,4400
318,38.1,38.11,38.07,38.07,7200
319,38.11,38.11,38.08,38.08,1000
320,38.05,38.13,38.05,38.11,4656
321,38.045,38.08,38.03,38.08,4900
322,38.05,38.08,38.03,38.03,4806
323,38.045,38.06,38.04,38.04,6867
324,38.03,38.05,38.02,38.045,8400
325,38.05,38.06,38.03,38.03,10516
326,38.03,38.09,38.01,38.045,20196
327,38.04,38.05,38,38.015,53431
432,38.01,38.01,38.01,38.01,1440
433,37.61,37.81,37.55,37.81,2900
434,37.77,37.86,37.66,37.74,8700
435,37.81,37.93,37.81,37.82,2300
436,37.7,37.84,37.7,37.84,1300
437,37.63,37.74,37.61,37.67,5100
438,37.52,37.64,37.48,37.62,3562
439,37.65,37.67,37.535,37.535,3700
440,37.56,37.63,37.54,37.63,5642
441,37.48,37.57,37.48,37.57,2088
442,37.48,37.53,37.45,37.48,2200
443,37.48,37.54,37.48,37.52,800
444,37.55,37.55,37.5,37.5,1500
445,37.56,37.62,37.54,37.555,2300
446,37.57,37.57,37.52,37.54,1300
447,37.505,37.56,37.505,37.56,600
448,37.53,37.53,37.445,37.52,3619
449,37.58,37.58,37.52,37.54,2000
450,37.56,37.57,37.53,37.57,1400
451,37.61,37.64,37.57,37.59,2800
452,37.62,37.65,37.6,37.62,2200
453,37.57,37.62,37.57,37.61,400
454,37.59,37.59,37.57,37.57,1500
455,37.6,37.65,37.57,37.59,2700
456,37.48,37.58,37.48,37.58,7855
457,37.41,37.47,37.37,37.47,7336
458,37.45,37.475,37.42,37.45,5690
459,37.44,37.46,37.42,37.455,8600
460,37.42,37.46,37.41,37.42,13000
461,37.3,37.44,37.29,37.43,9153
462,37.21,37.305,37.19,37.3,6677
463,37.175,37.25,37.15,37.215,6600
464,37.17,37.25,37.15,37.16,10600
465,37.14,37.2,37.13,37.15,7001
466,37.15,37.18,37.12,37.15,9800
467,37.14,37.18,37.12,37.16,6400
468,37.25,37.25,37.16,37.16,5638
469,37.51,37.51,37.26,37.26,11100
470,37.48,37.54,37.47,37.51,16867
471,37.56,37.57,37.46,37.49,60541
a1496151000,37.48,37.48,37.48,37.48,3611
1,37.76,38.18,37.435,38.18,3300
2,37.51,37.88,37.47,37.75,8231
3,37.38,37.64,37.38,37.55,9952
4,37.33,37.56,37.33,37.48,5012
5,37.3,37.35,37.25,37.33,3762
6,37.28,37.43,37.28,37.35,3251
7,37.39,37.39,37.24,37.25,2300
8,37.44,37.46,37.28,37.45,5300
9,37.37,37.46,37.37,37.46,1535
10,37.31,37.4,37.31,37.37,4023
11,37.29,37.34,37.29,37.305,2210
12,37.15,37.295,37.15,37.295,4052
13,37.2,37.26,37.12,37.15,8865
14,37,37.18,37,37.16,11135
15,37.04,37.09,37,37,2200
16,37.03,37.07,37.03,37.05,2200
17,36.9,37,36.85,37,10248
18,36.97,36.98,36.91,36.94,2190
19,36.91,36.99,36.91,36.97,2800
20,36.85,36.89,36.85,36.89,13165
21,36.87,36.89,36.81,36.815,5000
22,36.905,36.935,36.89,36.89,4200
23,36.8,36.88,36.79,36.88,12201
24,36.7,36.78,36.69,36.78,2061
25,36.76,36.76,36.65,36.68,10204
26,36.685,36.75,36.65,36.75,6600
27,36.88,36.905,36.66,36.68,22359
28,36.84,36.89,36.79,36.79,3300
29,36.77,36.845,36.77,36.83,4351
30,36.77,36.8,36.75,36.76,3900
31,36.7,36.8,36.69,36.765,17530
32,36.67,36.73,36.67,36.7,5400
33,36.76,36.76,36.57,36.67,26249
34,36.75,36.81,36.75,36.77,5700
35,36.74,36.76,36.73,36.75,3900
36,36.74,36.74,36.71,36.74,6150
37,36.69,36.75,36.685,36.74,11431
38,36.65,36.73,36.62,36.69,34507
39,36.6,36.65,36.59,36.65,69439
144,37.15,37.15,36.72,36.72,1301
145,36.78,37.06,36.61,37.06,900
146,36.62,36.91,36.6,36.6,8900
147,36.36,36.575,36.3201,36.575,7800
148,36.39,36.39,36.21,36.34,12250
149,36.47,36.5,36.32,36.37,9755
150,36.71,36.71,36.465,36.48,17620
151,36.5,36.81,36.441,36.73,19400
152,36.57,36.64,36.44,36.44,8035
153,36.84,36.84,36.57,36.57,7859
154,36.69,36.9,36.69,36.83,7098
155,36.61,36.685,36.58,36.67,3400
156,36.67,36.72,36.61,36.62,3025
157,36.61,36.63,36.54,36.63,2200
158,36.61,36.66,36.58,36.59,4300
159,36.59,36.63,36.57,36.57,2199
160,36.54,36.63,36.54,36.63,2300
161,36.5,36.56,36.49,36.54,2600
162,36.61,36.62,36.47,36.5,6105
163,36.76,36.76,36.585,36.61,4900
164,36.71,36.76,36.68,36.735,4111
165,36.71,36.74,36.7,36.71,5800
166,36.72,36.73,36.695,36.695,1605
167,36.71,36.77,36.71,36.71,6258
168,36.755,36.79,36.71,36.71,2630
169,36.74,36.78,36.72,36.755,2000
170,36.6,36.73,36.6,36.73,7664
171,36.68,36.7,36.58,36.59,5900
172,36.67,36.71,36.62,36.665,5750
173,36.7,36.7,36.605,36.68,5011
174,36.69,36.73,36.64,36.685,9551
175,36.65,36.7,36.61,36.7,3100
176,36.8,37.01,36.59,36.63,42853
177,36.77,36.84,36.74,36.8,10449
178,37.055,37.07,36.78,36.78,21148
179,37.151,37.2,37.06,37.08,11997
180,37.23,37.23,37.13,37.15,18150
181,37.28,37.29,37.21,37.21,21670
182,37.34,37.385,37.24,37.265,26131
183,37.36,37.39,37.33,37.34,63674
288,37.45,37.45,37.45,37.45,2191
289,37.4,37.46,36.7,36.7,6500
290,37.995,38.09,37.38,37.39,43200
291,37.8,37.97,37.73,37.97,2400
292,37.595,37.79,37.55,37.76,5200
293,37.5,37.59,37.45,37.59,3100
294,37.61,37.62,37.46,37.54,4500
295,37.61,37.65,37.52,37.65,3100
296,37.625,37.71,37.51,37.58,29021
297,37.65,37.66,37.585,37.65,3611
298,37.75,37.76,37.63,37.66,3500
299,37.86,37.86,37.79,37.79,4000
300,37.895,37.91,37.83,37.86,4801
301,37.905,37.94,37.88,37.88,2790
302,37.995,38.01,37.92,37.93,14450
303,37.92,37.98,37.88,37.98,11925
304,38.05,38.07,37.93,37.95,6300
305,38.16,38.16,38.05,38.07,1100
306,38.13,38.23,38.13,38.16,2000
307,38.09,38.17,38.09,38.13,3400
308,38.16,38.16,38.07,38.12,6100
309,38.2,38.23,38.15,38.17,5700
310,38.23,38.235,38.2,38.215,5100
311,38.3699,38.3699,38.21,38.225,5527
312,38.4,38.4,38.36,38.36,19112
313,38.37,38.4,38.33,38.36,11576
314,38.5,38.53,38.37,38.37,22626
315,38.607,38.62,38.475,38.5,25084
316,38.62,38.64,38.505,38.61,26505
317,38.71,38.727,38.62,38.6201,4200
318,38.655,38.75,38.64,38.71,22116
319,38.635,38.66,38.58,38.66,12700
320,38.66,38.68,38.63,38.64,6879
321,38.555,38.675,38.47,38.66,45134
322,38.58,38.58,38.45,38.55,8010
323,38.575,38.58,38.52,38.555,8024
324,38.635,38.66,38.575,38.575,18832
325,38.64,38.64,38.56,38.6,9594
326,38.705,38.73,38.62,38.64,47516
327,38.79,38.8099,38.65,38.65,117169
432,38.85,38.85,38.85,38.85,2232
433,38.8,39,38.63,38.63,10138
434,38.495,38.88,38.425,38.84,13320
435,38.56,38.56,38.43,38.46,4600
436,38.68,38.68,38.49,38.54,5300
437,38.63,38.77,38.63,38.71,2400
438,38.78,38.85,38.63,38.63,4690
439,38.8,38.82,38.72,38.79,2918
440,38.81,38.82,38.69,38.8,4116
441,39,39,38.82,38.82,10100
442,38.86,39.09,38.86,39.02,12760
443,38.99,39.015,38.85,38.875,8400
444,39.15,39.18,38.96,38.975,4799
445,39.33,39.33,39.11,39.15,9554
446,39.48,39.58,39.3,39.3,23961
447,39.5,39.53,39.35,39.46,7543
448,39.475,39.475,39.37,39.45,8600
449,39.49,39.52,39.435,39.49,8000
450,39.52,39.53,39.47,39.49,10185
451,39.525,39.57,39.5,39.51,5487
452,39.47,39.53,39.47,39.53,7000
453,39.45,39.5,39.45,39.4841,8513
454,39.5,39.5,39.4475,39.46,15328
455,39.4,39.5,39.4,39.49,5450
456,39.41,39.43,39.375,39.42,3100
457,39.4,39.425,39.39,39.39,1800
458,39.47,39.47,39.38,39.39,4748
459,39.41,39.43,39.33,39.43,11600
460,39.37,39.4,39.3,39.38,8744
461,39.35,39.37,39.24,39.36,12516
462,39.28,39.35,39.28,39.32,10030
463,39.245,39.34,39.245,39.3,17013
464,39.32,39.34,39.245,39.245,13355
465,39.32,39.33,39.29,39.31,10200
466,39.41,39.42,39.32,39.33,13083
467,39.44,39.46,39.4,39.41,18475
468,39.44,39.49,39.41,39.445,20636
469,39.465,39.51,39.46,39.46,10521
470,39.41,39.48,39.37,39.47,29369
471,39.43,39.46,39.35,39.4,94252
864,39.4,39.4,39.4,39.4,1902
865,39.51,39.565,39.08,39.08,10971
866,39.42,39.53,39.24,39.43,27818
867,39.41,39.48,39.34,39.48,12200
868,39.39,39.595,39.37,39.38,18417
869,39.54,39.55,39.34,39.38,5100
870,39.47,39.56,39.47,39.56,6591
871,39.38,39.49,39.38,39.465,6614
872,39.27,39.4,39.25,39.36,13477
873,39.25,39.265,39.19,39.26,11343
874,39.32,39.34,39.21,39.25,20090
875,39.4,39.45,39.35,39.35,25610
876,39.24,39.48,39.24,39.4,37380
877,39.14,39.23,39.14,39.22,18559
878,39.03,39.17,39.03,39.13,5400
879,39.16,39.2,39.05,39.05,4900
880,39.25,39.25,39.16,39.16,7162
881,39.21,39.26,39.21,39.23,3251
882,39.18,39.22,39.16,39.22,5135
883,39.21,39.24,39.18,39.18,5100
884,39.225,39.225,39.21,39.21,1000
885,39.21,39.24,39.21,39.24,3100
886,39.25,39.27,39.19,39.225,11341
887,39.28,39.28,39.22,39.26,9062
888,39.23,39.27,39.21,39.26,2300
889,39.21,39.23,39.18,39.21,9171
890,39.23,39.23,39.17,39.17,2500
891,39.2,39.22,39.12,39.21,4800
892,39.2,39.22,39.18,39.19,6500
893,39.2322,39.25,39.21,39.21,4400
894,39.22,39.33,39.21,39.24,11563
895,39.17,39.22,39.16,39.215,4009
896,39.27,39.27,39.16,39.19,4700
897,39.215,39.26,39.2,39.25,6162
898,39.15,39.24,39.15,39.24,3500
899,39.155,39.18,39.12,39.165,10926
900,39.08,39.17,39.03,39.155,17811
901,38.9297,39.09,38.91,39.09,13891
902,38.85,38.96,38.82,38.93,18523
903,38.81,38.86,38.74,38.82,212329
a1496755800,38.55,38.55,38.55,38.55,1717
1,38.73,38.94,38.63,38.94,2446
2,38.8,38.81,38.61,38.72,5000
3,38.87,38.87,38.79,38.79,677
4,38.835,38.89,38.835,38.89,900
5,38.84,38.915,38.81,38.84,3550
6,38.91,38.94,38.86,38.9,800
7,38.77,38.91,38.77,38.91,2870
8,38.85,38.88,38.75,38.76,2104
9,38.82,38.85,38.78,38.81,2446
10,38.73,38.85,38.72,38.85,2193
11,38.61,38.745,38.61,38.745,1500
12,38.7,38.7,38.62,38.64,3400
13,38.7,38.8,38.69,38.7,1501
14,38.76,38.82,38.74,38.74,1500
15,38.8,38.8,38.76,38.76,600
16,38.82,38.84,38.78,38.84,2600
17,38.79,38.84,38.79,38.79,2600
18,38.77,38.8,38.77,38.78,1000
19,38.73,38.78,38.73,38.78,1200
20,38.81,38.81,38.735,38.74,4900
21,38.89,38.95,38.815,38.82,6720
22,38.89,38.89,38.85,38.87,1700
23,38.86,38.87,38.83,38.86,2200
24,38.86,38.88,38.83,38.87,1300
25,38.79,38.85,38.79,38.85,3001
26,38.73,38.76,38.71,38.76,3462
27,38.74,38.7632,38.74,38.74,4650
28,38.88,38.88,38.75,38.75,6430
29,38.89,38.89,38.83,38.88,2300
30,38.82,38.9,38.81,38.871,2777
31,38.87,38.87,38.8,38.8,3400
32,38.93,38.98,38.84,38.87,6944
33,38.9,38.92,38.87,38.91,2500
34,38.84,38.93,38.83,38.9,2500
35,38.78,38.84,38.76,38.84,1800
36,38.62,38.79,38.61,38.78,8240
37,38.5,38.61,38.48,38.61,13256
38,38.4425,38.53,38.44,38.49,9718
39,38.4,38.49,38.36,38.42,57209
144,38.33,38.33,38.33,38.33,2801
145,38.13,38.13,37.89,38.1,13737
146,38.535,38.56,38.19,38.19,12975
147,38.34,38.535,38.34,38.525,6659
148,38.24,38.4,38.24,38.4,1343
149,38.28,38.31,38.28,38.28,500
150,38.28,38.37,38.28,38.33,1200
151,38.34,38.42,38.23,38.26,4654
152,38.37,38.44,38.28,38.31,5900
153,38.45,38.5,38.37,38.37,10400
154,38.5911,38.6,38.45,38.45,2971
155,38.67,38.68,38.62,38.62,1086
156,38.59,38.7,38.57,38.65,2208
157,38.63,38.66,38.59,38.59,2800
158,38.53,38.62,38.47,38.62,3300
159,38.53,38.63,38.52,38.56,2575
160,38.51,38.57,38.46,38.51,4100
161,38.56,38.56,38.52,38.52,2849
162,38.55,38.61,38.54,38.54,3246
163,38.5,38.55,38.48,38.55,3800
164,38.47,38.51,38.43,38.5,6211
165,38.49,38.49,38.43,38.45,6005
166,38.46,38.54,38.46,38.51,8725
167,38.43,38.48,38.43,38.48,9100
168,38.26,38.44,38.26,38.435,5999
169,38.21,38.26,38.21,38.25,4293
170,38.23,38.25,38.18,38.19,3300
171,38.25,38.27,38.21,38.25,5860
172,38.28,38.31,38.24,38.25,7457
173,38.24,38.29,38.24,38.28,3787
174,38.23,38.28,38.23,38.24,5232
175,38.21,38.255,38.21,38.22,6072
176,38.17,38.205,38.15,38.2,20376
177,38.14,38.2,38.14,38.17,9986
178,38.075,38.14,37.98,38.14,25464
179,38.15,38.17,38.08,38.08,9171
180,38.19,38.19,38.14,38.17,6272
181,38.16,38.19,38.16,38.175,6628
182,38.11,38.15,38.1,38.145,28492
183,37.98,38.12,37.93,38.12,89005
288,38.08,38.08,38.08,38.08,1254
289,37.81,38.38,37.81,38.38,600
290,37.68,37.83,37.6201,37.72,4226
291,37.73,37.73,37.62,37.66,1500
292,37.76,37.87,37.68,37.74,4050
293,37.63,37.75,37.57,37.74,4241
294,37.39,37.64,37.39,37.64,6274
295,37.56,37.57,37.43,37.43,25655
296,37.75,37.75,37.61,37.61,4872
297,37.79,37.79,37.6479,37.75,6562
298,37.95,37.96,37.82,37.82,3709
299,37.9075,37.99,37.9,37.96,2400
300,37.86,37.94,37.84,37.93,3200
301,37.86,37.86,37.81,37.85,600
302,37.84,37.89,37.79,37.87,4560
303,37.8899,37.89,37.82,37.86,2095
304,37.88,37.9,37.8,37.86,3700
305,37.95,37.95,37.88,37.88,1900
306,37.92,37.96,37.9,37.96,15100
307,37.89,37.95,37.89,37.93,3300
308,37.87,37.96,37.87,37.89,5138
309,37.78,37.88,37.78,37.85,9300
310,37.92,37.92,37.77,37.78,5500
311,37.9,37.95,37.87,37.93,2721
312,37.81,37.9,37.8,37.9,2800
313,37.79,37.86,37.78,37.79,3229
314,37.825,37.83,37.78,37.78,1500
315,37.9,37.9,37.842,37.87,2200
316,37.92,37.93,37.88,37.92,4100
317,37.86,37.96,37.81,37.92,3289
318,37.8,37.85,37.75,37.85,4600
319,37.82,37.84,37.79,37.8,2800
320,37.75,37.82,37.72,37.82,3500
321,37.82,37.84,37.75,37.76,3600
322,37.93,37.94,37.85,37.85,2000
323,37.91,37.94,37.87,37.92,2700
324,37.93,37.97,37.89,37.89,3432
325,38.03,38.03,37.909,37.92,7600
326,38.13,38.14,37.97,38,11312
327,38.06,38.16,38.05,38.16,44357
432,38.05,38.05,38.05,38.05,2424
433,38.25,38.25,37.73,37.73,3212
434,38.28,38.29,38.13,38.13,2400
435,38.2999,38.3,38.2999,38.3,1300
436,38.26,38.26,38.09,38.22,4000
437,38.4,38.4,38.24,38.275,6823
438,38.47,38.47,38.37,38.37,3200
439,38.39,38.46,38.39,38.44,1487
440,38.3,38.41,38.3,38.39,2200
441,38.18,38.305,38.16,38.26,8000
442,38.08,38.25,38.08,38.17,5114
443,38.11,38.1999,38.08,38.08,2172
444,38.01,38.18,37.98,38.14,3000
445,37.99,38.09,37.95,38.02,3900
446,37.965,38.01,37.94,37.98,2781
447,37.915,37.995,37.915,37.995,2009
448,37.74,37.915,37.74,37.915,3831
449,37.5,37.78,37.46,37.72,5479
450,37.45,37.5,37.42,37.499,2528
451,37.3225,37.56,37.27,37.54,34502
452,37.4025,37.41,37.28,37.31,9465
453,37.46,37.5,37.37,37.37,3995
454,37.31,37.48,37.31,37.46,12670
455,36.78,37.3,36.78,37.3,15947
456,37.085,37.14,36.72,36.75,32160
457,36.92,37.08,36.77,37.08,10290
458,36.89,37.04,36.825,36.98,7266
459,36.68,36.99,36.67,36.89,22213
460,36.6,36.74,36.6,36.66,12160
461,36.54,36.64,36.39,36.57,13180
462,36.44,36.6,36.42,36.55,12600
463,36.33,36.49,36.2775,36.41,9731
464,35.94,36.33,35.94,36.3,22836
465,36.07,36.12,35.86,35.88,12456
466,36.33,36.34,36.04,36.04,13524
467,36.61,36.61,36.33,36.33,27837
468,36.79,36.82,36.61,36.62,19188
469,36.74,36.86,36.695,36.84,33076
470,36.83,36.87,36.64,36.735,44774
471,37,37.04,36.79,36.79,106197
864,36.6,36.6,36.6,36.6,6565
865,35.69,36.5,35.69,35.79,18480
866,35,35.92,35,35.69,51712
867,34.77,35.12,34.73,35,89540
868,35.08,35.08,34.48,34.64,90575
869,35.9,35.94,35.05,35.11,53154
870,35.83,36.19,35.79,35.86,64141
871,36.12,36.12,35.77,35.8,24268
872,36.43,36.46,36.09,36.09,10123
873,36.45,36.61,36.33,36.47,13609
874,36.57,36.6,36.37,36.47,13875
875,36.88,36.9,36.55,36.61,24739
876,36.91,37,36.82,36.94,9102
877,37.09,37.22,36.92,36.95,7318
878,36.79,37.18,36.79,37.12,7500
879,36.946,37,36.76,36.815,21370
880,36.92,36.97,36.84,36.94,3960
881,36.91,36.99,36.85,36.901,7000
882,36.61,36.97,36.61,36.935,4215
883,36.64,36.65,36.6,36.6,2200
884,36.61,36.67,36.565,36.66,7200
885,36.68,36.68,36.58,36.63,10700
886,36.61,36.72,36.6,36.69,7620
887,36.6,36.7,36.6,36.63,2700
888,36.69,36.72,36.63,36.65,3900
889,36.71,36.74,36.68,36.71,3600
890,36.69,36.75,36.68,36.71,4822
891,36.6,36.7,36.59,36.7,6587
892,36.67,36.72,36.58,36.6,8632
893,36.63,36.7,36.63,36.68,6600
894,36.66,36.69,36.6,36.61,15790
895,36.78,36.8,36.66,36.66,8859
896,36.71,36.795,36.7,36.77,5662
897,36.645,36.71,36.62,36.71,5200
898,36.725,36.725,36.6,36.64,12200
899,36.65,36.74,36.65,36.725,7000
900,36.5,36.67,36.5,36.65,16633
901,36.55,36.59,36.49,36.5,16966
902,36.61,36.64,36.51,36.54,21689
903,36.75,36.79,36.59,36.61,78564
a1497360600,36.84,36.84,36.84,36.84,2805
1,37,37.06,36.27,36.27,7421
2,37.07,37.1,36.97,36.98,14904
3,37.045,37.15,37.01,37.06,15683
4,36.93,37.08,36.83,37.08,11200
5,36.78,36.91,36.71,36.91,6950
6,36.68,36.76,36.59,36.75,7900
7,36.71,36.73,36.67,36.68,6000
8,36.53,36.695,36.5,36.68,6600
9,36.4325,36.555,36.37,36.52,5500
10,36.59,36.59,36.36,36.38,5100
11,36.94,36.94,36.57,36.61,7400
12,36.95,36.97,36.84,36.97,4267
13,36.88,36.98,36.82,36.91,7700
14,36.93,36.98,36.85,36.85,4000
15,36.84,37,36.84,36.95,23323
16,36.92,36.96,36.82,36.82,5400
17,36.86,36.96,36.835,36.92,3005
18,36.82,36.9,36.815,36.88,3700
19,36.93,36.93,36.78,36.8,5506
20,36.96,37,36.9,36.9,4719
21,36.88,36.97,36.88,36.97,5400
22,36.84,36.88,36.8,36.88,3100
23,36.94,36.98,36.86,36.86,5729
24,36.93,36.95,36.9,36.91,4996
25,36.92,36.96,36.9,36.93,4900
26,36.84,36.95,36.84,36.91,4219
27,36.94,36.96,36.79,36.79,5903
28,36.97,37,36.9,36.94,8466
29,36.96,36.98,36.92,36.96,4700
30,36.99,37,36.94,36.96,5000
31,36.99,37.02,36.94,37,18673
32,36.89,36.9999,36.85,36.9999,6410
33,36.88,36.94,36.86,36.9,8100
34,36.87,36.9,36.87,36.88,5300
35,36.86,36.88,36.85,36.86,6755
36,37.16,37.165,36.84,36.86,18199
37,37.205,37.25,37.11,37.165,20753
38,37.18,37.205,37.11,37.205,19710
39,37.28,37.28,37.16,37.19,123581
144,37.27,37.27,37.27,37.27,1567
145,37.05,37.37,36.77,36.97,5200
146,37.21,37.22,36.955,37.01,6500
147,37.02,37.29,37.02,37.29,3000
148,37.09,37.1,36.88,37.01,5400
149,37.06,37.13,36.92,37.13,3800
150,36.92,37.07,36.91,36.99,4100
151,36.98,37,36.88,36.93,2644
152,36.9,37.01,36.8701,36.95,3550
153,36.87,36.94,36.795,36.93,2800
154,36.78,36.85,36.68,36.85,3400
155,36.95,36.96,36.68,36.75,8749
156,37.09,37.15,36.95,36.95,5521
157,37.16,37.21,37.07,37.12,5664
158,37.145,37.16,37.11,37.15,3522
159,37.27,37.27,37.14,37.17,3600
160,37.01,37.26,37.01,37.22,6220
161,36.775,37.02,36.74,36.98,6470
162,36.87,36.87,36.76,36.76,3310
163,36.84,36.87,36.76,36.87,3400
164,36.97,36.97,36.86,36.86,2100
165,36.87,37,36.87,36.97,3649
166,36.91,36.95,36.89,36.89,3000
167,36.9,36.92,36.9,36.9,2300
168,36.85,36.89,36.85,36.87,1300
169,36.92,36.92,36.84,36.84,3100
170,36.91,36.93,36.87,36.93,1400
171,36.8325,36.9,36.82,36.9,2900
172,36.9,36.97,36.74,36.82,7500
173,36.8,36.98,36.71,36.89,5076
174,36.89,36.91,36.83,36.906,2022
175,36.79,36.9,36.75,36.89,4900
176,36.64,36.77,36.59,36.77,20089
177,36.73,36.78,36.6,36.65,5600
178,36.67,36.81,36.63,36.7,8816
179,36.52,36.55,36.39,36.54,8000
180,36.59,36.67,36.47,36.52,9814
181,36.805,36.805,36.57,36.64,10223
182,36.8075,36.81,36.73,36.79,15232
183,36.87,36.88,36.79,36.79,50751
288,36.23,36.23,36.23,36.23,1534
289,36.33,36.41,36.03,36.03,1900
290,36.3675,36.4,36.2,36.33,14422
291,36.505,36.675,36.38,36.38,18587
292,36.6,36.67,36.48,36.535,3500
293,36.39,36.59,36.39,36.59,6346
294,36.42,36.42,36.25,36.35,6972
295,36.47,36.51,36.35,36.45,3400
296,36.38,36.4575,36.3,36.4082,5243
297,36.37,36.47,36.29,36.33,4650
298,36.39,36.46,36.35,36.35,4213
299,36.43,36.51,36.36,36.37,7105
300,36.53,36.53,36.4,36.43,2700
301,36.45,36.58,36.44,36.55,2500
302,36.31,36.44,36.31,36.43,3500
303,36.275,36.3,36.25,36.3,7784
304,36.33,36.33,36.24,36.2695,3420
305,36.47,36.49,36.3,36.32,3500
306,36.5,36.5,36.44,36.4425,2764
307,36.52,36.525,36.45,36.48,4262
308,36.59,36.59,36.49,36.49,14900
309,36.75,36.77,36.59,36.59,2600
310,36.71,36.74,36.69,36.74,9300
311,36.74,36.84,36.7,36.7,14900
312,36.7,36.75,36.7,36.73,3000
313,36.75,36.78,36.69,36.69,1400
314,36.71,36.79,36.68,36.77,2680
315,36.78,36.81,36.72,36.73,3400
316,36.73,36.78,36.73,36.78,4384
317,36.8,36.81,36.71,36.71,3300
318,36.91,36.95,36.82,36.82,3126
319,36.88,36.97,36.86,36.89,4900
320,37,37,36.87,36.9,4900
321,36.92,36.98,36.89,36.97,6101
322,37.045,37.07,36.92,36.93,5700
323,37.03,37.08,36.95,37.03,6074
324,37.09,37.13,37.04,37.04,10300
325,36.85,37.06,36.85,37.0501,8046
326,36.89,36.93,36.84,36.84,13415
327,36.99,37,36.83,36.89,46573
432,36.7,36.7,36.7,36.7,90980
433,36.62,36.775,36.5,36.7,5575
434,36.61,36.68,36.35,36.585,10873
435,37.01,37.01,36.64,36.65,5100
436,36.72,37.02,36.71,37.02,7422
437,36.39,36.76,36.39,36.7,5800
438,36.33,36.53,36.3,36.39,6957
439,36.375,36.4,36.27,36.33,3750
440,36.48,36.48,36.36,36.4,6362
441,36.43,36.51,36.35,36.48,6578
442,36.41,36.44,36.34,36.43,12059
443,36.4,36.42,36.35,36.39,11750
444,36.34,36.42,36.33,36.395,15837
445,36.36,36.39,36.28,36.34,28478
446,36.35,36.41,36.3,36.37,14937
447,36.42,36.42,36.3,36.34,5449
448,36.66,36.66,36.41,36.44,9350
449,36.57,36.64,36.52,36.64,5775
450,36.55,36.56,36.51,36.56,2700
451,36.54,36.6,36.52,36.53,10700
452,36.47,36.55,36.44,36.535,5471
453,36.39,36.48,36.39,36.48,2600
454,36.51,36.51,36.38,36.38,3800
455,36.51,36.54,36.48,36.505,5124
456,36.51,36.59,36.51,36.53,7700
457,36.49,36.54,36.47,36.54,2300
458,36.52,36.5599,36.48,36.48,5000
459,36.53,36.61,36.5,36.56,10652
460,36.63,36.64,36.56,36.56,6200
461,36.64,36.64,36.59,36.62,2400
462,36.66,36.69,36.62,36.62,3000
463,36.72,36.81,36.67,36.67,7419
464,36.655,36.71,36.63,36.7,6703
465,36.68,36.69,36.65,36.655,8900
466,36.78,36.8,36.665,36.665,10691
467,36.75,36.825,36.73,36.79,6800
468,36.71,36.77,36.68,36.76,10525
469,36.75,36.75,36.64,36.69,18140
470,36.83,36.91,36.75,36.75,17113
471,36.83,36.85,36.73,36.8,411047
864,37.12,37.12,37.12,37.12,2923
865,37.33,37.37,36.86,36.86,8078
866,37,37.37,36.94,37.33,8596
867,37.06,37.07,36.97,37.06,5000
868,37.13,37.15,37.04,37.08,4500
869,36.84,37.09,36.84,37.08,1300
870,36.81,36.81,36.68,36.8,8786
871,36.5,36.85,36.5,36.825,27215
872,36.72,36.73,36.5,36.5,10972
873,36.58,36.76,36.57,36.74,10980
874,36.62,36.62,36.516,36.56,5181
875,36.6,36.7,36.58,36.58,5337
876,36.55,36.59,36.5,36.59,3428
877,36.64,36.64,36.51,36.54,3800
878,36.62,36.66,36.6,36.65,1000
879,36.64,36.66,36.59,36.62,3402
880,36.66,36.71,36.61,36.62,12100
881,36.68,36.72,36.68,36.7,2000
882,36.79,36.79,36.67,36.67,1977
883,36.78,36.78,36.73,36.75,5265
884,36.98,36.98,36.84,36.84,2023
885,37.05,37.07,36.9516,36.9516,2184
886,37.03,37.0625,37.025,37.055,1600
887,37.04,37.05,37,37.03,2900
888,36.9464,37.04,36.9464,37.04,3994
889,36.97,37.05,36.94,36.94,9350
890,36.86,36.96,36.86,36.96,3763
891,36.88,36.95,36.86,36.87,8650
892,36.78,36.93,36.78,36.91,16513
893,36.99,37.0537,36.795,36.795,18243
894,36.94,37,36.9,36.98,9536
895,36.855,36.95,36.85,36.95,11500
896,36.87,36.9,36.81,36.855,19826
897,36.89,36.91,36.865,36.87,2800
898,36.88,36.91,36.84,36.89,12366
899,36.9,36.92,36.86,36.86,3800
900,36.94,36.94,36.875,36.9,8147
901,37.04,37.04,36.9,36.93,9655
902,37.01,37.05,36.97,37.03,21920
903,36.94,37.03,36.91,37.02,81740
a1497965400,35.8,35.8,35.8,35.8,10398
1,35.6708,36.1,35.57,35.825,70983
2,35.325,35.6,35.25,35.6,87381
3,35.06,35.61,35.02,35.335,122857
4,35.52,35.52,35,35.05,66361
5,35.61,35.7,35.49,35.49,14283
6,35.5,35.65,35.42,35.64,55368
7,35.78,35.86,35.46,35.5,44739
8,35.99,35.99,35.78,35.78,19433
9,35.8892,36.04,35.78,35.99,25922
10,35.78,35.93,35.75,35.88,20708
11,35.65,35.76,35.63,35.75,20189
12,35.55,35.66,35.48,35.63,20269
13,35.2,35.55,35.16,35.55,87174
14,35.38,35.38,35.11,35.205,64168
15,35.3,35.37,35.28,35.37,15436
16,35.52,35.52,35.21,35.29,37301
17,35.395,35.63,35.395,35.56,22164
18,35.325,35.42,35.23,35.395,39469
19,35.1,35.34,35.095,35.33,24730
20,35.11,35.2226,35.09,35.1,25746
21,35.25,35.3,35.095,35.1,47772
22,35.36,35.425,35.25,35.265,20243
23,35.35,35.46,35.34,35.36,16486
24,35.4,35.4,35.245,35.36,23471
25,35.25,35.51,35.245,35.4,18196
26,35.36,35.4,35.23,35.24,27971
27,35.33,35.45,35.3,35.34,13934
28,35.25,35.33,35.24,35.33,17920
29,35.26,35.34,35.22,35.27,24418
30,35.2,35.28,35.075,35.26,48993
31,35.16,35.27,35.07,35.2,24377
32,35.26,35.35,35.105,35.16,27006
33,35.26,35.34,35.21,35.255,32682
34,35.49,35.57,35.24,35.25,51806
35,35.51,35.61,35.39,35.49,42988
36,35.46,35.51,35.4,35.51,66369
37,35.35,35.44,35.27,35.44,58995
38,35.35,35.46,35.33,35.35,72496
39,35.31,35.39,35.24,35.36,203214
144,35.5,35.5,35.5,35.5,3508
145,35.62,35.62,35.25,35.25,3325
146,35.44,35.65,35.44,35.56,2600
147,35.39,35.46,35.35,35.37,5700
148,35.5,35.54,35.355,35.39,8200
149,35.39,35.525,35.39,35.52,4958
150,35.49,35.49,35.4,35.42,6532
151,35.51,35.57,35.41,35.48,13789
152,35.5,35.63,35.49,35.54,7526
153,35.48,35.53,35.44,35.49,5200
154,35.46,35.49,35.41,35.465,6200
155,35.42,35.47,35.42,35.465,4232
156,35.51,35.52,35.4,35.4,5300
157,35.48,35.52,35.48,35.52,3498
158,35.49,35.51,35.44,35.44,3423
159,35.56,35.57,35.49,35.5,5400
160,35.5,35.57,35.49,35.54,3100
161,35.43,35.5,35.42,35.5,3200
162,35.41,35.44,35.39,35.43,3169
163,35.47,35.5,35.4,35.42,5700
164,35.39,35.47,35.39,35.47,3518
165,35.34,35.42,35.31,35.38,6302
166,35.34,35.365,35.33,35.33,2800
167,35.4,35.4,35.34,35.37,1300
168,35.39,35.42,35.36,35.4,2000
169,35.405,35.41,35.36,35.4,5871
170,35.425,35.455,35.42,35.42,6950
171,35.38,35.425,35.34,35.425,5098
172,35.34,35.4,35.33,35.375,4579
173,35.335,35.38,35.31,35.355,5000
174,35.34,35.37,35.34,35.34,11041
175,35.4,35.4,35.34,35.355,5994
176,35.41,35.44,35.39,35.395,7720
177,35.46,35.56,35.4,35.4,11319
178,35.475,35.48,35.41,35.46,5700
179,35.45,35.478,35.43,35.478,7544
180,35.49,35.5,35.45,35.46,13556
181,35.43,35.48,35.42,35.48,14555
182,35.52,35.52,35.44,35.44,28568
183,35.57,35.58,35.51,35.51,44147
288,35.56,35.56,35.56,35.56,2129
289,35.48,35.61,35.23,35.415,8889
290,35.6,35.7,35.46,35.46,6860
291,35.5,35.65,35.33,35.56,9061
292,35.4,35.48,35.39,35.48,5093
293,35.39,35.44,35.34,35.3779,4165
294,35.56,35.56,35.33,35.36,6096
295,35.61,35.62,35.49,35.56,4788
296,35.78,35.78,35.63,35.63,7297
297,35.9,35.95,35.78,35.78,9751
298,35.87,35.92,35.7901,35.9,5350
299,35.67,35.89,35.67,35.87,5597
300,35.78,35.81,35.67,35.7,6705
301,35.64,35.78,35.64,35.78,2800
302,35.73,35.73,35.62,35.69,5157
303,35.77,35.8,35.67,35.75,2936
304,35.83,35.83,35.75,35.79,3489
305,35.78,35.85,35.77,35.82,3602
306,35.715,35.82,35.68,35.8,5900
307,35.605,35.75,35.57,35.73,6800
308,35.71,35.71,35.59,35.62,3528
309,35.71,35.76,35.68,35.7,3899
310,35.755,35.76,35.66,35.67,4100
311,35.81,35.81,35.73,35.755,20806
312,35.775,35.8,35.75,35.795,2950
313,35.88,35.88,35.75,35.75,3396
314,35.92,35.92,35.86,35.88,3400
315,35.99,36.03,35.93,35.93,4900
316,36,36.01,35.94,35.99,4500
317,36.05,36.05,35.96,36.01,3673
318,36.04,36.08,36,36.05,4555
319,36.03,36.05,35.99,36.05,4311
320,36.04,36.06,36.02,36.03,8978
321,36.07,36.07,35.99,36.04,7711
322,36.07,36.08,36.01,36.05,9081
323,36.045,36.09,36.045,36.08,4000
324,36.08,36.12,36.04,36.04,8200
325,36.01,36.13,36.01,36.08,8461
326,36.01,36.04,35.99,36.01,19243
327,36.02,36.04,36,36.01,53400
432,36.04,36.04,36.04,36.04,2418
433,36.08,36.08,35.53,35.53,4398
434,36.16,36.16,35.98,36.08,7461
435,36.13,36.2,35.99,36.19,8832
436,36.08,36.18,36.05,36.15,4199
437,36.12,36.18,36.045,36.07,28596
438,36.2599,36.2599,36.145,36.145,5600
439,36.32,36.32,36.2642,36.27,4195
440,36.29,36.41,36.29,36.32,2459
441,36.3,36.3275,36.28,36.28,2200
442,36.275,36.322,36.26,36.31,4319
443,36.31,36.37,36.28,36.29,5518
444,36.34,36.38,36.31,36.38,2040
445,36.25,36.36,36.25,36.31,1900
446,36.17,36.27,36.17,36.25,5933
447,36.23,36.3,36.17,36.17,3450
448,36.24,36.26,36.24,36.245,800
449,36.33,36.37,36.25,36.26,4627
450,36.37,36.38,36.31,36.33,4430
451,36.37,36.38,36.3525,36.36,1932
452,36.3,36.39,36.26,36.38,8500
453,36.22,36.31,36.22,36.29,4400
454,36.24,36.25,36.2,36.21,3756
455,36.24,36.24,36.21,36.225,2603
456,36.27,36.28,36.23,36.26,3061
457,36.25,36.28,36.24,36.28,4534
458,36.22,36.26,36.22,36.25,3100
459,36.285,36.31,36.23,36.2386,7018
460,36.28,36.32,36.27,36.27,4115
461,36.195,36.3,36.18,36.26,26200
462,36.2,36.21,36.16,36.21,15580
463,36.18,36.24,36.17,36.2,5818
464,36.21,36.24,36.13,36.165,12999
465,36.24,36.25,36.21,36.22,13589
466,36.28,36.3,36.14,36.235,46250
467,36.34,36.34,36.24,36.305,5967
468,36.35,36.37,36.3,36.33,12200
469,36.3299,36.37,36.25,36.35,37166
470,36.38,36.43,36.32,36.33,20643
471,36.41,36.45,36.36,36.405,218216
864,36.62,36.62,36.62,36.62,2365
865,36.88,36.93,36.5725,36.63,7600
866,36.695,36.72,36.62,36.71,6200
867,36.75,36.852,36.665,36.68,13297
868,36.78,36.78,36.6,36.74,18736
869,36.67,36.79,36.6,36.79,9847
870,36.585,36.67,36.56,36.65,22798
871,36.26,36.63,36.26,36.63,16195
872,36.08,36.24,36.05,36.24,12079
873,36.11,36.16,36.03,36.08,22747
874,35.89,36.08,35.72,36.08,6978
875,35.865,35.98,35.84,35.91,10780
876,36.04,36.04,35.765,35.865,20120
877,36.05,36.07,35.95,36.04,14018
878,36.11,36.17,36.02,36.05,11157
879,36.24,36.24,36.04,36.11,5478
880,36.25,36.25,36.17,36.2,4030
881,36.27,36.31,36.23,36.23,3500
882,36.4,36.4,36.26,36.275,7601
883,36.4,36.41,36.34,36.39,3820
884,36.51,36.51,36.41,36.42,8080
885,36.5,36.54,36.47,36.5,8100
886,36.47,36.58,36.44,36.5,13800
887,36.51,36.53,36.44,36.48,7200
888,36.53,36.56,36.5,36.5186,4620
889,36.56,36.56,36.51,36.53,2249
890,36.68,36.74,36.52,36.56,14300
891,36.62,36.66,36.61,36.64,2400
892,36.61,36.66,36.6,36.64,9800
893,36.47,36.63,36.425,36.6,6548
894,36.51,36.52,36.465,36.465,4143
895,36.5,36.56,36.48,36.5,6699
896,36.55,36.57,36.5,36.51,7200
897,36.535,36.57,36.5,36.545,4170
898,36.575,36.6,36.51,36.54,8418
899,36.63,36.65,36.56,36.59,13800
900,36.58,36.64,36.55,36.63,7428
901,36.52,36.63,36.52,36.58,9500
902,36.51,36.57,36.48,36.515,21765
903,36.52,36.58,36.47,36.53,68342
a1498570200,36.39,36.39,36.39,36.39,1813
1,36.16,36.28,36.01,36.225,3450
2,36.5,36.62,36.18,36.18,6550
3,36.56,36.56,36.42,36.42,3800
4,36.7,36.79,36.46,36.54,13000
5,36.58,36.81,36.58,36.72,33329
6,36.55,36.67,36.52,36.6,3600
7,36.63,36.68,36.57,36.57,10374
8,36.805,36.82,36.69,36.69,1600
9,36.61,36.83,36.6,36.8,2800
10,36.61,36.63,36.56,36.58,1900
11,36.61,36.64,36.59,36.59,1700
12,36.56,36.64,36.56,36.6,1972
13,36.6,36.67,36.59,36.59,2378
14,36.59,36.66,36.57,36.63,3390
15,36.64,36.64,36.59,36.59,2207
16,36.71,36.71,36.6,36.6,3900
17,36.62,36.66,36.57,36.66,6500
18,36.69,36.69,36.64,36.64,2681
19,36.62,36.67,36.62,36.67,1900
20,36.68,36.68,36.58,36.6,4153
21,36.63,36.68,36.57,36.68,7350
22,36.61,36.66,36.59,36.62,3862
23,36.58,36.63,36.56,36.57,7883
24,36.51,36.6,36.49,36.59,4700
25,36.42,36.61,36.42,36.52,13842
26,36.4725,36.51,36.34,36.36,23293
27,36.49,36.53,36.41,36.46,21790
28,36.52,36.54,36.45,36.495,11890
29,36.46,36.52,36.39,36.505,14283
30,36.55,36.55,36.44,36.45,4547
31,36.55,36.58,36.5,36.55,5300
32,36.54,36.57,36.51,36.51,3700
33,36.5,36.55,36.47,36.5,7935
34,36.48,36.53,36.46,36.5,15068
35,36.41,36.465,36.39,36.465,7600
36,36.38,36.44,36.32,36.43,10650
37,36.29,36.39,36.23,36.38,17917
38,36.19,36.33,36.19,36.26,19361
39,36.15,36.19,36.07,36.17,76094
144,36.33,36.33,36.33,36.33,3485
145,36.09,36.585,36.09,36.585,4330
146,36.065,36.09,35.94,36.075,3901
147,35.64,35.98,35.64,35.98,7637
148,35.84,35.91,35.615,35.64,5926
149,36.02,36.04,35.78,35.84,52102
150,36.1,36.21,36.02,36.02,14550
151,36.31,36.31,36.1,36.1,11265
152,36.35,36.37,36.26,36.31,5789
153,36.32,36.4,36.32,36.36,3600
154,36.4,36.47,36.35,36.37,9400
155,36.5,36.52,36.41,36.42,18058
156,36.52,36.53,36.49,36.49,5684
157,36.51,36.52,36.49,36.515,14917
158,36.62,36.62,36.46,36.505,42417
159,36.55,36.72,36.55,36.62,5800
160,36.58,36.58,36.5,36.545,4505
161,36.595,36.63,36.56,36.58,8212
162,36.715,36.715,36.61,36.63,6482
163,36.71,36.73,36.66,36.72,5440
164,36.85,36.87,36.75,36.75,2900
165,36.93,36.93,36.81,36.815,4700
166,36.82,36.93,36.82,36.91,4800
167,36.835,36.87,36.83,36.83,3400
168,36.875,36.88,36.835,36.84,3298
169,36.9,36.92,36.83,36.89,4350
170,36.79,36.91,36.785,36.88,3149
171,36.75,36.83,36.75,36.83,3800
172,36.79,36.8,36.72,36.75,7676
173,36.995,37,36.76,36.77,72810
174,36.865,37.005,36.85,36.99,5050
175,36.91,36.93,36.85,36.865,27800
176,36.92,37,36.91,36.91,5372
177,36.98,37.03,36.91,36.915,7350
178,37.08,37.1,36.97,36.97,30600
179,36.99,37.09,36.985,37.09,18550
180,37.04,37.1,36.995,37.005,36099
181,37.085,37.09,37,37.04,73455
182,37.02,37.09,37,37.08,93734
183,36.98,37.06,36.98,37.015,88167
288,36.95,36.95,36.95,36.95,1716
289,36.68,36.88,36.61,36.88,16204
290,36.39,36.6,36.38,36.6,5080
291,36.57,36.59,36.38,36.38,4181
292,36.61,36.71,36.48,36.57,13072
293,36.6,36.6,36.5,36.55,9800
294,36.58,36.6,36.52,36.6,3808
295,36.47,36.6,36.45,36.56,185486
296,36.58,36.58,36.45,36.45,4392
297,36.48,36.6,36.48,36.575,3406
298,36.36,36.52,36.36,36.47,19820
299,36.23,36.365,36.15,36.365,76553
300,36.07,36.25,36,36.23,13797
301,36.08,36.125,35.86,36.03,12730
302,36.19,36.19,36.03,36.05,8800
303,36.12,36.17,36.09,36.14,13000
304,36.12,36.2,36.1,36.12,8699
305,36.06,36.16,36.05,36.11,5277
306,36.01,36.08,35.95,36.08,7100
307,36.06,36.09,35.99,36.04,4520
308,36.03,36.09,35.99,36.06,11793
309,36.01,36.02,35.95,36,20784
310,35.89,36.06,35.85,36.06,46100
311,35.81,35.89,35.8,35.88,10900
312,35.64,35.8025,35.63,35.79,12950
313,35.84,35.84,35.63,35.65,12596
314,35.82,35.89,35.82,35.84,65093
315,35.75,35.83,35.72,35.82,16100
316,35.8,35.8,35.65,35.74,10073
317,35.79,35.87,35.78,35.79,14563
318,35.8,35.83,35.79,35.79,11515
319,35.87,35.87,35.79,35.81,15921
320,35.83,35.89,35.79,35.88,36739
321,35.64,35.86,35.6,35.81,21370
322,35.84,35.86,35.65,35.65,12000
323,36.02,36.04,35.83,35.83,37834
324,35.97,36.03,35.95,36.02,9969
325,36.13,36.15,35.97,35.98,11558
326,35.94,36.11,35.94,36.1,9442
327,35.96,36.05,35.94,35.94,76479
432,35.93,35.93,35.93,35.93,4559
433,36.08,36.08,35.915,35.915,2489
434,35.96,36.13,35.96,36.08,1601
435,35.74,35.94,35.69,35.94,5683
436,35.89,35.89,35.77,35.85,600
437,35.94,35.96,35.85,35.87,2100
438,36.08,36.12,35.91,35.91,5100
439,36.07,36.19,36.03,36.11,3300
440,36.025,36.06,35.995,36.06,2100
441,36.06,36.06,35.97,36,1600
442,36.125,36.19,35.99,36.04,8246
443,36.045,36.14,36.03,36.1,3104
444,36.01,36.095,35.995,36.05,4900
445,35.98,36.05,35.98,36.01,3300
446,35.97,36,35.95,35.95,1300
447,35.94,35.94,35.93,35.94,600
448,35.92,35.94,35.87,35.94,3100
449,35.86,35.91,35.85,35.91,3400
450,35.87,35.87,35.87,35.87,100
451,35.76,35.86,35.75,35.85,3786
452,35.78,35.84,35.78,35.78,1100
453,35.82,35.82,35.75,35.75,2000
454,35.87,35.87,35.81,35.81,1400
455,35.83,35.89,35.83,35.86,6009
456,35.84,35.85,35.82,35.85,1400
457,35.84,35.86,35.81,35.83,3576
458,35.82,35.85,35.82,35.83,400
459,35.76,35.82,35.74,35.82,3086
460,35.77,35.8,35.75,35.79,4362
461,35.815,35.83,35.75,35.77,5400
462,35.93,35.96,35.825,35.83,3359
463,35.88,35.93,35.87,35.91,4489
464,35.92,35.92,35.88,35.89,1400
465,35.9201,35.94,35.87,35.9,4975
466,35.88,35.92,35.85,35.92,4100
467,35.84,35.89,35.82,35.86,10604
468,35.85,35.89,35.83,35.85,13289
469,35.86,35.86,35.815,35.85,10527
470,35.86,35.91,35.84,35.85,17525
471,35.75,35.87,35.73,35.86,93076
864,35.93,35.93,35.93,35.93,2006
865,35.19,36.0025,35.19,36.0025,11467
866,35.2,35.27,35.095,35.1,20237
867,35.19,35.29,35.1,35.11,17014
868,35.31,35.31,35.1,35.18,19776
869,35.1,35.26,35.1,35.26,21907
870,34.74,35.11,34.67,35.1,25182
871,34.61,34.75,34.44,34.74,27865
872,34.63,34.71,34.54,34.6,61993
873,34.13,34.58,34.12,34.58,32157
874,33.99,34.19,33.93,34.13,16313
875,34.265,34.27,34.02,34.03,60762
876,34.26,34.31,34.14,34.265,38808
877,34.31,34.39,34.24,34.27,23592
878,34.265,34.34,34.24,34.31,31211
879,34.44,34.44,34.255,34.265,29234
880,34.37,34.539,34.34,34.42,27207
881,34.3,34.38,34.3,34.365,29431
882,34.05,34.3,34.04,34.3,20457
883,34,34.08,33.96,34.06,27699
884,34.22,34.27,33.97,34,62042
885,34.46,34.57,34.23,34.23,103518
a1499261400,34.39,34.39,34.39,34.39,3676
1,34.54,34.59,34.33,34.38,39354
2,34.42,34.53,34.3,34.51,14000
3,34.58,34.68,34.42,34.42,13244
4,34.53,34.62,34.48,34.58,7293
5,34.5,34.59,34.47,34.55,23342
6,34.38,34.51,34.3,34.51,3900
7,34.595,34.63,34.41,34.47,3628
8,34.66,34.74,34.55,34.6,12894
9,34.27,34.64,34.27,34.64,9471
10,34.29,34.29,34.16,34.26,14228
11,34.415,34.52,34.27,34.29,9197
12,34.44,34.52,34.37,34.42,3950
13,34.29,34.44,34.29,34.44,2421
14,34.29,34.32,34.25,34.28,3400
15,34.32,34.44,34.2,34.345,28446
16,34.58,34.61,34.28,34.31,28504
17,34.57,34.61,34.5,34.58,13345
18,34.55,34.62,34.51,34.62,11840
19,34.6,34.68,34.55,34.55,6367
20,34.53,34.6,34.51,34.6,4142
21,34.56,34.67,34.54,34.55,3600
22,34.56,34.6,34.55,34.57,4352
23,34.605,34.64,34.52,34.56,5200
24,34.55,34.66,34.55,34.58,5587
25,34.63,34.67,34.55,34.55,5000
26,34.55,34.63,34.54,34.63,3532
27,34.53,34.57,34.48,34.54,5373
28,34.54,34.64,34.46,34.53,8850
29,34.58,34.67,34.53,34.55,5000
30,34.64,34.68,34.58,34.59,6027
31,34.6865,34.695,34.63,34.63,2303
32,34.63,34.78,34.63,34.67,10650
33,34.63,34.66,34.57,34.65,4100
34,34.58,34.68,34.53,34.6,10872
35,34.69,34.69,34.57,34.57,9040
36,34.71,34.72,34.64,34.7,7412
37,34.805,34.82,34.695,34.695,17586
38,34.81,34.85,34.76,34.81,21667
39,34.77,34.8,34.72,34.78,179438
