EXCHANGE%3DNASDAQ
MARKET_OPEN_MINUTE=570
MARKET_CLOSE_MINUTE=960
INTERVAL=600
COLUMNS=DATE,CLOSE,HIGH,LOW,OPEN,VOLUME
DATA=
TIMEZONE_OFFSET=-240
a1493127000,65.49,65.49,65.49,65.49,1610
1,65.02,65.7,64.7,65.7,51781
2,65.07,65.39,65.07,65.39,7981
3,65.08,65.13,64.49,65.11,30699
4,65.31,65.34,64.86,65.24,14914
5,65.27,65.38,65.23,65.26,12433
6,65.255,65.38,65.21,65.24,75954
7,65.24,65.255,65.15,65.25,9600
8,65.09,65.23,64.9401,65.22,35226
9,65.11,65.25,65.07,65.09,42703
10,65.16,65.23,65.02,65.11,17166
11,65.23,65.25,65.12,65.15,11823
12,65.305,65.305,65.19,65.23,27194
13,65.28,65.38,65.245,65.305,20300
14,65.68,65.68,65.23,65.27,19600
15,65.71,65.71,65.54,65.62,8208
16,65.97,65.97,65.7,65.705,12454
17,65.96,66.11,65.93,65.96,36701
18,65.77,66,65.77,65.94,19715
19,65.67,65.77,65.655,65.77,8630
20,65.46,65.67,65.43,65.67,8353
21,65.485,65.53,65.44,65.46,11324
22,65.3,65.56,65.3,65.485,17355
23,65.18,65.39,65.18,65.33,12236
24,65.135,65.17,65.12,65.16,5820
25,65.215,65.44,65.14,65.14,14597
26,65.09,65.215,65.05,65.215,18276
27,65.12,65.15,65.08,65.12,10797
28,65.12,65.18,65.1,65.11,11877
29,65.17,65.17,65.08,65.12,37374
30,65.15,65.17,65.115,65.14,22454
31,65.255,65.285,65.15,65.16,14707
32,65.395,65.45,65.21,65.255,25574
33,65.26,65.425,65.26,65.41,13723
34,65.36,65.45,65.22,65.255,17007
35,65.24,65.365,65.195,65.365,42424
36,65.2,65.25,65.17,65.22,32909
37,65.17,65.29,65.13,65.19,59706
38,65.2,65.21,65.11,65.17,64147
39,65.41,65.42,65.12,65.2,152769
144,66.07,66.07,66.07,66.07,5558
145,63.525,66.47,62.01,66.08,86297
146,63.365,63.62,63.09,63.62,197214
147,62.7,63.45,62.63,63.38,98580
148,62.2225,63.44,62,62.7,105453
149,62.23,62.27,61.93,62.2044,57783
150,62.415,62.65,62.22,62.25,64040
151,62.43,62.48,61.97,62.4,78656
152,62.635,63.27,62.38,62.38,82959
153,62.57,62.66,62.43,62.57,22632
154,62.485,62.71,62.41,62.54,25379
155,62.43,62.54,62.34,62.51,30967
156,62.455,62.53,62.41,62.43,50176
157,62.7661,62.93,62.43,62.44,56821
158,62.18,62.74,62.1,62.74,17596
159,62.51,62.51,62.1,62.18,28869
160,62.69,62.69,62.46,62.47,65190
161,62.86,62.98,62.71,62.71,15185
162,62.9358,63.09,62.85,62.88,56142
163,63.05,63.18,62.84,62.93,20106
164,62.74,63.07,62.72,63.04,17700
165,62.82,62.9,62.6201,62.68,19899
166,62.87,62.9,62.82,62.83,17723
167,62.66,62.9,62.66,62.87,32300
168,62.66,62.8,62.59,62.72,10253
169,62.775,62.85,62.5,62.63,48365
170,62.7,62.8,62.67,62.705,26150
171,62.77,62.77,62.66,62.715,18560
172,62.59,62.76,62.56,62.75,34616
173,62.55,62.6,62.5,62.575,36853
174,62.52,62.6,62.51,62.545,22618
175,62.58,62.6,62.51,62.515,27028
176,62.6,62.6,62.56,62.58,21258
177,62.9,63.02,62.58,62.58,62520
178,62.59,62.92,62.53,62.9,55064
179,62.655,62.7,62.585,62.585,57948
180,62.67,62.7,62.65,62.655,42789
181,62.45,62.7,62.45,62.67,127212
182,62.51,62.56,62.23,62.44,81570
183,62.47,62.82,62.42,62.51,171153
288,62.89,62.89,62.89,62.89,4441
289,62.29,62.9,62.18,62.9,6770
290,62.18,62.38,62.18,62.18,15868
291,61.97,62.24,61.97,62.18,11486
292,62.79,62.79,62.05,62.11,14670
293,62.8086,62.83,62.64,62.83,9313
294,62.875,62.93,62.72,62.8,12066
295,62.79,62.82,62.54,62.82,28020
296,63.17,63.29,62.79,62.79,17191
297,63.15,63.16,63.04,63.15,5885
298,63.32,63.38,63.13,63.145,10616
299,63.42,63.42,63.23,63.29,11800
300,63.56,63.56,63.37,63.415,8681
301,63.49,63.62,63.41,63.535,21424
302,63.81,63.81,63.41,63.45,23401
303,63.81,63.844,63.68,63.82,6030
304,63.805,63.88,63.695,63.86,20236
305,63.74,63.91,63.73,63.81,7849
306,63.8686,63.96,63.73,63.73,12144
307,63.78,63.88,63.75,63.82,8820
308,63.71,63.78,63.71,63.75,4600
309,63.84,63.84,63.7,63.73,6020
310,63.88,63.88,63.77,63.83,5268
311,63.84,63.87,63.71,63.87,11320
312,63.94,63.98,63.88,63.89,4500
313,63.84,63.97,63.84,63.96,3100
314,63.7,63.82,63.7,63.8,2800
315,63.7,63.71,63.61,63.69,9099
316,63.72,63.73,63.62,63.69,9513
317,63.97,63.97,63.755,63.76,6483
318,63.95,63.97,63.8501,63.97,7363
319,64.14,64.15,63.9677,63.97,6816
320,64.08,64.18,64.05,64.14,13780
321,64.12,64.14,64.08,64.1,5600
322,64.02,64.11,64,64.11,1367
323,63.75,64.04,63.75,64.02,10800
324,63.9,63.9,63.75,63.765,12132
325,63.81,63.92,63.8,63.87,15269
326,63.91,63.93,63.805,63.81,13753
327,63.87,63.97,63.75,63.91,81986
432,63.84,63.84,63.84,63.84,1737
433,63.505,64.36,63.46,64.36,4405
434,64.1,64.1,63.46,63.46,4625
435,64.23,64.2519,64.02,64.13,14181
436,64.595,64.73,64.17,64.17,15230
437,64.555,64.63,64.5,64.575,8509
438,64.76,64.76,64.65,64.65,4100
439,64.85,64.87,64.69,64.79,6800
440,64.87,65.02,64.8,64.82,8383
441,64.74,64.9,64.66,64.77,6494
442,64.53,64.73,64.51,64.67,9224
443,64.55,64.56,64.48,64.49,4077
444,64.39,64.515,64.3618,64.515,3464
445,64.425,64.45,64.33,64.35,6984
446,64.34,64.45,64.33,64.45,5479
447,64.49,64.49,64.34,64.34,3700
448,64.42,64.49,64.42,64.49,2117
449,64.19,64.41,64.17,64.41,4784
450,64.14,64.2,64.06,64.17,5474
451,63.96,64.17,63.96,64.13,3300
452,63.975,64.02,63.94,63.98,4956
453,63.86,63.975,63.7,63.96,19382
454,63.95,63.97,63.83,63.84,3300
455,63.84,63.93,63.84,63.93,3145
456,63.92,63.92,63.76,63.83,5506
457,63.96,63.99,63.85,63.92,35680
458,63.86,63.905,63.84,63.9,5370
459,63.945,63.98,63.82,63.84,9208
460,63.99,64.09,63.79,63.91,11300
461,63.95,64.04,63.9,63.95,13448
462,63.99,63.99,63.96,63.98,9400
463,64.07,64.07,63.97,63.99,8637
464,63.97,64.1,63.95,64.07,12202
465,64.22,64.22,63.92,63.94,6736
466,64.31,64.31,64.18,64.19,6880
467,64.32,64.32,64.29,64.32,5706
468,64.03,64.33,64.01,64.32,53010
469,64.1,64.15,64.02,64.03,17011
470,64.125,64.18,64.07,64.09,25898
471,63.96,64.15,63.93,64.15,95843
864,64.14,64.14,64.01,64.01,1749
865,64.18,64.34,64.09,64.09,2199
866,63.84,64.18,63.81,64.18,3100
867,63.85,63.9788,63.81,63.83,8300
868,63.84,63.94,63.75,63.75,3000
869,63.855,63.86,63.62,63.8,4900
870,63.8,63.86,63.725,63.86,3000
871,63.79,63.8025,63.61,63.79,6300
872,63.76,63.86,63.76,63.8158,3495
873,63.68,63.77,63.61,63.77,4400
874,63.61,63.71,63.56,63.68,10653
875,63.51,63.62,63.51,63.6,5370
876,63.49,63.51,63.45,63.485,3431
877,63.37,63.47,63.305,63.47,5900
878,63.44,63.4887,63.355,63.37,5600
879,63.61,63.61,63.4468,63.4468,5650
880,63.91,63.91,63.65,63.65,10987
881,63.935,63.99,63.87,63.94,7370
882,64.11,64.11,63.94,63.97,2505
883,64.2,64.2,64.11,64.11,1970
884,64.19,64.31,64.19,64.19,4195
885,64.19,64.19,64.01,64.115,4501
886,64.24,64.25,64.09,64.21,6341
887,64.29,64.39,64.19,64.25,5563
888,64.33,64.36,64.22,64.28,4332
889,64.35,64.5,64.32,64.37,4303
890,64.35,64.5,64.29,64.36,7000
891,64.55,64.67,64.37,64.4,10654
892,64.07,64.65,64.07,64.55,15413
893,63.98,64.13,63.98,64.07,7404
894,63.98,64.05,63.94,63.96,5530
895,63.9,63.97,63.88,63.95,6776
896,63.91,64.07,63.9,63.91,7724
897,63.89,63.97,63.875,63.92,8620
898,63.91,64.01,63.88,63.9,6500
899,63.84,63.96,63.84,63.91,5418
900,63.855,63.87,63.77,63.85,6551
901,63.83,63.855,63.81,63.84,10100
902,63.8,63.835,63.75,63.835,12646
903,63.95,63.97,63.76,63.795,96621
a1493731800,64.16,64.16,64.16,64.16,964
1,64.06,64.2,63.7174,64.2,7100
2,63.835,64.05,63.7,64.05,8934
3,63.47,63.78,63.47,63.78,3900
4,63.68,63.68,63.22,63.47,21793
5,63.635,63.71,63.53,63.71,25101
6,63.67,63.67,63.575,63.62,7793
7,63.58,63.8925,63.58,63.67,12095
8,63.76,63.95,63.59,63.6,10963
9,63.8,63.83,63.76,63.76,9423
10,63.82,63.85,63.66,63.75,26749
11,63.74,63.81,63.74,63.8,16300
12,63.79,63.82,63.74,63.74,7901
13,63.78,63.83,63.76,63.79,15660
14,63.78,63.84,63.7775,63.78,7732
15,63.81,63.83,63.77,63.83,7051
16,63.84,63.88,63.8,63.84,11092
17,63.83,63.84,63.795,63.84,5316
18,63.81,63.86,63.8,63.85,3789
19,63.94,63.94,63.8148,63.82,4555
20,63.88,63.92,63.88,63.91,1500
21,64.17,64.31,63.895,63.9,19866
22,64.03,64.19,64.03,64.11,5900
23,63.87,64.06,63.84,64.025,7556
24,63.7,63.87,63.7,63.87,8406
25,63.71,63.78,63.67,63.67,6400
26,63.85,63.85,63.68,63.69,8800
27,63.74,63.85,63.71,63.85,5294
28,63.81,63.81,63.69,63.71,7200
29,63.72,63.86,63.68,63.81,13043
30,63.67,63.76,63.66,63.67,7295
31,63.54,63.66,63.54,63.65,2228
32,63.425,63.57,63.425,63.51,5125
33,63.43,63.47,63.39,63.43,6824
34,63.56,63.56,63.43,63.43,14000
35,63.55,63.77,63.54,63.56,15407
36,63.43,63.55,63.4,63.55,17115
37,63.58,63.59,63.45,63.46,25576
38,63.47,63.6,63.47,63.59,42832
39,63.57,63.61,63.47,63.485,138069
144,63.19,63.19,63.19,63.19,2208
145,63.31,63.54,63.26,63.53,1600
146,63.26,63.305,63.11,63.21,7400
147,63.33,63.3594,63.18,63.23,54510
148,63.32,63.37,63.21,63.32,7787
149,63.285,63.305,63.23,63.28,7100
150,63.33,63.37,63.25,63.26,12400
151,63.52,63.54,63.31,63.35,12621
152,63.52,63.7,63.5,63.5,11184
153,63.57,63.58,63.47,63.55,8798
154,63.69,64,63.57,63.57,19732
155,63.73,63.75,63.67,63.69,4500
156,63.92,63.99,63.74,63.74,6350
157,63.94,64.09,63.8,63.94,15935
158,64.05,64.05,63.93,63.93,11900
159,64.08,64.15,64.005,64.08,19727
160,64.23,64.23,64.01,64.07,8660
161,64.25,64.26,64.145,64.25,4301
162,64.375,64.6,64.25,64.25,13399
163,64.31,64.44,64.23,64.35,4576
164,64.46,64.47,64.35,64.35,3500
165,64.61,64.65,64.4,64.44,12574
166,64.65,64.65,64.53,64.62,4561
167,64.48,65.13,64.39,64.66,23378
168,64.34,64.64,64.33,64.49,6508
169,64.41,64.48,64.26,64.34,6017
170,64.53,64.61,64.35,64.36,27928
171,64.64,64.72,64.47,64.5,7035
172,65.02,65.28,64.62,64.62,54100
173,64.7,65.01,64.7,65.01,21643
174,64.76,64.8,64.7,64.75,9982
175,64.65,64.8,64.65,64.78,12559
176,64.74,64.82,64.69,64.71,10396
177,64.96,64.96,64.72,64.76,16332
178,65.1,65.1,64.93,64.97,15638
179,65.17,65.185,65.02,65.08,19986
180,65.09,65.19,64.99,65.18,18820
181,65.31,65.31,65.11,65.13,20284
182,65.175,65.32,65.14,65.32,24388
183,65.06,65.3,65.02,65.17,83779
288,65.38,65.38,65.38,65.38,2138
289,65.6,66.14,65.19,65.4443,11280
290,65.5,65.52,65.21,65.41,5822
291,65.81,65.83,65.4796,65.49,3737
292,66,66.15,65.62,65.72,10473
293,65.96,66.14,65.8499,65.98,12020
294,66.33,66.42,65.9664,65.9664,8060
295,66.47,66.5,66.1874,66.41,17474
296,66.48,66.55,66.37,66.42,9375
297,66.46,66.69,66.46,66.48,16557
298,66.2152,66.48,66.18,66.46,16767
299,66.37,66.4,66.16,66.19,17045
300,66.42,66.45,66.28,66.35,17100
301,66.62,66.62,66.42,66.44,6238
302,66.5,66.63,66.5,66.63,5600
303,66.28,66.5499,66.28,66.5,4600
304,66.25,66.34,66.18,66.27,6001
305,66.16,66.28,66.135,66.265,15520
306,66.16,66.26,66.14,66.17,4907
307,66.27,66.27,66.15,66.185,5500
308,66.35,66.35,66.2,66.25,3900
309,66.45,66.5,66.33,66.34,6400
310,66.28,66.43,66.24,66.43,8719
311,66.27,66.36,66.23,66.25,5713
312,66.21,66.245,66.17,66.245,2200
313,66.17,66.25,66.17,66.21,5313
314,66.09,66.17,66.08,66.17,5822
315,66.08,66.11,66.02,66.11,8599
316,66.0425,66.1,66,66.09,7517
317,66.179,66.18,66.025,66.04,6100
318,66.265,66.265,66.1,66.16,4037
319,66.26,66.29,66.235,66.24,6692
320,66.39,66.39,66.24,66.26,5511
321,66.29,66.35,66.24,66.35,3927
322,66.23,66.32,66.22,66.32,10106
323,66.17,66.21,66.13,66.2,9261
324,66.075,66.22,66.06,66.17,14306
325,66.16,66.17,66.04,66.075,6990
326,66.02,66.16,66,66.145,15392
327,66.08,66.16,66.03,66.03,36179
432,66.09,66.09,66.09,66.09,1476
433,66.31,66.4,66.17,66.3632,3523
434,65.88,66.24,65.88,66.18,2600
435,65.7,66,65.665,65.99,3839
436,65.58,65.85,65.58,65.69,5700
437,65.52,65.65,65.41,65.5,5652
438,65.18,65.43,65.18,65.43,4842
439,65.1513,65.25,64.9,65.16,11281
440,65.25,65.35,65.09,65.23,3700
441,65.49,65.51,65.29,65.29,8600
442,65.6,65.6237,65.37,65.46,11500
443,65.54,65.6922,65.5,65.62,4000
444,65.49,65.57,65.43,65.57,1800
445,65.59,65.615,65.46,65.48,3100
446,65.75,65.75,65.59,65.59,2485
447,65.86,65.89,65.72,65.75,8000
448,65.82,65.87,65.79,65.86,3100
449,65.955,65.955,65.84,65.84,3400
450,65.89,65.93,65.89,65.93,2600
451,65.8,65.89,65.76,65.89,2312
452,65.855,65.89,65.83,65.8341,1446
453,65.92,65.93,65.83,65.83,3400
454,65.96,65.98,65.89,65.905,5100
455,66.1518,66.24,65.94,65.94,7000
456,66.1737,66.205,66.15,66.16,1800
457,66.25,66.28,66.15,66.19,4200
458,66.25,66.25,66.17,66.24,2400
459,66.13,66.255,66.13,66.25,4913
460,66.08,66.105,66.06,66.1,2842
461,66.03,66.12,66.02,66.105,2405
462,65.99,66.05,65.87,66.03,4000
463,65.98,65.99,65.96,65.99,1700
464,65.93,65.99,65.93,65.96,2300
465,65.94,66.02,65.94,65.94,3200
466,65.93,65.95,65.86,65.92,3228
467,66.16,66.16,65.9,65.92,5521
468,66.12,66.23,66.07,66.155,8977
469,66.27,66.28,66.15,66.18,5671
470,66.38,66.4,66.249,66.27,15247
471,66.4,66.42,66.27,66.385,62794
864,66.39,66.39,66.39,66.39,1057
865,66.195,66.27,65.89,65.89,900
866,66.12,66.275,66.07,66.16,2200
867,66.42,66.48,66.14,66.14,4571
868,66.04,66.44,66.04,66.44,5300
869,65.89,66.06,65.89,66.05,3095
870,65.92,66.04,65.89,65.89,2324
871,65.86,65.96,65.79,65.96,3826
872,66,66.04,65.87,65.89,5657
873,65.855,66.08,65.79,66.02,3335
874,65.85,65.91,65.75,65.9,7834
875,65.8399,65.94,65.785,65.795,5750
876,65.68,65.935,65.68,65.8399,14304
877,65.52,65.65,65.49,65.61,4750
878,65.39,65.56,65.38,65.56,3567
879,65.24,65.39,65.24,65.39,3710
880,65.25,65.43,65.21,65.27,9400
881,65.0886,65.28,65.08,65.28,3152
882,65.11,65.19,65.07,65.08,6818
883,65.2,65.33,65.11,65.13,5337
884,65.505,65.505,65.21,65.235,17705
885,65.46,65.54,65.41,65.53,3400
886,65.35,65.48,65.32,65.46,2800
887,65.631,65.7,65.23,65.33,20905
888,65.83,65.88,65.641,65.69,34638
889,66.16,66.16,65.77,65.84,29318
890,66.3,66.35,66.1,66.18,21607
891,66.4,66.4,66.23,66.29,10279
892,66.42,66.44,66.35,66.4,9678
893,66.24,66.4399,66.21,66.42,9352
894,66.28,66.31,66.2,66.23,5012
895,66.48,66.5,66.29,66.29,9389
896,66.39,66.51,66.39,66.46,9686
897,66.45,66.46,66.36,66.36,9530
898,66.43,66.57,66.41,66.44,20703
899,66.551,66.57,66.43,66.43,10303
900,66.47,66.58,66.425,66.58,14338
901,66.49,66.52,66.45,66.47,11615
902,66.515,66.52,66.46,66.495,33027
903,66.45,66.52,66.38,66.51,54822
a1494336600,66.33,66.33,66.33,66.33,2599
1,66.55,66.55,66.11,66.11,1100
2,66.42,66.69,66.42,66.59,1500
3,66.65,66.86,66.48,66.49,6505
4,66.975,67.02,66.66,66.66,10999
5,67.18,67.18,66.89,66.9176,6671
6,67.06,67.15,66.99,67.14,2800
7,67.12,67.37,67.12,67.19,8317
8,67,67.11,66.98,67.1,7485
9,66.745,67.01,66.73,67.01,8436
10,66.67,66.84,66.66,66.72,6375
11,66.56,66.69,66.55,66.69,5000
12,66.64,66.64,66.43,66.5,3967
13,66.75,66.87,66.72,66.72,4100
14,66.86,66.9,66.71,66.725,2600
15,66.85,66.89,66.75,66.89,3929
16,66.925,66.925,66.84,66.86,2400
17,66.915,66.95,66.86,66.95,4900
18,66.84,66.93,66.82,66.93,2200
19,66.84,66.84,66.76,66.81,1252
20,66.78,66.856,66.77,66.856,2301
21,66.79,66.79,66.74,66.77,11349
22,66.8,66.85,66.8,66.8,1800
23,66.8,66.85,66.77,66.81,3548
24,66.74,66.84,66.74,66.82,2992
25,66.76,66.78,66.71,66.71,2185
26,66.86,66.92,66.76,66.76,3900
27,66.84,66.84,66.75,66.84,2500
28,66.71,66.84,66.68,66.84,8815
29,66.76,66.76,66.68,66.7,4078
30,66.81,66.83,66.74,66.79,3441
31,66.82,66.83,66.73,66.7431,4460
32,66.835,66.84,66.77,66.8306,2800
33,66.9,66.9399,66.81,66.82,3900
34,66.94,66.95,66.87,66.87,3500
35,66.925,66.95,66.92,66.9452,4253
36,66.95,66.9797,66.91,66.93,5783
37,66.78,66.92,66.71,66.89,7903
38,66.78,66.78,66.66,66.75,13158
39,66.89,66.95,66.8,66.8,53802
144,67.3,67.63,67.02,67.49,11826
145,67.85,68.305,67.201,67.25,37102
146,67.95,68.088,67.45,67.725,24720
147,67.9,67.9,67.579,67.85,10678
148,67.495,67.84,67.49,67.8076,12462
149,67.915,67.915,67.41,67.46,7573
150,67.66,67.905,67.66,67.905,4220
151,67.54,67.68,67.54,67.6586,6278
152,67.5,67.605,67.42,67.55,5103
153,67.58,67.6,67.47,67.52,11251
154,67.69,67.81,67.565,67.565,14129
155,67.83,67.83,67.66,67.69,13586
156,67.64,67.84,67.57,67.82,11460
157,67.65,67.65,67.53,67.65,5400
158,67.665,67.665,67.49,67.61,7132
159,67.644,67.67,67.59,67.65,6760
160,67.72,67.75,67.61,67.65,17872
161,68,68.05,67.725,67.725,10592
162,68.16,68.31,68.02,68.03,17416
163,68.1,68.15,68.03,68.15,5900
164,68.15,68.33,68.125,68.125,11040
165,68.26,68.26,68.11,68.1799,6400
166,68.37,68.41,68.2336,68.275,10054
167,68.5298,68.53,68.315,68.38,6132
168,68.54,68.58,68.43,68.52,7476
169,68.498,68.58,68.47,68.58,6123
170,68.435,68.53,68.42,68.51,3652
171,68.45,68.475,68.37,68.46,14015
172,68.42,68.46,68.37,68.45,7021
173,68.51,68.52,68.42,68.42,17332
174,68.46,68.57,68.41,68.53,27923
175,68.53,68.545,68.43,68.44,21879
176,68.59,68.61,68.5,68.53,14079
177,68.7,68.7,68.52,68.585,5911
178,68.94,68.94,68.66,68.7,23438
179,68.93,69.02,68.89,68.9162,16075
180,68.875,68.965,68.8,68.93,23355
181,68.92,68.97,68.87,68.9,16754
182,69,69.05,68.9,68.91,22551
183,68.92,69.02,68.92,68.99,55029
288,68.63,68.63,68.63,68.63,1508
289,68.55,68.745,68.27,68.7,4615
290,68.6501,68.76,68.55,68.745,3805
291,69.02,69.13,68.65,68.65,14702
292,69.3,69.3,68.965,68.99,16096
293,69.37,69.48,69.26,69.2748,19582
294,69.01,69.4,69,69.33,28420
295,69.07,69.07,68.88,69,33376
296,68.975,69.1,68.93,69.1,20900
297,69.12,69.18,68.97,68.995,12756
298,68.95,69.11,68.95,69.09,5800
299,69,69,68.91,68.9486,14175
300,68.77,68.985,68.7,68.985,4633
301,68.73,68.78,68.68,68.73,3400
302,68.6,68.72,68.55,68.69,5600
303,68.64,68.64,68.49,68.57,4868
304,68.5,68.65,68.395,68.62,8606
305,68.48,68.51,68.45,68.45,2624
306,68.615,68.64,68.49,68.49,5600
307,68.65,68.695,68.615,68.615,3600
308,68.79,68.81,68.665,68.665,1950
309,68.7,68.77,68.7,68.77,2300
310,68.64,68.71,68.64,68.7,4350
311,68.78,68.78,68.61,68.62,3222
312,68.848,68.86,68.76,68.77,3550
313,68.835,68.86,68.79,68.82,3120
314,68.79,68.82,68.75,68.81,5590
315,68.86,68.86,68.77,68.81,3629
316,68.83,68.88,68.81,68.88,6194
317,68.81,68.83,68.76,68.83,6057
318,68.87,68.9,68.82,68.82,4966
319,68.86,68.8916,68.84,68.87,2200
320,68.8,68.87,68.77,68.85,6780
321,68.6801,68.8,68.6801,68.775,1600
322,68.73,68.73,68.5601,68.68,6982
323,68.66,68.69,68.64,68.69,6709
324,68.62,68.67,68.55,68.6301,2990
325,68.67,68.67,68.6,68.64,9303
326,68.68,68.74,68.67,68.68,12922
327,68.76,68.79,68.68,68.69,46179
432,69.38,69.38,68.94,68.94,2115
433,68.765,68.93,68.75,68.93,2165
434,69.06,69.13,68.61,68.77,5959
435,69.17,69.27,68.8842,69.07,12100
436,69.11,69.21,68.93,69.17,7250
437,69.14,69.15,69.07,69.1295,6961
438,68.84,69.17,68.84,69.1,4800
439,69.11,69.11,68.85,68.85,4697
440,69.21,69.21,69.16,69.17,2331
441,69.5,69.5,69.24,69.24,6671
442,69.65,69.71,69.48,69.56,12503
443,69.47,69.69,69.42,69.69,7200
444,69.5,69.56,69.37,69.43,5100
445,69.67,69.72,69.4681,69.5,9872
446,69.63,69.72,69.59,69.68,5950
447,69.84,69.89,69.73,69.73,2000
448,69.9,69.9,69.78,69.88,7650
449,69.8,69.92,69.8,69.89,7386
450,69.82,69.87,69.8,69.8,3941
451,69.69,69.815,69.69,69.81,4613
452,69.7,69.73,69.69,69.69,1496
453,69.67,69.72,69.65,69.715,2500
454,69.6,69.69,69.6,69.69,1618
455,69.55,69.63,69.55,69.59,1800
456,69.44,69.51,69.43,69.5,3262
457,69.485,69.485,69.45,69.45,700
458,69.63,69.63,69.42,69.47,6911
459,69.86,69.86,69.62,69.66,10094
460,69.78,69.87,69.74,69.87,11274
461,69.58,69.79,69.58,69.7532,9695
462,69.43,69.55,69.43,69.55,1400
463,69.53,69.55,69.43,69.45,4617
464,69.64,69.64,69.52,69.54,2272
465,69.6201,69.72,69.61,69.61,7308
466,69.63,69.65,69.58,69.62,5900
467,69.67,69.725,69.6,69.6393,5010
468,69.66,69.68,69.64,69.66,3934
469,69.705,69.73,69.61,69.66,10106
470,69.62,69.725,69.5575,69.71,21930
471,69.65,69.67,69.551,69.61,46473
864,69.82,69.82,69.82,69.82,1134
865,69.53,69.88,69.4538,69.7434,4900
866,69.88,69.88,69.49,69.49,5300
867,70.38,70.38,69.8595,69.8595,24848
868,70.07,70.51,70.07,70.32,8900
869,70.15,70.2,70.01,70.1,3145
870,69.86,70.1,69.86,70.08,3405
871,70.06,70.09,69.84,69.885,4899
872,70.24,70.25,70.07,70.09,4849
873,70.47,70.5,70.32,70.32,10186
874,70.54,70.54,70.31,70.43,11646
875,70.63,70.63,70.47,70.56,17019
876,70.8813,70.92,70.64,70.64,4654
877,70.65,70.87,70.63,70.87,23033
878,70.74,70.74,70.58,70.715,4788
879,70.64,70.764,70.6087,70.764,5050
880,70.59,70.7,70.58,70.68,5732
881,70.6,70.6,70.49,70.53,3989
882,70.52,70.62,70.52,70.62,3686
883,70.43,70.4948,70.39,70.4948,4593
884,70.5597,70.58,70.41,70.44,12160
885,70.54,70.62,70.44,70.62,6798
886,70.5,70.59,70.49,70.55,6301
887,70.69,70.69,70.46,70.47,3995
888,70.69,70.81,70.67,70.72,7000
889,70.62,70.6932,70.58,70.6932,3374
890,70.63,70.69,70.61,70.61,6190
891,70.71,70.71,70.61,70.65,8882
892,70.635,70.72,70.6,70.69,5200
893,70.41,70.6301,70.39,70.6301,4875
894,70.33,70.406,70.31,70.4,4825
895,70.42,70.42,70.325,70.34,4353
896,70.48,70.5199,70.37,70.42,10145
897,70.33,70.48,70.33,70.48,6046
898,70.36,70.42,70.35,70.37,5531
899,70.23,70.36,70.23,70.36,7298
900,70.425,70.5,70.21,70.22,9660
901,70.45,70.52,70.41,70.42,9286
902,70.41,70.48,70.37,70.45,17278
903,70.5,70.56,70.4,70.41,37456
a1494941400,70.65,70.65,70.65,70.65,1030
1,70.43,71.05,70.06,71.05,5848
2,70.99,71.01,70.5,70.64,3300
3,70.68,70.875,70.67,70.69,1730
4,70.63,70.806,70.63,70.806,5200
5,70.55,70.57,70.46,70.56,5251
6,70.38,70.581,70.38,70.57,1200
7,70.53,70.53,70.39,70.41,2800
8,70.3052,70.53,70.28,70.53,4807
9,70.26,70.333,70.26,70.28,1000
10,70.49,70.5,70.3,70.31,7809
11,70.55,70.58,70.4225,70.5,8362
12,70.51,70.54,70.37,70.52,5286
13,70.48,70.55,70.46,70.49,4806
14,70.5,70.53,70.46,70.47,3531
15,70.48,70.55,70.48,70.52,6142
16,70.49,70.54,70.47,70.5,1916
17,70.5,70.53,70.42,70.5,14881
18,70.5,70.55,70.42,70.52,35717
19,70.45,70.5,70.36,70.44,10500
20,70.35,70.5,70.35,70.475,6401
21,70.32,70.42,70.31,70.42,1400
22,70.26,70.28,70.21,70.28,1700
23,70.33,70.38,70.23,70.28,3100
24,70.323,70.35,70.323,70.35,600
25,70.3134,70.34,70.27,70.32,1112
26,70.292,70.3,70.25,70.27,2956
27,70.24,70.3,70.22,70.28,2574
28,70.28,70.29,70.23,70.28,9508
29,70.21,70.28,70.21,70.26,2170
30,70.25,70.25,70.18,70.215,2912
31,70.3,70.31,70.2105,70.2105,1800
32,70.28,70.32,70.23,70.3,4601
33,70.22,70.275,70.22,70.275,2200
34,70.25,70.29,70.15,70.23,3650
35,70.28,70.3,70.22,70.25,8388
36,70.24,70.28,70.21,70.27,10759
37,70.26,70.26,70.2,70.24,15796
38,70.26,70.28,70.23,70.27,13453
39,70.42,70.43,70.26,70.27,26971
144,69.5,69.69,69.5,69.69,3443
145,69.51,69.96,69.36,69.5301,7468
146,69.28,69.93,69.28,69.51,16165
147,69.37,69.4,69.16,69.28,7150
148,69.17,69.44,69.12,69.31,10808
149,69.2,69.41,69.16,69.24,3438
150,69.3,69.39,69.14,69.19,18094
151,69.15,69.335,69.03,69.31,12354
152,69.38,69.42,69.1,69.15,23236
153,69.71,69.72,69.38,69.38,10043
154,69.4401,69.69,69.44,69.69,9808
155,69.51,69.54,69.43,69.45,3623
156,69.67,69.71,69.53,69.53,8040
157,69.77,69.8,69.63,69.7,9154
158,69.92,69.92,69.77,69.77,2661
159,70.03,70.03,69.89,69.89,4262
160,70.02,70.08,69.97,70.03,4500
161,69.92,69.92,69.79,69.86,2231
162,69.89,69.91,69.82,69.88,2620
163,69.82,69.82,69.68,69.82,2579
164,69.85,69.89,69.81,69.85,1300
165,69.77,69.88,69.77,69.83,2402
166,69.85,69.89,69.76,69.77,3943
167,70.08,70.08,69.86,69.86,5852
168,70.13,70.13,70,70.03,3884
169,70.01,70.11,70.01,70.11,1256
170,70.13,70.13,70,70.04,2255
171,70.06,70.12,70.02,70.08,2319
172,70.15,70.22,70.11,70.12,2073
173,69.99,70.19,69.98,70.19,4149
174,69.89,70.01,69.89,69.98,4336
175,69.89,69.97,69.89,69.91,2679
176,69.61,69.88,69.61,69.88,5992
177,69.76,69.85,69.66,69.66,4312
178,69.67,69.76,69.67,69.74,4221
179,69.73,69.78,69.61,69.71,6300
180,69.76,69.85,69.7,69.76,5795
181,69.72,69.86,69.71,69.78,9034
182,69.46,69.76,69.44,69.76,11327
183,69.35,69.485,69.29,69.45,53340
288,69.38,69.38,69.38,69.38,468
289,69.63,69.8,67.71,67.71,9637
290,69.93,69.93,69.46,69.59,5455
291,69.73,70.01,69.63,69.84,2889
292,70.08,70.1499,69.695,69.695,7069
293,69.98,70.16,69.92,70.05,5644
294,69.93,70.05,69.79,69.97,8856
295,69.795,69.99,69.73,69.99,8550
296,69.96,69.97,69.79,69.79,2700
297,70.065,70.13,69.88,69.91,13898
298,70.19,70.23,70.065,70.065,3800
299,70.17,70.22,70.06,70.19,9356
300,70.08,70.14,70.06,70.14,5108
301,69.91,70.11,69.91,70.08,5613
302,70.07,70.07,69.83,69.86,4000
303,69.86,70.02,69.77,70.02,6267
304,69.87,69.89,69.75,69.89,7052
305,69.915,69.95,69.86,69.89,4612
306,70.04,70.04,69.92,69.93,1422
307,69.95,70.02,69.95,70.02,4397
308,69.99,70.01,69.93,69.95,2855
309,70.06,70.06,69.97,69.98,1500
310,70.22,70.29,70.05,70.06,7837
311,70.22,70.24,70.13,70.23,7035
312,70.13,70.225,70.13,70.22,4300
313,70.16,70.2,70.07,70.14,4651
314,70.175,70.2,70.15,70.2,4900
315,70.1801,70.3,70.16,70.2,3115
316,70.29,70.31,70.25,70.25,3279
317,70.21,70.34,70.16,70.31,7133
318,70.1848,70.23,70.16,70.23,5494
319,70.22,70.29,70.21,70.21,2890
320,70.17,70.24,70.14,70.24,3800
321,70.03,70.2,70.03,70.19,8185
322,70.13,70.16,70.02,70.04,7250
323,70.195,70.21,70.16,70.195,5555
324,70.09,70.18,70.08,70.18,7321
325,70.17,70.22,70.03,70.1,9545
326,70.34,70.34,70.13,70.17,15907
327,70.25,70.41,70.24,70.33,37968
432,70.25,70.25,70.25,70.25,4748
433,70.8,70.8,70.2889,70.2889,4730
434,70.62,70.93,70.6,70.93,10300
435,70.47,70.57,70.2689,70.56,1700
436,70.415,70.42,70.25,70.35,6386
437,70.38,70.42,70.25,70.3756,4070
438,70.38,70.42,70.1695,70.385,3875
439,70.12,70.42,70.12,70.42,2144
440,69.83,70.11,69.83,70.1,9247
441,69.69,69.91,69.69,69.78,5709
442,69.58,69.76,69.58,69.76,2205
443,69.41,69.59,69.4,69.56,7507
444,69.3,69.48,69.3,69.43,22309
445,69.54,69.58,69.29,69.32,5800
446,69.41,69.56,69.41,69.52,3800
447,69.4,69.5,69.4,69.49,4133
448,69.41,69.5,69.41,69.435,4909
449,69.37,69.5,69.34,69.4,3500
450,69.34,69.43,69.29,69.37,4879
451,69.46,69.46,69.318,69.318,4472
452,69.635,69.635,69.45,69.47,6737
453,69.86,70.11,69.57,69.58,17154
454,70.2,72,69.86,69.86,23372
455,70.09,70.21,70.06,70.2,4100
456,70.01,70.09,70.01,70.09,1300
457,69.975,70.07,69.93,70.06,6907
458,69.8201,69.95,69.8201,69.95,1100
459,69.93,69.93,69.81,69.8201,1900
460,69.8,69.92,69.8,69.88,4700
461,69.98,70.02,69.82,69.82,3200
462,70.1195,70.21,70.03,70.03,6602
463,70.15,70.235,70.13,70.13,1493
464,70.4,70.43,70.11,70.14,5480
465,70.33,70.41,70.26,70.32,12942
466,70.02,70.31,70.02,70.31,2765
467,70,70.13,70,70.04,6000
468,69.92,70.06,69.92,69.98,6446
469,70.07,70.07,69.92,69.93,6811
470,70.07,70.16,70.01,70.08,12891
471,69.93,70.08,69.79,70.07,79095
864,70.13,70.13,70.08,70.08,1160
865,70.66,71.74,70.14,70.14,7900
866,70.68,71.09,70.47,70.73,11791
867,70.54,70.69,70.54,70.66,2800
868,71.19,71.19,70.58,70.58,4084
869,70.83,71.13,70.83,71.07,5000
870,70.65,70.82,70.64,70.77,7239
871,70.67,70.695,70.46,70.65,10447
872,70.675,70.87,70.56,70.65,4500
873,70.8,70.85,70.64,70.658,5994
874,70.695,70.825,70.67,70.825,6477
875,70.74,70.94,70.67,70.71,7558
876,70.59,70.76,70.435,70.71,3186
877,70.44,70.66,70.33,70.66,4179
878,70.47,70.57,70.39,70.46,13255
879,70.55,70.65,70.51,70.52,2900
880,70.43,70.53,70.43,70.53,700
881,70.53,70.62,70.48,70.48,2399
882,70.58,70.69,70.58,70.61,5500
883,70.66,70.7,70.51,70.55,8148
884,70.67,70.79,70.62,70.73,5002
885,70.57,70.63,70.5,70.63,2000
886,70.56,70.63,70.51,70.59,3509
887,70.5375,70.6,70.47,70.6,3400
888,70.35,70.49,70.35,70.49,3990
889,70.32,70.36,70.29,70.36,6800
890,70.25,70.32,70.25,70.32,2300
891,70.54,70.61,70.28,70.28,8837
892,70.67,70.72,70.52,70.52,6538
893,70.79,70.84,70.7,70.7,3090
894,70.815,70.87,70.77,70.8,4790
895,70.895,70.9016,70.83,70.84,4150
896,70.895,70.96,70.86,70.895,4300
897,71.1,71.1,70.91,70.91,12920
898,70.895,71.06,70.83,71.06,7295
899,70.89,71,70.87,70.88,5725
900,70.92,71.01,70.87,70.9,4000
901,71.14,71.14,70.92,70.92,5747
902,71.1,71.18,71.09,71.12,15640
903,71.07,71.18,71.01,71.11,33954
a1495546200,71.39,71.39,71.39,71.39,2289
1,71.29,71.83,71.21,71.83,2958
2,71.6,71.76,71.31,71.34,6488
3,71.755,71.85,71.54,71.61,6680
4,71.99,72.01,71.64,71.74,5950
5,72.095,72.16,71.84,72,5900
6,72.13,72.14,71.97,72.03,6342
7,71.93,72.07,71.84,72.07,15849
8,71.73,71.94,71.72,71.9,5527
9,71.7325,71.78,71.58,71.72,6070
10,71.74,71.87,71.67,71.79,6200
11,71.95,72.0199,71.69,71.76,12174
12,71.765,72.105,71.74,71.945,15294
13,71.74,71.97,71.74,71.8,7553
14,71.93,71.93,71.735,71.735,5700
15,71.75,71.93,71.68,71.93,5080
16,71.63,71.74,71.63,71.74,2300
17,71.54,71.61,71.49,71.6,1983
18,71.51,71.6,71.49,71.5308,5324
19,71.68,71.68,71.465,71.49,6400
20,71.565,71.74,71.565,71.69,2900
21,71.55,71.58,71.51,71.52,1850
22,71.53,71.58,71.515,71.57,2800
23,71.5971,71.71,71.51,71.53,4350
24,71.67,71.67,71.59,71.59,1864
25,71.6029,71.8,71.6029,71.64,7421
26,71.58,71.62,71.58,71.58,1000
27,71.54,71.57,71.49,71.52,1900
28,71.49,71.58,71.45,71.58,3363
29,71.515,71.56,71.5,71.5,1737
30,71.54,71.58,71.515,71.515,2900
31,71.55,71.61,71.53,71.545,2323
32,71.85,71.88,71.55,71.58,7591
33,71.6301,71.84,71.6301,71.84,3100
34,71.73,71.74,71.62,71.645,4221
35,71.49,71.75,71.49,71.715,8618
36,71.38,71.56,71.38,71.48,6140
37,71.38,71.45,71.34,71.35,8886
38,71.355,71.43,71.28,71.4,14764
39,71.37,71.46,71.34,71.35,23712
144,71.47,71.47,71.47,71.47,639
145,71.25,71.6,70.93,71.44,5698
146,71.19,71.4,71.07,71.24,2297
147,71.05,71.25,70.93,71.17,3910
148,71.31,71.36,71.05,71.0637,4208
149,71.36,71.48,71.36,71.37,4500
150,71.43,71.61,71.35,71.41,3129
151,71.515,71.605,71.33,71.38,6900
152,71.67,71.67,71.47,71.515,3699
153,71.61,71.79,71.61,71.67,1623
154,71.49,71.64,71.49,71.595,5200
155,71.42,71.49,71.42,71.485,2046
156,71.41,71.6,71.41,71.425,10926
157,71.38,71.475,71.36,71.43,5300
158,71.433,71.44,71.36,71.39,4377
159,71.29,71.43,71.23,71.43,5522
160,71.285,71.41,71.25,71.29,3400
161,71.54,71.55,71.33,71.33,4700
162,71.465,71.56,71.465,71.5,3500
163,71.74,71.74,71.48,71.48,7184
164,71.58,71.74,71.51,71.74,12271
165,71.52,71.535,71.5,71.53,1600
166,71.48,71.61,71.47,71.55,2100
167,71.46,71.53,71.42,71.53,3302
168,71.42,71.46,71.39,71.44,2953
169,71.38,71.46,71.32,71.46,2500
170,71.4,71.45,71.38,71.43,4456
171,71.46,71.49,71.4,71.4,3350
172,71.3693,71.48,71.25,71.47,3890
173,71.46,71.46,71.35,71.35,3700
174,71.44,71.47,71.4,71.43,1674
175,71.48,71.54,71.38,71.4899,4900
176,71.48,71.53,71.44,71.49,4440
177,71.44,71.54,71.44,71.51,2900
178,71.6,71.6,71.46,71.46,4476
179,71.525,71.64,71.48,71.64,3780
180,71.52,71.55,71.4,71.51,6000
181,71.56,71.6,71.495,71.495,5929
182,71.59,71.68,71.51,71.6,12406
183,71.5,71.68,71.46,71.62,44776
288,71.56,71.56,71.56,71.56,700
289,71.61,71.86,71.61,71.78,640
290,71.79,71.91,71.7,71.75,5000
291,71.51,71.73,71.49,71.73,4100
292,71.91,71.91,71.61,71.68,1325
293,71.685,72.04,71.685,71.93,7450
294,71.58,71.63,71.5075,71.63,1200
295,71.51,71.6892,71.48,71.56,7624
296,71.52,71.61,71.48,71.505,4055
297,71.39,71.57,71.39,71.5162,6243
298,71.43,71.43,71.32,71.4,2500
299,71.56,71.59,71.37,71.44,3200
300,71.53,71.56,71.44,71.52,7600
301,71.66,71.71,71.49,71.51,6250
302,71.74,71.74,71.63,71.65,3200
303,71.73,71.76,71.7,71.7344,3104
304,71.53,71.73,71.53,71.73,6295
305,71.54,71.58,71.51,71.53,3338
306,71.51,71.585,71.51,71.53,3400
307,71.825,71.83,71.52,71.52,4900
308,71.81,71.9,71.805,71.86,2699
309,71.722,71.82,71.69,71.82,15303
310,71.5143,71.77,71.49,71.73,9200
311,71.39,71.5,71.35,71.5,9400
312,71.39,71.44,71.36,71.36,3715
313,71.46,71.46,71.33,71.39,5656
314,71.83,71.83,71.45,71.47,9214
315,71.885,71.96,71.8,71.825,8000
316,72.055,72.14,71.905,71.92,7100
317,72.11,72.14,72,72.07,6314
318,72.09,72.149,72.02,72.07,9486
319,72.07,72.21,72.05,72.105,21645
320,71.99,72.07,71.985,72.065,10100
321,72.12,72.12,71.97,71.97,3820
322,72.11,72.12,72.02,72.12,7400
323,72.11,72.11,72.01,72.07,8560
324,72.07,72.115,72.02,72.11,7377
325,72.18,72.18,72.03,72.05,9370
326,72.15,72.23,72.1,72.17,22314
327,72.2,72.29,72.07,72.13,29423
432,72.22,72.22,72.22,72.22,1062
433,72.45,72.5,72.15,72.15,1304
434,72.25,72.8185,72.25,72.505,3000
435,72.4,72.415,72.19,72.19,2200
436,72.24,72.38,72.1025,72.38,3292
437,72.0937,72.22,72.0937,72.22,1325
438,72.13,72.2,72.062,72.062,2415
439,72.13,72.37,72.13,72.19,8077
440,72.24,72.33,72.22,72.3093,2250
441,72.32,72.42,72.25,72.25,14138
442,72.18,72.38,72.095,72.32,8806
443,72.08,72.1,72.05,72.1,1205
444,72.16,72.17,72.08,72.085,2837
445,72.21,72.29,72.11,72.11,3395
446,72.15,72.27,72.15,72.27,1300
447,72.1838,72.25,72.11,72.185,5642
448,72.15,72.25,72.09,72.13,3400
449,72.275,72.28,72.16,72.22,1700
450,72.37,72.425,72.32,72.35,5900
451,72.3,72.415,72.28,72.39,3855
452,72.43,72.43,72.33,72.33,1906
453,72.39,72.39,72.35,72.35,539
454,72.47,72.47,72.35,72.36,5500
455,72.37,72.52,72.37,72.47,4570
456,72.37,72.37,72.285,72.34,1300
457,72.38,72.38,72.305,72.34,3552
458,72.405,72.405,72.4,72.4,200
459,72.2756,72.43,72.23,72.39,8038
460,72.41,72.41,72.24,72.29,3000
461,72.35,72.39,72.3,72.34,1600
462,72.305,72.34,72.28,72.32,2320
463,72.395,72.4,72.26,72.29,3000
464,72.42,72.47,72.37,72.43,3300
465,72.435,72.47,72.34,72.42,5600
466,72.3,72.47,72.3,72.47,4000
467,72.34,72.42,72.27,72.27,8821
468,72.455,72.47,72.27,72.305,6500
469,72.29,72.44,72.29,72.44,12664
470,72.41,72.47,72.27,72.295,23149
471,72.37,72.44,72.32,72.39,40413
a1496151000,72.57,72.57,72.57,72.57,2391
1,72.24,72.675,72.24,72.675,6650
2,72.35,72.495,72.24,72.24,2200
3,72.57,72.57,72.29,72.32,20773
4,72.77,72.77,72.39,72.48,10541
5,72.78,72.78,72.48,72.71,4740
6,72.97,73,72.74,72.74,2159
7,73.18,73.18,72.91,72.975,4208
8,72.7,73.15,72.67,73.13,12127
9,72.45,72.77,72.45,72.7,8093
10,72.63,72.73,72.53,72.54,2800
11,72.4,72.68,72.4,72.66,7360
12,72.56,72.62,72.415,72.415,9805
13,72.56,72.63,72.54,72.56,5513
14,72.49,72.56,72.41,72.56,2859
15,72.4,72.49,72.4,72.49,2928
16,72.435,72.52,72.365,72.44,2700
17,72.43,72.5,72.35,72.434,2907
18,72.54,72.54,72.4025,72.415,1700
19,72.64,72.7,72.555,72.57,6672
20,72.695,72.78,72.61,72.61,2399
21,72.5048,72.69,72.5,72.67,2150
22,72.44,72.52,72.44,72.475,5343
23,72.54,72.54,72.35,72.45,2100
24,72.535,72.575,72.5,72.55,2609
25,72.56,72.62,72.5,72.53,3805
26,72.51,72.57,72.5,72.57,942
27,72.4025,72.4701,72.38,72.4701,1406
28,72.14,72.33,72.14,72.33,2450
29,72.04,72.3,72.04,72.15,24930
30,71.98,72.11,71.98,72.07,3651
31,72,72.04,71.97,72.02,2667
32,71.85,71.98,71.85,71.98,3895
33,71.79,71.87,71.79,71.85,1000
34,71.955,71.955,71.74,71.75,4309
35,71.9801,72.03,71.95,71.95,10609
36,71.86,71.9884,71.81,71.9884,8836
37,71.8,71.855,71.79,71.8401,8330
38,71.98,71.98,71.77,71.8,11728
39,71.85,72,71.82,72,41605
144,72.16,72.16,72.16,72.16,1154
145,72.4899,72.4899,72.11,72.11,600
146,72.38,72.455,72.29,72.32,3800
147,72.27,72.54,72.27,72.36,10316
148,72.36,72.39,71.99,72.095,14472
149,72,72.39,72,72.38,3560
150,72.03,72.09,71.99,72.06,2300
151,72,72.09,71.88,72.03,10149
152,71.82,72.04,71.76,72.04,22071
153,71.7501,71.97,71.7101,71.86,20970
154,71.85,71.96,71.74,71.85,10647
155,71.895,71.95,71.85,71.85,11146
156,71.81,72,71.81,71.9,16452
157,71.55,71.92,71.55,71.86,11764
158,71.7999,71.7999,71.57,71.57,3099
159,71.77,71.83,71.67,71.79,8609
160,71.98,72,71.79,71.79,6677
161,71.95,72.07,71.95,72.01,3022
162,71.77,71.91,71.77,71.91,1600
163,71.81,71.91,71.7501,71.805,9444
164,71.78,71.87,71.75,71.75,1400
165,71.72,71.84,71.7,71.8,1916
166,71.8099,71.8099,71.68,71.73,1000
167,71.84,71.95,71.8199,71.8199,3094
168,71.95,71.98,71.84,71.84,1100
169,71.94,72.05,71.92,71.92,4052
170,71.88,72.02,71.87,72.02,4013
171,71.93,71.97,71.8568,71.91,1050
172,71.91,71.99,71.91,71.97,2749
173,72.03,72.03,71.8804,71.92,3917
174,72.09,72.12,72.06,72.06,1379
175,72.25,72.25,72.12,72.14,3550
176,72.26,72.3099,72.2,72.25,2117
177,72.28,72.29,72.22,72.25,2400
178,72.24,72.415,72.13,72.27,8423
179,72.18,72.299,72.18,72.28,2842
180,72.28,72.3,72.13,72.18,5111
181,72.19,72.3,72.15,72.25,9173
182,72.27,72.3,72.18,72.21,9146
183,72.25,72.3,72.05,72.2,53194
288,72.23,72.23,72.23,72.23,809
289,72.125,72.125,72.08,72.08,8792
290,71.99,72.49,71.97,72.4,10900
291,71.935,72.05,71.82,72.05,2100
292,72,72.13,71.88,72.1,16256
293,72.14,72.24,71.98,72.09,20150
294,72,72.16,71.99,72.15,11815
295,71.96,72.11,71.95,72,12177
296,72.03,72.14,71.98,72.0301,6973
297,72.065,72.1,71.97,72.06,8785
298,72,72.14,71.98,72.04,12769
299,72.03,72.13,72,72.015,27774
300,72.14,72.16,72.02,72.04,28173
301,72.41,72.67,72.11,72.15,24501
302,72.34,72.54,72.33,72.42,20066
303,72.6,72.6,72.31,72.31,1200
304,72.57,72.63,72.5,72.6,5000
305,72.75,72.75,72.56,72.58,1400
306,72.8,72.84,72.77,72.79,1200
307,72.81,72.91,72.81,72.84,1600
308,72.79,72.86,72.77,72.84,1638
309,72.65,72.74,72.65,72.74,2493
310,72.5,72.62,72.41,72.62,6700
311,72.47,72.51,72.38,72.51,3757
312,72.43,72.53,72.4003,72.51,3393
313,72.33,72.445,72.33,72.445,4117
314,72.41,72.41,72.32,72.32,1200
315,72.43,72.43,72.4,72.42,900
316,72.44,72.44,72.38,72.38,1900
317,72.56,72.58,72.41,72.41,6000
318,72.67,72.74,72.59,72.59,2000
319,72.79,72.84,72.715,72.75,2800
320,72.68,72.765,72.63,72.765,3900
321,72.655,72.73,72.63,72.655,3500
322,72.75,72.78,72.63,72.63,1600
323,72.94,72.94,72.79,72.8,4410
324,72.86,72.95,72.86,72.94,6470
325,72.85,72.85,72.77,72.85,4087
326,72.88,72.93,72.85,72.85,8885
327,72.99,73,72.87,72.88,80841
432,73.14,73.14,73.14,73.14,1040
433,73.33,73.81,72.86,72.86,14001
434,73.41,73.66,73.32,73.38,11491
435,73.26,73.43,73.23,73.39,5743
436,73.3,73.42,73.18,73.36,9549
437,73.57,73.69,73.3,73.31,24247
438,73.45,73.59,73.35,73.55,13732
439,73.52,73.53,73.38,73.45,7908
440,73.51,73.6,73.28,73.52,6470
441,73.46,73.58,73.4191,73.5,6400
442,73.47,73.65,73.4664,73.4664,3838
443,73.61,73.69,73.52,73.52,4094
444,73.53,73.65,73.5,73.64,10130
445,73.63,73.69,73.53,73.53,3682
446,73.62,73.72,73.55,73.65,5600
447,73.66,73.68,73.55,73.61,1918
448,73.5,73.59,73.465,73.59,1400
449,73.45,73.45,73.34,73.42,1300
450,73.53,73.53,73.37,73.475,1200
451,73.35,73.49,73.33,73.49,2200
452,73.42,73.42,73.32,73.36,900
453,73.55,73.55,73.43,73.43,3947
454,73.61,73.65,73.5927,73.62,2000
455,73.58,73.6,73.57,73.59,1100
456,73.67,73.67,73.57,73.57,1200
457,73.65,73.71,73.62,73.7,3261
458,73.66,73.66,73.64,73.64,1700
459,73.48,73.67,73.48,73.67,2400
460,73.51,73.51,73.4,73.45,2500
461,73.48,73.54,73.48,73.49,600
462,73.4,73.57,73.4,73.49,4050
463,73.28,73.37,73.28,73.37,700
464,73.29,73.35,73.28,73.28,1801
465,73.34,73.38,73.31,73.33,2654
466,73.45,73.45,73.32,73.34,4252
467,73.395,73.5,73.34,73.42,5616
468,73.37,73.53,73.37,73.395,4422
469,73.38,73.42,73.35,73.37,7182
470,73.21,73.39,73.17,73.38,12318
471,73.2,73.27,73.16,73.22,47105
864,73.22,73.22,73.22,73.22,350
865,73.23,73.36,72.95,73.22,6696
866,73.4,73.46,73.05,73.28,9000
867,73.23,73.46,73.23,73.45,2644
868,72.99,73.22,72.931,73.1518,2383
869,73.24,73.27,72.98,72.98,10744
870,73.25,73.32,73.18,73.22,5000
871,73.21,73.3,73.15,73.24,11555
872,72.96,73.2,72.96,73.16,4163
873,73.2,73.2124,72.97,72.97,3100
874,72.99,73.18,72.9,73.18,5516
875,72.96,73.11,72.92,73.04,6656
876,72.76,72.98,72.75,72.98,2550
877,72.82,72.84,72.68,72.805,2907
878,72.78,72.84,72.73,72.81,3300
879,72.72,72.81,72.7,72.75,6400
880,72.83,72.83,72.69,72.74,3518
881,72.86,72.95,72.85,72.86,2704
882,72.81,72.87,72.81,72.85,400
883,72.95,72.95,72.8,72.8,913
884,72.95,72.95,72.92,72.94,400
885,72.99,72.99,72.93,72.96,1455
886,72.97,73.02,72.96,73.01,700
887,73.14,73.14,73.01,73.01,1700
888,73.24,73.24,73.08,73.14,6329
889,73.28,73.31,73.23,73.23,1344
890,73.1528,73.22,73.1528,73.16,700
891,73.06,73.11,73.01,73.07,1400
892,72.94,73.1,72.94,73.05,12765
893,72.99,72.99,72.87,72.942,5434
894,73.07,73.07,72.93,72.98,1600
895,73.045,73.1,73.03,73.1,2700
896,73,73.05,72.99,72.99,800
897,73.02,73.09,73.01,73.07,1647
898,73.09,73.09,72.99,73.015,1300
899,73.055,73.08,73.03,73.08,1600
900,72.92,73.13,72.92,73.1,5992
901,72.93,72.97,72.77,72.92,10273
902,72.84,72.97,72.84,72.95,9609
903,72.86,72.93,72.77,72.83,28329
a1496755800,72.27,72.79,72.27,72.79,1391
1,72.96,72.97,72.0201,72.26,1853
2,72.79,72.8,72.63,72.72,3110
3,72.83,72.87,72.7,72.7,3100
4,72.95,72.95,72.72,72.85,5461
5,73.17,73.18,72.96,73.04,3856
6,73.32,73.32,73.088,73.22,7488
7,73.27,73.36,73.23,73.32,5750
8,73.22,73.3,73.2,73.29,2100
9,73.265,73.265,73.13,73.2,3242
10,73.43,73.435,73.26,73.3,2835
11,73.18,73.46,73.18,73.46,3300
12,73.1,73.26,73.1,73.17,2400
13,73.06,73.19,73.05,73.12,2726
14,72.87,73.14,72.87,73.04,5400
15,72.96,72.96,72.8,72.86,1500
16,72.905,72.95,72.83,72.95,4395
17,72.94,73.01,72.87,72.905,3300
18,72.8,73.05,72.79,72.99,14009
19,72.8,72.81,72.59,72.8,7903
20,72.85,72.945,72.71,72.8,5949
21,72.83,72.885,72.815,72.8682,5809
22,72.77,72.85,72.77,72.82,4296
23,72.72,72.81,72.7,72.78,2900
24,72.78,72.87,72.685,72.7,10541
25,72.83,72.85,72.785,72.8,3900
26,72.87,72.95,72.85,72.85,2053
27,73.11,73.11,72.9,72.9,1868
28,73.11,73.1399,73.03,73.068,4750
29,73.06,73.14,73,73.14,3347
30,72.97,73.08,72.93,73.08,4500
31,72.9,73.03,72.85,72.96,5444
32,72.87,72.95,72.87,72.89,3400
33,72.78,72.9,72.78,72.86,2689
34,72.84,72.91,72.83,72.83,7183
35,72.73,72.87,72.71,72.85,13385
36,72.5397,72.75,72.529,72.74,9277
37,72.58,72.58,72.36,72.53,11400
38,72.53,72.59,72.43,72.57,17730
39,72.59,72.6,72.53,72.55,47974
144,72.07,72.07,72.07,72.07,10025
145,72.68,72.68,72.02,72.07,2888
146,72.46,72.67,72.26,72.6,7697
147,72.51,72.62,72.32,72.43,9500
148,72.69,72.69,72.46,72.58,6850
149,72.7,72.78,72.61,72.75,4600
150,72.34,72.74,72.28,72.74,7101
151,72.64,72.76,72.36,72.39,12289
152,72.83,72.83,72.61,72.665,4244
153,72.89,72.9,72.78,72.87,1900
154,73.16,73.17,72.85,72.85,4934
155,73.19,73.28,73.19,73.2,2155
156,73.255,73.27,73.19,73.22,4273
157,73.3909,73.425,73.21,73.23,5092
158,73.56,73.56,73.435,73.435,1900
159,73.62,73.67,73.6,73.61,5500
160,73.59,73.645,73.58,73.63,3102
161,73.88,73.88,73.6,73.6,8683
162,73.84,73.9,73.825,73.86,4894
163,73.925,73.93,73.91,73.91,6524
164,73.92,74.03,73.92,73.9335,6301
165,73.92,73.98,73.91,73.92,5150
166,73.82,73.92,73.71,73.92,7700
167,73.825,73.93,73.8203,73.88,1650
168,73.84,73.944,73.84,73.85,2835
169,73.77,73.8101,73.74,73.81,3329
170,73.67,73.8,73.58,73.76,6550
171,73.39,73.665,73.39,73.665,4600
172,73.535,73.54,73.44,73.44,3300
173,73.42,73.63,73.34,73.55,11649
174,73.56,73.59,73.42,73.42,3145
175,73.55,73.63,73.55,73.575,7400
176,73.56,73.61,73.45,73.565,6000
177,73.37,73.61,73.3,73.565,7239
178,73.455,73.455,73.07,73.36,6800
179,73.39,73.47,73.275,73.41,5908
180,73.37,73.46,73.36,73.46,6600
181,73.53,73.58,73.395,73.395,8600
182,73.575,73.61,73.51,73.55,16452
183,73.41,73.58,73.32,73.58,50519
288,73.64,73.64,73.64,73.64,1652
289,73.605,73.92,73.57,73.8579,1700
290,73.7,73.8,73.67,73.67,1922
291,74.01,74.02,73.56,73.645,4593
292,73.9,74.095,73.9,74.04,2400
293,74.1,74.16,73.97,73.97,4900
294,74.065,74.16,74.03,74.09,5519
295,74.41,74.45,74.09,74.09,7016
296,74.5926,74.61,74.36,74.41,3887
297,74.49,74.62,74.3183,74.61,10087
298,74.71,74.71,74.49,74.5038,2900
299,74.62,74.73,74.6,74.73,4902
300,74.5506,74.76,74.53,74.62,4199
301,74.43,74.52,74.3549,74.5,4685
302,74.31,74.46,74.23,74.46,7300
303,74.33,74.47,74.285,74.285,3600
304,74.58,74.58,74.39,74.39,2613
305,74.7,74.7299,74.55,74.57,5100
306,74.68,74.74,74.65,74.71,5477
307,74.65,74.73,74.65,74.7,3264
308,74.88,74.88,74.67,74.68,6304
309,75.045,75.12,74.88,74.88,10333
310,74.605,75.04,74.55,75.02,14031
311,74.56,74.71,74.56,74.62,8586
312,74.36,74.56,74.31,74.56,8427
313,74.48,74.565,74.37,74.37,3300
314,74.81,74.81,74.505,74.505,5437
315,75.17,75.17,74.82,74.82,5639
316,74.81,75.11,74.81,75.11,17367
317,75.1,75.1,74.86,74.885,5180
318,75.05,75.29,75.05,75.11,9810
319,75.1,75.12,75.02,75.07,6817
320,75.16,75.26,75.13,75.13,9833
321,75.08,75.18,74.98,75.15,14375
322,75.29,75.3,75.09,75.09,8727
323,74.95,75.2859,74.89,75.285,16767
324,75.0092,75.12,74.93,74.95,14978
325,74.715,74.97,74.7,74.95,18103
326,74.605,74.8757,74.56,74.73,32517
327,74.77,74.82,74.56,74.61,60754
432,74.59,74.59,74.59,74.59,1877
433,74.88,75.26,74.69,74.74,2000
434,74.71,74.92,74.57,74.86,3345
435,74.97,75.01,74.72,74.745,13327
436,74.72,75,74.72,74.99,8178
437,74.72,74.72,74.49,74.71,3237
438,74.83,74.89,74.7,74.7,3411
439,74.85,74.85,74.5,74.73,6650
440,75.34,75.43,74.93,74.93,5462
441,75.26,75.32,75.02,75.32,3750
442,74.99,75.165,74.98,75.165,4840
443,74.85,74.935,74.67,74.78,3700
444,74.635,74.85,74.62,74.83,7959
445,74.62,74.695,74.48,74.65,5620
446,74.66,74.85,74.62,74.62,4200
447,74.65,74.7,74.56,74.67,4468
448,74.83,74.87,74.61,74.64,5300
449,74.56,74.85,74.48,74.84,5289
450,74.7,74.73,74.57,74.6,6800
451,74.54,74.83,74.505,74.75,4314
452,74.5,74.61,74.47,74.5101,2860
453,74.43,74.515,74.43,74.5,2050
454,74.5151,74.59,74.44,74.48,8779
455,74.12,74.4535,74.07,74.44,5159
456,74.44,74.44,74.03,74.03,6490
457,74.171,74.44,74.171,74.37,4866
458,74.12,74.24,74.11,74.205,2600
459,73.74,74.15,73.74,74.12,10628
460,73.75,73.785,73.675,73.71,5025
461,73.71,73.75,73.59,73.75,5150
462,73.75,74,73.71,73.73,7071
463,73.6,73.78,73.51,73.76,5015
464,72.66,73.58,72.66,73.58,9450
465,73,73.16,72.61,72.64,8279
466,73.15,73.34,72.95,72.95,7900
467,73.145,73.23,73.08,73.1401,10668
468,72.87,73.24,72.84,73.23,11617
469,72.46,72.91,72.42,72.86,15677
470,72.19,72.51,72.09,72.465,31916
471,72.55,72.55,72.1375,72.18,80123
864,72.15,72.15,72.15,72.15,3958
865,71.24,72.84,71.24,72.84,9376
866,71.15,71.473,70.73,71.39,23562
867,70.71,71.17,70.65,71.17,8192
868,70.528,71.2,70.29,70.7386,12178
869,70.835,70.86,70.35,70.45,9886
870,70.24,70.87,70.24,70.87,11606
871,70.07,70.41,69.57,70.259,50839
872,70.4,70.4,69.98,70.06,35726
873,70.405,70.95,70.31,70.57,9800
874,70.25,70.43,70.2,70.4025,9850
875,70.35,70.44,70.09,70.25,16301
876,70.5403,70.65,70.33,70.395,12965
877,70.49,70.58,70.43,70.5,14222
878,70.2873,70.57,70.24,70.53,7900
879,70.15,70.29,70,70.29,25121
880,70.31,70.45,70.15,70.15,9600
881,70.76,70.76,70.29,70.33,4200
882,70.43,70.73,70.4,70.71,7700
883,70.57,70.57,70.44,70.45,4956
884,70.543,70.61,70.5,70.57,4200
885,70.42,70.61,70.42,70.55,3500
886,70.19,70.425,70.19,70.425,3900
887,70.3,70.34,70.2,70.255,4100
888,70.38,70.5,70.33,70.33,4900
889,70.55,70.55,70.4,70.4,4500
890,70.6,70.6,70.525,70.525,2500
891,70.48,70.575,70.43,70.57,6100
892,70.45,70.5,70.41,70.46,6200
893,70.56,70.59,70.44,70.45,3100
894,70.66,70.66,70.54,70.55,3651
895,70.74,70.89,70.65,70.65,6600
896,70.85,70.96,70.73,70.81,5132
897,70.915,70.94,70.85,70.87,5904
898,71.05,71.05,70.86,70.954,9010
899,71.33,71.33,71.08,71.09,12565
900,71.32,71.375,71.15,71.35,8200
901,71.45,71.55,71.33,71.33,9335
902,71.5,71.58,71.45,71.47,11041
903,71.56,71.57,71.34,71.49,48770
a1497360600,71.94,71.94,71.94,71.94,1206
1,71.99,72.11,71.78,72.02,5400
2,72.13,72.15,71.85,72.05,6691
3,72.5,72.5,72.25,72.3494,4541
4,72.4,72.575,72.22,72.4275,5800
5,72.5,72.5,72.3499,72.3999,3200
6,72.56,72.645,72.455,72.5,12985
7,72.82,72.83,72.58,72.58,2900
8,72.68,72.9,72.68,72.82,10141
9,72.58,72.79,72.475,72.72,8925
10,72.895,72.92,72.57,72.585,4535
11,73.25,73.32,72.86,72.86,9893
12,73.175,73.36,73.1,73.26,8237
13,73.03,73.22,72.94,73.22,5100
14,73.1625,73.2,72.99,72.99,1500
15,73.17,73.26,73.04,73.21,8959
16,72.99,73.28,72.98,73.17,8900
17,72.77,72.98,72.77,72.98,3327
18,72.71,72.78,72.71,72.77,2100
19,72.71,72.82,72.69,72.69,4200
20,72.885,72.91,72.7,72.7,1300
21,72.86,72.97,72.86,72.93,1933
22,72.79,72.93,72.79,72.83,3200
23,72.87,72.88,72.78,72.815,2647
24,72.92,72.96,72.86,72.86,12400
25,73.12,73.12,72.95,72.95,11324
26,72.93,73.12,72.9,73.12,4000
27,73.18,73.18,72.95,72.95,1600
28,73.25,73.27,73.15,73.19,6693
29,72.97,73.235,72.97,73.23,6100
30,72.9235,73.08,72.88,72.99,3684
31,72.9,73.06,72.9,72.94,3100
32,73.04,73.15,72.9,72.9,18172
33,73.11,73.11,72.98,73,5400
34,73.01,73.12,73.01,73.09,2332
35,72.97,73.06,72.92,73,6100
36,73.23,73.23,72.97,72.97,4900
37,72.98,73.24,72.98,73.24,7811
38,72.9,73.0194,72.89,73.0194,12072
39,72.93,72.95,72.82,72.88,34285
144,73.01,73.01,73.01,73.01,581
145,72.79,72.79,72.4305,72.76,500
146,72.88,72.91,72.59,72.65,2700
147,72.92,72.94,72.76,72.83,1000
148,72.255,72.94,72.2,72.94,7400
149,72.3,72.35,72.05,72.33,21393
150,72.45,72.595,72.29,72.31,11800
151,72.54,72.54,72.31,72.45,14625
152,72.73,72.76,72.53,72.595,8423
153,72.71,72.89,72.665,72.71,4160
154,72.86,72.86,72.62,72.67,6127
155,72.85,72.89,72.7,72.87,7400
156,72.715,72.85,72.65,72.835,7700
157,72.68,72.76,72.64,72.75,4830
158,72.85,72.85,72.69,72.7,5559
159,72.87,72.97,72.84,72.9,3400
160,72.82,72.97,72.82,72.89,4873
161,72.66,72.82,72.62,72.82,2800
162,72.63,72.75,72.6,72.62,4700
163,72.62,72.67,72.57,72.6091,2628
164,72.66,72.72,72.61,72.67,8080
165,72.68,72.79,72.65,72.65,3300
166,72.64,72.71,72.62,72.64,28500
167,72.59,72.67,72.5,72.66,8571
168,72.54,72.57,72.45,72.55,4000
169,72.56,72.65,72.53,72.56,3649
170,72.47,72.565,72.32,72.565,10800
171,72.48,72.6,72.42,72.5,4569
172,72.28,72.465,72.235,72.465,8577
173,72.26,72.3,72.16,72.26,8046
174,72.3,72.34,72.23,72.28,6250
175,72.09,72.34,72.09,72.28,9690
176,71.8,72.15,71.6916,72.075,10232
177,71.73,71.84,71.545,71.792,14402
178,71.53,71.75,71.52,71.72,22995
179,71.38,71.5,71.35,71.5,9641
180,71.48,71.49,71.371,71.38,8700
181,71.74,71.8,71.42,71.49,11035
182,71.72,71.75,71.62,71.75,14928
183,71.67,71.75,71.64,71.73,36149
288,70.97,70.97,70.97,70.97,1667
289,71.04,71.04,70.01,70.01,2630
290,70.7,70.99,70.4,70.69,11207
291,71.15,71.15,70.77,70.78,2898
292,71.16,71.305,71.14,71.23,1500
293,71.06,71.16,71.01,71.16,2250
294,71.17,71.22,71.06,71.2,2600
295,71.13,71.21,70.93,71.07,6603
296,71.02,71.09,70.97,71.09,2300
297,71.42,71.48,71.03,71.07,4700
298,71.46,71.52,71.37,71.4,2100
299,71.65,71.65,71.44,71.44,2219
300,71.99,71.99,71.64,71.64,21913
301,71.79,72.03,71.75,71.945,4988
302,71.53,71.75,71.46,71.72,5400
303,71.37,71.7,71.285,71.52,17255
304,71.43,71.43,71.18,71.42,3500
305,71.5,71.5,71.301,71.4,1800
306,71.59,71.61,71.4911,71.5,1931
307,71.62,71.66,71.54,71.58,1600
308,71.81,71.84,71.72,71.72,1500
309,71.92,71.96,71.77,71.78,2500
310,71.74,71.98,71.74,71.98,2600
311,71.54,71.78,71.4575,71.7,2300
312,71.43,71.65,71.43,71.55,1641
313,71.525,71.54,71.44,71.45,1185
314,71.34,71.5376,71.34,71.5376,1700
315,71.5,71.5581,71.42,71.42,5100
316,71.615,71.665,71.49,71.49,3172
317,71.56,71.68,71.55,71.64,2200
318,71.57,71.65,71.54,71.6,5800
319,71.48,71.54,71.47,71.54,1700
320,71.64,71.64,71.5,71.5,8400
321,71.75,71.76,71.62,71.72,3600
322,71.98,71.98,71.73,71.73,2700
323,71.94,72.03,71.88,72.03,13198
324,72.01,72.1,71.95,71.96,4761
325,72.05,72.11,72,72.025,5260
326,72.02,72.09,72.02,72.06,7117
327,72.17,72.25,72.01,72.03,38786
432,72.02,72.02,72.02,72.02,42692
433,72.04,72.04,71.94,71.94,2302
434,72.34,72.34,71.97,72.165,3050
435,72.54,72.94,72.05,72.56,13100
436,73.12,73.2,72.7,72.7,3205
437,72.58,73.11,72.4475,73.09,6293
438,72.76,72.78,72.58,72.58,3491
439,72.205,72.715,72.205,72.71,3252
440,72.5134,72.56,72.29,72.33,5150
441,72.4,72.52,72.32,72.5,2002
442,72.3,72.5,72.18,72.4,7883
443,72.36,72.46,72.23,72.3,9018
444,72.36,72.36,72.28,72.29,2781
445,72.37,72.37,72.335,72.335,991
446,72.52,72.61,72.38,72.39,2849
447,72.485,72.56,72.48,72.48,4900
448,72.42,72.54,72.38,72.54,2900
449,72.36,72.405,72.36,72.405,600
450,72.43,72.43,72.37,72.415,900
451,72.72,72.72,72.415,72.415,6683
452,72.4,72.748,72.4,72.748,3233
453,72.33,72.42,72.27,72.4,1500
454,72.43,72.44,72.27,72.309,13514
455,72.2,72.435,72.2,72.33,5674
456,72.17,72.23,72.12,72.21,1303
457,72,72.23,72,72.17,2492
458,72.07,72.17,72.02,72.02,8590
459,72.125,72.18,72.02,72.06,11583
460,72.13,72.21,72.11,72.18,3000
461,72.425,72.44,72.13,72.135,4200
462,72.34,72.41,72.33,72.3966,2800
463,72.18,72.42,72.17,72.37,6949
464,72.36,72.4,72.18,72.18,7300
465,72.39,72.41,72.36,72.3742,1266
466,72.36,72.43,72.24,72.41,13289
467,72.79,72.8,72.39,72.39,22922
468,72.56,72.81,72.52,72.8,10447
469,72.38,72.52,72.36,72.52,11597
470,72.4175,72.64,72.38,72.4,41035
471,72.64,72.66,72.49,72.5,143502
864,73.91,73.91,73.81,73.81,16024
865,74.3303,75.37,73.435,73.94,28417
866,74.36,74.83,74.02,74.18,17792
867,74.23,74.5,74.11,74.27,3900
868,74.21,74.485,74.07,74.25,8132
869,74.51,74.58,74.15,74.2,11389
870,74.51,74.7,74.3255,74.45,7913
871,73.99,74.55,73.99,74.47,13772
872,74.14,74.16,73.98,74.04,5922
873,74.075,74.23,73.92,74.14,10400
874,74.24,74.32,74.09,74.09,9106
875,74.67,74.82,74.23,74.24,14373
876,74.75,74.88,74.7,74.75,10158
877,74.74,74.81,74.62,74.755,26521
878,74.77,74.87,74.72,74.82,15498
879,74.78,74.84,74.67,74.74,12088
880,74.91,74.99,74.75,74.78,22426
881,75.03,75.13,74.945,74.98,25428
882,75.11,75.28,75.02,75.02,9171
883,75.2,75.3,75.1,75.115,6441
884,75.26,75.265,75.085,75.23,9415
885,75.515,75.62,75.26,75.26,7900
886,75.63,75.67,75.48,75.56,4800
887,75.64,75.75,75.64,75.68,6497
888,75.27,75.71,75.2,75.61,17455
889,75.33,75.36,75.15,75.28,9188
890,75.2,75.35,75.2,75.35,5848
891,75.25,75.34,75.22,75.26,9394
892,75.3,75.33,75.2053,75.24,10990
893,75.355,75.39,75.23,75.305,8390
894,75.09,75.44,75.06,75.39,10614
895,74.99,75.2,74.925,75.17,10160
896,75,75.12,74.94,74.945,10460
897,75,75.13,74.94,75,10280
898,74.94,74.97,74.695,74.97,10031
899,75.02,75.2,74.94,74.94,7992
900,75.23,75.25,74.9,75.02,12065
901,75.63,75.63,75.17,75.23,14790
902,75.32,75.64,75.31,75.64,21458
903,75.5,75.52,75.31,75.32,45128
a1497965400,75.32,75.86,75.275,75.86,3347
1,75.919,75.919,75.42,75.8871,3000
2,76.25,76.365,75.82,75.82,11325
3,76.23,76.28,76.13,76.19,5627
4,76.7,76.81,76.26,76.26,14141
5,76.68,76.95,76.68,76.7,7946
6,76.75,76.77,76.46,76.5252,8912
7,76.46,76.77,76.44,76.71,8925
8,76.81,76.81,76.586,76.59,6673
9,77.135,77.18,76.81,76.81,2922
10,77.3,77.3,76.81,77.17,6252
11,77,77.29,76.91,77.29,12152
12,76.57,77,76.45,77,5250
13,76.48,76.58,76.36,76.52,4550
14,76.63,76.749,76.44,76.55,10708
15,76.49,76.68,76.49,76.61,4972
16,76.26,76.51,76.25,76.51,2112
17,76.07,76.32,76.07,76.31,4761
18,75.94,76.16,75.92,76.12,1800
19,75.72,75.97,75.6,75.92,5816
20,75.545,75.69,75.5,75.69,4157
21,75.51,75.57,75.42,75.57,2429
22,75.55,75.58,75.48,75.53,2700
23,75.76,75.83,75.58,75.59,8750
24,75.75,75.82,75.74,75.776,2442
25,75.83,75.87,75.7,75.735,5193
26,75.955,76,75.72,75.775,5300
27,76.02,76.1,75.96,75.97,4200
28,75.95,76.07,75.94,76.01,2310
29,75.989,76.13,75.95,75.99,4038
30,75.86,76.03,75.81,75.92,5030
31,75.715,75.88,75.68,75.88,4656
32,75.71,75.85,75.67,75.72,6500
33,75.77,75.85,75.6601,75.7,6404
34,75.74,75.91,75.74,75.79,9200
35,75.45,75.77,75.45,75.74,5627
36,75.38,75.5,75.3,75.43,9744
37,75.4,75.48,75.18,75.41,11108
38,75.14,75.41,75.11,75.38,13807
39,75.17,75.3,75.1,75.18,49219
144,74.89,75.17,74.89,75.17,2933
145,76.36,76.36,74.89,74.89,4362
146,76.11,76.43,76.095,76.28,5025
147,76.5,76.5,76.03,76.1,5745
148,76.96,76.97,76.46,76.56,8521
149,76.95,77.28,76.92,76.99,9586
150,77.21,77.44,76.95,77.03,19557
151,77.69,77.7,77.02,77.2,29863
152,78.03,78.3,77.705,77.75,18708
153,77.4262,78.08,77.32,78.05,17301
154,77.37,77.55,77.31,77.4,7725
155,77.03,77.365,76.88,77.35,8525
156,77.49,77.55,76.98,76.98,10200
157,77.18,77.54,77.04,77.4815,11807
158,77.3,77.385,77.1,77.19,5792
159,77.16,77.33,77.1,77.26,9249
160,77.381,77.381,77.22,77.24,5341
161,77.48,77.52,77.39,77.44,4165
162,77.79,77.79,77.48,77.48,3962
163,77.68,77.9,77.47,77.71,5868
164,77.84,77.85,77.66,77.75,5500
165,77.69,77.89,77.64,77.87,6912
166,77.78,77.82,77.63,77.71,2600
167,77.9,77.97,77.75,77.76,6295
168,77.88,77.92,77.73,77.83,4810
169,77.9567,78,77.87,77.88,3600
170,77.71,77.99,77.68,77.99,6229
171,77.55,77.71,77.55,77.71,5150
172,77.55,77.58,77.42,77.55,5287
173,77.5,77.64,77.5,77.515,8959
174,77.57,77.58,77.44,77.51,4579
175,77.545,77.62,77.5,77.55,6923
176,77.29,77.5625,77.29,77.545,5100
177,77.07,77.29,77.06,77.29,2700
178,76.9,77.12,76.84,77.07,13025
179,76.88,76.99,76.88,76.92,9200
180,76.84,76.94,76.81,76.9,12609
181,76.72,76.86,76.65,76.81,16403
182,77.22,77.27,76.72,76.735,14759
183,77.21,77.25,77.02,77.2,45820
288,77.03,77.03,77.03,77.03,4968
289,77.185,77.26,76.77,77.02,800
290,76.56,76.92,76.24,76.71,13857
291,75.635,76.55,75.41,76.47,18231
292,75.55,75.8,75.39,75.67,8326
293,76.01,76.04,75.515,75.59,5800
294,75.87,76.04,75.84,76.025,3463
295,75.87,76.11,75.83,75.92,9627
296,75.76,75.91,75.63,75.91,4636
297,75.75,75.82,75.51,75.69,29282
298,75.695,75.92,75.695,75.755,4679
299,76.0959,76.19,75.725,75.75,12507
300,76.05,76.16,75.89,76.065,11750
301,75.88,76.02,75.71,76.02,17020
302,75.7,75.905,75.7,75.82,20977
303,75.77,75.895,75.64,75.68,14337
304,75.89,75.92,75.81,75.89,4480
305,75.74,75.86,75.705,75.86,10311
306,75.67,75.8,75.59,75.71,6616
307,75.765,75.92,75.66,75.67,13658
308,75.85,75.91,75.79,75.79,5900
309,76.13,76.22,75.85,75.88,16535
310,76.12,76.13,76.02,76.1,7157
311,75.8,76.13,75.8,76.12,3500
312,75.72,75.88,75.72,75.84,4002
313,75.56,75.69,75.35,75.69,18888
314,75.3,75.58,75.3,75.57,9531
315,75.33,75.62,74.91,75.3,41082
316,75.445,75.445,75.15,75.34,10277
317,75.23,75.44,75.2,75.44,8031
318,74.94,75.35,74.93,75.27,8542
319,75.19,75.255,74.93,74.93,31942
320,75.12,75.3,75.08,75.19,15900
321,74.935,75.18,74.83,75.1,12503
322,75.058,75.22,74.82,74.888,45015
323,75.08,75.24,74.99,75.05,12564
324,74.88,75.09,74.76,75.08,18110
325,74.7501,74.92,74.75,74.888,13851
326,74.85,74.93,74.75,74.75,18370
327,75.1,75.1,74.78,74.83,66906
432,75.31,75.31,75.31,75.31,2626
433,75.11,75.47,75.1,75.365,15700
434,75.115,75.25,74.81,74.81,13172
435,75.045,75.18,74.93,75.11,35500
436,75.0305,75.17,74.94,75.1,14910
437,75.23,75.24,74.98,74.98,12576
438,75.3,75.36,75.1,75.25,25665
439,75.5,75.55,75.3,75.3,5820
440,75.12,75.49,75.12,75.49,26958
441,75.24,75.245,75.04,75.15,10100
442,75.105,75.2,75.08,75.18,5022
443,74.87,75.12,74.86,75.12,11099
444,74.97,75.02,74.9,74.91,6213
445,75.35,75.35,75.05,75.05,6100
446,75.31,75.41,75.2,75.31,6039
447,75.12,75.46,75.12,75.36,10252
448,75.07,75.23,74.97,75.19,8862
449,75.13,75.14,74.96,74.99,4361
450,75.04,75.23,75.04,75.13,3994
451,74.96,75.05,74.96,75.02,10357
452,75.0883,75.095,74.93,75,2432
453,74.97,75.14,74.97,75.14,3400
454,75.03,75.04,74.98,74.985,2900
455,74.95,74.99,74.86,74.99,3600
456,75.29,75.29,74.92,75.01,5011
457,75.23,75.36,75.23,75.26,3607
458,74.99,75.24,74.94,75.2389,6800
459,74.86,75,74.86,75,5456
460,74.87,75,74.86,74.875,4000
461,74.76,74.91,74.76,74.91,16289
462,74.74,74.82,74.7,74.75,5088
463,74.54,74.72,74.491,74.67,5926
464,74.76,74.76,74.5,74.5,8267
465,74.73,74.82,74.65,74.755,9857
466,74.76,74.82,74.64,74.708,16356
467,74.93,74.93,74.68,74.79,29492
468,75.105,75.12,74.93,74.98,16364
469,75.29,75.29,75.02,75.1,34988
470,75.4,75.88,75.24,75.31,41328
471,75.38,75.5,75.2,75.4,1173566
864,77.1,77.1,76.26,76.33,9378
865,77,79.98,76.121,77.1,10807
866,75.93,77.24,75.785,76.99,29347
867,76.15,76.15,75.665,75.915,27088
868,75.705,76.44,75.68,76,43348
869,75.6,75.74,74.86,75.74,17276
870,76.53,76.81,75.71,75.71,21538
871,75.64,76.55,75.56,76.44,26930
872,75.195,75.95,75.195,75.79,30172
873,75.19,75.56,75.02,75.2,19431
874,75.005,75.29,74.915,75.17,29708
875,74.9,75.0645,74.62,74.915,14006
876,74.96,75.04,74.8269,74.94,7250
877,74.975,75.2,74.965,75.13,7103
878,75.3,75.44,74.95,74.995,4046
879,75.34,75.53,75.3,75.36,19825
880,75.42,75.64,75.36,75.36,15110
881,75.479,75.479,75.38,75.45,4198
882,75.61,75.65,75.4925,75.5,4150
883,75.83,75.83,75.59,75.64,2800
884,75.86,76.05,75.86,75.88,4100
885,75.56,75.89,75.54,75.74,7469
886,75.389,75.625,75.35,75.595,2632
887,75.36,75.44,75.19,75.4275,5512
888,75.305,75.43,75.29,75.41,4900
889,75.42,75.48,75.235,75.3,5400
890,75.51,75.595,75.39,75.4,9545
891,75.43,75.58,75.41,75.5,3300
892,75.41,75.46,75.35,75.4,4357
893,75.25,75.36,75.18,75.31,3000
894,75.04,75.3299,74.984,75.16,2700
895,74.985,75.11,74.94,75.06,3778
896,75.16,75.28,74.97,75.01,11903
897,75.19,75.25,75.13,75.17,5600
898,75.215,75.25,75.11,75.195,10806
899,74.96,75.21,74.95,75.21,7306
900,74.82,74.98,74.82,74.92,10493
901,74.905,74.95,74.68,74.83,19010
902,75.23,75.26,74.9,74.95,11362
903,75.1,75.26,75.01,75.22,49195
a1498570200,75.11,75.11,75.11,75.11,3834
1,74.78,75.575,74.61,75.14,8592
2,74.95,75.41,74.95,75.14,7840
3,74.81,75.03,74.6,74.9,2900
4,75.21,75.29,74.9799,74.9799,2500
5,75.62,75.68,75.16,75.21,5702
6,75.53,75.75,75.48,75.67,5463
7,75.5,75.84,75.5,75.55,8190
8,75.56,75.6,75.41,75.46,6074
9,75.43,75.63,75.32,75.6,6500
10,75.34,75.49,75.2,75.4,8573
11,75.5,75.67,75.23,75.29,18458
12,75.83,75.83,75.47,75.49,11166
13,75.8541,75.91,75.75,75.81,7100
14,75.65,75.78,75.62,75.78,3950
15,75.52,75.58,75.52,75.57,2645
16,75.47,75.61,75.47,75.555,4200
17,75.32,75.55,75.32,75.53,4900
18,75.2,75.41,75.19,75.29,9622
19,74.94,75.27,74.91,75.25,3217
20,74.92,75.01,74.92,74.965,3766
21,75.02,75.02,74.82,74.89,4300
22,74.88,75.0125,74.88,75.01,3799
23,74.81,74.94,74.75,74.88,5574
24,74.78,74.97,74.78,74.79,4200
25,74.4268,74.79,74.41,74.79,2438
26,74.29,74.48,74.21,74.45,6744
27,74.18,74.35,74.15,74.31,6406
28,74.22,74.28,74.14,74.24,4297
29,74.14,74.14,73.95,74.14,4018
30,74.12,74.16,74.01,74.135,9250
31,73.95,74.14,73.95,74.13,6276
32,74,74.13,73.96,73.96,7203
33,74.14,74.14,73.93,74.01,60009
34,73.98,74.2,73.98,74.13,13800
35,73.71,73.98,73.71,73.98,70300
36,73.6501,73.77,73.585,73.76,21974
37,73.68,73.73,73.44,73.67,31085
38,73.56,73.82,73.52,73.75,15532
39,73.44,73.52,73.28,73.49,79561
144,73.79,73.79,73.79,73.79,3421
145,73.59,74.125,73.59,73.72,1030
146,73.86,74.11,73.6,73.785,6624
147,73.89,74.06,73.76,73.84,12150
148,74.38,74.38,73.93,73.94,3800
149,74.47,74.48,74.18,74.28,2350
150,74.4203,74.59,74.4,74.55,5818
151,74.6299,74.64,74.395,74.395,6959
152,74.68,74.97,74.6465,74.65,10518
153,74.89,74.93,74.59,74.61,4000
154,74.75,74.97,74.65,74.93,5853
155,75.01,75.01,74.79,74.79,1000
156,74.9,75.15,74.88,75.03,7983
157,75.15,75.17,74.86,74.86,7110
158,75.35,75.35,75.14,75.14,2300
159,75.12,75.565,75.12,75.4,13955
160,75.03,75.07,74.66,75.07,14150
161,75.15,75.15,75.02,75.03,1581
162,75.16,75.28,75.055,75.19,5500
163,75.05,75.13,74.87,75.08,3821
164,74.98,75.06,74.955,75,7389
165,75,75,74.8,74.85,3005
166,75.01,75.15,74.944,75.03,4003
167,75.09,75.09,74.94,75,1818
168,75.13,75.29,75.07,75.07,3551
169,75.39,75.39,75.11,75.13,1200
170,75.245,75.4,75.18,75.32,4000
171,75.11,75.33,75.035,75.2,4400
172,75.255,75.28,75.11,75.18,10700
173,75.01,75.28,74.98,75.26,18343
174,74.92,75.06,74.84,74.995,7500
175,75.19,75.19,74.9,74.92,2793
176,74.92,75.21,74.89,75.19,5904
177,74.78,74.99,74.71,74.95,8800
178,74.85,74.85,74.65,74.785,14009
179,74.85,74.93,74.7642,74.89,7927
180,75.09,75.17,74.85,74.9,6131
181,75.09,75.16,75.02,75.06,7136
182,75.0325,75.24,75.0325,75.105,11987
183,74.97,75.11,74.93,75.05,60290
288,74.99,74.99,74.99,74.99,4268
289,74.62,75.05,74.5,75.05,1900
290,74.57,74.73,74.14,74.59,5196
291,74.27,74.5,74.16,74.45,4200
292,74.21,74.56,74.165,74.22,5400
293,73.8849,74.22,73.728,74.22,3900
294,74.02,74.02,73.8,73.83,2696
295,74.1,74.2,73.88,74.04,10003
296,74.16,74.54,74.1,74.1,5600
297,74.12,74.27,74.05,74.08,4200
298,73.97,74.2,73.97,74.1,4026
299,73.85,73.98,73.695,73.97,4100
300,74,74,73.81,73.83,3388
301,74,74,73.74,73.94,2900
302,74.08,74.23,73.89,73.9965,6100
303,74.14,74.2,74.0579,74.17,8297
304,74.14,74.17,74.04,74.17,9190
305,74.19,74.19,74.03,74.17,2832
306,74.05,74.3,74.03,74.25,3008
307,74.07,74.2,74.04,74.15,4153
308,74.04,74.15,74.04,74.09,4403
309,73.889,74.05,73.889,74.04,9039
310,73.985,74.01,73.76,73.775,4842
311,74.03,74.09,73.955,73.955,2600
312,73.99,74.12,73.92,74.05,11634
313,74.1,74.14,73.98,73.99,4100
314,74.11,74.14,74.09,74.13,4012
315,74.33,74.43,74.11,74.11,4528
316,74.57,74.66,74.3,74.37,5300
317,74.63,74.85,74.51,74.57,5600
318,74.745,74.84,74.64,74.67,4800
319,74.52,74.75,74.45,74.71,9300
320,74.59,74.71,74.58,74.62,2000
321,74.61,74.62,74.33,74.54,4339
322,74.54,74.69,74.44,74.56,6806
323,74.71,74.76,74.45,74.5,4287
324,74.72,74.83,74.68,74.71,6106
325,75.19,75.19,74.73,74.73,12769
326,75.3,75.35,75.1,75.2,19910
327,75.19,75.44,75.12,75.3,54208
432,75.25,75.25,75.25,75.25,1320
433,74.795,75.19,74.385,74.9796,10885
434,75.13,75.13,74.81,74.89,12228
435,75,75.11,74.98,75.11,3294
436,75.12,75.35,75.04,75.095,2708
437,75.17,75.18,74.87,75.07,7753
438,75.35,75.36,75.19,75.19,2942
439,75.26,75.58,75.21,75.38,7121
440,75.32,75.38,75.24,75.24,1200
441,75.23,75.4,75.23,75.27,2600
442,75.07,75.29,75,75.225,2800
443,75.08,75.08,74.91,75.02,5600
444,75.02,75.18,75.01,75.0188,2900
445,75.02,75.05,74.84,75.04,17200
446,75.23,75.23,75.01,75.01,4100
447,75.12,75.29,75.08,75.29,1700
448,75.02,75.17,75.01,75.06,1700
449,75.13,75.17,75.06,75.06,2900
450,75.16,75.335,75.16,75.22,1800
451,75.15,75.17,75,75.08,8277
453,75.2,75.2,75.165,75.17,900
454,75.2856,75.325,75.2017,75.2017,3327
455,75.099,75.28,75.06,75.28,2773
456,75.1,75.1,75.03,75.07,1499
457,75.1,75.1,75,75.09,4900
458,75,75.16,74.94,75.14,10715
459,75.02,75.09,75.02,75.04,2000
460,74.945,75.07,74.81,75.02,12630
461,74.97,75,74.855,74.94,15993
462,74.96,75,74.87,75,8031
463,74.89,74.97,74.8825,74.94,5131
464,74.89,74.955,74.84,74.85,8981
465,75.03,75.03,74.91,74.93,4372
466,75.02,75.09,74.98,75.09,4500
467,75,75.09,74.85,75,14373
468,75.085,75.09,74.96,75.03,9100
469,75.11,75.14,74.97,75.07,9600
470,75.08,75.15,74.98,75.15,11232
471,75.01,75.16,75,75.085,160904
864,75.27,75.27,75.27,75.27,1005
865,75.01,75.1,74.8091,75.04,3001
866,75.2,75.2,74.64,74.96,6266
867,74.97,75.36,74.97,75.325,3953
868,74.79,74.87,74.24,74.87,55475
869,74.78,75.16,74.78,74.84,4896
870,74.55,74.69,74.45,74.64,2119
871,74.2,74.68,74.2,74.68,2600
872,74.03,74.31,73.92,74.163,25278
873,73.88,74.01,73.88,74.01,1200
874,73.89,74.02,73.8,73.83,4617
875,74.08,74.2,73.93,73.93,3400
876,74.12,74.22,74.03,74.035,1600
877,73.95,74.1,73.89,74.08,7150
878,73.94,73.95,73.81,73.925,2700
879,73.88,73.94,73.82,73.87,4000
880,73.7,73.98,73.57,73.88,8371
881,73.8,73.84,73.67,73.74,11425
882,74.02,74.06,73.79,73.84,7672
883,73.99,74.075,73.91,74.06,5100
884,73.925,73.96,73.8,73.96,6265
885,73.87,74.05,73.84,73.93,27276
a1499261400,74.09,74.09,74.09,74.09,2170
1,74.785,75.04,74.11,74.44,4379
2,74.78,74.86,74.26,74.42,3330
3,74.51,74.85,74.4,74.85,4973
4,74.42,74.53,74.22,74.52,12237
5,74.39,74.655,74.33,74.33,6117
6,74.26,74.36,74.12,74.36,3500
7,74.68,74.68,74.21,74.26,6440
8,74.74,74.79,74.48,74.775,5965
9,74.71,74.85,74.61,74.77,8600
10,74.89,74.89,74.68,74.73,2200
11,74.85,75,74.82,74.94,5433
12,74.97,74.97,74.56,74.805,4540
13,74.55,75.015,74.55,74.98,4005
14,74.53,74.54,74.29,74.35,3750
15,74.53,74.69,74.42,74.56,3906
16,74.63,74.75,74.53,74.53,4096
17,74.63,74.75,74.46,74.66,5810
18,74.48,74.7,74.48,74.66,2835
19,74.55,74.72,74.46,74.5402,5437
20,74.7,74.74,74.56,74.56,2800
21,74.69,74.725,74.58,74.7,1400
22,74.71,74.78,74.59,74.7,4323
23,74.74,74.74,74.58,74.67,1400
24,74.75,74.85,74.731,74.775,2198
25,74.59,74.74,74.59,74.69,3200
26,74.55,74.57,74.45,74.56,2487
27,74.6857,74.71,74.52,74.59,2360
28,74.5,74.74,74.5,74.74,4300
29,74.49,74.68,74.46,74.53,5900
30,74.725,74.78,74.44,74.44,7300
31,74.85,74.96,74.75,74.78,4300
32,74.61,74.91,74.61,74.9,4400
33,74.52,74.74,74.5,74.615,4400
34,74.67,74.8,74.55,74.55,6200
35,74.85,74.91,74.67,74.67,7287
36,74.82,74.91,74.8,74.85,3456
37,74.995,75,74.85,74.87,7221
38,75.059,75.13,74.97,75,12876
39,75.23,75.28,75.04,75.11,78358
