EXCHANGE%3DNASDAQ
MARKET_OPEN_MINUTE=570
MARKET_CLOSE_MINUTE=960
INTERVAL=600
COLUMNS=DATE,CLOSE,HIGH,LOW,OPEN,VOLUME
DATA=
TIMEZONE_OFFSET=-240
a1493127000,8.82,8.82,8.82,8.82,8675
1,9.115,9.17,8.75,8.77,30664
2,9.23,9.23,9.06,9.115,12015
3,9.21,9.22,9.18,9.22,5392
4,9.29,9.31,9.1862,9.22,24268
5,9.23,9.29,9.2,9.28,3788
6,9.21,9.26,9.19,9.23,4300
7,9.2,9.25,9.16,9.22,10500
8,9.2001,9.21,9.18,9.19,3334
9,9.1,9.2049,9.1,9.19,9200
10,9.14,9.14,9.09,9.095,15899
11,9.1799,9.18,9.13,9.14,7800
12,9.08,9.17,9.07,9.17,11214
13,9.11,9.11,9.0601,9.08,5500
14,9.09,9.105,9.0801,9.1001,1800
15,9.04,9.08,9.035,9.08,3800
16,9,9.04,9,9.03,3967
17,8.97,9,8.97,9,1200
18,8.96,8.98,8.93,8.97,6127
19,8.87,8.955,8.84,8.9501,9170
20,8.865,8.9,8.86,8.88,5166
21,8.88,8.915,8.87,8.88,9538
22,8.9,8.9,8.86,8.88,9700
23,8.87,8.9,8.87,8.9,9400
24,8.86,8.88,8.85,8.87,3400
25,8.91,8.91,8.87,8.87,2400
26,8.91,8.92,8.9,8.91,856
27,8.93,8.94,8.905,8.91,2600
28,8.94,8.94,8.925,8.93,900
29,8.95,8.95,8.91,8.93,2300
30,8.95,8.95,8.94,8.94,1700
31,8.93,8.94,8.92,8.94,3100
32,8.92,8.935,8.92,8.935,1400
33,8.925,8.925,8.915,8.92,1100
34,8.95,8.95,8.92,8.92,3403
35,8.91,8.955,8.91,8.95,2800
36,8.88,8.915,8.88,8.915,3800
37,8.93,8.93,8.88,8.89,3783
38,8.9,8.93,8.9,8.93,6122
39,8.87,8.91,8.87,8.9,26925
144,8.89,8.89,8.89,8.89,582
145,8.86,8.86,8.82,8.82,2000
146,8.82,8.84,8.78,8.83,900
147,8.81,8.84,8.81,8.84,500
148,8.82,8.84,8.82,8.83,1000
149,8.79,8.835,8.79,8.835,7900
150,8.87,8.87,8.8,8.8,3498
151,8.87,8.88,8.855,8.88,900
152,8.865,8.88,8.8617,8.8617,2500
153,8.93,8.93,8.88,8.89,9700
154,8.92,8.94,8.91,8.93,1800
155,9.01,9.01,8.93,8.93,6353
156,9.05,9.05,9,9.01,4200
157,9.06,9.06,9.01,9.04,2923
158,9.04,9.085,9.04,9.06,3710
159,9.06,9.07,9.04,9.04,3008
160,9.06,9.07,9.05,9.06,1650
161,9.09,9.09,9.0601,9.0601,1200
162,9.09,9.11,9.0725,9.1,1889
163,9.08,9.08,9.07,9.07,2580
164,9.1101,9.13,9.08,9.08,1800
165,9.11,9.12,9.095,9.11,4100
166,9.12,9.12,9.11,9.115,1600
167,9.12,9.135,9.11,9.12,2357
168,9.12,9.13,9.11,9.13,1300
169,9.11,9.11,9.1,9.11,1956
170,9.0901,9.13,9.0901,9.11,2593
171,9.08,9.1,9.08,9.1,1000
172,9.0701,9.085,9.06,9.08,2238
173,9.08,9.1,9.0701,9.08,2710
174,9.095,9.11,9.07,9.08,2100
175,9.1001,9.12,9.09,9.09,3200
176,9.125,9.125,9.11,9.12,3000
177,9.115,9.14,9.1101,9.125,3399
178,9.1447,9.15,9.12,9.12,1720
179,9.15,9.165,9.145,9.145,3800
180,9.13,9.15,9.12,9.15,14950
181,9.165,9.175,9.125,9.125,7456
182,9.16,9.17,9.15,9.17,8247
183,9.13,9.16,9.13,9.16,42545
288,9.2,9.2,9.2,9.2,562
289,9.18,9.25,9.1399,9.2,2000
290,9.22,9.22,9.11,9.11,6500
291,9.19,9.22,9.18,9.22,800
292,9.12,9.18,9.12,9.16,1300
293,9.19,9.19,9.11,9.12,2000
294,9.15,9.17,9.14,9.17,1200
295,9.15,9.16,9.11,9.12,3391
296,9.12,9.16,9.12,9.15,1300
297,9.01,9.1,9.01,9.1,3400
298,9.075,9.09,9.04,9.04,1800
299,9.11,9.11,9.08,9.08,1438
300,9.045,9.11,9.04,9.105,9400
301,9.03,9.045,9.03,9.045,500
302,9.06,9.07,9.035,9.035,2208
303,9.02,9.07,9.02,9.06,13367
304,9.08,9.08,9.02,9.02,800
305,9.06,9.09,9.06,9.08,6500
306,9.06,9.07,9.05,9.07,500
307,9.07,9.07,9.06,9.07,1200
308,9.1,9.1,9.07,9.07,12288
309,9.11,9.115,9.11,9.11,1296
310,9.1,9.12,9.1,9.12,900
311,9.0934,9.0934,9.08,9.08,344
312,9.08,9.08,9.08,9.08,1500
313,9.08,9.09,9.08,9.09,500
314,9.08,9.08,9.08,9.08,300
315,9.07,9.09,9.05,9.09,1300
316,9.07,9.07,9.06,9.06,400
317,9.08,9.08,9.045,9.07,1900
318,9.06,9.08,9.05,9.08,2344
319,9.07,9.08,9.05,9.06,1500
320,9.09,9.1,9.09,9.09,500
321,9.07,9.08,9.06,9.08,1800
322,9.04,9.06,9.04,9.06,2983
323,9.07,9.07,9.04,9.04,2623
324,9.05,9.0825,9.05,9.06,4500
325,9.06,9.07,9.05,9.06,4905
326,9.08,9.09,9.065,9.065,1472
327,9.06,9.085,9.06,9.08,17982
432,9.12,9.12,9.12,9.12,1142
433,9.02,9.06,9.02,9.06,500
434,8.98,9.08,8.98,8.98,2600
435,9.04,9.04,8.98,9.01,1050
436,8.96,9.03,8.91,9.03,6253
437,8.9508,9.005,8.94,8.98,3500
438,8.96,8.96,8.95,8.95,500
439,8.9,8.96,8.88,8.96,9162
440,8.89,8.9,8.89,8.9,339
441,8.92,8.93,8.9,8.9,2400
442,8.91,8.92,8.9,8.91,3400
443,8.89,8.9,8.89,8.9,700
444,8.856,8.89,8.856,8.88,1347
445,8.87,8.87,8.8567,8.8567,6840
446,8.86,8.87,8.8589,8.87,500
447,8.84,8.87,8.84,8.86,2342
448,8.81,8.84,8.8,8.84,5677
449,8.785,8.81,8.785,8.8017,2111
450,8.81,8.83,8.79,8.79,13500
451,8.81,8.82,8.81,8.82,1600
452,8.815,8.82,8.805,8.81,3500
453,8.83,8.83,8.8275,8.83,1000
454,8.85,8.85,8.83,8.83,1700
455,8.85,8.86,8.85,8.855,1468
456,8.84,8.86,8.84,8.85,1900
457,8.85,8.8575,8.84,8.84,4200
458,8.85,8.85,8.84,8.85,700
459,8.86,8.86,8.85,8.86,1800
460,8.85,8.86,8.85,8.855,800
461,8.845,8.85,8.84,8.85,800
462,8.83,8.85,8.83,8.85,1732
463,8.84,8.84,8.83,8.83,2610
464,8.83,8.84,8.83,8.84,2810
465,8.83,8.84,8.83,8.84,1100
466,8.84,8.84,8.825,8.84,3796
467,8.83,8.84,8.83,8.83,3500
468,8.83,8.85,8.83,8.835,3800
469,8.83,8.835,8.825,8.825,4243
470,8.805,8.83,8.805,8.83,8372
471,8.77,8.82,8.76,8.81,24482
864,8.78,8.78,8.78,8.78,2313
865,8.76,8.84,8.75,8.76,600
866,8.8,8.82,8.78,8.82,800
867,8.74,8.76,8.73,8.76,1450
868,8.71,8.77,8.71,8.74,1300
869,8.72,8.72,8.71,8.71,900
870,8.74,8.79,8.74,8.75,4311
871,8.86,8.86,8.76,8.76,3000
872,8.86,8.87,8.83,8.86,1700
873,8.81,8.85,8.81,8.85,500
874,8.9,8.91,8.82,8.82,2400
875,8.9,8.9,8.89,8.89,300
876,8.9,8.9,8.87,8.88,900
877,8.86,8.93,8.84,8.92,8600
878,8.89,8.9,8.87,8.87,1400
879,8.92,8.95,8.9,8.9,31975
880,8.965,8.97,8.93,8.93,1497
881,8.97,8.97,8.965,8.965,710
882,9,9,8.9699,8.97,1932
883,9.01,9.01,9.01,9.01,1000
884,9.03,9.03,9.01,9.01,1167
885,9.04,9.04,8.99,9.03,6187
886,9.04,9.07,9.04,9.04,1845
887,9.04,9.05,9.035,9.05,1300
888,9.06,9.06,9.05,9.05,1200
889,9.04,9.06,9.01,9.06,4500
890,9.07,9.085,9.06,9.06,1400
891,9.07,9.07,9.05,9.06,1800
892,9.05,9.1,9.035,9.07,3382
893,9.06,9.07,9.05,9.05,1400
894,9.04,9.06,9.04,9.05,1708
895,9.05,9.07,9.02,9.04,2600
896,9.02,9.06,9.02,9.05,5000
897,9.06,9.06,8.9966,9,2700
898,9.06,9.06,9.05,9.05,200
899,9.13,9.13,9.06,9.06,4500
900,9.08,9.11,9.08,9.11,1919
901,9.06,9.09,9.045,9.08,12155
902,9.07,9.08,9.06,9.07,6800
903,9.05,9.08,9.05,9.07,24945
a1493731800,9.1,9.1,9.1,9.1,517
2,9.07,9.1,9.04,9.09,1615
3,9.05,9.09,9.0102,9.07,3300
4,9.02,9.02,9.01,9.01,804
5,9.04,9.05,9.03,9.05,1850
6,9.03,9.06,9.02,9.05,4057
7,9.01,9.04,9.01,9.04,2500
8,9.02,9.03,9.015,9.015,1600
9,8.965,9.02,8.965,9.015,3435
10,8.99,8.99,8.97,8.97,589
11,8.9837,9.01,8.9837,8.985,3095
12,8.98,8.99,8.97,8.98,2150
13,9.02,9.03,8.98,8.99,3300
14,9.02,9.045,8.99,9.03,11343
15,9.12,9.12,9.05,9.05,1600
16,9.08,9.12,9.06,9.12,3193
17,9.09,9.09,9.085,9.085,800
18,9.09,9.09,9.085,9.085,200
19,9.08,9.08,9.05,9.07,10041
20,9.05,9.095,9.045,9.085,6300
21,9.06,9.06,9.06,9.06,400
22,9.04,9.05,9.03,9.05,2100
23,9.04,9.04,9.035,9.035,1800
24,9.02,9.04,9.02,9.03,3700
25,9.025,9.03,9.025,9.03,1300
26,9.04,9.04,9.025,9.03,1150
27,9.06,9.06,9.04,9.05,600
28,9.08,9.08,9.05,9.05,2000
29,9.065,9.07,9.055,9.07,1000
30,9.05,9.06,9.05,9.06,1300
31,9.06,9.06,9.01,9.04,4100
32,9.035,9.06,9.035,9.06,3010
33,9.04,9.04,9.02,9.035,2735
34,9.04,9.05,9.03,9.05,2600
35,9.03,9.05,9.03,9.05,2700
36,9.04,9.04,9.02,9.03,1803
37,9.06,9.06,9.035,9.035,5674
38,9.06,9.06,9.03,9.05,4600
39,9.06,9.075,9.05,9.06,19991
144,9.03,9.03,9.03,9.03,820
145,9.01,9.03,8.97,9.02,1881
146,9.02,9.05,9.02,9.02,500
147,9,9.05,8.97,9.0322,6884
148,8.95,8.99,8.93,8.99,1600
149,8.96,8.96,8.9,8.93,3500
150,8.95,8.96,8.94,8.96,700
151,8.97,8.97,8.94,8.96,3400
152,8.96,8.99,8.95,8.99,2423
153,8.98,8.98,8.97,8.97,700
154,9.06,9.06,8.995,8.995,3000
155,9.1,9.1,9.05,9.05,700
156,9.11,9.125,9.11,9.11,1000
157,9.1,9.1,9.1,9.1,400
158,9.1,9.105,9.085,9.105,1600
159,9.11,9.11,9.09,9.1,4800
160,9.1,9.11,9.1,9.11,2000
161,9.115,9.12,9.11,9.11,500
162,9.11,9.12,9.11,9.11,800
163,9.14,9.14,9.1,9.1,7028
164,9.13,9.13,9.13,9.13,400
165,9.14,9.14,9.13,9.13,1100
166,9.17,9.17,9.14,9.14,1876
167,9.16,9.16,9.16,9.16,400
168,9.15,9.165,9.1399,9.16,6539
169,9.16,9.16,9.147,9.16,4600
170,9.15,9.165,9.15,9.165,1400
171,9.15,9.16,9.15,9.1501,600
172,9.1301,9.15,9.1301,9.14,900
173,9.1,9.14,9.1,9.14,2800
174,9.1,9.11,9.095,9.1,9500
175,9.1,9.105,9.1,9.1,2400
176,9.13,9.14,9.1001,9.1001,2145
177,9.12,9.15,9.12,9.1301,1900
178,9.15,9.15,9.12,9.12,2200
179,9.15,9.155,9.1401,9.15,2300
180,9.11,9.155,9.1,9.155,4321
181,9.15,9.17,9.11,9.11,5425
182,9.1401,9.17,9.14,9.14,3823
183,9.11,9.16,9.08,9.15,35488
288,9.08,9.08,9.08,9.08,1768
289,9.02,9.02,9.02,9.02,100
290,9.075,9.1,9.04,9.09,2362
291,9.04,9.07,8.99,9.07,5222
292,9.05,9.05,9.02,9.02,1700
293,9,9.055,8.99,9.055,2200
294,9.04,9.0502,9,9,4400
295,9.03,9.03,8.965,9,5521
296,9.02,9.07,8.98,9.03,5100
297,8.98,9.05,8.93,9.04,8735
298,9.0001,9.01,8.965,8.9722,8000
299,9.05,9.09,9.01,9.01,15300
300,9.06,9.07,9.045,9.07,1700
301,9.05,9.065,8.98,9.06,8274
302,9.07,9.09,9.06,9.06,1000
303,9.05,9.08,9.05,9.075,2400
304,9,9.06,9,9.04,3300
305,9,9.02,8.96,8.995,7800
306,9.03,9.05,9,9,9380
307,9.08,9.08,9.01,9.02,6920
308,9.065,9.08,9.06,9.08,2400
309,9.05,9.07,9.045,9.07,1800
310,9.06,9.06,9.05,9.0533,1300
311,9.04,9.06,9.04,9.06,2200
312,9.02,9.04,9.02,9.04,3100
313,9.02,9.03,9.005,9.03,2900
314,9.04,9.05,9,9.02,13189
315,9.085,9.09,9.05,9.05,900
316,9.09,9.1,9.08,9.08,3000
317,9.12,9.14,9.1,9.1,2750
318,9.11,9.12,9.11,9.11,600
319,9.12,9.13,9.115,9.115,3352
320,9.12,9.13,9.12,9.13,2016
321,9.125,9.13,9.12,9.13,400
322,9.1,9.12,9.09,9.12,2900
323,9.055,9.11,9.045,9.0907,47365
324,9.065,9.07,9.05,9.06,2519
325,9.055,9.07,9.05,9.06,7953
326,9.06,9.09,9.035,9.05,30192
327,9.09,9.11,9.06,9.07,34402
433,8.3,8.75,8.1,8.18,29931
434,8.37,8.4,8.25,8.3,13589
435,8.22,8.4,8.12,8.4,16069
436,8.19,8.21,8.1101,8.21,6482
437,8.2,8.2,8.15,8.2,9362
438,8.16,8.2025,8.13,8.2,16484
439,8.12,8.1601,8.1,8.1601,31082
440,8.05,8.11,8.05,8.11,9400
441,8,8.05,8,8.05,16861
442,8,8.0475,7.93,8.005,22853
443,8.0101,8.03,7.99,7.99,7643
444,7.99,8.02,7.99,8.02,6404
445,8.005,8.02,7.9001,7.995,37454
446,8.005,8.015,8,8,3329
447,8.005,8.01,8.0028,8.005,10938
448,8,8.005,7.98,8,10454
449,7.985,7.99,7.98,7.99,3572
450,7.98,7.99,7.95,7.98,17233
451,7.97,7.97,7.95,7.96,6459
452,7.97,7.97,7.95,7.9501,4705
453,8,8,7.955,7.96,8100
454,7.99,7.99,7.98,7.9801,22368
455,7.99,7.99,7.9844,7.985,2200
456,7.99,7.99,7.98,7.9825,5000
457,8.01,8.03,7.98,7.99,74568
458,8.01,8.01,7.9901,8.01,4961
459,8.04,8.04,8.01,8.01,4002
460,8,8.04,7.99,8.04,32431
461,8.02,8.02,8,8,6613
462,8.05,8.05,8.02,8.02,7203
463,8.055,8.07,8.04,8.05,38932
464,8.05,8.0599,8.0442,8.055,14344
465,8.055,8.07,8.04,8.05,11794
466,8.07,8.08,8.04,8.055,22732
467,8.1,8.12,8.07,8.07,8448
468,8.12,8.12,8.095,8.1099,12855
469,8.135,8.14,8.1001,8.1001,8600
470,8.15,8.18,8.135,8.135,19924
471,8.15,8.16,8.15,8.15,41011
864,8.15,8.15,8.15,8.15,2586
865,8.26,8.29,8.05,8.16,4923
866,8.295,8.32,8.26,8.28,13300
867,8.4,8.4,8.295,8.305,13608
868,8.41,8.425,8.41,8.41,3232
869,8.4,8.415,8.35,8.415,5300
870,8.4,8.42,8.39,8.4,11777
871,8.45,8.46,8.41,8.41,14268
872,8.47,8.48,8.46,8.46,3602
873,8.46,8.47,8.44,8.47,3100
874,8.445,8.49,8.445,8.465,7408
875,8.4578,8.47,8.4401,8.45,7300
876,8.49,8.49,8.45,8.46,4198
877,8.45,8.48,8.45,8.48,2900
878,8.46,8.46,8.455,8.455,1000
879,8.465,8.47,8.455,8.455,2900
880,8.48,8.48,8.46,8.46,1500
881,8.47,8.48,8.47,8.475,3700
882,8.469,8.48,8.465,8.48,1500
883,8.47,8.47,8.465,8.47,4773
884,8.47,8.47,8.465,8.47,1300
885,8.47,8.47,8.46,8.465,2600
886,8.47,8.47,8.465,8.47,1200
887,8.465,8.47,8.46,8.465,2600
888,8.465,8.465,8.46,8.465,1161
889,8.465,8.47,8.46,8.465,4000
890,8.465,8.47,8.46,8.47,1000
891,8.465,8.47,8.465,8.465,2100
892,8.465,8.47,8.465,8.465,1100
893,8.465,8.47,8.465,8.465,1900
894,8.46,8.47,8.46,8.465,1400
895,8.465,8.47,8.465,8.465,1900
896,8.47,8.47,8.46,8.465,5200
897,8.47,8.47,8.465,8.465,1700
898,8.465,8.47,8.4625,8.47,2600
899,8.465,8.47,8.465,8.465,4200
900,8.465,8.47,8.46,8.465,3800
901,8.465,8.47,8.46,8.465,8869
902,8.465,8.47,8.46,8.4675,6450
903,8.54,8.56,8.465,8.465,136551
a1494336600,8.52,8.52,8.52,8.52,1774
1,8.48,8.5899,8.48,8.57,7005
2,8.48,8.5101,8.43,8.49,10913
3,8.5,8.51,8.46,8.49,6800
4,8.47,8.5001,8.44,8.5001,10000
5,8.45,8.47,8.43,8.46,3800
6,8.45,8.45,8.415,8.445,5400
7,8.43,8.46,8.425,8.45,4300
8,8.415,8.43,8.4,8.42,3600
9,8.445,8.45,8.42,8.43,5380
10,8.42,8.45,8.42,8.447,2600
11,8.39,8.42,8.37,8.42,7384
12,8.38,8.41,8.365,8.38,18790
13,8.405,8.405,8.39,8.39,3829
14,8.405,8.405,8.38,8.405,2400
15,8.405,8.43,8.4,8.41,4278
16,8.4,8.41,8.4,8.41,2301
17,8.41,8.415,8.405,8.41,1700
18,8.41,8.42,8.4,8.405,2841
19,8.4,8.405,8.39,8.405,8600
20,8.4,8.4,8.39,8.395,500
21,8.4,8.405,8.39,8.39,1200
22,8.41,8.41,8.405,8.405,200
23,8.4,8.41,8.4,8.41,2100
24,8.38,8.4,8.37,8.4,6204
25,8.38,8.38,8.38,8.38,200
26,8.38,8.385,8.38,8.385,903
27,8.38,8.42,8.37,8.38,17872
28,8.36,8.3835,8.35,8.3835,3600
29,8.38,8.38,8.365,8.37,900
30,8.41,8.41,8.38,8.38,2600
31,8.36,8.41,8.355,8.405,16012
32,8.37,8.37,8.36,8.36,800
33,8.34,8.36,8.34,8.36,7716
34,8.33,8.34,8.32,8.34,3739
35,8.3,8.32,8.29,8.32,10575
36,8.28,8.3,8.28,8.29,3000
37,8.23,8.28,8.205,8.28,12331
38,8.28,8.29,8.21,8.22,41344
39,8.26,8.28,8.25,8.28,30440
144,8.19,8.19,8.19,8.19,1095
145,8.31,8.31,8.2,8.2,2200
146,8.26,8.28,8.26,8.27,1000
147,8.28,8.28,8.22,8.22,4368
148,8.27,8.27,8.27,8.27,100
149,8.28,8.32,8.28,8.28,2000
150,8.27,8.29,8.27,8.27,8708
151,8.29,8.29,8.27,8.28,1500
152,8.34,8.345,8.29,8.29,3300
153,8.32,8.32,8.31,8.32,1800
154,8.39,8.39,8.31,8.315,3816
155,8.4,8.4,8.39,8.39,1161
156,8.39,8.4,8.385,8.39,1200
157,8.35,8.38,8.35,8.38,1202
158,8.38,8.38,8.36,8.36,1000
159,8.4,8.4,8.38,8.38,1000
160,8.405,8.405,8.4,8.4,500
161,8.44,8.44,8.4,8.405,1184
162,8.47,8.4801,8.44,8.44,7901
163,8.48,8.48,8.44,8.47,7716
164,8.5,8.5,8.4805,8.5,10868
165,8.57,8.57,8.5,8.5,5460
166,8.57,8.58,8.57,8.57,1722
167,8.56,8.56,8.56,8.56,600
168,8.57,8.57,8.5543,8.5543,4933
169,8.57,8.58,8.56,8.57,1200
170,8.57,8.57,8.56,8.57,2844
171,8.54,8.57,8.54,8.57,1800
172,8.53,8.54,8.52,8.53,1100
173,8.54,8.54,8.52,8.53,5600
174,8.525,8.55,8.52,8.55,3021
175,8.55,8.55,8.525,8.525,1400
176,8.54,8.55,8.53,8.545,2400
177,8.545,8.55,8.54,8.55,1400
178,8.56,8.56,8.55,8.55,3000
179,8.55,8.56,8.545,8.56,2337
180,8.56,8.565,8.55,8.55,6400
181,8.56,8.57,8.56,8.57,2019
182,8.56,8.56,8.55,8.56,3423
183,8.55,8.57,8.54,8.56,27781
288,8.52,8.52,8.52,8.52,718
289,8.52,8.57,8.52,8.57,300
290,8.49,8.54,8.49,8.54,1140
291,8.44,8.47,8.39,8.47,2300
292,8.45,8.45,8.42,8.45,1300
293,8.42,8.435,8.42,8.435,400
294,8.37,8.43,8.37,8.41,4200
295,8.4,8.41,8.38,8.38,2200
296,8.39,8.41,8.39,8.41,700
297,8.46,8.46,8.3799,8.38,3700
298,8.47,8.48,8.47,8.48,300
299,8.495,8.5,8.48,8.4828,1300
300,8.49,8.5,8.49,8.49,300
301,8.48,8.51,8.48,8.49,800
302,8.46,8.46,8.46,8.46,900
303,8.51,8.51,8.46,8.46,3000
304,8.51,8.53,8.51,8.53,1200
305,8.52,8.52,8.51,8.51,1000
306,8.52,8.53,8.52,8.53,800
307,8.5,8.51,8.5,8.51,600
308,8.5101,8.52,8.4964,8.4964,3500
309,8.515,8.515,8.5,8.51,1100
310,8.515,8.515,8.514,8.515,300
311,8.51,8.52,8.51,8.515,2800
312,8.5,8.51,8.5,8.51,1000
313,8.49,8.5,8.49,8.5,1200
314,8.49,8.49,8.49,8.49,1700
315,8.5,8.5,8.49,8.49,200
316,8.5,8.51,8.4958,8.51,1750
317,8.505,8.505,8.5,8.5,2700
318,8.505,8.51,8.505,8.505,1887
319,8.5,8.505,8.49,8.505,9659
320,8.5,8.51,8.5,8.5,500
321,8.52,8.52,8.49,8.5,5600
322,8.51,8.51,8.495,8.51,2022
323,8.51,8.52,8.51,8.51,1000
324,8.51,8.52,8.5,8.51,4000
325,8.52,8.52,8.5,8.51,2757
326,8.515,8.54,8.51,8.53,10605
327,8.51,8.52,8.5,8.5101,16557
432,8.49,8.49,8.49,8.49,1825
433,8.32,8.44,8.32,8.44,400
434,8.39,8.42,8.32,8.38,4603
435,8.4,8.41,8.37,8.41,1600
436,8.34,8.39,8.34,8.39,2600
437,8.31,8.37,8.31,8.37,3201
438,8.3,8.32,8.3,8.3,1500
439,8.34,8.34,8.3,8.3,3573
440,8.38,8.38,8.3051,8.34,10803
441,8.39,8.4,8.37,8.4,1710
442,8.43,8.44,8.41,8.41,2800
443,8.42,8.4301,8.42,8.4301,3300
444,8.42,8.43,8.415,8.42,2200
445,8.4385,8.44,8.43,8.43,3100
446,8.42,8.43,8.42,8.43,1399
447,8.41,8.42,8.4,8.42,2750
448,8.4001,8.41,8.4,8.4001,1478
449,8.42,8.42,8.4,8.41,1635
450,8.44,8.45,8.42,8.42,1778
451,8.43,8.44,8.43,8.44,1100
452,8.45,8.45,8.42,8.43,2200
453,8.45,8.46,8.45,8.45,1300
454,8.44,8.4501,8.44,8.4501,1000
455,8.45,8.4501,8.45,8.45,1000
456,8.47,8.47,8.45,8.45,2500
457,8.4801,8.49,8.4701,8.4701,1700
458,8.805,8.92,8.48,8.4801,130615
459,8.82,8.8986,8.75,8.81,70716
460,8.82,8.88,8.81,8.83,17562
461,8.69,8.82,8.66,8.82,54131
462,8.6899,8.7001,8.68,8.7,13411
463,8.675,8.7099,8.64,8.6892,23028
464,8.694,8.71,8.675,8.68,9689
465,8.67,8.704,8.67,8.7,6600
466,8.64,8.67,8.63,8.67,4413
467,8.62,8.64,8.59,8.64,8400
468,8.61,8.625,8.61,8.62,4565
469,8.6201,8.63,8.62,8.62,7484
470,8.61,8.65,8.595,8.63,11339
471,8.64,8.65,8.6,8.61,25836
864,8.64,8.64,8.64,8.64,1274
865,8.63,8.67,8.63,8.64,1799
866,8.59,8.61,8.57,8.61,1100
867,8.59,8.615,8.58,8.58,400
868,8.49,8.5839,8.48,8.57,15046
869,8.5,8.5,8.48,8.5,4987
870,8.47,8.51,8.47,8.49,3900
871,8.49,8.49,8.47,8.47,4417
872,8.505,8.505,8.5,8.5,860
873,8.52,8.53,8.51,8.51,4100
874,8.56,8.565,8.53,8.53,4700
875,8.57,8.57,8.56,8.56,1100
876,8.62,8.62,8.57,8.57,5300
877,8.6,8.62,8.6,8.62,2300
878,8.57,8.59,8.56,8.59,9600
879,8.58,8.58,8.53,8.5601,3050
880,8.56,8.57,8.54,8.57,1700
881,8.54,8.55,8.54,8.55,1300
882,8.54,8.54,8.53,8.53,418
883,8.55,8.55,8.55,8.55,600
884,8.56,8.56,8.555,8.56,400
885,8.55,8.56,8.55,8.56,1100
886,8.56,8.56,8.56,8.56,400
887,8.57,8.57,8.55,8.56,1400
888,8.56,8.57,8.56,8.56,500
889,8.59,8.59,8.57,8.57,1200
890,8.59,8.62,8.58,8.6,10366
891,8.58,8.6,8.58,8.6,300
892,8.59,8.59,8.58,8.58,2000
893,8.58,8.58,8.58,8.58,1900
894,8.54,8.58,8.54,8.58,1500
895,8.53,8.54,8.52,8.52,4702
896,8.52,8.53,8.52,8.53,1201
897,8.51,8.52,8.51,8.52,1050
898,8.51,8.511,8.5,8.5,2401
899,8.52,8.525,8.5,8.51,3010
900,8.51,8.52,8.51,8.51,600
901,8.48,8.515,8.48,8.51,6900
902,8.5,8.51,8.48,8.48,9625
903,8.5,8.5,8.49,8.5,13617
a1494941400,8.55,8.55,8.55,8.55,540
1,8.42,8.47,8.36,8.36,600
2,8.45,8.48,8.43,8.44,1519
3,8.47,8.52,8.44,8.44,10613
4,8.46,8.48,8.46,8.48,400
5,8.53,8.53,8.46,8.46,8628
6,8.43,8.55,8.43,8.55,5802
7,8.44,8.44,8.43,8.44,700
8,8.44,8.45,8.41,8.44,1500
9,8.46,8.46,8.46,8.46,100
10,8.46,8.46,8.43,8.44,1400
11,8.42,8.46,8.42,8.46,1100
12,8.43,8.46,8.42,8.42,1300
13,8.44,8.44,8.44,8.44,100
14,8.45,8.45,8.44,8.44,1500
15,8.47,8.47,8.455,8.46,1600
16,8.45,8.46,8.44,8.46,1800
17,8.44,8.45,8.44,8.45,1000
18,8.46,8.46,8.445,8.445,800
19,8.44,8.46,8.44,8.46,500
20,8.44,8.44,8.43,8.43,600
21,8.45,8.46,8.435,8.435,2027
22,8.44,8.44,8.43,8.43,900
23,8.44,8.46,8.44,8.45,1200
24,8.42,8.44,8.42,8.43,1200
26,8.415,8.42,8.41,8.42,1700
27,8.415,8.417,8.41,8.415,2000
28,8.39,8.415,8.39,8.415,8600
29,8.395,8.395,8.39,8.39,1100
30,8.395,8.395,8.38,8.395,4200
31,8.39,8.395,8.39,8.395,600
32,8.395,8.395,8.39,8.39,580
33,8.365,8.4,8.365,8.39,6200
34,8.3001,8.365,8.25,8.365,27125
35,8.335,8.355,8.3199,8.3199,11180
36,8.35,8.35,8.33,8.34,1500
37,8.32,8.36,8.32,8.355,6437
38,8.27,8.33,8.27,8.32,18900
39,8.35,8.36,8.28,8.29,39911
144,8.2,8.2,8.2,8.2,5524
145,8.18,8.38,8.11,8.38,6358
146,8.17,8.24,8.12,8.18,3420
147,8.18,8.19,8.16,8.16,4592
148,8.18,8.18,8.13,8.16,3527
149,8.24,8.24,8.17,8.17,3200
150,8.18,8.26,8.17,8.25,14191
151,8.2,8.22,8.18,8.19,2800
152,8.2,8.24,8.18,8.18,4300
153,8.2,8.2,8.17,8.19,1917
154,8.16,8.195,8.15,8.195,3400
155,8.18,8.18,8.16,8.17,2100
156,8.14,8.17,8.14,8.17,4332
157,8.14,8.14,8.12,8.14,2300
158,8.15,8.15,8.14,8.14,900
159,8.15,8.15,8.13,8.15,1900
160,8.14,8.15,8.1399,8.15,2100
161,8.12,8.13,8.12,8.13,6893
162,8.1,8.12,8.1,8.12,2800
163,8.125,8.13,8.11,8.11,2800
164,8.12,8.1299,8.12,8.125,4800
165,8.15,8.15,8.1199,8.12,11800
166,8.14,8.155,8.13,8.15,2682
167,8.15,8.16,8.14,8.15,2200
168,8.14,8.15,8.14,8.14,600
169,8.14,8.155,8.1399,8.14,9350
170,8.13,8.145,8.13,8.145,1400
171,8.12,8.13,8.12,8.13,4033
172,8.12,8.12,8.11,8.12,1900
173,8.12,8.12,8.11,8.12,2800
174,8.1,8.12,8.09,8.11,3921
175,8.12,8.13,8.095,8.095,3000
176,8.29,8.32,8.12,8.12,56423
177,8.27,8.325,8.26,8.29,23837
178,8.251,8.26,8.25,8.26,1450
179,8.2803,8.285,8.25,8.25,10100
180,8.255,8.2801,8.24,8.28,13900
181,8.235,8.255,8.23,8.25,5086
182,8.245,8.25,8.23,8.23,15526
183,8.24,8.26,8.24,8.25,52283
288,8.23,8.23,8.23,8.23,533
289,8.2,8.3,8.06,8.06,3329
290,8.225,8.23,8.225,8.23,200
291,8.15,8.2,8.13,8.15,3233
292,8.17,8.21,8.15,8.19,1300
293,8.12,8.18,8.12,8.15,15100
294,8.05,8.13,8.03,8.11,8262
295,8.1,8.13,8.04,8.05,10800
296,8.04,8.1,8.025,8.1,4300
297,8.025,8.05,8.025,8.04,7798
298,8.06,8.06,8.025,8.03,5474
299,8.06,8.06,8.06,8.06,200
300,8.09,8.09,8.04,8.04,1500
301,8.1169,8.12,8.0785,8.0785,10196
302,8.08,8.11,8.076,8.11,3900
303,8.07,8.09,8.065,8.085,3484
304,8.07,8.08,8.069,8.07,2552
305,8.08,8.08,8.07,8.07,5561
306,8.08,8.09,8.07,8.08,2300
307,8.085,8.085,8.07,8.08,500
308,8.07,8.09,8.06,8.09,1600
309,8.075,8.08,8.06,8.06,3850
310,8.07,8.075,8.07,8.075,600
311,8.06,8.07,8.05,8.07,1700
313,8.09,8.09,8.0599,8.06,6395
314,8.07,8.1,8.07,8.09,2900
315,8.08,8.08,8.06,8.07,4500
316,8.08,8.08,8.07,8.08,2300
317,8.035,8.07,8.03,8.07,4571
318,8.015,8.07,8,8.04,14297
319,8.01,8.02,7.99,8.01,3300
320,8.03,8.03,8.02,8.02,500
321,8.02,8.055,8.02,8.04,3442
322,8.04,8.04,8.015,8.02,3200
323,8.035,8.04,8.03,8.035,2700
324,8.04,8.06,8.035,8.04,7000
325,8.02,8.05,8.01,8.05,12113
326,8.06,8.06,8.025,8.03,7017
327,8.05,8.07,8.04,8.07,19426
432,8.24,8.24,8.19,8.19,13895
433,8.325,8.325,8.21,8.32,6211
434,8.295,8.36,8.26,8.335,3625
435,8.29,8.35,8.29,8.3,3744
436,8.24,8.285,8.22,8.285,4600
437,8.225,8.26,8.225,8.26,7229
438,8.225,8.25,8.22,8.24,10004
439,8.21,8.235,8.2,8.23,4973
440,8.21,8.22,8.2,8.215,10700
441,8.23,8.24,8.205,8.21,5500
442,8.235,8.24,8.23,8.235,3698
443,8.22,8.24,8.22,8.235,4882
444,8.2,8.22,8.19,8.22,3335
445,8.18,8.205,8.18,8.205,2831
446,8.185,8.185,8.18,8.185,1100
447,8.1875,8.19,8.18,8.18,4800
448,8.175,8.1975,8.175,8.185,9872
449,8.185,8.185,8.1764,8.1764,3700
450,8.185,8.19,8.18,8.18,1600
451,8.185,8.185,8.185,8.185,600
452,8.17,8.185,8.17,8.185,4852
453,8.115,8.175,8.115,8.175,17100
454,8.11,8.12,8.11,8.115,3774
455,8.105,8.105,8.1,8.105,4027
456,8.105,8.105,8.1,8.105,1800
457,8.085,8.11,8.05,8.105,7503
458,8.085,8.09,8.08,8.08,1600
459,8.085,8.09,8.08,8.0847,2013
460,8.07,8.09,8.06,8.085,8700
461,8.06,8.0799,8.06,8.06,13272
462,8.065,8.065,8.05,8.0501,3964
463,8.075,8.077,8.065,8.065,7163
464,8.08,8.08,8.07,8.075,2100
465,8.0801,8.09,8.075,8.075,13013
466,8.05,8.075,8.04,8.075,8601
467,8.03,8.06,8.03,8.06,5343
468,8.01,8.04,8.01,8.035,5797
469,8.005,8.01,7.99,8.01,15601
470,8,8.01,8,8.01,7550
471,8,8.04,8,8.005,43000
864,8.01,8.01,8.01,8.01,777
865,8.0191,8.05,8.0191,8.05,600
866,8.03,8.1,8.02,8.05,6181
867,8.04,8.04,8.02,8.04,3150
868,8.04,8.05,8,8.04,6760
869,8.03,8.05,8.03,8.04,1800
870,8.035,8.05,8.03,8.035,3900
871,7.96,8.02,7.95,8.02,4872
872,7.9108,7.965,7.9,7.96,8200
873,7.92,7.92,7.9,7.9,1246
874,7.95,7.97,7.92,7.92,9400
875,8,8.01,7.955,7.955,2200
876,8,8.015,7.97,8,14631
877,8.01,8.0199,7.9905,8,2175
878,8.01,8.02,8,8,1300
879,7.995,8.01,7.99,8.01,4303
880,7.98,7.99,7.975,7.99,2800
881,7.995,7.995,7.97,7.975,2502
882,7.995,8,7.995,7.995,1100
883,7.9875,8,7.98,7.995,3300
884,7.99,7.995,7.99,7.99,500
885,7.985,8,7.98,7.995,2000
886,7.98,7.985,7.975,7.985,2800
887,7.98,7.98,7.97,7.975,500
888,7.985,7.99,7.975,7.975,4017
889,7.99,7.995,7.99,7.99,1500
890,7.985,7.995,7.975,7.99,10338
891,7.98,7.99,7.98,7.985,3800
892,7.99,7.99,7.98,7.99,3825
893,7.94,8.01,7.93,8,31310
894,7.95,7.955,7.9,7.945,13847
895,7.95,7.96,7.94,7.945,11159
896,7.96,7.96,7.94,7.945,6957
897,7.9501,7.96,7.94,7.955,7100
898,7.935,7.94,7.93,7.94,5207
899,7.94,7.95,7.935,7.935,5500
900,7.995,8.01,7.94,7.94,10250
901,7.99,8,7.99,7.995,10173
902,7.99,8,7.98,7.989,10100
903,7.99,8.02,7.98,8,61820
a1495546200,8.04,8.04,8.04,8.04,1359
1,8,8.08,8,8.08,4100
2,7.96,8.01,7.96,8,6500
3,8.01,8.01,7.97,7.97,3400
4,8.015,8.015,8,8,2009
5,7.97,8.015,7.97,8.015,2700
6,7.985,7.985,7.97,7.97,1300
7,7.97,7.985,7.9689,7.98,5800
8,7.985,7.99,7.96,7.965,2900
9,7.985,7.99,7.98,7.985,5201
10,8.005,8.01,7.98,7.985,5973
11,8,8.01,8,8.01,1500
12,8.04,8.06,8.005,8.005,4390
13,8.045,8.05,8.04,8.045,5300
14,8.05,8.06,8.04,8.04,3319
15,8.105,8.105,8.06,8.06,2600
16,8.1,8.105,8.1,8.1,2400
17,8.105,8.105,8.1,8.1,1800
18,8.06,8.1,8.06,8.1,3100
19,8.06,8.065,8.05,8.055,2873
20,8.04,8.06,8.04,8.06,2200
21,8.05,8.05,8,8.04,5600
22,8.04,8.05,8.03,8.05,2800
23,8.05,8.05,8.04,8.04,3500
24,8.05,8.05,8.03,8.04,3302
25,8.045,8.05,8.04,8.045,2400
26,8.04,8.05,8.04,8.04,1830
27,8.07,8.07,8.04,8.045,19877
28,8.12,8.1261,8.065,8.065,9900
29,8.12,8.13,8.12,8.13,2923
30,8.12,8.13,8.12,8.13,2100
31,8.125,8.13,8.12,8.125,5800
32,8.135,8.14,8.125,8.125,4115
33,8.105,8.13,8.105,8.13,5747
34,8.11,8.12,8.1,8.1,3900
35,8.09,8.12,8.09,8.115,4419
36,8.095,8.1,8.09,8.09,3500
37,8.1,8.1,8.09,8.095,8668
38,8.095,8.1,8.09,8.095,4100
39,8.13,8.13,8.075,8.095,33173
144,8.12,8.12,8.12,8.12,1085
145,8.14,8.22,8.14,8.21,1100
146,8.06,8.18,8.06,8.14,3851
147,8.1,8.14,8.07,8.09,1300
148,8.14,8.14,8.085,8.13,1180
149,8.17,8.17,8.15,8.15,500
150,8.21,8.21,8.19,8.19,200
151,8.25,8.25,8.22,8.22,920
152,8.3,8.3,8.255,8.255,3200
153,8.31,8.31,8.2975,8.3,800
154,8.35,8.37,8.31,8.31,2501
155,8.35,8.36,8.3416,8.3416,1200
156,8.375,8.38,8.35,8.35,6285
157,8.41,8.41,8.39,8.39,2708
158,8.38,8.4101,8.37,8.41,10700
159,8.375,8.4,8.32,8.4,4900
160,8.395,8.4,8.37,8.37,1900
161,8.384,8.39,8.38,8.39,2450
162,8.395,8.4,8.39,8.39,1600
163,8.44,8.44,8.4,8.4,7700
164,8.43,8.44,8.43,8.44,2200
165,8.405,8.43,8.4,8.43,2400
166,8.38,8.405,8.38,8.405,1500
167,8.38,8.4,8.38,8.385,2960
168,8.35,8.3702,8.34,8.37,2800
169,8.38,8.38,8.355,8.355,900
170,8.38,8.38,8.37,8.37,700
171,8.37,8.37,8.35,8.37,3200
172,8.35,8.37,8.35,8.37,1200
173,8.37,8.37,8.36,8.36,300
174,8.37,8.37,8.36,8.36,900
175,8.32,8.36,8.32,8.36,6100
176,8.35,8.35,8.33,8.33,2113
177,8.34,8.34,8.335,8.34,1000
178,8.34,8.35,8.33,8.345,1200
179,8.35,8.36,8.35,8.35,1900
180,8.34,8.35,8.33,8.35,1484
181,8.405,8.41,8.34,8.34,10055
182,8.42,8.42,8.4,8.42,4937
183,8.44,8.45,8.41,8.42,38560
288,8.47,8.47,8.47,8.47,2758
289,8.42,8.42,8.42,8.42,314
290,8.43,8.48,8.41,8.41,2010
291,8.43,8.43,8.43,8.43,100
292,8.48,8.48,8.44,8.46,1200
293,8.43,8.5,8.43,8.48,1611
294,8.43,8.48,8.43,8.44,2300
295,8.44,8.46,8.44,8.46,500
296,8.42,8.42,8.42,8.42,200
297,8.4,8.42,8.4,8.42,1000
298,8.4,8.41,8.37,8.41,1764
299,8.39,8.4,8.39,8.39,900
300,8.38,8.39,8.38,8.38,1000
301,8.33,8.36,8.33,8.36,2020
302,8.33,8.35,8.325,8.35,1602
303,8.32,8.32,8.32,8.32,200
304,8.27,8.3,8.27,8.3,1900
305,8.26,8.28,8.26,8.28,600
306,8.25,8.289,8.25,8.27,2436
307,8.26,8.26,8.24,8.26,563
308,8.25,8.25,8.24,8.25,300
309,8.26,8.26,8.26,8.26,100
310,8.25,8.25,8.25,8.25,300
311,8.24,8.25,8.24,8.25,600
312,8.23,8.25,8.23,8.23,400
313,8.23,8.23,8.23,8.23,200
314,8.25,8.25,8.23,8.23,300
315,8.23,8.24,8.23,8.24,1100
316,8.24,8.25,8.24,8.245,3411
317,8.23,8.23,8.23,8.23,104
318,8.27,8.27,8.23,8.24,3697
319,8.27,8.28,8.26,8.28,600
320,8.27,8.27,8.26,8.265,1811
321,8.27,8.27,8.27,8.27,200
322,8.25,8.28,8.25,8.275,2300
323,8.26,8.26,8.25,8.25,501
324,8.255,8.26,8.25,8.26,1000
325,8.265,8.27,8.25,8.25,3526
326,8.2899,8.34,8.26,8.27,17054
327,8.31,8.31,8.28,8.29,23873
432,8.28,8.28,8.28,8.28,268
433,8.29,8.29,8.2,8.29,500
434,8.3,8.3,8.21,8.22,1600
435,8.3,8.3,8.3,8.3,100
436,8.22,8.3,8.22,8.3,3404
437,8.21,8.22,8.2,8.22,500
438,8.19,8.2123,8.19,8.21,1500
439,8.28,8.28,8.2,8.2,7083
440,8.28,8.28,8.27,8.27,300
441,8.28,8.29,8.28,8.28,800
442,8.31,8.31,8.28,8.28,2800
443,8.35,8.35,8.33,8.33,300
444,8.37,8.37,8.34,8.34,1500
445,8.375,8.38,8.375,8.38,200
446,8.38,8.39,8.38,8.38,600
447,8.385,8.39,8.385,8.39,900
448,8.39,8.39,8.385,8.385,900
449,8.42,8.42,8.39,8.39,1200
450,8.43,8.43,8.42,8.42,1300
451,8.42,8.42,8.42,8.42,100
452,8.46,8.46,8.43,8.43,1000
453,8.4,8.45,8.3901,8.45,5500
454,8.42,8.42,8.4,8.4,1214
455,8.45,8.45,8.42,8.42,1100
456,8.45,8.45,8.45,8.45,200
457,8.43,8.45,8.43,8.45,2100
458,8.43,8.44,8.42,8.43,919
459,8.43,8.43,8.42,8.42,558
460,8.43,8.43,8.42,8.42,1781
461,8.4178,8.44,8.41,8.44,3393
462,8.42,8.42,8.42,8.42,300
463,8.41,8.425,8.41,8.425,1900
464,8.4,8.41,8.4,8.41,500
465,8.41,8.41,8.4,8.4,1300
466,8.38,8.41,8.38,8.4,3263
467,8.405,8.405,8.38,8.38,1600
468,8.415,8.42,8.41,8.41,980
469,8.39,8.42,8.39,8.415,3100
470,8.42,8.43,8.4,8.4,8330
471,8.43,8.46,8.41,8.43,21821
a1496151000,8.45,8.45,8.45,8.45,3030
1,8.45,8.4923,8.45,8.48,2523
2,8.45,8.46,8.45,8.455,1900
3,8.45,8.45,8.45,8.45,2800
4,8.45,8.45,8.445,8.45,2914
5,8.45,8.455,8.45,8.45,2300
6,8.45,8.49,8.45,8.45,2200
7,8.47,8.47,8.45,8.45,500
8,8.48,8.48,8.48,8.48,102
9,8.48,8.48,8.48,8.48,500
10,8.505,8.505,8.47,8.47,2250
12,8.5,8.5,8.49,8.49,900
13,8.4801,8.5,8.4801,8.5,550
14,8.5,8.5,8.49,8.4903,2050
15,8.5101,8.515,8.51,8.51,3100
16,8.53,8.53,8.515,8.515,3046
17,8.53,8.53,8.53,8.53,100
18,8.53,8.53,8.53,8.53,1400
19,8.54,8.54,8.54,8.54,100
20,8.53,8.54,8.53,8.54,1500
21,8.53,8.53,8.53,8.53,600
22,8.53,8.53,8.53,8.53,400
23,8.53,8.53,8.525,8.53,900
24,8.52,8.53,8.52,8.53,1300
25,8.53,8.53,8.52,8.52,500
26,8.52,8.53,8.51,8.53,2300
27,8.52,8.52,8.52,8.52,500
28,8.52,8.52,8.51,8.52,1700
29,8.52,8.52,8.52,8.52,1100
30,8.51,8.52,8.505,8.515,3186
31,8.52,8.52,8.505,8.51,800
32,8.52,8.52,8.515,8.52,700
33,8.55,8.55,8.52,8.52,1100
34,8.57,8.57,8.55,8.55,1400
35,8.56,8.57,8.56,8.57,1100
36,8.53,8.56,8.53,8.56,1300
37,8.52,8.53,8.52,8.53,200
38,8.51,8.525,8.51,8.525,2686
39,8.5,8.51,8.49,8.5,10997
144,8.52,8.52,8.52,8.52,145
145,8.5125,8.5125,8.5125,8.5125,300
146,8.52,8.55,8.48,8.55,6308
147,8.5,8.51,8.47,8.5,9934
148,8.5,8.52,8.48,8.51,2505
149,8.46,8.48,8.45,8.48,1900
150,8.43,8.47,8.42,8.46,1800
151,8.4,8.43,8.4,8.43,1200
152,8.41,8.41,8.4,8.4,11707
153,8.42,8.43,8.415,8.415,2385
154,8.43,8.44,8.43,8.43,1400
155,8.43,8.43,8.41,8.43,4850
156,8.45,8.45,8.435,8.44,3838
157,8.45,8.45,8.435,8.44,5100
158,8.46,8.47,8.445,8.45,3202
159,8.48,8.49,8.46,8.46,1600
160,8.49,8.495,8.48,8.48,2800
161,8.47,8.49,8.47,8.49,1671
162,8.45,8.46,8.445,8.46,1944
163,8.45,8.46,8.44,8.44,3100
164,8.45,8.46,8.45,8.46,700
165,8.44,8.44,8.425,8.44,4600
166,8.44,8.44,8.44,8.44,1300
167,8.44,8.46,8.44,8.45,2000
168,8.44,8.45,8.44,8.45,500
169,8.45,8.45,8.435,8.44,3600
170,8.445,8.45,8.445,8.45,1000
171,8.46,8.46,8.439,8.445,2900
172,8.46,8.47,8.455,8.455,2200
173,8.46,8.46,8.45,8.46,1500
174,8.47,8.48,8.465,8.47,1800
175,8.48,8.49,8.47,8.48,1600
176,8.47,8.475,8.47,8.47,500
177,8.47,8.48,8.47,8.47,2200
178,8.485,8.49,8.47,8.47,2826
179,8.51,8.51,8.485,8.485,2700
180,8.5,8.51,8.495,8.51,2085
181,8.485,8.51,8.485,8.51,3800
182,8.5,8.5,8.485,8.49,4360
183,8.5,8.5,8.48,8.495,29030
288,8.5,8.5,8.5,8.5,2176
289,8.54,8.54,8.4244,8.48,3200
290,8.55,8.55,8.51,8.51,1935
292,8.49,8.54,8.48,8.52,7539
293,8.5,8.51,8.485,8.49,4700
294,8.49,8.52,8.48,8.51,1965
295,8.45,8.5,8.44,8.48,21315
296,8.42,8.45,8.41,8.45,10300
297,8.4,8.41,8.36,8.41,4199
298,8.41,8.41,8.39,8.39,1700
299,8.405,8.42,8.4,8.41,2099
300,8.41,8.41,8.395,8.395,1900
301,8.43,8.43,8.4,8.41,2700
302,8.43,8.43,8.43,8.43,400
303,8.4533,8.4575,8.43,8.43,2300
304,8.46,8.46,8.44,8.4587,1961
305,8.47,8.48,8.46,8.48,1300
306,8.47,8.49,8.47,8.48,7411
307,8.44,8.46,8.44,8.45,1400
308,8.465,8.465,8.44,8.44,2600
309,8.44,8.47,8.44,8.47,800
310,8.42,8.44,8.41,8.44,1379
311,8.44,8.44,8.425,8.4269,4500
312,8.445,8.445,8.44,8.44,1100
313,8.425,8.445,8.425,8.445,3900
314,8.43,8.44,8.425,8.43,1700
315,8.43,8.43,8.42,8.43,2000
316,8.45,8.45,8.43,8.43,5500
317,8.44,8.46,8.44,8.445,2877
318,8.44,8.45,8.435,8.45,4906
319,8.43,8.44,8.425,8.43,6500
320,8.45,8.45,8.44,8.44,2503
321,8.46,8.46,8.45,8.45,2900
322,8.44,8.46,8.43,8.46,5109
323,8.46,8.46,8.4399,8.44,5120
324,8.4737,8.48,8.4661,8.47,3440
325,8.515,8.52,8.48,8.48,3747
326,8.51,8.53,8.49,8.52,9610
327,8.52,8.54,8.5,8.51,26670
432,8.52,8.52,8.52,8.52,503
433,8.67,8.72,8.52,8.52,3981
434,8.65,8.7,8.6,8.68,8776
435,8.63,8.65,8.62,8.65,2400
436,8.62,8.65,8.61,8.64,3300
437,8.61,8.66,8.61,8.63,6941
438,8.66,8.66,8.62,8.63,2805
439,8.65,8.66,8.64,8.66,2000
440,8.65,8.65,8.63,8.64,2200
441,8.63,8.66,8.63,8.66,2200
442,8.61,8.65,8.61,8.64,1604
443,8.63,8.63,8.6,8.61,2300
444,8.62,8.62,8.6,8.62,3200
445,8.66,8.66,8.61,8.61,1700
446,8.72,8.72,8.65,8.66,15915
447,8.74,8.75,8.72,8.72,3512
448,8.67,8.75,8.65,8.75,7928
449,8.69,8.69,8.65,8.67,2187
450,8.68,8.69,8.67,8.69,1900
451,8.65,8.68,8.65,8.68,1100
452,8.63,8.63,8.63,8.63,300
453,8.64,8.64,8.63,8.63,991
454,8.66,8.66,8.64,8.65,1600
455,8.66,8.66,8.66,8.66,400
456,8.67,8.69,8.67,8.67,300
457,8.68,8.6901,8.68,8.68,3218
458,8.68,8.68,8.67,8.67,800
459,8.67,8.68,8.67,8.68,1300
460,8.68,8.69,8.67,8.67,4735
461,8.71,8.71,8.665,8.67,1800
462,8.705,8.72,8.705,8.72,2726
463,8.71,8.72,8.71,8.71,400
464,8.695,8.71,8.695,8.71,2100
465,8.71,8.75,8.695,8.695,4288
466,8.715,8.72,8.71,8.71,1773
467,8.695,8.72,8.69,8.72,3847
468,8.7,8.705,8.69,8.69,2200
469,8.67,8.7,8.67,8.69,4441
470,8.62,8.69,8.62,8.67,3100
471,8.65,8.68,8.62,8.64,18659
864,8.63,8.63,8.63,8.63,450
865,8.62,8.63,8.62,8.63,300
866,8.62,8.63,8.62,8.63,400
867,8.63,8.64,8.6,8.6,400
868,8.62,8.62,8.62,8.62,100
870,8.63,8.64,8.61,8.61,600
871,8.63,8.63,8.63,8.63,100
872,8.665,8.6769,8.65,8.65,1589
873,8.68,8.68,8.66,8.67,1000
874,8.67,8.68,8.66,8.68,2100
875,8.69,8.69,8.68,8.68,900
876,8.65,8.685,8.645,8.685,2598
877,8.6599,8.66,8.65,8.66,800
878,8.65,8.655,8.64,8.655,3308
879,8.6799,8.68,8.65,8.655,1018
880,8.6899,8.69,8.667,8.667,3449
881,8.6899,8.6899,8.6899,8.6899,300
882,8.6899,8.6899,8.68,8.6899,400
883,8.68,8.69,8.66,8.67,2500
884,8.68,8.68,8.68,8.68,100
885,8.7,8.72,8.69,8.7,6200
886,8.6999,8.701,8.69,8.7,1376
887,8.6999,8.7,8.685,8.69,1900
888,8.67,8.6999,8.67,8.6999,1317
889,8.68,8.69,8.67,8.69,2522
890,8.66,8.69,8.65,8.68,3400
891,8.68,8.68,8.67,8.67,500
892,8.68,8.6999,8.67,8.68,1702
893,8.6999,8.6999,8.68,8.6999,400
894,8.7099,8.7099,8.68,8.6999,500
895,8.69,8.71,8.69,8.71,1600
896,8.69,8.69,8.6899,8.69,700
897,8.68,8.7,8.68,8.7,800
898,8.7,8.7,8.68,8.68,1400
899,8.71,8.71,8.68,8.7,3891
900,8.72,8.72,8.7,8.71,3290
901,8.7,8.72,8.7,8.7199,6800
902,8.695,8.72,8.69,8.7,12717
903,8.7,8.71,8.69,8.7,23061
a1496755800,8.62,8.62,8.62,8.62,858
2,8.68,8.7,8.63,8.68,3300
3,8.69,8.69,8.68,8.68,400
4,8.66,8.68,8.66,8.67,615
5,8.65,8.66,8.64,8.65,700
6,8.65,8.66,8.63,8.645,900
7,8.615,8.64,8.59,8.62,6589
8,8.595,8.63,8.57,8.59,2051
9,8.61,8.63,8.59,8.6009,1889
10,8.59,8.59,8.58,8.5896,2510
11,8.605,8.64,8.58,8.59,5900
12,8.63,8.63,8.59,8.605,2600
13,8.63,8.63,8.63,8.63,900
14,8.65,8.65,8.65,8.65,500
15,8.645,8.67,8.645,8.65,1000
16,8.65,8.67,8.64,8.64,1100
17,8.65,8.67,8.65,8.65,1050
18,8.645,8.65,8.645,8.65,800
19,8.64,8.66,8.63,8.645,2600
20,8.65,8.65,8.63,8.643,1050
21,8.65,8.65,8.63,8.64,500
22,8.68,8.68,8.64,8.64,1400
23,8.69,8.69,8.66,8.66,300
24,8.68,8.69,8.66,8.68,1754
25,8.68,8.69,8.67,8.69,1200
26,8.68,8.69,8.68,8.68,600
27,8.72,8.72,8.68,8.68,2001
28,8.72,8.72,8.71,8.72,600
29,8.75,8.75,8.74,8.74,567
30,8.73,8.76,8.73,8.74,800
31,8.72,8.74,8.71,8.71,1300
32,8.73,8.75,8.72,8.74,1100
33,8.75,8.76,8.73,8.73,1600
34,8.73,8.76,8.73,8.75,1100
35,8.725,8.74,8.71,8.73,1000
36,8.73,8.74,8.72,8.74,2300
37,8.71,8.73,8.71,8.73,2205
38,8.7,8.725,8.69,8.72,3800
39,8.71,8.72,8.69,8.69,17723
144,8.72,8.72,8.72,8.72,367
145,8.74,8.74,8.61,8.72,4000
146,8.8,8.8,8.78,8.78,600
147,8.77,8.77,8.75,8.75,300
148,8.71,8.77,8.71,8.77,300
149,8.72,8.75,8.72,8.75,6342
150,8.74,8.75,8.715,8.72,10850
151,8.75,8.75,8.71,8.74,1882
152,8.775,8.78,8.73,8.75,2700
153,8.79,8.8,8.78,8.78,2400
154,8.91,8.91,8.83,8.83,16000
155,8.99,9,8.95,8.95,4876
156,8.98,8.99,8.97,8.99,1900
157,8.94,8.97,8.94,8.97,1500
158,8.9,8.96,8.9,8.96,2700
159,8.885,8.91,8.885,8.9,1300
160,8.87,8.89,8.87,8.89,714
161,8.81,8.84,8.81,8.84,800
162,8.87,8.87,8.83,8.83,2600
163,8.81,8.87,8.81,8.87,700
164,8.8,8.8,8.79,8.8,800
165,8.83,8.83,8.78,8.78,1000
166,8.8115,8.83,8.8115,8.83,595
167,8.81,8.83,8.81,8.8101,700
168,8.81,8.81,8.79,8.79,1600
169,8.77,8.8,8.77,8.8,300
170,8.75,8.77,8.75,8.75,400
171,8.74,8.75,8.74,8.75,600
172,8.725,8.73,8.72,8.72,300
173,8.73,8.735,8.73,8.735,700
174,8.745,8.745,8.73,8.73,1000
175,8.75,8.76,8.74,8.75,2684
176,8.77,8.77,8.73,8.74,1600
177,8.74,8.76,8.74,8.76,1400
178,8.73,8.74,8.73,8.74,600
179,8.75,8.75,8.725,8.73,2100
180,8.755,8.755,8.74,8.75,1000
181,8.74,8.77,8.73,8.75,2466
182,8.74,8.77,8.74,8.74,4600
183,8.74,8.76,8.73,8.74,14650
288,8.69,8.71,8.69,8.71,613
289,8.73,8.8553,8.7,8.7,8900
290,8.75,8.83,8.73,8.73,1500
291,8.8,8.8,8.7609,8.7609,790
292,8.78,8.87,8.775,8.7799,4228
293,8.79,8.79,8.72,8.73,2000
294,8.76,8.7899,8.76,8.7899,1600
295,8.785,8.785,8.76,8.76,1700
296,8.78,8.8,8.78,8.8,1002
297,8.76,8.7668,8.74,8.7668,1561
298,8.77,8.77,8.74,8.745,400
299,8.74,8.74,8.74,8.74,200
300,8.74,8.74,8.74,8.74,200
301,8.76,8.76,8.74,8.75,649
302,8.78,8.79,8.76,8.77,2300
303,8.805,8.81,8.775,8.775,5443
304,8.8,8.82,8.8,8.82,600
305,8.8,8.82,8.8,8.82,1500
306,8.79,8.82,8.79,8.8,500
307,8.84,8.84,8.8,8.81,1700
308,8.825,8.84,8.81,8.835,900
309,8.86,8.86,8.825,8.84,1200
310,8.88,8.885,8.84,8.86,2293
311,8.935,8.935,8.905,8.905,900
312,8.88,8.925,8.88,8.91,1800
313,8.88,8.9,8.88,8.9,1761
314,8.88,8.9,8.88,8.88,1300
315,8.865,8.88,8.86,8.87,700
316,8.84,8.87,8.84,8.85,1000
317,8.84,8.84,8.84,8.84,100
318,8.82,8.83,8.82,8.83,300
319,8.86,8.86,8.81,8.81,1800
320,8.86,8.86,8.84,8.84,869
321,8.84,8.86,8.84,8.85,900
322,8.85,8.87,8.85,8.86,1300
323,8.84,8.88,8.84,8.8528,5300
324,8.84,8.86,8.84,8.85,1200
325,8.85,8.86,8.83,8.84,9099
326,8.81,8.86,8.81,8.86,4800
327,8.82,8.83,8.8,8.83,27860
432,8.83,8.83,8.83,8.83,400
433,8.95,8.95,8.94,8.94,200
434,8.8767,8.9,8.81,8.9,1212
435,8.86,8.89,8.86,8.89,2750
436,8.875,8.9,8.85,8.85,2000
437,8.9,8.92,8.875,8.875,1460
438,8.94,8.95,8.92,8.92,800
439,8.925,8.95,8.91,8.95,1400
440,8.94,8.96,8.94,8.96,828
441,8.92,8.93,8.905,8.93,500
442,8.94,8.96,8.93,8.93,900
443,8.94,8.95,8.93,8.95,2400
444,8.93,8.93,8.92,8.93,300
445,8.93,8.93,8.9147,8.9147,300
446,8.975,8.975,8.94,8.94,800
447,8.9768,8.98,8.9768,8.98,211
448,8.97,8.97,8.95,8.97,1400
449,8.88,8.96,8.88,8.96,1500
450,8.87,8.9,8.87,8.9,800
451,8.87,8.89,8.87,8.87,800
452,8.84,8.855,8.84,8.855,200
453,8.885,8.9,8.88,8.88,1400
455,8.8,8.84,8.8,8.84,900
456,8.85,8.85,8.81,8.82,2400
457,8.78,8.83,8.75,8.83,3100
458,8.76,8.78,8.725,8.7501,14600
459,8.75,8.76,8.715,8.76,5400
460,8.77,8.77,8.73,8.74,1500
461,8.74,8.76,8.74,8.76,900
462,8.73,8.76,8.72,8.74,2200
463,8.73,8.735,8.72,8.73,4500
464,8.73,8.74,8.71,8.73,11400
465,8.75,8.75,8.72,8.73,6216
466,8.75,8.76,8.73,8.75,1900
467,8.78,8.79,8.75,8.75,2439
468,8.82,8.82,8.81,8.81,1500
469,8.79,8.81,8.78,8.81,1000
470,8.75,8.785,8.75,8.78,4016
471,8.78,8.8,8.75,8.75,28465
864,8.8,8.8,8.8,8.8,1091
865,8.73,8.81,8.62,8.62,3860
866,8.78,8.78,8.72,8.73,6800
867,8.77,8.77,8.72,8.73,1700
868,8.75,8.77,8.73,8.77,2600
869,8.82,8.82,8.75,8.75,2200
870,8.83,8.86,8.83,8.84,900
871,8.82,8.84,8.79,8.84,2650
872,8.78,8.82,8.78,8.82,4283
873,8.75,8.8,8.75,8.79,2290
874,8.74,8.75,8.73,8.75,1500
875,8.75,8.77,8.75,8.75,1720
876,8.75,8.76,8.73,8.75,2400
877,8.73,8.76,8.73,8.76,1700
878,8.715,8.73,8.7,8.715,1009
879,8.73,8.73,8.7,8.7,14700
880,8.7,8.73,8.68,8.72,2100
881,8.73,8.745,8.71,8.71,900
882,8.7,8.7,8.69,8.7,2400
883,8.72,8.72,8.7,8.7,2500
884,8.71,8.71,8.71,8.71,400
885,8.7,8.7,8.695,8.7,1600
886,8.71,8.71,8.7,8.7,1100
887,8.71,8.72,8.7,8.7,500
888,8.7,8.7,8.695,8.7,1200
889,8.7,8.7,8.695,8.7,1200
890,8.72,8.74,8.702,8.705,3750
891,8.7,8.72,8.695,8.71,3256
892,8.7,8.705,8.7,8.705,1500
893,8.7,8.7,8.7,8.7,3600
894,8.7,8.7,8.7,8.7,800
895,8.73,8.73,8.7,8.7,1900
896,8.7,8.72,8.7,8.72,2400
897,8.71,8.72,8.71,8.71,1510
898,8.7,8.705,8.7,8.705,400
899,8.71,8.71,8.7,8.71,1700
900,8.7,8.72,8.69,8.7,5800
901,8.71,8.72,8.7,8.7,2500
902,8.735,8.74,8.7,8.71,6097
903,8.74,8.76,8.71,8.74,20037
a1497360600,8.76,8.76,8.76,8.76,324
1,8.7555,8.78,8.72,8.78,800
2,8.85,8.85,8.79,8.81,700
3,8.74,8.76,8.74,8.76,200
4,8.73,8.74,8.715,8.73,1100
5,8.69,8.73,8.67,8.725,4000
6,8.675,8.69,8.65,8.675,900
7,8.655,8.68,8.61,8.68,7603
8,8.64,8.65,8.59,8.65,3100
9,8.67,8.67,8.6399,8.64,2400
10,8.7,8.7,8.655,8.67,2600
11,8.73,8.73,8.72,8.72,1900
12,8.73,8.75,8.73,8.75,1200
13,8.71,8.7346,8.71,8.73,1668
14,8.72,8.73,8.71,8.71,605
15,8.73,8.73,8.71,8.72,2300
16,8.73,8.731,8.72,8.725,1700
17,8.7,8.73,8.7,8.73,800
18,8.67,8.7,8.67,8.7,400
19,8.71,8.71,8.685,8.685,1011
20,8.74,8.74,8.71,8.71,600
21,8.71,8.74,8.71,8.74,1400
22,8.69,8.72,8.69,8.72,600
23,8.71,8.71,8.71,8.71,200
24,8.695,8.7,8.695,8.7,700
25,8.71,8.71,8.69,8.69,1400
26,8.7,8.715,8.7,8.7,1700
27,8.74,8.74,8.6925,8.7,6600
28,8.75,8.75,8.75,8.75,100
29,8.73,8.74,8.73,8.74,600
30,8.72,8.72,8.71,8.72,400
31,8.73,8.73,8.72,8.72,400
32,8.72,8.72,8.72,8.72,100
33,8.72,8.72,8.71,8.72,900
35,8.71,8.71,8.71,8.71,300
36,8.705,8.705,8.705,8.705,100
37,8.7,8.72,8.7,8.705,3200
38,8.685,8.71,8.68,8.7,5484
39,8.68,8.68,8.66,8.68,9790
144,8.7,8.7,8.7,8.7,302
145,8.6,8.7,8.6,8.68,14980
146,8.73,8.73,8.54,8.59,4400
147,8.7,8.71,8.7,8.71,900
148,8.68,8.69,8.67,8.69,15357
149,8.65,8.69,8.64,8.675,8900
150,8.65,8.65,8.645,8.65,600
151,8.67,8.68,8.65,8.65,2946
152,8.6515,8.67,8.6515,8.66,900
153,8.61,8.655,8.61,8.655,2500
154,8.64,8.65,8.6,8.62,3600
155,8.61,8.61,8.6,8.6,750
156,8.63,8.64,8.62,8.62,1000
157,8.64,8.64,8.6399,8.64,300
158,8.63,8.64,8.63,8.63,700
159,8.64,8.64,8.64,8.64,400
160,8.61,8.66,8.61,8.66,1100
161,8.58,8.6,8.56,8.6,700
162,8.59,8.59,8.57,8.58,1900
163,8.59,8.59,8.59,8.59,100
164,8.61,8.61,8.59,8.59,1000
166,8.63,8.64,8.63,8.63,1000
167,8.64,8.64,8.63,8.63,600
168,8.64,8.64,8.64,8.64,100
169,8.66,8.66,8.64,8.64,1266
170,8.65,8.66,8.65,8.65,457
171,8.61,8.65,8.61,8.65,600
172,8.63,8.63,8.615,8.63,900
173,8.62,8.64,8.605,8.64,2900
174,8.61,8.61,8.61,8.61,100
175,8.6,8.62,8.6,8.62,1800
176,8.63,8.63,8.555,8.59,5000
177,8.64,8.66,8.62,8.62,1500
178,8.63,8.64,8.61,8.64,1400
179,8.63,8.63,8.61,8.61,5600
180,8.67,8.67,8.62,8.63,6327
181,8.66,8.68,8.63,8.68,4625
182,8.69,8.69,8.655,8.66,4119
183,8.65,8.69,8.65,8.69,14759
288,8.53,8.53,8.53,8.53,871
289,8.7,8.7,8.63,8.67,3988
290,8.67,8.71,8.62,8.68,3500
291,8.72,8.72,8.68,8.7,1300
292,8.72,8.73,8.72,8.73,500
293,8.625,8.7,8.625,8.7,1546
294,8.63,8.65,8.62,8.63,900
295,8.635,8.65,8.635,8.65,700
296,8.64,8.64,8.61,8.63,1200
297,8.66,8.66,8.62,8.63,2500
298,8.645,8.67,8.64,8.64,2100
299,8.595,8.61,8.595,8.61,2577
300,8.6,8.62,8.595,8.595,600
301,8.6,8.62,8.59,8.59,2500
302,8.575,8.59,8.575,8.59,500
303,8.56,8.575,8.56,8.575,800
304,8.555,8.57,8.55,8.56,1000
305,8.55,8.55,8.55,8.55,600
306,8.555,8.57,8.53,8.53,3000
307,8.58,8.58,8.56,8.57,400
308,8.56,8.58,8.56,8.58,1300
309,8.59,8.59,8.57,8.59,500
310,8.64,8.64,8.61,8.61,500
311,8.57,8.64,8.57,8.64,1000
312,8.56,8.57,8.56,8.57,400
313,8.61,8.61,8.55,8.55,1000
314,8.6279,8.6279,8.61,8.61,400
315,8.62,8.63,8.61,8.615,900
316,8.615,8.62,8.61,8.61,300
317,8.62,8.62,8.615,8.615,600
318,8.63,8.63,8.61,8.615,600
319,8.59,8.62,8.59,8.62,1000
320,8.62,8.63,8.58,8.59,2100
321,8.61,8.63,8.61,8.63,1000
322,8.63,8.63,8.6,8.62,2978
323,8.66,8.66,8.64,8.64,1200
324,8.66,8.66,8.65,8.65,1200
325,8.62,8.66,8.62,8.66,3580
326,8.645,8.66,8.61,8.61,5461
327,8.71,8.71,8.645,8.65,18929
432,8.61,8.61,8.61,8.61,49997
433,8.62,8.64,8.61,8.61,1140
434,8.68,8.68,8.55,8.625,6156
435,8.68,8.69,8.64,8.64,600
436,8.635,8.66,8.62,8.66,525
437,8.62,8.64,8.61,8.635,3327
438,8.69,8.69,8.62,8.62,2500
439,8.65,8.69,8.63,8.69,2125
440,8.66,8.68,8.65,8.65,1400
441,8.635,8.66,8.62,8.66,4000
442,8.62,8.66,8.62,8.65,4659
443,8.61,8.62,8.58,8.62,1200
444,8.58,8.62,8.58,8.61,1400
445,8.59,8.6,8.57,8.58,2287
446,8.58,8.59,8.58,8.59,3000
447,8.59,8.595,8.59,8.59,2400
448,8.6,8.61,8.59,8.6,1800
449,8.57,8.6,8.57,8.6,2600
450,8.55,8.56,8.55,8.56,400
451,8.56,8.56,8.54,8.55,700
452,8.55,8.55,8.54,8.55,800
453,8.58,8.58,8.53,8.54,4787
454,8.58,8.58,8.57,8.58,900
455,8.555,8.57,8.555,8.57,900
456,8.56,8.56,8.54,8.555,1100
457,8.56,8.57,8.55,8.555,1400
458,8.59,8.59,8.57,8.57,2000
459,8.66,8.66,8.58,8.58,3108
460,8.66,8.67,8.64,8.65,1700
461,8.66,8.66,8.66,8.66,1000
462,8.67,8.67,8.65,8.66,800
463,8.69,8.71,8.67,8.67,1010
464,8.7,8.7,8.6999,8.6999,500
465,8.68,8.7,8.68,8.7,1000
466,8.69,8.69,8.67,8.69,1200
467,8.67,8.67,8.65,8.67,4600
468,8.73,8.73,8.67,8.67,3000
469,8.72,8.77,8.71,8.73,9695
470,8.69,8.73,8.68,8.72,14215
471,8.77,8.79,8.7,8.7,98335
864,8.81,8.81,8.81,8.81,546
865,8.75,8.76,8.75,8.76,300
866,8.75,8.77,8.695,8.76,1700
867,8.75,8.82,8.75,8.765,2598
868,8.75,8.8,8.74,8.74,1500
869,8.725,8.8,8.725,8.8,1800
870,8.66,8.7,8.66,8.66,6749
871,8.7199,8.72,8.66,8.67,1915
872,8.66,8.7,8.66,8.7,1200
873,8.67,8.67,8.63,8.66,3000
874,8.66,8.66,8.66,8.66,2935
875,8.67,8.68,8.66,8.66,2200
876,8.665,8.67,8.655,8.66,7328
877,8.68,8.68,8.66,8.66,2600
878,8.71,8.71,8.71,8.71,700
879,8.68,8.71,8.68,8.71,700
880,8.67,8.67,8.66,8.66,1106
881,8.67,8.68,8.67,8.68,650
882,8.67,8.69,8.67,8.67,600
883,8.675,8.675,8.66,8.67,1300
884,8.685,8.69,8.685,8.69,600
885,8.695,8.7,8.68,8.7,1400
886,8.73,8.73,8.69,8.71,3250
887,8.76,8.81,8.74,8.74,3700
888,8.74,8.75,8.74,8.75,600
889,8.72,8.76,8.72,8.74,5100
890,8.69,8.72,8.67,8.71,1900
891,8.69,8.69,8.67,8.69,1300
892,8.76,8.76,8.706,8.709,16719
893,8.72,8.73,8.72,8.73,600
894,8.69,8.72,8.69,8.72,1700
895,8.68,8.7,8.67,8.67,1800
896,8.71,8.72,8.69,8.69,2600
897,8.7,8.7,8.7,8.7,200
898,8.68,8.7,8.67,8.7,2500
899,8.67,8.69,8.67,8.68,1693
900,8.68,8.69,8.66,8.67,3331
901,8.705,8.71,8.68,8.685,3580
902,8.695,8.72,8.69,8.705,4900
903,8.69,8.695,8.68,8.695,11158
a1497965400,8.67,8.67,8.67,8.67,570
1,8.66,8.71,8.64,8.71,4877
2,8.67,8.719,8.63,8.66,4328
3,8.7336,8.7336,8.7336,8.7336,500
4,8.66,8.673,8.66,8.66,5109
5,8.74,8.74,8.659,8.67,5300
7,8.7,8.72,8.7,8.72,1800
8,8.74,8.74,8.7,8.71,1600
10,8.75,8.75,8.75,8.75,100
11,8.73,8.73,8.72,8.72,900
12,8.7,8.73,8.7,8.73,800
13,8.68,8.7,8.68,8.7,700
14,8.68,8.69,8.67,8.67,900
15,8.685,8.685,8.66,8.68,3872
16,8.72,8.72,8.69,8.69,500
17,8.7,8.7,8.7,8.7,300
18,8.67,8.69,8.67,8.69,700
19,8.67,8.7,8.67,8.7,600
20,8.69,8.69,8.67,8.67,500
21,8.67,8.67,8.67,8.67,300
22,8.69,8.69,8.68,8.69,800
23,8.7,8.71,8.7,8.7,600
24,8.71,8.71,8.71,8.71,300
25,8.71,8.74,8.71,8.74,200
26,8.71,8.71,8.71,8.71,100
27,8.7,8.73,8.7,8.73,400
28,8.72,8.72,8.69,8.69,500
29,8.69,8.7,8.69,8.7,600
30,8.7,8.7,8.68,8.68,300
31,8.69,8.7,8.68,8.68,500
32,8.71,8.71,8.71,8.71,200
33,8.72,8.72,8.715,8.72,300
34,8.71,8.75,8.71,8.72,5219
35,8.73,8.75,8.73,8.73,4614
36,8.75,8.75,8.73,8.74,1000
37,8.79,8.79,8.73,8.73,7831
38,8.79,8.79,8.77,8.78,5281
39,8.79,8.8,8.78,8.78,14088
144,8.81,8.81,8.81,8.81,131
145,8.85,8.85,8.85,8.85,400
146,8.85,8.85,8.821,8.821,650
147,8.83,8.83,8.83,8.83,300
148,8.83,8.87,8.82,8.85,2793
149,8.78,8.82,8.78,8.82,1900
150,8.79,8.79,8.79,8.79,200
151,8.805,8.82,8.78,8.82,3300
152,8.86,8.86,8.82,8.82,1000
153,8.855,8.86,8.855,8.86,1000
154,8.84,8.85,8.82,8.84,1200
155,8.81,8.81,8.81,8.81,700
156,8.76,8.8,8.76,8.8,1000
157,8.74,8.77,8.74,8.77,1075
158,8.7,8.73,8.7,8.73,400
159,8.7,8.75,8.68,8.71,7500
160,8.67,8.71,8.67,8.68,700
161,8.68,8.69,8.67,8.6833,515
162,8.685,8.69,8.67,8.67,900
163,8.69,8.69,8.675,8.69,1600
164,8.68,8.69,8.68,8.69,300
165,8.69,8.69,8.67,8.67,500
166,8.67,8.67,8.67,8.67,600
167,8.67,8.69,8.67,8.67,600
168,8.685,8.69,8.67,8.68,400
169,8.67,8.7,8.67,8.7,500
170,8.69,8.69,8.67,8.67,400
171,8.67,8.67,8.65,8.66,3590
172,8.67,8.67,8.67,8.67,300
173,8.66,8.66,8.66,8.66,300
174,8.6601,8.67,8.66,8.67,400
175,8.68,8.68,8.66,8.66,1600
176,8.67,8.675,8.67,8.67,548
177,8.66,8.68,8.66,8.66,500
178,8.66,8.67,8.66,8.66,2596
179,8.68,8.68,8.66,8.66,2759
180,8.68,8.68,8.68,8.68,400
181,8.67,8.68,8.66,8.68,11050
182,8.66,8.69,8.66,8.68,3386
183,8.68,8.69,8.66,8.66,16101
288,8.64,8.64,8.64,8.64,912
289,8.71,8.73,8.62,8.66,5600
290,8.705,8.73,8.705,8.73,200
291,8.67,8.68,8.67,8.68,290
292,8.73,8.73,8.67,8.69,500
293,8.7,8.7,8.7,8.7,100
294,8.71,8.71,8.67,8.69,11957
295,8.705,8.71,8.705,8.71,1793
296,8.72,8.72,8.71,8.71,200
297,8.71,8.71,8.71,8.71,300
298,8.72,8.72,8.71,8.71,2140
299,8.72,8.72,8.71,8.71,300
300,8.7,8.71,8.7,8.71,699
301,8.71,8.71,8.68,8.7,500
302,8.67,8.69,8.67,8.69,800
303,8.67,8.67,8.66,8.66,1850
304,8.67,8.67,8.66,8.67,500
305,8.7,8.7,8.68,8.68,700
306,8.67,8.68,8.67,8.68,800
307,8.66,8.67,8.66,8.67,300
308,8.66,8.66,8.66,8.66,200
309,8.67,8.68,8.66,8.66,500
310,8.68,8.68,8.68,8.68,100
311,8.75,8.8,8.66,8.67,21117
312,8.74,8.7692,8.74,8.7692,5700
313,8.74,8.74,8.74,8.74,300
314,8.78,8.79,8.76,8.77,900
315,8.73,8.81,8.725,8.81,22079
316,8.735,8.74,8.72,8.72,300
317,8.74,8.74,8.74,8.74,400
318,8.75,8.76,8.735,8.735,5029
319,8.76,8.77,8.74,8.77,607
320,8.77,8.77,8.74,8.74,1300
321,8.78,8.79,8.76,8.78,900
322,8.79,8.79,8.79,8.79,100
323,8.775,8.8,8.76,8.8,1200
324,8.77,8.79,8.77,8.79,1000
325,8.75,8.77,8.75,8.76,1300
326,8.74,8.76,8.74,8.74,2264
327,8.74,8.75,8.72,8.74,12609
432,8.74,8.74,8.74,8.74,426
433,8.77,8.77,8.73,8.73,762
434,8.74,8.785,8.74,8.74,1234
435,8.76,8.77,8.73,8.73,2783
436,8.8,8.8,8.79,8.79,1789
437,8.87,8.87,8.82,8.82,800
438,8.91,8.92,8.87,8.87,1824
439,8.92,8.92,8.9,8.91,500
440,8.89,8.8983,8.89,8.8983,2300
441,8.88,8.88,8.878,8.878,1225
442,8.89,8.89,8.87,8.89,600
443,8.88,8.88,8.88,8.88,100
444,8.85,8.85,8.85,8.85,200
445,8.84,8.85,8.84,8.85,600
447,8.81,8.825,8.81,8.8245,351
448,8.82,8.82,8.8,8.8,200
449,8.795,8.8,8.78,8.8,700
450,8.81,8.81,8.81,8.81,200
451,8.74,8.79,8.74,8.79,2451
452,8.75,8.75,8.73,8.73,400
453,8.75,8.75,8.74,8.74,200
454,8.74,8.75,8.73,8.75,400
455,8.74,8.74,8.71,8.72,600
456,8.73,8.73,8.71,8.7241,1300
457,8.75,8.75,8.72,8.72,400
458,8.75,8.76,8.74,8.747,2600
459,8.75,8.76,8.74,8.75,600
460,8.73,8.75,8.73,8.7402,650
461,8.73,8.76,8.72,8.74,500
462,8.72,8.72,8.72,8.72,200
463,8.76,8.76,8.72,8.72,2151
464,8.73,8.74,8.73,8.74,500
465,8.72,8.75,8.72,8.73,800
466,8.7,8.72,8.7,8.71,600
467,8.74,8.75,8.71,8.71,1697
468,8.74,8.75,8.73,8.75,1700
469,8.74,8.76,8.73,8.75,2300
470,8.94,8.94,8.74,8.75,44073
471,8.8,8.89,8.79,8.89,203349
864,8.82,8.82,8.82,8.82,477
865,8.9399,8.94,8.815,8.815,2983
866,8.89,8.9043,8.87,8.89,5200
867,8.91,8.92,8.91,8.92,2100
868,8.88,8.93,8.88,8.9272,1500
869,8.92,8.93,8.89,8.89,1900
870,8.98,8.98,8.93,8.93,1200
871,8.92,8.95,8.92,8.95,1799
872,8.9,8.93,8.89,8.92,1100
873,8.88,8.9,8.88,8.9,900
874,8.86,8.885,8.825,8.885,5782
875,8.92,8.94,8.87,8.87,5826
876,8.97,8.98,8.94,8.94,6394
877,9.0001,9.015,8.96,8.97,12009
878,9.075,9.075,9.01,9.02,3158
879,9.0599,9.12,9.0599,9.08,2223
880,9.07,9.07,9.05,9.07,1400
881,9.07,9.07,9.05,9.07,2891
882,9.11,9.11,9.08,9.08,1589
883,9.14,9.16,9.1,9.1,8263
884,9.17,9.17,9.1477,9.1477,1500
885,9.2,9.2,9.14,9.14,2100
886,9.21,9.21,9.2,9.2,1000
887,9.18,9.2,9.18,9.2,700
888,9.23,9.23,9.18,9.19,5360
889,9.2199,9.2299,9.2084,9.2299,1600
890,9.17,9.21,9.17,9.21,1806
891,9.19,9.19,9.17,9.175,1400
892,9.15,9.16,9.14,9.16,700
893,9.14,9.16,9.135,9.16,1800
894,9.14,9.16,9.14,9.15,1700
895,9.11,9.13,9.11,9.13,900
896,9.13,9.14,9.11,9.11,2500
897,9.12,9.14,9.11,9.14,1600
898,9.11,9.1299,9.1,9.11,1400
899,9.14,9.1499,9.11,9.11,2600
900,9.12,9.14,9.12,9.135,1500
901,9.12,9.135,9.11,9.13,2300
902,9.12,9.12,9.08,9.11,6792
903,9.13,9.18,9.12,9.12,24454
a1498570200,9.11,9.11,9.11,9.11,120
1,9.1,9.1,9.08,9.08,500
2,9.15,9.15,9.115,9.115,200
3,9.11,9.16,9.09,9.16,6300
4,9.01,9.11,9.01,9.11,6909
5,8.95,9.04,8.95,9.0173,2097
6,8.9797,8.99,8.97,8.97,900
7,8.97,8.99,8.97,8.99,800
8,8.97,8.99,8.97,8.98,1000
9,9,9,9,9,600
10,9.01,9.03,9.01,9.025,1300
11,9,9.02,9,9.01,400
12,9.06,9.07,9,9,3100
13,9.16,9.16,9.07,9.07,2300
14,9.135,9.14,9.13,9.13,600
15,9.18,9.18,9.14,9.14,1796
16,9.14,9.19,9.14,9.18,1595
17,9.18,9.19,9.16,9.16,1183
18,9.14,9.17,9.14,9.16,703
19,9.1,9.15,9.1,9.14,1400
20,9.1,9.1,9.1,9.1,300
21,9.08,9.12,9.08,9.09,500
22,9.07,9.09,9.06,9.08,2200
23,9.08,9.08,9.06,9.07,600
24,9.08,9.08,9.08,9.08,200
25,9.07,9.09,9.07,9.08,1800
26,9.08,9.08,9.07,9.07,300
27,9.08,9.08,9.04,9.08,1675
28,9.04,9.07,9.03,9.043,840
29,9.01,9.03,9.01,9.03,1100
30,9,9.01,8.99,9.01,800
31,8.97,8.97,8.97,8.97,100
32,9.02,9.02,8.97,8.97,1100
33,8.96,9.01,8.96,9.01,1100
34,9,9,8.96,8.96,6800
35,9.02,9.02,9.02,9.02,100
36,9.02,9.02,9.01,9.02,300
37,8.99,9.02,8.98,9.02,3200
38,8.97,8.99,8.97,8.99,2982
39,8.99,9,8.95,8.97,18477
144,9.03,9.03,9.03,9.03,305
145,8.99,9,8.93,8.93,400
146,9.03,9.03,8.98,8.98,200
147,8.96,8.96,8.94,8.95,700
148,9,9,8.97,8.97,1500
149,8.93,8.99,8.92,8.99,1832
150,8.97,8.99,8.93,8.93,2267
151,8.96,8.96,8.945,8.95,600
152,9.03,9.03,8.98,8.98,1100
153,9.05,9.07,9.03,9.03,600
154,9.1,9.12,9.08,9.08,1400
155,9.09,9.1,9.09,9.1,500
156,9.11,9.13,9.1,9.1,1600
158,9.03,9.08,9.03,9.08,4000
159,9.07,9.07,9.03,9.03,900
160,9.07,9.07,9.04,9.04,1200
161,9.07,9.07,9.05,9.05,500
162,9.06,9.06,9.05,9.05,200
163,9.07,9.07,9.06,9.07,600
164,9.08,9.08,9.06,9.07,3282
165,9.09,9.11,9.09,9.11,1200
166,9.11,9.11,9.1,9.1,482
167,9.13,9.15,9.12,9.12,800
168,9.14,9.15,9.13,9.14,800
169,9.1453,9.1453,9.13,9.13,900
170,9.14,9.16,9.13,9.16,800
171,9.13,9.15,9.13,9.15,200
172,9.13,9.15,9.13,9.15,200
173,9.13,9.15,9.13,9.15,400
174,9.12,9.13,9.12,9.13,692
175,9.12,9.12,9.12,9.12,400
176,9.135,9.14,9.13,9.13,400
177,9.12,9.12,9.12,9.12,200
178,9.16,9.16,9.13,9.14,1500
179,9.13,9.17,9.13,9.17,1080
180,9.16,9.16,9.14,9.15,1100
181,9.155,9.16,9.14,9.16,2721
182,9.18,9.19,9.15,9.15,8677
183,9.17,9.22,9.15,9.2,30410
288,9.17,9.17,9.17,9.17,336
289,9.15,9.22,8.7,8.7087,1273
290,9.12,9.175,9.1,9.15,700
291,9.17,9.2,9.17,9.18,400
292,9.17,9.2,9.15,9.18,1200
293,9.1,9.17,9.1,9.17,3733
294,9.07,9.1,9.05,9.08,2054
295,9.05,9.08,9.03,9.08,11731
296,9.035,9.05,9.0204,9.05,4200
297,9.03,9.03,9.02,9.02,500
298,9.02,9.03,9.0189,9.03,900
299,9.03,9.05,9.02,9.04,700
300,9.02,9.02,9.02,9.02,300
301,8.96,9.01,8.96,9.01,1700
302,8.96,8.99,8.94,8.96,2500
303,8.97,8.97,8.94,8.95,743
304,8.96,8.98,8.925,8.98,700
305,8.94,8.95,8.94,8.94,600
307,8.92,8.95,8.92,8.95,300
308,8.9,8.9,8.9,8.9,100
309,8.845,8.91,8.84,8.91,1800
310,8.83,8.86,8.83,8.86,1100
312,8.75,8.82,8.75,8.82,2300
313,8.77,8.77,8.75,8.75,200
314,8.77,8.79,8.77,8.79,1900
315,8.78,8.78,8.78,8.78,100
316,8.78,8.79,8.78,8.78,600
317,8.81,8.81,8.8,8.8,300
318,8.87,8.87,8.8,8.81,2100
319,8.84,8.89,8.84,8.89,500
320,8.86,8.86,8.85,8.85,200
321,8.86,8.86,8.86,8.86,300
322,8.89,8.89,8.865,8.865,200
323,8.87,8.87,8.84,8.87,900
324,8.85,8.85,8.85,8.85,500
325,8.88,8.88,8.84,8.85,1700
326,8.91,8.91,8.875,8.875,2300
327,8.97,8.98,8.9,8.91,24657
432,8.97,8.97,8.97,8.97,332
433,8.86,8.91,8.86,8.91,400
434,8.81,8.93,8.73,8.76,1471
435,8.82,8.82,8.77,8.81,1400
436,8.82,8.82,8.75,8.75,5000
437,8.775,8.79,8.775,8.79,600
438,8.81,8.81,8.76,8.76,1700
439,8.82,8.85,8.82,8.82,1200
440,8.81,8.83,8.81,8.83,500
441,8.85,8.85,8.84,8.84,300
442,8.84,8.84,8.84,8.84,100
443,8.81,8.82,8.81,8.82,300
445,8.79,8.81,8.77,8.81,3674
446,8.74,8.78,8.73,8.7702,3200
447,8.72,8.74,8.7,8.71,12695
448,8.72,8.7273,8.685,8.7273,9100
449,8.71,8.71,8.69,8.7,1600
450,8.7,8.7003,8.7,8.7003,3772
451,8.7113,8.7113,8.69,8.7,2425
452,8.72,8.72,8.7,8.71,700
453,8.7,8.71,8.7,8.7,1400
454,8.72,8.72,8.7,8.7,300
455,8.72,8.74,8.72,8.74,602
456,8.74,8.74,8.735,8.74,1000
457,8.75,8.75,8.735,8.735,3430
458,8.7499,8.75,8.7499,8.75,1200
459,8.745,8.75,8.745,8.75,1400
460,8.745,8.75,8.74,8.745,1500
461,8.75,8.75,8.745,8.745,1094
462,8.75,8.75,8.745,8.745,200
463,8.745,8.75,8.745,8.75,1200
464,8.81,8.81,8.74,8.745,6881
465,8.86,8.86,8.8,8.8,2300
466,8.88,8.88,8.86,8.87,1594
467,8.9,8.9,8.87,8.88,3200
468,9.05,9.05,8.9,8.9,8800
469,9.06,9.07,8.98,9.04,34975
470,9.1,9.15,9.06,9.065,32974
471,9.08,9.1,9.06,9.09,67228
864,9.09,9.09,9.09,9.09,701
866,9.05,9.06,9.02,9.06,1700
867,8.9676,9.03,8.9676,9.03,800
868,8.91,8.97,8.91,8.97,2100
869,8.855,8.91,8.85,8.91,1907
870,8.81,8.88,8.81,8.8592,13800
871,8.72,8.81,8.72,8.78,3800
872,8.71,8.76,8.71,8.725,8319
873,8.75,8.77,8.725,8.73,5646
874,8.7,8.74,8.7,8.74,8566
875,8.76,8.76,8.695,8.7,8988
876,8.83,8.83,8.74,8.74,5063
877,8.81,8.85,8.81,8.85,1500
878,8.73,8.8,8.72,8.8,8300
879,8.73,8.75,8.72,8.72,4399
880,8.7,8.75,8.7,8.73,2200
881,8.73,8.73,8.695,8.7,5677
882,8.72,8.7322,8.695,8.7322,3696
883,8.71,8.72,8.7,8.71,2990
884,8.76,8.76,8.69,8.71,4800
885,8.72,8.77,8.7,8.76,8898
a1499261400,8.73,8.73,8.73,8.73,360
1,8.68,8.695,8.68,8.69,800
2,8.6,8.72,8.6,8.7,4090
3,8.685,8.685,8.63,8.63,700
4,8.67,8.677,8.64,8.67,3300
5,8.68,8.68,8.665,8.67,1300
6,8.66,8.71,8.65,8.7,3705
7,8.7,8.7,8.66,8.66,600
8,8.68,8.73,8.68,8.71,2100
9,8.67,8.69,8.67,8.67,1778
10,8.69,8.69,8.66,8.67,3100
11,8.66,8.7,8.66,8.7,2000
12,8.61,8.635,8.59,8.62,2900
13,8.605,8.62,8.59,8.62,2722
14,8.61,8.61,8.61,8.61,200
15,8.6,8.635,8.6,8.61,4100
16,8.58,8.58,8.58,8.58,400
17,8.58,8.6,8.58,8.59,2200
18,8.52,8.59,8.5,8.58,5500
19,8.54,8.54,8.51,8.51,1909
20,8.55,8.55,8.54,8.54,2100
21,8.54,8.55,8.53,8.53,2400
22,8.545,8.55,8.53,8.53,1000
23,8.55,8.55,8.54,8.545,1800
24,8.52,8.55,8.51,8.55,3500
25,8.58,8.6,8.51,8.52,29907
26,8.6,8.62,8.6,8.6,1100
27,8.6,8.61,8.59,8.6,2800
28,8.61,8.62,8.61,8.61,700
29,8.61,8.61,8.61,8.61,305
30,8.6,8.6,8.6,8.6,400
31,8.61,8.62,8.6,8.62,1100
32,8.555,8.6,8.54,8.6,6800
33,8.59,8.59,8.53,8.545,3255
34,8.6,8.6,8.59,8.59,2300
35,8.64,8.64,8.6,8.6,1000
36,8.65,8.65,8.62,8.62,2200
37,8.61,8.64,8.61,8.64,2497
38,8.635,8.64,8.61,8.61,2242
39,8.61,8.63,8.61,8.63,12570
