EXCHANGE%3DNASDAQ
MARKET_OPEN_MINUTE=570
MARKET_CLOSE_MINUTE=960
INTERVAL=600
COLUMNS=DATE,CLOSE,HIGH,LOW,OPEN,VOLUME
DATA=
TIMEZONE_OFFSET=-240
a1493127000,11.8,11.8,11.8,11.8,384
1,11.85,11.85,11.8,11.8,1832
2,11.875,11.875,11.85,11.85,600
3,11.875,11.9,11.85,11.85,800
4,12.1,12.125,11.85,11.875,13159
5,12.05,12.1025,12.05,12.1025,1700
6,12.025,12.025,12,12,200
7,12.05,12.05,12.05,12.05,100
8,12,12.05,12,12,500
9,12.05,12.075,12.05,12.05,1200
10,12.05,12.1,12.05,12.05,3400
11,12,12.075,12,12.05,1500
12,12.05,12.075,12.005,12.005,11170
13,12.025,12.075,12,12.05,3207
14,12,12.027,12,12,1300
15,11.95,12.05,11.9,12,2200
16,12,12,12,12,100
17,11.95,11.95,11.95,11.95,100
18,11.95,11.95,11.95,11.95,100
19,11.9,11.95,11.9,11.95,900
20,11.95,11.95,11.925,11.95,1500
22,12,12,11.95,11.95,1000
23,12,12,11.95,12,520
24,11.95,12,11.95,12,200
25,11.95,11.95,11.95,11.95,100
26,11.95,12,11.95,11.95,400
27,11.95,11.975,11.95,11.95,500
28,11.95,12,11.95,12,400
29,11.95,11.95,11.95,11.95,300
30,12,12,11.95,11.975,600
31,11.95,11.95,11.95,11.95,1000
32,11.95,12,11.95,11.955,2057
33,11.962,11.9807,11.95,11.95,3463
34,11.95,12,11.95,11.975,2625
35,11.975,12,11.95,11.95,1000
36,11.975,11.975,11.95,11.95,1000
37,12,12,11.95,11.95,9986
38,11.95,12,11.95,11.975,1500
39,11.9,11.975,11.9,11.975,13739
144,11.95,11.95,11.95,11.95,500
146,12.05,12.05,11.9,11.9,400
147,12.011,12.05,11.95,12.05,517
148,12,12.0402,12,12.0402,500
149,11.975,12,11.975,12,902
150,12,12.05,11.975,11.975,1681
151,12,12,12,12,100
152,12,12,11.975,11.975,300
153,12.05,12.05,12.05,12.05,592
154,12.05,12.05,12.05,12.05,300
155,12.05,12.05,12,12.05,1200
156,12.15,12.15,12.1,12.1,6605
157,12.175,12.175,12.15,12.15,800
158,12.1,12.15,12.1,12.15,1700
159,12.1,12.1,12.05,12.1,3200
160,12.1,12.1,12.1,12.1,200
161,12.15,12.15,12.1,12.15,5300
163,12.1,12.125,12.1,12.125,588
164,12.15,12.15,12.1,12.1,2000
165,12.15,12.15,12.15,12.15,200
166,12.15,12.15,12.125,12.15,800
167,12.125,12.15,12.125,12.15,800
168,12.15,12.15,12.125,12.15,1600
169,12.2,12.2,12.1247,12.1247,1600
170,12.2,12.225,12.2,12.225,1500
171,12.2,12.25,12.15,12.2,900
172,12.2,12.25,12.2,12.2,800
173,12.225,12.225,12.2,12.2,462
174,12.175,12.225,12.15,12.225,600
175,12.15,12.2,12.15,12.2,1300
176,12.175,12.175,12.15,12.15,500
177,12.15,12.2,12.15,12.15,2093
178,12.15,12.15,12.15,12.15,1100
179,12.15,12.2,12.15,12.15,1950
180,12.175,12.2,12.15,12.15,2700
181,12.15,12.175,12.15,12.15,2100
182,12.05,12.175,12,12.15,9607
183,12,12.075,12,12.075,13969
288,12.05,12.05,12.05,12.05,667
289,11.9,12.075,11.9,12.075,1400
290,11.95,12,11.9,11.9,900
292,12,12,12,12,100
293,11.95,12,11.95,11.9771,850
294,12,12,11.975,11.975,200
295,11.95,11.9721,11.95,11.9721,614
296,12.1,12.1,12,12,4805
297,12.1,12.1,12.0562,12.0562,201
298,12.05,12.05,12.05,12.05,648
299,12.05,12.05,12.05,12.05,100
300,12.05,12.05,12.05,12.05,300
301,12.1,12.1,12.05,12.1,1000
302,12.075,12.1,12.05,12.05,400
303,12.05,12.05,12.05,12.05,300
304,12.05,12.05,12.05,12.05,1000
305,12.1,12.1,12.1,12.1,200
306,12.05,12.05,12,12.05,2050
307,12.05,12.05,12.05,12.05,100
308,12.1,12.1,12.1,12.1,100
309,12.05,12.05,12.05,12.05,100
310,12.05,12.05,12.05,12.05,300
311,12.05,12.1,12.05,12.05,700
312,12.1,12.1,12.05,12.05,400
313,12.05,12.05,12.05,12.05,1225
314,12.075,12.1,12.05,12.05,400
315,12.0682,12.0682,12.0682,12.0682,725
316,12.15,12.15,12.05,12.05,15687
317,12.15,12.15,12.1,12.1,300
318,12.1,12.1,12.1,12.1,800
319,12.1,12.1,12.1,12.1,600
320,12.1,12.1,12.1,12.1,400
321,12.1,12.1,12.1,12.1,500
322,12.05,12.1,12.05,12.1,1047
323,12.05,12.05,12.05,12.05,1240
325,12.05,12.075,12.05,12.075,1200
326,12,12.05,12,12.05,3548
327,12,12.05,12,12.05,8096
432,12.1,12.1,12.1,12.1,1642
433,12.3,12.3,12.2,12.2,1396
434,12.5,12.5,12.3,12.3,11682
435,12.75,12.75,12.3674,12.5,8300
436,12.55,12.7,12.55,12.65,3500
437,12.45,12.575,12.45,12.55,1600
438,12.45,12.5,12.45,12.5,800
439,12.4,12.5,12.4,12.45,8500
440,12.45,12.45,12.4,12.4,600
442,12.45,12.5,12.375,12.5,7322
443,12.4,12.425,12.4,12.4,1700
444,12.35,12.45,12.3,12.45,2500
445,12.25,12.3,12.25,12.3,1200
446,12.25,12.275,12.25,12.25,900
447,12.25,12.25,12.25,12.25,300
448,12.225,12.25,12.2,12.25,12860
449,12.25,12.275,12.225,12.225,4402
450,12.225,12.225,12.225,12.225,400
451,12.25,12.25,12.25,12.25,100
452,12.25,12.25,12.225,12.225,300
453,12.2,12.225,12.2,12.225,300
454,12.225,12.225,12.2,12.225,500
455,12.225,12.25,12.225,12.225,600
456,12.2,12.225,12.2,12.2,2400
457,12.15,12.175,12.15,12.175,500
458,12.175,12.175,12.15,12.175,300
459,12.175,12.175,12.15,12.15,500
460,12.175,12.2,12.175,12.175,700
461,12.175,12.2,12.175,12.175,1300
462,12.175,12.2,12.175,12.2,800
463,12.2,12.2,12.15,12.175,800
464,12.175,12.175,12.15,12.17,1300
465,12.175,12.175,12.15,12.15,700
466,12.175,12.2,12.175,12.2,2200
467,12.175,12.2,12.15,12.175,900
468,12.175,12.175,12.15,12.15,1100
469,12.15,12.15,12.15,12.15,1320
470,12.05,12.15,12.05,12.125,3359
471,12,12.05,11.95,12.05,37236
864,12.1,12.1,12.1,12.1,796
865,12.085,12.25,12.085,12.25,450
866,12,12.15,12,12.15,200
867,12,12,12,12,1333
868,11.9,11.986,11.9,11.9,1330
869,11.95,12,11.9,11.9,400
870,11.95,12,11.95,11.95,2230
871,11.9,11.95,11.9,11.95,1200
872,11.925,11.95,11.925,11.925,83499
873,11.925,11.925,11.9,11.9,2200
874,11.75,11.9,11.75,11.9,6700
875,11.775,11.8,11.75,11.8,800
876,11.725,11.775,11.7,11.75,1757
877,11.7,11.745,11.7,11.7,1995
878,11.725,11.75,11.7,11.7,1100
879,11.725,11.75,11.725,11.725,1200
880,11.85,11.85,11.725,11.725,1871
881,11.825,11.825,11.805,11.805,850
882,11.805,11.85,11.8,11.8,1850
883,11.85,11.875,11.8,11.85,1114
884,11.825,11.825,11.8,11.8,200
885,11.75,11.8,11.75,11.8,3800
886,11.75,11.75,11.725,11.75,1823
887,11.8,11.8,11.75,11.75,900
888,11.8,11.8,11.8,11.8,100
889,11.85,11.85,11.8,11.85,1722
890,11.9,11.9,11.825,11.85,900
891,11.85,11.875,11.85,11.875,500
892,11.875,11.9,11.85,11.85,1188
893,11.85,11.9,11.85,11.85,700
894,11.8,11.85,11.8,11.85,1700
895,11.75,11.795,11.75,11.75,1100
896,11.7,11.75,11.7,11.75,2400
897,11.7,11.7333,11.7,11.7,1200
898,11.7,11.75,11.7,11.7,3176
899,11.725,11.75,11.7,11.7,2500
900,11.7,11.75,11.7,11.725,3100
901,11.725,11.75,11.7,11.7,7333
902,11.75,11.75,11.7,11.7,4406
903,11.8,11.8,11.75,11.75,15017
a1493731800,11.9,11.9,11.9,11.9,618
1,11.9,11.9,11.825,11.825,2000
2,11.95,12,11.875,11.875,3006
3,11.95,12,11.9,11.95,1838
4,11.95,11.95,11.8669,11.9,1371
5,11.875,11.9,11.875,11.9,900
6,11.8,11.9,11.8,11.9,2369
7,11.8,11.8,11.8,11.8,100
9,11.8,11.8,11.8,11.8,300
10,11.8,11.8,11.8,11.8,200
11,11.85,11.85,11.825,11.85,659
12,11.825,11.825,11.8,11.825,600
13,11.8,11.85,11.8,11.825,300
14,11.8,11.825,11.8,11.825,200
15,11.85,11.85,11.85,11.85,300
16,11.9,11.9,11.85,11.9,1400
17,11.895,11.9,11.85,11.9,1400
18,11.9,11.9,11.895,11.895,300
19,11.875,11.9,11.875,11.9,500
20,11.9,11.9,11.9,11.9,1100
21,11.9,11.9,11.9,11.9,300
23,11.9,11.9,11.9,11.9,698
24,11.9,11.95,11.9,11.95,300
26,11.85,11.9,11.85,11.9,400
27,11.875,11.9,11.875,11.9,500
28,11.95,11.95,11.95,11.95,200
29,11.875,11.95,11.85,11.9,500
30,11.9,11.9,11.9,11.9,400
31,11.9,11.9,11.85,11.9,400
32,11.9,11.925,11.9,11.9,1100
33,11.9,11.9,11.9,11.9,300
34,11.95,11.95,11.95,11.95,300
35,11.95,11.95,11.95,11.95,100
36,11.9,12.025,11.9,11.95,11298
37,11.95,11.95,11.9,11.9,700
38,11.875,11.95,11.85,11.9,4990
39,11.85,11.9,11.775,11.85,28470
144,11.8,11.8,11.8,11.8,406
145,11.825,11.95,11.825,11.95,200
146,11.75,11.75,11.7,11.75,800
147,11.75,11.8,11.7,11.75,2700
148,11.8,11.8,11.7,11.75,600
149,11.75,11.75,11.75,11.75,400
150,11.8,11.8,11.7,11.75,6800
151,11.825,11.85,11.825,11.85,1300
152,11.75,11.85,11.75,11.85,2849
153,11.775,11.775,11.75,11.775,1526
154,11.775,11.8,11.75,11.775,805
155,11.8,11.8,11.75,11.75,300
156,11.8,11.8,11.775,11.8,800
157,11.825,11.825,11.8,11.8,1300
158,11.825,11.85,11.825,11.825,1390
159,11.85,11.85,11.85,11.85,200
160,11.825,11.825,11.825,11.825,100
161,11.825,11.825,11.825,11.825,200
162,11.825,11.85,11.825,11.825,800
163,11.8,11.85,11.8,11.8,900
165,11.8,11.85,11.8,11.825,600
166,11.825,11.85,11.825,11.85,1000
167,11.825,11.825,11.825,11.825,600
168,11.8,11.85,11.8,11.85,300
169,11.825,11.85,11.825,11.825,900
170,11.8,11.85,11.8,11.85,300
171,11.8,11.85,11.8,11.8,1900
172,11.85,11.85,11.8,11.85,1500
173,11.775,11.825,11.75,11.825,2173
174,11.775,11.775,11.775,11.775,100
175,11.8,11.8,11.8,11.8,800
176,11.825,11.825,11.75,11.75,2300
177,11.825,11.85,11.825,11.85,900
178,11.85,11.85,11.825,11.85,1500
179,11.825,11.825,11.8,11.825,300
180,11.75,11.8,11.75,11.8,3432
181,11.75,11.775,11.75,11.775,500
182,11.8,11.85,11.775,11.8,5200
183,11.65,11.85,11.65,11.825,31520
288,11.8,11.8,11.8,11.8,252
289,11.8,11.8,11.8,11.8,400
290,11.8,11.8,11.8,11.8,400
291,11.8,11.8,11.775,11.775,600
292,11.825,11.825,11.75,11.75,1000
293,11.825,11.85,11.825,11.825,3400
294,11.95,11.95,11.8,11.85,4337
295,12,12,11.95,11.95,300
296,11.95,11.975,11.95,11.975,1000
297,11.95,11.95,11.95,11.95,200
298,11.95,11.95,11.95,11.95,100
299,12,12,12,12,490
300,11.975,12,11.95,12,1300
302,11.95,11.975,11.95,11.95,1575
303,11.85,11.95,11.85,11.95,1700
304,11.9,11.9,11.85,11.881,3800
305,11.825,11.9,11.825,11.9,3600
306,11.85,11.85,11.8,11.825,1200
307,11.9,11.9,11.825,11.825,2004
308,11.9,11.9,11.9,11.9,100
309,11.925,11.925,11.9,11.9,500
310,11.95,11.95,11.95,11.95,200
311,11.85,11.9,11.85,11.9,1500
313,11.875,11.9,11.85,11.85,1200
314,11.9,11.9,11.85,11.85,200
315,11.9,11.9,11.9,11.9,481
316,11.9,11.9,11.85,11.85,200
317,11.95,11.95,11.875,11.875,2000
318,11.95,11.95,11.95,11.95,300
319,11.95,11.975,11.95,11.95,1600
320,11.975,11.975,11.95,11.95,200
321,12,12,12,12,100
322,12,12,12,12,300
323,12,12,11.95,12,900
324,11.95,12,11.95,12,2300
325,12,12,12,12,3422
326,12,12,11.95,12,1700
327,12,12.05,11.95,12,10272
432,12,12,12,12,974
434,12,12,12,12,1284
435,12,12,12,12,1329
437,12,12,12,12,100
438,12,12,11.95,11.95,1600
439,11.925,11.975,11.925,11.975,1200
440,11.875,11.9,11.875,11.9,800
441,11.9,11.9,11.85,11.85,400
442,11.95,11.95,11.9,11.9,700
443,11.95,11.95,11.95,11.95,200
444,12.05,12.05,11.975,11.975,1100
445,12.05,12.05,12.05,12.05,200
446,12.05,12.05,12,12,600
447,12.1,12.1,12.1,12.1,400
448,12.1,12.1,12.1,12.1,200
449,12.1,12.1,12.05,12.1,1800
451,12.1,12.1,12.1,12.1,200
453,12.1,12.1,12.1,12.1,100
454,12.1,12.1,12.075,12.1,700
455,12.1,12.1,12.05,12.05,600
457,12.1,12.1,12.1,12.1,200
458,12.05,12.05,12.025,12.05,700
459,12.05,12.05,12,12,1384
460,12,12.05,12,12.025,700
461,12,12,11.975,12,1300
462,12.05,12.05,12,12,950
463,12.05,12.05,12.025,12.05,500
464,12.05,12.075,12.05,12.05,984
465,12.05,12.1,12.05,12.1,1034
466,12,12.025,12,12.025,200
467,12.05,12.05,12.05,12.05,900
468,12.05,12.05,12.05,12.05,1300
469,12.05,12.1,12,12.05,5750
470,12.05,12.05,12.05,12.05,2300
471,12.05,12.1,12,12.05,12972
865,12.2,12.2,12,12,2710
866,12.2,12.2,12.2,12.2,207
867,12.1,12.175,12.1,12.15,800
868,12.15,12.15,12.15,12.15,100
870,12.2,12.2,12.2,12.2,100
871,12.1,12.15,12.1,12.15,300
872,12.1,12.15,12.1,12.1,482
874,12.1,12.1,12.1,12.1,318
875,12.05,12.05,12.025,12.05,784
876,12.025,12.025,12.025,12.025,100
879,12.025,12.05,12.025,12.05,200
880,12,12,12,12,100
882,12,12.05,12,12,400
883,12.026,12.026,12.026,12.026,500
884,12.05,12.1,12.05,12.05,900
885,12.0879,12.0879,12.0879,12.0879,1250
886,12.15,12.15,12.15,12.15,100
888,12.125,12.125,12.125,12.125,100
890,12.15,12.15,12.15,12.15,400
891,12.15,12.15,12.125,12.125,300
893,12.1,12.125,12.1,12.125,1900
894,12.075,12.075,12.05,12.05,1100
895,12.05,12.05,12.05,12.05,600
896,12.1,12.1,12.1,12.1,100
897,12.036,12.036,12.036,12.036,250
898,12.05,12.1,12.05,12.1,600
899,12.05,12.05,12.05,12.05,200
900,12.025,12.075,12.025,12.05,1173
901,11.975,12.05,11.95,12.025,5156
902,11.975,11.975,11.95,11.95,700
903,12,12.05,11.95,11.975,13527
a1494336600,12,12,12,12,255
1,12.1,12.1,12.1,12.1,200
3,12.1,12.1,12.1,12.1,100
4,12.05,12.1,12.05,12.075,900
5,12.1,12.1,12.075,12.075,200
6,12.05,12.1,12.05,12.05,1358
7,12,12,11.975,12,1500
8,12.05,12.05,12,12.025,500
10,12.05,12.05,12.025,12.05,1300
11,12.05,12.05,12,12,3909
12,12.05,12.05,12.025,12.025,200
13,12.1,12.1,12.1,12.1,200
14,12.1,12.1,12.05,12.05,300
15,12.075,12.1,12.075,12.1,200
16,12.1,12.1,12.1,12.1,100
17,12.075,12.075,12.05,12.05,277
18,12.1,12.1,12.0795,12.1,1400
20,12.1,12.125,12.1,12.1,1000
21,12.1,12.125,12.08,12.1,2500
22,12.1,12.1,12.075,12.075,200
23,12.175,12.2,12.15,12.15,400
24,12.15,12.15,12.15,12.15,300
25,12.125,12.125,12.125,12.125,100
26,12.125,12.125,12.125,12.125,100
27,12.15,12.15,12.125,12.125,300
28,12.1,12.125,12.1,12.1,1487
29,12.125,12.125,12.05,12.05,1100
30,12.15,12.15,12.1,12.1284,2100
31,12.1,12.15,12.1,12.125,700
32,12.125,12.125,12.125,12.125,100
33,12.15,12.15,12.15,12.15,100
34,12.2,12.2,12.125,12.125,6100
35,12.2,12.2,12.2,12.2,100
36,12.15,12.25,12.125,12.25,4500
37,12.1,12.2,12.1,12.15,2024
38,12.1,12.1,12.05,12.1,2300
39,12.15,12.15,12.05,12.15,8646
144,12.1,12.1,12.1,12.1,244
145,12.1,12.1,12.1,12.1,600
146,12.1,12.15,12.1,12.15,600
148,12.15,12.245,12.05,12.1,3329
149,12.25,12.25,12.25,12.25,100
150,12.15,12.175,12.15,12.15,1200
151,12.195,12.2,12.195,12.2,977
152,12.2,12.2,12.2,12.2,352
153,12.1,12.1,12.1,12.1,100
154,12.15,12.15,12.15,12.15,100
156,12.125,12.125,12.1,12.1,400
157,12.14,12.15,12.125,12.125,1100
159,12.15,12.15,12.1,12.1,900
160,12.1,12.125,12.05,12.125,3300
161,12.15,12.15,12.15,12.15,300
163,12.1,12.1,12.1,12.1,100
164,12.15,12.15,12.125,12.125,1000
166,12.225,12.225,12.2,12.2,1400
167,12.225,12.25,12.2,12.225,500
168,12.25,12.25,12.2,12.2,1200
169,12.2,12.2,12.2,12.2,200
170,12.2,12.25,12.2,12.225,400
171,12.25,12.25,12.2,12.25,700
172,12.22,12.25,12.2,12.25,1600
173,12.25,12.25,12.25,12.25,200
174,12.25,12.25,12.225,12.25,800
175,12.25,12.25,12.225,12.236,3000
176,12.225,12.25,12.2,12.25,900
177,12.2,12.25,12.2,12.225,3300
178,12.2,12.2,12.15,12.2,1322
179,12.2,12.2,12.175,12.2,900
180,12.175,12.2,12.15,12.15,1900
181,12.2,12.2,12.175,12.2,800
182,12.2,12.2,12.175,12.2,1600
183,12.15,12.225,12.1,12.2,13765
288,12.15,12.15,12.15,12.15,200
289,12.055,12.09,12.055,12.0681,1687
290,12.125,12.125,12.1,12.1,307
291,12.05,12.1,12.05,12.1,1703
292,12.04,12.04,12,12,672
293,12,12.05,12,12,300
294,11.975,11.975,11.95,11.95,400
295,11.9,11.95,11.85,11.95,4764
296,11.85,11.9,11.85,11.8827,1190
298,11.95,11.95,11.875,11.9,1562
299,12.025,12.05,12,12,1300
300,12.15,12.15,12.15,12.15,300
301,12.05,12.05,12.05,12.05,100
303,12.1,12.15,12.1,12.15,1000
304,12.1,12.15,12.05,12.05,500
307,12.1269,12.1269,12.1269,12.1269,300
308,12.05,12.05,12.05,12.05,900
309,12.027,12.05,12,12,1000
310,12.05,12.05,11.95,11.95,350
311,12,12.05,12,12.05,600
312,11.95,12,11.95,12,500
313,11.95,12,11.95,12,200
314,11.95,12,11.95,12,200
318,11.95,11.975,11.95,11.975,500
319,12,12,12,12,200
320,11.975,11.975,11.975,11.975,100
322,11.9,12,11.9,12,1000
323,11.925,11.925,11.925,11.925,100
324,11.9,11.925,11.9,11.9,1500
325,11.9,11.9,11.9,11.9,1500
326,11.875,11.9,11.85,11.9,600
327,11.85,11.9,11.85,11.85,4359
432,11.85,11.85,11.85,11.85,630
433,11.6,11.85,11.6,11.85,5237
434,11.75,11.75,11.7,11.7,959
435,11.712,11.712,11.712,11.712,102
436,11.75,11.75,11.75,11.75,100
438,11.745,11.745,11.745,11.745,500
440,11.695,11.7,11.695,11.7,959
441,11.55,11.65,11.5,11.65,3225
442,11.55,11.6,11.5,11.5,1400
443,11.65,11.65,11.65,11.65,700
444,11.695,11.7,11.68,11.7,1600
445,11.65,11.675,11.65,11.675,400
447,11.65,11.65,11.65,11.65,100
448,11.695,11.695,11.695,11.695,500
449,11.69,11.69,11.69,11.69,500
450,11.75,11.75,11.65,11.675,700
453,11.75,11.75,11.7,11.7,200
454,11.725,11.75,11.725,11.75,200
455,11.75,11.75,11.75,11.75,400
456,11.775,11.775,11.775,11.775,100
457,11.75,11.85,11.75,11.8,2798
458,11.75,11.75,11.75,11.75,300
459,11.75,11.75,11.75,11.75,200
460,11.725,11.75,11.725,11.75,2300
461,11.65,11.7,11.65,11.7,1500
463,11.65,11.65,11.65,11.65,100
464,11.7,11.7,11.7,11.7,100
465,11.675,11.7,11.675,11.7,500
466,11.65,11.7,11.65,11.675,800
467,11.7,11.7,11.7,11.7,300
468,11.7,11.7,11.675,11.675,300
469,11.7,11.7,11.675,11.7,1100
470,11.65,11.7,11.6,11.675,2460
471,11.6,11.65,11.6,11.65,8657
864,11.7,11.7,11.7,11.7,170
865,11.75,11.75,11.75,11.75,1500
866,11.8,11.8,11.65,11.7,2013
867,12.05,12.05,11.845,11.85,5200
868,11.95,12.05,11.95,12,1600
869,11.9,11.95,11.9,11.9,900
870,11.9497,12,11.9497,12,500
871,11.9,11.95,11.9,11.9,1700
872,11.8168,11.9,11.8168,11.9,1400
873,11.9,11.9,11.9,11.9,100
874,11.9075,12,11.9,11.9,6817
875,12,12,12,12,300
876,12,12,11.95,12,1000
879,11.975,12,11.975,12,200
880,11.975,11.975,11.95,11.95,200
883,11.9,11.9,11.9,11.9,100
886,11.85,11.9256,11.85,11.9,1800
887,11.9,11.9,11.85,11.85,200
888,11.9,11.9,11.9,11.9,300
891,11.9,11.9,11.9,11.9,200
892,11.875,11.875,11.85,11.85,700
894,11.8,11.85,11.8,11.85,1900
895,11.85,11.85,11.85,11.85,200
899,11.8,11.85,11.8,11.85,311
900,11.769,11.8,11.75,11.8,601
901,11.825,11.85,11.8,11.8,2761
902,11.825,11.825,11.8,11.8,700
903,11.85,11.85,11.8,11.85,5109
a1494941400,11.9,11.9,11.9,11.9,544
1,11.8,11.8,11.8,11.8,201
2,11.85,11.85,11.85,11.85,1200
3,11.7,11.85,11.65,11.85,3737
4,11.8,11.8,11.7172,11.75,2491
5,11.85,11.85,11.85,11.85,100
7,11.7727,11.7727,11.7727,11.7727,100
8,11.8,11.8,11.8,11.8,100
9,11.825,11.85,11.825,11.85,300
10,11.75,11.825,11.75,11.8,2053
11,11.775,11.775,11.775,11.775,100
13,11.775,11.8,11.775,11.8,200
14,11.775,11.775,11.775,11.775,100
16,11.775,11.775,11.775,11.775,100
18,11.8,11.8,11.8,11.8,200
19,11.8,11.8,11.8,11.8,800
20,11.8,11.8,11.8,11.8,200
22,11.8,11.8,11.75,11.75,835
23,11.75,11.775,11.75,11.75,952
25,11.8,11.8,11.8,11.8,100
27,11.8,11.8,11.8,11.8,200
29,11.75,11.8,11.75,11.8,500
30,11.75,11.75,11.75,11.75,300
31,11.8,11.8,11.75,11.75,912
32,11.75,11.8,11.75,11.8,400
33,11.75,11.75,11.7,11.7,1428
34,11.75,11.75,11.75,11.75,100
35,11.75,11.75,11.75,11.75,500
36,11.75,11.75,11.75,11.75,100
37,11.775,11.775,11.75,11.75,400
38,11.75,11.8,11.725,11.8,2405
39,11.8,11.8,11.775,11.8,4872
144,11.6,11.6,11.6,11.6,841
146,11.6,11.625,11.6,11.6,3700
147,11.625,11.65,11.6,11.6,1725
148,11.65,11.65,11.6,11.6414,2180
150,11.65,11.65,11.6,11.6,1100
151,11.65,11.65,11.6,11.65,3725
152,11.625,11.625,11.6,11.6,565
153,11.65,11.65,11.6,11.625,2501
154,11.625,11.625,11.6,11.6,1100
155,11.65,11.65,11.65,11.65,100
156,11.625,11.625,11.6,11.6,800
157,11.625,11.625,11.6,11.6,3635
158,11.625,11.633,11.625,11.633,550
160,11.65,11.65,11.65,11.65,100
161,11.625,11.625,11.6,11.6,240
162,11.625,11.625,11.6,11.625,3427
163,11.625,11.65,11.6,11.65,900
164,11.6183,11.6183,11.6183,11.6183,500
165,11.65,11.65,11.6,11.625,2000
166,11.625,11.625,11.625,11.625,100
167,11.65,11.65,11.6,11.6,200
168,11.65,11.65,11.6,11.625,1000
169,11.6,11.625,11.6,11.6,1000
170,11.625,11.625,11.6,11.625,500
171,11.625,11.625,11.6,11.6,5312
172,11.65,11.65,11.625,11.625,500
173,11.625,11.65,11.6,11.6,14695
174,11.625,11.65,11.6,11.65,6040
175,11.65,11.65,11.625,11.65,600
176,11.625,11.65,11.625,11.65,1996
177,11.625,11.65,11.625,11.625,1500
178,11.625,11.65,11.625,11.65,900
179,11.625,11.625,11.625,11.625,500
180,11.625,11.65,11.625,11.625,1000
181,11.625,11.65,11.625,11.65,988
182,11.625,11.65,11.6,11.625,1800
183,11.6,11.65,11.6,11.625,17377
288,11.6,11.6,11.6,11.6,542
289,11.6,11.65,11.55,11.55,766
290,11.625,11.625,11.6,11.6,200
291,11.625,11.65,11.6,11.6,799
292,11.625,11.625,11.625,11.625,1100
293,11.7,11.7,11.65,11.65,780
295,11.65,11.65,11.65,11.65,200
297,11.65,11.7,11.65,11.7,200
298,11.75,11.75,11.65,11.75,300
299,11.75,11.75,11.65,11.75,300
300,11.7,11.75,11.7,11.75,200
301,11.6974,11.6974,11.6974,11.6974,1000
302,11.65,11.675,11.6,11.675,4833
303,11.65,11.65,11.65,11.65,400
304,11.65,11.65,11.65,11.65,600
305,11.65,11.65,11.65,11.65,932
306,11.7,11.725,11.65,11.65,1834
307,11.75,11.75,11.65,11.7,732
308,11.75,11.75,11.75,11.75,500
309,11.7,11.75,11.65,11.75,1600
310,11.7,11.75,11.7,11.75,2030
311,11.7,11.725,11.7,11.7,1200
314,11.675,11.7,11.675,11.7,300
315,11.675,11.7,11.65,11.65,300
316,11.65,11.7,11.65,11.7,200
317,11.65,11.675,11.65,11.65,1600
318,11.65,11.7,11.65,11.7,200
319,11.675,11.675,11.65,11.65,4261
320,11.7,11.7,11.625,11.65,3422
321,11.675,11.7,11.65,11.7,500
322,11.675,11.675,11.675,11.675,100
323,11.675,11.7,11.65,11.675,500
324,11.7,11.7,11.675,11.675,600
325,11.675,11.7,11.65,11.65,880
326,11.65,11.7,11.65,11.7,3061
327,11.7,11.7,11.65,11.7,9303
432,11.7,11.7,11.7,11.7,6729
433,11.6,11.65,11.6,11.65,3550
434,11.65,11.7,11.6,11.6,2877
435,11.625,11.625,11.625,11.625,800
436,11.625,11.625,11.625,11.625,200
438,11.65,11.65,11.625,11.625,900
439,11.625,11.625,11.625,11.625,200
440,11.625,11.65,11.6,11.6,1000
441,11.625,11.65,11.6,11.6,5300
442,11.625,11.625,11.625,11.625,100
443,11.65,11.65,11.625,11.625,300
444,11.625,11.625,11.625,11.625,200
445,11.625,11.65,11.6,11.625,4364
447,11.625,11.65,11.625,11.625,600
448,11.625,11.65,11.6,11.625,2588
449,11.625,11.65,11.6,11.65,1592
450,11.625,11.65,11.625,11.625,500
451,11.6,11.65,11.6,11.65,500
452,11.6,11.625,11.6,11.625,500
453,11.625,11.625,11.625,11.625,600
454,11.625,11.65,11.6,11.625,900
456,11.625,11.625,11.625,11.625,200
457,11.625,11.65,11.6,11.625,1800
458,11.65,11.65,11.6,11.6,1000
459,11.6,11.65,11.6,11.65,1100
460,11.625,11.65,11.6,11.65,1400
461,11.6,11.625,11.6,11.6,400
462,11.625,11.65,11.6,11.625,600
463,11.625,11.625,11.6,11.6,600
464,11.6,11.625,11.6,11.6,700
465,11.625,11.65,11.6,11.6,1419
466,11.6,11.65,11.6,11.6,2800
467,11.5,11.65,11.5,11.625,9551
468,11.45,11.55,11.45,11.5,3078
469,11.55,11.55,11.45,11.45,11781
470,11.55,11.55,11.5,11.5,1200
471,11.45,11.5,11.4,11.5,13906
864,11.45,11.45,11.45,11.45,465
865,11.55,11.6,11.305,11.305,500
866,11.55,11.55,11.55,11.55,200
868,11.55,11.55,11.55,11.55,100
869,11.5,11.5,11.5,11.5,400
870,11.45,11.5,11.45,11.5,509
871,11.45,11.475,11.45,11.45,600
872,11.4,11.45,11.4,11.45,658
873,11.45,11.45,11.425,11.425,200
875,11.45,11.45,11.4,11.4,1281
876,11.45,11.45,11.45,11.45,2485
877,11.45,11.45,11.4156,11.45,3760
878,11.45,11.45,11.45,11.45,2300
879,11.5,11.5,11.45,11.45,2300
880,11.455,11.5,11.45,11.45,700
881,11.5,11.55,11.475,11.475,1800
882,11.55,11.55,11.525,11.525,500
883,11.5,11.525,11.5,11.5,1600
884,11.525,11.55,11.525,11.55,300
885,11.55,11.55,11.5,11.525,2100
887,11.575,11.6,11.5223,11.5223,620
888,11.55,11.575,11.55,11.575,1700
889,11.55,11.55,11.55,11.55,100
890,11.55,11.6,11.55,11.6,300
891,11.55,11.55,11.55,11.55,400
893,11.55,11.55,11.55,11.55,200
894,11.55,11.55,11.55,11.55,100
895,11.55,11.55,11.55,11.55,100
896,11.55,11.55,11.525,11.525,200
897,11.5,11.575,11.5,11.55,700
898,11.55,11.55,11.525,11.525,400
899,11.525,11.525,11.5,11.5,1561
900,11.525,11.55,11.525,11.55,200
901,11.5,11.55,11.5,11.55,200
902,11.6,11.6,11.55,11.55,1300
903,11.6,11.65,11.6,11.6,10745
a1495546200,11.65,11.65,11.65,11.65,462
4,11.5827,11.5827,11.5827,11.5827,270
8,11.65,11.65,11.55,11.6,1328
10,11.65,11.65,11.65,11.65,141
12,11.7,11.7,11.6741,11.7,1300
14,11.675,11.675,11.675,11.675,100
15,11.75,11.75,11.7,11.7,1731
16,11.85,11.85,11.75,11.75,1600
17,11.85,11.85,11.85,11.85,200
19,11.85,11.9,11.85,11.9,829
20,11.8,11.8,11.8,11.8,600
21,11.7,11.7,11.7,11.7,100
22,11.75,11.75,11.75,11.75,100
24,11.75,11.75,11.75,11.75,100
25,11.7,11.7,11.65,11.65,300
28,11.7,11.75,11.7,11.75,400
30,11.7,11.7,11.7,11.7,100
31,11.65,11.7,11.65,11.65,800
32,11.7043,11.7043,11.7,11.7,1000
33,11.75,11.75,11.7,11.7,600
34,11.75,11.75,11.75,11.75,300
35,11.7,11.725,11.7,11.7,1500
36,11.75,11.75,11.75,11.75,100
37,11.75,11.75,11.75,11.75,100
38,11.7,11.75,11.7,11.725,4400
39,11.65,11.7,11.65,11.7,4809
144,11.65,11.65,11.65,11.65,301
147,11.7,11.7,11.7,11.7,300
148,11.7,11.7,11.7,11.7,200
149,11.65,11.75,11.65,11.7,7803
150,11.8,11.8,11.5,11.6,5200
151,11.95,11.95,11.8,11.8,900
152,11.925,11.95,11.85,11.85,11356
153,11.925,11.95,11.925,11.925,1300
154,11.95,11.95,11.85,11.9,2056
156,11.9,11.925,11.9,11.9,600
157,11.9,11.95,11.9,11.95,200
158,11.9,11.9,11.9,11.9,700
159,11.75,11.85,11.75,11.85,1600
162,11.85,11.85,11.8,11.8,1617
163,11.85,11.85,11.85,11.85,100
164,11.825,11.825,11.8,11.8,700
166,11.7,11.7752,11.7,11.7752,2180
167,11.7,11.75,11.7,11.735,2300
168,11.65,11.65,11.65,11.65,300
169,11.675,11.675,11.675,11.675,300
170,11.75,11.75,11.65,11.65,6000
171,11.75,11.75,11.75,11.75,200
174,11.75,11.75,11.75,11.75,100
176,11.75,11.75,11.7,11.7,1000
177,11.75,11.75,11.65,11.7,3400
178,11.7,11.7,11.65,11.7,1200
179,11.7,11.7,11.65,11.7,300
180,11.7,11.7,11.7,11.7,600
181,11.7,11.7,11.7,11.7,4700
182,11.7,11.7,11.7,11.7,4300
183,11.7,11.75,11.65,11.75,5999
288,11.75,11.75,11.75,11.75,472
289,11.7,11.7,11.7,11.7,483
290,11.65,11.7,11.65,11.65,2500
292,11.65,11.65,11.65,11.65,1200
293,11.65,11.7,11.6,11.7,3427
294,11.7,11.7,11.7,11.7,200
296,11.7,11.7,11.7,11.7,100
297,11.6,11.65,11.6,11.65,700
298,11.7,11.7,11.65,11.65,300
299,11.675,11.7,11.675,11.7,300
301,11.65,11.65,11.65,11.65,400
304,11.7,11.7,11.7,11.7,200
305,11.65,11.65,11.65,11.65,300
306,11.6,11.6,11.6,11.6,300
307,11.675,11.675,11.65,11.65,1400
308,11.7,11.7,11.7,11.7,100
309,11.7,11.7,11.7,11.7,100
310,11.65,11.675,11.65,11.65,900
311,11.6,11.64,11.6,11.6,1330
312,11.65,11.65,11.6,11.6,600
313,11.6,11.6,11.6,11.6,100
314,11.6,11.6,11.6,11.6,100
315,11.575,11.65,11.575,11.65,1491
316,11.6,11.6,11.6,11.6,100
317,11.6,11.6,11.55,11.55,400
318,11.55,11.6,11.55,11.6,400
320,11.6,11.6,11.55,11.6,2350
321,11.6,11.6,11.6,11.6,500
322,11.575,11.6,11.55,11.55,1300
323,11.55,11.6,11.55,11.6,700
324,11.6,11.6,11.55,11.55,1400
325,11.6,11.65,11.5666,11.575,30307
326,11.8,11.8,11.65,11.65,2674
327,11.7,11.8,11.675,11.8,12071
432,11.65,11.65,11.65,11.65,102
433,11.65,11.65,11.65,11.65,398
434,11.625,11.625,11.625,11.625,200
439,11.65,11.65,11.65,11.65,100
440,11.7,11.7,11.7,11.7,100
444,11.7,11.7,11.65,11.7,300
446,11.7,11.7,11.7,11.7,100
448,11.6,11.7,11.6,11.65,400
449,11.65,11.7,11.65,11.7,1000
450,11.65,11.7,11.65,11.7,200
454,11.65,11.65,11.65,11.65,100
455,11.7,11.7,11.7,11.7,100
456,11.675,11.675,11.675,11.675,100
458,11.65,11.675,11.65,11.675,1526
459,11.7,11.7,11.65,11.675,1000
460,11.7,11.7,11.7,11.7,100
461,11.675,11.7,11.65,11.7,3000
462,11.75,11.75,11.675,11.7,1855
463,11.75,11.75,11.75,11.75,100
464,11.8,11.8,11.75,11.75,800
465,11.8,11.8,11.775,11.775,200
466,11.75,11.775,11.75,11.775,200
467,11.775,11.8,11.775,11.8,200
468,11.9,11.95,11.775,11.8,14198
469,11.9,11.95,11.9,11.9,1900
470,11.85,11.9,11.85,11.9,3655
471,11.8,11.85,11.8,11.85,6266
a1496151000,11.8,11.8,11.8,11.8,465
4,11.725,11.75,11.725,11.75,300
5,11.65,11.7,11.65,11.7,1200
6,11.6776,11.6776,11.6776,11.6776,306
8,11.7,11.7,11.676,11.676,1100
9,11.7,11.7,11.7,11.7,100
11,11.7,11.7,11.6,11.7,2113
12,11.65,11.65,11.65,11.65,200
14,11.6,11.7,11.6,11.6626,922
16,11.6,11.6,11.6,11.6,100
18,11.65,11.65,11.65,11.65,100
22,11.65,11.65,11.65,11.65,100
23,11.7,11.7,11.7,11.7,100
24,11.6483,11.6483,11.6483,11.6483,200
25,11.65,11.65,11.65,11.65,100
26,11.7,11.7,11.7,11.7,200
29,11.6,11.65,11.6,11.65,1200
30,11.6,11.625,11.6,11.625,350
35,11.65,11.65,11.65,11.65,100
36,11.55,11.65,11.55,11.6,1500
37,11.575,11.6,11.55,11.6,400
38,11.575,11.575,11.55,11.575,600
39,11.55,11.6,11.55,11.55,3270
144,11.6,11.6,11.6,11.6,288
147,11.5,11.55,11.5,11.5,6385
148,11.525,11.5378,11.5,11.525,5331
149,11.55,11.575,11.5,11.5,3898
150,11.6,11.6,11.6,11.6,100
151,11.6,11.6,11.6,11.6,200
152,11.65,11.65,11.6,11.6,1200
154,11.6,11.65,11.6,11.65,200
156,11.6,11.65,11.55,11.65,500
157,11.6,11.6,11.55,11.55,900
158,11.55,11.55,11.55,11.55,200
159,11.55,11.55,11.525,11.525,900
160,11.6,11.6,11.6,11.6,100
161,11.505,11.505,11.505,11.505,1000
163,11.6,11.6,11.6,11.6,200
164,11.6,11.6,11.5,11.5,300
165,11.575,11.575,11.55,11.55,1000
166,11.6,11.6,11.55,11.55,900
167,11.55,11.6,11.55,11.6,200
168,11.6,11.6,11.6,11.6,100
170,11.55,11.575,11.55,11.55,3400
171,11.55,11.575,11.55,11.55,900
172,11.6,11.6,11.575,11.575,400
173,11.6,11.6,11.55,11.55,300
176,11.575,11.6,11.55,11.55,400
177,11.6,11.6,11.6,11.6,300
178,11.6,11.6,11.6,11.6,100
179,11.65,11.65,11.6,11.6,2006
180,11.65,11.65,11.65,11.65,200
181,11.65,11.65,11.625,11.65,400
182,11.6,11.65,11.6,11.65,800
183,11.6,11.65,11.6,11.65,4259
288,11.65,11.65,11.65,11.65,116
290,11.65,11.75,11.65,11.75,1261
291,11.65,11.7,11.65,11.7,1300
292,11.65,11.6818,11.65,11.6818,1708
293,11.65,11.7,11.65,11.65,500
295,11.7,11.7,11.7,11.7,100
297,11.7,11.7,11.7,11.7,196
299,11.65,11.675,11.6166,11.6166,2000
300,11.682,11.682,11.682,11.682,860
303,11.7,11.7,11.7,11.7,300
304,11.7,11.7,11.7,11.7,100
305,11.7,11.7,11.7,11.7,900
307,11.7,11.75,11.7,11.75,200
310,11.7,11.7,11.7,11.7,100
311,11.725,11.725,11.725,11.725,100
313,11.725,11.725,11.725,11.725,100
314,11.725,11.725,11.725,11.725,100
317,11.8,11.8,11.75,11.75,2800
318,11.85,11.85,11.8,11.8,400
320,11.85,11.85,11.85,11.85,300
321,11.9,11.9,11.85,11.85,700
322,11.9,11.9,11.9,11.9,200
323,11.9,11.95,11.9,11.9,400
324,11.9,11.9,11.9,11.9,400
325,11.95,11.95,11.9,11.9,600
326,11.95,12,11.95,11.95,34237
327,11.95,12.05,11.9,11.95,24113
432,11.95,11.95,11.95,11.95,608
433,12.15,12.15,11.85,11.85,27500
434,12.075,12.075,12.075,12.075,100
435,12.15,12.15,12.15,12.15,100
436,12.1,12.15,12.1,12.15,800
437,12.1,12.15,12.05,12.1,2300
438,12.2,12.2,12.05,12.05,6056
439,12.2,12.2,12.2,12.2,400
440,12.2,12.25,12.175,12.175,1428
441,12.2,12.2,12.15,12.2,19536
442,12.175,12.2,12.15,12.175,4644
443,12.4,12.4,12.15,12.175,13194
444,12.225,12.4,12.2,12.4,11220
445,12.25,12.25,12.225,12.25,4037
446,12.25,12.25,12.2,12.225,7149
447,12.3,12.3,12.25,12.275,7582
448,12.25,12.3,12.25,12.3,500
449,12.275,12.3,12.275,12.275,500
450,12.275,12.3,12.275,12.3,400
451,12.275,12.275,12.275,12.275,300
452,12.275,12.275,12.275,12.275,700
453,12.275,12.3,12.275,12.275,2600
454,12.3,12.3,12.275,12.275,2936
455,12.35,12.35,12.275,12.275,5178
456,12.325,12.35,12.325,12.35,300
457,12.325,12.35,12.3,12.305,7548
458,12.325,12.35,12.325,12.35,700
459,12.325,12.35,12.3,12.35,2700
460,12.325,12.325,12.325,12.325,1300
461,12.325,12.35,12.325,12.325,700
462,12.325,12.325,12.3,12.325,1296
463,12.25,12.325,12.25,12.3,3695
464,12.25,12.3,12.25,12.275,2137
465,12.225,12.275,12.2,12.25,3900
466,12.225,12.25,12.225,12.225,900
467,12.225,12.225,12.2,12.225,700
468,12.2,12.2,12.2,12.2,200
469,12.2,12.2,12.2,12.2,1900
470,12.15,12.2,12.15,12.2,7080
471,12.25,12.3,12.125,12.15,44611
864,12.4,12.4,12.4,12.4,4652
865,12.2,12.5,12.2,12.5,6563
866,12.15,12.2,12.15,12.2,1317
867,12.104,12.177,12.104,12.177,833
868,12.1329,12.15,12.1,12.1319,767
869,12.1,12.1,12.1,12.1,200
870,12.1,12.1,12.075,12.1,1700
871,12.05,12.08,12.05,12.08,500
872,12,12.05,11.95,12.025,3400
873,12,12,12,12,1050
874,12,12,11.988,12,1050
875,11.975,12,11.95,11.95,1180
878,11.95,12,11.95,11.975,400
879,11.95,11.995,11.95,11.995,210
880,11.95,11.95,11.95,11.95,100
881,11.95,11.95,11.95,11.95,100
882,11.95,12,11.95,11.979,1891
883,11.95,11.95,11.95,11.95,100
884,11.9,11.95,11.9,11.95,300
886,11.975,11.975,11.9296,11.95,3104
887,12,12,11.99,11.99,700
889,11.975,12,11.975,12,200
890,12,12,12,12,2600
891,11.9251,11.95,11.9251,11.95,900
892,11.9,11.95,11.9,11.95,5167
893,11.925,11.95,11.925,11.95,1910
894,11.9,11.95,11.9,11.95,200
895,11.95,11.95,11.95,11.95,100
896,11.925,11.925,11.925,11.925,100
897,11.9,11.95,11.9,11.95,2281
898,11.9,11.9,11.9,11.9,200
899,11.9,11.9,11.9,11.9,900
901,11.875,11.9,11.875,11.9,3176
902,11.895,11.9,11.85,11.85,1100
903,11.8,11.9,11.75,11.9,13653
a1496755800,11.75,11.75,11.75,11.75,578
1,11.75,11.75,11.75,11.75,1171
2,11.5,11.7,11.5,11.7,6929
4,11.5,11.55,11.4,11.55,8110
5,11.5,11.5,11.5,11.5,2100
7,11.475,11.5,11.475,11.5,1618
8,11.4743,11.4743,11.4743,11.4743,1000
9,11.45,11.45,11.45,11.45,100
10,11.35,11.475,11.35,11.475,4649
11,11.4,11.4,11.4,11.4,600
12,11.366,11.4,11.366,11.4,350
13,11.37,11.375,11.37,11.375,977
14,11.45,11.45,11.35,11.35,8178
15,11.5,11.5,11.45,11.5,1800
16,11.5,11.5,11.5,11.5,100
17,11.525,11.525,11.5,11.5,4600
18,11.6,11.6,11.5,11.5,44240
19,11.5,11.6,11.5,11.6,2600
20,11.5,11.5,11.5,11.5,100
21,11.5,11.5,11.5,11.5,200
22,11.5,11.5,11.5,11.5,200
23,11.5,11.5,11.5,11.5,100
26,11.475,11.475,11.45,11.45,500
27,11.425,11.45,11.425,11.45,1145
28,11.45,11.4836,11.4386,11.45,1231
29,11.45,11.45,11.45,11.45,600
31,11.45,11.45,11.45,11.45,100
32,11.5,11.5,11.5,11.5,100
33,11.5,11.5,11.5,11.5,100
35,11.45,11.5,11.45,11.5,300
36,11.45,11.45,11.45,11.45,100
38,11.5,11.6,11.475,11.5,16153
39,11.45,11.5,11.4,11.5,8607
144,11.45,11.45,11.45,11.45,243
145,11.5,11.5,11.5,11.5,500
146,11.45,11.55,11.45,11.5,4500
147,11.45,11.45,11.45,11.45,1380
148,11.5,11.5,11.4123,11.45,2068
150,11.475,11.5,11.45,11.475,5120
151,11.45,11.475,11.45,11.475,1500
152,11.4,11.45,11.4,11.4,6648
153,11.4,11.4,11.4,11.4,1100
154,11.4,11.45,11.375,11.4,16801
155,11.4,11.4,11.4,11.4,3648
156,11.4,11.45,11.4,11.4,14433
157,11.4,11.45,11.4,11.4,11590
158,11.4,11.45,11.4,11.4,4700
159,11.375,11.425,11.375,11.4,5447
160,11.4,11.4,11.4,11.4,100
161,11.4,11.4,11.4,11.4,2200
162,11.4,11.425,11.4,11.4,5720
163,11.4,11.4,11.4,11.4,800
164,11.4,11.4,11.4,11.4,100
165,11.4,11.4,11.375,11.4,2900
166,11.375,11.4,11.375,11.4,400
167,11.4,11.4,11.375,11.375,5463
168,11.5,11.5,11.4,11.4,2782
169,11.5,11.6,11.5,11.55,1951
170,11.5,11.5,11.5,11.5,100
171,11.45,11.45,11.45,11.45,1140
172,11.5,11.5,11.5,11.5,1100
173,11.6,11.6,11.5352,11.55,2159
174,11.5,11.6,11.5,11.6,2600
175,11.5,11.5,11.5,11.5,200
176,11.525,11.55,11.525,11.55,2707
177,11.5357,11.5357,11.525,11.525,700
179,11.5,11.525,11.5,11.525,200
180,11.525,11.55,11.525,11.55,1400
181,11.55,11.55,11.525,11.525,700
182,11.5,11.525,11.5,11.5,2700
183,11.45,11.5,11.45,11.5,38176
288,11.45,11.45,11.45,11.45,201
289,11.4347,11.4347,11.4347,11.4347,1000
290,11.55,11.55,11.5,11.5,2291
291,11.6,11.6,11.55,11.55,7100
292,11.7,11.7,11.55,11.6,5469
293,11.7,11.7,11.65,11.7,2200
294,11.9,11.9,11.7,11.725,17698
295,11.95,12,11.9,11.9,3216
296,11.9272,11.95,11.9272,11.95,1700
297,11.95,11.95,11.9,11.9,1100
298,11.95,11.95,11.95,11.95,1875
299,11.95,12,11.95,12,2520
300,11.905,11.95,11.905,11.95,2700
301,11.95,11.95,11.921,11.95,2000
302,11.95,12,11.95,11.95,700
303,11.975,12,11.95,12,900
304,11.95,11.95,11.95,11.95,1802
305,11.95,11.95,11.95,11.95,600
307,11.95,11.95,11.95,11.95,400
308,11.925,11.95,11.9,11.95,3424
309,11.9,11.95,11.9,11.9,1900
310,11.925,11.95,11.9,11.925,2400
311,11.9,11.925,11.85,11.925,3100
312,11.9,11.95,11.85,11.9,4100
313,11.9,11.95,11.9,11.925,1511
314,11.925,11.925,11.9,11.9,400
315,11.85,11.925,11.8,11.925,8388
316,11.9,11.9,11.85,11.85,822
319,11.9,11.95,11.9,11.9,2220
320,11.9,11.9,11.9,11.9,900
321,11.85,11.85,11.85,11.85,100
322,11.95,11.95,11.9,11.9,600
323,11.925,11.925,11.925,11.925,200
324,11.925,11.95,11.925,11.95,400
325,11.95,11.95,11.755,11.925,13290
326,11.95,11.95,11.925,11.925,3733
327,12,12,11.95,11.975,9745
432,12,12,12,12,833
433,12,12.05,12,12,21630
434,12.1,12.1,12.05,12.05,5498
435,12.1,12.1,12.1,12.1,1600
436,12.1,12.1,12.1,12.1,400
437,12.1,12.15,12.1,12.1,3456
438,12.125,12.15,12.1,12.15,11407
439,12.175,12.175,12.125,12.15,8029
440,12.175,12.2,12.175,12.175,2300
441,12.1,12.175,12.075,12.175,5022
442,12.1,12.1,12.1,12.1,3732
444,12.1,12.1,12.1,12.1,1000
445,12.1,12.1,12.1,12.1,3200
446,12.1,12.125,12.1,12.1,15011
447,12.1,12.15,12.0949,12.0949,620
448,12.1,12.15,12.1,12.1,8500
451,12.1,12.1,12.1,12.1,6000
452,12.1,12.1,12.1,12.1,3691
453,12.1,12.1,12.1,12.1,1620
454,12.1,12.15,12.1,12.15,2100
455,12.1,12.15,12.1,12.1,5200
456,12.1,12.15,12.1,12.1,3300
457,12.1,12.1,12.1,12.1,7374
458,12.1,12.1,12.1,12.1,200
460,12.05,12.1,12.05,12.1,861
461,12.125,12.15,12.1,12.1,3363
462,12.15,12.15,12.125,12.15,1000
463,12.15,12.15,12.125,12.125,800
464,12.15,12.15,12.125,12.125,300
465,12.125,12.125,12.125,12.125,300
466,12.125,12.15,12.125,12.15,2400
467,12.15,12.15,12.15,12.15,3500
468,12.175,12.2,12.15,12.15,5159
469,12.2,12.2,12.2,12.2,600
470,12.175,12.2,12.175,12.2,500
471,12.15,12.2,12.1,12.155,32482
864,12.15,12.15,12.15,12.15,592
865,12.175,12.2,12.15,12.15,4600
866,12.162,12.162,12.15,12.15,3778
867,12.15,12.15,12.1,12.1,14000
868,12.1,12.15,12.05,12.1,8951
869,12.1,12.1,12.1,12.1,100
870,12.1,12.15,12.1,12.15,26600
872,12.1,12.15,12.1,12.1,5400
873,12.1,12.15,12.1,12.1,7600
874,12.075,12.125,12.05,12.125,3222
875,12.025,12.1,12.025,12.05,7098
876,11.95,12.025,11.95,12.025,6236
877,11.85,12,11.85,11.9,5898
878,11.875,11.9,11.85,11.85,4204
879,11.9,11.9,11.85,11.875,1000
880,11.875,11.925,11.85,11.925,46150
881,11.85,11.9,11.85,11.9,2600
882,11.85,11.85,11.85,11.85,10541
883,11.85,11.85,11.85,11.85,200
884,11.85,11.85,11.8,11.8,400
885,11.85,11.85,11.85,11.85,100
886,11.85,11.85,11.85,11.85,196
887,11.8,11.85,11.8,11.825,9464
888,11.85,11.85,11.85,11.85,100
889,11.85,11.85,11.85,11.85,200
890,11.85,11.85,11.825,11.825,200
891,11.85,11.85,11.85,11.85,22200
892,11.85,11.875,11.85,11.85,1300
893,11.85,11.85,11.85,11.85,2726
894,11.9,11.9,11.85,11.85,11974
895,11.825,11.9,11.825,11.85,38124
896,11.85,11.85,11.8,11.8,1500
897,11.9,11.9,11.85,11.9,11512
898,12.05,12.05,11.85,11.9,10002
899,12.05,12.05,12.05,12.05,1800
900,12.05,12.05,12.05,12.05,1300
901,12.05,12.05,12,12.05,5379
902,12.05,12.05,12.025,12.05,2000
903,12.05,12.05,12,12.05,9790
a1497360600,12.05,12.05,12.05,12.05,231
1,12.1,12.15,12.05,12.1,27100
2,12,12.05,12,12.05,22660
3,12,12,11.95,12,9300
4,11.975,12,11.95,11.975,1000
5,11.95,12,11.95,12,8482
6,12,12,12,12,6365
7,12,12.05,12,12,800
8,12,12,12,12,3257
9,12,12,12,12,2100
10,12.05,12.05,12,12,4162
11,12,12,12,12,200
12,12,12.05,12,12,1378
13,12,12,12,12,800
14,12,12,11.95,12,1100
15,12.025,12.025,11.95,11.95,2712
16,12,12.05,11.95,11.95,600
17,12,12.05,11.95,11.95,600
18,12,12,12,12,100
19,12,12,12,12,3400
20,12,12,12,12,200
21,12,12.05,12,12.05,27690
22,12,12,12,12,2600
23,12,12,12,12,100
24,12,12.0239,12,12.0239,937
25,12,12.05,12,12.05,2800
26,12,12.05,12,12.05,300
27,12,12,12,12,2600
28,12,12.05,12,12,5600
29,12,12,11.95,12,3800
30,12,12,12,12,200
31,12,12,12,12,600
32,11.975,12,11.975,12,1200
34,12,12,12,12,500
35,11.975,11.975,11.95,11.975,600
36,12,12,11.95,11.95,733
37,12,12,11.95,12,2100
38,11.975,12,11.95,12,9946
39,12,12.025,11.95,11.95,6901
144,12,12,12,12,1401
145,11.9,11.95,11.9,11.95,550
146,12,12,11.95,11.95,7628
147,12,12.05,11.975,12,19272
148,12,12,11.975,11.975,500
149,12,12,12,12,5678
150,12,12.05,12,12,300
151,11.9819,12.05,11.95,12.05,1964
153,11.95,11.95,11.95,11.95,2724
154,11.95,11.95,11.95,11.95,500
155,11.95,11.95,11.95,11.95,100
156,11.925,11.95,11.9,11.95,7700
157,11.9,11.95,11.85,11.95,1400
158,11.85,11.85,11.85,11.85,100
159,11.85,11.85,11.85,11.85,1500
160,11.8,11.8,11.8,11.8,200
161,11.75,11.8,11.75,11.8,1000
162,11.8,11.8,11.8,11.8,300
163,11.85,11.85,11.85,11.85,300
164,11.8,11.85,11.8,11.8,800
165,11.8,11.8,11.75,11.8,1300
166,11.75,11.75,11.75,11.75,400
167,11.75,11.8,11.75,11.75,7200
168,11.8,11.8,11.75,11.75,800
169,11.8,11.85,11.75,11.85,1200
170,11.8,11.8,11.75,11.75,2600
171,11.75,11.8,11.75,11.8,400
172,11.75,11.8,11.75,11.75,3755
173,11.8,11.8,11.75,11.75,500
174,11.75,11.85,11.75,11.8,1500
175,11.8,11.8,11.75,11.75,3118
176,11.75,11.8,11.75,11.8,2000
177,11.775,11.8,11.75,11.75,1250
178,11.8,11.8,11.75,11.75,1800
179,11.85,11.85,11.75,11.775,18801
180,11.75,11.85,11.75,11.75,6100
181,11.775,11.85,11.75,11.8,13737
182,11.8,11.8,11.75,11.8,5907
183,11.7,11.8,11.7,11.8,26580
288,11.65,11.65,11.65,11.65,522
289,11.7,11.8,11.6,11.6,800
290,11.85,11.85,11.75,11.75,1069
291,11.8,11.8,11.8,11.8,1131
292,11.95,11.95,11.8,11.8,2821
293,12,12,11.95,12,1200
294,11.9,12,11.9,11.95,31302
295,12,12,11.9,11.9,1000
296,12.05,12.1,12.05,12.05,900
297,11.95,12.05,11.95,12.05,1300
298,11.95,11.95,11.9,11.9,400
299,11.95,11.955,11.95,11.955,1800
300,12,12,11.975,11.975,1200
301,12.05,12.05,12,12.025,808
302,12,12,12,12,1097
304,12.025,12.025,12,12,1000
305,12,12,12,12,500
306,12,12,11.95,11.95,500
307,11.975,12,11.975,12,800
308,12,12,12,12,700
309,12.05,12.05,12,12,600
310,12.05,12.05,12,12.05,600
311,12.1,12.1,12,12.05,600
312,12.1,12.1,12.1,12.1,2400
313,12.175,12.175,12.1,12.1,3323
314,12.25,12.25,12.2,12.2,4145
315,12.2,12.225,12.2,12.225,3700
316,12.15,12.2,12.15,12.2,3085
317,12.15,12.15,12.125,12.15,1282
318,12.2,12.2,12.15,12.15,500
319,12.2,12.2,12.2,12.2,699
320,12.175,12.2,12.125,12.2,3265
321,12.15,12.2,12.15,12.15,2200
322,12.2,12.2,12.15,12.15,600
323,12.2,12.2,12.2,12.2,943
324,12.2,12.2,12.15,12.155,1800
325,12.25,12.25,12.175,12.18,6005
326,12.225,12.25,12.2,12.2,2718
327,12.2,12.25,12.15,12.25,13785
433,12.05,12.05,12.05,12.05,50500
435,12.05,12.05,12.05,12.05,203
436,12.05,12.05,11.95,12.05,2982
437,12,12,12,12,100
438,12,12.05,12,12.05,300
440,12,12.05,12,12.05,400
442,12.05,12.05,12.05,12.05,1914
443,12.05,12.05,12.05,12.05,500
444,11.95,12.05,11.925,12.025,16757
445,11.95,11.95,11.95,11.95,2395
446,11.95,11.95,11.9271,11.95,1850
447,11.95,11.95,11.95,11.95,400
448,11.95,11.95,11.95,11.95,2228
451,11.95,11.95,11.9,11.95,400
453,11.95,11.95,11.9,11.9,300
454,11.95,11.95,11.85,11.9,3807
455,11.95,11.95,11.925,11.925,200
456,11.95,11.95,11.95,11.95,200
457,11.9,11.9,11.9,11.9,200
458,11.9,11.95,11.9,11.95,200
459,11.925,11.925,11.925,11.925,200
460,11.925,11.95,11.9,11.95,1933
461,11.925,11.95,11.925,11.95,400
462,11.925,11.95,11.9,11.9,1000
463,11.9,11.95,11.875,11.925,2834
464,11.875,11.875,11.875,11.875,100
465,11.875,11.9,11.875,11.9,1400
466,11.9,11.9,11.85,11.85,2282
467,11.9,11.9,11.875,11.875,400
468,11.875,11.9,11.875,11.875,400
469,11.9,11.9,11.875,11.9,2186
470,11.9,11.9,11.875,11.9,3698
471,12,12.05,11.9,11.9,19004
864,12,12,12,12,3438
865,11.9771,12,11.9,12,4420
866,12,12,11.9,11.95,1132
867,11.962,11.975,11.95,11.9745,1500
868,11.95,11.975,11.95,11.95,1313
869,11.925,11.95,11.9,11.95,3877
870,11.9,11.95,11.9,11.925,2100
871,11.905,11.905,11.8619,11.9,2738
872,11.875,11.945,11.875,11.945,4000
873,11.9,11.9,11.875,11.9,700
874,11.95,11.95,11.95,11.95,100
875,11.9089,11.95,11.9,11.95,700
876,11.85,11.9,11.8227,11.9,4855
877,11.85,11.85,11.85,11.85,200
878,11.85,11.85,11.85,11.85,1400
879,11.85,11.85,11.85,11.85,200
880,11.85,11.85,11.85,11.85,700
881,11.9,11.9,11.9,11.9,100
882,11.875,11.9,11.875,11.9,600
883,11.85,11.9,11.85,11.875,1500
884,11.85,11.9,11.85,11.85,300
885,11.95,11.95,11.9,11.9,6116
886,11.95,11.95,11.925,11.95,2373
887,11.95,12,11.95,11.95,600
888,11.925,11.925,11.9,11.9,300
889,11.9,11.9,11.9,11.9,100
890,11.9,11.9,11.9,11.9,300
891,11.95,11.95,11.925,11.925,300
892,11.9,11.95,11.9,11.95,300
893,11.925,11.95,11.9,11.9,300
894,11.9,11.9,11.9,11.9,2549
895,11.9,11.9412,11.9,11.9,2300
896,11.9,11.95,11.9,11.9183,2300
897,11.9,11.925,11.9,11.9,500
898,11.9,11.95,11.9,11.95,300
899,11.9,11.95,11.9,11.95,1216
900,11.875,11.95,11.875,11.95,3167
901,11.9,11.9,11.875,11.9,2476
902,11.95,11.95,11.9,11.9,2306
903,11.95,11.95,11.9,11.925,6148
a1497965400,11.9,11.9,11.9,11.9,300
1,11.85,11.85,11.75,11.75,1500
2,11.844,11.844,11.8,11.8,700
3,11.75,11.832,11.75,11.832,900
4,11.775,11.8,11.775,11.8,200
8,11.75,11.75,11.75,11.75,226
10,11.75,11.75,11.75,11.75,200
15,11.8,11.8,11.7744,11.7744,1155
16,11.755,11.755,11.755,11.755,135
17,11.775,11.8,11.75,11.8,747
18,11.75,11.75,11.7,11.75,3400
19,11.725,11.75,11.7,11.75,5700
20,11.75,11.75,11.7,11.7,700
21,11.7,11.725,11.7,11.725,700
22,11.7,11.75,11.7,11.7,900
24,11.65,11.75,11.65,11.75,800
25,11.65,11.65,11.65,11.65,400
26,11.65,11.65,11.65,11.65,552
27,11.7,11.7,11.7,11.7,3723
28,11.7,11.7,11.65,11.65,700
29,11.7,11.7,11.7,11.7,1500
30,11.7,11.7,11.7,11.7,600
31,11.75,11.75,11.7,11.7,1143
32,11.725,11.75,11.725,11.75,323
33,11.8,11.8,11.75,11.75,2782
34,11.775,11.8,11.75,11.75,1269
35,11.8,11.8,11.775,11.775,800
36,11.8,11.825,11.775,11.8,1300
37,11.85,11.85,11.8,11.825,49300
38,11.8,11.875,11.8,11.85,3987
39,11.8,11.9,11.8,11.8,11460
144,11.85,11.85,11.85,11.85,600
145,11.75,11.75,11.75,11.75,100
146,11.65,11.8,11.65,11.65,400
147,11.675,11.75,11.6,11.7,2863
148,11.65,11.65,11.65,11.65,200
149,11.7,11.7,11.65,11.65,1000
150,11.7,11.75,11.7,11.7,600
151,11.7,11.75,11.7,11.7,1800
152,11.725,11.725,11.7,11.7,500
153,11.85,11.85,11.7,11.7,2398
154,11.8,11.85,11.75,11.8,2627
155,11.75,11.8,11.75,11.75,500
156,11.75,11.75,11.75,11.75,200
157,11.75,11.75,11.75,11.75,500
158,11.7,11.75,11.7,11.725,909
159,11.725,11.8,11.7,11.8,11100
160,11.5,11.75,11.3,11.725,61822
161,11.55,11.55,11.5,11.5,1576
162,11.55,11.55,11.5,11.55,4490
163,11.65,11.65,11.6,11.6,400
164,11.65,11.65,11.575,11.6,620
165,11.65,11.65,11.65,11.65,1750
166,11.65,11.65,11.65,11.65,200
167,11.65,11.65,11.6,11.6411,1200
168,11.6,11.6,11.6,11.6,200
169,11.6,11.6,11.566,11.566,230
170,11.6,11.6,11.575,11.575,300
171,11.575,11.6,11.575,11.6,200
172,11.6,11.6,11.6,11.6,100
173,11.575,11.575,11.575,11.575,200
174,11.55,11.55,11.55,11.55,100
175,11.5,11.6,11.5,11.55,1500
177,11.525,11.55,11.525,11.55,200
179,11.525,11.525,11.525,11.525,200
180,11.5334,11.55,11.5334,11.55,447
181,11.5,11.55,11.5,11.525,2000
182,11.45,11.5,11.4,11.475,3788
183,11.4,11.4835,11.4,11.45,13047
288,11.45,11.45,11.45,11.45,457
289,11.3,11.3,11.3,11.3,200
290,11.4,11.45,11.3,11.4,639
291,11.35,11.35,11.3,11.3,800
292,11.45,11.45,11.35,11.35,2738
293,11.35,11.4,11.35,11.35,1393
294,11.3,11.4,11.3,11.35,600
295,11.3,11.35,11.25,11.3,13932
296,11.35,11.35,11.35,11.35,900
297,11.35,11.45,11.35,11.375,2500
298,11.35,11.45,11.35,11.35,1780
299,11.35,11.4,11.35,11.4,200
300,11.35,11.4,11.35,11.35,900
301,11.35,11.4,11.35,11.4,400
302,11.35,11.4,11.35,11.4,1500
303,11.25,11.4,11.25,11.4,900
304,11.25,11.3,11.25,11.25,944
305,11.3,11.35,11.275,11.3,2700
306,11.3,11.3,11.275,11.275,500
307,11.3,11.35,11.275,11.3,900
308,11.3,11.3,11.3,11.3,200
309,11.3,11.3,11.3,11.3,200
310,11.3,11.3,11.3,11.3,446
311,11.3,11.3,11.25,11.25,300
312,11.25,11.25,11.25,11.25,200
313,11.3,11.3,11.25,11.25,1595
314,11.25,11.35,11.25,11.35,200
315,11.3,11.3,11.3,11.3,300
316,11.35,11.35,11.25,11.275,2900
317,11.35,11.35,11.3,11.3,1689
318,11.35,11.35,11.3,11.35,500
319,11.3,11.3,11.3,11.3,100
320,11.35,11.35,11.325,11.325,600
321,11.4,11.4,11.325,11.325,900
322,11.35,11.4,11.35,11.4,300
323,11.3688,11.375,11.35,11.35,450
324,11.35,11.35,11.35,11.35,300
325,11.375,11.375,11.35,11.375,1300
326,11.4,11.4,11.35,11.4,700
327,11.35,11.4,11.35,11.35,3451
432,11.35,11.35,11.35,11.35,300
433,11.35,11.35,11.35,11.35,717
434,11.35,11.35,11.313,11.313,1007
435,11.2108,11.3,11.15,11.3,1500
436,11.275,11.3,11.2,11.25,2707
437,11.25,11.25,11.2087,11.2087,3619
438,11.25,11.3,11.2,11.25,900
439,11.2,11.3,11.2,11.25,600
440,11.2,11.25,11.2,11.2472,4696
441,11.2,11.225,11.2,11.2,1000
442,11.225,11.225,11.2,11.2,3742
443,11.2,11.2,11.2,11.2,4400
444,11.2,11.2,11.2,11.2,300
445,11.2,11.2,11.175,11.175,400
446,11.2,11.2,11.2,11.2,800
447,11.2,11.2,11.15,11.2,1831
448,11.15,11.2,11.15,11.2,1848
449,11.1,11.1,11.1,11.1,100
450,11.15,11.15,11.15,11.15,778
451,11.14,11.14,11.14,11.14,1000
452,11.15,11.15,11.15,11.15,1200
453,11.2,11.2,11.1,11.1,200
454,11.15,11.15,11.15,11.15,700
455,11.15,11.15,11.15,11.15,500
456,11.2,11.2,11.15,11.15,855
458,11.1,11.15,11.1,11.15,900
459,11.1,11.1,11.1,11.1,1000
460,11.1,11.15,11.1,11.15,815
461,11.1,11.1,11.1,11.1,4862
462,11.1,11.125,11.1,11.1,879
463,11.1,11.145,11.1,11.133,2000
464,11.1,11.1,11.1,11.1,2095
465,11.1,11.1,11.1,11.1,1100
466,11.15,11.15,11.1,11.1,9860
467,11.075,11.1,11.05,11.1,4120
468,11.1,11.15,11.05,11.075,3500
469,11.15,11.15,11.15,11.15,300
470,11.4,11.8,11.15,11.15,36525
471,11.4,11.8,11.3,11.4,210709
864,11.35,11.35,11.35,11.35,1663
865,11.4,11.65,11.4,11.575,1600
866,11.3,11.4,11.3,11.35,3369
867,11.325,11.35,11.3,11.35,3927
868,11.35,11.4,11.3,11.35,5791
869,11.4,11.45,11.375,11.4,3250
870,11.35,11.4,11.35,11.4,1127
871,11.4,11.4,11.35,11.35,500
872,11.425,11.425,11.375,11.375,3900
873,11.425,11.45,11.4,11.425,1810
874,11.3,11.45,11.3,11.4,3507
875,11.3,11.35,11.3,11.3,1150
876,11.35,11.35,11.3,11.35,800
877,11.35,11.35,11.3,11.3,3900
878,11.4,11.4,11.325,11.325,1600
879,11.4,11.4,11.35,11.35,1300
880,11.4,11.4,11.35,11.375,2400
881,11.375,11.4,11.35,11.375,1900
882,11.4,11.4,11.35,11.375,2600
883,11.375,11.4,11.35,11.4,2000
884,11.4,11.45,11.35,11.35,2300
885,11.425,11.45,11.4,11.425,2000
886,11.4,11.45,11.4,11.4,1800
887,11.35,11.425,11.35,11.425,11200
888,11.4,11.4,11.35,11.4,1000
889,11.4,11.4,11.35,11.4,500
890,11.3,11.4,11.3,11.35,4600
891,11.35,11.35,11.3,11.3,2500
892,11.3,11.35,11.3,11.3,1900
893,11.325,11.35,11.3,11.3,4000
894,11.35,11.35,11.3,11.35,1621
895,11.325,11.35,11.3,11.3,2379
896,11.35,11.35,11.3,11.3,1900
897,11.3,11.35,11.3,11.325,2900
898,11.325,11.35,11.3,11.3,1800
899,11.325,11.35,11.3,11.3,2800
900,11.225,11.35,11.2,11.3,21602
901,11.225,11.25,11.2,11.225,7359
902,11.225,11.25,11.1,11.2,18530
903,11.15,11.25,11.1,11.225,30504
a1498570200,11.15,11.15,11.15,11.15,1189
1,11.15,11.3,11.15,11.2,19700
2,11.125,11.25,11.1,11.25,3672
3,11.125,11.15,11.1,11.15,3610
4,11.15,11.15,11.1,11.125,3500
5,11.125,11.15,11.1,11.125,1700
6,11.15,11.15,11.1,11.125,2000
7,11.125,11.15,11.1,11.1,1300
8,11.15,11.15,11.1,11.1,2300
9,11.3,11.3,11.1,11.125,31899
10,11.3,11.3,11.25,11.275,5400
11,11.35,11.35,11.25,11.35,1200
12,11.45,11.45,11.35,11.35,5265
13,11.45,11.45,11.4,11.425,2800
14,11.425,11.45,11.4,11.45,4800
15,11.475,11.5,11.45,11.45,5200
16,11.375,11.5,11.35,11.475,8900
17,11.4,11.4,11.35,11.4,800
18,11.35,11.4,11.35,11.4,700
19,11.3,11.4,11.3,11.4,2800
20,11.35,11.35,11.3,11.3,800
21,11.35,11.35,11.3,11.35,800
22,11.25,11.35,11.25,11.35,2900
23,11.3,11.3,11.25,11.25,900
24,11.2,11.25,11.2,11.25,2200
25,11.25,11.25,11.2,11.225,1000
26,11.25,11.25,11.2,11.2,1200
27,11.2,11.25,11.2,11.25,3345
28,11.225,11.25,11.2,11.2,3200
29,11.25,11.25,11.2,11.225,8600
30,11.225,11.25,11.2,11.25,4800
31,11.25,11.25,11.2,11.225,2800
32,11.275,11.3,11.2,11.225,3510
33,11.275,11.275,11.25,11.275,1200
34,11.25,11.3,11.25,11.275,3900
35,11.25,11.275,11.2,11.25,7100
36,11.25,11.25,11.2,11.25,2500
37,11.25,11.25,11.2,11.225,5052
38,11.1,11.225,11.05,11.2,18090
39,11.1,11.125,11.05,11.1,29295
144,11.1,11.1,11.1,11.1,800
145,11,11.1,11,11.1,200
146,11.25,11.25,11.1,11.1,2700
147,11.225,11.25,11.225,11.225,1000
148,11.225,11.25,11.2,11.25,2288
149,11.225,11.25,11.2,11.25,1000
150,11.225,11.25,11.2,11.25,3165
151,11.25,11.25,11.2,11.225,2700
152,11.225,11.25,11.2,11.25,1700
153,11.2,11.25,11.2,11.225,2300
154,11.25,11.3,11.2,11.225,10643
155,11.25,11.3,11.2,11.25,4512
156,11.25,11.3,11.2,11.25,2100
157,11.2,11.25,11.2,11.2,1649
158,11.2,11.25,11.2,11.25,5100
159,11.25,11.25,11.2,11.25,4930
160,11.25,11.25,11.2,11.2,4712
161,11.225,11.25,11.2,11.25,5886
162,11.225,11.25,11.2,11.225,3414
163,11.225,11.25,11.2,11.225,3100
164,11.225,11.25,11.2,11.2,5562
165,11.25,11.25,11.2,11.25,3550
166,11.1,11.25,11.1,11.2,10751
167,11.15,11.15,11.1,11.125,500
168,11.1,11.15,11.1,11.1,1400
169,11.25,11.25,11.1,11.125,8638
170,11.225,11.25,11.2,11.25,1300
171,11.225,11.25,11.2,11.225,3450
172,11.25,11.25,11.2,11.225,1200
173,11.2,11.25,11.2,11.225,1452
174,11.15,11.2,11.15,11.2,3900
175,11.15,11.2,11.15,11.15,2472
176,11.15,11.2,11.15,11.15,3000
177,11.15,11.2,11.15,11.15,3650
178,11.175,11.2,11.15,11.175,800
179,11.2,11.2,11.15,11.2,2300
180,11.175,11.2,11.15,11.15,4356
181,11.2,11.2,11.15,11.2,4330
182,11.175,11.2,11.15,11.15,5800
183,11.05,11.2,11,11.175,76905
288,11.15,11.15,11.15,11.15,1704
289,11.15,11.4,11.1,11.25,3650
290,11.3,11.35,11.15,11.2,3400
291,11.15,11.3,11.1,11.3,5266
292,11.225,11.275,11.2,11.2,4077
293,11.25,11.25,11.2,11.2,2400
294,11.2,11.3,11.2,11.2,1600
295,11.25,11.3,11.2,11.3,2700
296,11.2,11.25,11.2,11.25,2772
297,11.225,11.275,11.2,11.25,5424
298,11.225,11.275,11.2,11.225,8045
299,11.2,11.25,11.2,11.25,3000
300,11.1,11.25,11.1,11.25,4516
301,11.15,11.15,11.05,11.15,2400
302,11.15,11.15,11.1,11.1,2005
303,11.15,11.15,11.1,11.15,1200
304,11.05,11.125,11.05,11.125,3976
305,11.05,11.1,11.05,11.05,1400
306,11.075,11.1,11.05,11.1,1000
307,11.075,11.1,11.05,11.1,800
308,11.1,11.125,11.1,11.1,1800
309,11.1,11.125,11.1,11.1,300
310,11.125,11.15,11.125,11.15,600
311,11.15,11.175,11.1,11.1,3000
312,11.1,11.125,11.1,11.1,1200
313,11.05,11.1,11.05,11.1,1698
314,11.15,11.15,11.1,11.1,2100
315,11.15,11.2,11.15,11.15,2800
316,11.15,11.2,11.15,11.15,5665
317,11.2,11.2,11.15,11.15,5540
318,11.2,11.25,11.2,11.2,5933
319,11.2,11.25,11.2,11.2,1600
320,11.25,11.25,11.15,11.2,2590
321,11.25,11.25,11.25,11.25,1500
322,11.25,11.25,11.225,11.225,10295
323,11.25,11.25,11.25,11.25,4100
324,11.25,11.25,11.225,11.25,3337
325,11.25,11.3,11.2,11.25,8000
326,11.225,11.25,11.2,11.25,6000
327,11.15,11.25,11.1,11.225,74610
432,11.2,11.2,11.2,11.2,600
433,11.15,11.2,11.15,11.2,2261
434,11,11,11,11,200
435,11.1,11.1,11.1,11.1,500
436,11.075,11.1,11.05,11.05,500
437,11.05,11.1,11.05,11.1,2895
438,11.05,11.15,11,11.075,13226
439,11.2,11.2,11,11,14183
440,11.225,11.25,11.15,11.25,3669
441,11.25,11.25,11.2,11.225,2515
442,11.25,11.35,11.2,11.25,29400
443,11.35,11.35,11.3,11.35,1500
444,11.4,11.4,11.35,11.35,8100
445,11.5,11.5,11.375,11.4,3856
446,11.425,11.425,11.375,11.4,3900
447,11.6,11.6,11.45,11.45,4000
448,11.525,11.6,11.5,11.5,1300
449,11.45,11.55,11.45,11.55,1600
450,11.45,11.475,11.4,11.4,4000
451,11.5,11.5,11.45,11.5,1100
452,11.35,11.5,11.35,11.5,4377
453,11.25,11.35,11.25,11.3,2045
454,11.25,11.35,11.25,11.25,1400
455,11.45,11.45,11.3,11.35,5400
456,11.45,11.45,11.425,11.45,3700
457,11.45,11.45,11.45,11.45,1500
458,11.45,11.475,11.45,11.45,3900
459,11.45,11.45,11.422,11.45,3000
460,11.445,11.45,11.4,11.45,14744
461,11.45,11.45,11.42,11.45,4700
462,11.5,11.5,11.425,11.45,5800
463,11.5,11.5,11.45,11.5,5950
464,11.45,11.5,11.45,11.475,2400
465,11.6,11.6,11.5,11.5,4020
466,11.55,11.6,11.5,11.55,2828
467,11.55,11.55,11.5,11.55,2800
468,11.6,11.6,11.55,11.55,3700
469,11.675,11.7,11.575,11.6,5600
470,11.7,11.75,11.55,11.7,19400
471,11.55,11.65,11.55,11.55,207925
864,11.65,11.65,11.65,11.65,1352
865,11.75,11.75,11.575,11.575,1000
866,11.7,11.75,11.65,11.75,3295
867,11.7,11.75,11.7,11.725,900
868,11.7,11.75,11.7,11.7,1685
869,11.925,11.95,11.7,11.7,6958
870,11.95,11.975,11.95,11.95,1000
871,11.925,11.95,11.9,11.9,700
872,11.95,11.95,11.9,11.9,1700
873,11.975,12,11.95,12,600
874,12.15,12.15,11.95,11.95,5451
875,12.15,12.15,12.125,12.125,1051
876,12.175,12.2,12.15,12.175,1300
877,12.15,12.2,12.05,12.2,4742
878,12.125,12.15,12.05,12.1,2800
879,12.2,12.2,12.125,12.15,1400
880,12.1,12.2,12.1,12.2,8298
881,12.05,12.1,12.05,12.1,3215
882,12.075,12.1,12.05,12.075,3499
883,12.075,12.1,12.05,12.1,5089
884,12.2,12.2,12.1,12.1,5161
885,12.25,12.325,12.15,12.2,32214
a1499261400,12.15,12.15,12.15,12.15,1359
1,11.95,12.1,11.95,12.1,3200
2,12.05,12.05,12,12.05,1400
3,12.05,12.1,11.95,12.1,4400
4,11.94,12.05,11.9,12.05,3000
5,11.95,11.95,11.95,11.95,300
6,12,12,11.95,11.95,500
7,12.1,12.1,12,12,1400
8,12.05,12.1,12.05,12.1,1300
9,12,12.025,11.95,12,3900
10,12,12,12,12,200
11,12,12.05,12,12,1209
12,11.85,12.05,11.85,12.05,2300
13,11.85,11.85,11.85,11.85,200
14,11.85,11.95,11.85,11.9,1800
15,11.95,11.95,11.85,11.95,4892
16,11.8,11.975,11.8,11.95,8347
17,11.95,11.95,11.8,11.85,2792
19,11.95,11.95,11.9,11.95,700
20,12.05,12.05,12,12,1200
21,12,12,12,12,400
22,12.05,12.05,12,12,1497
23,12.025,12.05,12.025,12.05,400
24,12,12,12,12,200
25,12,12.05,11.95,12.05,900
26,12.025,12.05,12,12,963
27,12.025,12.05,12,12.05,400
28,12,12.025,12,12.025,400
29,12,12.05,12,12.05,2002
30,12.05,12.05,12,12,800
31,12.025,12.025,12,12.025,500
32,12.05,12.05,12,12.05,1100
33,12,12.05,12,12.05,1200
34,11.95,12.05,11.95,12.05,400
35,11.975,12,11.975,12,300
36,12.025,12.025,11.95,12,4920
37,12.025,12.025,12,12.005,2900
38,12.025,12.05,12,12.025,3000
39,12.05,12.05,12,12,15862
