EXCHANGE%3DNASDAQ
MARKET_OPEN_MINUTE=570
MARKET_CLOSE_MINUTE=960
INTERVAL=600
COLUMNS=DATE,CLOSE,HIGH,LOW,OPEN,VOLUME
DATA=
TIMEZONE_OFFSET=-240
a1493127000,37.45,37.45,37.45,37.45,1222
1,37.65,37.75,37.5,37.65,7937
2,37.65,37.75,37.55,37.6,4470
3,37.85,37.85,37.625,37.7,4565
4,37.85,37.9,37.8,37.8,3497
5,37.8,37.85,37.8,37.85,3219
6,37.825,37.85,37.8,37.85,3100
7,37.8,37.85,37.725,37.85,5300
8,37.65,37.8,37.65,37.8,3128
9,37.75,37.825,37.7,37.7,5034
10,37.9,37.9,37.75,37.75,3300
11,38,38,37.875,37.95,4816
12,37.9,38,37.9,38,3609
13,37.95,38,37.85,37.95,4300
14,37.9,37.95,37.9,37.9,1700
15,37.95,37.95,37.9,37.9,900
16,37.9,37.95,37.9,37.95,1000
17,37.85,37.85,37.8,37.85,1800
18,37.9,37.9,37.85,37.9,700
19,37.75,37.85,37.7,37.85,2400
20,37.8,37.8,37.7,37.75,1191
21,37.75,37.75,37.7,37.75,1000
22,37.7,37.7,37.65,37.65,2244
23,37.75,37.8,37.75,37.75,1600
24,37.7,37.75,37.7,37.75,1100
25,37.7,37.75,37.675,37.7,2701
26,37.725,37.725,37.725,37.725,368
27,37.7,37.75,37.7,37.75,500
28,37.85,37.85,37.725,37.725,3963
29,37.85,37.9,37.825,37.85,1800
30,37.85,37.85,37.8,37.85,500
31,37.85,37.85,37.85,37.85,100
32,37.9,37.925,37.85,37.85,2700
33,37.85,37.9,37.85,37.9,2800
34,37.95,37.95,37.85,37.85,1892
35,37.85,37.925,37.85,37.9,4600
36,37.85,37.9,37.825,37.85,3300
37,37.7,37.825,37.7,37.8,4108
38,37.6,37.725,37.6,37.7,16756
39,37.5,37.625,37.5,37.6,51542
144,37.5,37.5,37.5,37.5,543
145,37.6,37.7,37.55,37.6,2500
146,37.8,37.8,37.55,37.6,3500
147,37.8,37.8,37.8,37.8,400
148,37.8,37.8,37.75,37.75,2225
149,37.85,37.85,37.75,37.75,1502
150,37.9,37.9,37.8,37.8,900
151,37.95,37.95,37.85,37.9,1905
152,38,38,37.85,37.9,1800
153,38.15,38.15,38,38,5668
154,38.1,38.2,38.05,38.1,3801
155,38.3,38.3,38.1,38.1,3700
156,38.55,38.55,38.3,38.35,7731
157,38.5,38.5,38.45,38.5,2262
158,38.25,38.4,38.25,38.4,3600
159,38.35,38.4,38.2,38.25,5400
160,38.325,38.35,38.275,38.325,3100
161,38.4,38.425,38.35,38.35,1693
162,38.4,38.45,38.4,38.45,2465
163,38.425,38.45,38.4,38.4,1300
164,38.45,38.5,38.425,38.45,2500
165,38.575,38.6,38.45,38.45,3359
166,38.65,38.65,38.55,38.6,3600
167,38.625,38.65,38.575,38.6,2900
168,38.55,38.675,38.55,38.65,2686
169,38.6,38.6,38.55,38.55,2236
170,38.5,38.65,38.45,38.55,3900
171,38.5,38.55,38.45,38.5,3007
172,38.4,38.5,38.35,38.5,5850
173,38.45,38.5,38.45,38.45,2400
174,38.55,38.6,38.45,38.45,1600
175,38.6,38.675,38.525,38.525,3000
176,38.7,38.75,38.625,38.65,2501
177,38.65,38.7,38.6,38.675,3000
178,38.7,38.725,38.6,38.6,2776
179,38.65,38.7,38.65,38.7,1401
180,38.7,38.7,38.55,38.65,6422
181,38.575,38.7,38.55,38.7,6450
182,38.475,38.6,38.425,38.55,6124
183,38.4,38.475,38.4,38.475,32994
288,38.6,38.6,38.6,38.6,380
289,38.4,38.45,38.4,38.45,800
290,38.45,38.6,38.2,38.25,3800
291,38.275,38.45,38.2,38.45,4596
292,38.15,38.3,38.1,38.3,3370
293,38.25,38.3,38.05,38.05,4370
294,38.05,38.2,38.025,38.15,2700
295,38.2,38.2,38.05,38.1,2100
296,38,38.25,38,38.2,2700
297,37.95,37.95,37.85,37.95,2000
298,37.95,38.1,37.9,38,2966
299,38.05,38.05,37.95,37.95,1981
300,38,38.05,37.95,38.05,2000
301,37.95,38,37.85,37.95,2787
302,37.95,38,37.925,37.925,1900
303,38,38,37.9,37.95,3607
304,38.15,38.15,38,38,3000
305,38.15,38.2,38.15,38.2,2300
306,38.15,38.2,38.1,38.2,3400
307,38.15,38.15,38.1,38.1,1000
308,38.2,38.2,38.15,38.15,1000
309,38.35,38.35,38.25,38.25,700
310,38.25,38.3,38.2,38.3,2236
311,38.2,38.25,38.2,38.25,1518
312,38.275,38.275,38.2,38.225,1500
313,38.2,38.275,38.2,38.25,3263
314,38.25,38.25,38.2,38.225,3215
315,38.2,38.275,38.175,38.25,3300
316,38.075,38.2,38.075,38.15,2100
317,38.15,38.15,38.025,38.075,4273
318,38.125,38.175,38.1,38.15,1100
319,38.2,38.2,38.125,38.15,3300
320,38.125,38.175,38.125,38.15,2100
321,38.2,38.2,38.075,38.125,4900
322,38.125,38.15,38.1,38.15,5492
323,38.15,38.225,38.125,38.125,2300
324,38.175,38.2,38.125,38.15,3785
325,38.075,38.2,38.075,38.175,4420
326,38.1,38.15,38.05,38.075,7056
327,38,38.1,38,38.075,52253
432,38.1,38.1,38.1,38.1,454
433,38,38,38,38,600
434,38.1,38.15,37.9,37.9,1900
435,38.15,38.15,38.125,38.15,500
436,38.125,38.175,38.075,38.15,4400
437,38.05,38.1,38.05,38.1,5500
438,37.975,38.05,37.95,38.05,2661
439,37.9,37.9,37.825,37.9,1922
440,37.75,37.95,37.75,37.9,4087
441,37.75,37.775,37.7,37.75,2500
442,37.7,37.8,37.7,37.75,2001
443,37.65,37.65,37.55,37.65,3100
444,37.65,37.7,37.6,37.6,2100
445,37.6,37.65,37.6,37.65,1600
446,37.45,37.6,37.45,37.6,1200
447,37.45,37.525,37.45,37.5,3113
448,37.5,37.5,37.45,37.5,1100
449,37.5,37.525,37.475,37.525,900
450,37.5,37.55,37.45,37.45,600
451,37.4,37.5,37.35,37.5,600
452,37.45,37.45,37.35,37.35,1200
453,37.475,37.475,37.45,37.45,781
454,37.525,37.55,37.45,37.45,2000
455,37.45,37.6,37.45,37.6,900
456,37.55,37.55,37.5,37.5,1200
457,37.55,37.55,37.55,37.55,400
458,37.45,37.55,37.45,37.55,1300
459,37.4,37.45,37.4,37.45,1200
460,37.45,37.5,37.4,37.425,4064
461,37.35,37.4,37.3,37.4,800
462,37.35,37.4,37.35,37.4,1200
463,37.325,37.4,37.325,37.35,2600
464,37.35,37.35,37.35,37.35,1000
465,37.2,37.3,37.2,37.3,3200
466,37.375,37.4,37.225,37.225,3300
467,37.425,37.45,37.35,37.4,3150
468,37.4,37.45,37.35,37.45,10891
469,37.375,37.4,37.35,37.375,7800
470,37.425,37.5,37.375,37.375,11877
471,37.4,37.55,37.35,37.45,87166
864,37.75,37.75,37.75,37.75,1667
865,37.7,37.9,37.65,37.9,1000
866,37.55,37.8,37.55,37.75,3802
867,37.35,37.45,37.35,37.45,1000
868,37.3,37.35,37.3,37.3,1978
869,37.475,37.475,37.25,37.25,2500
870,37.45,37.475,37.4,37.475,2200
871,37.6,37.65,37.5,37.5,2727
872,37.65,37.65,37.65,37.65,1824
873,37.5,37.6,37.475,37.6,2522
874,37.575,37.575,37.5,37.55,2000
875,37.65,37.7,37.55,37.55,4127
876,37.6,37.65,37.55,37.55,1500
877,37.55,37.575,37.45,37.575,4027
878,37.65,37.65,37.6,37.6,1600
879,37.7,37.7,37.65,37.65,1900
880,37.85,37.85,37.7,37.7,1300
881,37.8,37.825,37.75,37.8,3300
882,37.725,37.75,37.725,37.75,600
883,37.675,37.725,37.65,37.725,1322
884,37.65,37.75,37.65,37.7,1500
885,37.6,37.65,37.4,37.65,11039
886,37.6,37.6,37.525,37.55,3500
887,37.7,37.7,37.6,37.6,3120
888,37.75,37.75,37.7,37.7,500
889,37.8,37.825,37.775,37.8,1200
890,37.9,37.9,37.8,37.8,1475
891,37.9,37.95,37.85,37.9,2700
892,37.9,37.95,37.9,37.95,3600
893,37.9,37.9,37.85,37.9,1500
894,37.8,37.9,37.8,37.9,1600
895,37.7,37.75,37.675,37.75,2886
896,37.575,37.675,37.55,37.65,2500
897,37.6,37.6,37.575,37.6,3000
898,37.6,37.625,37.575,37.625,1600
899,37.55,37.625,37.5,37.6,4530
900,37.575,37.575,37.5,37.55,1700
901,37.45,37.6,37.45,37.55,8590
902,37.6,37.6,37.45,37.45,9296
903,37.7,37.75,37.6,37.6,40411
a1493731800,37.7,37.7,37.7,37.7,251
1,37.85,38,37.75,37.9,4800
2,37.5,37.775,37.475,37.775,1500
3,37.6,37.6,37.5,37.5,1504
4,37.35,37.6,37.35,37.5,4000
5,37.35,37.4,37.3,37.35,2300
6,37.4,37.4,37.35,37.35,2500
7,37.225,37.45,37.225,37.4,3564
8,37.15,37.2,37.15,37.2,1700
9,37.15,37.25,37.15,37.2,2100
10,37.075,37.15,37.075,37.125,800
11,37.2,37.2,37.1,37.1,3200
12,37.25,37.25,37.225,37.25,900
13,37.25,37.3,37.2,37.25,2400
14,37.1,37.25,37.1,37.25,2884
15,37,37.05,36.975,37.05,1100
16,37.15,37.15,37.05,37.05,3747
17,37.1,37.1,37.075,37.1,900
18,37.05,37.075,37.05,37.05,500
19,37,37.05,36.95,37,2200
20,37,37.05,37,37.05,900
21,37,37,37,37,1100
22,36.95,37,36.95,37,1000
23,36.85,36.9,36.8,36.9,3199
24,36.775,36.9,36.775,36.9,2100
25,36.8,36.85,36.8,36.8,900
26,36.8,36.85,36.775,36.8,1103
27,36.7,36.8,36.7,36.75,3400
28,36.85,36.85,36.7,36.7,2600
29,36.85,36.9,36.85,36.85,1000
30,36.75,36.85,36.75,36.85,2600
31,36.7,36.775,36.7,36.775,2146
32,36.8,36.8,36.725,36.75,1500
33,36.7,36.775,36.675,36.775,2489
34,36.75,36.75,36.75,36.75,1006
35,36.775,36.8,36.75,36.8,1500
36,36.75,36.8,36.75,36.775,1100
37,36.725,36.8,36.7,36.775,4980
38,36.8,36.825,36.75,36.75,6636
39,36.85,36.95,36.8,36.825,48157
144,36.6,36.6,36.6,36.6,1931
145,36.65,36.75,36.45,36.45,2570
146,36.8,36.8,36.65,36.7,4700
147,36.65,36.75,36.65,36.75,900
148,36.7,36.75,36.625,36.7,2400
149,36.75,36.775,36.7,36.7,2188
150,36.75,36.75,36.7,36.75,2078
151,36.7,36.75,36.65,36.7,4800
152,36.65,36.7,36.55,36.7,2920
153,36.55,36.65,36.55,36.65,1124
154,36.6,36.6,36.5,36.6,2787
155,36.65,36.65,36.575,36.575,3700
156,36.6,36.7,36.6,36.7,3478
157,36.65,36.65,36.575,36.6,1900
158,36.6,36.6,36.6,36.6,900
159,36.5,36.6,36.5,36.6,800
160,36.5,36.525,36.5,36.5,1300
161,36.45,36.5,36.45,36.5,1900
162,36.45,36.475,36.45,36.45,400
163,36.45,36.45,36.425,36.425,300
164,36.45,36.45,36.45,36.45,1385
165,36.45,36.5,36.35,36.45,3301
166,36.5,36.5,36.425,36.425,800
167,36.475,36.5,36.475,36.5,1300
168,36.5,36.5,36.425,36.5,2363
169,36.5,36.5,36.45,36.5,2765
170,36.5,36.525,36.45,36.5,1800
171,36.55,36.6,36.525,36.55,3000
172,36.65,36.7,36.55,36.6,5300
173,36.475,36.65,36.475,36.65,4128
174,36.6,36.625,36.475,36.5,4143
175,36.65,36.65,36.6,36.6,3756
176,36.8,36.8,36.7,36.7,5200
177,36.85,36.875,36.8,36.85,2174
178,36.825,36.9,36.8,36.8,6180
179,36.775,36.85,36.775,36.825,3763
180,36.75,36.8,36.675,36.75,8146
181,36.85,36.9,36.65,36.7,11093
182,36.875,36.9,36.825,36.825,3798
183,36.85,36.9,36.75,36.875,39603
288,37.2,37.2,37.2,37.2,1024
289,37.4,37.45,37.25,37.25,2287
290,37.35,37.45,37.2,37.35,5490
291,37.5,37.5,37.25,37.3,2300
292,37.35,37.45,37.3,37.4,2100
293,37.575,37.6,37.3,37.35,1400
294,37.45,37.55,37.45,37.55,3000
295,37.35,37.425,37.35,37.4,3400
296,37.1,37.3,37.1,37.3,2800
297,37.2,37.2,37.15,37.15,1700
298,37.35,37.4,37.25,37.25,2400
299,37.25,37.3,37.25,37.3,2600
300,37.2,37.3,37.2,37.3,800
302,37.2,37.25,37.2,37.2,500
303,37.1,37.2,37.1,37.2,1500
304,36.9,37.05,36.9,37.05,1900
305,36.8,36.875,36.75,36.875,2300
306,36.75,36.75,36.75,36.75,1700
307,36.75,36.75,36.65,36.75,2400
308,36.9,36.95,36.75,36.8,2500
309,36.9,36.95,36.9,36.95,900
310,36.9,36.9,36.85,36.85,400
312,36.9,36.9,36.8,36.85,1757
313,36.85,36.9,36.8,36.85,1938
314,36.95,36.95,36.95,36.95,900
315,36.95,36.95,36.85,36.9,2700
316,37,37.05,36.95,36.975,2721
317,36.95,37.058,36.95,37.05,1609
318,37,37,36.9,36.95,1033
319,37.05,37.1,37.05,37.05,1123
320,37.05,37.1,37.05,37.05,761
321,36.95,37.1,36.95,37.1,2500
322,36.95,37,36.95,37,1500
323,36.9,36.95,36.9,36.95,2800
324,36.9,36.95,36.9,36.95,1700
325,36.9,37,36.9,36.95,2200
326,36.925,36.95,36.9,36.9,1804
327,37.05,37.05,36.95,36.95,32482
432,37.2,37.2,37.2,37.2,1420
433,37.25,37.25,37.05,37.05,600
434,36.95,37.05,36.95,37.05,1752
435,36.8,36.85,36.75,36.85,1300
436,36.75,36.75,36.75,36.75,200
437,36.65,36.7,36.55,36.7,2400
438,36.6,36.7,36.55,36.7,2000
439,36.55,36.55,36.45,36.55,1200
440,36.55,36.6,36.5,36.5,1500
441,36.575,36.6,36.55,36.55,1300
442,36.65,36.65,36.65,36.65,100
443,36.7,36.7,36.65,36.65,400
444,36.7,36.75,36.7,36.75,1500
445,36.8,36.8,36.7,36.7,1600
446,36.8,36.8,36.8,36.8,400
447,36.8,36.8,36.75,36.8,500
448,36.85,36.85,36.75,36.8,400
449,36.625,36.75,36.6,36.75,2000
450,36.55,36.6,36.55,36.6,1306
451,36.45,36.525,36.45,36.525,1600
452,36.5,36.5,36.45,36.475,1200
453,36.5,36.525,36.5,36.525,200
455,36.55,36.6,36.55,36.55,1100
456,36.55,36.55,36.55,36.55,500
457,36.55,36.55,36.55,36.55,300
458,36.6,36.6,36.6,36.6,100
459,36.65,36.7,36.575,36.575,1400
460,36.65,36.65,36.625,36.625,700
461,36.675,36.7,36.65,36.65,800
462,36.7,36.7,36.675,36.675,300
463,36.6,36.65,36.6,36.65,1500
464,36.65,36.65,36.625,36.65,1300
465,36.6,36.6,36.6,36.6,400
466,36.65,36.65,36.575,36.575,1300
467,36.75,36.75,36.65,36.65,700
468,36.75,36.775,36.75,36.775,915
469,36.85,36.85,36.75,36.75,2202
470,36.8,36.9,36.8,36.825,5257
471,36.9,36.9,36.7,36.8,38309
864,36.75,36.75,36.75,36.75,481
865,36.85,36.9,36.8,36.9,1284
866,36.8,36.9,36.75,36.9,1500
867,36.8,36.8,36.8,36.8,400
868,36.85,36.85,36.7,36.7,600
869,36.75,36.75,36.65,36.7,800
870,36.75,36.8,36.75,36.75,800
871,36.7,36.75,36.7,36.75,200
872,36.9,36.95,36.8,36.8,810
873,36.65,36.85,36.65,36.85,1200
874,36.55,36.6,36.55,36.6,900
875,36.5,36.5,36.4,36.5,2243
876,36.5,36.5,36.45,36.45,1100
877,36.5,36.5,36.45,36.45,400
878,36.525,36.55,36.525,36.55,500
879,36.6,36.6,36.55,36.55,400
880,36.55,36.575,36.5,36.55,600
881,36.55,36.6,36.55,36.575,500
882,36.5,36.5,36.5,36.5,300
883,36.55,36.55,36.5,36.5,622
884,36.75,36.75,36.6,36.6,800
885,36.75,36.8,36.75,36.75,1200
886,36.8,36.8,36.75,36.75,400
887,36.7,36.75,36.7,36.75,600
889,36.7,36.7,36.7,36.7,100
890,36.7,36.75,36.7,36.75,300
891,36.8,36.85,36.75,36.75,2100
892,36.775,36.8,36.75,36.8,400
893,36.7,36.8,36.7,36.8,709
894,36.7,36.75,36.7,36.75,400
895,36.65,36.7,36.6,36.7,1500
896,36.55,36.6,36.55,36.6,800
897,36.6,36.6,36.55,36.55,600
898,36.65,36.7,36.55,36.65,3200
899,36.8,36.8,36.7,36.7,600
900,36.675,36.775,36.675,36.775,2838
901,36.65,36.7,36.575,36.7,4800
902,36.725,36.75,36.65,36.65,2400
903,36.8,36.9,36.7,36.75,28422
a1494336600,36.85,36.85,36.85,36.85,316
1,37.05,37.15,36.35,36.35,1400
2,36.85,36.95,36.85,36.95,1200
3,37,37,36.85,36.85,1600
4,36.9,37,36.85,37,1422
5,36.85,36.85,36.85,36.85,800
6,36.8,36.85,36.75,36.8,1800
7,36.575,36.75,36.525,36.75,2400
8,36.6,36.6,36.5,36.5,1100
9,36.55,36.55,36.5,36.55,1200
10,36.4,36.5,36.4,36.5,2100
11,36.25,36.375,36.15,36.35,7700
12,36.15,36.2,36.1,36.175,1600
13,36.2,36.2,36.15,36.2,1495
14,36.3,36.3,36.15,36.2,1400
15,36.35,36.4,36.275,36.275,1700
16,36.35,36.35,36.3,36.35,713
17,36.325,36.35,36.3,36.35,1697
18,36.3,36.3,36.3,36.3,500
19,36.25,36.3,36.2,36.3,1500
20,36.25,36.25,36.15,36.2,2000
21,36.25,36.25,36.2,36.2,1300
22,36.25,36.25,36.25,36.25,500
23,36.2,36.3,36.15,36.3,1400
24,36.05,36.25,36.05,36.2,2800
25,36.1,36.1,36.05,36.05,1300
26,36.1,36.2,36.05,36.05,1800
27,36.1,36.15,36.05,36.15,2800
28,35.95,36.1,35.95,36.1,2900
29,36,36,35.925,35.95,1100
30,35.95,36.05,35.95,36.05,2300
31,35.85,36,35.85,35.95,1900
32,35.925,35.925,35.85,35.85,2100
33,35.85,35.9,35.85,35.9,300
34,35.875,35.95,35.85,35.9,3700
35,35.725,35.875,35.7,35.875,5900
36,35.725,35.75,35.675,35.75,4100
37,35.55,35.725,35.55,35.725,13995
38,35.6,35.65,35.475,35.575,17830
39,35.75,35.85,35.6,35.625,50793
144,35.55,35.55,35.55,35.55,1042
145,35.75,35.75,35.7,35.7,200
146,35.6,35.85,35.6,35.75,2271
147,35.75,35.8,35.65,35.7,1200
148,35.75,35.8,35.7,35.75,2500
149,35.75,35.85,35.7,35.7,3709
150,35.75,35.75,35.675,35.675,18413
151,35.6,35.75,35.55,35.75,10400
152,35.65,35.75,35.6,35.6,3298
153,35.65,35.65,35.6,35.65,3300
154,35.7,35.75,35.65,35.65,2759
155,35.8,35.8,35.75,35.8,1639
156,35.75,35.8,35.75,35.75,2900
157,35.625,35.75,35.625,35.75,3558
158,35.6,35.65,35.6,35.65,8697
159,35.6,35.625,35.6,35.6,1200
160,35.65,35.7,35.6,35.6,1897
161,35.65,35.65,35.65,35.65,400
162,35.65,35.7,35.65,35.7,1829
163,35.75,35.75,35.7,35.7,2349
164,35.7,35.75,35.7,35.75,200
165,35.75,35.8,35.725,35.75,2741
166,35.85,35.875,35.75,35.75,1500
167,35.825,35.85,35.825,35.85,200
168,35.85,35.85,35.85,35.85,809
169,35.8,35.8,35.8,35.8,100
170,35.75,35.8,35.725,35.8,5797
171,35.75,35.775,35.75,35.775,400
172,35.65,35.7,35.625,35.7,2900
173,35.675,35.7,35.65,35.65,900
174,35.625,35.7,35.625,35.7,1880
175,35.7,35.7,35.6,35.65,2600
176,35.65,35.65,35.625,35.65,1000
177,35.6,35.65,35.6,35.65,3740
178,35.625,35.625,35.6,35.625,2900
179,35.6,35.625,35.6,35.6,4600
180,35.625,35.625,35.6,35.6,2200
181,35.75,35.75,35.6,35.625,33201
182,35.775,35.8,35.725,35.725,3700
183,35.75,35.85,35.7,35.8,34621
288,35.45,35.45,35.45,35.45,675
289,35.65,35.75,35.6,35.65,2007
290,35.6,35.7,35.6,35.65,4518
291,35.5,35.6,35.5,35.6,15400
292,35.4,35.5,35.35,35.5,6891
293,35.3,35.35,35.25,35.35,2500
294,35.15,35.25,35.075,35.25,6334
295,35.2,35.2,34.95,35.15,17877
296,35.3,35.35,35.25,35.25,1100
297,35.5,35.5,35.3,35.325,1800
298,35.7,35.7,35.55,35.55,4268
299,35.85,35.85,35.75,35.75,2000
300,35.9,35.9,35.85,35.85,2100
301,35.75,35.875,35.75,35.85,5094
302,35.75,35.8,35.75,35.75,1903
303,35.8,35.8,35.7,35.7,2200
304,35.8,35.8,35.8,35.8,1300
305,35.8,35.8,35.75,35.775,5155
306,35.75,35.8,35.75,35.8,1208
307,35.825,35.825,35.8,35.8,1100
308,35.825,35.825,35.8,35.8,1100
309,35.7,35.8,35.7,35.8,1900
310,35.725,35.725,35.675,35.7,3600
311,35.75,35.775,35.7,35.75,2179
312,35.75,35.775,35.75,35.75,1800
313,35.775,35.8,35.75,35.75,1600
314,35.825,35.825,35.7,35.75,7272
315,35.85,35.85,35.825,35.825,2361
316,35.8,35.85,35.8,35.85,1400
317,35.85,35.85,35.775,35.8,2900
318,35.85,35.85,35.85,35.85,300
319,35.875,35.875,35.8,35.8,5100
320,35.8,35.875,35.8,35.875,8862
321,35.7,35.75,35.7,35.75,1312
322,35.7,35.725,35.7,35.725,700
323,35.7,35.7,35.7,35.7,1300
324,35.6,35.7,35.6,35.7,1860
325,35.7,35.7,35.6,35.6,1500
326,35.65,35.7,35.65,35.7,4514
327,35.55,35.7,35.475,35.625,41448
432,35.25,35.25,35.25,35.25,715
433,35.05,35.45,35,35.4,1600
434,35.2,35.2,34.95,35.1,900
435,35.2,35.2,34.95,35.1,3829
436,35.1,35.25,35.1,35.25,2100
437,34.95,35.1,34.9,35.1,2478
438,34.8,35,34.8,34.95,500
439,34.8,34.8,34.7,34.75,1078
440,34.7,34.75,34.65,34.75,1900
441,34.65,34.7,34.65,34.7,700
442,34.7,34.7,34.599,34.6,3207
443,34.65,34.75,34.65,34.75,902
444,34.75,34.75,34.65,34.65,700
445,34.9,34.9,34.75,34.75,1400
446,34.8,34.9,34.8,34.9,830
448,34.85,34.85,34.85,34.85,100
449,34.95,34.95,34.9,34.9,2875
450,35.1,35.1,35.025,35.025,600
451,35.15,35.15,35.075,35.075,1000
452,35.2,35.225,35.175,35.2,1640
453,35.15,35.15,35.1,35.15,1400
454,35.1,35.15,35.1,35.15,1000
455,35.15,35.15,35.125,35.15,1000
456,35.2,35.2,35.2,35.2,1501
457,35.175,35.175,35.175,35.175,100
458,35.2,35.2,35.175,35.175,800
459,35.15,35.2,35.15,35.2,1200
460,35.1,35.15,35.1,35.1,600
461,35.1,35.15,35,35.05,2434
462,35.025,35.05,35,35.05,720
463,35.1,35.125,35.05,35.05,4000
464,35.15,35.15,35.1,35.1,800
465,35.15,35.15,35.125,35.15,400
466,35.1,35.15,35.05,35.15,2400
467,35.05,35.15,35,35.15,3737
468,35.0247,35.05,34.95,35,3835
469,35.1,35.125,34.95,35,15174
470,35.1,35.2,35.05,35.1,10536
471,35.2,35.2,35.1,35.1,28004
864,35.45,35.45,35.45,35.45,1402
865,35.5,35.6,35.5,35.6,1000
866,35.45,35.6,35.35,35.6,2300
867,35.5,35.55,35.5,35.5,800
868,35.55,35.6,35.55,35.55,2274
869,35.65,35.7,35.6,35.6,6000
870,35.6,35.6,35.6,35.6,600
871,35.5086,35.55,35.5,35.55,3359
872,35.55,35.55,35.5,35.5,1313
873,35.65,35.65,35.5,35.5,2400
874,35.7,35.75,35.7,35.7,3049
875,35.65,35.725,35.6,35.7,2988
876,35.7,35.725,35.6,35.65,2459
877,35.7,35.8,35.7,35.7,1800
878,35.65,35.65,35.625,35.65,1200
879,35.6,35.65,35.6,35.65,1214
880,35.6,35.6,35.6,35.6,1200
881,35.55,35.6,35.55,35.55,1200
882,35.5,35.575,35.5,35.575,1400
883,35.55,35.55,35.5,35.5,300
884,35.6,35.6,35.6,35.6,1700
885,35.6,35.6,35.55,35.55,200
886,35.5,35.575,35.5,35.55,1949
887,35.55,35.6,35.55,35.55,2300
888,35.6,35.6,35.6,35.6,200
889,35.65,35.65,35.65,35.65,400
890,35.6,35.65,35.6,35.65,2300
891,35.6,35.6,35.6,35.6,400
892,35.525,35.55,35.525,35.55,400
893,35.5,35.525,35.45,35.525,3700
894,35.3,35.5,35.3,35.5,7000
895,35.35,35.35,35.35,35.35,1000
896,35.4,35.4,35.35,35.35,4000
897,35.35,35.4,35.35,35.4,2894
898,35.4,35.4,35.35,35.35,1000
899,35.35,35.4,35.35,35.4,2803
900,35.475,35.5,35.4,35.4,2800
901,35.5,35.55,35.45,35.475,3694
902,35.55,35.55,35.425,35.5,7477
903,35.55,35.6,35.5,35.525,35395
a1494941400,35.55,35.55,35.55,35.55,1094
1,35.55,35.55,35.55,35.55,565
2,35.45,35.6,35.35,35.6,2300
3,35.35,35.45,35.35,35.45,800
4,35.5,35.5,35.45,35.45,3905
5,35.55,35.6,35.5,35.5,1100
6,35.35,35.55,35.35,35.55,2000
7,35.25,35.4,35.25,35.4,1800
8,35.2,35.2,35.15,35.2,1300
9,35.2,35.25,35.2,35.2,1540
10,35.3,35.3,35.1,35.15,2000
11,35.2,35.25,35.2,35.25,1369
12,35.35,35.35,35.25,35.25,2599
13,35.4,35.4,35.275,35.3,1937
14,35.4,35.45,35.35,35.45,3405
15,35.5,35.5,35.45,35.45,800
16,35.4,35.45,35.4,35.45,1721
17,35.5,35.5,35.425,35.45,1600
18,35.5,35.5,35.5,35.5,201
19,35.5,35.5,35.5,35.5,200
20,35.45,35.45,35.45,35.45,1000
21,35.5,35.5,35.5,35.5,1300
22,35.45,35.45,35.45,35.45,711
23,35.5,35.5,35.45,35.5,1000
24,35.4217,35.45,35.4,35.45,4762
25,35.45,35.45,35.45,35.45,400
26,35.45,35.5,35.45,35.5,2300
27,35.45,35.475,35.45,35.45,1458
28,35.45,35.45,35.45,35.45,300
29,35.5,35.5,35.45,35.45,2773
30,35.5,35.5,35.45,35.5,1711
31,35.55,35.55,35.5,35.5,2500
32,35.5,35.5,35.5,35.5,600
33,35.6,35.6,35.55,35.55,1948
34,35.6,35.6,35.6,35.6,1000
35,35.59,35.59,35.55,35.55,1900
36,35.625,35.625,35.55,35.55,2200
37,35.65,35.65,35.6,35.6,2952
38,35.7,35.7,35.675,35.675,900
39,35.7,35.7,35.65,35.7,17414
144,34.75,34.75,34.75,34.75,5205
145,34.65,34.95,34.575,34.65,9112
146,34.5,34.75,34.5,34.7,2504
147,34.35,34.55,34.35,34.5,5025
148,34.35,34.4,34.25,34.35,6500
149,34.35,34.35,34.3,34.3,2000
150,34.25,34.4,34.25,34.35,7226
151,34.05,34.2,34.05,34.2,3000
152,34.05,34.1,34.05,34.1,2400
153,33.85,34.1,33.85,34.1,2400
154,33.85,33.95,33.85,33.85,2800
155,34,34,33.85,33.85,3629
156,33.95,34,33.9,34,5600
157,33.9,33.95,33.85,33.9,2800
158,33.95,33.95,33.9,33.9,2500
159,34,34,33.9,33.95,3240
160,33.9,34,33.9,34,800
161,33.85,33.9,33.8,33.9,3598
162,33.75,33.8,33.75,33.8,3700
163,33.75,33.75,33.65,33.745,3400
164,33.85,33.85,33.75,33.75,2800
165,33.9,33.95,33.9,33.9,1642
166,33.9,33.9,33.845,33.9,4013
167,33.8,33.85,33.75,33.85,2887
168,33.75,33.85,33.75,33.8,7261
169,33.7,33.8,33.7,33.7651,1793
170,33.7,33.7,33.65,33.7,4123
171,33.7,33.75,33.7,33.75,2500
172,33.75,33.8,33.7,33.725,7742
173,33.45,33.75,33.35,33.75,9207
174,33.45,33.5,33.35,33.4935,4244
175,33.55,33.6,33.5,33.5,4543
176,33.55,33.55,33.45,33.55,3990
177,33.7,33.7,33.55,33.55,3300
178,33.75,33.775,33.675,33.7,3100
179,33.8,33.85,33.65,33.7,6321
180,33.75,33.9,33.75,33.85,6712
181,33.825,33.85,33.75,33.75,7648
182,33.7,33.875,33.675,33.85,7917
183,33.6,33.75,33.6,33.65,49480
288,33.5,33.5,33.5,33.5,1980
289,33.8,33.8,33.5,33.5,500
290,33.65,33.8,33.55,33.7,3504
291,33.55,33.65,33.55,33.6,2600
292,33.8,33.8,33.6,33.6,4339
293,33.825,33.85,33.7,33.75,4800
294,33.95,33.95,33.75,33.8,3141
295,33.95,34,33.85,34,2700
296,33.85,33.9,33.8,33.9,1600
297,33.85,33.9,33.8,33.9,1800
298,33.9,33.95,33.8,33.9,3200
299,33.85,33.9,33.8,33.9,2700
300,33.8,33.9,33.8,33.9,1500
301,33.7,33.75,33.7,33.75,1100
302,33.65,33.65,33.55,33.65,6220
303,33.65,33.8,33.65,33.75,5100
304,33.6,33.725,33.55,33.7,6100
305,33.75,33.75,33.7,33.7,3400
306,33.9,33.95,33.8,33.8,2600
307,33.85,34,33.85,33.95,5000
308,33.85,33.85,33.8,33.85,2075
309,34.05,34.05,33.8,33.85,2800
310,34,34,33.95,34,3000
311,33.9,34,33.9,34,3310
312,33.875,33.9,33.85,33.9,1100
313,33.8,33.85,33.8,33.85,2100
314,33.85,33.85,33.8,33.85,2300
315,33.95,33.95,33.8,33.8,3517
316,34.05,34.05,34,34,2344
317,33.95,34,33.95,34,2517
318,34,34,33.95,34,1900
319,34.1,34.15,34.05,34.05,3148
320,34.1,34.1,34.1,34.1,600
321,34.05,34.1,34.05,34.1,2494
322,33.95,34.05,33.95,34.05,2800
323,33.85,33.975,33.85,33.975,1800
324,33.95,34,33.9,33.9,2309
325,34.025,34.025,33.975,34,3544
326,34.1,34.1,33.9,34,9770
327,33.95,34.15,33.9,34.1,47862
432,33.9,33.9,33.9,33.9,9912
433,33.8,33.8,33.8,33.8,100
434,34.3,34.3,33.95,33.95,1208
435,34.2,34.3,34.2,34.3,1294
436,34.15,34.25,34.15,34.15,1554
437,34.3,34.3,34.1,34.1,2000
438,34.35,34.35,34.2,34.25,3909
439,34.2,34.25,34.2,34.25,2600
440,34.1,34.2,34.1,34.2,5400
441,34.1,34.1,34.05,34.05,2100
442,34.05,34.15,34.05,34.15,2773
443,33.95,34.1,33.95,34.1,2200
444,33.9,33.9,33.85,33.9,1700
445,33.9,33.925,33.85,33.85,3591
446,33.85,33.85,33.85,33.85,500
447,33.85,33.85,33.8,33.8,2400
448,33.9,33.95,33.9,33.9,2600
449,33.85,33.9,33.85,33.85,2200
450,33.9,33.9,33.85,33.9,1400
451,34,34,33.95,33.95,1900
452,34.05,34.05,33.975,33.975,400
453,34.05,34.05,34.05,34.05,900
454,34,34.05,34,34.05,2280
455,34,34.025,34,34,300
456,34.05,34.05,34,34,942
457,34,34.05,34,34.05,2100
458,33.95,33.95,33.95,33.95,1400
459,34.1,34.1,34,34,1673
460,34.125,34.175,34.1,34.125,3200
461,34.1248,34.1248,34.1,34.1,700
462,34.1,34.1,34.05,34.1,1200
463,34.1,34.1,34.05,34.05,2059
464,34.25,34.25,34.15,34.15,3736
465,34.2,34.25,34.2,34.25,800
466,34.1,34.175,34.1,34.15,3100
467,34,34.125,34,34.1,4719
468,33.85,34,33.85,34,4888
469,33.9,33.975,33.85,33.85,8458
470,33.9,33.95,33.85,33.9,5647
471,33.8,34,33.8,33.95,33349
864,33.95,33.95,33.95,33.95,182
865,34,34.05,34,34,600
867,33.85,33.875,33.85,33.85,1396
868,33.85,34,33.85,33.85,2400
869,33.75,33.8,33.75,33.8,700
870,33.75,33.75,33.75,33.75,200
871,33.7,33.8,33.65,33.8,1900
872,33.55,33.7,33.55,33.65,2900
873,33.55,33.6,33.5,33.6,1500
874,33.6,33.6,33.5,33.5,2600
875,33.7,33.7,33.65,33.65,600
876,33.75,33.8,33.7,33.775,1100
877,33.75,33.75,33.75,33.75,400
878,33.8,33.8,33.8,33.8,800
879,33.85,33.85,33.8,33.8,800
880,33.85,33.85,33.8,33.8,1100
881,34,34,33.9,33.9,1818
882,33.95,34,33.95,34,1600
883,33.9,33.9,33.9,33.9,400
884,33.875,33.875,33.85,33.85,200
885,33.8,33.85,33.8,33.85,1114
886,33.75,33.75,33.75,33.75,1000
887,33.8,33.8,33.75,33.75,1347
888,33.8,33.8,33.8,33.8,100
889,33.75,33.8,33.75,33.8,1700
890,33.8,33.8,33.8,33.8,300
891,33.8,33.8,33.75,33.8,1613
892,33.75,33.75,33.75,33.75,500
893,33.75,33.8,33.75,33.75,1500
894,33.775,33.775,33.75,33.75,1200
895,33.8,33.8,33.75,33.8,600
896,33.8,33.8,33.8,33.8,300
897,33.75,33.8,33.75,33.8,1035
898,33.75,33.75,33.75,33.75,1337
899,33.7,33.8,33.7,33.8,1400
900,33.7,33.75,33.7,33.7,1500
901,33.75,33.85,33.75,33.75,5331
902,33.95,33.95,33.8,33.8,5649
903,33.9,33.95,33.85,33.9,28363
a1495546200,33.95,33.95,33.95,33.95,1088
1,33.7,33.9,33.7,33.9,2200
2,33.6,33.65,33.6,33.65,717
3,33.6,33.6,33.5,33.55,1100
4,33.65,33.65,33.55,33.55,2190
5,33.6,33.6,33.5,33.55,1300
6,33.75,33.75,33.55,33.6,1543
7,33.85,33.875,33.75,33.75,1000
8,33.9,33.9,33.9,33.9,100
9,33.95,33.95,33.9,33.9,776
10,34,34,33.95,33.95,1300
11,34,34,34,34,200
12,34.15,34.15,34,34,2260
13,34.2,34.2,34.15,34.2,2200
14,34.3,34.3,34.25,34.25,500
15,34.25,34.3,34.25,34.3,1700
16,34.25,34.305,34.2,34.25,5893
17,34.275,34.35,34.275,34.3,1500
18,34.1,34.25,34.1,34.25,3733
19,34.15,34.15,34.05,34.05,300
20,34.1,34.15,34.05,34.15,1789
21,34,34.075,34,34.05,1000
22,34.05,34.05,34,34.05,400
23,34,34.05,34,34.05,3600
24,34.05,34.05,33.975,33.975,3253
25,34.05,34.1,34.05,34.05,2037
26,34.1,34.1,34.05,34.05,800
27,34.15,34.15,34.15,34.15,100
28,34.2,34.2,34.125,34.125,1100
29,34.2,34.25,34.15,34.15,1048
30,34.25,34.25,34.15,34.15,2900
31,34.3,34.3,34.2,34.25,1300
32,34.5,34.5,34.35,34.35,3332
33,34.45,34.5,34.45,34.5,1700
34,34.5,34.5,34.45,34.45,2400
35,34.5,34.5,34.5,34.5,513
36,34.35,34.45,34.35,34.45,3123
37,34.35,34.35,34.3,34.35,3290
38,34.275,34.35,34.275,34.3,3456
39,34.3,34.325,34.25,34.3,17583
144,34.35,34.35,34.35,34.35,257
145,34.25,34.25,34.2,34.25,771
146,34.3,34.3,34.25,34.3,1200
147,34.25,34.4,34.2,34.35,1700
148,34.15,34.25,34.1,34.25,1724
149,34.2,34.2,34.2,34.2,784
150,34.3,34.3,34.15,34.15,1100
151,34.3,34.35,34.25,34.25,1200
152,34.3,34.3,34.2,34.25,2100
153,34.25,34.3,34.25,34.3,501
154,34.2,34.25,34.15,34.25,1530
155,34.2253,34.2253,34.2253,34.2253,270
156,34.3,34.3,34.25,34.25,600
157,34.325,34.325,34.275,34.275,500
158,34.25,34.3,34.25,34.3,600
159,34.1,34.25,33.95,34.25,6929
160,34.05,34.15,34.05,34.15,900
161,34.1,34.1,34.1,34.1,500
162,34.2,34.2,34.1,34.1,1978
163,34.1,34.15,34.1,34.15,1809
164,34.05,34.05,34.05,34.05,100
165,34,34.1,34,34.05,700
166,33.85,34,33.85,34,3555
167,33.9,33.95,33.9,33.9,2024
168,33.85,33.85,33.8,33.85,3100
169,33.95,33.95,33.85,33.85,1300
170,33.9,33.95,33.9,33.95,800
172,33.85,34.025,33.8,33.975,5728
173,34,34,33.8,33.9,3279
174,34.05,34.05,34,34,1500
175,34,34.075,34,34.05,2700
176,33.95,34,33.95,34,531
177,34.05,34.05,33.95,34,300
178,33.95,34,33.85,34,4712
179,34,34.05,33.975,33.975,2072
180,33.95,34,33.95,34,1200
181,34.05,34.075,34,34,2220
182,34.075,34.1,34.075,34.075,1900
183,34,34.15,34,34.1,17491
288,33.7,34.2,33.7,34.2,1070
289,34.1,34.1,34,34,600
290,34.2,34.2,34.1,34.1,800
291,34.15,34.15,34.15,34.15,400
292,34.2,34.25,34.15,34.15,1373
293,34.35,34.35,34.25,34.25,3525
294,34.4,34.4,34.3,34.325,1000
295,34.45,34.45,34.45,34.45,700
296,34.45,34.5,34.45,34.5,800
297,34.25,34.45,34.25,34.45,1500
298,34.4,34.4,34.25,34.25,2778
299,34.3,34.4,34.3,34.4,2620
300,34.25,34.325,34.25,34.3,1300
301,34.05,34.225,34,34.225,2100
302,34.15,34.15,34,34,7437
303,34.15,34.2,34.125,34.15,1800
304,34.2,34.2,34.15,34.15,901
305,34.1,34.2,34.1,34.2,2024
306,34.2,34.25,34.15,34.15,1000
307,34.2,34.2,34.2,34.2,287
308,34.2,34.2,34.2,34.2,651
309,34.15,34.15,34.125,34.15,1100
310,34,34.1,34,34.1,1700
311,33.9,33.95,33.9,33.95,2200
312,33.95,33.95,33.9,33.925,1400
313,33.85,33.9,33.8,33.9,1498
314,33.9,33.9,33.85,33.85,815
315,33.95,33.95,33.9,33.9,976
316,33.9,33.925,33.9,33.9,700
317,33.9,33.9,33.9,33.9,647
318,33.95,33.975,33.9,33.9,1806
319,34,34,33.975,33.975,1200
320,34.075,34.075,34,34,1700
321,34.1,34.1,34.025,34.05,13848
322,34.05,34.1,34.05,34.1,2753
323,34,34.05,34,34.05,1100
324,34,34.006,33.95,34,2932
325,34.15,34.15,34,34,3797
326,34.2,34.25,34.15,34.175,3334
327,34.15,34.2,34.1,34.15,32658
432,33.9,33.9,33.9,33.9,2631
433,33.95,34,33.95,33.95,1400
434,34,34.05,34,34.05,900
435,34.1,34.1,34.05,34.05,7500
436,33.85,34.15,33.85,34.1,6462
437,33.8,33.8,33.7,33.8,2151
438,33.75,33.8,33.75,33.8,700
439,33.9,33.9,33.85,33.85,700
440,33.9,33.9,33.9,33.9,100
441,33.75,33.85,33.75,33.85,4734
442,33.95,33.95,33.75,33.775,6234
443,34.05,34.05,34,34,779
444,34.15,34.15,34.05,34.05,1600
445,34,34.15,34,34.15,1900
446,34.1,34.1,34.05,34.05,500
447,34.075,34.075,34.05,34.05,200
448,34.05,34.05,33.975,33.975,634
449,34.1,34.1,34.05,34.05,600
450,34.1,34.15,34.1,34.15,700
451,34.1,34.1,34.1,34.1,100
452,34.2,34.2,34.15,34.15,1300
453,34.15,34.2,34.15,34.2,400
454,34.15,34.15,34.1,34.1,1100
455,34.15,34.225,34.15,34.2,2200
456,34.1,34.15,34.1,34.15,600
457,34.125,34.125,34.1,34.1,1000
458,34.05,34.1,34.05,34.1,400
459,34.1,34.1,34.075,34.075,700
460,34.1,34.1,34.075,34.075,900
461,34.1,34.15,34.1,34.15,600
462,34.1,34.15,34.1,34.15,200
463,34.15,34.15,34.15,34.15,100
464,34,34.05,33.95,34.05,4200
465,34,34,34,34,2100
466,33.95,34.025,33.95,34,1800
467,34,34,33.95,33.95,800
468,34.05,34.05,33.95,33.95,1839
469,34.05,34.1,34,34,3105
470,33.95,34.05,33.875,34,6600
471,34,34,33.85,33.95,41435
a1496151000,33.8,33.8,33.8,33.8,1108
1,33.65,33.8,33.65,33.8,1150
2,33.75,33.75,33.65,33.65,1000
4,33.4,33.55,33.4,33.55,13980
5,33.3,33.45,33.25,33.45,2852
6,33.15,33.35,33.15,33.35,2000
7,33.3,33.3,33.15,33.15,3138
8,33.25,33.35,33.25,33.35,500
9,33.3,33.35,33.3,33.3,400
10,33.4,33.45,33.3,33.3,4400
11,33.4,33.4,33.35,33.35,500
12,33.425,33.5,33.35,33.45,3600
13,33.35,33.4,33.35,33.35,1100
14,33.3,33.35,33.25,33.35,1538
15,33.25,33.3,33.225,33.3,700
16,33.2822,33.375,33.2822,33.3,2710
18,33.475,33.475,33.35,33.35,1000
19,33.45,33.5,33.45,33.475,1500
20,33.4,33.5,33.4,33.5,1518
21,33.35,33.425,33.35,33.4,1600
22,33.35,33.35,33.35,33.35,100
23,33.4,33.45,33.4,33.45,572
24,33.425,33.45,33.4,33.425,800
25,33.45,33.5,33.45,33.5,700
26,33.583,33.583,33.5,33.525,1595
27,33.5,33.55,33.5,33.55,1909
28,33.45,33.45,33.45,33.45,700
29,33.425,33.45,33.4,33.45,1336
30,33.325,33.4,33.325,33.4,1125
31,33.3,33.3,33.3,33.3,517
32,33.2,33.25,33.2,33.25,1300
33,33.4,33.4,33.225,33.225,3470
34,33.4,33.425,33.35,33.425,3338
35,33.4,33.45,33.4,33.4,700
36,33.4,33.4,33.35,33.4,1700
37,33.425,33.45,33.35,33.4,2985
38,33.475,33.475,33.425,33.45,2806
39,33.45,33.525,33.425,33.45,22892
144,33.6,33.6,33.6,33.6,348
145,33.35,33.527,33.35,33.527,749
146,32.95,33.35,32.95,33.35,2088
147,33.05,33.1,33.0225,33.05,2375
148,32.6,32.85,32.55,32.85,5448
149,32.7,32.75,32.5,32.6,3400
150,32.75,32.75,32.65,32.7,3116
151,32.8,32.85,32.75,32.75,1200
152,32.85,32.85,32.75,32.75,1753
153,33,33,32.9,32.9,2079
154,33.05,33.05,33,33,1938
155,32.95,33.05,32.85,33,2800
156,32.95,33.075,32.95,33,1200
157,32.9,32.95,32.8,32.95,2600
158,32.95,32.95,32.85,32.9,2199
159,33,33.05,33,33,500
160,33.05,33.05,33,33,2100
161,33,33.1,33,33.1,700
162,32.9,33,32.9,32.95,2425
163,32.95,32.95,32.85,32.9,1910
164,32.95,32.95,32.9,32.95,800
165,32.95,33,32.925,32.925,1200
166,32.9,32.95,32.9,32.95,600
167,33,33,32.95,32.95,1300
168,32.95,33,32.95,33,1200
169,33,33.05,32.95,32.95,1117
170,32.95,33,32.9,33,1600
171,32.9,32.95,32.85,32.9,900
172,32.9,32.925,32.9,32.925,900
173,32.95,32.95,32.85,32.85,1500
174,33.05,33.05,32.95,33,1970
175,33.15,33.15,33.05,33.05,1600
176,33.05,33.15,33.025,33.15,2700
177,33.05,33.05,33,33,1399
178,33.05,33.075,33,33,2700
179,33.15,33.15,33.05,33.05,1291
180,33.1,33.25,33.1,33.15,6436
181,33.2,33.2,33.15,33.15,2400
182,33.275,33.3,33.2,33.2,8208
183,33.15,33.3,33.1,33.3,45612
288,33.4,33.4,33.4,33.4,490
289,33.05,33.35,33,33.05,1100
290,33.1,33.15,33.05,33.05,1000
291,33.05,33.1,32.9,33.1,1864
292,32.9,33.05,32.9,33,1962
293,33.15,33.15,32.95,32.95,1800
294,33.3,33.3,33.2,33.25,1900
295,33.15,33.3,33.1,33.25,2700
296,33,33.15,32.95,33.15,1707
297,33.05,33.05,33,33,400
298,33.1,33.175,33.1,33.15,900
299,33.15,33.25,33.15,33.25,800
300,33.15,33.15,33.15,33.15,300
301,33.25,33.25,33.2,33.2,475
302,33.2,33.25,33.15,33.25,1900
303,33.45,33.45,33.25,33.25,1600
304,33.4,33.45,33.4,33.45,1100
305,33.55,33.55,33.35,33.35,1923
306,33.5,33.5,33.5,33.5,300
307,33.5,33.5,33.45,33.45,1000
308,33.65,33.65,33.45,33.45,2710
309,33.65,33.7,33.65,33.7,1500
310,33.7,33.7,33.6,33.65,300
311,33.65,33.7,33.65,33.7,800
312,33.7,33.75,33.65,33.7,11200
313,33.75,33.75,33.7,33.7,16515
314,33.7,33.75,33.7,33.75,6433
315,33.6,33.65,33.6,33.65,1161
316,33.65,33.65,33.55,33.6,900
317,33.65,33.675,33.65,33.65,504
318,33.8,33.8,33.7,33.7,2400
319,33.75,33.85,33.75,33.85,900
320,33.85,33.85,33.75,33.75,4017
321,33.75,33.85,33.75,33.8,12299
322,33.75,33.8,33.75,33.75,9125
323,33.7,33.8,33.65,33.75,9132
324,33.55,33.675,33.525,33.65,1500
325,33.75,33.75,33.525,33.525,7350
326,33.9,33.925,33.7,33.7,8037
327,33.95,34,33.85,33.9,49465
432,33.7,33.7,33.7,33.7,1506
433,34,34,33.8,33.8,3491
434,33.75,33.9,33.65,33.85,3133
435,33.95,34,33.8,33.8,1505
436,34.1,34.15,33.95,33.95,5000
437,34,34.15,33.9,34.1,5430
438,34.1,34.1,33.95,34,6800
439,34.3,34.35,34.05,34.1,39903
440,34.4,34.4,34.25,34.25,16619
441,34.5,34.6,34.4,34.4,3300
442,34.4,34.6,34.4,34.55,4900
443,34.25,34.35,34.2,34.35,2800
444,34.3,34.3,34.2,34.2,2400
445,34.45,34.45,34.25,34.3,3600
446,34.65,34.75,34.5,34.5,10809
447,34.85,34.85,34.7,34.7,12839
448,34.75,34.8,34.7,34.8,1725
449,34.9,34.9,34.8,34.8,1621
450,34.9,34.9,34.85,34.85,900
451,34.75,34.875,34.75,34.85,701
452,34.7,34.75,34.7,34.75,900
453,34.7,34.75,34.7,34.75,902
454,34.7,34.7,34.65,34.7,1700
455,34.75,34.75,34.75,34.75,1600
456,34.7,34.725,34.675,34.7,1497
457,34.75,34.8,34.75,34.75,2128
458,34.75,34.85,34.75,34.75,2670
459,34.6,34.75,34.6,34.75,1400
460,34.7,34.7,34.6,34.7,2339
461,34.675,34.7,34.6,34.6,2500
462,34.6,34.7,34.6,34.7,1625
463,34.6,34.6,34.55,34.6,1103
464,34.45,34.5,34.35,34.5,2513
465,34.55,34.55,34.45,34.45,2020
466,34.575,34.6,34.55,34.55,1600
467,34.45,34.55,34.45,34.55,1414
468,34.45,34.5,34.425,34.5,1800
469,34.5,34.55,34.45,34.5,8390
470,34.25,34.5,34.25,34.5,15028
471,34.2,34.275,34.1,34.25,52968
864,34.3,34.3,34.3,34.3,819
865,34.35,34.35,34.1,34.1,605
866,34.3,34.375,34.2,34.35,5351
867,34.3,34.35,34.2,34.35,1800
868,34.325,34.4,34.325,34.4,1170
869,34.35,34.4,34.35,34.35,400
870,34.35,34.45,34.35,34.4,1200
871,34.3,34.4,34.3,34.35,1100
872,34.45,34.5,34.3,34.3,12582
873,34.45,34.45,34.4,34.45,1500
874,34.45,34.45,34.35,34.4,1100
875,34.4,34.45,34.4,34.4,557
876,34.4,34.4,34.35,34.4,1500
877,34.35,34.35,34.35,34.35,900
878,34.2,34.35,34.2,34.3,1102
879,34.35,34.35,34.25,34.25,678
880,34.4,34.45,34.4,34.4,2283
881,34.35,34.35,34.35,34.35,400
882,34.35,34.4,34.325,34.325,1000
883,34.4,34.4,34.325,34.35,1400
884,34.3,34.35,34.3,34.35,1320
885,34.45,34.45,34.35,34.35,5900
886,34.55,34.6,34.425,34.45,13304
887,34.5,34.6,34.5,34.55,9273
888,34.5,34.5,34.475,34.5,1900
889,34.35,34.5,34.3,34.5,7683
890,34.4,34.4,34.25,34.3,6438
891,34.25,34.45,34.225,34.4,8273
892,34.3,34.35,34.275,34.275,2000
893,34.3,34.3,34.3,34.3,100
894,34.25,34.3,34.25,34.3,1200
895,34.35,34.35,34.3,34.35,1200
896,34.4,34.4,34.325,34.35,4533
897,34.45,34.45,34.35,34.45,300
898,34.25,34.35,34.25,34.35,2421
899,34.15,34.25,34.15,34.25,1100
900,34.15,34.15,34.1,34.15,1600
901,34,34.1,34,34.1,2600
902,33.9,34,33.9,33.95,4035
903,33.85,33.925,33.85,33.9,16695
a1496755800,33.35,33.35,33.35,33.35,1227
1,33.15,33.6,33.1,33.35,3036
2,33.3,33.35,33.15,33.15,2383
3,33.5,33.5,33.35,33.35,3339
4,33.4,33.45,33.35,33.45,1900
5,33.45,33.475,33.45,33.45,1717
6,33.4,33.5,33.4,33.45,3253
7,33.15,33.4,33.15,33.4,2000
8,33.35,33.35,33.25,33.25,1200
9,33.175,33.25,33.175,33.25,1900
10,33.1,33.15,33,33.15,3295
11,33.1,33.15,33.05,33.1,3000
12,33.1,33.15,33.05,33.1,1105
13,33.175,33.2,33.075,33.1,3102
14,33.2,33.3,33.2,33.2,2300
15,33.2,33.25,33.2,33.2,1000
16,33.3,33.325,33.2,33.2,1600
17,33.35,33.35,33.3,33.3,1300
18,33.25,33.4,33.25,33.3913,2923
19,33.3,33.4,33.25,33.25,1900
20,33.3,33.3,33.25,33.25,400
21,33.3,33.375,33.3,33.3,1600
22,33.3,33.35,33.3,33.3,1225
23,33.25,33.25,33.25,33.25,1198
24,33.3,33.3,33.25,33.3,2100
25,33.3,33.3,33.25,33.25,1700
26,33.3,33.3,33.3,33.3,100
27,33.3,33.325,33.25,33.3,3400
28,33.35,33.4,33.3,33.35,9732
29,33.45,33.45,33.25,33.35,1954
30,33.45,33.5,33.45,33.45,700
31,33.55,33.65,33.5,33.525,2800
32,33.65,33.65,33.5,33.55,1600
33,33.55,33.65,33.55,33.6,1600
34,33.55,33.6,33.55,33.6,1400
35,33.5,33.6,33.5,33.55,1600
36,33.55,33.65,33.5,33.5,2638
37,33.6,33.65,33.5,33.6,7000
38,33.5,33.575,33.5,33.55,2115
39,33.35,33.5,33.3,33.475,26224
144,33.5,33.5,33.5,33.5,201
145,33.55,33.55,33.55,33.55,600
146,33.6,33.6,33.4,33.55,600
147,33.55,33.6,33.45,33.55,2300
148,33.45,33.55,33.45,33.55,2700
149,33.6,33.6,33.5,33.5,2200
150,33.6,33.6,33.55,33.6,1100
151,33.55,33.599,33.45,33.599,4384
152,33.75,33.75,33.5,33.5,12418
153,33.9,33.9,33.7,33.7,2000
154,33.8,33.85,33.75,33.85,2108
155,33.9,33.9,33.8,33.8,800
156,33.9,33.9,33.9,33.9,400
157,33.9,33.9,33.8,33.8,6846
158,33.9,33.9,33.8,33.8,2900
159,34.1,34.1,33.85,33.85,800
160,34.1,34.1,33.95,34,2000
161,34.1,34.1,34.1,34.1,200
162,34.05,34.15,34.05,34.15,1200
163,33.85,34.05,33.85,34.05,2877
164,33.9,33.9,33.8,33.85,3621
165,33.9,33.9,33.85,33.85,1200
166,33.85,33.95,33.85,33.85,1200
167,33.85,33.9,33.8,33.8,400
168,34,34,33.85,33.85,2100
169,33.875,33.95,33.85,33.9,1675
170,33.85,33.85,33.8,33.8,1800
171,33.95,34,33.9,33.9,3048
172,34,34,33.85,33.9,1238
173,34.05,34.05,33.95,33.95,7210
174,34.105,34.105,34,34.05,6000
175,34.15,34.15,34.1,34.15,2400
176,34.25,34.25,34.05,34.15,3700
177,34.15,34.25,34.1,34.25,1700
178,34.15,34.15,34.15,34.15,400
179,34.15,34.15,34.1,34.1,5871
180,34.15,34.2,34.1,34.1,5170
181,34.15,34.2,34.1,34.2,6900
182,34.2,34.25,34.1,34.15,15570
183,34.2,34.25,34.15,34.2,41283
288,34.1,34.1,34.1,34.1,548
289,34.05,34.35,33.95,33.95,4493
290,34.45,34.5,34.25,34.25,4181
291,34.8,34.825,34.45,34.5,12740
292,34.9,35,34.85,34.9,1700
293,35.15,35.15,34.8,34.85,2952
294,35.25,35.4,35.2,35.2,3213
295,35.25,35.4,35.25,35.3,2945
296,35.3,35.35,35.25,35.3,800
297,35.125,35.2,35.1,35.2,3099
298,35.3,35.3,35.1,35.1,4400
299,35.35,35.35,35.2,35.25,3700
300,35.45,35.45,35.35,35.35,1600
301,35.45,35.5,35.45,35.45,1300
302,35.35,35.55,35.35,35.45,2300
303,35.425,35.55,35.35,35.35,3900
304,35.5,35.55,35.45,35.45,3738
305,35.7,35.75,35.5,35.55,4390
306,35.6,35.75,35.6,35.75,1200
307,35.65,35.7,35.6,35.6,7532
308,35.8,35.8,35.65,35.65,2225
309,35.95,36,35.75,35.75,3400
310,36.1,36.1,35.9,36,5523
311,36.125,36.2,36.025,36.05,4700
312,36.05,36.15,36.05,36.15,1800
313,36.1,36.15,36.1,36.1,1400
314,36.1,36.1,36,36.05,2500
315,36.15,36.15,36,36.05,5800
316,36.1,36.15,36.05,36.05,1900
317,36.05,36.15,36,36.15,2740
318,35.85,35.95,35.85,35.95,6100
319,35.9,36,35.9,35.9,2700
320,35.8,35.9,35.8,35.9,3200
321,35.9,35.9,35.85,35.85,2700
322,35.95,36,35.95,35.95,4000
323,35.85,35.95,35.775,35.95,6800
324,35.8,35.85,35.8,35.8,3305
325,35.65,35.75,35.6,35.75,5870
326,35.55,35.65,35.55,35.65,8852
327,35.55,35.65,35.55,35.6,33798
432,35.85,35.85,35.85,35.85,601
433,36,36.05,35.95,35.95,1430
434,36.25,36.25,35.85,36.05,3709
435,36.5,36.5,36,36.15,2786
436,36.65,36.65,36.3,36.4,2900
437,36.6,36.7,36.55,36.7,5500
438,36.9,36.9,36.65,36.65,4100
439,36.85,36.9,36.65,36.85,13900
440,36.85,36.9,36.75,36.85,5378
441,36.85,36.85,36.75,36.8,1600
442,36.95,36.95,36.85,36.85,11628
443,37,37,36.9,36.9,1440
444,37.05,37.05,36.95,36.95,500
445,37.05,37.05,37,37,2145
446,37.05,37.05,36.95,37,2600
447,37,37.05,37,37.05,1800
448,37.05,37.1,36.95,36.95,3000
449,37.15,37.2,37.1,37.1,1900
450,37.05,37.2,37,37.15,2000
451,37.2,37.2,37.1,37.1,3400
452,37.25,37.275,37.15,37.2,2000
453,37.4,37.4,37.3,37.3,1900
454,37.5,37.6,37.45,37.45,2900
455,37.45,37.5,37.35,37.45,3187
456,37.5,37.5,37.4,37.4,1600
457,37.5,37.6,37.45,37.45,1987
458,37.3,37.55,37.3,37.5,3349
459,37.2,37.3,37.2,37.3,2128
460,37.35,37.45,37.25,37.25,4200
461,37.3,37.45,37.25,37.35,4818
462,37.32,37.4,37.25,37.3,2821
463,37.1,37.35,37.05,37.35,2966
464,37.05,37.2,36.975,37.15,4201
465,37.05,37.1,36.95,37,4600
466,37.1,37.15,37.05,37.1,3600
467,37.25,37.3,37.1,37.15,6682
468,37.35,37.35,37.2,37.25,3208
469,37.3,37.35,37.25,37.35,6200
470,37.3,37.35,37.25,37.275,6040
471,37.3,37.45,37.3,37.35,52312
864,37.35,37.35,37.35,37.35,1050
865,37.65,37.675,37.125,37.35,3099
866,37.7,37.8,37.5,37.65,12050
867,37.75,37.9,37.6,37.7,3300
868,37.9,37.9,37.6,37.65,4700
869,38.05,38.05,37.8,37.85,36711
870,37.95,38.1,37.95,38.1,2700
871,37.8,37.95,37.75,37.9,2415
872,37.8,37.9,37.75,37.75,2800
873,37.75,37.75,37.6,37.6,2109
874,37.55,37.9,37.55,37.8,2500
875,37.35,37.6,37.3,37.6,3750
876,36.95,37.3,36.9,37.3,4400
877,36.675,37,36.6,36.9,3800
878,36.65,36.65,36.5,36.6,2388
879,37,37,36.6,36.7,3915
880,36.8,36.95,36.75,36.95,3200
881,36.85,36.85,36.75,36.75,1600
882,36.95,37,36.85,36.9,1400
883,36.9,37,36.9,37,766
884,36.9,36.925,36.85,36.875,1600
885,36.65,36.85,36.65,36.85,1800
886,36.7,36.75,36.6,36.6,1800
887,36.6,36.65,36.55,36.65,600
888,36.7,36.7,36.65,36.65,1858
889,36.75,36.75,36.75,36.75,600
890,36.65,36.755,36.65,36.75,3874
891,36.65,36.75,36.65,36.7,3445
892,36.65,36.675,36.6,36.65,1000
893,36.6,36.7,36.6,36.7,2200
894,36.6,36.65,36.5,36.6,1739
895,36.6,36.7,36.5,36.6,3200
896,36.725,36.725,36.6,36.65,2811
897,36.65,36.7,36.65,36.7,1200
898,36.75,36.75,36.6,36.7,8664
899,36.8,36.85,36.75,36.75,4088
900,36.7,36.75,36.65,36.7,1300
901,36.725,36.75,36.7,36.75,3612
902,36.65,36.75,36.6,36.675,7350
903,36.65,36.7,36.55,36.6,57008
a1497360600,36.95,36.95,36.95,36.95,492
1,36.85,37.15,36.85,37.1,5029
2,36.6,36.75,36.6,36.75,1450
3,36.85,36.85,36.5,36.55,2187
4,36.7,36.75,36.65,36.75,1700
5,36.8,36.8,36.7,36.7,1700
6,36.8,36.9,36.75,36.75,2600
7,36.65,36.8,36.65,36.75,3386
8,36.8,36.8,36.6,36.65,4900
9,36.85,36.95,36.7,36.8,5892
10,37.05,37.05,36.875,36.9,21930
11,36.8,37.1,36.8,37,8445
12,36.7,36.75,36.65,36.75,4000
13,36.9,36.9,36.7,36.75,2200
14,36.7,36.85,36.7,36.85,2500
15,36.7,36.75,36.65,36.7,4100
16,36.65,36.65,36.55,36.65,1800
17,36.65,36.65,36.6,36.65,919
18,36.55,36.7,36.55,36.65,2000
19,36.65,36.7,36.6,36.65,2000
20,36.6,36.65,36.55,36.6,1895
21,36.55,36.6,36.55,36.6,4400
22,36.5,36.5,36.45,36.5,1900
23,36.35,36.45,36.35,36.45,1200
24,36.35,36.4,36.35,36.4,900
25,36.4,36.45,36.35,36.35,1400
26,36.4,36.45,36.3,36.4,2700
27,36.45,36.5,36.4,36.45,2900
28,36.45,36.5,36.4,36.4,2722
29,36.35,36.5,36.35,36.4,3100
30,36.3,36.35,36.25,36.35,1200
31,36.375,36.375,36.25,36.3,4107
32,36.375,36.4,36.35,36.4,1500
33,36.3,36.35,36.25,36.35,2800
34,36.35,36.35,36.325,36.35,1500
35,36.3,36.3,36.3,36.3,1600
36,36.4,36.45,36.35,36.35,2800
37,36.35,36.5,36.35,36.425,7601
38,36.425,36.45,36.35,36.35,3700
39,36.5,36.5,36.35,36.425,21680
144,36.2,36.2,36.2,36.2,1631
145,35.85,36.2,35.85,36.2,1508
146,36.05,36.05,35.95,35.95,900
147,36.05,36.1,36.05,36.1,900
148,36.05,36.1,36,36.1,800
149,36.25,36.3,36.1,36.1,2200
150,36.2,36.225,36.2,36.225,300
151,36.05,36.15,36.05,36.15,1600
152,35.95,36.05,35.95,36,1300
153,35.9,35.9,35.8,35.9,1400
154,35.9,35.9,35.8,35.9,2100
155,35.85,35.85,35.8,35.85,2600
156,35.95,36,35.9,35.9,1700
157,35.8,35.95,35.8,35.95,2000
158,35.8,35.8,35.65,35.75,3400
159,35.8,35.85,35.725,35.85,1900
160,35.45,35.7,35.45,35.7,2000
161,35.65,35.65,35.5,35.5,1300
162,35.65,35.7,35.65,35.7,900
163,35.75,35.75,35.65,35.65,2200
164,35.75,35.8,35.7364,35.7364,555
165,35.8,35.8,35.65,35.7,2353
166,35.75,35.95,35.75,35.85,2800
167,35.75,35.75,35.75,35.75,100
168,35.8,35.85,35.725,35.8,2813
169,35.825,35.9,35.7,35.7,1500
170,35.85,35.85,35.75,35.8,2500
171,35.9,35.9,35.825,35.825,700
172,35.9,36.05,35.875,36,2500
173,36,36.05,35.9,36,3158
174,36,36,35.85,36,2608
175,36.1,36.1,35.95,36.05,4104
176,36.1,36.1,35.9,36.1,3664
177,36.1,36.2,36.05,36.1,2800
178,36.15,36.225,36.05,36.05,3200
179,36.2,36.35,36.1,36.1,5500
180,36.2,36.3,36.15,36.2,2800
181,36.35,36.35,36.15,36.25,4000
182,36.35,36.35,36.25,36.3,2500
183,36.25,36.35,36.2,36.3,27120
288,35.8,35.8,35.8,35.8,1167
289,36.3,36.3,36,36,2537
290,36.3,36.45,36.3,36.4,1500
291,36.55,36.55,36.2,36.25,11637
292,36.55,36.7,36.55,36.55,1600
293,36.15,36.5,36.15,36.5,1900
294,36.2,36.25,36.15,36.2,1500
295,36.45,36.45,36.3,36.3,1300
296,36.1,36.35,36.1,36.35,3290
297,36.1,36.1,35.95,36.05,3375
298,36.1,36.2,36.1,36.15,1430
299,36.1,36.15,36.1,36.1,1000
300,36.2,36.25,36.1,36.15,2100
301,36.15,36.25,36.15,36.25,1100
302,36.25,36.25,36.15,36.15,900
304,36.25,36.25,36.25,36.25,100
305,36.15,36.2,36.15,36.2,2000
306,36.1,36.1,36.05,36.1,1500
307,36.15,36.15,36.15,36.15,1200
308,36.175,36.25,36.175,36.2,1400
309,36.2,36.2,36.2,36.2,1000
310,36.25,36.3,36.25,36.25,1700
311,36.25,36.25,36.25,36.25,1000
312,36.25,36.25,36.25,36.25,600
313,36.35,36.35,36.25,36.25,1400
314,36.2,36.3,36.2,36.3,800
315,36.3,36.35,36.3,36.3,1242
316,36.2,36.25,36.15,36.2,2568
317,36.2,36.2,36.1,36.2,2384
318,36.15,36.2,36.15,36.15,3039
319,36.05,36.1,36.05,36.1,2453
320,36.15,36.175,36.05,36.1,1900
321,36.05,36.125,36.05,36.125,2834
322,36.15,36.25,36.05,36.1,3400
323,36.15,36.2,36.1,36.15,2600
324,36.1,36.125,36.1,36.1,1801
325,36.05,36.1,36.05,36.1,3116
326,36.025,36.075,35.95,36.025,5900
327,36.2,36.2,35.975,36.05,26714
432,35.55,35.55,35.55,35.55,139380
433,35.95,35.95,35.45,35.45,2490
434,35.94,35.95,35.8,35.9,4200
435,35.85,36,35.8,35.95,4653
436,35.7,35.75,35.6,35.6,2724
437,35.7,35.7,35.7,35.7,1200
438,35.6,35.7,35.6,35.7,2016
439,35.7,35.75,35.6,35.6,1100
440,35.8,35.9,35.75,35.8,1500
441,35.85,35.85,35.7,35.7,123800
442,35.85,35.9,35.8,35.85,1000
443,35.9,35.9,35.725,35.8,3453
444,35.9,35.9,35.9,35.9,800
445,35.9,35.95,35.825,35.85,3300
446,35.925,36,35.9,35.95,1100
447,35.95,36,35.85,35.95,2400
448,36.05,36.05,35.95,36,2800
449,35.95,35.95,35.9,35.95,1495
450,35.95,36,35.95,35.95,700
451,35.975,36,35.9,36,2085
452,35.95,36,35.9,35.95,2600
453,35.8,35.85,35.8,35.85,700
454,35.85,35.85,35.8,35.8,800
455,35.8,35.8,35.75,35.8,500
456,35.85,35.85,35.8,35.85,500
457,35.8,35.825,35.8,35.825,1000
458,35.75,35.8,35.75,35.8,1200
459,35.75,35.75,35.65,35.75,2000
460,35.7,35.75,35.7,35.7,600
461,35.625,35.7,35.6,35.7,1500
462,35.6,35.7,35.6,35.6,2800
463,35.5,35.55,35.45,35.55,2900
464,35.6,35.6,35.5,35.5,3745
465,35.65,35.65,35.55,35.575,2000
466,35.8,35.8,35.625,35.625,2100
467,35.75,35.8,35.725,35.8,1200
468,35.65,35.8,35.65,35.775,3500
469,35.7,35.75,35.7,35.7,1302
470,35.7,35.85,35.7,35.8,6443
471,35.75,35.9,35.75,35.775,147157
864,36.05,36.05,36.05,36.05,774
865,36.15,36.3,36.05,36.05,1000
866,36.2,36.2,36.1,36.15,800
867,36.15,36.15,36.15,36.15,264
868,36.05,36.15,36.05,36.1,1000
869,36.15,36.15,36.1,36.1,700
870,35.95,36.05,35.95,36.05,1410
871,36.15,36.25,36.05,36.05,6248
872,36.2,36.25,36.05,36.2,3100
873,36.1,36.2,36.1,36.2,1000
874,35.95,36.05,35.95,36.05,900
875,35.9,35.975,35.9,35.975,200
876,35.65,35.875,35.65,35.85,2200
877,35.8,35.8,35.65,35.7,2300
878,35.7,35.75,35.7,35.75,568
879,35.8,35.8,35.8,35.8,600
880,35.95,35.95,35.8,35.8,1400
881,35.9,35.925,35.9,35.925,1000
882,35.9,36,35.9,36,400
883,35.9,35.9,35.85,35.85,1413
884,35.95,36.05,35.95,35.95,1330
885,36,36,36,36,200
886,36.05,36.05,36,36,500
887,36,36.05,36,36.05,1900
888,36.05,36.05,36,36.025,1500
889,36.05,36.1,36.05,36.05,1900
890,36,36.05,35.95,36.05,3012
891,35.9,35.9,35.9,35.9,100
892,35.825,35.9,35.8,35.9,1569
893,35.7,35.8,35.7,35.75,912
894,35.7,35.7,35.55,35.65,2806
895,35.65,35.7,35.65,35.7,1300
896,35.7,35.75,35.65,35.7,1600
897,35.7,35.7,35.65,35.65,300
898,35.75,35.75,35.7,35.7,846
899,35.7,35.75,35.65,35.75,1700
900,35.65,35.7,35.55,35.65,5700
901,35.7,35.725,35.7,35.7,1914
902,35.85,35.85,35.7,35.75,4000
903,35.9,35.95,35.8,35.85,39130
a1497965400,35.65,35.65,35.65,35.65,870
1,35.45,35.55,35.45,35.55,1600
2,35.6,35.6,35.5,35.5,1654
4,35.4,35.45,35.4,35.4,900
5,35.3,35.4,35.3,35.4,793
6,35.15,35.35,35.15,35.3,1800
7,35.15,35.15,35.1,35.1,900
8,35.25,35.25,35.25,35.25,400
9,35.3,35.35,35.25,35.3,1200
10,35.25,35.3,35.25,35.3,800
11,35.2,35.25,35.15,35.25,900
12,35.25,35.25,35.25,35.25,100
13,35.3,35.35,35.25,35.25,1800
14,35.4,35.45,35.35,35.35,500
15,35.4,35.4,35.3,35.35,3521
16,35.35,35.4,35.3,35.4,1600
17,35.25,35.4,35.25,35.325,800
18,35.3,35.3,35.2,35.2,1200
19,35.3,35.35,35.25,35.25,1800
20,35.25,35.3,35.155,35.3,2308
21,35.35,35.35,35.25,35.25,1100
22,35.35,35.4,35.35,35.35,1700
23,35.3,35.45,35.3,35.4,2784
24,35.35,35.4,35.35,35.35,1000
25,35.4,35.45,35.35,35.35,1200
26,35.3,35.35,35.3,35.35,1000
27,35.35,35.35,35.3,35.3,2400
28,35.35,35.35,35.275,35.35,1300
29,35.3,35.3,35.3,35.3,300
30,35.3,35.3,35.275,35.3,500
31,35.25,35.35,35.25,35.3,2600
32,35.25,35.25,35.25,35.25,200
33,35.15,35.2,35.125,35.2,3600
34,35.1,35.2,35.1,35.15,2000
35,35.1,35.125,35.05,35.05,1500
36,35.2,35.2,35.1,35.1,2375
37,35.2,35.2,35.1,35.15,2443
38,35.2,35.2,35.1,35.2,5698
39,35.15,35.2,35.1,35.2,25754
144,35.25,35.25,35.25,35.25,271
145,34.9,35,34.9,35,1100
146,34.9,35,34.85,34.95,2718
147,34.95,35,34.9,34.95,800
148,34.9,34.95,34.9,34.9,800
149,34.8,34.9,34.8,34.9,1400
150,34.95,34.95,34.85,34.85,1300
151,35.05,35.05,34.9,35.05,1389
152,35.05,35.075,34.975,35,1450
153,34.975,35,34.95,35,400
154,34.85,34.95,34.85,34.95,200
155,34.6,34.8,34.6,34.8,1500
156,34.65,34.8,34.625,34.65,1100
157,34.7,34.7,34.7,34.7,400
158,34.8,34.8,34.7,34.75,500
159,34.9,34.9,34.85,34.85,700
160,34.85,34.85,34.825,34.825,400
161,34.85,34.9,34.85,34.9,1100
162,34.85,34.9,34.85,34.9,1400
163,34.8,34.825,34.75,34.8,1000
164,34.75,34.8,34.75,34.8,500
165,34.7,34.75,34.7,34.75,600
166,34.75,34.75,34.75,34.75,200
167,34.75,34.75,34.75,34.75,200
168,34.65,34.65,34.65,34.65,100
169,34.65,34.75,34.65,34.75,1386
170,34.6,34.6,34.6,34.6,400
171,34.55,34.65,34.5,34.65,2000
172,34.6,34.6,34.475,34.525,1500
173,34.525,34.55,34.525,34.55,500
174,34.5,34.55,34.5,34.55,600
175,34.55,34.55,34.5,34.5,800
176,34.475,34.55,34.475,34.55,700
178,34.5,34.525,34.45,34.45,2600
179,34.45,34.5,34.45,34.5,1100
180,34.525,34.525,34.5,34.5,400
181,34.4,34.55,34.4,34.55,3985
182,34.45,34.55,34.4,34.4,6600
183,34.45,34.5,34.4,34.425,42109
288,34.4,34.4,34.4,34.4,1187
289,34.3,34.45,34.15,34.15,2198
290,34.25,34.25,34.25,34.25,300
292,34.1,34.35,34.1,34.35,1600
293,34.15,34.2,34.1,34.1,1300
294,34,34.05,34,34.05,983
295,34.05,34.05,33.975,33.975,300
296,34.1,34.1,33.9,33.9,900
297,34.1,34.1,34.1,34.1,200
298,34.2,34.25,34.15,34.15,800
299,34.15,34.25,34.15,34.25,700
300,34.2,34.25,34.15,34.2,1500
301,34.15,34.15,34.15,34.15,100
302,34.1,34.1,34.1,34.1,100
303,34.15,34.15,34.1,34.1,500
304,34.1,34.1,34.1,34.1,300
305,34.1,34.15,34.05,34.05,1100
306,34.1,34.1,34.1,34.1,100
307,34,34.05,34,34.05,1100
308,34.05,34.05,34.05,34.05,300
310,34.05,34.05,34.05,34.05,100
311,34,34.1,34,34,1819
312,34.15,34.15,34.1,34.1,900
314,34.15,34.15,34.05,34.1,2000
315,34.15,34.2,34.15,34.2,200
316,34.1,34.2,34.1,34.15,1599
317,34.1,34.15,34.1,34.1,550
318,34.25,34.25,34.15,34.15,1100
319,34.15,34.2,34.15,34.2,900
320,34.15,34.25,34.1,34.1,5299
321,34.25,34.3,34.2,34.2,1700
322,34.4,34.4,34.25,34.35,500
323,34.25,34.4,34.25,34.4,1491
324,34.2,34.2,34.2,34.2,100
325,34.15,34.3,34.15,34.3,2168
326,34.2,34.2,34.1,34.1,2950
327,34.25,34.25,34.15,34.2,20322
432,34.35,34.35,34.35,34.35,1520
433,34.3,34.35,34.011,34.011,650
434,34.1,34.2,34.1,34.15,1200
435,34.1,34.15,34,34.15,2476
436,34.4,34.4,34.15,34.2,13800
437,34.2,34.35,34.15,34.3,13242
438,34.05,34.25,34.05,34.25,7032
439,34.05,34.2,34.05,34.05,7135
440,34.2,34.2,34.05,34.1,1000
441,34.1,34.1,34.1,34.1,100
442,34.2,34.2,34.15,34.2,1400
443,34.1,34.2,34.1,34.2,500
444,34.1,34.2,34.1,34.15,900
445,34.1,34.15,34.1,34.1,1618
446,34.1,34.1,34.05,34.05,400
448,34,34.05,33.975,34.05,1100
449,34,34,34,34,300
450,33.95,33.95,33.95,33.95,700
451,33.9,33.95,33.9,33.9,1100
452,33.9,33.9,33.85,33.85,200
453,33.95,34,33.95,33.95,1000
454,33.8,33.9,33.8,33.9,1800
455,33.85,33.85,33.8,33.8,300
456,33.85,33.85,33.8,33.85,400
457,33.9,33.95,33.8562,33.8562,2751
458,33.95,34,33.9,34,600
459,34,34,33.95,33.95,1097
460,34.05,34.1,33.95,34,1600
461,34,34.1,34,34.05,1800
462,33.975,34,33.975,34,300
463,33.95,34,33.95,34,1605
464,33.95,33.95,33.95,33.95,200
465,33.9,33.95,33.9,33.95,1617
466,33.9,33.9,33.85,33.9,2110
467,33.9,33.9,33.9,33.9,743
468,33.9,33.925,33.885,33.9,10801
469,33.8,33.9,33.8,33.85,5099
470,33.975,34,33.75,33.8,5003
471,34,34.05,33.9,33.975,140224
864,34.05,34.05,34.05,34.05,1259
865,34.05,34.05,33.9,34,1400
866,34.1,34.2,34.1,34.15,800
867,34.45,34.45,34.35,34.35,300
868,34.4,34.45,34.25,34.35,2700
869,34.25,34.45,34.2,34.45,3353
870,34.2,34.2,34.15,34.15,1550
871,34.1,34.15,34.1,34.15,1900
872,34,34.15,34,34.15,1400
873,33.95,34.1,33.95,34.05,1500
874,33.85,33.95,33.75,33.95,2800
875,33.95,33.95,33.75,33.85,2300
876,34.1,34.2,33.9,33.95,14398
877,34.25,34.25,34.05,34.1,3001
878,34.15,34.3,34.15,34.25,4000
879,34.1,34.35,34.1,34.15,2500
880,34.15,34.2,34.05,34.15,4200
881,34.05,34.15,34.05,34.15,2223
882,34.1,34.1,34.075,34.075,773
883,34,34.05,34,34.05,2308
884,33.95,34,33.95,34,936
885,33.95,33.95,33.9,33.95,1200
886,34.05,34.05,34,34,700
887,33.95,34.05,33.95,34.05,1000
888,34,34,33.95,33.95,1300
889,34.05,34.05,34.05,34.05,200
890,33.85,34,33.85,34,3675
891,33.95,33.95,33.9,33.9,300
892,34,34,33.95,33.95,1300
893,34.1,34.1,34,34.05,3125
894,34.05,34.15,34.05,34.15,1400
895,34.075,34.075,34.05,34.05,1600
896,34.1229,34.15,34.1,34.1,810
897,34.2,34.2,34.1,34.15,1300
898,34.25,34.25,34.2,34.2,740
899,34.25,34.25,34.2,34.25,2200
900,34.25,34.25,34.25,34.25,700
901,34.25,34.25,34.2,34.225,2976
902,34.2,34.25,34.175,34.25,1300
903,34.1,34.2,34.05,34.2,25600
a1498570200,34.25,34.25,34.25,34.25,548
1,34.175,34.25,33.9,34.25,2843
2,34.25,34.3,34.075,34.1,1900
3,34.3,34.35,34.2,34.2,1068
4,34.2,34.325,34.2,34.325,1711
5,34.1,34.2,34.05,34.2,1200
6,34.125,34.2,34.125,34.2,1000
7,34.2,34.2,34.1,34.1,1000
8,34.2,34.3,34.2,34.2,1500
9,34.2,34.25,34.2,34.2,700
10,34.3,34.3,34.25,34.25,300
11,34.325,34.325,34.25,34.3,3094
12,34.4,34.4,34.35,34.35,1781
13,34.4,34.4,34.4,34.4,249
14,34.45,34.45,34.4,34.4,600
15,34.6,34.6,34.45,34.5,5999
16,34.55,34.6,34.55,34.6,1400
17,34.65,34.65,34.55,34.55,700
18,34.6,34.6,34.6,34.6,200
19,34.65,34.75,34.6,34.6,1500
20,34.65,34.65,34.6,34.6,1876
21,34.65,34.65,34.55,34.55,1553
22,34.55,34.7,34.55,34.65,3500
23,34.6,34.6,34.5,34.5,2628
24,34.65,34.7,34.65,34.65,1813
25,34.55,34.65,34.55,34.6,6832
26,34.6,34.6,34.5,34.55,5884
27,34.65,34.65,34.6,34.65,2173
28,34.35,34.6,34.35,34.6,3500
29,34.4,34.4,34.2,34.3,6230
30,34.35,34.35,34.3,34.3,1140
31,34.4,34.4,34.3,34.4,3400
32,34.4,34.4,34.3,34.4,3734
33,34.35,34.4,34.35,34.4,2897
34,34.3,34.35,34.275,34.3,2800
35,34.3,34.35,34.3,34.35,2100
36,34.2,34.35,34.2,34.3,3600
37,34.15,34.25,34.15,34.25,6211
38,34.2,34.25,34.2,34.25,5300
39,34.15,34.25,34.15,34.2,45063
144,34.45,34.45,34.45,34.45,881
145,34.65,34.65,34.65,34.65,630
146,34.8,34.85,34.6,34.65,1600
147,34.95,35,34.9,34.9,900
148,34.85,35,34.85,34.9,2200
149,34.9,34.9,34.75,34.85,1500
150,34.85,35,34.85,34.95,1600
151,34.85,34.9,34.8,34.8,1500
152,34.75,34.9,34.75,34.85,2400
153,34.75,34.8,34.7,34.75,1600
154,35.05,35.05,34.8,34.8,1600
155,35.05,35.1,35.05,35.1,1700
156,35.2,35.2,35,35,3504
157,35.2,35.25,35.15,35.2,700
158,35.05,35.15,35.05,35.15,1000
159,35.1,35.1,35.1,35.1,1600
160,35.2,35.2,35.1,35.1,1200
161,35.15,35.2,35.1,35.2,1000
162,35.15,35.2,35.15,35.2,1168
163,35.15,35.15,35.15,35.15,300
164,35.175,35.2,35.15,35.2,600
165,35.1,35.15,35.1,35.1,2300
166,35.1,35.1,35.075,35.075,300
167,35.1,35.1,35.1,35.1,300
168,35.05,35.075,35.05,35.05,1100
169,35.1,35.15,35.1,35.1,1500
170,35.1,35.1,35.1,35.1,400
171,35.25,35.25,35.15,35.15,800
172,35.2,35.25,35.15,35.15,1500
173,35.2,35.2,35.2,35.2,200
174,35.1,35.2,35.075,35.15,2100
175,35.15,35.15,35.1,35.1,800
176,35.125,35.15,35.125,35.15,200
177,35.05,35.125,35.025,35.125,1700
178,35.15,35.15,35.1,35.1,600
179,35.1,35.15,35.1,35.1,1300
180,35.1,35.15,35.075,35.1,900
181,34.95,35.1,34.95,35.1,3975
182,35,35,34.95,34.95,719
183,34.95,35.075,34.95,35.05,32611
288,35.6,35.6,35.6,35.6,4740
289,35.6,35.75,35.6,35.7,2278
290,35.75,36.05,35.75,35.75,2380
291,35.9194,35.9194,35.9,35.9,200
292,35.65,35.95,35.6,35.9,2218
293,35.6,35.6,35.5,35.6,2700
294,35.65,35.7,35.525,35.6,2031
295,35.55,35.65,35.55,35.6,2400
296,35.75,35.75,35.6,35.6,1000
297,35.6,35.75,35.6,35.75,2143
298,35.7,35.7,35.625,35.65,2000
299,35.65,35.7,35.6,35.7,3792
300,35.45,35.65,35.45,35.65,4000
301,35.3,35.45,35.15,35.45,7800
302,35.25,35.35,35.25,35.25,4001
303,35.05,35.25,35.05,35.25,2300
304,35.1,35.1,35,35.05,2545
305,35.125,35.25,35.125,35.15,1500
306,35.05,35.2,35.05,35.2,1500
307,34.9,35.05,34.9,35.05,2687
308,35,35.05,34.9,34.9,1100
309,35.15,35.15,34.975,35,3000
310,35.05,35.15,35.05,35.15,1300
311,35.075,35.1,35,35.05,2800
312,34.95,35.05,34.9,35.05,3200
313,34.95,35,34.95,35,1300
314,35.15,35.15,35.05,35.05,3519
315,35.15,35.225,35.15,35.15,1300
316,35.25,35.325,35.15,35.2,3000
317,35.25,35.3,35.2,35.2,3100
318,35.35,35.35,35.205,35.25,2109
319,35.275,35.3,35.25,35.3,1452
320,35.3,35.35,35.3,35.3,800
321,35.25,35.3,35.25,35.3,2100
322,35.4,35.4,35.3,35.3,1600
323,35.35,35.35,35.3,35.35,2000
324,35.325,35.425,35.3,35.35,4300
325,35.4,35.4,35.325,35.35,2200
326,35.45,35.525,35.4,35.4,10269
327,35.5,35.575,35.45,35.475,37511
432,35.65,35.65,35.65,35.65,735
433,35.2904,35.65,35.2904,35.65,1253
434,35.4,35.55,35.35,35.4,1300
435,35.3,35.4,35.25,35.3,1600
436,35.25,35.3,35.2,35.2,3200
437,35.2,35.2,35.15,35.15,3400
438,35.075,35.15,35.05,35.15,3200
439,35.25,35.25,35.05,35.1,1500
440,35.15,35.3,35.15,35.25,1100
441,35.05,35.1,35.05,35.1,2815
442,35.2,35.2,35.1,35.1,1500
443,35.15,35.15,35.15,35.15,835
444,35.1,35.2,35.1,35.2,1500
445,35.15,35.175,35.075,35.075,3100
446,35.2,35.2,35.1,35.175,1700
447,35.25,35.25,35.25,35.25,300
448,35.225,35.225,35.2,35.2,1094
449,35.25,35.25,35.225,35.225,2245
450,35.3,35.3,35.25,35.25,1100
451,35.3,35.3,35.3,35.3,500
452,35.25,35.3,35.25,35.3,1900
453,35.2,35.25,35.2,35.25,5284
454,35.15,35.2,35.15,35.2,5765
455,35.1,35.1952,35.1,35.15,1178
456,35.25,35.25,35.15,35.15,967
457,35.15,35.2,35.125,35.2,1000
458,35.15,35.15,35.15,35.15,100
459,35.1,35.1,35.1,35.1,800
460,35.0231,35.05,35,35.05,1875
461,35.05,35.05,35.05,35.05,500
462,35.1,35.1,35.05,35.05,700
463,35.2,35.2,35.2,35.2,789
464,35.15,35.15,35.125,35.15,2100
465,35.225,35.25,35.15,35.15,2700
466,35.25,35.25,35.175,35.2,2415
467,35.2,35.25,35.15,35.25,2200
468,35.2,35.2,35.15,35.2,2200
469,35.3,35.3,35.2,35.2,2200
470,35.3,35.3,35.225,35.3,2700
471,35.05,35.3,34.95,35.3,46248
864,35.2,35.2,35.2,35.2,654
865,35.375,35.375,35.1,35.1,400
866,35.35,35.55,35.325,35.55,2700
867,35.25,35.25,35.15,35.2,900
868,35.3,35.35,35.3,35.35,883
869,35.45,35.5,35.25,35.25,1100
870,35.5,35.55,35.5,35.5,1200
871,35.65,35.65,35.55,35.55,1151
872,35.8,35.8,35.65,35.65,1748
873,35.85,35.85,35.85,35.85,300
874,35.95,36,35.8,35.8,2350
875,36.05,36.05,35.95,35.95,400
876,36.1,36.1,36,36,2001
877,36.25,36.25,36.05,36.05,2101
878,36.35,36.35,36.3,36.3,1780
879,36.15,36.4,36.15,36.35,2651
880,36.15,36.25,36.1,36.2,1200
881,36.05,36.15,35.95,36.0987,3109
882,36.15,36.15,36.025,36.1,2000
883,36.225,36.25,36.1,36.1,2700
884,36.3,36.3,36.225,36.25,1900
885,36.05,36.35,35.95,36.35,24261
a1499261400,35.95,35.95,35.95,35.95,2200
1,35.4,36,35.35,36,3500
2,35.55,35.65,35.4,35.45,1600
3,35.4,35.6,35.35,35.6,3597
4,35.35,35.4,35.25,35.4,2700
5,35.35,35.35,35.2,35.3,3900
6,35.3,35.4,35.3,35.4,1027
7,35.4,35.4,35.35,35.35,1700
8,35.4,35.5,35.4,35.45,2000
9,35.55,35.55,35.45,35.45,600
10,35.55,35.65,35.5,35.6,2521
11,35.35,35.5,35.35,35.5,2200
12,35.25,35.3,35.25,35.3,1400
13,35.25,35.25,35.2,35.2,500
14,35.2,35.3,35.2,35.25,2100
15,35.25,35.25,35.2,35.2,1650
16,35.1,35.2,35.1,35.2,2416
17,35.15,35.15,35.1,35.1,1700
19,35.4,35.4,35.15,35.2,1300
20,35.4,35.4,35.4,35.4,800
21,35.4,35.4,35.35,35.35,2708
22,35.4,35.4,35.4,35.4,700
23,35.35,35.4,35.35,35.4,1566
24,35.4,35.4,35.4,35.4,1849
25,35.45,35.45,35.45,35.45,200
26,35.5,35.5,35.4484,35.45,1145
27,35.5,35.5,35.5,35.5,700
28,35.6,35.6,35.5,35.55,2400
29,35.65,35.65,35.65,35.65,800
30,35.55,35.65,35.55,35.65,1800
31,35.6,35.6,35.6,35.6,1000
32,35.55,35.65,35.55,35.65,1369
33,35.45,35.55,35.45,35.55,1800
34,35.5,35.5,35.4,35.45,3656
35,35.5,35.5,35.5,35.5,1462
36,35.5,35.575,35.5,35.55,3084
37,35.55,35.55,35.55,35.55,500
38,35.45,35.575,35.45,35.55,4884
39,35.5,35.525,35.475,35.5,19547
