EXCHANGE%3DNASDAQ
MARKET_OPEN_MINUTE=570
MARKET_CLOSE_MINUTE=960
INTERVAL=600
COLUMNS=DATE,CLOSE,HIGH,LOW,OPEN,VOLUME
DATA=
TIMEZONE_OFFSET=-240
a1493127000,10.35,10.35,10.35,10.35,132
1,10.4,10.4264,10.4,10.4264,312
5,10.4,10.45,10.4,10.45,2200
6,10.375,10.375,10.3,10.3,200
7,10.35,10.35,10.35,10.35,200
8,10.3,10.38,10.3,10.38,600
16,10.35,10.4,10.35,10.4,600
17,10.3,10.35,10.3,10.35,598
20,10.3,10.3,10.3,10.3,100
21,10.325,10.35,10.3,10.35,300
25,10.3,10.325,10.3,10.325,200
27,10.3,10.325,10.3,10.325,400
28,10.3,10.3,10.3,10.3,100
29,10.2,10.3,10.1,10.3,11839
30,10.2,10.2,10.2,10.2,100
31,10.25,10.3,10.25,10.25,1754
32,10.3,10.3,10.3,10.3,300
33,10.25,10.35,10.25,10.3,300
34,10.3,10.35,10.25,10.25,600
35,10.25,10.3,10.25,10.3,300
36,10.25,10.3,10.25,10.3,400
37,10.45,10.45,10.1,10.3,31677
38,10.4,10.5,10.4,10.5,2100
39,10.45,10.5,10.35,10.45,3971
145,10.4,10.4,10.4,10.4,100
146,10.45,10.45,10.45,10.45,100
147,10.45,10.45,10.45,10.45,100
149,10.4,10.45,10.4,10.45,200
150,10.45,10.45,10.45,10.45,100
151,10.5,10.55,10.5,10.55,1000
152,10.45,10.45,10.45,10.45,100
155,10.5,10.6,10.5,10.5,3643
156,10.5,10.6,10.5,10.5,4525
157,10.5,10.6,10.45,10.5,2054
158,10.55,10.55,10.5,10.5,200
159,10.5,10.5,10.5,10.5,200
160,10.6,10.6,10.5,10.5,200
162,10.6,10.6,10.6,10.6,100
163,10.55,10.6,10.55,10.6,300
164,10.65,10.65,10.65,10.65,100
165,10.55,10.7,10.55,10.7,1400
166,10.55,10.7,10.5,10.55,4845
167,10.55,10.55,10.55,10.55,200
169,10.55,10.55,10.55,10.55,100
170,10.5,10.5,10.5,10.5,100
171,10.6,10.6,10.6,10.6,200
172,10.55,10.6,10.5,10.6,1426
173,10.55,10.55,10.55,10.55,200
174,10.55,10.55,10.55,10.55,100
175,10.55,10.55,10.55,10.55,805
177,10.55,10.6,10.55,10.6,800
178,10.55,10.6,10.5,10.5,700
180,10.55,10.55,10.5,10.5,300
181,10.55,10.6,10.55,10.6,1860
182,10.5,10.55,10.5,10.55,323
183,10.55,10.55,10.5,10.55,3275
288,10.1,10.1,10.1,10.1,5824
289,10.095,10.15,9.51,10.1,12911
290,9.85,10.1,9.8,9.95,13153
291,9.775,9.85,9.7,9.85,5143
292,9.8,9.85,9.7604,9.775,7169
293,9.75,9.8,9.7,9.7,3700
294,9.9,9.95,9.775,9.775,6656
295,10,10.1,10,10,3100
296,9.85,9.95,9.8,9.95,5441
297,9.8,9.95,9.7,9.85,21841
298,9.9,9.9,9.8,9.8,200
299,9.8,9.8,9.8,9.8,300
300,9.825,9.85,9.8,9.825,5100
301,9.825,9.825,9.8,9.8,1309
302,9.8,9.8,9.8,9.8,6300
303,9.8,9.825,9.8,9.8,5507
304,9.8,9.825,9.8,9.8,3000
305,9.8,9.8,9.8,9.8,550
306,9.85,9.85,9.8,9.8,200
307,9.75,9.8,9.75,9.8,10100
308,9.85,9.85,9.8,9.8,22518
309,9.85,9.9,9.85,9.9,400
310,9.8,9.85,9.8,9.85,6400
311,9.8,9.85,9.8,9.85,10959
312,9.85,9.85,9.85,9.85,531
314,9.95,9.95,9.85,9.85,200
315,9.85,9.95,9.85,9.8852,500
316,9.95,9.95,9.875,9.9,1259
317,9.95,9.95,9.925,9.925,300
318,10,10,9.95,9.95,400
319,9.95,9.95,9.95,9.95,700
320,9.9,9.95,9.9,9.95,300
321,9.9,9.9,9.9,9.9,200
322,9.9,9.9,9.9,9.9,100
323,9.95,10,9.95,10,700
324,10,10,9.95,9.95,1100
325,9.95,10,9.9,9.9,600
326,10.05,10.05,9.95,9.95,1200
327,10.05,10.1,9.95,10.1,11260
432,9.95,9.95,9.95,9.95,535
433,10.3,10.3,10.3,10.3,501
434,10.05,10.1,10.05,10.1,300
435,10.125,10.125,10.113,10.113,200
436,10.025,10.125,10,10.125,3325
438,9.9,10,9.9,10,500
439,9.875,9.875,9.85,9.85,600
440,9.95,9.95,9.9,9.9,4900
441,9.95,9.95,9.9,9.9,200
442,9.95,9.975,9.95,9.95,39100
443,10,10,9.95,9.95,200
445,9.985,10,9.95,9.95,700
446,10,10,10,10,100
447,10.005,10.008,9.95,9.95,899
448,10,10.025,10,10.025,500
449,9.95,10,9.95,10,200
450,9.95,10.05,9.95,10.05,500
451,9.95,10,9.95,9.95,1200
452,9.9,9.95,9.9,9.9,500
453,9.95,9.95,9.925,9.925,500
454,9.95,9.95,9.925,9.925,400
455,9.975,9.975,9.95,9.95,200
456,10,10.025,9.95,10,1300
458,10,10,9.95,9.975,300
459,9.975,9.975,9.95,9.975,300
460,9.95,10,9.95,10,500
461,9.995,10,9.95,9.95,1523
462,9.95,9.95,9.95,9.95,100
463,9.95,9.95,9.95,9.95,201
464,9.95,9.95,9.9,9.9,200
465,9.95,9.95,9.9,9.9,1800
466,9.95,9.95,9.95,9.95,312
467,9.9,9.9085,9.9,9.9,1300
468,9.9,9.9,9.9,9.9,500
469,9.85,9.925,9.85,9.925,1800
470,9.85,9.875,9.85,9.875,700
471,9.95,10,9.8,9.85,13336
864,10,10,10,10,1680
865,9.85,9.9,9.85,9.9,300
866,9.875,10,9.8,9.95,2100
867,9.775,9.775,9.775,9.775,100
868,9.8,9.85,9.75,9.75,800
869,9.7,9.85,9.65,9.85,1700
870,9.7,9.7,9.7,9.7,100
871,9.75,9.8,9.725,9.725,6800
872,9.8,9.8,9.8,9.8,100
873,9.9,9.9,9.75,9.75,2966
874,9.9,9.9,9.85,9.85,300
875,9.85,9.9,9.8,9.8,914
876,9.85,9.85,9.85,9.85,100
877,9.8,9.9,9.8,9.85,600
878,9.9,9.9,9.85,9.85,400
880,9.85,9.9,9.85,9.85,400
881,9.85,9.9,9.85,9.9,200
882,9.8,9.85,9.8,9.85,300
883,9.85,9.85,9.85,9.85,100
884,9.85,9.85,9.85,9.85,100
885,9.85,9.85,9.8,9.8,525
886,9.8,9.85,9.8,9.85,300
887,9.8,9.85,9.8,9.85,400
888,9.8,9.85,9.75,9.8,1100
889,9.8,9.8,9.75,9.75,9549
890,9.85,9.85,9.775,9.8,1600
891,9.9,9.9,9.85,9.85,2900
892,9.85,9.95,9.85,9.9,1500
893,9.85,9.85,9.85,9.85,200
894,9.9,9.9,9.9,9.9,100
895,9.8,9.8,9.8,9.8,400
897,9.75,9.775,9.75,9.75,1700
898,9.75,9.75,9.7,9.75,500
899,9.7,9.8,9.7,9.75,700
900,9.75,9.75,9.7,9.7,400
901,9.75,9.75,9.7,9.745,2700
902,9.7,9.75,9.65,9.7,3347
903,9.75,9.8,9.65,9.7,6358
a1493731800,9.8,9.8,9.8,9.8,851
1,9.7,9.8,9.7,9.8,200
2,9.75,9.75,9.75,9.75,100
4,9.775,9.8,9.65,9.675,2750
12,9.7,9.775,9.7,9.75,900
14,9.6,9.75,9.55,9.7,4200
15,9.65,9.7,9.6,9.6,2483
16,9.7,9.725,9.65,9.7,5900
17,9.8,9.8,9.725,9.725,3313
18,9.75,9.8,9.75,9.8,2289
19,9.75,9.75,9.75,9.75,200
20,9.775,9.775,9.75,9.75,699
21,9.75,9.75,9.75,9.75,100
22,9.75,9.75,9.75,9.75,400
23,9.75,9.775,9.75,9.75,500
24,9.75,9.775,9.75,9.75,2001
25,9.75,9.75,9.75,9.75,200
26,9.75,9.775,9.75,9.75,400
27,9.7,9.75,9.7,9.75,300
28,9.75,9.75,9.7,9.7,2500
29,9.7,9.75,9.7,9.725,1409
30,9.725,9.75,9.675,9.7,3239
31,9.75,9.75,9.65,9.7,7028
32,9.825,9.825,9.7,9.7,1800
33,9.8,9.8,9.8,9.8,200
34,9.8,9.825,9.75,9.825,1258
35,9.775,9.775,9.75,9.75,2066
36,9.75,9.775,9.75,9.75,500
37,9.75,9.775,9.75,9.775,2202
38,9.75,9.7779,9.75,9.75,700
39,9.75,9.8,9.75,9.775,6258
144,9.8,9.8,9.8,9.8,381
146,9.8,9.85,9.75,9.75,600
148,9.8,9.875,9.8,9.8,1292
149,9.8,9.85,9.8,9.8,700
150,9.775,9.85,9.775,9.85,300
152,9.8,9.8,9.75,9.75,400
154,9.775,9.8,9.775,9.8,700
155,9.775,9.8,9.75,9.75,1742
156,9.775,9.8,9.775,9.775,700
157,9.75,9.775,9.75,9.775,200
158,9.8,9.8,9.775,9.8,300
159,9.8,9.825,9.75,9.775,13699
160,9.775,9.8,9.775,9.8,800
161,9.8,9.8,9.8,9.8,100
162,9.8,9.8,9.8,9.8,100
163,9.75,9.8,9.75,9.775,400
164,9.775,9.8,9.775,9.775,600
165,9.8,9.8,9.8,9.8,200
166,9.775,9.8,9.775,9.775,700
167,9.825,9.85,9.775,9.775,6282
168,9.8,9.825,9.8,9.825,1300
169,9.85,9.85,9.8,9.8,200
170,9.825,9.825,9.8,9.825,700
171,9.825,9.85,9.8,9.85,500
172,9.825,9.825,9.8,9.8,300
173,9.85,9.85,9.8,9.8,300
174,9.85,9.85,9.8,9.8,200
175,9.8,9.85,9.8,9.8,600
176,9.8,9.85,9.75,9.85,7990
177,9.775,9.8,9.75,9.75,2306
178,9.8,9.8,9.75,9.75,4600
179,9.8,9.8,9.8,9.8,200
180,9.8,9.85,9.8,9.85,400
181,9.8,9.825,9.8,9.825,500
182,9.85,9.85,9.8,9.8,2321
183,9.9,9.95,9.8,9.825,13618
293,9.75,9.8,9.75,9.75,700
296,9.8,9.8,9.75,9.8,2100
297,9.7603,9.775,9.75,9.75,2200
298,9.775,9.775,9.75,9.75,1400
299,9.75,9.775,9.75,9.75,1000
300,9.75,9.775,9.75,9.75,1200
301,9.775,9.775,9.75,9.75,700
302,9.725,9.75,9.6,9.75,17290
303,9.65,9.7,9.65,9.7,500
304,9.7,9.7,9.65,9.65,3400
305,9.7,9.7,9.6733,9.6733,200
306,9.675,9.7,9.675,9.7,600
307,9.675,9.7,9.675,9.7,900
308,9.7,9.7,9.675,9.675,608
309,9.725,9.75,9.675,9.675,10072
310,9.8,9.8,9.725,9.725,2500
311,9.75,9.75,9.7,9.7,1800
312,9.775,9.775,9.75,9.775,1700
313,9.775,9.775,9.775,9.775,400
314,9.775,9.775,9.775,9.775,600
315,9.75,9.775,9.75,9.775,1800
316,9.75,9.75,9.7,9.75,900
317,9.725,9.725,9.725,9.725,367
318,9.675,9.7,9.675,9.7,2585
319,9.75,9.75,9.675,9.675,4904
320,9.7,9.7,9.7,9.7,2000
321,9.7,9.725,9.7,9.725,309
322,9.725,9.725,9.7,9.7,400
323,9.725,9.725,9.7,9.7,300
324,9.7,9.725,9.7,9.725,5348
325,9.7,9.725,9.7,9.7,1000
326,9.65,9.7,9.625,9.7,27595
327,9.65,9.7,9.65,9.7,6391
432,9.65,9.65,9.65,9.65,9800
433,9.65,9.65,9.6,9.65,557
435,9.7,9.7,9.7,9.7,100
436,9.6,9.65,9.6,9.65,610
437,9.575,9.6346,9.575,9.6346,1420
438,9.6,9.65,9.55,9.55,5500
439,9.625,9.65,9.625,9.65,3000
440,9.6,9.65,9.6,9.65,1700
441,9.625,9.65,9.625,9.65,300
442,9.625,9.65,9.55,9.625,4946
443,9.625,9.625,9.625,9.625,100
444,9.6,9.6,9.55,9.6,24469
445,9.6,9.625,9.6,9.6,700
446,9.55,9.6,9.55,9.6,17394
447,9.55,9.55,9.5,9.55,3290
448,9.55,9.575,9.55,9.575,700
449,9.55,9.575,9.55,9.575,649
450,9.575,9.6,9.575,9.575,2239
451,9.575,9.6,9.55,9.575,1200
452,9.55,9.6,9.55,9.6,500
453,9.575,9.575,9.575,9.575,100
454,9.55,9.6,9.55,9.55,2800
455,9.55,9.575,9.55,9.575,200
456,9.575,9.6,9.575,9.6,800
457,9.55,9.575,9.55,9.55,7756
458,9.55,9.575,9.55,9.575,600
460,9.55,9.55,9.55,9.55,100
461,9.55,9.575,9.55,9.575,400
462,9.55,9.55,9.55,9.55,964
463,9.55,9.55,9.55,9.55,500
464,9.55,9.55,9.55,9.55,300
465,9.55,9.55,9.55,9.55,456
466,9.595,9.595,9.55,9.55,1500
467,9.55,9.55,9.55,9.55,700
468,9.55,9.55,9.55,9.55,200
469,9.55,9.575,9.55,9.55,2310
470,9.55,9.575,9.55,9.55,1500
471,9.55,9.6,9.525,9.55,22076
865,9.55,9.55,9.55,9.55,845
867,9.6,9.6,9.6,9.6,200
868,9.55,9.65,9.55,9.6,2001
869,9.6,9.7,9.55,9.6447,25778
870,9.6,9.65,9.6,9.6,28497
871,9.6,9.6,9.6,9.6,200
872,9.6,9.65,9.575,9.575,48098
873,9.75,9.75,9.55,9.6,112731
874,9.8,10.1,9.8,9.8,12749
875,9.8,9.9,9.766,9.8,10156
876,9.75,9.8,9.75,9.75,400
877,9.725,9.8,9.725,9.8,1001
878,9.8,9.825,9.7226,9.7226,35607
879,9.8,9.9,9.8,9.85,7200
880,9.8,9.8,9.75,9.75,2875
881,9.8,9.8427,9.8,9.8,8900
882,9.8,9.85,9.75,9.8,1600
883,9.8,9.85,9.75,9.75,2142
884,9.8,9.85,9.8,9.85,2951
885,9.8,9.8,9.75,9.75,300
886,9.8,9.85,9.75,9.75,800
887,9.8,9.8,9.75,9.75,500
888,9.8,9.8,9.75,9.75,1184
889,9.7,9.8,9.7,9.8,3279
890,9.7,9.7,9.7,9.7,600
891,9.7,9.7,9.675,9.7,900
892,9.65,9.75,9.65,9.7,1200
893,9.7,9.725,9.7,9.725,300
894,9.65,9.7,9.65,9.65,600
895,9.7,9.7,9.7,9.7,100
896,9.7,9.725,9.7,9.7,1110
897,9.65,9.7,9.65,9.7,1900
898,9.65,9.65,9.65,9.65,500
899,9.65,9.7,9.65,9.65,800
900,9.65,9.7,9.65,9.7,1800
901,9.6,9.675,9.6,9.65,2508
902,9.6,9.65,9.6,9.6,1600
903,9.625,9.65,9.6,9.6,18088
a1494336600,9.65,9.65,9.65,9.65,148
1,9.7395,9.7395,9.7395,9.7395,200
2,9.7,9.7,9.7,9.7,500
3,9.7,9.7,9.7,9.7,100
5,9.7,9.7,9.7,9.7,100
6,9.575,9.75,9.55,9.75,4500
7,9.65,9.65,9.575,9.6,2100
8,9.6,9.6,9.6,9.6,728
9,9.55,9.6,9.55,9.6,1131
10,9.575,9.6,9.575,9.6,1269
11,9.6,9.6,9.55,9.575,1300
12,9.55,9.6,9.55,9.575,500
14,9.55,9.55,9.55,9.55,1026
15,9.6,9.65,9.475,9.55,10577
16,9.55,9.55,9.55,9.55,500
17,9.525,9.55,9.5,9.5,500
18,9.525,9.55,9.525,9.525,1100
19,9.55,9.55,9.55,9.55,644
20,9.55,9.55,9.525,9.55,1300
22,9.5,9.6,9.5,9.575,1403
23,9.55,9.55,9.55,9.55,100
25,9.5,9.6,9.5,9.55,700
26,9.55,9.6,9.55,9.55,300
27,9.55,9.6,9.5,9.5,1200
28,9.55,9.6,9.55,9.55,1118
29,9.525,9.55,9.5,9.5,2390
30,9.55,9.55,9.525,9.525,200
31,9.55,9.55,9.525,9.525,500
32,9.525,9.55,9.525,9.55,800
33,9.5,9.5,9.5,9.5,100
34,9.55,9.55,9.525,9.55,900
35,9.525,9.525,9.525,9.525,100
36,9.525,9.55,9.525,9.55,600
37,9.525,9.55,9.525,9.55,598
38,9.525,9.55,9.525,9.525,900
39,9.5,9.55,9.5,9.525,12459
145,9.55,9.65,9.5,9.65,3381
146,9.575,9.575,9.575,9.575,100
147,9.575,9.6,9.55,9.6,5478
148,9.5,9.575,9.5,9.575,4700
149,9.525,9.55,9.5,9.55,3985
151,9.55,9.55,9.5,9.55,3505
152,9.55,9.55,9.55,9.55,100
153,9.575,9.575,9.575,9.575,100
154,9.575,9.575,9.575,9.575,600
155,9.55,9.6,9.55,9.6,10174
156,9.55,9.55,9.55,9.55,2900
157,9.55,9.55,9.5,9.55,900
158,9.55,9.55,9.525,9.55,2226
159,9.55,9.575,9.55,9.55,400
161,9.575,9.575,9.575,9.575,100
162,9.55,9.6,9.55,9.575,7712
165,9.55,9.575,9.55,9.575,900
166,9.6,9.6,9.575,9.575,3524
167,9.6,9.6,9.6,9.6,100
168,9.6,9.65,9.6,9.6,2400
169,9.6,9.65,9.6,9.6,900
170,9.6,9.65,9.6,9.65,4788
171,9.6,9.625,9.6,9.6,11300
172,9.6,9.6,9.6,9.6,1900
173,9.6,9.6,9.6,9.6,400
174,9.6,9.65,9.575,9.6,7400
175,9.6,9.625,9.6,9.6,1600
177,9.6,9.6,9.6,9.6,100
178,9.6,9.65,9.55,9.6,1300
179,9.6,9.6,9.6,9.6,100
180,9.6,9.65,9.55,9.65,800
181,9.55,9.6,9.55,9.55,11662
182,9.55,9.6,9.55,9.6,600
183,9.6,9.6,9.55,9.6,13861
289,9.7,9.8,9.7,9.7265,3329
291,9.6,9.608,9.6,9.608,1749
293,9.55,9.55,9.55,9.55,400
294,9.55,9.55,9.55,9.55,310
296,9.6,9.65,9.575,9.6,2148
297,9.6,9.6,9.6,9.6,1300
298,9.569,9.6,9.569,9.6,456
300,9.6,9.6,9.6,9.6,900
301,9.625,9.65,9.6,9.6,1100
302,9.6,9.65,9.6,9.625,3830
303,9.6,9.6,9.55,9.6,2100
304,9.625,9.625,9.55,9.6,24089
305,9.65,9.7,9.6,9.625,5400
306,9.675,9.675,9.675,9.675,1300
307,9.675,9.675,9.65,9.675,1200
308,9.65,9.675,9.65,9.675,300
309,9.675,9.7,9.65,9.65,4925
310,9.7,9.7,9.65,9.675,1100
311,9.7,9.7,9.7,9.7,200
312,9.65,9.7,9.65,9.7,3900
313,9.7,9.7,9.7,9.7,3000
314,9.7,9.75,9.65,9.7,500
315,9.7,9.7,9.65,9.7,400
316,9.65,9.7,9.65,9.675,500
317,9.7,9.7,9.65,9.65,200
318,9.7,9.7,9.65,9.7,1433
319,9.7,9.7,9.675,9.7,1700
320,9.675,9.7,9.675,9.7,700
321,9.7,9.75,9.65,9.7,1950
322,9.7,9.75,9.7,9.7,1700
323,9.7,9.7,9.7,9.7,300
324,9.7,9.75,9.65,9.65,3211
325,9.675,9.75,9.675,9.75,1100
326,9.65,9.675,9.65,9.65,1200
327,9.65,9.7,9.65,9.7,10158
434,9.65,9.65,9.65,9.65,300
437,9.65,9.65,9.65,9.65,700
438,9.625,9.625,9.625,9.625,100
439,9.6,9.65,9.6,9.65,500
440,9.65,9.65,9.625,9.625,300
441,9.6,9.625,9.6,9.625,400
442,9.7,9.7,9.6,9.65,10531
443,9.7,9.725,9.7,9.7,3117
444,9.7,9.75,9.7,9.7,2100
445,9.7,9.7,9.7,9.7,2400
446,9.7,9.7,9.7,9.7,3300
447,9.7,9.7,9.7,9.7,2700
448,9.7,9.7,9.65,9.7,2975
449,9.7,9.7,9.65,9.65,1000
450,9.7,9.7,9.65,9.65,800
451,9.7,9.75,9.65,9.75,1200
452,9.7,9.7,9.65,9.65,900
453,9.7,9.7,9.65,9.7,600
454,9.7,9.7,9.65,9.65,1700
455,9.65,9.75,9.65,9.7,2132
456,9.7,9.7,9.65,9.65,1168
457,9.7,9.7,9.65,9.65,3400
458,9.7,9.725,9.65,9.65,1500
459,9.65,9.7,9.65,9.65,600
460,9.65,9.7,9.65,9.65,769
461,9.65,9.75,9.65,9.7,1131
462,9.75,9.75,9.65,9.65,500
463,9.7,9.7,9.65,9.7,996
464,9.7,9.725,9.65,9.7,6929
465,9.7,9.725,9.7,9.725,600
466,9.725,9.725,9.7,9.7,600
467,9.7,9.725,9.7,9.7,600
468,9.7,9.725,9.7,9.7,1300
469,9.7,9.75,9.65,9.75,12145
470,9.65,9.7,9.65,9.7,5801
471,9.675,9.75,9.65,9.65,8954
864,9.7,9.7,9.7,9.7,100
865,9.65,9.8,9.6,9.65,11797
866,9.65,9.65,9.65,9.65,3200
867,9.65,9.675,9.6,9.65,39900
868,9.65,9.65,9.65,9.65,400
869,9.65,9.65,9.65,9.65,600
870,9.65,9.675,9.65,9.675,600
871,9.675,9.675,9.65,9.65,700
872,9.675,9.675,9.65,9.65,300
873,9.65,9.65,9.65,9.65,386
874,9.65,9.675,9.65,9.675,800
875,9.675,9.675,9.675,9.675,300
876,9.65,9.675,9.65,9.65,5904
877,9.65,9.65,9.65,9.65,300
878,9.65,9.675,9.65,9.65,700
879,9.65,9.65,9.65,9.65,500
880,9.65,9.65,9.65,9.65,500
881,9.675,9.675,9.65,9.65,400
882,9.65,9.6797,9.65,9.65,1220
883,9.65,9.65,9.65,9.65,200
884,9.675,9.7,9.65,9.65,800
885,9.65,9.65,9.65,9.65,600
886,9.675,9.675,9.65,9.675,600
887,9.65,9.65,9.65,9.65,1800
888,9.65,9.675,9.65,9.675,600
889,9.65,9.65,9.65,9.65,200
890,9.65,9.675,9.65,9.65,700
891,9.65,9.65,9.65,9.65,100
892,9.65,9.675,9.65,9.65,500
893,9.675,9.675,9.65,9.65,774
894,9.675,9.675,9.65,9.65,1100
895,9.675,9.6861,9.65,9.65,1000
896,9.65,9.7,9.65,9.65,1000
897,9.65,9.65,9.65,9.65,100
898,9.65,9.675,9.65,9.65,900
899,9.65,9.675,9.65,9.65,2500
900,9.65,9.7,9.65,9.65,800
901,9.65,9.65,9.65,9.65,1000
902,9.65,9.675,9.65,9.65,2214
903,9.65,9.7,9.65,9.675,13796
a1494943200,9.625,9.8,9.6,9.8,4610
1,9.625,9.65,9.6,9.625,3877
3,9.575,9.65,9.525,9.625,49594
4,9.55,9.6,9.5,9.55,3818
5,9.525,9.55,9.5,9.55,1000
6,9.375,9.5,9.35,9.5,21307
7,9.375,9.4,9.35,9.375,1900
8,9.45,9.45,9.375,9.375,14142
9,9.45,9.45,9.4,9.45,1500
10,9.45,9.45,9.45,9.45,200
11,9.45,9.495,9.425,9.45,3028
12,9.483,9.5,9.45,9.45,460
13,9.4498,9.5,9.4,9.45,1789
14,9.478,9.478,9.478,9.478,1000
15,9.5,9.5,9.45,9.45,700
16,9.4,9.5,9.4,9.45,3750
17,9.45,9.475,9.45,9.475,300
18,9.4,9.4,9.4,9.4,100
20,9.45,9.45,9.45,9.45,100
21,9.425,9.45,9.4211,9.45,3462
22,9.425,9.425,9.425,9.425,100
24,9.425,9.45,9.375,9.4,10684
25,9.45,9.45,9.4,9.4,800
26,9.425,9.45,9.4,9.45,300
27,9.44,9.45,9.44,9.45,1036
28,9.45,9.45,9.45,9.45,1398
29,9.45,9.45,9.45,9.45,200
30,9.425,9.425,9.425,9.425,100
33,9.5,9.5,9.45,9.45,4894
34,9.5,9.5,9.45,9.475,2519
35,9.525,9.55,9.45,9.45,29101
36,9.6,9.65,9.475,9.5,36433
142,9.5,9.5,9.5,9.5,300
145,9.5,9.5,9.45,9.45,1300
147,9.4,9.405,9.4,9.405,710
152,9.3,9.3491,9.3,9.3,1900
153,9.3,9.3,9.3,9.3,200
155,9.3,9.3,9.255,9.255,1502
156,9.325,9.325,9.3,9.3,200
157,9.375,9.375,9.325,9.325,1500
158,9.375,9.4,9.375,9.375,500
159,9.35,9.4,9.35,9.4,200
161,9.35,9.4,9.35,9.4,500
163,9.35,9.4,9.35,9.4,400
164,9.35,9.4,9.35,9.35,800
165,9.35,9.35,9.35,9.35,100
167,9.35,9.35,9.35,9.35,100
168,9.35,9.35,9.35,9.35,531
169,9.325,9.325,9.325,9.325,400
170,9.3,9.35,9.3,9.325,3100
171,9.3,9.35,9.275,9.3,6087
172,9.325,9.35,9.3,9.325,708
173,9.3,9.3,9.3,9.3,300
174,9.3,9.35,9.25,9.3,14896
175,9.325,9.35,9.325,9.35,300
176,9.35,9.35,9.35,9.35,200
177,9.3,9.35,9.3,9.325,2194
178,9.3,9.35,9.3,9.325,400
179,9.325,9.35,9.325,9.35,1000
180,9.3,9.35,9.3,9.325,9289
285,9.3,9.3,9.3,9.3,3506
286,9.35,9.35,9.275,9.35,2600
288,9.35,9.35,9.35,9.35,100
289,9.35,9.366,9.3,9.366,2700
291,9.3,9.3,9.3,9.3,662
292,9.3,9.3,9.29,9.3,18905
293,9.2,9.2,9.15,9.2,1600
294,9.15,9.2,9.125,9.2,10033
295,9.05,9.15,9.05,9.1,3000
296,9.075,9.1,9.075,9.1,400
297,9.125,9.15,9.075,9.1,5368
298,9.125,9.125,9.125,9.125,1200
299,9.125,9.15,9.125,9.125,1000
300,9.125,9.15,9.1,9.15,3023
301,9.125,9.125,9.125,9.125,100
302,9.125,9.15,9.125,9.15,848
303,9.15,9.15,9.15,9.15,200
304,9.125,9.125,9.125,9.125,100
306,9.125,9.125,9.1,9.1,200
307,9.125,9.15,9.125,9.15,1277
308,9.125,9.15,9.125,9.15,1400
309,9.125,9.125,9.125,9.125,500
310,9.125,9.125,9.125,9.125,800
312,9.125,9.15,9.125,9.15,1400
313,9.125,9.15,9.1,9.15,877
314,9.125,9.125,9.125,9.125,1100
315,9.125,9.125,9.125,9.125,1100
316,9.125,9.15,9.1,9.15,11890
317,9.125,9.15,9.125,9.15,400
318,9.125,9.15,9.125,9.125,500
319,9.125,9.125,9.125,9.125,100
320,9.125,9.15,9.1,9.15,1266
321,9.1,9.15,9.1,9.15,8667
322,9.15,9.15,9.125,9.125,1000
323,9.1,9.125,9.1,9.1,1700
324,9.1,9.15,9.1,9.1,36769
430,9.15,9.15,9.15,9.15,100
432,9.15,9.15,9.15,9.15,450
435,9.15,9.2,9.1,9.15,4184
437,9.1221,9.1221,9.1221,9.1221,100
438,9.15,9.15,9.1,9.1,600
439,9.15,9.15,9.15,9.15,100
440,9.125,9.15,9.1,9.1,400
441,9.125,9.15,9.125,9.15,200
442,9.1,9.1,9.1,9.1,100
443,9.125,9.15,9.1,9.1,500
444,9.15,9.15,9.125,9.15,500
445,9.125,9.15,9.125,9.15,2100
446,9.2,9.25,9.1,9.118,44983
447,9.2,9.25,9.15,9.15,1900
448,9.15,9.25,9.15,9.25,4200
449,9.15,9.2,9.15,9.2,1200
450,9.2,9.2,9.15,9.175,1900
451,9.2,9.25,9.2,9.2,1800
452,9.2,9.2,9.2,9.2,1700
453,9.2,9.2,9.15,9.2,3604
454,9.15,9.2,9.15,9.2,3376
455,9.175,9.2,9.175,9.2,4380
456,9.2,9.25,9.15,9.1895,9518
457,9.2,9.2,9.15,9.2,2200
458,9.2,9.2,9.2,9.2,100
459,9.2,9.25,9.15,9.15,13212
460,9.25,9.25,9.2,9.2,8803
461,9.2,9.2,9.2,9.2,500
462,9.2,9.25,9.2,9.2,1800
463,9.2,9.25,9.2,9.225,5400
464,9.225,9.3,9.225,9.25,5351
465,9.225,9.3,9.2,9.25,4400
466,9.225,9.295,9.225,9.225,7300
467,9.25,9.25,9.2,9.2,6224
468,9.15,9.3,9.15,9.225,16877
862,9.15,9.25,9.15,9.25,800
863,9.25,9.25,9.25,9.25,650
865,9.25,9.3,9.25,9.25,800
867,9.25,9.25,9.25,9.25,980
868,9.25,9.3,9.25,9.3,300
869,9.25,9.25,9.25,9.25,300
870,9.25,9.25,9.2,9.25,3100
874,9.25,9.25,9.25,9.25,100
877,9.25,9.25,9.25,9.25,100
878,9.225,9.25,9.225,9.25,400
881,9.25,9.25,9.225,9.225,300
882,9.25,9.25,9.25,9.25,100
884,9.25,9.25,9.25,9.25,200
886,9.25,9.275,9.25,9.25,3981
887,9.25,9.3,9.25,9.25,681
888,9.25,9.25,9.25,9.25,4400
889,9.25,9.3,9.2,9.25,13664
890,9.275,9.275,9.275,9.275,200
891,9.375,9.375,9.25,9.275,5111
892,9.35,9.375,9.35,9.35,2295
893,9.35,9.4,9.35,9.4,800
894,9.35,9.4,9.3,9.3,1500
895,9.35,9.35,9.35,9.35,900
896,9.35,9.4,9.35,9.35,1600
897,9.35,9.4,9.325,9.4,6800
898,9.35,9.4,9.325,9.35,3941
899,9.3,9.35,9.3,9.35,706
900,9.25,9.35,9.25,9.3,27957
a1495546200,9.35,9.35,9.35,9.35,173
2,9.25,9.25,9.25,9.25,100
4,9.25,9.3,9.25,9.3,300
5,9.25,9.3,9.25,9.275,629
6,9.275,9.3,9.25,9.275,4600
7,9.275,9.3,9.275,9.275,1200
8,9.275,9.35,9.25,9.275,17936
9,9.275,9.3,9.275,9.3,4720
10,9.3,9.3,9.275,9.275,2600
11,9.275,9.3,9.275,9.3,800
12,9.3,9.3,9.275,9.3,2800
13,9.275,9.3,9.25,9.255,875
14,9.275,9.275,9.275,9.275,700
15,9.275,9.275,9.25,9.25,600
16,9.25,9.275,9.25,9.25,650
17,9.25,9.275,9.25,9.275,600
18,9.275,9.275,9.25,9.25,1200
19,9.275,9.275,9.25,9.25,200
21,9.25,9.275,9.25,9.275,700
22,9.279,9.3,9.25,9.25,4689
23,9.3,9.35,9.25,9.25,17283
24,9.3,9.35,9.3,9.3,6600
25,9.3,9.3,9.275,9.3,1100
26,9.3,9.3,9.3,9.3,1050
27,9.3,9.35,9.275,9.3,3700
28,9.3,9.325,9.275,9.3,3900
29,9.3,9.3,9.275,9.3,1900
30,9.3,9.35,9.275,9.35,2200
31,9.3,9.3139,9.25,9.3139,5400
32,9.35,9.35,9.25,9.3,2800
33,9.275,9.35,9.275,9.3,11559
34,9.3,9.3,9.25,9.25,400
35,9.325,9.325,9.325,9.325,200
36,9.325,9.325,9.3,9.325,1300
37,9.3,9.325,9.3,9.325,1300
38,9.3,9.35,9.3,9.3,4671
39,9.25,9.35,9.25,9.325,19746
145,9.4,9.4,9.35,9.35,300
146,9.45,9.45,9.45,9.45,100
148,9.4,9.4,9.4,9.4,200
150,9.45,9.45,9.4,9.4,200
152,9.5,9.5,9.5,9.5,100
155,9.4,9.4,9.4,9.4,100
156,9.45,9.45,9.45,9.45,300
157,9.45,9.45,9.45,9.45,100
158,9.4,9.425,9.4,9.425,400
159,9.35,9.4,9.35,9.4,2479
160,9.35,9.375,9.35,9.375,200
161,9.35,9.4,9.3,9.35,1330
163,9.35,9.35,9.35,9.35,200
164,9.3,9.3,9.3,9.3,100
165,9.325,9.35,9.325,9.325,400
166,9.3,9.35,9.3,9.35,300
167,9.25,9.3,9.25,9.3,2263
168,9.275,9.275,9.25,9.275,300
169,9.225,9.3,9.225,9.3,1900
170,9.2,9.225,9.2,9.225,500
172,9.2,9.25,9.2,9.25,300
173,9.225,9.225,9.225,9.225,100
174,9.25,9.25,9.25,9.25,100
175,9.2,9.25,9.186,9.25,900
176,9.2,9.25,9.2,9.25,200
177,9.175,9.2,9.175,9.2,300
178,9.175,9.2,9.175,9.175,1100
179,9.2,9.2,9.175,9.175,900
180,9.2,9.2,9.175,9.175,3100
181,9.2,9.25,9.2,9.2,700
182,9.2,9.25,9.2,9.25,800
183,9.15,9.25,9.15,9.25,8947
290,9.175,9.225,9.175,9.225,400
291,9.2,9.2,9.175,9.175,200
292,9.175,9.175,9.15,9.15,1022
293,9.175,9.175,9.175,9.175,100
294,9.175,9.175,9.175,9.175,500
296,9.2,9.2,9.2,9.2,200
297,9.125,9.175,9.1,9.15,4000
298,9.175,9.175,9.1,9.1,2400
299,9.175,9.2,9.15,9.15,300
300,9.125,9.175,9.125,9.15,2600
301,9.15,9.15,9.1,9.125,2000
302,9.125,9.15,9.125,9.15,400
303,9.15,9.15,9.125,9.125,2100
304,9.125,9.15,9.1,9.1,2350
305,9.125,9.125,9.1,9.125,800
306,9.125,9.15,9.1,9.1,1637
307,9.15,9.15,9.125,9.125,246
308,9.15,9.15,9.15,9.15,100
309,9.1,9.15,9.1,9.1,1604
310,9.1,9.15,9.1,9.1,2227
311,9.125,9.15,9.1,9.1,1600
312,9.125,9.125,9.1,9.125,400
313,9.125,9.15,9.1,9.1,1348
314,9.125,9.15,9.1,9.1,700
315,9.1,9.15,9.1,9.1,1000
316,9.15,9.15,9.1,9.125,3100
317,9.025,9.15,9,9.1,60694
318,9.05,9.05,8.925,9,14428
319,9.05,9.05,9.025,9.05,1100
320,9.05,9.05,9,9.05,700
321,9,9.05,8.975,9.05,3100
322,9,9,8.95,8.975,2721
323,9,9.05,8.97,9,7311
324,9.025,9.05,9.025,9.05,800
325,9.025,9.05,9,9.025,1300
326,9,9.05,9,9.025,1840
327,9.05,9.05,9,9.025,25984
432,9,9,9,9,751
433,9,9.1,9,9.1,2619
434,9,9,9,9,200
442,9.025,9.05,9.025,9.025,300
443,9.025,9.05,9,9.05,800
444,9.025,9.025,9.025,9.025,200
445,9,9,9,9,100
446,9,9,9,9,100
448,9,9,9,9,200
450,9,9.025,9,9.025,200
451,9,9.05,9,9.05,1525
453,9,9.05,9,9.05,900
454,9.025,9.05,9,9.05,502
455,9.05,9.05,9.025,9.05,700
458,9.05,9.05,9.05,9.05,255
459,8.95,9,8.9,9,13716
460,9.025,9.05,8.95,8.95,3799
461,9,9.025,9,9,1478
462,9,9,8.95,9,2189
463,9.025,9.025,9.025,9.025,100
464,9.025,9.025,9,9,500
465,9.05,9.05,9,9.025,400
466,9,9,9,9,100
467,9.025,9.025,9.025,9.025,200
468,9,9.05,9,9,1682
470,9.025,9.05,9,9.05,4765
471,9.05,9.05,9,9.05,13468
a1496151000,9,9,9,9,179
1,9,9.1,9,9,2300
5,9,9,9,9,569
7,9.025,9.025,9.025,9.025,100
10,9,9,9,9,200
11,9,9,9,9,300
12,9,9,9,9,500
13,9,9.025,9,9.025,400
14,9.025,9.025,9.025,9.025,600
15,9.025,9.025,9.025,9.025,200
16,9.025,9.025,9.025,9.025,100
17,9,9.025,9,9,1808
18,9,9.05,9,9,1200
20,9.025,9.025,9,9.025,1904
22,9.05,9.05,9,9.025,800
24,9,9,9,9,100
25,9.1,9.1,9,9,6022
26,9.1,9.1,9.075,9.1,800
27,9.075,9.075,9.05,9.075,564
28,9.05,9.1,9.05,9.1,200
29,9.05,9.075,9.05,9.05,964
30,9.05,9.075,9.05,9.05,500
31,9.05,9.075,9.05,9.075,3275
32,9.075,9.1,9.075,9.075,1100
34,9.075,9.1,9.05,9.075,900
35,9.075,9.075,9.075,9.075,100
36,9.1,9.1,9.1,9.1,300
37,9.05,9.1,9.05,9.0886,617
38,9.1,9.1,9.075,9.1,1039
39,9.05,9.1,9.05,9.1,6126
144,9.05,9.05,9.05,9.05,100
146,9.05,9.1,9.05,9.1,700
148,9.0635,9.0635,9.0635,9.0635,500
150,9.05,9.05,9.05,9.05,100
151,9.0375,9.0375,9.0375,9.0375,120
153,9.05,9.05,9.05,9.05,200
154,9.025,9.025,9.025,9.025,100
155,9.025,9.05,9.025,9.05,300
156,9,9.025,9,9.025,1400
157,9.05,9.05,9,9,905
158,9,9.025,9,9.025,1000
159,9.025,9.05,9,9.025,1270
161,9.025,9.025,9.025,9.025,100
162,9,9.025,9,9.025,600
163,9,9.05,9,9.05,200
165,9,9,9,9,100
166,9,9.05,9,9.025,3200
167,9.05,9.05,9.05,9.05,400
168,9.05,9.05,9.05,9.05,600
169,9.1,9.1,9,9.05,1663
170,9.05,9.05,9.05,9.05,100
171,9.05,9.1,9.05,9.1,300
173,9,9.05,9,9.03,4800
174,9.075,9.1,9.025,9.025,4200
175,9.125,9.15,9.0705,9.0705,9270
176,9.15,9.2,9.12,9.15,6066
177,9.25,9.25,9.175,9.195,8800
178,9.25,9.25,9.2,9.25,1343
179,9.3,9.3,9.25,9.25,1600
180,9.3,9.3,9.275,9.275,1500
181,9.3,9.3,9.25,9.275,1900
182,9.25,9.275,9.25,9.25,2000
183,9.25,9.35,9.25,9.275,16634
288,9.45,9.45,9.45,9.45,1292
289,9.3,9.365,9.3,9.35,5648
290,9.3,9.41,9.3,9.35,2632
291,9.3,9.35,9.3,9.3,1000
292,9.45,9.45,9.35,9.35,1500
293,9.425,9.425,9.425,9.425,100
295,9.45,9.45,9.4,9.425,4140
297,9.45,9.5,9.45,9.5,547
298,9.45,9.475,9.45,9.45,600
299,9.45,9.5,9.45,9.5,200
300,9.5,9.5,9.45,9.475,600
301,9.45,9.475,9.45,9.475,200
302,9.45,9.475,9.45,9.475,700
303,9.45,9.5,9.45,9.46,530
304,9.475,9.475,9.45,9.45,300
305,9.5,9.55,9.475,9.475,2495
306,9.5,9.55,9.5,9.55,500
307,9.55,9.55,9.45,9.45,200
308,9.5,9.5,9.45,9.45,300
309,9.45,9.45,9.45,9.45,100
310,9.45,9.55,9.45,9.55,400
311,9.45,9.55,9.45,9.55,900
312,9.45,9.5,9.45,9.5,400
313,9.5,9.5,9.5,9.5,100
314,9.45,9.5,9.45,9.5,400
315,9.45,9.5,9.45,9.5,200
316,9.55,9.55,9.45,9.45,1200
317,9.5,9.55,9.5,9.5,300
318,9.6,9.6,9.525,9.525,1400
319,9.6,9.6,9.6,9.6,300
320,9.65,9.65,9.6,9.6,200
321,9.7,9.7,9.65,9.65,500
322,9.65,9.65,9.65,9.65,200
323,9.65,9.7,9.6,9.7,300
324,9.65,9.65,9.625,9.65,800
325,9.6,9.6,9.6,9.6,800
326,9.65,9.65,9.6,9.65,1400
327,9.65,9.7,9.645,9.65,13638
432,9.65,9.65,9.65,9.65,200
433,9.75,9.75,9.7,9.7,400
434,9.7,9.75,9.65,9.75,600
438,9.7,9.75,9.7,9.75,200
439,9.7,9.7,9.7,9.7,400
440,9.7,9.7,9.7,9.7,735
441,9.7,9.75,9.7,9.7,900
442,9.65,9.75,9.65,9.7,3000
443,9.55,9.6,9.55,9.6,800
444,9.6,9.6,9.5,9.55,2135
445,9.45,9.5,9.45,9.5,300
446,9.5,9.5,9.45,9.45,600
447,9.45,9.45,9.45,9.45,300
448,9.45,9.45,9.45,9.45,400
449,9.45,9.45,9.45,9.45,200
450,9.45,9.45,9.45,9.45,300
451,9.4,9.45,9.4,9.45,2579
452,9.3,9.45,9.3,9.4,10482
453,9.2,9.3,9.2,9.3,1800
454,9.2,9.25,9.2,9.25,1490
455,9.2,9.2,9.2,9.2,200
456,9.3,9.3,9.2,9.25,4100
457,9.25,9.3,9.25,9.25,6400
458,9.25,9.25,9.2,9.25,600
459,9.2,9.2,9.15,9.2,700
460,9.1,9.25,9.1,9.25,400
461,9.245,9.25,9.1,9.1,9600
462,9.4,9.4,9.2,9.2,7057
463,9.4,9.4,9.35,9.35,5376
464,9.4,9.4,9.4,9.4,300
465,9.425,9.425,9.425,9.425,100
466,9.425,9.425,9.4,9.4,1100
467,9.425,9.425,9.4,9.4,1200
468,9.45,9.45,9.425,9.425,1400
469,9.45,9.5,9.45,9.45,600
470,9.45,9.45,9.4,9.45,5200
471,9.55,9.55,9.4,9.45,9990
864,9.5,9.5,9.5,9.5,100
865,9.45,9.75,9.45,9.75,300
867,9.5,9.5,9.5,9.5,606
868,9.6,9.6,9.55,9.55,400
869,9.65,9.65,9.65,9.65,100
871,9.7,9.7,9.65,9.65,400
872,9.7,9.75,9.675,9.675,600
874,9.7,9.75,9.7,9.75,700
875,9.75,9.75,9.7,9.7,601
876,9.65,9.75,9.65,9.66,600
877,9.65,9.65,9.65,9.65,100
878,9.7,9.7,9.7,9.7,100
879,9.7,9.7,9.7,9.7,200
880,9.675,9.675,9.65,9.66,900
881,9.7,9.7,9.7,9.7,100
883,9.65,9.7,9.65,9.675,500
884,9.75,9.75,9.675,9.7,1400
885,9.65,9.75,9.65,9.65,600
886,9.65,9.75,9.65,9.7,1300
887,9.75,9.75,9.65,9.65,700
888,9.705,9.75,9.705,9.75,600
889,9.7,9.75,9.7,9.7,400
890,9.7,9.7,9.7,9.7,700
891,9.725,9.725,9.7,9.7,300
892,9.725,9.725,9.7,9.7,300
893,9.7,9.75,9.7,9.7,900
894,9.8,9.8,9.75,9.75,900
895,9.8,9.8,9.8,9.8,100
896,9.775,9.8,9.75,9.8,300
897,9.775,9.775,9.75,9.75,200
898,9.8,9.8,9.75,9.75,400
899,9.75,9.75,9.75,9.75,200
900,9.75,9.8,9.75,9.8,1400
901,9.75,9.775,9.75,9.75,600
902,9.875,9.9,9.75,9.75,3006
903,9.75,9.875,9.75,9.85,8083
a1496755800,9.75,9.75,9.75,9.75,408
1,9.75,9.8,9.698,9.698,700
3,9.7,9.7,9.7,9.7,200
6,9.7,9.7,9.65,9.65,200
8,9.65,9.7,9.65,9.7,900
9,9.7,9.7,9.65,9.65,600
10,9.55,9.6,9.5,9.6,904
11,9.5,9.55,9.45,9.5,4686
12,9.475,9.5,9.475,9.5,1400
13,9.475,9.5,9.475,9.475,1191
14,9.5,9.5,9.45,9.475,2700
15,9.525,9.55,9.525,9.525,1100
16,9.5,9.5,9.5,9.5,2400
17,9.55,9.55,9.5,9.5,1100
18,9.45,9.5,9.45,9.5,500
19,9.475,9.55,9.45,9.5,1400
20,9.45,9.475,9.45,9.475,600
22,9.4,9.475,9.4,9.475,3917
23,9.4,9.45,9.35,9.4,10000
24,9.4,9.4,9.35,9.35,1300
25,9.45,9.45,9.35,9.4,1800
26,9.325,9.4,9.3,9.35,4400
27,9.3,9.325,9.3,9.325,1508
28,9.3,9.35,9.3,9.3,2100
29,9.3,9.3,9.3,9.3,2298
30,9.3,9.325,9.3,9.3,2197
31,9.325,9.35,9.3,9.3,2187
32,9.325,9.35,9.3,9.35,917
33,9.3,9.325,9.3,9.325,1600
34,9.3,9.325,9.3,9.3,1000
35,9.3,9.325,9.3,9.3,1100
36,9.325,9.35,9.3,9.325,3812
37,9.5,9.5,9.325,9.35,10080
38,9.35,9.475,9.35,9.475,7577
39,9.3,9.4,9.3,9.3,18742
146,9.35,9.35,9.35,9.35,500
147,9.35,9.35,9.35,9.35,300
149,9.3,9.3,9.3,9.3,100
151,9.25,9.35,9.25,9.35,5089
152,9.25,9.25,9.25,9.25,4802
153,9.25,9.25,9.25,9.25,900
154,9.225,9.3,9.225,9.3,1000
155,9.25,9.25,9.2,9.225,2450
156,9.25,9.25,9.25,9.25,200
157,9.25,9.25,9.25,9.25,3685
158,9.2,9.25,9.2,9.2,400
159,9.25,9.25,9.25,9.25,200
160,9.225,9.25,9.2,9.225,900
161,9.25,9.25,9.2,9.2,400
162,9.2,9.2,9.2,9.2,100
163,9.2,9.2,9.2,9.2,100
166,9.2,9.2,9.2,9.2,200
167,9.225,9.225,9.2,9.2,2310
168,9.225,9.25,9.2,9.2,700
169,9.275,9.3,9.225,9.225,6802
170,9.25,9.25,9.25,9.25,200
172,9.25,9.25,9.25,9.25,200
173,9.275,9.275,9.25,9.25,400
174,9.275,9.3,9.25,9.25,4984
175,9.275,9.3,9.25,9.3,700
176,9.275,9.3,9.275,9.3,200
177,9.25,9.275,9.25,9.275,400
178,9.275,9.3,9.275,9.3,300
179,9.3,9.3,9.25,9.3,700
180,9.25,9.3,9.25,9.25,500
181,9.3,9.3,9.25,9.3,1025
182,9.275,9.3,9.25,9.275,1500
183,9.3,9.3,9.25,9.275,5580
290,9.3,9.4,9.3,9.4,400
293,9.2,9.2,9.2,9.2,100
294,9.2,9.2,9.2,9.2,5802
295,9.2,9.25,9.2,9.2,2217
296,9.2,9.2,9.2,9.2,1000
297,9.2,9.2,9.2,9.2,1500
298,9.25,9.25,9.2,9.225,4200
299,9.2,9.3,9.2,9.3,300
300,9.25,9.3,9.2,9.2,700
301,9.2,9.2,9.2,9.2,100
302,9.25,9.25,9.2,9.2,880
303,9.2,9.3,9.2,9.2,400
304,9.25,9.25,9.25,9.25,600
305,9.3,9.3,9.25,9.25,1100
307,9.3,9.3,9.25,9.25,1000
308,9.25,9.275,9.25,9.275,400
309,9.325,9.325,9.275,9.3,1400
310,9.35,9.35,9.3,9.3,1400
311,9.3,9.3,9.3,9.3,100
312,9.35,9.3593,9.3,9.35,1000
313,9.3,9.35,9.3,9.3,800
314,9.3,9.3,9.25,9.3,2184
315,9.3,9.3,9.25,9.275,500
316,9.25,9.25,9.25,9.25,100
317,9.25,9.25,9.25,9.25,300
318,9.275,9.3,9.25,9.25,2200
319,9.3,9.3,9.26,9.26,3600
320,9.3,9.3,9.25,9.25,500
321,9.275,9.3,9.25,9.275,1000
323,9.25,9.3,9.25,9.3,2000
324,9.325,9.325,9.3,9.3,200
325,9.3,9.3,9.275,9.3,3500
326,9.25,9.3,9.25,9.3,700
327,9.35,9.4,9.25,9.275,22075
433,9.55,9.55,9.4,9.4,2600
439,9.55,9.6,9.55,9.6,300
443,9.5,9.55,9.5,9.5,800
444,9.5,9.5,9.5,9.5,200
445,9.5,9.55,9.5,9.525,900
446,9.5,9.55,9.5,9.55,600
447,9.5,9.5,9.5,9.5,400
448,9.5,9.6,9.5,9.55,1100
449,9.6,9.65,9.55,9.55,2195
450,9.55,9.55,9.55,9.55,200
451,9.6,9.65,9.6,9.6,300
452,9.75,9.75,9.625,9.65,1900
453,9.85,9.85,9.75,9.8,800
454,9.85,9.85,9.85,9.85,100
455,9.8,9.85,9.8,9.85,500
456,9.825,9.825,9.8,9.8,688
457,9.825,9.825,9.8,9.8,400
458,9.75,9.75,9.75,9.75,300
459,9.75,9.75,9.75,9.75,200
460,9.75,9.8,9.75,9.75,1700
461,9.75,9.8,9.75,9.8,2900
462,9.75,9.75,9.75,9.75,100
463,9.75,9.8,9.75,9.75,700
464,9.8,9.8,9.775,9.8,1800
465,9.8,9.8,9.75,9.75,200
466,9.775,9.8,9.75,9.75,500
467,9.775,9.775,9.75,9.775,1400
468,9.75,9.8,9.75,9.8,1600
469,9.75,9.775,9.75,9.775,1400
470,9.5,9.75,9.5,9.75,11295
471,9.55,9.6,9.4,9.525,25931
867,9.7,9.7,9.7,9.7,100
868,9.7,9.7,9.7,9.7,200
870,9.7,9.7,9.65,9.7,400
871,9.6,9.7,9.6,9.7,1200
872,9.6,9.65,9.6,9.65,1200
873,9.725,9.75,9.65,9.65,3165
874,9.8,9.8,9.7,9.725,3600
875,9.8,9.8,9.8,9.8,200
876,9.8,9.85,9.75,9.8,961
877,9.8,9.85,9.75,9.8,500
878,9.75,9.75,9.7,9.75,800
879,9.725,9.75,9.7,9.75,865
880,9.725,9.75,9.7,9.7,500
881,9.725,9.75,9.7,9.7,1690
882,9.75,9.75,9.7,9.75,1000
883,9.8,9.8,9.75,9.75,500
884,9.8,9.8,9.8,9.8,200
885,9.775,9.775,9.75,9.775,600
886,9.75,9.775,9.75,9.775,300
887,9.775,9.775,9.775,9.775,200
888,9.75,9.75,9.75,9.75,300
889,9.775,9.8,9.75,9.8,500
890,9.775,9.775,9.75,9.75,700
891,9.75,9.775,9.75,9.775,2101
892,9.75,9.8,9.7,9.75,700
893,9.775,9.775,9.75,9.75,600
894,9.775,9.775,9.75,9.755,1500
895,9.9,9.9,9.75,9.75,4703
896,9.9,9.9,9.875,9.875,600
897,9.9,9.9,9.875,9.875,500
898,9.875,9.9,9.875,9.875,600
899,9.9,9.9,9.85,9.875,800
900,9.85,9.9,9.85,9.9,900
901,9.875,9.9,9.85,9.875,1300
902,9.875,9.875,9.85,9.875,2100
903,9.9,9.95,9.85,9.875,9407
a1497362400,9.85,9.95,9.85,9.95,2800
1,9.9,9.9,9.9,9.9,300
2,9.9,9.9,9.9,9.9,100
3,9.9,9.95,9.85,9.9,1600
4,9.875,9.9,9.875,9.9,300
5,9.95,9.95,9.875,9.9,1150
6,10,10,10,10,310
7,10,10.075,9.95,9.95,9774
8,10.1,10.1,10,10.025,3367
10,10.15,10.15,10.1,10.15,1279
11,10.1,10.15,10.1,10.15,200
12,10.15,10.15,10.15,10.15,400
13,10.25,10.25,10.15,10.2,900
14,10.3,10.3,10.25,10.25,800
15,10.275,10.35,10.275,10.3,500
16,10.35,10.35,10.3,10.3,200
17,10.3,10.3,10.3,10.3,200
18,10.275,10.3,10.275,10.275,400
19,10.35,10.35,10.3,10.3,770
20,10.35,10.35,10.35,10.35,400
21,10.35,10.35,10.3,10.35,1400
22,10.4,10.4,10.35,10.35,900
23,10.45,10.475,10.45,10.45,900
24,10.5,10.5,10.45,10.475,600
25,10.45,10.475,10.45,10.475,2200
26,10.4555,10.5,10.4555,10.475,4400
27,10.475,10.5,10.45,10.475,500
28,10.475,10.5,10.475,10.475,800
29,10.45,10.5,10.45,10.475,1100
30,10.45,10.5,10.45,10.475,400
31,10.425,10.5,10.425,10.45,1700
32,10.425,10.425,10.425,10.425,200
33,10.45,10.45,10.4125,10.45,1200
34,10.4,10.45,10.4,10.4,1000
35,10.425,10.45,10.4,10.45,1583
36,10.35,10.45,10.35,10.45,10300
144,10.225,10.225,10.15,10.15,200
145,10.2,10.3,10.15,10.3,1400
146,10.3,10.3,10.25,10.25,2100
147,10.4,10.4,10.4,10.4,600
148,10.35,10.4,10.3,10.4,1100
149,10.25,10.4,10.2,10.4,2900
150,10.15,10.2,10.15,10.2,1200
151,10.1,10.1,9.975,10.1,3673
152,10.1,10.1,10.1,10.1,200
153,10.1,10.1,10.075,10.1,636
154,10.1,10.1,10.0695,10.1,850
155,10.2,10.2,10.1,10.1,1708
156,10.25,10.25,10.25,10.25,200
157,10.225,10.25,10.2,10.25,1600
158,10.225,10.25,10.2,10.25,600
159,10.25,10.25,10.2,10.25,800
160,10.25,10.25,10.225,10.225,500
161,10.25,10.25,10.225,10.225,1000
162,10.225,10.25,10.225,10.25,500
163,10.25,10.25,10.225,10.225,600
164,10.25,10.25,10.2216,10.2216,1400
165,10.225,10.25,10.2,10.225,1000
166,10.15,10.225,10.15,10.225,2400
167,10.25,10.275,10.05,10.15,6813
168,10.275,10.3,10.25,10.25,500
169,10.3,10.3,10.275,10.3,500
170,10.4,10.45,10.275,10.3,4600
171,10.3,10.425,10.3,10.425,2478
172,10.35,10.35,10.3,10.35,500
173,10.35,10.35,10.35,10.35,600
174,10.35,10.35,10.325,10.35,500
175,10.475,10.5,10.325,10.35,3100
176,10.5,10.5,10.475,10.5,600
177,10.475,10.5,10.475,10.5,1800
178,10.5,10.5,10.45,10.5,1500
179,10.55,10.55,10.475,10.5,3411
180,10.55,10.6,10.5,10.525,10217
285,10.5,10.5,10.5,10.5,101
286,10.25,10.25,10.25,10.25,300
287,10.45,10.45,10.45,10.45,200
288,10.45,10.45,10.45,10.45,200
289,10.6,10.7,10.6,10.7,400
290,10.775,10.775,10.65,10.65,500
291,10.85,10.85,10.8,10.8,1100
292,10.8,10.85,10.8,10.85,927
293,10.85,10.85,10.8,10.85,800
294,11,11,10.825,10.825,1600
295,10.95,11.15,10.9,11.05,4098
296,10.95,10.95,10.85,10.95,800
297,10.85,10.9,10.85,10.9,800
298,10.8,10.95,10.75,10.9,4002
299,10.65,10.7,10.65,10.7,400
300,10.7,10.7,10.65,10.65,454
301,10.725,10.75,10.7,10.7,1000
302,10.8,10.8,10.75,10.75,800
303,10.775,10.8,10.75,10.8,1100
304,10.75,10.8,10.75,10.75,1300
305,10.7,10.7,10.7,10.7,700
306,10.7,10.7,10.675,10.675,200
307,10.75,10.8,10.75,10.75,1300
308,10.725,10.8,10.7,10.75,900
309,10.7,10.7,10.7,10.7,700
310,10.7,10.7,10.7,10.7,100
311,10.7,10.75,10.7,10.75,300
312,10.7,10.75,10.7,10.75,2585
313,10.75,10.75,10.725,10.75,700
314,10.85,10.85,10.75,10.75,3156
315,10.875,10.9,10.85,10.875,900
316,10.925,10.95,10.875,10.9,2200
317,11,11.025,10.925,10.95,2136
318,10.85,10.95,10.85,10.95,3500
319,10.825,10.9,10.8,10.85,900
320,10.85,10.85,10.825,10.825,600
321,10.9,10.925,10.85,10.85,3400
322,10.875,10.9,10.875,10.9,600
323,10.95,10.95,10.9,10.9,3500
324,11,11,10.9,10.925,10632
429,10.95,10.95,10.95,10.95,203
430,10.85,10.8588,10.85,10.8588,700
431,11.1,11.1,10.8,10.9,1100
432,11.1,11.1,10.95,11.1,600
433,11,11.1,11,11.1,400
434,11,11.05,10.975,11.05,400
435,10.9,10.925,10.9,10.925,900
436,10.75,10.9,10.75,10.9,200
437,10.7,10.8,10.7,10.8,200
438,10.65,10.725,10.6,10.725,1500
439,10.65,10.7,10.65,10.7,1300
440,10.6,10.675,10.6,10.675,1593
441,10.625,10.625,10.6,10.6,700
442,10.625,10.65,10.6086,10.65,588
443,10.55,10.625,10.55,10.625,809
444,10.55,10.6,10.5,10.6,300
445,10.45,10.5,10.45,10.5,1000
446,10.5,10.5,10.5,10.5,300
447,10.525,10.55,10.5,10.55,700
448,10.525,10.525,10.5,10.5,2000
449,10.525,10.5314,10.5,10.525,1000
450,10.35,10.5,10.35,10.5,2500
451,10.3,10.35,10.3,10.35,1100
452,10.35,10.4,10.35,10.4,300
453,10.3,10.35,10.3,10.35,300
454,10.3,10.3,10.3,10.3,300
455,10.3,10.3,10.25,10.275,3584
456,10.35,10.35,10.35,10.35,1500
457,10.3,10.3,10.3,10.3,100
458,10.35,10.35,10.325,10.325,1400
459,10.375,10.375,10.35,10.35,600
460,10.3,10.35,10.3,10.35,300
461,10.3,10.35,10.3,10.35,1500
462,10.325,10.35,10.325,10.35,200
463,10.325,10.325,10.3,10.3,600
464,10.35,10.35,10.325,10.325,2600
465,10.325,10.375,10.325,10.35,2000
466,10.35,10.35,10.3,10.35,1600
467,10.3,10.325,10.3,10.325,4299
468,10.3,10.4,10.25,10.3,47686
862,10.4,10.45,10.4,10.44,1400
863,10.409,10.45,10.409,10.4385,2100
864,10.3896,10.45,10.3896,10.4,1000
865,10.25,10.4,10.25,10.4,3384
866,10.25,10.25,10.25,10.25,1800
867,10.3,10.3,10.25,10.25,2100
868,10.4,10.4,10.35,10.35,600
869,10.45,10.475,10.4,10.4,1900
870,10.45,10.45,10.4,10.4,200
871,10.275,10.45,10.275,10.45,2231
872,10.4,10.425,10.25,10.25,4000
873,10.25,10.4,10.25,10.4,500
874,10.3,10.3,10.25,10.25,1000
875,10.275,10.3,10.275,10.3,283
876,10.275,10.275,10.275,10.275,100
877,10.3,10.3,10.25,10.25,2200
878,10.3,10.4,10.3,10.35,4000
879,10.275,10.275,10.25,10.25,200
880,10.25,10.275,10.25,10.275,400
881,10.275,10.3,10.275,10.275,1148
882,10.275,10.3,10.25,10.3,400
883,10.25,10.275,10.25,10.275,400
885,10.275,10.3,10.275,10.3,1300
886,10.325,10.325,10.275,10.275,2600
887,10.25,10.325,10.25,10.325,2495
888,10.275,10.275,10.275,10.275,300
889,10.25,10.275,10.25,10.275,600
890,10.275,10.275,10.275,10.275,1700
891,10.275,10.275,10.25,10.25,604
892,10.275,10.275,10.25,10.275,400
893,10.275,10.275,10.275,10.275,500
894,10.275,10.275,10.275,10.275,1900
895,10.275,10.275,10.275,10.275,400
896,10.275,10.275,10.25,10.275,1200
897,10.275,10.3,10.25,10.275,1900
898,10.275,10.3,10.25,10.275,1300
899,10.275,10.3,10.25,10.275,3300
900,10.3,10.3,10.25,10.275,9649
a1497965400,10.25,10.25,10.25,10.25,200
1,10.2,10.325,10.2,10.3,900
2,10.25,10.25,10.225,10.225,1154
3,10.25,10.25,10.2,10.2,2300
4,10.25,10.45,10.25,10.375,2600
5,10.25,10.25,10.25,10.25,100
6,10.3,10.3,10.25,10.25,300
7,10.3,10.3,10.25,10.25,500
8,10.3,10.4,10.25,10.25,3531
9,10.275,10.275,10.25,10.275,400
10,10.275,10.275,10.275,10.275,300
11,10.275,10.3,10.275,10.3,640
12,10.3,10.325,10.2897,10.3,1895
14,10.3,10.35,10.3,10.35,200
15,10.3,10.3,10.275,10.275,400
16,10.275,10.3,10.275,10.3,439
17,10.35,10.35,10.3,10.3,600
18,10.325,10.325,10.325,10.325,200
19,10.35,10.35,10.325,10.325,400
20,10.4,10.4,10.35,10.35,500
21,10.375,10.375,10.35,10.375,1500
22,10.35,10.4,10.35,10.375,2000
23,10.35,10.35,10.35,10.35,200
24,10.35,10.35,10.35,10.35,600
25,10.35,10.35,10.3,10.3,400
26,10.35,10.35,10.35,10.35,200
27,10.35,10.35,10.325,10.325,300
28,10.4,10.425,10.35,10.35,1800
29,10.45,10.45,10.45,10.45,300
30,10.575,10.575,10.425,10.45,4667
31,10.45,10.6,10.45,10.6,2694
32,10.475,10.475,10.45,10.475,1000
33,10.35,10.475,10.35,10.475,4584
34,10.375,10.375,10.325,10.35,1500
35,10.4,10.4,10.35,10.35,500
36,10.45,10.45,10.375,10.4,2330
37,10.45,10.45,10.425,10.425,500
38,10.425,10.45,10.425,10.425,1900
39,10.5,10.6,10.4,10.45,10280
144,10.5,10.5,10.5,10.5,130
146,10.5,10.5,10.5,10.5,100
147,10.45,10.55,10.45,10.55,400
148,10.45,10.5,10.45,10.5,539
149,10.5,10.5,10.5,10.5,300
150,10.45,10.5,10.45,10.5,600
151,10.5,10.5,10.5,10.5,100
152,10.45,10.45,10.45,10.45,200
153,10.45,10.45,10.45,10.45,400
154,10.35,10.45,10.25,10.45,9366
155,10.35,10.35,10.3,10.35,4683
156,10.375,10.4,10.32,10.35,5824
157,10.4,10.4,10.3,10.35,3114
158,10.4,10.4,10.35,10.35,3250
159,10.4,10.45,10.4,10.45,1278
160,10.4,10.45,10.4,10.45,2500
161,10.4,10.4,10.4,10.4,1683
162,10.4,10.45,10.4,10.4,500
163,10.375,10.4,10.35,10.4,2500
164,10.375,10.375,10.35,10.375,1300
165,10.375,10.4,10.35,10.4,300
166,10.375,10.4,10.375,10.4,499
167,10.4,10.4,10.375,10.375,2065
168,10.375,10.4,10.375,10.375,400
169,10.375,10.4,10.35,10.4,900
170,10.375,10.4,10.375,10.375,4400
171,10.375,10.4,10.375,10.375,1100
172,10.4,10.4,10.375,10.4,900
173,10.425,10.425,10.375,10.4,1800
174,10.45,10.45,10.425,10.425,700
175,10.4,10.45,10.4,10.425,400
176,10.4,10.425,10.4,10.425,1200
177,10.475,10.475,10.4,10.425,3600
178,10.475,10.475,10.425,10.45,2848
179,10.475,10.475,10.475,10.475,400
180,10.525,10.525,10.475,10.475,2200
181,10.6,10.6294,10.525,10.525,6574
182,10.625,10.625,10.45,10.575,8479
183,10.6,10.65,10.45,10.55,14529
288,10.6,10.6,10.6,10.6,125
289,10.5,10.525,10.5,10.525,200
290,10.55,10.55,10.55,10.55,200
291,10.8,10.9,10.65,10.65,1700
292,10.7,10.725,10.675,10.725,700
293,10.75,10.75,10.7,10.75,1774
294,10.65,10.75,10.65,10.75,3203
295,10.6,10.65,10.55,10.6,1370
296,10.65,10.65,10.65,10.65,200
297,10.7,10.75,10.65,10.65,1658
298,10.55,10.7,10.55,10.7,2656
299,10.55,10.55,10.5,10.5,2161
300,10.65,10.7,10.6,10.6,1715
301,10.65,10.65,10.65,10.65,200
302,10.65,10.65,10.55,10.55,200
303,10.6,10.65,10.6,10.65,1277
304,10.6,10.6,10.6,10.6,100
305,10.55,10.6,10.55,10.6,800
306,10.6,10.6,10.6,10.6,200
307,10.6,10.6,10.6,10.6,200
308,10.65,10.65,10.575,10.6,2138
309,10.625,10.625,10.6,10.6,367
310,10.625,10.65,10.625,10.65,200
311,10.65,10.675,10.6,10.625,3377
312,10.55,10.65,10.55,10.65,410
313,10.675,10.675,10.65,10.65,2226
314,10.675,10.7,10.65,10.65,503
315,10.675,10.7,10.675,10.7,603
316,10.675,10.675,10.675,10.675,1070
317,10.675,10.7,10.675,10.7,700
318,10.675,10.7,10.675,10.675,900
319,10.675,10.7,10.675,10.7,2200
320,10.675,10.7,10.675,10.7,1528
321,10.675,10.7,10.675,10.7,1600
322,10.7,10.7,10.65,10.7,1200
323,10.825,10.825,10.675,10.7,3200
324,10.75,10.825,10.75,10.8,4000
325,10.75,10.75,10.675,10.75,6908
326,10.7,10.8,10.7,10.8,2900
327,10.65,10.75,10.65,10.75,10143
432,10.6,10.6,10.6,10.6,211
433,10.6,10.65,10.5,10.5,16700
434,10.65,10.65,10.6,10.6,500
435,10.7,10.7,10.6,10.65,1600
436,10.725,10.75,10.7,10.7,1600
437,10.75,10.75,10.7,10.7,1400
438,10.75,10.75,10.7,10.75,2043
439,10.75,10.75,10.725,10.75,1000
440,10.925,11,10.725,10.75,7200
441,10.875,10.95,10.875,10.925,3936
442,10.8,10.85,10.75,10.85,5100
443,10.8,10.8,10.775,10.8,700
444,10.8,10.8,10.775,10.8,1200
445,10.55,10.8,10.55,10.8,3900
446,10.55,10.6,10.55,10.55,1600
447,10.6,10.6,10.525,10.55,1900
448,10.55,10.6,10.55,10.6,600
449,10.6,10.6,10.575,10.6,500
450,10.55,10.6,10.55,10.6,3000
451,10.55,10.55,10.55,10.55,500
452,10.55,10.55,10.5,10.55,700
453,10.55,10.55,10.525,10.55,700
454,10.525,10.55,10.525,10.55,500
455,10.55,10.55,10.525,10.55,800
456,10.55,10.55,10.5158,10.55,850
457,10.55,10.55,10.525,10.525,1000
458,10.525,10.55,10.525,10.55,500
459,10.55,10.55,10.525,10.55,900
460,10.55,10.55,10.525,10.55,2100
461,10.55,10.55,10.55,10.55,300
462,10.55,10.55,10.525,10.55,800
463,10.7,10.7,10.55,10.55,29684
464,10.7,10.7,10.675,10.7,1800
465,10.7,10.7,10.65,10.7,1800
466,10.75,10.75,10.675,10.7,3200
467,10.875,10.9,10.75,10.75,4300
468,10.725,10.9,10.725,10.875,9585
469,10.725,10.75,10.7,10.7,6600
470,10.85,10.85,10.7,10.75,9840
471,10.85,11,10.8,10.85,919150
864,10.75,10.75,10.75,10.75,1680
865,10.65,10.85,10.55,10.85,2894
866,10.75,10.8,10.675,10.7,4817
867,10.775,10.8,10.75,10.775,2320
868,10.725,10.775,10.725,10.775,3605
869,10.9,10.9,10.725,10.725,3877
870,10.825,10.9,10.825,10.9,800
871,10.85,10.85,10.85,10.85,200
872,10.825,10.85,10.825,10.85,200
873,10.825,10.85,10.8,10.85,500
874,10.75,10.85,10.75,10.85,1800
875,10.75,10.75,10.7,10.7,601
876,10.75,10.75,10.7,10.75,1884
877,10.8,10.8,10.775,10.775,1426
878,10.8,10.825,10.8,10.8,300
879,10.8,10.825,10.8,10.825,1300
880,10.85,10.85,10.85,10.85,300
881,10.775,10.8,10.775,10.8,500
882,10.775,10.8,10.775,10.8,300
883,10.775,10.775,10.75,10.75,400
885,10.775,10.8,10.775,10.8,300
886,10.8,10.8,10.775,10.8,600
887,10.775,10.775,10.775,10.775,100
889,10.85,10.85,10.775,10.775,1549
891,10.825,10.85,10.8,10.85,500
892,10.8,10.825,10.8,10.8,1700
893,10.825,10.85,10.8,10.8,2100
894,10.8,10.8,10.775,10.8,900
895,10.775,10.8,10.75,10.775,500
896,10.75,10.8,10.75,10.8,1860
897,10.75,10.775,10.725,10.725,2500
898,10.725,10.8,10.725,10.75,900
899,10.775,10.8,10.725,10.725,2100
900,10.75,10.8,10.75,10.75,500
901,10.8,10.8,10.775,10.8,700
902,10.775,10.8,10.75,10.775,1436
903,10.75,10.8,10.65,10.75,19454
a1498570200,10.8,10.8,10.8,10.8,128
2,10.75,10.75,10.75,10.75,100
3,10.725,10.775,10.725,10.77,1800
4,10.75,10.75,10.75,10.75,100
6,10.75,10.8,10.75,10.75,984
7,10.7,10.75,10.7,10.75,1200
8,10.7,10.725,10.7,10.7,1000
9,10.7,10.75,10.65,10.75,700
10,10.7,10.75,10.675,10.7,1100
11,10.775,10.775,10.75,10.75,834
13,10.75,10.75,10.7,10.75,3401
15,10.75,10.75,10.75,10.75,100
16,10.75,10.8,10.75,10.8,600
17,10.8,10.8,10.8,10.8,100
18,10.8,10.8,10.8,10.8,100
19,10.75,10.8,10.75,10.8,700
20,10.75,10.775,10.75,10.75,1300
21,10.8,10.8,10.75,10.75,1800
22,10.75,10.775,10.7,10.75,1700
23,10.75,10.75,10.7,10.7,700
25,10.8,10.8,10.75,10.75,400
26,10.75,10.8,10.75,10.8,1400
27,10.75,10.775,10.7,10.75,2600
28,10.75,10.775,10.75,10.75,1500
29,10.75,10.775,10.75,10.75,700
30,10.75,10.75,10.75,10.75,300
31,10.75,10.8,10.75,10.75,1000
32,10.75,10.75,10.75,10.75,400
33,10.8,10.8,10.7,10.75,3168
34,10.8,10.8,10.8,10.8,200
35,10.775,10.775,10.75,10.75,500
36,10.7,10.775,10.7,10.775,4200
37,10.75,10.75,10.7,10.74,1900
38,10.75,10.8,10.7,10.8,5804
39,10.75,10.8,10.7,10.75,21711
145,10.725,10.725,10.725,10.725,7500
146,10.75,10.75,10.75,10.75,300
147,10.8,10.8,10.75,10.75,600
149,10.85,10.85,10.8,10.8,900
150,10.9,10.9,10.85,10.85,500
151,10.9,10.9,10.9,10.9,200
152,10.85,10.95,10.85,10.95,500
153,10.85,10.85,10.85,10.85,300
154,10.8,10.8,10.8,10.8,200
155,10.85,10.85,10.85,10.85,100
157,10.85,10.85,10.85,10.85,671
158,10.85,10.9,10.85,10.9,200
159,10.9,10.9,10.9,10.9,100
160,10.85,10.875,10.85,10.85,500
161,10.85,10.85,10.85,10.85,1100
162,10.85,10.9,10.85,10.9,200
163,10.875,10.875,10.85,10.85,400
164,10.85,10.875,10.85,10.875,300
165,10.9,10.9,10.9,10.9,400
166,10.85,10.95,10.85,10.8641,1400
167,10.9,10.9,10.875,10.875,200
168,10.85,10.85,10.85,10.85,1000
170,10.85,10.9,10.85,10.9,1000
171,10.85,10.85,10.8,10.8,600
172,10.9,10.9,10.85,10.875,1600
173,10.9,10.9,10.9,10.9,600
174,10.9,10.9,10.9,10.9,500
175,10.9,10.9,10.85,10.85,600
176,10.85,10.925,10.85,10.85,1900
177,10.85,10.85,10.85,10.85,1600
178,10.825,10.825,10.825,10.825,300
179,10.825,10.85,10.825,10.825,500
180,10.75,10.8,10.75,10.8,1978
181,10.75,10.775,10.75,10.75,2080
182,10.8,10.8,10.75,10.7607,1400
183,10.75,10.8,10.75,10.775,16234
288,10.75,10.75,10.75,10.75,200
289,10.8,10.8,10.8,10.8,200
290,10.85,10.85,10.85,10.85,300
291,10.9,10.9,10.85,10.85,200
292,10.9,10.9,10.85,10.9,24200
293,10.85,10.875,10.85,10.85,2600
294,10.95,10.975,10.9,10.9,7756
295,10.9,10.95,10.9,10.95,2100
296,10.9,10.9,10.85,10.9,1200
297,10.95,10.95,10.9,10.9,1702
298,10.95,10.95,10.95,10.95,909
299,10.975,11,10.9,10.9,3668
300,10.975,11,10.95,11,1000
301,10.95,10.975,10.95,10.95,7398
302,11,11,10.95,10.95,1900
303,11.05,11.05,11,11,2785
304,11.05,11.05,11.05,11.05,200
305,11.05,11.05,11.05,11.05,200
306,11,11,10.975,11,300
307,10.975,11,10.975,11,300
308,10.975,11,10.975,11,300
309,11.05,11.05,11,11,1383
310,11,11,11,11,700
311,11,11.05,11,11.05,200
312,11,11.05,11,11.05,400
313,11,11,11,11,100
314,11.05,11.05,10.95,10.95,600
315,11.05,11.05,10.95,10.95,500
316,11.05,11.05,11.025,11.05,2073
317,11.1,11.1,11.1,11.1,800
318,11.05,11.05,11.05,11.05,201
319,11.15,11.15,11.15,11.15,100
320,11.15,11.2,11.1,11.15,5598
321,11.2,11.2,11.2,11.2,500
323,11.15,11.15,11.15,11.15,100
324,11.15,11.175,11.15,11.15,302
325,11.2,11.2,11.15,11.2,600
326,11.15,11.2,11.15,11.2,1200
327,11.2,11.2,11.15,11.2,7445
432,11.25,11.25,11.25,11.25,100
433,11.3,11.35,11.15,11.2247,1725
435,11.25,11.25,11.25,11.25,500
436,11.3,11.3,11.3,11.3,500
437,11.375,11.4,11.35,11.35,700
438,11.3,11.35,11.3,11.35,1420
439,11.3,11.3,11.275,11.275,200
440,11.35,11.35,11.3,11.3,6805
441,11.3,11.3,11.25,11.3,700
442,11.3,11.3,11.25,11.25,1185
443,11.2,11.3,11.2,11.3,200
444,11.25,11.3,11.25,11.3,500
445,11.3,11.3,11.3,11.3,200
446,11.35,11.35,11.25,11.3,7200
447,11.4,11.4,11.35,11.35,1500
448,11.45,11.45,11.375,11.375,1110
449,11.5,11.5,11.45,11.5,1000
450,11.45,11.45,11.45,11.45,100
451,11.45,11.45,11.45,11.45,100
452,11.45,11.5,11.4,11.5,800
453,11.45,11.5,11.45,11.5,300
454,11.45,11.5,11.4,11.5,1302
455,11.5,11.5,11.5,11.5,100
456,11.45,11.5,11.45,11.5,900
457,11.5,11.5,11.475,11.475,5100
458,11.525,11.55,11.5,11.55,6500
459,11.55,11.55,11.55,11.55,400
460,11.5,11.525,11.5,11.525,600
461,11.525,11.525,11.525,11.525,100
462,11.525,11.525,11.525,11.525,100
463,11.5,11.55,11.5,11.55,300
464,11.5,11.525,11.5,11.5,2200
465,11.55,11.55,11.5,11.5,3200
466,11.65,11.65,11.55,11.575,2950
467,11.65,11.65,11.625,11.65,1400
468,11.65,11.65,11.65,11.65,900
469,11.6,11.675,11.6,11.65,3061
470,11.6,11.65,11.55,11.6,5873
471,11.6,11.65,11.55,11.55,11050
865,11.62,11.62,11.62,11.62,769
866,11.55,11.6,11.55,11.6,623
867,11.6,11.6,11.55,11.55,200
868,11.6,11.6,11.6,11.6,300
869,11.8,11.8,11.7,11.7,960
871,11.8,11.85,11.75,11.85,1897
872,11.8,11.8,11.8,11.8,200
873,11.85,11.85,11.8,11.8,1200
875,11.825,11.825,11.825,11.825,100
876,11.9,11.95,11.825,11.85,4176
877,12.05,12.05,11.9,11.9,2501
878,12.1,12.1,12.05,12.05,1500
879,12.05,12.1,12.05,12.1,851
880,12.05,12.1,12.05,12.05,670
881,11.95,12,11.95,12,581
882,12.05,12.05,12,12,3282
883,12.025,12.1,12,12.1,2500
884,12.05,12.05,12,12.05,1200
885,12,12.05,11.95,12.05,8093
a1499261400,12,12,12,12,332
1,11.8,12.085,11.8,12.085,885
2,11.7,11.75,11.7,11.7,500
3,11.85,11.85,11.75,11.75,1900
4,11.6658,11.75,11.6658,11.75,1550
5,11.75,11.75,11.7111,11.7111,425
6,11.505,11.75,11.505,11.75,1493
7,11.6,11.625,11.6,11.625,200
8,11.5,11.6,11.5,11.6,1561
9,11.55,11.55,11.55,11.55,300
10,11.4,11.55,11.4,11.55,1100
11,11.4,11.4,11.4,11.4,100
12,11.35,11.4,11.35,11.4,886
13,11.4,11.4,11.3,11.3229,1183
14,11.4,11.4,11.4,11.4,100
15,11.35,11.35,11.35,11.35,300
16,11.25,11.3,11.25,11.3,1000
17,11.35,11.35,11.295,11.295,2200
18,11.35,11.4,11.35,11.4,1700
19,11.35,11.35,11.35,11.35,100
20,11.4,11.4,11.4,11.4,300
21,11.35,11.35,11.325,11.35,1700
23,11.35,11.35,11.35,11.35,200
24,11.3,11.3,11.3,11.3,200
25,11.425,11.425,11.35,11.375,2800
26,11.4,11.45,11.4,11.4,300
27,11.4,11.4,11.4,11.4,2000
28,11.4,11.4,11.4,11.4,400
29,11.425,11.425,11.4,11.4,609
30,11.375,11.425,11.35,11.425,1778
31,11.39,11.39,11.35,11.375,376
32,11.4,11.4,11.35,11.35,1114
33,11.4,11.4,11.4,11.4,100
34,11.35,11.375,11.35,11.375,1100
35,11.35,11.375,11.325,11.375,2500
36,11.35,11.35,11.35,11.35,900
37,11.35,11.375,11.35,11.375,500
38,11.325,11.35,11.3,11.35,1600
39,11.25,11.325,11.25,11.3,14858
