EXCHANGE%3DNASDAQ
MARKET_OPEN_MINUTE=570
MARKET_CLOSE_MINUTE=960
INTERVAL=600
COLUMNS=DATE,CLOSE,HIGH,LOW,OPEN,VOLUME
DATA=
TIMEZONE_OFFSET=-240
a1493127000,11.2,11.2,11.2,11.2,2435
1,11.25,11.25,11.15,11.2,3100
2,11.2,11.25,11.15,11.2,8020
3,11.25,11.25,11.188,11.188,301
4,11.2,11.2,11.15,11.15,1200
5,11.2,11.225,11.2,11.225,5960
6,11.1905,11.1905,11.1905,11.1905,700
7,11.2,11.221,11.15,11.15,16823
8,11.2,11.2,11.195,11.195,500
9,11.2,11.25,11.15,11.2,6810
10,11.2,11.2,11.15,11.2,5081
11,11.2,11.2,11.2,11.2,1799
12,11.2,11.2,11.175,11.175,1100
13,11.2,11.2,11.15,11.15,8900
14,11.175,11.2,11.15,11.2,2700
15,11.15,11.2,11.15,11.2,2600
16,11.15,11.2,11.15,11.175,6800
17,11.15,11.15,11.125,11.15,17520
18,11.1,11.15,11.1,11.125,15586
19,11.1,11.125,11.1,11.1,1119
20,11.1,11.15,11.1,11.1,2202
21,11.1,11.125,11.1,11.1,1200
22,11.1,11.15,11.1,11.15,2175
23,11.1,11.15,11.1,11.1,1834
24,11.1,11.15,11.1,11.1,2175
25,11.125,11.125,11.1,11.125,3323
26,11.1,11.15,11.1,11.1,9936
27,11.15,11.15,11.1,11.1,7700
28,11.1,11.15,11.1,11.125,3200
29,11.175,11.2,11.125,11.15,4880
30,11.15,11.2,11.15,11.175,5004
31,11.15,11.175,11.15,11.175,4100
32,11.15,11.175,11.15,11.15,2200
33,11.15,11.175,11.15,11.15,1600
34,11.175,11.2,11.15,11.175,22282
35,11.15,11.2,11.15,11.175,3005
36,11.15,11.175,11.15,11.175,2500
37,11.15,11.2,11.15,11.175,8200
38,11.175,11.2,11.15,11.175,4494
39,11.15,11.2,11.1,11.15,73787
144,11.1,11.1,11.1,11.1,2049
145,11.125,11.15,11.1,11.15,3100
146,11.15,11.175,11.1,11.14,10587
147,11.2,11.2,11.1333,11.1333,940
148,11.2,11.2,11.15,11.15,2500
149,11.2,11.2,11.15,11.175,8807
150,11.225,11.225,11.175,11.2,5180
151,11.225,11.25,11.225,11.225,1500
152,11.225,11.25,11.2,11.225,4346
153,11.25,11.25,11.2,11.225,24645
154,11.225,11.25,11.2,11.25,2354
155,11.225,11.25,11.2,11.2,2900
156,11.275,11.3,11.2,11.25,44381
157,11.325,11.35,11.275,11.3,10700
158,11.25,11.35,11.25,11.35,9503
159,11.275,11.3,11.225,11.25,16495
160,11.275,11.3,11.25,11.275,3350
161,11.3,11.325,11.25,11.275,10126
162,11.275,11.3,11.275,11.3,5600
163,11.275,11.3,11.25,11.275,4500
164,11.275,11.3,11.25,11.3,6300
165,11.275,11.3,11.25,11.275,3700
166,11.25,11.3,11.2,11.275,30096
167,11.25,11.275,11.25,11.25,1611
168,11.225,11.3,11.225,11.275,23167
169,11.25,11.3,11.2,11.225,32915
170,11.375,11.45,11.225,11.25,32408
171,11.375,11.45,11.35,11.4,11108
172,11.375,11.4,11.325,11.375,9600
173,11.375,11.4,11.35,11.375,6700
174,11.375,11.4,11.35,11.375,12272
175,11.35,11.4,11.35,11.375,5100
176,11.35,11.375,11.35,11.35,2700
177,11.425,11.45,11.35,11.375,53060
178,11.425,11.45,11.425,11.425,4840
179,11.425,11.45,11.4,11.4,37439
180,11.425,11.45,11.4,11.425,15549
181,11.35,11.45,11.35,11.425,43337
182,11.4,11.45,11.35,11.35,54519
183,11.4,11.4,11.35,11.35,151031
288,11.45,11.45,11.45,11.45,4570
289,11.525,11.55,11.45,11.45,3717
290,11.6,11.6,11.5,11.525,2730
291,11.55,11.575,11.55,11.575,1630
292,11.575,11.6,11.5,11.55,1000
293,11.5,11.6,11.5,11.575,16591
294,11.45,11.525,11.45,11.5,35997
295,11.55,11.55,11.45,11.45,16071
296,11.581,11.7,11.55,11.55,19837
297,11.55,11.6,11.55,11.55,369610
298,11.6248,11.65,11.6,11.6,10595
299,11.675,11.7,11.625,11.625,11978
300,11.75,11.75,11.675,11.7,12434
301,11.65,11.75,11.65,11.725,5762
302,11.6,11.65,11.6,11.65,1000
303,11.625,11.65,11.6,11.6,3707
304,11.65,11.7,11.625,11.625,15330
305,11.6253,11.675,11.6,11.65,5283
306,11.625,11.65,11.6,11.625,3800
307,11.625,11.65,11.625,11.625,9200
308,11.65,11.7,11.6,11.625,14845
309,11.6,11.625,11.6,11.6,694
310,11.625,11.65,11.55,11.625,27908
311,11.6,11.65,11.55,11.6,9604
312,11.6,11.7,11.6,11.65,21640
313,11.6,11.6,11.6,11.6,100
314,11.575,11.6,11.55,11.6,3600
315,11.55,11.575,11.55,11.55,300
316,11.55,11.6,11.55,11.5866,1125
317,11.55,11.6,11.55,11.55,2400
318,11.55,11.575,11.55,11.55,400
319,11.625,11.65,11.55,11.5802,13416
320,11.7,11.7,11.645,11.645,6807
321,11.675,11.7,11.675,11.675,1520
322,11.65,11.7,11.65,11.675,3200
323,11.65,11.7,11.65,11.65,4700
324,11.65,11.75,11.65,11.65,17843
325,11.65,11.7,11.65,11.65,3900
326,11.65,11.675,11.65,11.675,1940
327,11.65,11.7,11.6,11.65,90123
432,11.65,11.65,11.65,11.65,5825
433,11.55,11.65,11.5,11.65,9064
434,11.6,11.6,11.55,11.6,3100
435,11.525,11.6,11.5,11.6,6663
436,11.425,11.55,11.4,11.525,9785
437,11.45,11.5,11.4,11.45,10672
438,11.425,11.45,11.4,11.431,3800
439,11.4,11.45,11.35,11.425,4900
440,11.3,11.35,11.3,11.35,4311
441,11.375,11.4,11.325,11.325,10744
442,11.4,11.4,11.35,11.4,3647
443,11.375,11.45,11.35,11.4,4759
444,11.35,11.4,11.35,11.35,2280
445,11.3,11.4,11.3,11.35,9500
446,11.35,11.4,11.3,11.35,15225
447,11.425,11.45,11.35,11.375,8380
448,11.35,11.45,11.35,11.425,4500
449,11.35,11.4,11.35,11.4,4200
450,11.35,11.4,11.325,11.35,4900
451,11.375,11.4,11.325,11.35,9400
452,11.4,11.4,11.35,11.375,2000
453,11.35,11.4,11.35,11.375,1600
454,11.375,11.4,11.35,11.35,1100
455,11.4,11.4,11.35,11.35,1900
456,11.375,11.4,11.375,11.4,700
457,11.375,11.4,11.35,11.4,2400
458,11.35,11.4,11.35,11.375,500
459,11.35,11.379,11.35,11.35,1100
460,11.35,11.375,11.35,11.375,900
461,11.35,11.4,11.35,11.375,2600
462,11.375,11.4,11.35,11.35,4300
463,11.35,11.4,11.35,11.375,2492
464,11.4,11.4,11.375,11.375,3783
465,11.4,11.4,11.375,11.4,2300
466,11.475,11.5,11.4,11.4,18491
467,11.5,11.5,11.45,11.475,5030
468,11.475,11.5,11.45,11.475,3300
469,11.5,11.5,11.45,11.475,5800
470,11.475,11.5,11.45,11.475,13829
471,11.5,11.5,11.45,11.5,89986
864,11.5,11.5,11.5,11.5,3070
865,11.6,11.6,11.45,11.5,6159
866,11.575,11.6,11.55,11.55,939
867,11.55,11.6,11.5,11.6,8851
868,11.5,11.55,11.5,11.5245,2000
869,11.45,11.5,11.45,11.5,6500
870,11.4,11.475,11.4,11.45,4136
871,11.475,11.5,11.425,11.425,4300
872,11.55,11.55,11.5,11.5,2100
873,11.525,11.55,11.5,11.525,1600
874,11.525,11.55,11.525,11.525,1849
875,11.5266,11.55,11.5,11.55,10913
876,11.475,11.5,11.45,11.5,6971
877,11.5,11.55,11.4801,11.5,4400
878,11.5,11.5,11.45,11.45,3800
879,11.475,11.475,11.45,11.45,200
880,11.475,11.5,11.45,11.5,6289
881,11.5,11.5,11.45,11.5,500
882,11.475,11.5,11.4573,11.5,900
883,11.5,11.5,11.4725,11.5,516
884,11.5,11.5,11.45,11.495,2500
885,11.5,11.5,11.45,11.475,1300
886,11.5,11.5,11.5,11.5,300
887,11.45,11.475,11.45,11.475,200
888,11.525,11.55,11.5,11.5,7171
889,11.55,11.6,11.5,11.55,10738
890,11.6,11.6,11.55,11.55,3486
891,11.6,11.6,11.55,11.6,1000
892,11.55,11.625,11.55,11.6,16190
893,11.525,11.55,11.5,11.55,8861
894,11.55,11.55,11.5,11.5,600
895,11.525,11.55,11.525,11.55,300
896,11.45,11.5,11.4,11.5,15566
897,11.475,11.475,11.45,11.45,900
898,11.55,11.55,11.475,11.5,6400
899,11.55,11.55,11.5,11.55,8210
900,11.475,11.55,11.45,11.5,38316
901,11.525,11.55,11.5,11.5,7346
902,11.5,11.55,11.5,11.55,21960
903,11.55,11.55,11.5,11.5,67200
a1493731800,11.6,11.6,11.6,11.6,2241
1,11.6,11.6,11.45,11.6,10349
2,11.45,11.55,11.45,11.5,5646
3,11.4,11.425,11.375,11.425,7987
4,11.475,11.5,11.4,11.4,16461
5,11.6,11.6,11.475,11.5,15348
6,11.6,11.6,11.5,11.55,8185
7,11.5,11.55,11.5,11.55,3167
8,11.55,11.55,11.525,11.55,500
9,11.5,11.55,11.5,11.525,2300
10,11.525,11.55,11.521,11.525,1625
11,11.475,11.5,11.45,11.5,15115
12,11.45,11.475,11.45,11.475,600
13,11.475,11.475,11.45,11.475,2397
14,11.475,11.475,11.45,11.475,800
15,11.45,11.475,11.45,11.475,300
16,11.5,11.55,11.45,11.45,8481
17,11.5,11.55,11.5,11.5,500
18,11.55,11.55,11.5,11.5,200
19,11.55,11.55,11.55,11.55,100
20,11.5,11.525,11.5,11.525,600
21,11.5,11.525,11.5,11.525,600
22,11.475,11.525,11.475,11.525,3023
23,11.45,11.45,11.45,11.45,100
24,11.475,11.5,11.45,11.5,1000
25,11.495,11.495,11.495,11.495,500
26,11.45,11.5,11.45,11.45,1100
27,11.45,11.4922,11.45,11.475,1200
28,11.475,11.5,11.45,11.475,800
29,11.475,11.475,11.45,11.45,900
30,11.425,11.45,11.425,11.45,1600
31,11.45,11.5,11.425,11.425,2900
32,11.475,11.5,11.45,11.475,800
33,11.45,11.5,11.45,11.475,2379
34,11.45,11.5,11.45,11.475,900
35,11.475,11.5,11.45,11.45,5360
36,11.45,11.5,11.45,11.475,3965
37,11.475,11.5,11.45,11.45,4500
38,11.45,11.5,11.45,11.475,5504
39,11.5,11.5,11.45,11.475,68651
144,11.45,11.45,11.45,11.45,1725
145,11.35,11.45,11.35,11.4,6490
146,11.375,11.4,11.35,11.35,3400
147,11.4,11.45,11.4,11.4,6724
148,11.325,11.4,11.325,11.4,5800
149,11.325,11.35,11.3,11.35,700
150,11.3,11.35,11.3,11.325,500
151,11.325,11.325,11.3,11.3,568
152,11.3,11.35,11.3,11.35,1000
153,11.325,11.35,11.3,11.325,1924
154,11.325,11.35,11.3,11.35,1900
155,11.375,11.4,11.325,11.325,5177
156,11.375,11.425,11.35,11.4,4000
157,11.375,11.4,11.375,11.4,200
158,11.35,11.4,11.35,11.4,300
159,11.35,11.4,11.35,11.4,1347
160,11.325,11.375,11.2,11.375,37545
161,11.25,11.35,11.25,11.325,4094
162,11.25,11.275,11.25,11.25,1565
163,11.3,11.3,11.25,11.25,200
164,11.25,11.3,11.25,11.275,1500
165,11.25,11.3,11.25,11.275,600
166,11.25,11.275,11.25,11.25,1100
167,11.25,11.3,11.25,11.25,1374
168,11.25,11.275,11.25,11.25,800
169,11.275,11.3,11.25,11.275,600
170,11.3,11.3,11.25,11.25,1500
171,11.275,11.275,11.25,11.275,900
172,11.275,11.275,11.25,11.25,700
173,11.275,11.275,11.25,11.275,900
174,11.2,11.3,11.2,11.275,17960
175,11.175,11.225,11.125,11.2,25604
176,11.25,11.275,11.175,11.175,5100
177,11.3,11.3,11.25,11.275,4667
178,11.325,11.35,11.275,11.3,8837
179,11.3,11.35,11.3,11.3,3900
180,11.325,11.35,11.3,11.35,4300
181,11.35,11.35,11.3,11.35,7900
182,11.25,11.35,11.25,11.325,28683
183,11.3,11.325,11.25,11.275,63805
288,11.35,11.35,11.35,11.35,1177
289,11.3,11.3,11.3,11.3,400
290,11.35,11.4,11.3,11.3,1804
292,11.3,11.375,11.3,11.325,8863
293,11.3,11.35,11.25,11.3,10245
294,11.3,11.3,11.3,11.3,3480
296,11.275,11.3,11.275,11.275,1200
297,11.35,11.35,11.25,11.25,4100
298,11.325,11.35,11.325,11.325,1425
299,11.35,11.4,11.3307,11.35,6525
300,11.325,11.4,11.3,11.35,7116
301,11.375,11.4,11.3,11.35,24678
302,11.35,11.375,11.35,11.375,200
303,11.35,11.4,11.35,11.375,2700
304,11.325,11.375,11.325,11.35,6570
305,11.3,11.35,11.3,11.3,41008
306,11.275,11.275,11.25,11.275,2100
307,11.225,11.25,11.2,11.25,5200
308,11.25,11.3,11.2,11.2,11107
309,11.3,11.35,11.3,11.3,31949
310,11.325,11.325,11.3,11.3,1809
311,11.325,11.325,11.3,11.3,1700
312,11.35,11.35,11.3,11.35,3004
314,11.35,11.375,11.35,11.35,4625
315,11.3,11.3,11.3,11.3,200
316,11.4,11.4,11.3,11.35,900
318,11.35,11.35,11.325,11.325,5837
319,11.35,11.35,11.3,11.35,2574
320,11.375,11.375,11.35,11.35,944
321,11.339,11.375,11.325,11.375,7075
322,11.35,11.4,11.35,11.35,4010
323,11.375,11.375,11.325,11.35,2700
324,11.35,11.375,11.325,11.35,5600
325,11.35,11.375,11.35,11.35,400
326,11.375,11.4,11.35,11.375,5271
327,11.4,11.4,11.35,11.35,26340
432,11.4,11.4,11.4,11.4,3687
433,11.45,11.45,11.4,11.4,2100
434,11.35,11.45,11.35,11.4,1300
435,11.35,11.35,11.35,11.35,800
436,11.35,11.35,11.35,11.35,2692
437,11.375,11.45,11.35,11.35,6527
438,11.3,11.4,11.3,11.4,2666
439,11.3,11.35,11.3,11.3,5461
440,11.325,11.35,11.3,11.3,3050
441,11.3,11.3,11.3,11.3,1300
442,11.35,11.35,11.35,11.35,2300
443,11.35,11.35,11.35,11.35,500
444,11.35,11.375,11.35,11.35,600
445,11.35,11.3771,11.35,11.3771,799
446,11.35,11.3921,11.3,11.3921,6006
447,11.35,11.35,11.325,11.35,4606
448,11.3,11.35,11.3,11.35,1690
449,11.325,11.35,11.3,11.325,3700
450,11.3,11.325,11.3,11.3,900
451,11.3,11.3,11.3,11.3,200
452,11.321,11.325,11.3,11.325,893
453,11.3,11.35,11.3,11.35,3673
454,11.3,11.3,11.3,11.3,300
455,11.35,11.4,11.3,11.3,1100
456,11.375,11.4,11.35,11.375,400
457,11.375,11.4,11.35,11.35,2691
458,11.375,11.375,11.35,11.375,2000
459,11.35,11.375,11.35,11.35,500
460,11.35,11.375,11.35,11.35,1000
461,11.305,11.35,11.3,11.35,7041
462,11.3,11.35,11.3,11.35,4916
463,11.35,11.35,11.3,11.325,500
464,11.35,11.35,11.3,11.35,1100
465,11.325,11.325,11.3,11.3248,350
466,11.325,11.35,11.3,11.325,1500
467,11.3,11.35,11.3,11.3,1900
468,11.35,11.35,11.3,11.3,6273
469,11.325,11.3363,11.3,11.325,1700
470,11.325,11.35,11.3,11.3,5122
471,11.3,11.4,11.3,11.325,66986
864,11.3,11.3,11.3,11.3,2002
865,11.35,11.375,11.35,11.35,1500
866,11.3,11.35,11.3,11.3,400
867,11.3,11.3,11.3,11.3,2700
868,11.4,11.4,11.3,11.3,6139
869,11.375,11.4,11.35,11.35,700
870,11.4,11.4,11.4,11.4,200
871,11.35,11.35,11.35,11.35,1600
872,11.35,11.35,11.325,11.35,2500
873,11.3,11.35,11.3,11.35,1526
876,11.3,11.35,11.3,11.35,300
877,11.3,11.3,11.3,11.3,300
878,11.3,11.3,11.3,11.3,200
879,11.3,11.3,11.3,11.3,100
880,11.325,11.325,11.325,11.325,200
881,11.3,11.3,11.25,11.3,5320
882,11.25,11.3,11.25,11.3,400
883,11.25,11.275,11.25,11.275,200
884,11.3,11.3,11.275,11.275,300
885,11.35,11.35,11.3,11.3,3004
886,11.3,11.325,11.3,11.325,300
887,11.3,11.325,11.3,11.3,700
888,11.25,11.3,11.25,11.3,3183
889,11.2,11.25,11.2,11.25,2520
890,11.2,11.2,11.2,11.2,1167
891,11.25,11.275,11.225,11.225,7311
892,11.225,11.25,11.2,11.25,12540
893,11.2,11.2,11.2,11.2,200
894,11.225,11.225,11.225,11.225,100
895,11.2,11.25,11.2,11.2,500
897,11.2,11.225,11.2,11.225,500
898,11.2,11.25,11.175,11.225,2825
899,11.2,11.25,11.175,11.2,2105
900,11.15,11.2,11.15,11.175,800
901,11.175,11.2,11.15,11.175,3508
902,11.2,11.2,11.15,11.175,2600
903,11.2,11.25,11.15,11.175,35675
a1494336600,11.25,11.25,11.25,11.25,1321
1,11.4,11.4,11.225,11.225,4643
2,11.3,11.375,11.3,11.375,1700
3,11.35,11.35,11.35,11.35,100
4,11.35,11.375,11.35,11.35,3400
5,11.325,11.35,11.325,11.35,1000
6,11.3,11.35,11.3,11.325,4600
7,11.35,11.35,11.35,11.35,100
8,11.3,11.3,11.275,11.3,3120
9,11.3,11.3,11.275,11.3,400
10,11.35,11.35,11.275,11.3,2200
11,11.35,11.35,11.3,11.3,5500
12,11.325,11.35,11.275,11.35,4389
13,11.4,11.4,11.325,11.35,9700
14,11.375,11.4,11.35,11.4,2400
15,11.425,11.45,11.375,11.4,12348
16,11.5,11.5,11.425,11.425,15947
17,11.55,11.55,11.5,11.5,5495
18,11.475,11.5,11.45,11.5,4200
19,11.475,11.5,11.45,11.45,2300
20,11.5,11.5,11.45,11.45,200
21,11.45,11.45,11.45,11.45,4420
22,11.475,11.475,11.475,11.475,200
23,11.4,11.475,11.4,11.475,16781
24,11.4,11.45,11.4,11.4,2400
25,11.45,11.45,11.4,11.425,4709
26,11.425,11.45,11.4,11.45,2000
27,11.475,11.475,11.4221,11.425,10900
28,11.475,11.5,11.45,11.5,2780
29,11.5,11.5,11.475,11.475,2100
30,11.45,11.5,11.45,11.5,17550
31,11.5,11.5,11.5,11.5,100
32,11.475,11.5,11.45,11.45,900
33,11.45,11.5,11.45,11.45,1297
34,11.475,11.5,11.45,11.5,2362
35,11.45,11.45,11.425,11.45,6787
36,11.5,11.5,11.45,11.45,10618
37,11.5,11.5,11.45,11.5,5700
38,11.45,11.5,11.4,11.5,30365
39,11.45,11.5,11.45,11.45,30090
144,11.45,11.45,11.45,11.45,2002
145,11.55,11.5762,11.4,11.4,6058
146,11.525,11.6,11.475,11.6,32235
147,11.525,11.55,11.5,11.55,700
148,11.5,11.5,11.45,11.5,2200
149,11.5,11.5,11.45,11.5,4299
150,11.4,11.45,11.4,11.45,1000
151,11.4,11.425,11.4,11.4,2550
152,11.4,11.45,11.4,11.4,1888
153,11.4,11.4,11.35,11.35,4300
154,11.4,11.45,11.375,11.4,5551
155,11.445,11.45,11.4,11.4,3700
156,11.4,11.4,11.4,11.4,200
157,11.4,11.45,11.4,11.4,26100
158,11.45,11.45,11.4,11.425,1318
159,11.4,11.425,11.4,11.425,820
160,11.45,11.5,11.425,11.425,4373
161,11.5,11.5,11.4,11.45,31562
162,11.45,11.45,11.45,11.45,6200
163,11.4,11.475,11.4,11.475,27704
164,11.425,11.425,11.4,11.4,1200
165,11.45,11.45,11.4249,11.425,4540
166,11.45,11.5,11.45,11.5,5250
167,11.475,11.475,11.475,11.475,500
168,11.45,11.475,11.45,11.475,1200
169,11.45,11.475,11.45,11.475,9026
170,11.475,11.475,11.475,11.475,500
171,11.45,11.5,11.45,11.5,700
172,11.475,11.5,11.45,11.45,8890
173,11.475,11.475,11.45,11.45,600
174,11.5,11.5,11.475,11.475,1600
175,11.5,11.5,11.45,11.5,17054
176,11.5,11.5,11.45,11.5,1100
177,11.475,11.5,11.475,11.475,2895
178,11.5,11.5,11.45,11.475,11600
179,11.45,11.475,11.45,11.475,9842
180,11.475,11.5,11.45,11.475,1900
181,11.475,11.5,11.45,11.45,7433
182,11.45,11.475,11.45,11.45,17002
183,11.5,11.5,11.425,11.45,66901
288,11.45,11.45,11.45,11.45,3085
289,11.4,11.4,11.4,11.4,1600
290,11.4,11.4,11.35,11.4,3100
291,11.35,11.375,11.35,11.375,7829
292,11.375,11.4,11.3,11.3,6936
293,11.35,11.4,11.325,11.4,4317
294,11.3,11.35,11.25,11.35,30099
295,11.3,11.3,11.3,11.3,7730
296,11.35,11.35,11.35,11.35,200
297,11.35,11.375,11.3,11.3,10970
298,11.375,11.4,11.375,11.4,200
299,11.4,11.4,11.4,11.4,1500
300,11.45,11.45,11.45,11.45,100
301,11.4,11.4,11.35,11.4,6736
302,11.45,11.45,11.35,11.35,4700
304,11.425,11.45,11.425,11.45,200
305,11.4,11.4,11.35,11.4,3300
307,11.425,11.425,11.375,11.375,700
308,11.4,11.425,11.4,11.425,400
309,11.425,11.425,11.4,11.4,300
310,11.425,11.45,11.4,11.4,600
311,11.4,11.4,11.4,11.4,100
312,11.4,11.425,11.4,11.4236,2700
313,11.425,11.425,11.425,11.425,100
314,11.4,11.45,11.4,11.4295,1100
315,11.425,11.425,11.4,11.4,400
316,11.45,11.45,11.425,11.45,2882
317,11.5,11.5,11.425,11.425,6456
318,11.5,11.55,11.5,11.5,12545
319,11.5,11.525,11.5,11.5,1500
320,11.45,11.55,11.45,11.55,1287
321,11.475,11.5,11.475,11.475,1000
322,11.525,11.55,11.475,11.475,6900
323,11.6,11.6,11.5,11.55,7700
324,11.5,11.6,11.5,11.6,5657
325,11.5,11.55,11.5,11.525,1550
326,11.525,11.55,11.5,11.5,5700
327,11.5,11.55,11.5,11.525,44912
432,11.45,11.45,11.45,11.45,1171
433,11.45,11.5,11.4,11.45,7529
434,11.5,11.55,11.45,11.5,6715
435,11.45,11.5,11.45,11.5,4342
436,11.4,11.5,11.4,11.45,4720
438,11.35,11.425,11.35,11.425,1850
439,11.375,11.375,11.325,11.35,6911
440,11.35,11.35,11.35,11.35,1000
441,11.45,11.45,11.35,11.35,1800
442,11.425,11.425,11.425,11.425,100
443,11.425,11.45,11.425,11.425,1000
444,11.45,11.45,11.4,11.4,97920
445,11.475,11.5,11.45,11.45,2600
446,11.475,11.475,11.45,11.475,400
447,11.475,11.5,11.475,11.5,200
448,11.5,11.5,11.475,11.5,1077
449,11.475,11.475,11.475,11.475,200
450,11.5,11.5,11.45,11.45,500
452,11.475,11.5,11.475,11.475,600
453,11.5,11.5,11.5,11.5,400
454,11.45,11.5,11.45,11.5,2600
455,11.5,11.5,11.5,11.5,100
456,11.5,11.5,11.5,11.5,200
457,11.49,11.5,11.45,11.5,1700
458,11.4754,11.4754,11.4754,11.4754,175
459,11.5,11.5,11.5,11.5,200
460,11.5,11.5,11.5,11.5,2080
461,11.475,11.475,11.45,11.4733,3500
462,11.425,11.45,11.4,11.45,4200
463,11.4,11.4,11.4,11.4,900
464,11.425,11.425,11.425,11.425,850
465,11.45,11.45,11.45,11.45,100
466,11.425,11.45,11.4,11.425,600
467,11.4,11.45,11.4,11.4,5059
468,11.375,11.425,11.35,11.425,5481
469,11.375,11.4,11.35,11.4,2231
470,11.3,11.425,11.3,11.4,32799
471,11.3,11.4,11.3,11.325,32592
864,11.35,11.35,11.35,11.35,3551
865,11.4,11.55,11.35,11.35,19507
866,11.425,11.425,11.4,11.425,900
867,11.35,11.4,11.35,11.4,3670
868,11.3,11.4,11.275,11.375,17479
869,11.325,11.375,11.3,11.3,8400
870,11.375,11.375,11.3,11.3,14268
871,11.3,11.4,11.3,11.375,8643
872,11.35,11.35,11.325,11.325,7095
873,11.35,11.355,11.35,11.35,5479
874,11.375,11.4,11.35,11.375,8114
875,11.35,11.4,11.35,11.35,11900
876,11.375,11.375,11.35,11.375,4100
877,11.35,11.375,11.35,11.375,2700
878,11.375,11.375,11.35,11.35,900
879,11.35,11.375,11.35,11.375,3087
880,11.45,11.475,11.375,11.375,60479
881,11.4,11.475,11.4,11.45,42169
882,11.4,11.45,11.4,11.4421,10791
883,11.425,11.45,11.4,11.4,19732
884,11.4,11.45,11.4,11.4,16647
885,11.45,11.475,11.4,11.4,92657
886,11.525,11.55,11.475,11.5,10000
887,11.525,11.575,11.5,11.55,17800
888,11.55,11.55,11.5,11.525,5600
889,11.525,11.55,11.525,11.525,2500
890,11.55,11.55,11.5241,11.55,2900
891,11.525,11.55,11.505,11.55,9400
892,11.525,11.55,11.5,11.55,6224
893,11.525,11.55,11.5,11.55,7800
894,11.45,11.55,11.45,11.525,17005
895,11.5,11.5,11.45,11.45,1000
896,11.45,11.475,11.45,11.475,14159
897,11.4672,11.5,11.45,11.45,18542
898,11.55,11.6,11.475,11.475,59558
899,11.55,11.6,11.5,11.575,46600
900,11.525,11.55,11.5,11.55,14350
901,11.525,11.55,11.5,11.525,13140
902,11.525,11.55,11.5,11.525,42013
903,11.55,11.55,11.45,11.525,125423
a1494941400,11.55,11.55,11.55,11.55,1885
1,11.55,11.55,11.5,11.5,1200
2,11.425,11.55,11.425,11.55,4500
3,11.45,11.5,11.4421,11.4421,3300
4,11.45,11.5,11.45,11.5,1900
5,11.375,11.45,11.35,11.45,10176
6,11.4,11.45,11.36,11.375,18903
7,11.4,11.45,11.355,11.4,15996
8,11.45,11.45,11.4,11.4,2900
9,11.425,11.45,11.4,11.4,2300
10,11.475,11.5,11.4,11.45,6762
11,11.425,11.4672,11.4,11.4672,10415
12,11.375,11.45,11.375,11.4,61086
13,11.4,11.45,11.375,11.4,29720
14,11.375,11.5,11.375,11.4,51900
15,11.475,11.5,11.375,11.4,4800
16,11.5,11.55,11.45,11.5,9929
17,11.525,11.55,11.45,11.525,42826
18,11.5,11.55,11.475,11.5,25253
19,11.4738,11.475,11.45,11.475,1000
20,11.425,11.475,11.4,11.4668,28384
21,11.45,11.467,11.4,11.4421,13566
22,11.4238,11.45,11.4,11.425,2400
23,11.4,11.45,11.4,11.4,18030
24,11.4,11.425,11.375,11.4,25361
25,11.45,11.45,11.4,11.4,16773
26,11.45,11.45,11.4,11.425,5750
27,11.45,11.45,11.4,11.45,3200
28,11.4,11.5,11.4,11.4,21889
29,11.4,11.45,11.4,11.45,2200
30,11.45,11.45,11.4,11.45,17404
31,11.45,11.475,11.425,11.425,16964
32,11.425,11.45,11.4171,11.425,3900
33,11.4,11.45,11.4,11.45,14605
34,11.425,11.45,11.4,11.4,65595
35,11.425,11.425,11.4,11.4,34681
36,11.45,11.475,11.4,11.425,31433
37,11.475,11.5,11.425,11.45,39569
38,11.55,11.55,11.45,11.5,70585
39,11.55,11.6,11.5,11.55,173596
144,9.05,9.05,9,9.05,29777
145,10.55,10.7,8.8,9.25,174929
146,10.1,10.55,10.075,10.525,114990
147,10.05,10.2,10,10.15,76993
148,10.225,10.3,9.9,10.05,77675
149,10.175,10.25,10.1,10.25,32689
150,9.975,10.2,9.975,10.2,53685
151,10.025,10.1,9.825,9.975,77494
152,10.025,10.05,9.9,10,18515
153,10.125,10.15,9.975,10.025,42834
154,10.125,10.2,10.1,10.15,53472
155,10.275,10.3,10.125,10.145,122002
156,10.325,10.35,10.205,10.25,29221
157,10.425,10.425,10.275,10.3,22748
158,10.375,10.5,10.375,10.425,37284
159,10.475,10.5,10.375,10.375,25728
160,10.425,10.5,10.35,10.475,23878
161,10.45,10.5,10.425,10.425,7562
162,10.45,10.55,10.4,10.475,36878
163,10.5,10.5,10.4,10.5,9648
164,10.45,10.5,10.45,10.45,10200
165,10.425,10.5,10.375,10.4625,22971
166,10.475,10.5,10.425,10.425,8023
167,10.475,10.5,10.425,10.475,74046
168,10.45,10.5,10.45,10.45,7329
169,10.405,10.5,10.375,10.45,13118
170,10.375,10.45,10.35,10.4,6200
171,10.35,10.4,10.3,10.375,21226
172,10.3,10.4,10.3,10.4,22126
173,10.3,10.35,10.25,10.325,32889
174,10.3,10.35,10.275,10.325,9182
175,10.325,10.35,10.25,10.275,19005
176,10.275,10.35,10.25,10.325,12383
177,10.275,10.3,10.25,10.3,15464
178,10.225,10.3,10.2,10.3,58357
179,10.275,10.35,10.2,10.225,79547
180,10.3,10.3,10.2,10.275,48766
181,10.3,10.35,10.25,10.3,28824
182,10.35,10.35,10.3,10.3,18333
183,10.25,10.35,10.25,10.3,163658
288,10.2,10.2,10.2,10.2,12524
289,10.3,10.307,10.05,10.2,98125
290,10.4,10.5,10.175,10.275,29549
291,10.25,10.395,10.25,10.395,11500
292,10.35,10.4,10.175,10.275,25863
293,10.375,10.4,10.35,10.35,9768
294,10.375,10.4,10.3,10.375,22356
295,10.325,10.4,10.3,10.375,19180
296,10.375,10.5,10.325,10.325,28582
297,10.375,10.375,10.35,10.375,2200
298,10.35,10.4,10.35,10.375,1300
299,10.35,10.375,10.35,10.375,1400
300,10.3,10.375,10.3,10.375,4066
301,10.325,10.35,10.3,10.325,15615
302,10.35,10.35,10.3,10.325,12000
303,10.3,10.35,10.3,10.325,2900
304,10.325,10.35,10.3,10.325,3100
305,10.325,10.35,10.3,10.3,6790
306,10.325,10.35,10.3,10.3,3794
307,10.25,10.35,10.25,10.325,13995
308,10.275,10.3,10.25,10.275,13600
309,10.4,10.4,10.25,10.25,30236
310,10.375,10.4,10.375,10.375,2800
311,10.45,10.45,10.375,10.375,15146
312,10.375,10.45,10.35,10.45,8200
313,10.35,10.375,10.35,10.375,800
314,10.35,10.4,10.35,10.35,4896
315,10.375,10.4,10.35,10.35,4200
316,10.375,10.4,10.35,10.375,23713
317,10.375,10.4,10.35,10.375,15000
318,10.45,10.5,10.375,10.4,23621
319,10.425,10.425,10.4,10.4,700
320,10.35,10.425,10.35,10.4,7900
321,10.35,10.4,10.35,10.4,5100
322,10.375,10.4,10.35,10.35,14876
323,10.375,10.4,10.35,10.375,7512
324,10.375,10.4,10.35,10.35,12912
325,10.5,10.5,10.35,10.375,53685
326,10.425,10.5,10.4,10.475,23422
327,10.45,10.45,10.4,10.425,126349
432,10.45,10.45,10.45,10.45,23174
433,10.45,10.45,10.3,10.4,5160
434,10.425,10.45,10.4,10.45,3309
435,10.35,10.425,10.325,10.4,8604
436,10.35,10.4,10.325,10.35,12894
437,10.35,10.35,10.325,10.35,2050
438,10.35,10.35,10.3,10.35,2120
439,10.225,10.35,10.2,10.35,17865
440,10.25,10.25,10.2,10.225,21189
441,10.25,10.25,10.2,10.25,3500
442,10.3,10.35,10.25,10.25,14256
443,10.2,10.3,10.15,10.3,25495
444,10.2,10.2,10.175,10.2,2700
445,10.1,10.2,10.075,10.175,62308
446,10.125,10.15,10.1,10.125,23065
447,10.1,10.15,10.1,10.1,4500
448,10.1,10.125,10.1,10.125,5600
449,10.2,10.2,10.1,10.1,24258
450,10.2,10.2,10.15,10.15,6151
451,10.225,10.225,10.2,10.2,6600
452,10.2,10.225,10.175,10.2,6200
453,10.2,10.2,10.15,10.2,2900
454,10.175,10.2,10.15,10.15,1717
455,10.2,10.25,10.15,10.2,44304
456,10.225,10.25,10.2,10.2257,3650
457,10.25,10.25,10.2,10.25,1324
458,10.225,10.25,10.2249,10.25,1500
459,10.3,10.3,10.205,10.25,19125
460,10.2,10.2938,10.2,10.275,16923
461,10.25,10.25,10.225,10.2395,890
462,10.125,10.225,10.1,10.2,92865
463,10.125,10.15,10.1,10.1252,9400
464,10.125,10.15,10.1,10.125,4300
465,10.125,10.15,10.1,10.125,9549
466,10.1,10.125,10.075,10.125,20313
467,10.125,10.15,10.075,10.1,12446
468,10.125,10.15,10.1,10.125,20032
469,10.075,10.125,10.025,10.1,49370
470,10.075,10.1,10.05,10.075,27299
471,10.1,10.1,10.05,10.1,112961
864,10.3,10.3,10.15,10.15,4363
865,10.1,10.15,10.1,10.15,2603
866,10.12,10.15,10.1,10.1,3711
867,10.1,10.15,10.05,10.1,20551
868,10,10.1,10,10.05,10798
869,10.025,10.025,10,10,11366
870,10.075,10.125,10,10,88474
871,10.1,10.15,10.05,10.075,56668
872,10.1,10.125,10.05,10.1,11997
873,10,10.125,9.95,10.1,71860
874,10.05,10.1,10,10.05,19404
875,10.05,10.15,10,10.05,26480
876,10.05,10.1,10.05,10.1,396791
877,10.1,10.2,10.05,10.075,41243
878,10.125,10.15,10.05,10.125,42580
879,10.05,10.125,10.05,10.125,7600
880,10.05,10.15,10.05,10.1,29035
881,10.075,10.1,10.05,10.05,5150
882,10.075,10.1,10.05,10.075,10400
883,10.1,10.15,10.05,10.075,38425
884,10.1,10.125,10.075,10.1,23027
885,10.1,10.15,10.05,10.1,16745
886,10.125,10.15,10.075,10.1,60835
887,10.2,10.25,10.1,10.125,41595
888,10.2,10.25,10.15,10.2,57439
889,10.175,10.25,10.175,10.2,11553
890,10.25,10.25,10.2,10.2,7615
891,10.2,10.275,10.15,10.25,58801
892,10.2,10.25,10.175,10.2,18048
893,10.25,10.3,10.225,10.225,58071
894,10.225,10.275,10.15,10.275,26659
895,10.225,10.25,10.15,10.225,16519
896,10.225,10.225,10.2,10.2,2400
897,10.225,10.25,10.15,10.2,16928
898,10.225,10.25,10.15,10.225,17353
899,10.2,10.25,10.15,10.225,30313
900,10.2,10.25,10.15,10.225,14442
901,10.225,10.25,10.2,10.2,13380
902,10.225,10.25,10.2,10.25,7400
903,10.15,10.25,10.1,10.225,176792
a1495546200,10.2,10.2,10.2,10.2,7544
1,10.15,10.25,10.15,10.2,9964
2,10.2,10.2,10.15,10.15,20514
3,10.25,10.25,10.175,10.2,21517
4,10.2596,10.3,10.225,10.225,18160
5,10.125,10.25,10.1,10.25,15535
6,10.15,10.15,10.025,10.1,15465
7,10.1,10.15,10.075,10.15,10354
8,10.075,10.1,10.025,10.1,9174
9,10.075,10.15,10.075,10.075,14633
10,10.025,10.1,10.025,10.075,29759
11,10.025,10.05,10,10.025,9998
12,10.0247,10.05,9.925,10.05,95214
13,10.075,10.1,10.025,10.025,5396
14,10.025,10.1,10.025,10.1,14700
15,10.1,10.1,10,10.025,10597
16,10.1,10.1,10.075,10.075,1300
17,10.075,10.125,10.075,10.1,10268
18,10.05,10.1,10.05,10.05,7505
19,10.05,10.05,10,10,52004
20,10.05,10.05,10.05,10.05,7250
21,10.05,10.1,10,10.05,26016
22,10.05,10.075,10.05,10.05,6574
23,10.05,10.05,10.05,10.05,1000
24,10.05,10.1,10.025,10.05,16500
25,10.025,10.075,9.95,10.05,57075
26,10.075,10.1,10,10,33063
27,10.1,10.125,10.05,10.1,21870
28,10.125,10.15,10.075,10.1,5389
29,10.1,10.2,10.1,10.15,46299
30,10.1,10.125,10.05,10.125,10991
31,10.15,10.15,10.05,10.1,15449
32,10.2,10.225,10.125,10.15,12132
33,10.2,10.225,10.15,10.15,33626
34,10.225,10.225,10.15,10.2,27109
35,10.25,10.25,10.225,10.25,5836
36,10.25,10.25,10.2,10.225,13951
37,10.225,10.3,10.2,10.25,32273
38,10.2,10.25,10.15,10.225,73401
39,10.25,10.25,10.2,10.225,117260
144,10.25,10.25,10.25,10.25,3003
145,10.1,10.25,10.1,10.2,4724
146,10.1,10.15,10.1,10.15,3700
147,10.1,10.15,10.1,10.15,2200
148,10.075,10.1,10.05,10.1,3800
149,10.15,10.15,10.05,10.1,9380
150,10.125,10.15,10.1,10.1155,3185
151,10.125,10.15,10.1,10.15,2200
152,10.15,10.15,10.1,10.1,2600
153,10.1,10.15,10.1,10.1,1300
154,10.125,10.15,10.1,10.125,4520
155,10.125,10.15,10.1,10.125,3191
156,10.1,10.15,10.1,10.1,1600
157,10.125,10.125,10.1,10.1,1100
158,10.1,10.15,10.1,10.1,1400
159,10.1,10.15,10.05,10.125,14425
160,10.075,10.1,10.05,10.1,2900
161,10.1,10.1,10.05,10.05,2500
162,10.05,10.1,10.05,10.1,3100
163,10.05,10.1,10.05,10.05,2550
164,10.05,10.1,10,10.075,14739
165,10.1,10.1,10,10.05,7299
166,10.025,10.1,10,10.075,20576
167,10.05,10.05,10.025,10.05,2900
168,10.05,10.05,10,10.05,3900
169,10.075,10.1,10.025,10.025,6259
170,10.025,10.1,10,10.05,7300
171,10.05,10.1,10.025,10.05,5400
172,10.05,10.075,10,10.05,10755
173,10.05,10.1,10.05,10.075,2000
174,10.075,10.1,10.05,10.075,3900
175,10.05,10.1,10,10.05,21157
176,10.05,10.05,10,10.025,5390
177,10.075,10.075,10,10.025,21750
178,10.05,10.1,10.05,10.075,3300
179,10.05,10.1,10.05,10.1,5080
180,10.1,10.1,10.05,10.075,5600
181,10.1,10.1,10.075,10.1,7400
182,10.075,10.1,10.05,10.1,11247
183,10,10.1,10,10.075,93754
288,10.05,10.05,10.05,10.05,3080
289,10,10.1,10,10.075,6034
290,10,10.05,10,10,2880
291,10.025,10.05,10,10,1000
292,10.025,10.025,10,10,300
293,10.05,10.1,10,10,4273
294,10.075,10.1,10.05,10.05,500
295,10,10.075,10,10.075,3877
296,10,10.05,10,10.05,1000
297,10.025,10.05,10.025,10.05,1300
298,10.025,10.05,10.025,10.05,950
299,10.025,10.05,10,10.025,8800
300,10,10.05,10,10.025,1750
301,10,10.05,10,10,1000
302,10,10.025,10,10,1500
303,10,10.05,10,10.025,2700
304,10.0267,10.05,10,10.05,800
305,10.025,10.05,10,10.05,4296
306,10.05,10.05,10.05,10.05,594
307,10.05,10.05,10.05,10.05,896
308,10.025,10.05,10.025,10.025,600
309,10.05,10.05,10.05,10.05,100
310,10.025,10.05,10.0093,10.05,3326
311,10.025,10.05,10,10.05,6010
312,10.05,10.05,10,10,900
313,10.025,10.05,10,10,2361
314,10.025,10.05,10,10.05,2234
315,10.05,10.05,10,10,700
316,10.05,10.05,10,10,200
317,10.025,10.05,10,10,8598
318,10.025,10.05,10,10,3800
319,10.01,10.025,10,10.025,780
320,10.05,10.05,10.025,10.025,800
321,10.05,10.05,10,10,300
322,10.05,10.05,10,10.05,3100
323,10,10.05,10,10.025,2700
324,10.05,10.05,10,10.05,6735
325,10.05,10.05,10,10,3000
326,10.05,10.1,10,10.05,24849
327,10,10.05,10,10.05,38501
432,10.05,10.05,10.05,10.05,4188
433,10,10.025,9.975,10,6480
434,10.025,10.025,9.975,10,3373
435,10.025,10.05,10,10,700
436,10.05,10.1,10.025,10.025,8317
437,10.05,10.1,10.025,10.05,27805
438,10.05,10.1,10.05,10.1,700
439,10.05,10.075,10.05,10.075,1800
440,10.05,10.05,10.05,10.05,300
441,10.075,10.1,10.05,10.05,1300
442,10.075,10.1,10.05,10.1,800
443,10.1,10.15,10.1,10.1,3634
444,10.125,10.15,10.1,10.1,300
445,10.15,10.15,10.1,10.15,1400
446,10.2,10.25,10.1,10.1,28644
447,10.175,10.175,10.15,10.175,600
448,10.175,10.175,10.15,10.15,821
449,10.205,10.225,10.15,10.15,8200
450,10.25,10.3,10.2,10.225,8070
451,10.275,10.28,10.2,10.25,11112
452,10.25,10.275,10.25,10.275,200
453,10.25,10.3,10.25,10.275,800
454,10.3,10.3,10.25,10.25,1410
455,10.25,10.275,10.25,10.275,2385
456,10.275,10.275,10.25,10.25,600
457,10.275,10.275,10.25,10.25,2400
458,10.25,10.25,10.25,10.25,4100
459,10.25,10.3,10.25,10.3,900
460,10.275,10.275,10.25,10.25,300
461,10.275,10.3,10.2,10.25,18414
462,10.275,10.275,10.25,10.25,3305
463,10.275,10.275,10.25,10.25,1800
464,10.25,10.275,10.25,10.25,2000
465,10.25,10.3,10.25,10.275,3100
466,10.25,10.3,10.25,10.25,3800
467,10.25,10.3,10.25,10.275,3100
468,10.3,10.3,10.25,10.275,4200
469,10.275,10.3,10.25,10.3,7500
470,10.25,10.3,10.25,10.25,9400
471,10.25,10.3,10.2,10.275,97983
a1496151000,10.2,10.2,10.2,10.2,5101
1,10.15,10.25,10.15,10.175,4500
2,10.2,10.25,10.15,10.15,1429
3,10.175,10.2,10.175,10.2,5001
4,10.15,10.175,10.15,10.155,3192
5,10.125,10.15,10.1,10.15,3600
6,10.15,10.15,10.15,10.15,1771
7,10.125,10.15,10.1,10.15,4319
8,10.105,10.105,10.1,10.1,600
9,10.05,10.1,10.05,10.1,1100
11,10.075,10.15,10.05,10.075,30053
12,10.05,10.125,10.05,10.05,8223
13,10.05,10.075,10.05,10.075,4200
14,10.075,10.1,10.05,10.05,1900
15,10.1,10.1,10.05,10.05,400
16,10.075,10.1,10.075,10.075,300
17,10.075,10.1,10.05,10.075,5100
18,10.05,10.075,10.05,10.075,1600
19,10.075,10.075,10.05,10.075,800
20,10.075,10.075,10.05,10.075,400
21,10.05,10.075,10.05,10.075,800
22,10.075,10.1,10.05,10.075,1360
23,10.075,10.1,10.05,10.075,1300
24,10.05,10.1,10.05,10.075,6981
25,10.075,10.1,10.075,10.075,700
26,10.075,10.1,10.05,10.075,917
27,10.075,10.1,10.05,10.075,11620
28,10.05,10.1,10.05,10.1,1104
29,10.075,10.1,10.05,10.1,1145
30,10.075,10.1,10.05,10.075,1700
31,10.075,10.075,10.05,10.075,1200
32,10.1,10.1,10.05,10.075,900
33,10.1,10.1,10.05,10.1,1236
34,10.075,10.1,10.05,10.05,251487
35,10.075,10.1,10.05,10.075,5842
36,10.075,10.1,10.05,10.075,4752
37,10.075,10.1,10.05,10.075,6200
38,10.075,10.1,10.05,10.05,9123
39,10.1,10.1,10.05,10.05,48470
144,10.1,10.1,10.1,10.1,8936
145,10.05,10.2,10.05,10.1,8992
146,10.1,10.15,10.05,10.1,5800
147,10.025,10.1,10,10.1,29396
148,10,10.05,10,10,16806
149,10.025,10.05,10,10,3300
150,10.05,10.1,10,10,9425
151,10,10.075,10,10.05,4400
152,10.025,10.05,10,10.025,17714
153,10.025,10.05,10,10.05,4302
154,10.05,10.05,10,10,4102
155,10.025,10.05,10,10,900
156,10.025,10.05,10,10.05,7200
157,10.05,10.05,10.025,10.05,1900
158,10.025,10.05,10,10.025,3074
159,10.05,10.05,10.025,10.05,4601
160,10.1,10.1,10.1,10.1,1300
161,10.1,10.1,10.05,10.1,1800
162,10.05,10.1,10.05,10.1,1683
163,10.1,10.1,10.05,10.075,1300
164,10.075,10.1,10.05,10.1,4274
165,10.05,10.1,10,10.05,29511
166,10.025,10.05,10,10.05,7270
167,10.025,10.1,10.025,10.025,37617
168,10.05,10.05,10,10,600
169,10.025,10.075,10.025,10.05,23562
170,10.025,10.05,10.005,10.025,1500
171,10.025,10.05,10,10,3900
172,10.025,10.05,10,10,1600
173,10.025,10.05,10,10.05,1800
174,10.025,10.05,10,10,1400
175,10.025,10.05,10,10.025,2000
176,10.05,10.05,10,10.025,3200
177,10.05,10.1,10,10.025,25102
178,10.075,10.1,10.05,10.05,11873
179,10.05,10.075,10,10.075,20351
180,10.05,10.05,10,10,8400
181,10.075,10.1,10,10.05,12300
182,10.075,10.1,10.05,10.1,9567
183,10.05,10.1,10.05,10.075,77108
288,10.05,10.05,10.05,10.05,4902
289,10.05,10.075,10.05,10.075,800
290,10.075,10.075,10.05,10.05,5552
291,10.025,10.05,10,10.05,2100
292,10.025,10.05,10.025,10.03,4993
293,10.0085,10.025,10,10.025,699
294,10,10.05,10,10,902
295,10.075,10.075,10,10,20616
296,10.05,10.1,10.05,10.075,1300
297,10.075,10.075,10.05,10.05,1032
298,10.075,10.075,10.05,10.075,1271
299,10.125,10.125,10.075,10.075,12455
300,10.1,10.15,10.1,10.1,6500
301,10.15,10.15,10.1,10.125,1300
302,10.15,10.15,10.1,10.1,3152
303,10.125,10.15,10.1,10.1,1100
304,10.15,10.15,10.1,10.1,1700
305,10.15,10.15,10.1,10.1,1700
306,10.125,10.15,10.1,10.125,1128
307,10.15,10.15,10.1,10.1,1100
308,10.1,10.15,10.1,10.1,1600
309,10.15,10.15,10.1,10.1,1100
310,10.15,10.15,10.1,10.1,1200
311,10.1,10.15,10.1,10.15,1900
312,10.1,10.15,10.1,10.15,2600
313,10.1,10.15,10.1,10.15,1631
314,10.15,10.15,10.1,10.15,2100
315,10.15,10.15,10.1,10.1,1657
316,10.15,10.15,10.1,10.15,4400
317,10.155,10.2,10.15,10.15,17063
318,10.15,10.2,10.15,10.2,1500
319,10.225,10.25,10.15,10.15,13300
320,10.25,10.25,10.2,10.2,1900
321,10.225,10.25,10.2,10.2,2100
322,10.175,10.25,10.175,10.205,21897
323,10.175,10.2,10.15,10.175,6800
324,10.175,10.2,10.15,10.175,4600
325,10.2,10.2,10.15,10.175,5100
326,10.175,10.25,10.15,10.2,35414
327,10.2,10.25,10.15,10.15,126073
432,10.2,10.2,10.2,10.2,1307
433,10.4,10.4,10.25,10.25,9549
434,10.35,10.45,10.35,10.4,8588
435,10.35,10.35,10.35,10.35,2900
436,10.4,10.4,10.35,10.4,1000
437,10.4,10.4,10.4,10.4,1600
438,10.375,10.4,10.375,10.4,1600
439,10.425,10.425,10.4,10.4,4020
440,10.4,10.45,10.4,10.45,1000
441,10.45,10.45,10.425,10.45,2900
442,10.45,10.45,10.425,10.45,1900
443,10.45,10.475,10.45,10.45,9182
444,10.45,10.45,10.45,10.45,842
445,10.475,10.5,10.45,10.475,466
446,10.525,10.525,10.5,10.5,7564
447,10.525,10.6,10.525,10.55,7993
448,10.55,10.55,10.525,10.525,1113
449,10.55,10.55,10.525,10.55,2305
450,10.6,10.6,10.525,10.55,16259
451,10.575,10.625,10.55,10.6,19680
452,10.6,10.6,10.55,10.6,3178
453,10.6,10.6,10.55,10.6,3300
454,10.575,10.6,10.55,10.6,4100
455,10.625,10.65,10.575,10.6,20103
456,10.6,10.65,10.55,10.6,9434
457,10.65,10.65,10.6,10.6,7093
458,10.675,10.7,10.625,10.65,18801
459,10.6277,10.65,10.6,10.65,2300
460,10.625,10.65,10.6,10.65,2789
461,10.65,10.65,10.6,10.65,5339
462,10.675,10.7,10.61,10.65,12255
463,10.675,10.7,10.65,10.7,2156
464,10.6,10.7,10.6,10.7,22589
465,10.675,10.675,10.6,10.65,29111
466,10.675,10.675,10.6,10.65,22548
467,10.675,10.675,10.625,10.65,32589
468,10.65,10.68,10.65,10.675,21871
469,10.65,10.675,10.6,10.65,29488
470,10.625,10.65,10.6,10.65,33773
471,10.6,10.65,10.6,10.625,119313
864,10.6,10.6,10.6,10.6,2844
865,10.7,10.7,10.5,10.5,9303
866,10.55,10.625,10.55,10.6,5685
867,10.55,10.6,10.55,10.6,800
868,10.55,10.575,10.55,10.55,1013
869,10.525,10.6,10.5,10.575,3850
870,10.45,10.525,10.45,10.5,5931
871,10.45,10.479,10.45,10.45,2771
872,10.45,10.475,10.45,10.45,1419
873,10.45,10.475,10.45,10.45,600
874,10.45,10.5,10.45,10.45,746
875,10.475,10.5,10.45,10.5,400
876,10.475,10.475,10.45,10.45,300
877,10.475,10.5,10.45,10.45,1460
878,10.35,10.45,10.35,10.45,14073
879,10.375,10.375,10.35,10.35,900
880,10.425,10.425,10.35,10.375,5100
881,10.4,10.4146,10.4,10.4146,900
882,10.4,10.4,10.4,10.4,600
883,10.4,10.445,10.4,10.425,1600
884,10.4,10.45,10.4,10.4146,1026
885,10.35,10.425,10.35,10.4,4764
886,10.35,10.4,10.35,10.4,2219
887,10.425,10.45,10.35,10.375,10102
888,10.5,10.5,10.4,10.45,7118
889,10.5,10.5,10.45,10.5,2060
890,10.5,10.5,10.45,10.475,2304
891,10.475,10.5,10.45,10.5,1757
892,10.55,10.55,10.45,10.5,18897
893,10.5,10.55,10.5,10.5,8623
894,10.55,10.55,10.5,10.5355,2811
895,10.525,10.55,10.5,10.55,1600
896,10.55,10.575,10.5,10.525,13963
897,10.525,10.575,10.5,10.55,9401
898,10.5,10.55,10.5,10.525,7714
899,10.55,10.55,10.5,10.5,2175
900,10.55,10.55,10.5,10.5247,2265
901,10.5,10.55,10.5,10.55,3851
902,10.475,10.525,10.45,10.525,13082
903,10.475,10.5,10.45,10.475,65414
a1496755800,10.45,10.45,10.45,10.45,3647
1,10.35,10.45,10.35,10.45,12565
2,10.325,10.35,10.25,10.35,19685
3,10.45,10.5,10.3,10.3,12238
4,10.35,10.425,10.35,10.4,12738
5,10.4,10.4,10.375,10.375,2937
7,10.375,10.4,10.35,10.375,2310
8,10.425,10.45,10.375,10.375,6630
9,10.35,10.425,10.35,10.425,12376
10,10.35,10.4,10.3,10.35,5200
11,10.325,10.35,10.325,10.35,2119
12,10.375,10.45,10.3,10.316,21762
13,10.3,10.375,10.3,10.35,6600
14,10.325,10.325,10.25,10.325,6675
15,10.325,10.35,10.3,10.3,1941
16,10.325,10.325,10.325,10.325,300
17,10.35,10.375,10.3,10.3,4600
18,10.3,10.35,10.3,10.35,4300
20,10.3,10.3405,10.3,10.3,1200
21,10.3,10.3248,10.3,10.3248,700
22,10.329,10.329,10.3,10.3,600
23,10.3,10.325,10.3,10.325,700
24,10.3,10.3,10.3,10.3,400
25,10.325,10.325,10.3,10.3,200
26,10.325,10.325,10.3,10.3,900
27,10.3,10.35,10.3,10.3,5200
28,10.35,10.35,10.3,10.325,1600
29,10.375,10.4,10.35,10.35,10900
30,10.375,10.4,10.35,10.4,2100
31,10.35,10.4,10.35,10.35,1800
32,10.35,10.375,10.35,10.35,1900
33,10.35,10.35,10.35,10.35,1100
34,10.35,10.4,10.3,10.4,15696
35,10.325,10.35,10.3,10.35,2780
36,10.35,10.35,10.3,10.325,3565
37,10.3,10.35,10.3,10.325,6200
38,10.3,10.35,10.25,10.325,23240
39,10.3,10.325,10.25,10.3,52524
144,10.35,10.35,10.35,10.35,827
145,10.35,10.42,10.25,10.4,8120
146,10.3,10.4,10.25,10.35,6695
147,10.3,10.35,10.3,10.35,900
148,10.25,10.325,10.25,10.3,2080
149,10.275,10.3,10.25,10.275,9020
150,10.2,10.3,10.2,10.25,13231
151,10.25,10.3,10.2,10.2,7292
152,10.25,10.25,10.2,10.25,8259
153,10.35,10.4,10.275,10.3,5083
154,10.375,10.4,10.35,10.35,1400
155,10.35,10.4,10.35,10.35,6000
156,10.25,10.329,10.25,10.3,11000
157,10.275,10.275,10.275,10.275,500
158,10.25,10.275,10.25,10.275,200
159,10.25,10.3,10.25,10.275,1621
160,10.3,10.3,10.25,10.25,300
161,10.25,10.275,10.25,10.275,400
162,10.25,10.275,10.25,10.275,700
163,10.275,10.3,10.25,10.275,1200
164,10.225,10.275,10.225,10.275,4000
165,10.25,10.3,10.2,10.25,20900
166,10.225,10.25,10.2,10.25,4250
167,10.225,10.25,10.2,10.2,3500
168,10.25,10.25,10.25,10.25,400
169,10.25,10.25,10.2,10.225,400
170,10.2,10.25,10.2,10.25,1100
171,10.25,10.25,10.225,10.225,800
172,10.225,10.25,10.2,10.225,1700
173,10.225,10.25,10.2,10.25,4909
174,10.225,10.25,10.225,10.25,500
175,10.3,10.3,10.2148,10.2148,7175
176,10.325,10.325,10.25,10.275,29297
177,10.325,10.325,10.3,10.3,1300
178,10.35,10.35,10.3,10.35,9500
179,10.35,10.35,10.3,10.35,6500
180,10.4,10.4,10.3,10.35,18091
181,10.375,10.4,10.35,10.375,3683
182,10.325,10.4,10.25,10.35,100475
183,10.3,10.35,10.25,10.325,96518
288,10.3,10.3,10.3,10.3,2468
289,10.3,10.35,10.25,10.35,3342
290,10.2735,10.3,10.25,10.3,900
291,10.325,10.35,10.3,10.3,3462
292,10.325,10.35,10.3,10.325,5865
293,10.3,10.35,10.3,10.35,8017
294,10.3401,10.3401,10.325,10.325,300
295,10.325,10.35,10.25,10.35,16115
296,10.3,10.325,10.25,10.3,2800
297,10.325,10.35,10.3,10.3,700
298,10.325,10.375,10.3,10.3,10257
299,10.3,10.35,10.3,10.325,3100
300,10.35,10.35,10.3,10.35,13085
301,10.325,10.35,10.3,10.325,1500
302,10.3,10.4,10.3,10.325,30297
303,10.35,10.4,10.3,10.35,11046
304,10.325,10.35,10.325,10.325,1000
305,10.325,10.375,10.3,10.35,16257
306,10.325,10.35,10.325,10.35,700
307,10.35,10.375,10.3,10.325,22578
308,10.45,10.5,10.325,10.325,53902
309,10.425,10.5,10.4,10.475,91139
310,10.475,10.5,10.4,10.4,6959
311,10.5,10.55,10.45,10.475,5900
312,10.525,10.55,10.5,10.55,2800
313,10.5,10.55,10.475,10.5,22549
314,10.55,10.6,10.5,10.525,9104
315,10.625,10.625,10.55,10.575,8204
316,10.625,10.625,10.6,10.625,2000
317,10.575,10.625,10.55,10.625,11878
318,10.55,10.575,10.55,10.575,5745
319,10.55,10.575,10.55,10.55,5079
320,10.475,10.6,10.45,10.55,10079
321,10.45,10.475,10.45,10.45,11730
322,10.525,10.55,10.5,10.5,16962
323,10.6,10.6,10.5,10.525,34159
324,10.55,10.6,10.5,10.55,20770
325,10.55,10.575,10.5,10.575,24122
326,10.6,10.6,10.5,10.525,35772
327,10.6,10.6,10.55,10.6,79975
432,10.65,10.65,10.65,10.65,4320
433,10.6,10.7,10.6,10.65,10825
434,10.55,10.5915,10.55,10.5915,1943
435,10.55,10.6,10.55,10.575,2826
436,10.575,10.6,10.55,10.55,7135
437,10.6,10.6,10.55,10.5644,2601
438,10.7,10.7,10.6,10.6,8700
439,10.6723,10.7,10.65,10.65,2850
440,10.7,10.7,10.65,10.7,21900
441,10.8,10.8,10.7,10.7,16501
442,10.8,10.8,10.7747,10.8,8186
443,10.775,10.8,10.75,10.8,3900
444,10.65,10.775,10.65,10.75,19235
445,10.65,10.7,10.6,10.7,19992
446,10.65,10.7,10.625,10.65,8548
447,10.675,10.7,10.65,10.65,4600
448,10.675,10.7,10.65,10.675,8400
449,10.65,10.7,10.6,10.65,7400
450,10.55,10.65,10.525,10.65,11400
451,10.65,10.65,10.6,10.6,12897
452,10.575,10.65,10.575,10.65,5100
453,10.65,10.65,10.575,10.575,7832
454,10.55,10.65,10.55,10.65,5200
455,10.45,10.6,10.45,10.55,23514
456,10.525,10.55,10.45,10.45,7300
457,10.45,10.55,10.45,10.55,7673
458,10.425,10.5,10.4,10.5,5971
459,10.4,10.5,10.35,10.45,12804
460,10.4,10.4,10.35,10.4,3000
461,10.3,10.4,10.3,10.4,19713
462,10.3,10.35,10.3,10.35,5594
463,10.3,10.35,10.25,10.35,23870
464,10.25,10.35,10.2,10.3,23277
465,10.245,10.25,10.2,10.25,20498
466,10.35,10.35,10.25,10.25,11331
467,10.35,10.375,10.3,10.35,8600
468,10.275,10.35,10.25,10.35,10846
469,10.275,10.3,10.225,10.25,21247
470,10.275,10.3,10.25,10.275,10624
471,10.3,10.3,10.25,10.275,76915
864,10.25,10.25,10.25,10.25,3234
865,10.1,10.25,10.05,10.25,4794
866,10.075,10.2,10,10.15,16124
867,10.1,10.125,10.05,10.05,12299
868,10.2,10.25,10.125,10.15,11842
869,10.25,10.25,10.175,10.2,16648
870,10.2,10.25,10.2,10.25,3300
871,10.25,10.25,10.15,10.15,10121
872,10.3,10.35,10.25,10.25,10731
873,10.25,10.3,10.25,10.3,1200
874,10.35,10.35,10.25,10.275,7380
875,10.35,10.4,10.3,10.35,10639
876,10.25,10.35,10.25,10.35,5375
877,10.2,10.275,10.2,10.25,10311
878,10.15,10.225,10.125,10.225,11093
879,10.15,10.15,10.1,10.1,6600
880,10.125,10.15,10.125,10.15,4230
881,10.2,10.2,10.125,10.125,6712
882,10.125,10.2,10.125,10.175,6100
883,10.175,10.175,10.1,10.1,2031
884,10.15,10.2,10.15,10.15,700
885,10.125,10.15,10.125,10.15,2499
886,10.15,10.175,10.125,10.125,4100
887,10.175,10.175,10.145,10.15,3900
888,10.15,10.1772,10.15,10.1772,222
889,10.15,10.2,10.1,10.173,6588
890,10.175,10.175,10.15,10.15,200
891,10.15,10.15,10.15,10.15,2818
892,10.2,10.2,10.125,10.125,3409
893,10.175,10.225,10.15,10.2,4493
894,10.175,10.175,10.15,10.15,300
895,10.175,10.2,10.15,10.15,5153
896,10.1598,10.2,10.15,10.15,700
897,10.15,10.2,10.15,10.15,600
898,10.175,10.2,10.125,10.15,7600
899,10.2,10.2,10.15,10.15,17586
900,10.15,10.2,10.15,10.2,6100
901,10.175,10.2,10.15,10.175,4600
902,10.175,10.2,10.15,10.2,8128
903,10.2,10.2,10.15,10.2,39534
a1497360600,10.25,10.25,10.25,10.25,1497
1,10.2,10.25,10.15,10.25,3600
2,10.2,10.275,10.2,10.247,4670
3,10.2,10.25,10.15,10.2,4426
4,10.15,10.2,10.15,10.175,2297
5,10.125,10.15,10.1,10.15,1770
6,10.1,10.125,10.1,10.125,500
7,10.15,10.15,10.1,10.1,900
8,10.025,10.15,10.025,10.1,21651
9,10.05,10.1,10,10.025,9087
10,10.175,10.175,10.05,10.075,6793
11,10.225,10.25,10.15,10.2,3845
12,10.2,10.225,10.15,10.2,9911
13,10.175,10.183,10.15,10.175,2100
14,10.2,10.225,10.15,10.175,12203
15,10.2,10.2,10.1,10.15,4800
16,10.2,10.2,10.15,10.2,3600
17,10.175,10.2,10.15,10.175,1391
18,10.125,10.175,10.1,10.175,4358
19,10.175,10.25,10.15,10.15,25800
20,10.2,10.2,10.17,10.2,5182
21,10.25,10.25,10.15,10.15,8558
22,10.225,10.25,10.2,10.225,800
23,10.2,10.25,10.2,10.225,1100
24,10.2,10.25,10.2,10.25,400
25,10.225,10.25,10.225,10.225,1500
26,10.25,10.25,10.1,10.2,52783
27,10.25,10.275,10.2,10.2,4392
28,10.225,10.225,10.2,10.2,700
29,10.225,10.225,10.2,10.225,900
30,10.25,10.25,10.2,10.25,6336
31,10.225,10.3,10.225,10.25,33434
32,10.225,10.25,10.225,10.25,800
33,10.3,10.3,10.2,10.25,17529
34,10.3,10.3,10.25,10.275,2750
35,10.275,10.35,10.25,10.275,33326
36,10.2683,10.35,10.25,10.275,13060
37,10.3,10.3,10.25,10.275,12900
38,10.375,10.4,10.3,10.3,37663
39,10.35,10.4,10.3,10.35,133977
144,10.35,10.35,10.35,10.35,2007
145,10.3,10.3,10.25,10.3,1702
146,10.3,10.3295,10.25,10.25,15957
147,10.3,10.3,10.3,10.3,7700
148,10.35,10.35,10.3,10.3,2587
149,10.3,10.35,10.3,10.3,1876
150,10.3,10.35,10.3,10.3327,10819
151,10.25,10.3,10.2,10.3,16625
152,10.25,10.3,10.25,10.3,1200
153,10.275,10.325,10.25,10.25,24959
154,10.275,10.275,10.25,10.275,900
155,10.25,10.275,10.25,10.275,900
156,10.3,10.35,10.275,10.3,19394
157,10.325,10.35,10.3,10.3,24115
158,10.325,10.35,10.25,10.325,27715
159,10.3,10.3,10.3,10.3,200
160,10.3,10.35,10.3,10.3405,1200
161,10.275,10.3,10.25,10.3,4800
162,10.275,10.275,10.25,10.25,700
163,10.35,10.35,10.25,10.25,17674
164,10.3,10.35,10.3,10.325,500
165,10.3,10.325,10.3,10.325,3000
166,10.3,10.35,10.25,10.3,27616
167,10.255,10.3,10.25,10.3,4935
168,10.25,10.25,10.25,10.25,600
169,10.25,10.25,10.25,10.25,1443
170,10.15,10.25,10.15,10.25,8390
171,10.15,10.2,10.15,10.175,2100
172,10.15,10.2,10.15,10.15,5358
173,10.15,10.25,10.15,10.175,14792
174,10.15,10.175,10.15,10.175,400
175,10.1,10.15,10.1,10.15,4596
176,10.05,10.1,10.05,10.1,3400
177,10.075,10.075,10.05,10.075,4300
178,10.075,10.1,10.05,10.075,4600
179,10.05,10.075,10,10.05,27243
180,10.125,10.15,10.025,10.05,19121
181,10.15,10.2,10.1,10.125,21917
182,10.15,10.15,10.1,10.125,17963
183,10.2,10.2,10.15,10.15,71585
288,10.05,10.05,10.05,10.05,3001
289,10.1,10.1,9.95,10.1,9878
290,10.1,10.1,10,10.1,11079
291,10.15,10.15,10.05,10.1,2000
292,10.05,10.15,10.05,10.15,7707
293,10.05,10.05,10,10.05,2950
294,10.05,10.05,9.975,10,17936
295,10.025,10.05,10,10,12087
296,10.025,10.05,9.975,10,13627
297,10.05,10.05,10,10,6300
298,10.05,10.1,10.05,10.075,3350
299,10,10.05,10,10.05,7600
300,10,10.05,10,10,3400
301,10,10.025,10,10,3800
302,10,10.05,10,10,5350
303,9.95,10.025,9.95,10,12450
304,9.95,9.975,9.95,9.95,3000
305,9.95,9.975,9.95,9.95,2425
306,9.95,9.975,9.95,9.95,2800
307,9.95,10,9.95,9.95,2449
308,9.975,9.975,9.95,9.95,2548
309,9.975,10,9.95,9.975,5000
310,10.025,10.05,9.975,10,13400
311,10.05,10.05,10,10.025,11690
312,10,10.05,10,10,6000
313,10.025,10.05,10,10,2600
314,10.025,10.025,10,10,2000
315,10.025,10.05,10,10,5175
316,10.025,10.05,10,10,2900
317,10,10.05,10,10,4815
318,10,10.05,10,10.025,4700
319,9.95,10.025,9.95,10.025,32737
320,10.025,10.025,9.95,9.975,17136
321,10.025,10.05,10,10.025,4900
322,10.025,10.05,10,10,6661
323,10.05,10.05,10,10,7200
324,10,10.05,10,10.025,9000
325,10,10.05,10,10,13749
326,10,10.0407,10,10.025,16700
327,10,10.05,9.95,10,118645
432,9.9,9.9,9.9,9.9,113126
433,9.95,10,9.9,9.9,5395
434,9.95,10,9.9,9.9,4900
435,9.95,10.025,9.95,9.95,18876
436,9.95,10.1,9.95,9.95,59241
437,9.95,10,9.95,9.95,2700
438,9.95,9.975,9.9,9.975,23738
439,9.925,9.975,9.9,9.975,3900
440,9.95,9.95,9.9,9.9,2295
441,9.925,9.95,9.9,9.9,4440
442,9.9,9.95,9.9,9.925,2050
443,9.85,9.95,9.8,9.925,48227
444,9.85,9.85,9.8,9.845,500
445,9.825,9.85,9.8,9.8,4006
446,9.825,9.85,9.8,9.825,9100
447,9.825,9.85,9.8,9.825,3850
448,9.825,9.85,9.8,9.85,4700
449,9.825,9.85,9.8,9.825,2100
450,9.85,9.85,9.8,9.8,4440
451,9.8,9.85,9.8,9.85,1400
452,9.825,9.85,9.8,9.825,4730
453,9.875,9.875,9.8,9.8,46949
454,9.9,9.9,9.85,9.8602,11391
455,9.9,9.9,9.85,9.9,1200
456,9.95,9.95,9.875,9.9,10270
457,9.9,9.95,9.9,9.925,2500
458,9.85,9.95,9.85,9.95,11335
459,9.875,9.875,9.85,9.85,1400
460,9.875,9.9,9.85,9.9,1000
461,9.85,9.9,9.85,9.85,2400
462,9.875,9.9,9.85,9.85,1300
463,9.85,9.9,9.85,9.875,2000
464,9.85,9.875,9.85,9.85,1400
465,9.9,9.9,9.85,9.875,10441
466,9.9,9.9,9.85,9.9,27315
467,9.825,9.9,9.8,9.85,17991
468,9.8,9.85,9.8,9.825,5900
469,9.9,9.9,9.8,9.85,22068
470,9.875,9.9445,9.85,9.875,46079
471,9.95,9.95,9.85,9.9,97715
864,10,10,10,10,2087
865,10.1,10.1,9.9,10,3600
866,9.95,10.075,9.95,10.075,2400
867,9.95,9.975,9.95,9.975,5200
868,9.925,9.95,9.9,9.95,1999
869,9.925,9.95,9.9,9.925,3467
870,9.95,9.95,9.925,9.95,600
871,9.95,10,9.95,9.95,3916
872,9.975,10,9.95,9.95,1300
873,9.975,9.975,9.975,9.975,200
874,9.975,9.975,9.95,9.95,700
875,9.975,10,9.95,9.9795,2010
876,9.95,10,9.9,9.95,10419
877,9.925,9.95,9.925,9.925,2200
878,9.925,9.95,9.925,9.95,700
879,9.925,9.95,9.9,9.95,3000
880,9.975,10,9.925,9.95,12416
881,9.975,9.975,9.95,9.975,658
882,9.975,10,9.95,10,400
883,9.95,9.98,9.9,9.975,18239
884,9.95,9.95,9.925,9.925,3400
885,10,10,9.9,9.925,7300
886,9.975,10,9.95,10,1500
887,10,10,9.95,9.975,1800
888,9.975,10,9.95,10,3100
889,9.975,10,9.95,9.975,3800
890,10,10,9.95,9.9675,3101
891,9.975,10,9.95,9.975,2100
892,9.975,10,9.95,10,3800
893,9.975,10,9.975,9.975,2700
894,9.975,10,9.95,9.975,3200
895,9.975,10,9.95,10,3690
896,9.975,10,9.95,10,3100
897,10,10,9.95,10,2420
898,9.975,10,9.95,10,2901
899,9.975,10,9.95,10,3600
900,10.025,10.05,9.975,10,13847
901,10.025,10.05,10.025,10.05,3419
902,10.05,10.05,10,10.05,4200
903,10,10.05,9.95,10.025,106390
a1497965400,9.85,9.95,9.85,9.95,1546
1,9.9,10,9.8,9.85,11428
2,9.8,9.95,9.8,9.925,11960
3,9.85,9.85,9.8,9.8,1200
4,9.775,9.8,9.75,9.8,13545
5,9.8,9.8,9.775,9.8,2215
6,9.775,9.8,9.775,9.8,1100
7,9.8,9.8,9.75,9.775,35370
8,9.8,9.85,9.755,9.8,62898
9,9.8,9.85,9.8,9.8,4300
10,9.775,9.85,9.75,9.8,8666
11,9.75,9.8,9.75,9.75,2160
12,9.745,9.775,9.7,9.75,10759
13,9.725,9.75,9.7,9.7,6000
14,9.75,9.75,9.7,9.725,5412
15,9.7,9.75,9.7,9.725,10739
16,9.725,9.725,9.7,9.725,3900
17,9.675,9.725,9.675,9.725,18416
18,9.65,9.7,9.6,9.7,39112
19,9.7,9.75,9.675,9.675,21520
20,9.7,9.75,9.7,9.725,10650
21,9.775,9.8,9.7,9.75,9964
22,9.775,9.8,9.775,9.8,900
23,9.8,9.8,9.75,9.775,2500
24,9.8,9.8,9.75,9.8,2569
25,9.7657,9.85,9.75,9.8,19979
26,9.8,9.8,9.75,9.75,1600
27,9.8,9.8,9.75,9.8,9023
28,9.8,9.8,9.75,9.8,2400
29,9.775,9.8,9.75,9.8,2600
30,9.75,9.8,9.7,9.75,7898
31,9.75,9.75,9.725,9.725,4400
32,9.775,9.8,9.7,9.75,18674
33,9.75,9.8,9.75,9.775,6079
34,9.725,9.775,9.7,9.775,24541
35,9.75,9.75,9.7,9.725,3500
36,9.75,9.75,9.7,9.75,5290
37,9.75,9.75,9.7,9.7,5779
38,9.75,9.75,9.7,9.75,8553
39,9.7,9.75,9.7,9.75,56217
144,9.7,9.7,9.7,9.7,1411
145,9.675,9.8,9.6,9.8,18000
146,9.65,9.7,9.6,9.7,12148
147,9.7,9.7,9.675,9.675,800
148,9.775,9.8,9.65,9.7,32529
149,9.775,9.8,9.7,9.8,6100
150,9.725,9.75,9.7,9.725,5808
151,9.775,9.8,9.7,9.75,17242
152,9.85,9.85,9.8,9.8,5885
153,9.75,9.825,9.7,9.8,36546
154,9.75,9.775,9.7,9.75,21632
155,9.675,9.775,9.65,9.75,41867
156,9.7,9.75,9.65,9.675,15748
157,9.7,9.7,9.65,9.7,3702
158,9.7,9.725,9.65,9.7,10933
159,9.7,9.7,9.65,9.675,8564
160,9.675,9.7,9.65,9.675,5300
161,9.7,9.7,9.65,9.7,5501
162,9.7,9.7,9.65,9.7,5200
163,9.75,9.75,9.65,9.675,16698
164,9.725,9.75,9.7,9.75,6650
165,9.675,9.775,9.65,9.75,41000
166,9.7,9.7,9.65,9.675,14724
167,9.675,9.7,9.65,9.7,10191
168,9.675,9.7,9.65,9.675,3600
169,9.675,9.7,9.65,9.7,12394
170,9.625,9.7,9.6,9.675,37943
171,9.65,9.65,9.6,9.625,2000
172,9.55,9.65,9.55,9.625,52623
173,9.55,9.575,9.55,9.55,5637
174,9.5,9.6,9.5,9.575,55399
175,9.55,9.55,9.5,9.5,6346
176,9.525,9.575,9.5,9.5,14220
177,9.525,9.575,9.5,9.55,15736
178,9.55,9.55,9.5,9.55,10500
179,9.55,9.55,9.525,9.55,4500
180,9.55,9.55,9.5,9.55,22816
181,9.55,9.55,9.5,9.55,5500
182,9.55,9.6,9.5,9.55,52045
183,9.65,9.65,9.45,9.525,233999
288,9.65,9.65,9.65,9.65,3052
289,9.6,9.8,9.6,9.8,2949
290,9.5,9.55,9.5,9.55,5600
291,9.575,9.6,9.55,9.575,3000
292,9.55,9.6,9.55,9.55,500
293,9.575,9.6,9.55,9.55,300
294,9.5,9.6,9.5,9.6,3200
295,9.5,9.525,9.5,9.5,1579
296,9.5,9.525,9.5,9.5,700
297,9.55,9.6,9.5,9.5,32335
298,9.5,9.55,9.5,9.5,18644
299,9.475,9.55,9.45,9.525,29864
300,9.45,9.5,9.45,9.475,3200
301,9.475,9.5,9.45,9.475,1292
302,9.45,9.475,9.45,9.45,3300
303,9.45,9.475,9.45,9.45,1700
304,9.475,9.5,9.45,9.475,8550
305,9.5,9.525,9.45,9.475,33994
306,9.525,9.5297,9.45,9.525,35275
307,9.525,9.525,9.5,9.525,2000
308,9.525,9.55,9.5,9.525,1300
309,9.525,9.55,9.5,9.525,1300
310,9.5,9.55,9.5,9.525,2800
311,9.525,9.55,9.5,9.525,2187
312,9.55,9.55,9.5,9.525,12159
313,9.55,9.55,9.5,9.525,2921
314,9.525,9.55,9.5,9.525,5649
315,9.5,9.525,9.5,9.525,800
316,9.525,9.55,9.5,9.525,2363
317,9.525,9.55,9.5,9.55,7610
318,9.525,9.55,9.525,9.525,700
319,9.5,9.55,9.5,9.525,2800
320,9.575,9.6,9.5,9.525,23767
321,9.6,9.6,9.55,9.6,7110
322,9.6,9.65,9.6,9.625,3616
323,9.55,9.625,9.55,9.625,6301
324,9.55,9.6,9.55,9.55,5750
325,9.575,9.6,9.55,9.575,5000
326,9.5,9.6,9.5,9.55,21528
327,9.5,9.55,9.5,9.525,71057
432,9.45,9.45,9.45,9.45,5508
433,9.5,9.625,9.35,9.45,12600
434,9.6,9.6,9.45,9.55,7529
435,9.6,9.6,9.55,9.575,500
436,9.6,9.6,9.55,9.6,1400
437,9.6,9.6,9.575,9.575,400
438,9.6253,9.65,9.6,9.6,5950
439,9.75,9.75,9.6,9.65,255900
440,9.7,9.75,9.65,9.725,26049
441,9.7,9.7,9.65,9.65,900
442,9.625,9.725,9.625,9.65,19043
443,9.65,9.7,9.6,9.6138,31570
444,9.65,9.65,9.65,9.65,13072
445,9.65,9.65,9.6,9.65,3000
446,9.65,9.65,9.6,9.65,1500
447,9.65,9.65,9.6,9.6,1900
448,9.65,9.65,9.6,9.65,1800
449,9.65,9.65,9.6,9.6,2300
450,9.625,9.65,9.6,9.625,1300
451,9.65,9.65,9.6,9.65,2500
452,9.625,9.675,9.6,9.65,20500
453,9.65,9.65,9.6,9.6,3100
454,9.65,9.65,9.6,9.6,1400
455,9.625,9.65,9.6,9.625,19514
456,9.65,9.65,9.6,9.65,800
457,9.625,9.675,9.6,9.6,31802
458,9.65,9.65,9.6,9.625,27208
459,9.65,9.65,9.6,9.625,2200
460,9.625,9.65,9.6,9.625,2421
461,9.6,9.625,9.6,9.6,2520
462,9.625,9.65,9.6,9.625,2900
463,9.65,9.65,9.6,9.65,2000
464,9.6428,9.65,9.6,9.625,3060
465,9.625,9.65,9.6,9.65,8469
466,9.65,9.7,9.6,9.65,27456
467,9.6,9.65,9.6,9.65,36993
468,9.6,9.65,9.55,9.6,12201
469,9.625,9.65,9.6,9.625,3900
470,9.625,9.65,9.6,9.6,9685
471,9.6,9.65,9.6,9.625,109870
864,9.6,9.6,9.6,9.6,9350
865,9.65,9.7,9.5,9.55,17909
866,9.6,9.7,9.6,9.7,1951
867,9.6,9.65,9.6,9.625,2750
868,9.575,9.6,9.55,9.6,8225
869,9.5,9.6,9.5,9.6,4417
870,9.5,9.55,9.5,9.525,1000
871,9.525,9.55,9.5,9.5205,5100
872,9.45,9.525,9.45,9.5,16182
873,9.375,9.45,9.35,9.45,9373
874,9.4,9.45,9.4,9.4,15320
875,9.45,9.45,9.4,9.4,8902
876,9.45,9.5,9.45,9.45,2500
877,9.5,9.5,9.45,9.45,1100
878,9.525,9.55,9.45,9.5,4748
879,9.5,9.55,9.5,9.525,1100
880,9.55,9.55,9.5,9.525,600
881,9.525,9.55,9.5,9.55,1800
882,9.5,9.55,9.5,9.525,800
883,9.55,9.55,9.51,9.55,800
884,9.5,9.55,9.5,9.55,2719
885,9.525,9.55,9.525,9.55,700
886,9.525,9.55,9.5,9.525,14800
887,9.525,9.55,9.5,9.55,7489
888,9.55,9.55,9.5,9.55,7803
889,9.6,9.6,9.55,9.55,1187
890,9.5,9.6,9.5,9.575,6400
891,9.55,9.575,9.5,9.55,11061
892,9.575,9.6,9.55,9.55,5399
893,9.575,9.575,9.5,9.575,13159
894,9.525,9.55,9.5,9.55,11736
895,9.525,9.55,9.525,9.55,1200
896,9.55,9.55,9.5,9.55,2200
897,9.525,9.6,9.5,9.525,9801
898,9.55,9.55,9.51,9.55,3038
899,9.55,9.55,9.5,9.55,6200
900,9.55,9.55,9.5,9.55,2900
901,9.525,9.55,9.5,9.525,13400
902,9.475,9.55,9.45,9.525,22689
903,9.5,9.55,9.45,9.475,155015
a1498570200,9.5,9.5,9.5,9.5,1440
1,9.45,9.55,9.35,9.4,17781
2,9.4,9.45,9.35,9.4,18502
3,9.425,9.45,9.35,9.4,21342
4,9.425,9.45,9.375,9.4,20540
5,9.4,9.425,9.4,9.425,5300
6,9.4,9.45,9.4,9.4,16562
7,9.4,9.45,9.375,9.4,21680
8,9.4,9.45,9.4,9.425,6600
9,9.425,9.45,9.4,9.425,8800
10,9.425,9.45,9.4,9.4,2800
11,9.425,9.45,9.4,9.4,4478
12,9.425,9.45,9.4,9.4,2256
13,9.45,9.45,9.4,9.425,3200
14,9.425,9.45,9.4249,9.425,2050
15,9.4,9.45,9.4,9.4,1900
16,9.425,9.425,9.4,9.425,900
17,9.475,9.5,9.45,9.45,8100
18,9.45,9.5,9.45,9.475,1500
19,9.475,9.5,9.45,9.4756,1500
20,9.475,9.5,9.45,9.475,1400
21,9.45,9.5,9.45,9.45,12219
22,9.425,9.475,9.425,9.475,2200
23,9.425,9.45,9.4,9.45,3900
24,9.425,9.45,9.425,9.425,1900
25,9.4,9.45,9.375,9.45,17651
26,9.425,9.43,9.4,9.425,18675
27,9.425,9.425,9.4,9.4,600
28,9.45,9.45,9.425,9.425,5545
29,9.4,9.45,9.4,9.45,3785
30,9.45,9.45,9.4,9.4,1600
31,9.45,9.45,9.4228,9.45,1200
32,9.475,9.475,9.425,9.45,13691
33,9.425,9.5,9.425,9.475,5282
34,9.425,9.45,9.4,9.425,3400
35,9.4,9.45,9.4,9.4,1600
36,9.4,9.425,9.35,9.425,31180
37,9.375,9.425,9.325,9.4,146746
38,9.3,9.3729,9.3,9.35,50300
39,9.3,9.35,9.3,9.325,76233
144,9.4,9.4,9.4,9.4,1636
145,9.35,9.35,9.3,9.3,300
146,9.35,9.4,9.35,9.35,46152
147,9.325,9.35,9.3,9.35,3600
148,9.35,9.4,9.3,9.35,20852
149,9.425,9.425,9.3,9.35,18527
150,9.35,9.45,9.35,9.45,8555
151,9.375,9.4,9.35,9.375,1100
152,9.45,9.45,9.375,9.4,5300
153,9.45,9.45,9.4,9.45,1726
154,9.475,9.5,9.4,9.45,3300
155,9.5,9.5,9.45,9.5,1300
156,9.5,9.55,9.45,9.5,38055
157,9.5,9.5,9.45,9.5,1500
158,9.5,9.5,9.45,9.5,600
159,9.5,9.5,9.475,9.5,2469
160,9.475,9.525,9.45,9.5,36702
161,9.5,9.6,9.475,9.5,86745
162,9.55,9.55,9.5,9.55,1300
163,9.55,9.55,9.505,9.545,4669
164,9.55,9.55,9.55,9.55,1400
165,9.65,9.65,9.575,9.575,4700
166,9.65,9.65,9.625,9.65,2200
167,9.6,9.65,9.6,9.65,1913
168,9.6,9.6,9.575,9.6,7638
169,9.6,9.6,9.55,9.6,1600
170,9.6,9.6,9.55,9.55,12940
171,9.55,9.6,9.55,9.55,1253
172,9.575,9.6,9.55,9.55,3936
173,9.575,9.6,9.55,9.55,2700
174,9.6,9.6,9.55,9.575,802
175,9.6,9.6,9.575,9.575,1500
176,9.575,9.6,9.525,9.575,31722
177,9.6,9.6,9.55,9.55,1100
178,9.6,9.6,9.55,9.55,2380
179,9.6,9.65,9.55,9.6,6129
180,9.65,9.65,9.6,9.6,3781
181,9.65,9.65,9.6,9.65,3100
182,9.625,9.65,9.6,9.625,8900
183,9.65,9.65,9.6,9.625,58686
288,9.65,9.65,9.65,9.65,1259
289,9.5,9.6,9.45,9.6,4643
290,9.55,9.55,9.545,9.55,2850
291,9.5,9.55,9.5,9.55,400
292,9.45,9.55,9.45,9.55,6637
293,9.5,9.5,9.475,9.5,800
294,9.5,9.5,9.45,9.45,200
295,9.475,9.5,9.45,9.475,5340
296,9.5,9.5,9.45,9.45,1059
297,9.475,9.475,9.45,9.475,700
298,9.425,9.5,9.4,9.45,6092
299,9.4,9.425,9.35,9.425,6443
300,9.355,9.4,9.35,9.375,1800
301,9.325,9.375,9.3,9.35,9154
302,9.35,9.35,9.3,9.35,6000
303,9.35,9.35,9.3,9.3,1100
304,9.3197,9.35,9.25,9.3,14851
305,9.3,9.325,9.3,9.325,1800
306,9.35,9.35,9.3,9.325,1100
307,9.35,9.35,9.3,9.35,1100
308,9.35,9.35,9.3,9.325,1300
309,9.35,9.35,9.3,9.3,400
310,9.275,9.35,9.275,9.35,15686
311,9.25,9.3,9.25,9.25,2900
312,9.25,9.35,9.25,9.25,56819
313,9.275,9.3,9.25,9.25,4281
314,9.3,9.3,9.25,9.3,1015
315,9.325,9.325,9.275,9.3,14535
316,9.35,9.35,9.3,9.325,15961
317,9.35,9.35,9.3,9.325,400
318,9.35,9.35,9.3,9.3,1300
319,9.3,9.35,9.3,9.35,1973
320,9.325,9.35,9.3,9.325,4000
321,9.35,9.35,9.325,9.35,800
322,9.3,9.35,9.3,9.35,172800
323,9.35,9.35,9.3,9.3,1800
324,9.3,9.35,9.3,9.35,3500
325,9.4,9.4,9.3,9.35,7856
326,9.375,9.4,9.35,9.4,12500
327,9.35,9.4,9.35,9.375,51994
432,9.4,9.4,9.4,9.4,3521
433,9.375,9.4,9.35,9.3705,1400
434,9.425,9.45,9.35,9.35,5400
435,9.425,9.45,9.4,9.45,18295
436,9.45,9.45,9.4,9.425,4400
437,9.375,9.45,9.375,9.425,9967
438,9.4,9.4,9.35,9.375,4500
439,9.375,9.4,9.35,9.375,7000
440,9.35,9.4,9.35,9.375,9800
441,9.35,9.45,9.35,9.375,64211
442,9.35,9.4,9.35,9.35,16103
443,9.325,9.375,9.3,9.35,12600
444,9.325,9.35,9.3,9.325,5600
445,9.325,9.35,9.3,9.325,3281
446,9.35,9.375,9.325,9.325,16945
447,9.375,9.4,9.35,9.4,2700
448,9.375,9.375,9.35,9.375,1900
449,9.4,9.4,9.35,9.375,4600
450,9.425,9.45,9.35,9.375,12027
451,9.425,9.45,9.405,9.425,3281
452,9.425,9.425,9.4,9.425,1700
453,9.425,9.45,9.4,9.425,2000
454,9.425,9.4384,9.4,9.425,2900
455,9.4,9.45,9.4,9.425,1700
456,9.475,9.475,9.425,9.425,8002
457,9.475,9.475,9.45,9.475,1800
458,9.475,9.475,9.45,9.475,2100
459,9.45,9.5,9.45,9.475,3400
460,9.475,9.5,9.45,9.475,2660
461,9.45,9.475,9.45,9.475,1500
462,9.45,9.5,9.45,9.475,12700
463,9.35,9.475,9.35,9.45,40029
464,9.325,9.35,9.3,9.35,22830
465,9.375,9.4,9.3,9.3,41960
466,9.375,9.4,9.35,9.375,16100
467,9.375,9.375,9.35,9.375,3300
468,9.425,9.45,9.375,9.375,84861
469,9.425,9.45,9.4,9.425,4300
470,9.425,9.475,9.4,9.45,31937
471,9.4,9.45,9.35,9.425,105451
864,9.35,9.35,9.35,9.35,27210
865,9.45,9.45,9.3,9.3,10338
866,9.35,9.45,9.35,9.45,9100
867,9.4,9.4,9.375,9.4,1600
868,9.35,9.4,9.325,9.4,33859
869,9.375,9.4,9.35,9.375,6200
870,9.375,9.4,9.35,9.35,2700
871,9.4,9.4,9.35,9.4,3900
872,9.375,9.4,9.35,9.375,26400
873,9.375,9.4,9.35,9.4,3250
874,9.325,9.4,9.325,9.375,16001
875,9.325,9.35,9.3,9.35,5400
876,9.325,9.35,9.3,9.325,10130
877,9.325,9.35,9.3,9.35,6800
878,9.35,9.35,9.325,9.35,2370
879,9.4,9.4,9.325,9.325,9500
880,9.4,9.4,9.35,9.375,18069
881,9.375,9.4,9.35,9.375,6600
882,9.375,9.4,9.35,9.375,5203
883,9.375,9.4,9.35,9.375,4500
884,9.375,9.4,9.35,9.375,12373
885,9.4,9.5,9.35,9.375,128488
a1499261400,9.4,9.4,9.4,9.4,4325
1,9.45,9.5,9.4,9.4,2500
2,9.35,9.4,9.35,9.4,13570
3,9.375,9.4,9.3,9.375,12700
4,9.375,9.4,9.35,9.375,9750
5,9.4,9.4,9.375,9.4,2700
6,9.45,9.45,9.375,9.4,20409
7,9.4,9.425,9.4,9.4,9478
8,9.4,9.425,9.4,9.4,2270
9,9.4,9.45,9.35,9.4,14947
10,9.4,9.4269,9.4,9.4,1002
11,9.4,9.4156,9.4,9.4,811
12,9.4,9.425,9.4,9.4,697
13,9.4,9.425,9.4,9.425,3700
14,9.475,9.475,9.4,9.4,14600
15,9.45,9.4622,9.45,9.4622,10582
16,9.45,9.475,9.425,9.45,12032
17,9.45,9.475,9.45,9.45,1715
18,9.45,9.475,9.45,9.45,2710
19,9.45,9.475,9.45,9.45,3317
20,9.45,9.5,9.45,9.475,4600
21,9.45,9.475,9.45,9.45,2257
22,9.45,9.475,9.45,9.45,1700
23,9.45,9.475,9.45,9.475,2581
24,9.525,9.525,9.45,9.475,31381
25,9.5,9.55,9.5,9.525,900
26,9.5,9.55,9.5,9.525,5400
27,9.5,9.525,9.5,9.525,1300
28,9.55,9.55,9.475,9.5,32909
29,9.525,9.55,9.5,9.5,3558
30,9.5,9.525,9.5,9.5,2600
31,9.575,9.575,9.5,9.5,8680
32,9.55,9.6,9.55,9.575,6000
33,9.5,9.58,9.5,9.55,12287
34,9.5,9.55,9.5,9.5,3900
35,9.5,9.55,9.5,9.525,9600
36,9.5,9.55,9.5,9.5,4400
37,9.525,9.55,9.5,9.5,9945
38,9.525,9.55,9.5,9.525,10119
39,9.5,9.55,9.5,9.525,56700
