EXCHANGE%3DNASDAQ
MARKET_OPEN_MINUTE=570
MARKET_CLOSE_MINUTE=960
INTERVAL=600
COLUMNS=DATE,CLOSE,HIGH,LOW,OPEN,VOLUME
DATA=
TIMEZONE_OFFSET=-240
a1493127000,1.9,1.9,1.9,1.9,256
2,1.95,1.95,1.95,1.95,100
4,1.9381,1.9381,1.9381,1.9381,280
5,1.9175,1.9175,1.9175,1.9175,440
6,1.95,1.95,1.95,1.95,100
11,1.9,1.9,1.9,1.9,940
15,1.925,1.925,1.925,1.925,297
25,1.925,1.94,1.9,1.94,1125
31,1.9242,1.9242,1.9242,1.9242,800
39,1.95,1.95,1.9,1.9,390
144,1.95,1.95,1.95,1.95,1000
149,1.9,1.925,1.9,1.925,500
151,1.95,1.95,1.95,1.95,100
153,1.9,1.9,1.9,1.9,300
154,1.945,1.95,1.925,1.925,3551
156,1.95,1.95,1.95,1.95,100
158,1.9,1.9195,1.9,1.9195,400
159,1.95,1.95,1.95,1.95,100
163,1.9,1.9,1.9,1.9,100
171,1.95,1.95,1.95,1.95,126
173,1.925,1.925,1.9129,1.9129,1100
174,1.925,1.925,1.925,1.925,140
176,1.9129,1.95,1.9,1.95,1081
177,1.92,1.92,1.92,1.92,841
179,1.95,1.95,1.95,1.95,100
181,1.9157,1.925,1.9157,1.925,310
183,1.9,1.95,1.9,1.95,2193
288,1.95,1.95,1.95,1.95,1071
291,1.95,1.95,1.95,1.95,100
298,1.9,1.925,1.9,1.925,2800
303,1.9,1.92,1.9,1.92,10400
304,1.9,1.91,1.9,1.9,10100
305,1.925,1.925,1.925,1.925,3200
313,1.925,1.925,1.925,1.925,200
317,1.925,1.925,1.925,1.925,100
318,1.925,1.95,1.925,1.95,200
322,1.925,1.925,1.925,1.925,100
323,1.925,1.925,1.925,1.925,118
324,1.91,1.91,1.91,1.91,112
326,1.925,1.925,1.925,1.925,600
327,1.9,1.95,1.9,1.925,1359
434,1.925,1.95,1.925,1.95,6100
435,1.96,1.96,1.95,1.95,22468
436,2,2,2,2,100
437,1.975,1.975,1.975,1.975,4000
438,1.975,1.975,1.975,1.975,100
439,1.975,1.975,1.975,1.975,200
440,2,2,1.95,1.962,39486
441,1.975,1.975,1.975,1.975,830
443,2,2,1.95,1.95,4831
445,2,2.05,2,2,7900
446,2,2,2,2,5125
447,1.95,2.005,1.95,2,11233
449,1.95,1.95,1.95,1.95,100
450,1.964,1.964,1.964,1.964,1000
456,1.99,1.99,1.99,1.99,670
458,2,2,2,2,100
459,1.95,1.9646,1.95,1.9646,600
463,2,2,2,2,192
468,1.95,1.955,1.95,1.955,3400
469,1.96,1.96,1.96,1.96,490
471,2,2,1.95,1.95,3505
864,1.95,1.95,1.95,1.95,1571
865,1.95,1.95,1.95,1.95,100
872,1.95,1.95,1.95,1.95,300
873,1.95,1.95,1.95,1.95,100
874,1.95,1.95,1.95,1.95,100
880,1.92,1.92,1.92,1.92,500
883,1.9,1.9,1.9,1.9,420
893,1.931,1.931,1.9119,1.9119,1850
896,1.95,1.95,1.95,1.95,100
899,1.95,2,1.95,1.95,6851
900,1.95,1.95,1.95,1.95,3444
901,1.95,1.95,1.95,1.95,100
903,1.9,1.95,1.9,1.9,500
a1493731800,1.9,1.9,1.9,1.9,520
2,1.925,1.925,1.925,1.925,380
5,1.9,1.9,1.9,1.9,300
6,1.9,1.9,1.9,1.9,100
7,1.9,1.9,1.9,1.9,540
9,1.9,1.9,1.9,1.9,100
12,1.884,1.884,1.884,1.884,420
16,1.95,1.95,1.95,1.95,200
20,1.95,1.95,1.95,1.95,100
29,1.9,1.9,1.9,1.9,5000
33,1.905,1.905,1.905,1.905,1000
36,1.95,1.95,1.95,1.95,300
37,1.95,1.95,1.95,1.95,1763
38,1.9,1.925,1.9,1.9,6382
39,1.95,1.95,1.9,1.9,2662
144,1.9,1.9,1.9,1.9,126
146,1.95,1.95,1.95,1.95,100
152,1.95,1.95,1.95,1.95,200
156,1.95,1.95,1.95,1.95,100
158,1.85,1.85,1.85,1.85,300
161,1.9,1.95,1.9,1.9,1622
162,1.95,1.95,1.9,1.9,300
173,1.95,1.95,1.95,1.95,600
174,1.9,1.9,1.9,1.9,494
176,1.95,1.95,1.95,1.95,100
177,1.9157,1.9157,1.9157,1.9157,100
179,1.95,1.95,1.9,1.95,4000
180,1.95,1.95,1.95,1.95,3400
181,1.95,1.95,1.945,1.95,6585
183,1.9,1.95,1.9,1.95,700
288,1.85,1.85,1.85,1.85,700
289,1.86,1.9,1.85,1.85,4879
290,1.95,1.95,1.95,1.95,100
292,1.9,1.9,1.9,1.9,204
301,1.925,1.95,1.9,1.923,1292
303,1.95,1.95,1.9,1.9,275
306,1.95,1.95,1.925,1.925,200
311,1.925,1.925,1.925,1.925,100
312,1.95,1.95,1.925,1.925,200
315,1.925,1.925,1.925,1.925,100
317,1.95,1.95,1.9,1.9,225
324,1.925,1.95,1.925,1.925,5977
325,1.91,1.925,1.91,1.925,829
326,1.95,1.95,1.95,1.95,100
327,1.9,1.95,1.9,1.95,300
432,1.85,1.85,1.85,1.85,1304
433,1.9,1.9,1.9,1.9,300
434,1.9,1.9,1.9,1.9,100
436,1.9,1.9,1.9,1.9,100
437,1.9,1.9,1.9,1.9,1100
438,1.9,1.9,1.9,1.9,100
440,1.9,1.9,1.9,1.9,100
442,1.9,1.9,1.9,1.9,100
443,1.9,1.9,1.9,1.9,100
444,1.95,1.95,1.95,1.95,300
446,1.9,1.9,1.9,1.9,100
448,1.9,1.9,1.9,1.9,200
450,1.9,1.9,1.9,1.9,200
452,1.9,1.9,1.9,1.9,991
453,1.9,1.9,1.9,1.9,100
454,1.9,1.9,1.9,1.9,5900
455,1.9,1.9,1.9,1.9,100
457,1.9,1.9,1.9,1.9,100
459,1.925,1.925,1.9,1.9,200
460,1.9,1.9,1.9,1.9,200
462,1.9,1.9,1.9,1.9,300
463,1.9,1.9,1.9,1.9,200
465,1.9,1.9,1.9,1.9,100
466,1.9,1.9,1.9,1.9,100
469,1.9,1.9,1.9,1.9,204
470,1.9,1.9,1.9,1.9,203
471,1.9,1.9,1.9,1.9,803
871,1.9,1.95,1.9,1.95,374
876,1.95,1.95,1.95,1.95,100
900,1.95,1.95,1.95,1.95,100
902,1.95,1.95,1.9,1.95,5829
903,1.95,2,1.95,2,658
a1494337200,1.95,1.95,1.95,1.95,1592
7,1.95,1.95,1.95,1.95,100
20,1.925,1.925,1.925,1.925,200
21,1.9,1.925,1.9,1.925,5200
24,1.9,1.91,1.9,1.91,3100
25,1.925,1.925,1.9,1.925,500
26,1.9168,1.95,1.9168,1.95,240
28,1.925,1.95,1.925,1.95,1420
37,1.925,1.925,1.924,1.924,410
38,1.9,1.95,1.9,1.925,512
143,1.95,1.95,1.95,1.95,600
158,1.95,1.95,1.95,1.95,100
165,1.95,1.95,1.95,1.95,200
166,1.95,1.95,1.95,1.95,100
174,1.925,1.925,1.9,1.9,200
181,1.95,1.95,1.9,1.95,4482
182,1.95,1.95,1.925,1.925,200
287,1.95,1.95,1.95,1.95,423
291,1.93,1.93,1.93,1.93,300
292,1.9,1.9,1.9,1.9,100
297,1.92,1.92,1.92,1.92,841
305,1.95,1.95,1.95,1.95,200
308,1.914,1.914,1.914,1.914,2000
318,1.95,1.95,1.95,1.95,100
320,1.925,1.925,1.925,1.925,100
323,1.9,1.925,1.9,1.925,700
325,1.925,1.95,1.925,1.925,1300
326,1.9,1.9,1.9,1.9,200
431,1.9,1.9,1.9,1.9,6678
432,1.9,1.9,1.9,1.9,100
435,1.925,1.925,1.925,1.925,4003
439,1.9,1.938,1.9,1.938,6600
448,1.95,1.95,1.95,1.95,125
453,1.95,1.95,1.925,1.925,200
456,1.9,1.925,1.9,1.925,947
459,1.9,1.9154,1.9,1.9154,2239
465,1.9,1.95,1.9,1.925,10400
468,1.91,1.94,1.91,1.94,600
470,1.95,1.95,1.9,1.925,800
870,1.9,1.9,1.9,1.9,100
872,1.94,1.95,1.94,1.95,5100
875,1.91,1.91,1.9,1.9,2000
881,1.9,1.9,1.9,1.9,100
883,1.91,1.95,1.9,1.95,3513
888,1.925,1.95,1.925,1.925,10200
892,1.9,1.94,1.9,1.94,1100
896,1.925,1.925,1.925,1.925,100
897,1.925,1.925,1.925,1.925,150
900,1.95,1.95,1.95,1.95,100
901,1.95,1.95,1.9,1.95,15050
902,1.95,1.95,1.95,1.95,784
a1494941400,1.95,1.95,1.95,1.95,200
5,1.95,1.95,1.95,1.95,3100
7,1.9,1.9,1.9,1.9,1164
12,1.91,1.91,1.91,1.91,921
23,1.95,1.95,1.925,1.925,250
24,1.9295,1.9295,1.9295,1.9295,2000
32,1.9,1.925,1.9,1.925,692
38,1.925,1.925,1.925,1.925,500
39,1.9,1.9,1.9,1.9,100
144,1.9,1.9,1.9,1.9,368
154,1.91,1.91,1.91,1.91,2800
156,1.9383,1.9383,1.9383,1.9383,900
164,1.95,1.95,1.95,1.95,100
168,1.918,1.918,1.918,1.918,257
181,1.95,1.95,1.95,1.95,140
183,1.95,1.95,1.9,1.925,983
288,1.95,1.95,1.95,1.95,514
291,1.95,1.95,1.95,1.95,100
296,1.925,1.95,1.925,1.925,8189
297,1.9,1.9,1.9,1.9,141
298,1.925,1.925,1.925,1.925,300
299,1.9,1.925,1.9,1.925,300
301,1.9,1.9,1.9,1.9,102
304,1.925,1.925,1.925,1.925,100
305,1.9,1.9,1.9,1.9,100
307,1.94,1.94,1.94,1.94,185
308,1.925,1.925,1.925,1.925,2000
320,1.9057,1.9057,1.9,1.9,4500
322,1.925,1.95,1.9,1.925,811
324,1.925,1.95,1.925,1.95,1700
325,1.925,1.925,1.921,1.921,1162
327,1.9,1.95,1.9,1.95,41338
432,1.9,1.9,1.9,1.9,202
438,1.9,1.9,1.9,1.9,100
439,1.95,1.95,1.95,1.95,100
443,1.9,1.925,1.85,1.925,53377
444,1.9,1.9,1.9,1.9,14400
445,1.9,1.9,1.8628,1.8628,1700
447,1.9,1.9,1.9,1.9,100
456,1.9178,1.9178,1.9178,1.9178,1000
461,1.9,1.9,1.9,1.9,100
462,1.95,1.95,1.95,1.95,600
464,1.95,1.95,1.929,1.929,426
465,1.95,1.95,1.95,1.95,200
468,1.9,1.9,1.9,1.9,107
469,1.95,1.95,1.925,1.95,24267
470,1.95,1.95,1.9,1.95,23609
471,2.05,2.05,2,2,9498
864,1.95,1.95,1.95,1.95,1307
865,1.905,1.905,1.905,1.905,400
866,2.05,2.05,2.025,2.025,1433
867,2,2,2,2,500
868,1.95,1.95,1.95,1.95,300
869,1.95,2,1.95,1.95,1400
870,1.95,1.95,1.95,1.95,100
874,1.96,1.96,1.95,1.95,200
875,1.95,1.95,1.95,1.95,9600
877,1.95,1.95,1.95,1.95,100
879,1.95,1.95,1.95,1.95,1793
880,1.95,1.95,1.95,1.95,1531
881,1.95,1.95,1.95,1.95,1000
882,1.95,2,1.95,1.95,8106
883,1.95,1.95,1.95,1.95,900
884,1.95,1.95,1.95,1.95,1000
885,1.95,1.95,1.95,1.95,900
886,1.95,1.95,1.95,1.95,1000
887,1.95,1.95,1.95,1.95,1000
888,1.95,1.975,1.95,1.95,900
889,1.95,1.95,1.95,1.95,1000
890,1.95,1.95,1.95,1.95,1000
891,1.95,1.95,1.95,1.95,1000
892,1.95,1.95,1.95,1.95,1200
893,1.95,1.95,1.95,1.95,1100
894,1.95,1.95,1.95,1.95,2500
895,1.95,1.95,1.95,1.95,1200
896,1.95,1.95,1.95,1.95,1200
897,1.95,1.95,1.95,1.95,1200
898,1.95,1.95,1.95,1.95,1400
899,1.95,1.9682,1.95,1.95,1600
900,1.95,1.95,1.95,1.95,6772
902,1.95,1.95,1.95,1.95,1400
903,2,2.05,1.95,1.95,35090
a1495546200,2.05,2.05,2.05,2.05,1450
2,2.0175,2.0175,2.0175,2.0175,1000
5,2.05,2.05,2.05,2.05,200
7,2.025,2.045,2.02,2.045,5100
9,2,2,2,2,100
13,2.0085,2.0085,2.0085,2.0085,308
14,2,2.015,2,2.015,1100
24,2.05,2.05,2.05,2.05,250
25,2.05,2.05,2.05,2.05,100
26,2.012,2.012,2.0075,2.0075,1427
29,2.04,2.04,2.025,2.025,622
31,2.05,2.05,2.05,2.05,100
36,2.02,2.02,2.02,2.02,1000
38,2.025,2.025,2.025,2.025,100
39,2.05,2.05,2,2.04,8759
144,2.05,2.05,2.05,2.05,1000
180,2.05,2.05,2.05,2.05,200
183,2.05,2.05,2.05,2.05,600
288,2,2,2,2,1000
291,2.013,2.013,2.013,2.013,6000
293,2,2,2,2,3578
294,2,2,2,2,6622
298,2.05,2.05,2.005,2.005,600
301,2,2,2,2,17998
302,2.014,2.014,2.014,2.014,100
304,2,2,2,2,13300
306,2,2,2,2,53538
309,2.05,2.05,2.05,2.05,400
316,2.05,2.05,2.05,2.05,100
319,2,2,2,2,100
326,2,2.025,2,2,400
327,2.05,2.05,2,2,200
434,2,2,2,2,100
435,2.05,2.05,2.05,2.05,100
447,2.05,2.05,2.05,2.05,100
451,2.05,2.05,2,2,400
453,2,2.034,2,2.034,580
454,2,2,2,2,200
457,2.05,2.05,2.05,2.05,100
462,2.025,2.025,2.025,2.025,100
466,2.05,2.05,2.025,2.025,1313
467,2.0205,2.05,2.0205,2.05,282
470,2.025,2.025,2.025,2.025,155
471,2,2,2,2,573
a1496151000,2,2,2,2,825
1,2,2,2,2,100
10,2.05,2.05,2.05,2.05,100
15,2.03,2.03,2.03,2.03,1500
21,2.013,2.013,2.013,2.013,500
23,2.01,2.01,2.01,2.01,701
25,2.05,2.05,2.05,2.05,7769
27,2.05,2.05,2,2.01,986
29,2.05,2.05,2.05,2.05,100
30,2.05,2.05,2,2.025,6543
34,2.05,2.05,2.05,2.05,200
36,2.05,2.05,2.05,2.05,100
37,2.05,2.05,2.05,2.05,100
38,2.05,2.05,2.05,2.05,200
39,2.05,2.05,2,2,4181
150,2,2,2,2,4400
155,2.05,2.05,2.05,2.05,100
157,2,2,2,2,500
158,2,2.05,2,2,1000
159,2,2,2,2,2790
160,2,2,2,2,900
161,2,2,2,2,895
162,2,2,2,2,615
163,2,2,2,2,715
165,2,2,2,2,475
166,2,2,2,2,300
167,2,2,2,2,200
168,2,2,2,2,2000
169,2,2,2,2,405
170,2,2,2,2,690
171,2,2,2,2,985
172,2,2.05,2,2.05,1395
175,2,2,2,2,100
176,2,2,2,2,375
177,2,2.05,2,2.05,1475
178,2,2,2,2,600
179,2,2,2,2,410
180,2,2.05,2,2,10083
181,2.025,2.05,2.025,2.05,900
182,2.05,2.05,2.025,2.025,307
183,2.05,2.05,2,2,2282
292,1.9805,1.9805,1.9805,1.9805,1000
294,2,2,1.95,1.975,1961
297,2,2,2,2,360
301,1.975,1.975,1.975,1.975,100
302,1.9,2,1.9,2,500
303,1.925,1.925,1.925,1.925,100
304,1.95,1.95,1.939,1.939,2050
305,1.9381,1.9381,1.9381,1.9381,1084
307,1.925,1.95,1.9,1.925,2100
308,1.9,1.95,1.85,1.95,11901
309,1.875,1.9,1.875,1.9,2700
312,1.895,1.9,1.895,1.895,1050
314,1.925,1.95,1.9,1.9,6424
315,1.95,1.95,1.91,1.945,2200
317,1.9,1.9,1.9,1.9,3632
319,1.91,1.91,1.91,1.91,400
320,2,2,1.925,1.925,540
321,2,2,2,2,100
323,2,2,1.975,1.975,200
324,2,2,1.955,2,670
325,2,2,1.99,1.99,3047
326,2,2,2,2,300
327,1.95,2,1.95,1.98,9459
432,1.95,1.95,1.95,1.95,226
433,1.95,1.95,1.95,1.95,300
434,1.95,1.95,1.95,1.95,700
435,1.975,1.975,1.975,1.975,100
436,2,2,2,2,100
437,1.95,1.96,1.95,1.96,1100
450,2,2,1.995,1.995,4296
452,2,2,1.95,1.95,252
457,1.99,1.99,1.975,1.975,200
458,2,2,2,2,967
459,1.95,1.975,1.95,1.975,1300
462,1.96,2,1.96,2,983
467,2,2,1.96,1.96,1167
468,2,2,1.95,1.9825,1697
469,1.975,1.975,1.975,1.975,126
470,1.975,1.975,1.975,1.975,200
471,2,2,1.975,2,328
864,1.95,1.95,1.95,1.95,822
865,1.988,1.988,1.988,1.988,750
866,1.95,1.963,1.95,1.963,5964
868,1.975,2,1.975,2,3600
870,2.05,2.1,2,2,15366
871,2.0777,2.0777,2.0777,2.0777,300
872,2.075,2.075,2.075,2.075,100
873,2.0795,2.0795,2.075,2.0795,1100
874,2.3,2.5,2.075,2.1,66281
875,2.35,2.35,2.255,2.2634,18985
876,2.333,2.333,2.3248,2.3248,317
878,2.3,2.3,2.3,2.3,2092
879,2.275,2.275,2.25,2.255,8598
880,2.282,2.29,2.267,2.267,417
881,2.245,2.3,2.245,2.3,1100
883,2.2,2.225,2.2,2.225,2573
884,2.15,2.2314,2.15,2.2314,7072
885,2.15,2.1838,2.15,2.1838,600
886,2.18,2.2,2.15,2.2,2000
890,2.2,2.2,2.1747,2.1747,6095
891,2.2,2.2,2.2,2.2,100
893,2.18,2.18,2.18,2.18,200
894,2.15,2.15,2.15,2.15,386
895,2.2,2.2,2.2,2.2,970
898,2.2,2.2,2.15,2.1818,5235
899,2.2,2.2,2.195,2.2,1600
900,2.1835,2.2,2.16,2.16,2780
901,2.1195,2.2,2.1195,2.1815,1700
902,2.14,2.15,2.125,2.14,1999
903,2.2,2.2,2.05,2.1,25613
a1496755800,2.45,2.45,2.45,2.45,13490
1,2.45,2.45,2.4,2.428,928151
2,2.45,2.45,2.4,2.45,347981
3,2.45,2.45,2.4,2.45,401702
4,2.45,2.45,2.4,2.425,362406
5,2.45,2.45,2.4,2.45,194315
6,2.45,2.45,2.4,2.45,19540
7,2.45,2.45,2.4,2.45,369922
8,2.45,2.45,2.4,2.45,85296
9,2.45,2.45,2.41,2.45,259315
10,2.45,2.45,2.4,2.425,513079
11,2.45,2.45,2.41,2.425,12537
12,2.45,2.45,2.422,2.45,28700
13,2.45,2.45,2.421,2.45,104750
14,2.45,2.45,2.4,2.45,31655
15,2.45,2.45,2.425,2.45,12500
16,2.45,2.45,2.425,2.45,9257
17,2.45,2.45,2.42,2.45,3767
18,2.45,2.45,2.425,2.45,5900
19,2.4153,2.45,2.4153,2.45,1700
20,2.425,2.45,2.4,2.45,23211
21,2.45,2.45,2.425,2.425,8150
22,2.45,2.45,2.4,2.45,8580
23,2.45,2.45,2.45,2.45,1209
24,2.425,2.45,2.4,2.4328,12696
25,2.425,2.45,2.425,2.45,37362
26,2.45,2.45,2.425,2.45,3500
27,2.45,2.45,2.45,2.45,600
28,2.45,2.45,2.45,2.45,2000
29,2.45,2.45,2.425,2.45,1300
30,2.44,2.45,2.425,2.425,1100
31,2.45,2.45,2.425,2.425,10400
32,2.45,2.45,2.4,2.45,2315
33,2.45,2.45,2.45,2.45,1200
34,2.425,2.45,2.425,2.45,1884
35,2.45,2.45,2.45,2.45,7100
36,2.425,2.45,2.425,2.45,3274
37,2.45,2.45,2.425,2.45,2571
38,2.45,2.475,2.41,2.425,1631589
39,2.45,2.45,2.4,2.45,128959
144,2.4,2.4,2.4,2.4,18555
145,2.425,2.45,2.4,2.41,9776
146,2.425,2.45,2.425,2.425,17700
147,2.425,2.45,2.425,2.45,8799
148,2.425,2.45,2.425,2.425,332897
149,2.425,2.45,2.425,2.425,19555
150,2.425,2.45,2.425,2.425,108400
151,2.45,2.45,2.417,2.45,5400
152,2.45,2.45,2.4,2.425,3300
153,2.425,2.425,2.425,2.425,17770
154,2.425,2.425,2.425,2.425,100
155,2.4,2.45,2.4,2.45,310
156,2.425,2.45,2.425,2.425,6071
157,2.425,2.45,2.425,2.425,5350
158,2.425,2.45,2.425,2.425,221400
159,2.425,2.45,2.4,2.425,127300
160,2.45,2.45,2.425,2.425,33150
161,2.425,2.45,2.4,2.425,20052
162,2.425,2.4274,2.425,2.425,9800
166,2.45,2.45,2.45,2.45,1326
167,2.44,2.45,2.44,2.45,2000
168,2.45,2.45,2.425,2.425,3600
169,2.45,2.45,2.425,2.425,2100
170,2.45,2.45,2.45,2.45,100
171,2.45,2.45,2.425,2.425,6900
172,2.45,2.45,2.4,2.4,25540
173,2.4286,2.4286,2.425,2.425,200
174,2.45,2.45,2.425,2.425,1712
175,2.45,2.45,2.42,2.45,800
176,2.425,2.425,2.425,2.425,300
178,2.45,2.45,2.425,2.425,7900
179,2.45,2.45,2.425,2.425,10000
180,2.425,2.45,2.425,2.45,1000
181,2.425,2.45,2.425,2.425,1100
182,2.425,2.425,2.4,2.425,8342
183,2.4,2.45,2.4,2.425,131493
288,2.45,2.45,2.45,2.45,31426
289,2.425,2.425,2.425,2.425,7184
290,2.45,2.45,2.425,2.425,3618
291,2.425,2.428,2.425,2.428,17850
292,2.425,2.45,2.425,2.425,19150
293,2.425,2.45,2.425,2.425,206897
294,2.425,2.45,2.425,2.425,195430
295,2.425,2.425,2.425,2.425,800
296,2.425,2.425,2.425,2.425,2750
297,2.425,2.425,2.425,2.425,100
298,2.425,2.45,2.425,2.425,1800
299,2.425,2.45,2.4,2.4,3400
300,2.45,2.45,2.425,2.425,1314
301,2.425,2.45,2.425,2.425,5700
302,2.425,2.45,2.425,2.425,700
303,2.425,2.425,2.425,2.425,800
304,2.425,2.425,2.425,2.425,50900
305,2.425,2.45,2.425,2.45,1900
306,2.425,2.45,2.425,2.425,106100
307,2.45,2.45,2.425,2.425,1500
308,2.425,2.45,2.425,2.45,900
309,2.45,2.45,2.4,2.44,12900
310,2.45,2.45,2.425,2.45,1800
311,2.45,2.45,2.425,2.425,400
312,2.425,2.45,2.4,2.45,5295
313,2.425,2.45,2.425,2.425,1200
314,2.425,2.45,2.425,2.425,2049
315,2.425,2.45,2.4,2.425,2980
316,2.45,2.45,2.425,2.425,1200
317,2.425,2.45,2.425,2.45,251200
318,2.425,2.425,2.425,2.425,200
319,2.425,2.45,2.425,2.45,3100
320,2.425,2.425,2.425,2.425,100
321,2.45,2.45,2.425,2.45,3095
322,2.45,2.45,2.405,2.425,5500
323,2.425,2.45,2.425,2.45,7462
324,2.425,2.45,2.4,2.4,81200
325,2.425,2.45,2.4,2.425,211541
326,2.425,2.425,2.4,2.425,229500
327,2.4,2.425,2.4,2.425,803464
432,2.4,2.4,2.4,2.4,4154
433,2.425,2.425,2.41,2.41,2200
434,2.425,2.425,2.425,2.425,2300
435,2.45,2.45,2.405,2.405,1200
438,2.45,2.45,2.45,2.45,100
440,2.45,2.45,2.45,2.45,300
442,2.42,2.45,2.42,2.45,400
443,2.45,2.45,2.425,2.425,2900
445,2.425,2.45,2.425,2.45,343
446,2.425,2.425,2.425,2.425,1900
448,2.425,2.425,2.425,2.425,5080
452,2.45,2.45,2.45,2.45,100
453,2.405,2.405,2.405,2.405,199
454,2.425,2.425,2.425,2.425,500
455,2.45,2.45,2.45,2.45,200
456,2.45,2.45,2.425,2.425,1700
459,2.45,2.45,2.45,2.45,100
461,2.425,2.425,2.425,2.425,2612
462,2.4,2.4,2.4,2.4,280
464,2.425,2.45,2.4241,2.425,14551
465,2.425,2.45,2.425,2.45,2900
466,2.45,2.45,2.45,2.45,100
467,2.45,2.45,2.45,2.45,200
468,2.425,2.425,2.425,2.425,5763
469,2.45,2.45,2.45,2.45,184
470,2.425,2.4314,2.425,2.4314,3563
471,2.425,2.45,2.4,2.45,11034
864,2.425,2.425,2.425,2.425,1120
865,2.45,2.45,2.4,2.4,38600
866,2.425,2.4298,2.425,2.425,3600
867,2.425,2.425,2.425,2.425,1500
868,2.425,2.45,2.425,2.425,6999
869,2.45,2.45,2.425,2.45,2525
870,2.425,2.425,2.425,2.425,2000
871,2.425,2.45,2.425,2.45,400
872,2.425,2.45,2.425,2.45,1400
873,2.45,2.45,2.45,2.45,300
875,2.425,2.45,2.425,2.425,8425
876,2.45,2.45,2.45,2.45,1400
877,2.45,2.45,2.425,2.425,1900
878,2.425,2.45,2.425,2.425,1700
879,2.45,2.45,2.425,2.425,12500
880,2.45,2.45,2.45,2.45,300
882,2.45,2.45,2.45,2.45,100
884,2.45,2.45,2.44,2.44,2320
885,2.425,2.425,2.425,2.425,2200
886,2.45,2.45,2.45,2.45,2500
887,2.45,2.45,2.45,2.45,1000
888,2.45,2.45,2.425,2.45,2300
889,2.45,2.45,2.45,2.45,600
890,2.45,2.45,2.45,2.45,252223
891,2.45,2.45,2.425,2.425,2700
892,2.45,2.45,2.45,2.45,3900
893,2.45,2.45,2.425,2.45,2000
894,2.44,2.45,2.425,2.45,4300
895,2.45,2.45,2.45,2.45,1400
896,2.45,2.45,2.425,2.425,1000
897,2.45,2.45,2.45,2.45,1200
898,2.45,2.45,2.45,2.45,500
899,2.45,2.45,2.45,2.45,400
900,2.45,2.45,2.4,2.45,7300
901,2.45,2.45,2.45,2.45,1700
902,2.45,2.45,2.45,2.45,3064
903,2.425,2.45,2.425,2.45,45443
a1497360600,2.425,2.425,2.425,2.425,1826
1,2.45,2.45,2.425,2.45,34208
2,2.45,2.45,2.425,2.45,900
3,2.45,2.45,2.425,2.45,6400
4,2.45,2.45,2.45,2.45,2400
5,2.45,2.45,2.425,2.45,700
6,2.45,2.45,2.45,2.45,800
7,2.45,2.45,2.425,2.45,700
8,2.45,2.45,2.425,2.45,600
9,2.4328,2.45,2.4328,2.45,2400
10,2.425,2.45,2.425,2.45,918
11,2.45,2.45,2.45,2.45,500
12,2.41,2.45,2.41,2.45,1500
13,2.425,2.45,2.425,2.45,24800
14,2.45,2.45,2.425,2.425,580
15,2.45,2.45,2.425,2.45,10500
16,2.45,2.45,2.45,2.45,1000
17,2.45,2.45,2.425,2.45,2100
18,2.45,2.45,2.45,2.45,2100
19,2.45,2.45,2.45,2.45,1900
20,2.45,2.45,2.45,2.45,700
21,2.45,2.45,2.4175,2.45,2050
22,2.45,2.45,2.45,2.45,34761
23,2.45,2.45,2.425,2.45,1600
24,2.45,2.45,2.437,2.45,4700
25,2.45,2.45,2.45,2.45,1700
26,2.45,2.45,2.45,2.45,800
27,2.45,2.45,2.45,2.45,2000
28,2.45,2.45,2.45,2.45,3600
29,2.45,2.45,2.425,2.45,2415
30,2.45,2.45,2.45,2.45,2300
31,2.45,2.45,2.45,2.45,5030
32,2.45,2.45,2.45,2.45,1300
33,2.45,2.45,2.45,2.45,1100
34,2.45,2.45,2.45,2.45,2700
35,2.45,2.45,2.45,2.45,2200
36,2.45,2.45,2.425,2.45,2900
37,2.475,2.475,2.45,2.45,248774
38,2.45,2.475,2.45,2.475,585584
39,2.425,2.45,2.425,2.45,17808
145,2.425,2.425,2.425,2.425,294
147,2.425,2.425,2.425,2.425,700
149,2.425,2.425,2.425,2.425,100
150,2.4,2.45,2.4,2.45,21200
151,2.425,2.45,2.425,2.45,3300
152,2.45,2.45,2.425,2.425,11500
153,2.45,2.45,2.45,2.45,100
154,2.45,2.45,2.45,2.45,100
155,2.425,2.45,2.4,2.45,2400
156,2.425,2.45,2.425,2.45,25100
157,2.45,2.45,2.44,2.44,200
158,2.45,2.45,2.45,2.45,200
160,2.45,2.45,2.45,2.45,100
161,2.425,2.425,2.425,2.425,10400
162,2.45,2.45,2.45,2.45,300
163,2.45,2.45,2.45,2.45,100
166,2.45,2.45,2.45,2.45,300
167,2.45,2.45,2.45,2.45,100
168,2.45,2.45,2.425,2.45,113200
169,2.45,2.45,2.45,2.45,2200
171,2.45,2.45,2.425,2.45,1642
172,2.45,2.45,2.425,2.425,10100
173,2.45,2.45,2.45,2.45,100
174,2.425,2.45,2.425,2.45,10100
175,2.45,2.45,2.45,2.45,100
176,2.45,2.45,2.4,2.4,1100
177,2.45,2.45,2.45,2.45,200
178,2.45,2.45,2.425,2.425,10700
179,2.45,2.45,2.45,2.45,100
180,2.45,2.45,2.45,2.45,100
181,2.45,2.45,2.45,2.45,317
182,2.45,2.45,2.45,2.45,800
183,2.425,2.45,2.425,2.45,5670
288,2.425,2.425,2.425,2.425,130
289,2.45,2.45,2.45,2.45,1500
290,2.45,2.45,2.45,2.45,300
293,2.4,2.4,2.4,2.4,100
297,2.45,2.45,2.45,2.45,100
298,2.45,2.45,2.45,2.45,200
302,2.45,2.45,2.45,2.45,200
303,2.45,2.45,2.45,2.45,200
304,2.45,2.45,2.45,2.45,100
306,2.45,2.45,2.4,2.45,400
307,2.45,2.45,2.45,2.45,100
308,2.45,2.45,2.45,2.45,100
309,2.4,2.4,2.4,2.4,100
310,2.45,2.45,2.4,2.4,300
311,2.4,2.45,2.4,2.45,12300
314,2.45,2.45,2.45,2.45,200
315,2.45,2.45,2.45,2.45,200
316,2.4,2.45,2.4,2.45,5800
317,2.425,2.45,2.4,2.45,10137
318,2.45,2.45,2.45,2.45,100
319,2.4,2.45,2.4,2.45,300
320,2.45,2.45,2.45,2.45,100
321,2.4,2.45,2.4,2.45,5871
322,2.45,2.45,2.45,2.45,100
323,2.45,2.45,2.45,2.45,200
324,2.45,2.45,2.425,2.45,3400
325,2.45,2.45,2.45,2.45,4000
326,2.45,2.45,2.425,2.45,5200
327,2.45,2.45,2.425,2.45,16600
432,2.45,2.45,2.45,2.45,2531
433,2.425,2.425,2.425,2.425,11000
434,2.425,2.45,2.425,2.45,1800
436,2.425,2.425,2.425,2.425,500
437,2.425,2.45,2.425,2.425,881
438,2.45,2.45,2.425,2.45,2600
439,2.425,2.425,2.425,2.425,400
441,2.425,2.425,2.425,2.425,500
442,2.425,2.425,2.425,2.425,500
444,2.425,2.425,2.425,2.425,400
445,2.45,2.45,2.425,2.45,900
446,2.425,2.45,2.425,2.45,1039
447,2.45,2.45,2.45,2.45,100
448,2.45,2.45,2.425,2.425,400
449,2.45,2.45,2.45,2.45,100
450,2.45,2.45,2.425,2.425,800
451,2.425,2.425,2.425,2.425,300
452,2.45,2.45,2.45,2.45,300
453,2.45,2.45,2.425,2.425,600
454,2.425,2.425,2.425,2.425,300
455,2.45,2.45,2.45,2.45,100
456,2.45,2.45,2.425,2.425,607
457,2.425,2.425,2.425,2.425,300
459,2.45,2.45,2.4,2.425,2700
460,2.425,2.45,2.425,2.45,400
461,2.45,2.45,2.45,2.45,100
462,2.45,2.45,2.425,2.425,500
463,2.425,2.45,2.42,2.45,1932
464,2.425,2.45,2.425,2.425,2000
465,2.45,2.45,2.45,2.45,300
466,2.425,2.425,2.425,2.425,500
467,2.425,2.45,2.425,2.45,700
468,2.45,2.45,2.45,2.45,100
469,2.45,2.45,2.4,2.4,4500
470,2.45,2.45,2.45,2.45,231
471,2.425,2.45,2.425,2.45,1552
864,2.45,2.45,2.45,2.45,125
865,2.45,2.45,2.45,2.45,3900
866,2.4,2.425,2.4,2.425,4140
867,2.45,2.45,2.45,2.45,200
868,2.44,2.44,2.44,2.44,200
872,2.45,2.45,2.45,2.45,200
878,2.45,2.45,2.45,2.45,100
879,2.45,2.45,2.45,2.45,200
882,2.45,2.45,2.45,2.45,100
883,2.45,2.45,2.45,2.45,200
884,2.4328,2.4328,2.4328,2.4328,100
885,2.45,2.45,2.425,2.45,1700
887,2.45,2.45,2.45,2.45,100
888,2.45,2.45,2.418,2.418,850
889,2.45,2.45,2.4,2.44,54083
890,2.4,2.45,2.4,2.45,635
891,2.45,2.45,2.45,2.45,800
892,2.45,2.45,2.45,2.45,702
894,2.45,2.45,2.45,2.45,100
895,2.425,2.425,2.425,2.425,370
896,2.45,2.45,2.45,2.45,300
898,2.45,2.45,2.425,2.425,1931
900,2.45,2.45,2.425,2.45,4591
901,2.45,2.45,2.425,2.45,7400
902,2.45,2.45,2.425,2.45,2800
903,2.45,2.45,2.4,2.45,14625
a1497965400,2.4,2.4,2.4,2.4,16525
1,2.45,2.45,2.425,2.425,400
2,2.41,2.45,2.41,2.45,300
4,2.4,2.425,2.4,2.425,2100
5,2.4,2.4,2.4,2.4,100
6,2.45,2.45,2.4,2.45,500
10,2.45,2.45,2.45,2.45,100
11,2.45,2.45,2.4,2.405,1300
13,2.45,2.45,2.45,2.45,200
15,2.4,2.45,2.4,2.45,3569
17,2.425,2.45,2.4,2.45,500
21,2.45,2.45,2.45,2.45,200
23,2.45,2.45,2.45,2.45,100
27,2.45,2.45,2.45,2.45,200
28,2.4,2.45,2.4,2.45,830
31,2.45,2.45,2.45,2.45,100
34,2.45,2.45,2.45,2.45,100
36,2.425,2.425,2.425,2.425,488
38,2.4,2.45,2.4,2.45,450
39,2.45,2.45,2.4,2.425,23104
144,2.45,2.45,2.45,2.45,350
145,2.45,2.45,2.425,2.425,2100
147,2.45,2.45,2.45,2.45,100
148,2.45,2.45,2.45,2.45,200
150,2.45,2.45,2.45,2.45,300
151,2.45,2.45,2.45,2.45,200
153,2.45,2.45,2.45,2.45,200
154,2.425,2.425,2.425,2.425,100
155,2.425,2.425,2.425,2.425,100
156,2.425,2.425,2.425,2.425,100
157,2.45,2.45,2.425,2.425,300
158,2.425,2.425,2.425,2.425,100
159,2.425,2.425,2.425,2.425,100
160,2.425,2.425,2.425,2.425,160
161,2.425,2.425,2.425,2.425,100
162,2.425,2.425,2.425,2.425,100
163,2.425,2.425,2.425,2.425,100
164,2.45,2.45,2.425,2.425,1500
165,2.45,2.45,2.425,2.425,600
166,2.425,2.425,2.425,2.425,100
167,2.45,2.45,2.45,2.45,100
168,2.45,2.45,2.425,2.425,200
169,2.425,2.425,2.425,2.425,100
170,2.425,2.425,2.425,2.425,100
171,2.45,2.45,2.425,2.425,1600
172,2.425,2.425,2.425,2.425,100
173,2.425,2.425,2.425,2.425,100
174,2.425,2.425,2.425,2.425,100
175,2.425,2.45,2.425,2.45,200
176,2.425,2.45,2.425,2.45,200
177,2.45,2.45,2.425,2.425,300
178,2.425,2.425,2.425,2.425,100
179,2.425,2.425,2.425,2.425,200
180,2.425,2.425,2.425,2.425,100
181,2.425,2.425,2.425,2.425,100
182,2.425,2.425,2.425,2.425,200
183,2.45,2.45,2.425,2.425,6600
288,2.425,2.425,2.425,2.425,600
289,2.45,2.45,2.45,2.45,598
290,2.425,2.45,2.425,2.45,13300
292,2.45,2.45,2.45,2.45,200
297,2.45,2.45,2.425,2.425,300
300,2.45,2.45,2.45,2.45,200
301,2.45,2.45,2.45,2.45,130
304,2.45,2.45,2.4,2.4,3200
305,2.45,2.45,2.45,2.45,100
306,2.45,2.45,2.4185,2.4185,505
307,2.45,2.45,2.45,2.45,200
309,2.45,2.45,2.45,2.45,100
310,2.45,2.45,2.45,2.45,100
312,2.4,2.4,2.4,2.4,100
313,2.45,2.45,2.45,2.45,100
314,2.45,2.45,2.425,2.45,900
321,2.425,2.425,2.425,2.425,100
326,2.45,2.45,2.45,2.45,300
327,2.425,2.45,2.425,2.425,7331
432,2.4,2.4,2.4,2.4,1224
433,2.45,2.45,2.45,2.45,2400
436,2.45,2.45,2.425,2.45,900
437,2.45,2.45,2.45,2.45,200
438,2.45,2.45,2.45,2.45,200
442,2.425,2.45,2.425,2.45,348
447,2.45,2.45,2.45,2.45,100
448,2.4,2.4,2.4,2.4,105
450,2.4,2.4253,2.4,2.4253,550
453,2.45,2.45,2.45,2.45,100
456,2.45,2.45,2.425,2.425,5556
458,2.45,2.45,2.45,2.45,300
461,2.45,2.45,2.45,2.45,600
462,2.45,2.45,2.45,2.45,100
464,2.45,2.45,2.45,2.45,200
467,2.425,2.425,2.425,2.425,100
468,2.425,2.425,2.425,2.425,200
469,2.425,2.425,2.425,2.425,200
470,2.45,2.45,2.425,2.425,900
471,2.425,2.45,2.425,2.45,13622
864,2.4,2.4,2.4,2.4,140
865,2.425,2.4286,2.4,2.425,71628
866,2.425,2.425,2.4,2.4,199930
870,2.425,2.45,2.425,2.425,4919
874,2.425,2.425,2.425,2.425,100
875,2.45,2.45,2.45,2.45,100
876,2.45,2.45,2.45,2.45,100
883,2.45,2.45,2.45,2.45,100
884,2.45,2.45,2.45,2.45,100
885,2.45,2.45,2.45,2.45,200
889,2.4155,2.4155,2.4155,2.4155,700
890,2.45,2.45,2.4,2.4,4200
891,2.45,2.45,2.425,2.45,3500
892,2.425,2.45,2.425,2.45,1100
893,2.45,2.45,2.45,2.45,300
896,2.45,2.45,2.425,2.45,2900
897,2.425,2.425,2.4,2.4,2800
898,2.45,2.45,2.45,2.45,1256
899,2.45,2.45,2.425,2.425,10400
900,2.45,2.45,2.45,2.45,700
901,2.45,2.45,2.425,2.425,1900
902,2.45,2.45,2.425,2.425,4800
903,2.45,2.45,2.425,2.45,25318
a1498570200,2.45,2.45,2.45,2.45,1305
2,2.45,2.45,2.45,2.45,100
3,2.45,2.45,2.45,2.45,33400
4,2.45,2.45,2.45,2.45,500
5,2.45,2.45,2.45,2.45,200
10,2.425,2.425,2.425,2.425,100
12,2.45,2.45,2.45,2.45,100
14,2.45,2.45,2.45,2.45,200
17,2.45,2.45,2.45,2.45,200
18,2.45,2.45,2.425,2.425,5535
19,2.45,2.45,2.425,2.425,1633
20,2.425,2.425,2.425,2.425,300
21,2.425,2.425,2.425,2.425,300
22,2.425,2.45,2.425,2.425,400
24,2.45,2.45,2.45,2.45,344
25,2.425,2.425,2.425,2.425,100
26,2.45,2.45,2.45,2.45,100
27,2.425,2.45,2.4,2.4,1500
28,2.425,2.45,2.425,2.425,300
29,2.45,2.45,2.45,2.45,200
34,2.45,2.45,2.425,2.45,700
35,2.425,2.45,2.425,2.425,5400
36,2.425,2.45,2.425,2.425,1793
37,2.45,2.45,2.425,2.425,2074
38,2.425,2.45,2.425,2.425,1072
39,2.45,2.45,2.425,2.45,3265
144,2.4,2.4,2.4,2.4,855
146,2.45,2.45,2.45,2.45,17200
147,2.425,2.45,2.425,2.45,3400
148,2.45,2.45,2.45,2.45,100
149,2.45,2.45,2.45,2.45,200
150,2.45,2.45,2.45,2.45,100
152,2.425,2.45,2.425,2.45,200
153,2.45,2.45,2.45,2.45,300
154,2.425,2.45,2.425,2.45,300
155,2.45,2.45,2.45,2.45,100
156,2.45,2.45,2.45,2.45,100
157,2.45,2.45,2.45,2.45,200
158,2.45,2.45,2.45,2.45,100
159,2.45,2.45,2.45,2.45,100
160,2.425,2.45,2.425,2.45,200
161,2.45,2.45,2.45,2.45,100
162,2.45,2.45,2.45,2.45,200
164,2.45,2.45,2.45,2.45,200
165,2.425,2.45,2.425,2.45,200
166,2.45,2.45,2.45,2.45,100
168,2.45,2.45,2.425,2.45,300
169,2.45,2.45,2.425,2.45,500
170,2.45,2.45,2.425,2.425,500
171,2.425,2.45,2.4,2.45,3417
172,2.45,2.45,2.425,2.425,2000
173,2.425,2.45,2.425,2.45,4075
174,2.425,2.45,2.425,2.45,12579
175,2.425,2.45,2.425,2.425,6800
176,2.425,2.45,2.425,2.425,1000
177,2.45,2.45,2.425,2.425,1100
178,2.425,2.45,2.425,2.45,1800
179,2.42,2.45,2.42,2.425,840
180,2.425,2.45,2.425,2.425,900
181,2.425,2.45,2.425,2.45,1400
182,2.425,2.45,2.425,2.425,1200
183,2.425,2.45,2.425,2.425,3591
288,2.425,2.425,2.425,2.425,100
289,2.45,2.45,2.45,2.45,1200
290,2.45,2.45,2.45,2.45,200
292,2.45,2.45,2.45,2.45,200
294,2.45,2.45,2.425,2.425,300
296,2.45,2.45,2.45,2.45,100
297,2.44,2.44,2.44,2.44,250
298,2.425,2.425,2.425,2.425,1260
300,2.45,2.45,2.45,2.45,200
304,2.45,2.45,2.425,2.45,300
311,2.45,2.45,2.45,2.45,200
313,2.425,2.425,2.425,2.425,410
314,2.45,2.45,2.425,2.425,200
315,2.4136,2.425,2.4136,2.425,434
320,2.445,2.45,2.445,2.45,200
325,2.45,2.45,2.425,2.45,2500
326,2.45,2.45,2.425,2.425,486
327,2.45,2.45,2.425,2.45,2308
432,2.4,2.4,2.4,2.4,528
435,2.45,2.45,2.45,2.45,200
436,2.425,2.425,2.425,2.425,100
439,2.45,2.45,2.4,2.4,1600
440,2.425,2.425,2.425,2.425,200
443,2.45,2.45,2.425,2.45,300
444,2.45,2.45,2.45,2.45,100
445,2.425,2.45,2.425,2.425,1200
446,2.45,2.45,2.4,2.45,1364
447,2.425,2.425,2.425,2.425,100
448,2.425,2.45,2.425,2.45,2481
449,2.425,2.425,2.425,2.425,100
450,2.425,2.425,2.425,2.425,100
451,2.425,2.45,2.425,2.45,500
452,2.41,2.41,2.41,2.41,150
454,2.425,2.45,2.425,2.45,300
456,2.45,2.45,2.45,2.45,100
459,2.45,2.45,2.45,2.45,307
460,2.425,2.45,2.41,2.41,2400
461,2.45,2.45,2.425,2.425,300
462,2.425,2.425,2.425,2.425,100
463,2.425,2.425,2.425,2.425,200
464,2.45,2.45,2.45,2.45,100
466,2.45,2.45,2.45,2.45,100
467,2.425,2.45,2.425,2.45,200
468,2.425,2.45,2.425,2.425,5100
469,2.425,2.45,2.425,2.425,661
470,2.425,2.45,2.425,2.425,600
471,2.45,2.45,2.425,2.425,12633
864,2.4,2.4,2.4,2.4,738
866,2.45,2.45,2.45,2.45,100
867,2.45,2.45,2.45,2.45,900
868,2.425,2.45,2.425,2.45,300
869,2.425,2.425,2.425,2.425,1301
870,2.425,2.425,2.425,2.425,100
871,2.45,2.45,2.45,2.45,100
873,2.425,2.45,2.425,2.425,3589
874,2.45,2.45,2.425,2.45,400
875,2.425,2.425,2.425,2.425,200
876,2.425,2.425,2.425,2.425,200
877,2.425,2.425,2.425,2.425,100
879,2.45,2.45,2.425,2.45,390
880,2.425,2.425,2.425,2.425,100
884,2.425,2.45,2.425,2.45,200
885,2.45,2.45,2.425,2.45,14019
a1499261400,2.45,2.45,2.45,2.45,200
1,2.45,2.45,2.45,2.45,1700
2,2.417,2.417,2.417,2.417,396
3,2.45,2.45,2.45,2.45,100
8,2.45,2.45,2.45,2.45,100
9,2.425,2.425,2.425,2.425,100
12,2.425,2.45,2.425,2.45,400
18,2.425,2.45,2.425,2.45,200
20,2.45,2.45,2.45,2.45,200
26,2.45,2.45,2.45,2.45,200
28,2.45,2.45,2.45,2.45,100
29,2.425,2.425,2.425,2.425,100
33,2.425,2.45,2.4,2.4,720
34,2.45,2.45,2.45,2.45,200
35,2.425,2.45,2.425,2.45,200
38,2.45,2.45,2.425,2.45,400
39,2.45,2.45,2.425,2.425,8716
