EXCHANGE%3DNASDAQ
MARKET_OPEN_MINUTE=570
MARKET_CLOSE_MINUTE=960
INTERVAL=600
COLUMNS=DATE,CLOSE,HIGH,LOW,OPEN,VOLUME
DATA=
TIMEZONE_OFFSET=-240
a1493127000,218.58,218.58,218.58,218.58,425
1,218.33,218.53,214.06,214.06,600
2,219.7,219.7,218.31,218.35,1100
3,217.7001,219.29,217.7001,218.95,700
4,218.52,219.04,218.2,218.25,874
5,218.24,218.73,218.22,218.59,900
6,218.54,218.54,218.18,218.4,1309
7,218.8,219,218.435,218.59,6206
8,218.58,218.8,218.58,218.78,1101
9,218.08,218.16,218.08,218.16,1262
10,218.16,218.55,218.11,218.11,2782
11,217.89,217.89,217.89,217.89,100
12,218.33,218.33,218.13,218.17,400
13,217.97,218.3,217.87,218.3,1500
14,218,218,217.9,217.94,1498
15,217.8633,218.2,217.8633,218.16,3000
16,218,218,217.76,217.82,760
17,218,218,218,218,100
18,217.75,218,217.49,217.99,816
20,217.72,217.72,217.72,217.72,200
21,217.36,217.41,217.36,217.41,200
22,217.55,217.55,217.55,217.55,100
23,217.65,217.65,217.41,217.59,700
25,217.55,217.81,217.55,217.75,1946
26,217.36,217.51,217.36,217.51,1000
27,217.66,217.66,217.64,217.64,400
28,217.43,217.43,217.33,217.41,500
29,217.3,217.55,217.28,217.5,400
30,217.49,217.5,217.48,217.5,400
31,217.54,217.54,217.31,217.33,1100
32,217.5,217.57,217.5,217.5,400
33,216.94,217.42,216.94,217.42,700
34,217.03,217.03,216.96,216.96,200
35,216.92,217.29,216.92,217.0601,2000
36,216.69,217.03,216.69,216.93,2000
37,216.66,216.79,216.62,216.78,3380
38,216.14,216.64,216.02,216.64,6845
39,216.12,216.3,215.97,216,21376
144,215.87,215.87,215.87,215.87,818
145,217.9,217.9,217.84,217.84,200
146,216.785,216.82,213.59,213.59,4000
147,216.995,216.995,216.81,216.81,200
148,217.4297,217.48,216.49,217.03,1900
149,217.02,218.31,217.02,217.6,300
150,217.78,218.35,217.23,217.23,1100
151,217.24,217.72,216.795,217.5,2000
152,216.895,217,216.65,216.755,1300
153,217.21,217.22,216.855,216.93,3294
154,218.25,218.955,217.24,217.25,2255
155,218.02,218.02,218,218.02,1100
156,218.52,218.52,217.87,218.025,900
157,218.34,218.52,218,218.52,2800
158,218.34,218.5,218.34,218.5,300
159,218.49,218.49,218.4,218.42,400
160,219.53,219.65,218.56,218.59,3700
161,218.41,219.96,218.41,219.6,2801
162,218.49,219.255,218.49,219,4400
163,218.7767,218.85,218.6,218.6,321
164,218.85,218.85,218.5618,218.5618,464
165,219.19,219.22,218.6,218.86,4636
166,219.06,219.24,218.89,219.15,4400
167,218.99,219.215,218.75,219.06,7375
168,219.46,219.87,218.92,218.99,5600
169,219.655,219.655,219.15,219.43,2481
170,219.18,219.595,219.17,219.56,1800
171,218.34,219.51,218.34,219.51,1400
172,218.765,219.04,218.765,218.99,1700
173,218.81,219,218.78,219,2100
174,217.52,218.73,217.52,218.73,300
175,218.75,218.75,218.13,218.15,1748
176,218.81,219,218.81,218.99,1200
177,218.86,218.86,218.86,218.86,100
178,218.96,219,218.69,218.865,5370
179,219.52,219.66,218.85,218.99,4468
180,219.615,219.72,219.51,219.64,1011
181,219.33,219.53,219.16,219.51,2481
182,219.34,219.38,218.88,219.125,4462
183,219.36,219.68,219.09,219.37,25904
288,228.58,228.58,228.58,228.58,1442
289,235.45,236.6899,226.12,226.65,10819
290,229.9899,233.5,229.08,230.6,12604
291,230.7,232.09,228.8,229.4501,9550
292,229.55,231.43,229.55,230.56,4313
293,231.35,232.255,230.11,230.495,2500
294,231.8101,232.11,231.26,231.26,2739
295,234.1,234.805,231.89,232.36,9025
296,235.37,235.46,234.17,235.46,1900
297,234.93,235.42,234.25,234.795,2500
298,235.12,235.3,234.41,234.99,10989
299,235.4993,235.825,234.62,235.14,8220
300,234.92,235.23,234.63,235.23,10706
301,234.59,234.805,234.38,234.63,20876
302,235,235.36,234.55,234.55,14040
303,235.23,235.23,234.72,235,2948
304,236.27,236.315,235.2744,235.54,2531
305,236.24,236.465,235.92,236.28,5617
306,236.44,236.58,236.26,236.26,1800
307,236.34,236.5199,236.16,236.41,1400
308,235.235,236.65,235.13,236.52,31660
309,235.19,235.595,234.65,235.05,13543
310,235.97,235.97,234.82,235.26,11522
311,235.795,236.1,235.4901,235.86,20954
312,236.72,236.72,235.89,235.89,11690
313,237.94,237.94,236.745,236.745,1300
314,238.2,238.22,237.05,237.725,15741
315,238.325,238.365,236.905,238.044,7734
316,237.97,238.7,237.4,238.09,9625
317,238.535,238.56,238.08,238.23,5838
318,238.47,238.47,237.22,238.4,5200
319,238.32,238.52,237.75,238.37,6197
320,238.19,238.65,237.96,237.96,7174
321,238.14,238.54,238.1,238.27,4450
322,237.33,238.295,237.13,238.12,19499
323,237.19,238.38,237.19,237.31,16071
324,237.15,237.35,236.745,237.19,8493
325,235.65,237.26,235.62,237.2,21274
326,235.87,236.01,235.06,235.75,12195
327,236.71,237.1,235.86,235.93,72157
432,236.71,236.71,236.71,236.71,1100
433,237.735,238.02,236.62,237.08,1800
434,238,238.4,237.33,237.355,2200
435,237.91,238.125,237.15,238,5308
436,236.69,237.7,236.38,237.15,9941
437,236.74,236.87,236.18,236.765,3100
438,236.36,236.8074,236.36,236.48,1129
439,237.22,237.27,236.3339,236.38,6221
440,237.93,238.22,236.98,237.22,2700
441,237.2,237.9,237.2,237.745,2685
442,237.04,237.14,236.74,236.985,3995
443,238.02,238.03,237.04,237.07,6300
444,237.69,238,237.64,237.86,3400
445,237.46,237.75,236.9,237.54,4300
446,237.62,237.81,237.3638,237.3638,5079
447,238.205,238.39,237.69,237.69,6800
448,238.78,239,238,238.2,8107
449,238.64,238.66,238.42,238.64,2300
450,238.7,238.7,238.47,238.47,1000
451,238.9,238.9,238.48,238.615,2000
452,239.79,240,238.85,239,16003
453,240.59,240.6,239.585,239.91,6203
454,239.34,240.95,239.24,240.81,38469
455,239.22,239.35,238.875,239.25,16575
456,239.64,239.68,239.03,239.225,4600
457,239.65,239.78,239.44,239.48,7187
458,240.14,240.14,239.74,239.75,1100
459,240.4,240.43,240.1,240.13,2200
460,240.68,240.68,240.37,240.37,2100
461,241.17,241.24,240.85,240.89,6600
462,241.8,242.09,241.505,241.68,8855
463,241.84,242.18,241.535,241.87,8760
464,242.155,242.32,241.82,241.82,25043
465,240.25,242.3,240.2,242.29,12790
466,239.81,240.38,239.81,240.3,7523
467,239.71,239.91,239.58,239.82,8245
468,239.34,240.4,239.03,239.79,11850
469,239.12,239.88,239.03,239.28,7757
470,240.51,240.51,238.9,239.08,10348
471,240.89,241.1,240.37,240.39,61421
864,240,240,240,240,4745
865,241.41,241.41,238.91,239.32,5630
867,240.315,240.92,240.315,240.915,5415
868,240.25,240.72,240.08,240.58,3200
869,239.91,240.205,239.83,240.05,1000
870,240.365,241.18,239.7,239.94,11963
871,241.74,242.125,240.29,240.29,12634
872,242.67,242.78,241.9,241.959,6423
873,242.805,242.91,242.31,242.5525,10338
874,241.98,242.76,241.98,242.65,5961
875,241.81,242.07,241.69,242.05,4068
876,241.765,241.93,241.63,241.775,3381
877,241.95,241.95,241.73,241.8275,3475
878,242,242.1,241.78,241.95,57722
879,242.06,242.12,241.865,241.865,1295
880,242.035,242.07,241.95,242.06,598
881,241.0325,242.06,240.93,242.06,4950
882,240.96,240.98,240.73,240.7553,3031
883,241.17,241.17,240.76,240.76,1500
884,241.03,241.17,240.94,241,1800
885,241,241.19,240.46,240.96,5143
886,240.69,240.96,240.69,240.96,600
887,240.94,241,240.48,240.845,5100
888,241.01,241.49,240.97,241,2604
889,241.05,241.3,240.89,241.14,57765
890,241.37,241.39,241.07,241.11,5405
891,241.27,241.8,241.27,241.44,3509
892,241,241.58,240.81,241.58,2600
893,241.23,241.23,240.77,241,4028
894,241.19,241.19,240.99,241.075,4700
895,241.04,241.455,241.04,241.17,3400
896,240.99,241.1355,240.73,241.1355,4748
897,241.145,241.2,240.93,241.05,1700
898,240.945,241.04,240.81,241.04,2600
899,241.12,241.24,240.9,241.06,5463
900,241.01,241.13,240.96,241.11,3845
901,241.84,241.84,241,241.03,5400
902,242.14,242.28,241.85,242.28,3700
903,242.54,242.79,242.18,242.33,24715
a1493731800,243.04,243.04,243.04,243.04,763
1,242.775,243.81,242.775,243.81,700
2,242.04,243.37,242.04,242.65,3100
3,242.05,242.335,242.03,242.25,900
4,242.685,242.89,241.52,242.05,6800
5,242.715,243.6,242.635,243.06,9700
6,244.41,244.41,243.325,243.38,1745
7,243.92,244.31,243.81,243.83,700
8,244.31,244.5,243.92,243.92,2362
9,244.84,244.97,244.445,244.445,2489
10,244.38,244.84,244.16,244.84,5586
11,244.89,244.89,244.18,244.19,3608
12,245.7,246.02,245,245,8191
13,244.6,245.63,244.6,245.56,3303
14,244.7,244.91,244.68,244.69,600
15,244.48,244.88,244.26,244.7,3900
16,246.23,246.23,244.48,244.48,2045
17,245.24,245.885,245.18,245.72,4301
18,244.93,245.63,244.93,245.37,7222
19,245.475,245.6,245.09,245.12,3791
20,244.71,245.505,244.71,245.505,300
21,244.98,245.16,244.9,244.9,400
22,245.34,245.39,245.06,245.25,2000
23,245.55,245.64,245.43,245.5483,1559
24,245.37,245.67,244.99,245.64,12470
25,244.99,245.4,244.99,245.17,2000
26,244.84,245.085,244.72,244.95,4800
27,244.385,244.97,244.32,244.86,12300
28,244.67,244.67,244.33,244.47,2100
29,244.65,244.71,244.52,244.645,3828
30,244.59,244.78,244.57,244.73,7400
31,244.66,244.81,244.41,244.68,5699
32,244.54,244.545,244.42,244.42,800
33,244.265,244.6,244.07,244.6,5890
34,245.045,245.045,244.285,244.285,4000
35,245.2,245.37,245,245.065,4554
36,245.03,245.21,244.91,245.2,3748
37,244.87,245.19,244.785,244.91,4900
38,244.73,244.91,244.73,244.86,9194
39,244.77,245.05,244.45,244.75,31887
144,244.04,244.04,244.04,244.04,588
145,243.22,244.4,243.22,244.4,200
146,243.92,243.94,243.14,243.14,300
147,243.305,243.485,242.91,243.48,6101
148,243.11,243.22,242.68,242.68,6000
149,243.22,243.41,242.701,242.885,2300
150,243.91,243.92,242.94,243.05,4400
151,243.58,243.82,243.49,243.82,700
152,242.77,243.74,242.77,243.52,2714
153,243.26,243.35,242.84,242.84,1823
154,243.41,243.41,242.95,243.09,3100
155,243.59,243.905,243.41,243.41,1898
156,244.285,244.55,243.87,243.87,1424
157,244.36,245.075,244.25,244.8,7300
158,244.21,244.49,243.49,244.31,5102
159,244.72,244.945,243.87,243.92,60230
160,244.73,244.94,244.34,244.56,3904
161,245.37,245.48,244.68,244.68,8347
162,245.47,245.48,245.05,245.06,4200
163,245.565,245.78,245.41,245.6,2367
164,245.41,245.76,245.26,245.53,6146
165,245.055,245.54,244.98,245.5,8757
166,245.26,245.71,245,245,3001
167,245.145,245.1579,245.02,245.1579,1405
168,244.93,245.105,244.93,244.99,300
169,245.055,245.055,244.72,244.72,500
170,244.56,244.93,244.53,244.93,700
171,244.81,244.91,244.61,244.61,700
172,244.76,245.07,244.67,245.07,900
173,244.15,244.67,244.15,244.67,1300
174,243.74,244,243.63,244,1100
175,243.78,243.89,243.66,243.66,1500
176,243.72,244.04,243.72,243.95,600
177,244.32,245.13,243.98,243.98,5800
178,244.46,244.64,243.91,244.35,4174
179,244.57,244.91,244.48,244.52,3700
180,244.8,244.97,244.48,244.51,2800
181,245.34,245.34,244.705,244.8,1300
182,246,246.92,245.1,245.31,6345
183,246.31,247.16,246.2,246.59,42211
288,247.22,247.22,247.22,247.22,614
289,246.16,248.05,244.075,244.075,4700
290,245.86,246.43,245.7025,245.97,1700
291,245.91,245.91,245.77,245.835,3700
292,246.4275,247.17,245.5,245.5,9104
293,247.66,247.71,246.4075,246.4075,5587
294,247.29,247.84,247,247.59,11259
295,247.495,248.205,246.83,247.27,7448
296,248.56,248.56,247.525,247.525,1800
297,248.83,249.11,248.76,248.94,1800
298,248.65,248.85,248.65,248.85,8400
299,248.52,248.84,248.47,248.84,1400
300,248.77,248.81,248.49,248.77,1900
301,248.7,248.95,248.31,248.31,700
302,249.69,249.7,249.06,249.18,1300
303,249.64,249.64,249.33,249.45,1400
304,249.19,249.58,249.03,249.47,1400
305,248.405,249.16,248.405,249.02,2658
306,248.37,248.93,248.37,248.83,1000
307,248.06,248.34,248.025,248.34,903
308,247.9,248.235,247.57,248.03,3102
309,247.74,248.13,247.74,248.13,522
310,248.18,248.22,247.84,248,1510
311,248.05,248.29,248.05,248.12,11401
312,247.81,248.23,247.81,248.23,3390
313,247.48,248.11,247.48,247.935,3709
314,248.06,248.06,247.53,247.69,3690
315,247.71,248.18,247.56,248.18,1600
316,248.16,248.3,247.81,247.81,1300
317,248.05,248.33,248.02,248.21,2800
318,248.26,248.33,248.02,248.05,6596
319,249.09,249.09,247.94,248.05,1400
320,248.88,249.38,248.54,249.38,2500
321,248.6512,248.88,248.54,248.88,4000
322,248.94,248.97,248.53,248.53,1924
323,249.17,249.18,248.82,248.87,1800
324,249.09,249.86,249.09,249.18,5200
325,248.79,249.42,248.62,249.42,4699
326,248.7,248.93,248.7,248.79,6028
327,248.59,248.9,248.49,248.66,23741
432,248.19,248.19,248.19,248.19,1278
433,247.71,247.71,243.45,243.725,1300
434,245.405,247.51,244.785,246.9,5577
435,250.08,250.83,246.26,246.48,18110
436,248.98,250.7,248.98,249.92,17359
437,248.67,249.12,248.52,248.52,4783
438,248.8,249,247.67,248.6,5781
439,250.03,250.13,248.5,248.75,9200
440,250.5,250.74,250.18,250.18,5119
441,249.695,250.38,249.66,250.17,1800
442,249.93,250.155,249.75,249.75,500
443,249.66,250.21,249.53,250.19,800
444,250.052,250.08,249.68,249.995,800
445,249.92,250.075,249.91,250.075,600
446,250.69,251.36,249.76,250.09,2582
447,250.52,250.71,250.42,250.421,400
448,251.06,251.27,250.77,250.77,800
449,252.07,252.11,250.76,251.22,8238
450,251.95,251.95,251.77,251.8,500
451,251.645,252.09,251.36,251.95,9998
452,251.665,252.105,251.56,251.63,18698
453,251.82,251.88,251.42,251.75,2500
454,252.38,252.39,251.62,251.775,2100
455,252.91,252.91,252.17,252.17,800
456,252.92,252.92,252.41,252.635,1850
457,252.94,252.94,252.94,252.94,100
458,252.1,253.08,252.03,253.08,2399
459,252.16,252.49,252.16,252.42,1300
460,252.17,252.44,252.17,252.2,1400
461,252.59,252.59,252.2792,252.41,615
462,252.56,252.59,252.54,252.54,800
463,252.155,252.45,251.88,252.45,3445
464,252.37,252.37,252.06,252.11,600
465,252.265,252.37,252.16,252.16,1000
466,252.41,252.41,251.52,252.2685,9998
467,252.5,252.5,252.27,252.28,2546
468,252.8,253.1699,252.42,252.42,3700
469,252.27,252.8,252.22,252.8,57800
470,252.44,252.63,252.25,252.3325,7218
471,252.8,252.805,252.12,252.48,18712
864,251.85,251.85,251.85,251.85,2617
865,251.5621,252.595,250.8225,250.8225,2218
866,252.1,252.16,252.1,252.16,800
867,252.06,252.19,251.49,252.115,3763
868,252.75,252.97,252.13,252.13,8252
869,253.06,253.06,252.47,252.85,1216
870,253.16,253.16,252.67,252.67,500
871,253.02,253.04,252.47,252.75,1300
872,252.62,252.95,252.35,252.95,1400
873,252.33,252.85,252.33,252.6,1400
874,251.96,252.25,251.96,252.08,1500
875,251.8233,252.17,251.59,251.82,1102
876,250.8,251.82,250.77,251.555,1350
877,251.27,251.27,250.48,250.54,2735
878,250.24,251.26,250.24,251.255,10983
879,250,250.69,249.95,250.61,5082
880,250.02,250.57,249.905,250,3200
881,250.475,250.65,249.98,250.315,4866
882,250.05,250.32,250.02,250.32,922
883,252.4,252.4,250.38,250.5,6615
884,252.71,252.74,252.68,252.68,1300
885,252.3,252.7,252.28,252.68,3100
886,251.585,252.11,250.96,252.11,4140
887,251.02,251.57,251.02,251.33,7226
888,251.205,251.24,251.04,251.225,800
889,251.18,251.36,250.75,251.36,3971
890,251.22,251.4,251.21,251.2541,2726
891,251.15,251.325,251.07,251.325,900
892,251.13,251.19,250.96,250.97,5724
893,250.54,251.21,250.33,251.04,8257
894,251.175,251.175,250.69,250.95,3851
895,251.36,251.36,251.1,251.31,1609
896,251.615,251.615,251.08,251.35,1700
897,251.51,251.65,251.375,251.58,1800
898,251.48,251.55,251.25,251.55,1600
899,251.69,251.72,251.43,251.43,2300
900,251.62,251.91,251.62,251.9,900
901,251.13,251.55,251.13,251.51,700
902,250.95,251.44,250.95,251.305,11600
903,251.82,252,251.25,251.25,15797
a1494336600,250.96,250.96,250.96,250.96,1917
1,252.07,252.08,251.055,251.78,900
2,252.79,252.93,252.07,252.07,9217
3,253.57,253.73,252.2,252.27,9728
4,253.965,254,253.72,253.72,800
5,254.51,254.51,253.935,254.11,2000
6,252.77,254.54,252.26,254.5,11596
7,252.705,253.0125,252.705,252.78,1658
8,252.33,252.72,252.2601,252.68,4659
9,252.365,252.465,252.14,252.33,1525
10,252.92,253.29,252.19,252.21,2500
11,253,253,252.38,252.38,1000
12,252.95,252.95,252.46,252.7,600
13,253.09,253.09,252.51,252.73,2500
14,253.24,253.24,252.9101,253.09,2048
15,253.44,253.44,253.135,253.3,2070
16,253.55,253.59,253.21,253.43,1085
17,253.59,253.62,253.36,253.36,800
18,253.61,253.61,253.25,253.25,800
19,253.8,253.8,253.54,253.54,1200
20,253.2,253.85,253.2,253.82,2000
21,253.55,253.66,253.19,253.19,800
22,253.425,253.59,253.275,253.51,3231
23,253.08,253.415,252.745,253.415,700
24,252.71,252.89,252.53,252.89,600
25,251.97,252.715,251.91,252.715,4042
26,252,252.05,251.8,252,1700
27,251.97,252.05,251.95,252,1000
28,251.72,252,251.72,251.99,1500
29,252,252.1,251.77,252.03,3600
30,252.155,252.155,251.9,252.045,1700
31,252,252.155,252,252.155,7800
32,251.895,252.155,251.8,251.8,1593
33,252.03,252.03,251.89,251.89,200
34,252.45,252.45,252.05,252.05,9000
35,252.48,252.76,252.48,252.495,2400
36,252.5,252.55,252.34,252.43,1300
37,252.26,252.68,252.26,252.62,1700
38,252.17,252.595,252.08,252.465,6409
39,252.25,252.63,251.91,252.38,88885
144,251.61,251.61,251.61,251.61,1159
145,252.36,252.59,250.65,250.89,2500
146,252.59,252.7,252.09,252.68,6450
147,253.645,253.645,252.34,252.52,8238
148,253.715,253.83,252.34,253.775,2617
149,253.91,254.22,253.54,253.54,1300
150,252.64,253.415,252.64,253.02,1900
151,252.61,253.19,252.59,253.18,3409
152,252.27,252.7266,251.64,252.6,700
153,251.35,252.23,251.35,252.23,600
154,252.365,252.45,251.635,251.82,4021
155,252.54,252.54,252.39,252.39,500
156,252.71,252.885,252.3,252.55,5098
157,252.69,252.7,252.34,252.7,900
158,252.55,252.55,252.39,252.39,200
159,252.69,252.69,252.42,252.55,1000
160,252.645,252.79,252.49,252.555,3997
161,252.74,252.74,252.43,252.45,300
162,252.685,252.83,252.47,252.47,700
163,253.22,253.22,252.725,252.79,900
164,253.36,254.06,253.19,253.19,1600
165,253.92,253.93,253.26,253.66,2200
166,254.03,254.19,253.56,253.84,7302
167,253.39,253.965,253.36,253.965,12248
168,253.61,253.655,253.05,253.135,4200
169,253.885,253.885,253.885,253.885,100
170,252.86,253.53,252.715,253.51,3213
171,252.81,252.94,252.81,252.94,2001
172,252.75,252.81,252.52,252.81,1000
173,252.41,252.793,252.41,252.793,435
174,252.42,252.66,252.2,252.44,743
175,252.395,252.57,252.22,252.35,2905
176,252.46,252.628,252.45,252.628,500
177,252.39,252.52,252.34,252.34,600
178,252.29,252.525,252.24,252.525,3200
179,252.86,252.86,252.45,252.62,1800
180,252.17,252.955,252.17,252.955,14833
181,251.85,252.415,251.77,252.29,1200
182,252.72,252.91,252.13,252.19,12984
183,252.45,253.1,252.11,253.06,48911
288,252.54,252.54,252.54,252.54,575
289,250.26,253.645,250.01,252.72,2400
290,251.8005,251.81,251.09,251.09,2300
291,250.575,251.71,250.575,251.71,700
292,250.84,250.84,250.84,250.84,100
293,250.76,251.44,250.75,251.44,1700
294,251.63,251.63,250.86,250.86,962
295,251.56,251.56,250.91,250.91,552
296,252.32,252.32,251.625,251.625,395
297,252.46,252.46,251.995,251.995,600
298,252.75,252.76,252.53,252.53,822
299,252.765,252.765,252.75,252.75,200
300,253.16,253.35,253.02,253.02,600
301,253.46,253.46,253.46,253.46,100
302,253.16,253.5352,253.16,253.5352,300
303,252.85,253.31,252.82,253.31,663
304,252.76,252.85,252.76,252.84,600
305,252.855,252.9792,252.855,252.9792,212
306,252.75,253.16,252.75,253.15,500
307,252.69,252.935,252.595,252.595,400
308,252.78,253.14,252.78,252.985,810
309,252.57,252.63,252.535,252.63,300
310,253.01,253.01,252.53,252.53,500
311,253.07,253.07,252.67,252.67,200
312,252.795,252.97,252.67,252.97,300
313,252.25,252.69,252.17,252.69,700
314,252.75,252.75,252.61,252.61,428
315,253.12,253.12,252.7,252.93,2492
316,253.87,253.88,253.22,253.22,600
317,253.31,253.86,253.23,253.775,1347
318,253.59,253.62,253.48,253.54,10300
319,253.18,253.5,253.18,253.5,700
320,253.395,253.52,253.22,253.22,855
321,253.26,253.43,253.04,253.43,4000
322,253.3,253.3,253.3,253.3,336
323,253.49,253.49,253.35,253.35,440
324,253.52,253.61,253.2,253.425,3500
325,253.16,253.52,253.16,253.52,2180
326,252.75,253.3,252.73,253.17,3295
327,252.88,252.975,252.59,252.9,28317
432,252.16,252.16,252.16,252.16,1023
433,251.1,251.45,251.1,251.45,200
434,251.13,251.9,250.71,250.8,1100
435,251.105,251.105,250.72,250.72,800
436,252,252,250.7,251.11,20237
437,252.1,252.26,251.85,252.11,1100
438,251.455,252.53,251.455,252.324,2600
439,252.21,252.22,251.71,251.71,2100
440,251.05,252.48,250.98,252.48,1800
441,251.22,251.53,251.18,251.47,1900
442,251.37,251.62,250.93,251.23,3678
443,251.09,251.37,251.07,251.37,1700
444,251.24,251.28,251.02,251.06,1500
445,251.44,251.63,251.23,251.23,2700
446,251.44,251.63,251.44,251.44,700
447,251.92,251.92,251.44,251.45,3500
448,251.5,252.1,251.5,251.76,2100
449,251.44,251.53,251.28,251.28,1000
450,251.62,251.84,251.44,251.44,2900
451,251.89,252,251.715,251.715,900
452,252.01,252.3,251.85,251.91,4818
453,251.52,251.81,251.51,251.6,1104
454,251.66,251.71,251.66,251.71,622
455,251.73,251.73,251.72,251.72,300
456,251.7,251.86,251.7,251.86,600
457,251.85,252.07,251.8,251.835,3900
458,251.78,252.03,251.78,251.89,900
459,251.6,251.87,251.6,251.82,2500
460,251.63,251.78,251.51,251.56,3143
461,251.51,251.67,251.51,251.62,1000
462,251.41,251.5,251.41,251.5,400
463,251.56,251.66,251.43,251.51,6205
464,251.58,251.7,251.5,251.66,2700
465,251.51,251.67,251.51,251.61,2152
466,251.61,251.61,251.5168,251.58,450
467,251.99,251.99,251.51,251.58,2300
468,252,252.02,251.8,251.99,2800
469,251.98,252,251.88,251.93,6500
470,251.75,252.145,251.75,251.96,19700
471,252.13,252.37,251.75,251.845,38640
864,253.13,253.13,253.13,253.13,455
865,252.3,252.3,252.3,252.3,100
866,253.87,254.06,253.21,253.94,3900
867,255.16,255.16,253.66,253.895,3069
868,254.735,256.09,254.735,255.6,1715
869,254.665,255.18,254.1685,255.18,4530
870,254.72,255.39,254.72,255.14,5743
871,255.17,255.18,253.99,253.99,500
872,255.22,255.23,255.06,255.17,900
873,255.04,255.42,255.04,255.22,2720
874,255.79,255.79,255.1,255.21,1400
875,255.77,255.81,255.4,255.81,1867
876,255.69,255.75,255.69,255.75,300
877,255.43,255.66,255.26,255.31,1800
878,255.265,256.04,255.265,255.85,3250
879,256.41,256.41,255.645,255.875,38650
880,256.56,256.96,256.33,256.5,1383
881,256.82,256.9,256.565,256.9,3700
882,256.85,256.85,256.38,256.58,2144
883,257.06,257.25,256.65,256.65,2850
884,256.85,257.22,256.81,256.9,2000
885,255.92,256.36,255.92,256.36,1900
886,255.84,256,255.71,256,8200
887,256.135,256.135,255.85,255.85,900
888,255.91,256.14,255.91,256.14,600
889,256.34,256.55,256.25,256.32,1183
890,256.46,256.46,256.46,256.46,100
891,256.19,256.46,256.155,256.46,600
892,255.9846,256.23,255.9846,256.04,1147
893,256.125,256.33,256.125,256.1697,900
894,255.62,256.26,255.62,256.25,1797
895,255.57,255.68,255.11,255.68,3713
896,255.88,255.88,255.52,255.52,1300
897,256.39,256.39,255.88,255.88,500
898,256.29,256.38,256.17,256.38,700
899,255.795,256.31,255.45,256.31,1892
900,255.55,255.795,255.55,255.795,600
901,255.83,255.96,255.51,255.69,2951
902,255.7425,255.92,255.65,255.76,3962
903,255.63,255.89,255.55,255.65,21312
a1494941400,256.96,256.96,256.96,256.96,518
1,255.57,255.98,254.89,254.98,1756
2,256.5,256.56,256.36,256.36,700
3,256.14,256.17,255.79,256.17,700
4,256.595,256.615,256.03,256.05,3900
5,256.37,256.82,256.34,256.34,3200
6,255.37,256.31,255.37,256.31,600
7,254.915,255.12,254.605,254.94,900
8,255.015,255.11,254.61,254.76,1800
9,255.19,255.19,254.945,255.01,1100
10,255,255.4,254.99,255.37,900
11,254.76,255.29,254.76,254.97,2500
12,254.95,254.95,254.56,254.75,600
13,254.675,254.7734,254.63,254.64,617
14,254.91,254.91,254.52,254.85,600
15,255.18,255.75,255,255,1500
16,255.655,255.655,254.985,255.46,6600
17,255.565,255.67,255.465,255.645,500
18,255.54,255.72,255.54,255.59,600
19,255.89,255.89,255.565,255.75,1200
20,255.83,255.885,255.75,255.885,900
21,255.735,255.8,255.55,255.56,1900
22,255.51,255.75,255.5,255.73,1500
23,255.56,255.56,255.42,255.42,200
24,255.41,255.6,255.385,255.385,700
25,255.21,255.42,254.755,255.12,2111
26,255.18,255.455,255.18,255.455,300
27,255.1,255.18,255.1,255.18,400
28,255.4301,255.94,255.15,255.15,3700
29,255.75,255.8,255.4801,255.4801,1478
30,255.46,255.8,255.46,255.8,1300
31,255.81,255.9,255.6,255.6,6612
32,255.63,255.85,255.63,255.8,1600
33,255.835,255.9,255.51,255.57,6187
34,255.88,256.5,255.525,255.9,8226
35,255.39,255.9,255.39,255.77,2400
36,255.82,256,255.605,255.605,4378
37,255.5,255.78,255.37,255.771,4743
38,255.62,255.65,255.4575,255.51,3800
39,255.62,255.99,255.45,255.66,17265
144,253.12,253.12,253.12,253.12,360
145,253.66,253.66,252.261,253.12,1200
146,252.81,253.06,252.44,253.02,2358
147,252.2,252.71,250.94,252.67,2950
148,252.77,252.77,252.05,252.2,1300
149,252.29,252.92,251.92,252.89,2692
150,252.4,252.84,252.21,252.24,10400
151,251.64,252.34,251.64,252.34,1700
152,251.775,252.02,251.51,252.015,700
153,250.76,251.51,250.76,251.51,864
154,251.24,251.53,251.24,251.32,2701
155,252.45,252.45,250.55,251.03,1300
156,251.39,252.085,251.39,251.77,1600
157,251.07,251.805,250.52,251.39,1600
158,251.16,251.525,251.16,251.235,600
159,251.765,251.765,251.32,251.325,900
160,251.985,252.275,251.66,251.99,19599
161,251.75,252,251.75,252,1000
162,251.78,252,251.78,251.965,1636
163,251.57,251.95,251.57,251.64,400
164,252.0634,252.0634,251.61,251.61,1263
165,251.93,251.93,251.65,251.71,800
166,251.63,252.09,251.63,252.09,1900
167,252.36,252.36,251.89,252.01,1597
168,252.235,252.235,252,252.02,1200
169,251.93,252.42,251.88,252.42,800
170,251.9,252.035,251.9,252.035,300
171,251.72,251.97,251.64,251.95,1000
172,251.83,251.83,251.64,251.64,200
173,251.64,251.78,251.26,251.78,2000
174,251.51,251.51,250.8,251.26,1100
175,251.23,251.51,251.22,251.22,900
176,251.0099,251.3999,250.19,251.23,800
177,252,252.5,250.81,250.81,1700
178,252.025,252.23,251.74,251.95,3100
179,251.895,252.03,251.54,252.03,6935
180,251.745,252.25,251.745,251.895,4651
181,251.844,252.13,251.56,251.735,2300
182,250.44,251.975,250.36,251.975,5400
183,250.81,251.22,250.35,250.72,18647
288,249.71,249.71,249.71,249.71,599
289,250,250,249.57,249.9,1500
290,250.19,250.41,250.19,250.41,200
291,250.995,251.67,250.93,250.93,500
292,250.82,252.59,250.76,251.66,2400
293,251.56,252,250.81,250.81,5208
294,251.51,252.22,249.83,251.79,11791
295,252.515,252.515,251.74,252,14760
296,253.04,253.04,252.5,252.91,600
297,253,253.44,252.555,252.555,800
298,253.03,253.88,253.02,253.58,1310
299,253.93,253.93,253.08,253.58,5666
300,253.69,254,253.24,253.24,400
301,254.15,255.56,253.49,253.805,39142
302,253.39,254.63,252.78,254.43,5890
303,253.4,253.74,252.91,252.91,2430
304,251.74,253.43,251.74,253.3592,1728
305,252.46,253.15,251.75,252.23,1700
306,251.8301,253.075,251.8301,252.99,471
307,252.1,252.97,252.1,252.18,800
308,252.88,252.91,252.84,252.875,400
309,252.96,252.96,252.92,252.92,300
311,253.04,253.04,252.65,252.74,1300
312,253.045,253.17,252.9,253.02,2400
313,253.2,253.2,253.05,253.05,200
314,253.285,253.3624,253.24,253.245,450
315,253.54,253.65,253.495,253.65,300
316,253.74,254.09,253.61,253.62,1700
317,253,254.195,252.99,253.76,2425
318,252.33,253.12,252.33,253.11,2300
319,252.87,253.11,252.86,252.97,2500
320,252.37,252.93,252.37,252.93,1075
321,252.4,252.42,252.4,252.42,246
322,252.7,252.85,252.5,252.5,1100
323,252.63,252.825,252.38,252.65,3018
324,252.48,252.75,252.45,252.46,1000
325,252.5,252.75,252.43,252.75,2041
326,252.865,253.01,252.3,252.39,2375
327,251.75,253.24,251.67,253.07,17152
432,252.76,252.76,252.76,252.76,614
435,252.57,254.49,252.57,254.49,1890
436,254.045,254.625,252.69,252.69,700
437,254.1,254.455,254.1,254.45,1288
438,254.4,254.68,253.92,253.92,1100
439,254.55,254.55,254.55,254.55,100
440,254.16,254.5319,254.14,254.35,800
441,253.89,254.57,253.75,254.05,3213
442,253.72,254,253.72,253.99,700
443,254.01,254.26,253.83,253.83,900
444,253.82,254.36,253.82,254.36,7100
445,254.625,254.625,253.75,253.75,1200
446,254.09,254.24,254.08,254.16,900
447,254.21,254.395,254.21,254.38,600
448,254.3001,254.42,254.3001,254.42,200
449,254.79,254.79,254.32,254.34,600
450,254.555,254.64,254.46,254.52,500
451,254.6,254.6,254.6,254.6,100
452,254.99,254.99,254.54,254.54,700
453,255.05,255.15,254.85,255,1260
454,254.84,255.24,254.84,255.14,700
455,254.81,255.12,254.81,254.85,1511
456,255.15,255.28,255.07,255.1199,1600
457,255.08,255.32,255.08,255.32,1010
458,254.85,255.12,254.78,254.94,1700
459,254.9,254.9,254.9,254.9,200
460,255.255,255.255,255.07,255.07,400
461,255.2,255.3125,255.2,255.21,400
462,255.215,255.22,255.1,255.22,567
463,255.32,255.35,255.13,255.13,600
464,255.1,255.28,255.1,255.28,800
465,254.825,255.175,254.825,255.1,952
466,254.5,254.97,254.5,254.83,1400
467,254.67,254.67,254.22,254.23,1100
468,255.27,255.27,254.67,254.67,1100
469,254.695,254.97,254.47,254.97,4420
470,254.305,254.64,254.11,254.63,2422
471,253.75,254.34,253.47,254.14,58001
864,254.49,254.49,254.49,254.49,354
865,254.5,254.5,254.5,254.5,100
866,255.77,255.77,254.71,254.97,900
867,255.79,255.79,255.79,255.79,200
868,255.86,256.37,255.6675,256.06,3600
869,256.62,256.62,256.45,256.45,200
870,256.94,256.94,256.275,256.275,400
871,256.735,257.87,256.315,257.06,1335
872,256.91,256.91,256.24,256.72,1125
873,257.685,257.7,256.62,257.295,5404
874,257.35,257.49,257.31,257.31,700
875,257.6,257.6,257.35,257.54,500
876,257.64,257.935,257.64,257.675,2300
877,257.1,257.62,257.1,257.46,1204
878,257.045,257.32,256.76,257.26,400
879,257.33,257.395,257.32,257.355,530
880,257.77,257.77,257.37,257.37,300
881,257.68,257.82,257.68,257.82,400
882,257.49,257.86,257.49,257.86,2700
883,257.49,257.63,257.4,257.53,400
884,257.57,257.58,257.48,257.57,1030
885,257.56,257.6,257.49,257.6,1000
886,257.93,257.99,257.64,257.64,2375
887,258.305,258.43,258.05,258.05,3200
888,258.08,258.52,258.08,258.31,7821
889,258.22,258.44,258.22,258.25,900
890,258.124,258.124,258.124,258.124,125
891,258.48,258.48,258.14,258.24,1100
892,258.49,258.54,258.25,258.25,300
893,259.0319,259.25,258.64,258.64,2807
894,259.355,259.71,259.355,259.47,2900
895,259.8,259.8,259.21,259.365,1600
896,259.835,259.97,259.59,259.88,700
897,260.31,260.31,259.65,259.7,3300
898,259.42,260.51,258.955,260.375,8500
899,258.74,259.2525,258.73,259.13,4800
900,258.75,258.83,258.12,258.77,42400
901,259.29,259.58,258.775,258.805,1734
902,258.51,259.325,258.15,259.15,7600
903,258.36,258.7,258.05,258.53,23470
a1495546200,259.01,259.01,259.01,259.01,335
1,258.31,258.32,258.31,258.32,200
2,256.235,257.92,256.22,257.7,3140
3,255.315,257.18,255.315,256.08,5008
4,255.805,257.23,255.52,257.23,700
5,255.94,256.7,255.2917,255.2917,1626
6,257.55,257.55,255.57,256.115,1300
7,256.06,256.735,255.73,256.735,8521
8,256,256.405,256,256,990
9,255.53,256.77,255.53,255.99,1400
10,255.92,256.165,255.85,255.89,1300
11,255.65,255.89,255.65,255.89,2100
12,256,256.19,255.61,255.61,5832
13,255.93,256.24,255.93,256.15,1900
14,255.805,255.95,255.8,255.95,800
15,256.02,256.125,256.02,256.125,200
16,256.12,257.105,256.03,256.14,7200
17,256.23,256.3,255.87,256.3,2750
18,256.14,256.28,256.14,256.28,400
19,256.15,256.15,256.13,256.15,600
20,255.77,256.21,255.74,256.21,1300
22,256,256.15,255.9,255.9,1600
23,255.96,255.96,255.96,255.96,100
24,255.5,256.25,255.49,255.98,3866
25,255.39,256.07,255.32,256.07,2484
26,255.94,256.195,255.5,255.5,7654
27,256.19,256.19,255.73,255.73,1200
28,256,256.1,255.765,255.94,2453
29,255.91,256.63,255.865,256.18,8922
30,255.885,255.93,255.73,255.93,600
31,255.86,256.43,255.86,255.99,4629
32,255.505,256.21,255.505,256.14,1860
33,255.62,255.82,255.62,255.82,300
34,255.77,255.91,255.49,255.7675,1901
35,255.38,255.5625,255.23,255.5,1900
36,255.225,255.32,255.01,255.32,4300
37,255.65,255.65,254.895,254.9,9354
38,255.23,255.7225,255.05,255.58,7808
39,256,256.04,255.27,255.4,51888
144,256.83,256.83,256.83,256.83,295
146,254.45,256.19,254.435,256.18,2321
147,255.22,255.9675,254.61,254.61,2000
148,256.39,256.79,255.805,256.66,4000
149,256.01,256.585,255.69,256.41,1800
150,255.435,256.5,255.435,256.5,400
151,256.31,256.615,255.48,256.615,1300
152,256.13,256.175,255.635,256.175,1800
153,255.86,256.245,255.85,256.1575,2000
154,255.88,256.165,255.85,255.85,500
155,256.17,256.35,255.81,256.35,1700
156,256.08,256.46,255.83,255.8301,2589
157,256.12,256.665,256.08,256.26,3800
158,256.32,256.645,255.89,256.18,3700
159,256.085,256.34,255.71,256.07,1500
160,256.345,256.46,256.105,256.105,3500
161,256,256.385,255.9,256.355,8083
162,256.18,256.32,255.78,256.05,8600
163,256.295,256.48,256.17,256.17,1297
164,256.43,256.58,256.21,256.34,2900
165,256.43,256.43,256.43,256.43,200
166,256.35,256.6,256.35,256.475,3100
167,256.61,256.61,256.39,256.475,1798
168,256.505,256.505,256.39,256.425,700
169,256.83,256.83,256.69,256.695,600
170,256.73,256.94,256.73,256.85,2700
171,256.96,256.96,256.7852,256.905,1005
172,256.92,257.1,256.76,256.88,6185
173,257.42,257.42,257.0453,257.12,1800
174,257.89,257.955,257.63,257.63,1500
175,257.855,257.93,257.68,257.93,1000
176,257.98,257.98,257.7401,257.8,3250
177,258.03,258.13,257.91,258,1812
178,258.27,258.42,258.0012,258.025,3700
179,258.56,258.62,258.16,258.285,4395
180,258.585,258.83,258.39,258.58,2626
181,258.32,258.74,258.32,258.72,3809
182,258.34,258.64,258.25,258.3,4250
183,258,258.43,257.76,257.88,17842
288,258.41,258.41,258.41,258.41,747
289,258.01,258.42,257.87,257.87,600
290,258.42,258.9199,257.945,258.415,3313
291,258.31,258.39,257.97,258.295,1740
292,258.05,258.4,257.71,258.1,5326
293,258.715,258.75,258,258.13,2500
294,258.1,258.59,258.0303,258.45,3100
295,258.985,259.18,258.04,258.825,3910
296,258.98,259.56,258.57,258.57,2920
297,258.65,258.86,258.635,258.635,600
298,258.96,259.18,258.65,258.72,1426
299,258.85,259.23,258.85,258.99,700
300,259.2375,259.2375,259.115,259.125,1100
301,259.06,259.38,259.05,259.235,6200
302,259.06,259.42,258.98,259.05,3439
303,259.215,259.38,259,259,3500
304,258.97,259.38,258.9,259.22,4900
305,259.2425,259.37,258.84,258.94,18974
306,259,259.26,258.97,259.1937,5200
307,259.46,259.46,258.99,259.25,500
308,259.39,259.68,259.15,259.23,4686
309,259.51,259.685,259.34,259.4799,1800
310,259.52,259.8,259.5,259.8,2400
311,259.47,259.85,259.47,259.51,7000
312,259.175,259.34,258.98,259.34,1652
313,259.225,259.325,259.11,259.11,1800
314,259.5,259.515,259.21,259.22,2700
315,259.74,259.84,259.32,259.4,3065
316,259.51,259.84,259.51,259.84,1552
317,259.5,259.65,259.49,259.51,2400
318,259.78,260,259.5,259.605,4200
319,260.04,260.26,259.73,259.85,1746
320,260.06,260.31,260,260.31,1300
321,259.97,260.18,259.78,260.02,4377
322,259.655,259.975,258.03,259.93,16196
323,259.43,259.655,258.98,259.55,4128
324,260,260,259.28,259.31,6496
325,259.79,259.79,259.725,259.755,400
326,259.37,259.765,259.37,259.765,13939
327,259.52,260.16,258.96,259.29,30358
432,258.62,258.62,258.62,258.62,527
433,259.31,259.52,256.6,259.52,1400
434,257.3,258.47,257.3,257.9,700
435,257.75,258.3,257.17,257.4,1965
436,258.98,258.99,257.74,257.74,1554
437,258.9,258.9,258.755,258.755,200
438,258.785,258.94,258.6,258.755,2190
439,259.34,259.35,258.77,258.94,3579
440,258.8,259.75,258.8,259.57,2900
441,259.03,259.2,258.9,259.05,1200
442,258.8225,259.12,258.67,259,2337
443,258.4,258.7275,258.4,258.66,400
444,258.45,258.59,258.45,258.59,1400
445,258.43,258.66,258.38,258.54,3900
446,258.205,258.305,258.07,258.305,600
447,258.08,258.325,257.9,258.09,1149
448,258.05,258.05,257.85,257.9,300
449,258.65,258.77,258.28,258.28,2800
450,258.65,258.65,258.51,258.65,400
451,258.605,258.76,258.46,258.5,400
452,258.5,258.595,258.44,258.47,599
453,258.45,258.55,258.45,258.55,1642
454,258.17,258.49,258.13,258.49,1555
455,258.48,258.48,258.1,258.19,1555
456,258.54,258.54,258.5,258.5,300
457,258.345,258.345,258.2,258.2,200
458,258.27,258.49,258.27,258.375,1100
459,258.26,258.365,258.22,258.22,1121
460,258.3,258.415,258.27,258.27,600
461,258.59,258.605,258.39,258.39,2500
462,259.495,259.52,258.61,258.61,1515
463,259.35,259.47,259.35,259.44,300
464,258.52,259.39,258.47,259.39,3600
465,258.535,258.575,258.535,258.5675,500
466,258.38,258.68,258.38,258.565,2300
467,258.22,258.32,258.12,258.12,300
468,258.95,258.95,258.42,258.43,1800
469,258.9053,259.2,258.8,258.95,1560
470,259.09,259.19,258.9517,258.9517,1911
471,258.96,259.145,258.68,259.045,9722
a1496151000,259.15,259.15,259.15,259.15,424
1,257.07,257.85,256.94,256.94,425
2,258.68,259.1595,258.68,258.75,1515
3,258.48,258.89,258.3,258.88,1480
4,258.51,259.35,258.51,259,2291
5,257.985,258.48,257.91,258.425,1448
6,258.69,258.87,258.11,258.33,3570
7,258.88,259.11,258.415,258.76,1566
8,259.39,259.5,259,259,2100
9,259.13,259.5213,259.13,259.4,1565
10,259.24,259.38,259.24,259.31,900
11,259.715,259.715,259.2,259.2,600
12,260.3,260.3,259.63,259.68,2300
13,260.7,260.7,260.36,260.36,1100
14,260.125,260.61,260,260.56,4100
15,260.07,260.09,260,260.09,400
16,260.0925,260.0925,260.09,260.09,200
17,259.94,260.27,259.94,260.2536,1600
19,260.32,260.37,260.23,260.23,900
20,260.22,260.47,260.22,260.47,300
21,260.18,260.4742,260.18,260.4742,1300
22,259.74,260.15,259.73,260.15,1500
23,259.77,260.04,259.77,259.89,800
24,259.83,259.8658,259.83,259.8658,3362
25,259.2239,260,259.2239,259.83,2641
26,259.5025,259.67,259.45,259.54,1421
27,259.33,259.5,259.33,259.5,1000
28,259.41,259.63,259.38,259.5,1933
29,258.88,258.88,258.88,258.88,100
30,259.23,259.23,259.18,259.18,600
31,259.23,259.52,259.23,259.315,2100
32,259.3,259.3625,259.225,259.225,700
33,259.46,259.55,259.4,259.4,1541
34,259.58,259.85,259.5,259.5,1300
35,259.18,259.68,259.18,259.675,2000
36,259.005,259.06,259,259,1500
37,259.62,259.62,259.01,259.01,1400
38,258.98,259.62,258.94,259.48,5501
39,259.41,259.67,259.07,259.07,86179
144,260.01,260.01,260.01,260.01,416
145,260.18,260.18,260.1005,260.1005,300
146,260.02,260.49,260.02,260.49,1038
147,259.36,259.865,259.36,259.865,610
148,258.645,259.08,258.645,258.705,1049
149,257.96,258.83,257.96,258.535,2758
150,258.265,258.55,258,258.18,6500
151,258.81,259.14,258.49,258.55,700
152,259.91,259.91,259.37,259.37,900
153,260.37,260.37,259.55,259.92,1800
154,260.84,260.84,260.28,260.61,2100
155,260.675,260.88,260.54,260.84,2000
156,261.45,261.45,260.78,260.83,900
157,260.52,261.32,260.32,261.32,2961
158,260.82,261.01,260.41,260.41,900
159,261.505,261.74,260.94,260.97,1290
160,261.25,261.51,261.25,261.51,1300
161,261.19,261.2,261.17,261.17,500
162,260.74,261.27,260.74,261.27,1166
163,260.66,261.12,260.45,261.06,4030
164,260.34,260.5,260.26,260.46,1900
165,260.83,260.83,260.4175,260.48,500
166,260.495,260.72,260.495,260.72,900
167,260.76,260.89,260.68,260.88,1900
168,261.275,261.37,260.88,260.88,1400
169,261.14,261.33,261.075,261.23,800
170,261.25,261.4025,261.17,261.4025,1760
171,261.505,261.51,261.28,261.39,1200
172,261.57,261.62,261.46,261.465,1901
173,260.51,261.59,260,261.5589,4421
174,260.86,260.86,260.64,260.65,1000
175,260.92,260.92,260.67,260.81,1500
176,260.85,261.33,260.85,260.92,2400
177,260.43,260.85,260.165,260.85,2656
178,261.05,261.05,260.68,260.76,2909
179,261.435,261.56,260.82,261.05,3200
180,261.455,261.56,261.39,261.5,2590
181,261.27,261.825,261.12,261.5025,4644
182,261.3,261.4,261.115,261.13,4909
183,261.57,262.12,261.3,261.5,51724
288,261.31,261.31,261.31,261.31,1456
289,261.17,267.465,257.78,267.465,2840
290,262.155,263.68,260.97,260.97,3200
291,262.615,262.615,261.67,261.67,800
292,260.83,263.095,260.83,263.095,1600
293,260.65,261.74,260.5,261.542,3687
294,261.055,261.055,261.055,261.055,100
295,261.415,261.59,261.085,261.54,1400
296,261.07,261.17,261.07,261.17,409
297,261.3617,261.5,261.28,261.4,1240
298,261.28,261.75,261.22,261.37,2703
299,261.16,261.36,261.02,261.08,2505
300,261.4,261.4,261.07,261.07,1300
301,260.83,261.3,260.83,261.3,1700
302,261.045,261.08,260.81,260.81,1100
303,261.01,261.2,260.85,261.06,2616
304,261.02,261.05,260.8225,260.96,1700
305,261.025,261.025,261.025,261.025,100
306,260.98,261.06,260.98,261.06,300
307,261.12,261.36,260.895,261.005,2700
308,260.97,261.185,260.97,261.185,2200
309,261.0975,261.21,260.96,260.96,1878
310,261.1,261.21,261.1,261.19,1819
311,261.05,261.05,260.99,261.01,400
312,261.035,261.035,261.02,261.02,200
313,261.05,261.25,260.96,260.96,2200
314,260.9845,261.13,260.81,261,600
315,261.46,261.5,261.085,261.16,3844
316,261.72,262.03,261.385,261.435,2500
317,261.8875,261.8875,261.63,261.79,4200
318,262.15,262.15,261.665,261.75,2014
319,261.6675,262.25,261.37,261.97,5554
320,261.74,261.95,261.435,261.4398,3221
321,261.5,261.84,261.3,261.74,5992
322,261.6801,261.9,261.68,261.71,1140
323,262.155,262.155,261.79,261.91,3496
324,261.68,262.08,261.68,262.08,1500
325,262.1,262.395,261.7,261.7,1934
326,262.23,262.41,262.03,262.05,4180
327,262.16,262.63,262.05,262.21,25611
432,261.79,261.79,261.79,261.79,663
433,262.67,262.72,261.065,261.16,2100
434,260.75,261.11,260.61,260.61,500
435,261.25,261.33,260.6555,260.79,3803
436,261.5,261.5,261.13,261.41,1520
437,261.51,261.81,261.4,261.48,1310
438,261.24,261.24,261.24,261.24,100
439,261.24,261.46,261.07,261.23,1000
440,260.98,261.18,260.98,261.18,600
441,260.93,261.16,260.92,261.01,900
442,260.915,260.915,260.69,260.83,418
443,260.71,260.73,260.57,260.73,900
444,260.55,260.77,260.55,260.77,200
445,261.09,261.225,260.48,260.72,4714
446,261.255,261.255,260.96,261.045,3651
447,261.125,261.25,261.125,261.25,561
448,261.06,261.14,260.98,261.14,1500
449,261.32,261.32,261.19,261.2,700
450,260.88,261.32,260.88,261.32,1709
451,260.72,260.89,260.72,260.89,414
452,260.67,260.98,260.67,260.82,1500
453,260.8358,260.93,260.7,260.81,1850
454,261.18,261.18,260.7,260.7,1700
455,261.56,261.58,261.055,261.15,2810
456,261.92,262.02,261.41,261.46,4159
457,262.65,262.65,261.65,261.92,3341
458,262.24,262.32,262.22,262.32,1671
459,262.09,262.27,262.09,262.24,2125
460,262.01,262.27,262.01,262.27,600
461,262.08,262.18,262.01,262.12,800
462,262.08,262.345,262.08,262.18,4200
463,261.92,262.09,261.92,262.09,1000
464,261.88,261.9,261.88,261.9,300
465,262.0275,262.04,261.82,261.83,1208
466,262.035,262.07,261.92,261.99,1628
467,261.985,262.17,261.94,262.09,1720
468,262.02,262.17,261.89,262.04,2100
469,262.24,262.545,261.9,262.14,4376
470,262.19,262.24,261.95,262.24,2585
471,262.23,262.39,262.15,262.38,29748
864,261.95,261.95,261.95,261.95,1428
865,264.51,264.64,260.92,261.23,3200
866,264.435,264.5,263.75,264.5,2100
867,263.53,264.74,262.83,264.74,2885
868,263.1,263.47,263.1,263.28,1000
869,263.78,263.78,263.25,263.34,1100
870,264.09,264.415,263.5625,263.78,2800
871,263.715,263.93,263.715,263.93,200
872,263.56,263.86,263.56,263.86,1202
873,262.75,263.5145,262.75,263.5145,1816
874,262.66,262.75,262.66,262.75,400
875,263.15,263.15,262.4,262.45,2100
876,262.95,262.95,262.95,262.95,100
877,262.4,262.79,262.17,262.79,1100
878,262.37,262.4,262.294,262.4,700
879,262.5,262.5,262.338,262.35,500
880,262.26,262.59,262.25,262.495,4422
881,262.38,262.68,262.38,262.45,600
882,262.64,262.92,262.425,262.55,1900
883,262.625,262.7968,262.43,262.49,1500
884,262.07,262.59,262.07,262.59,500
886,262.2425,262.32,262.19,262.19,400
887,262.23,262.245,262.12,262.245,1400
888,262.4025,262.4025,262.17,262.1775,800
889,262.1625,262.28,262.1625,262.28,1004
890,262.17,262.28,262.11,262.11,400
891,262.21,262.21,262.06,262.16,714
892,262.37,262.37,262.24,262.24,200
893,262.42,262.42,262.31,262.31,400
894,262.4,262.4,262.335,262.35,300
895,262.1675,262.35,262.1675,262.35,1402
896,262.16,262.16,262.16,262.16,100
897,262.4,262.4,262.15,262.15,700
898,262.2,262.35,262.11,262.11,1000
899,262.07,262.195,262.07,262.17,600
900,261.9375,262.1,261.86,262.03,2800
901,261.83,262.06,261.7,262.02,1738
902,261.95,262.33,261.775,261.775,3400
903,261.44,261.73,261.2,261.73,22711
a1496755800,260.47,260.47,260.47,260.47,443
1,261.24,261.24,260.24,260.24,200
2,261.36,261.36,261.24,261.24,900
4,261.67,261.83,261.67,261.69,600
5,261.54,261.695,261.54,261.695,200
6,261.2,261.5,261.2,261.5,879
7,260.81,261.385,260.81,261.385,400
8,261.17,261.445,260.965,261.06,800
9,261.11,261.785,261.11,261.36,500
10,260.7,261.33,260.66,261.33,800
11,260.85,260.87,260.4101,260.72,2900
12,260.67,260.93,260.67,260.93,300
13,260.42,260.64,260.0801,260.64,1800
14,260.64,260.64,260.54,260.54,200
15,260.98,260.98,260.63,260.63,900
16,261.3,261.3,261.19,261.19,200
17,261.21,261.805,261.21,261.61,2315
18,260.525,261.64,260.525,261.64,1722
19,260.7,260.97,260.52,260.84,6004
20,259.97,260.7,259.82,260.7,5408
21,260.52,261.08,259.96,259.96,4983
22,260.57,261.09,260.47,260.47,2668
23,260.375,260.375,260.375,260.375,100
24,259.74,260.5,259.7,260.5,1531
25,260.2,260.2,259.64,259.65,2400
26,259.97,260.46,259.92,260.46,4440
27,260.21,260.47,259.99,260.08,3561
28,260.59,260.9,260.42,260.45,2317
29,260.805,260.805,260.565,260.71,500
30,260.75,260.775,260.54,260.775,2192
31,260.37,260.51,260.37,260.51,1100
32,260.16,260.245,260.16,260.245,300
33,259.91,260.209,259.61,260.209,5514
34,259.235,260.01,259.235,260.01,8099
35,259.12,259.42,259.12,259.18,1752
36,258.26,259.4,258,259.2,8540
37,258.11,258.69,257.8,258.26,4527
38,258.12,258.57,257.88,258.1,7445
39,258.3,258.75,257.93,258.42,34634
144,259.59,259.59,259.59,259.59,684
145,258.2,259.55,257.74,259.55,1500
146,258.83,258.95,258.29,258.95,400
147,259.1,259.1,258.47,258.7,700
148,259.95,259.95,259.1075,259.1075,1100
149,259.95,259.95,259.95,259.95,100
150,259.43,259.98,259.43,259.98,847
151,258.6,259.635,258.6,259.43,1210
152,259.49,259.49,258.67,258.67,1900
153,259.6,259.64,259.3975,259.415,700
154,259.99,259.99,259.99,259.99,100
155,259.97,259.97,259.48,259.48,400
156,259.73,260.08,259.725,259.785,1300
157,259.95,259.95,259.59,259.795,700
158,259.815,259.97,259.815,259.94,500
159,260.33,260.33,259.825,259.96,1000
160,260.45,260.79,260.45,260.495,500
161,260.47,260.61,260.46,260.56,500
162,260.1,260.48,259.98,260.28,2800
163,259.76,259.9,259.76,259.9,400
164,259.39,259.72,259.39,259.705,900
165,258.79,258.86,258.79,258.79,400
166,258.39,258.815,258.18,258.8,2750
167,258.6,259,258.2375,258.7,2337
168,258.81,258.99,258.535,258.77,4500
169,258.54,258.76,258.5,258.73,4101
170,258.7,258.705,258.4766,258.48,4750
171,258.79,259.04,258.55,258.74,2284
172,259.27,259.52,258.94,258.94,514
173,258.96,259.51,258.69,259.38,2981
174,259.005,259.26,258.89,258.89,2300
175,259.05,259.25,259.05,259.25,200
176,258.8,259.05,258.7,259.05,4000
177,258.99,259.02,258.66,258.66,1000
178,259.02,259.02,258.9,258.99,1300
179,259.28,259.4,258.99,259,3500
180,259.145,259.145,258.99,258.99,419
181,259.4,259.4,258.99,258.99,2530
182,259.99,260,259.27,259.39,9102
183,259.73,260.46,259.35,259.845,22154
288,259.98,259.98,259.98,259.98,652
289,258.79,261.13,253.1765,257.9485,2967
290,260.355,260.38,258.99,259.37,4629
291,258.39,259.38,258.39,259.38,200
293,259,259.24,258.205,258.205,400
294,258.84,259.0075,258.84,258.89,700
295,258.76,258.98,258.225,258.225,600
297,259.85,260.46,259.61,259.61,1078
298,260.87,260.87,260.4,260.4,1900
299,261.06,261.06,260.99,260.99,200
300,260.66,261,260.65,261,1500
301,260.63,260.63,260.3,260.58,500
302,260.01,260.45,260.01,260.45,300
303,261.57,261.9,260.54,260.54,2600
304,261.74,261.75,261.39,261.75,1800
305,261.98,261.98,261.82,261.82,600
306,261.65,262.03,261.65,261.99,500
307,261.11,261.65,260.92,261.65,1400
308,260.89,261.15,260.89,261.15,200
309,260.99,260.99,260.8,260.84,700
310,260.935,260.935,260.935,260.935,100
311,260.97,260.97,260.87,260.87,900
312,260.74,260.94,260.42,260.94,600
313,260.82,260.83,260.55,260.55,600
314,260.64,261.5,260.64,260.95,800
315,261.32,261.36,261.23,261.23,500
316,261.19,261.57,261.11,261.42,950
317,261.21,261.21,261.1,261.11,309
318,260.92,261.23,260.77,261.085,6565
319,261,261.06,260.52,260.83,1300
320,260.6,261.04,260.6,260.97,1070
321,260.96,260.96,260.89,260.89,300
322,261.57,261.6,261.17,261.17,500
323,261.4399,261.645,261.4399,261.55,500
324,261.7299,261.7299,261.36,261.36,900
325,262.1,262.43,261.58,261.7275,2136
326,262.82,262.82,261.97,262.185,1808
327,262.96,263.48,262.87,262.97,12451
432,263.15,263.15,263.15,263.15,168
433,260.65,262.03,259.755,260.93,2000
434,262.145,262.47,260.9,261.26,3200
435,262,262.46,261.86,261.86,400
436,262.34,262.34,262.34,262.34,300
437,262.61,262.61,262.61,262.61,400
438,263,263.595,262.63,263.03,700
439,262.875,262.875,262.875,262.875,100
440,261.97,263.3,261.97,262.7,3700
441,261.64,261.72,261.64,261.72,800
442,261.57,261.77,261.56,261.56,800
443,262.2,262.61,261.63,261.73,2300
444,262.16,262.31,262.06,262.25,1500
446,261.55,262.745,261.55,262.45,1600
447,261.58,261.58,261.58,261.58,100
448,261.44,261.6,261.44,261.6,400
449,260.84,261.91,260.72,261.55,2446
450,260.03,260.845,260.03,260.845,900
451,258.86,260.03,258.86,260.03,4200
452,257.9,258.86,257.475,258.86,2626
453,257.87,258.23,257.83,258.23,1200
454,257.17,258.27,257.17,257.845,800
455,255.76,257.15,254.37,257.15,6828
456,256.8875,256.8875,256.59,256.61,1111
457,255.63,256.83,255.63,256.825,862
458,254.65,255.54,254.58,255.54,1449
459,254.7,255.4999,253.17,254.44,5818
460,254.37,254.545,254.17,254.22,900
461,253.59,254.625,253.59,254.38,3797
462,253.8,254.19,253.39,253.42,900
463,252.84,254.14,252.84,254.14,3415
464,249.8,253.33,249.8,253.33,2700
465,251.27,252.7,249.87,250.01,8294
466,252.095,252.205,251.52,251.57,7479
467,253.07,253.07,251.79,252.41,10840
468,252.91,253.22,252.13,253.14,2700
469,252.13,253.1,251.94,253.075,2600
470,252.29,252.33,251.23,252.15,6806
471,252.55,252.79,251.855,252.49,69637
864,251.91,251.91,251.91,251.91,376
865,247.51,251.2,247.51,251.2,8560
866,246.76,246.76,243.96,246.575,4300
867,243.62,246.16,243.62,246.09,13323
868,245.99,245.99,243.62,243.98,5040
869,245.16,245.3,243.9,245.195,4915
870,245.15,245.92,245.15,245.165,7684
871,245.08,245.58,244.82,245.1,4500
872,244.74,245.34,244.74,245.3011,4942
873,245.33,246.1,245.005,245.01,13688
874,246.385,246.905,245.16,245.295,13571
875,247.075,247.4775,246.331,246.331,7091
876,247.68,248.12,247.315,247.325,4809
877,247.11,248.06,246.91,247.635,9761
878,246.7,247.39,246.445,247,9286
879,247.34,247.34,246.41,246.79,9110
880,247.14,247.16,246.48,246.96,14469
881,247.85,248.39,246.91,247,11604
882,247.6,248.19,247.42,247.94,3596
883,247.26,247.56,246.99,247.39,3500
884,247.3,247.55,247.075,247.43,3166
885,246.46,247.68,246.46,247.68,2600
886,246.6,246.78,246.575,246.72,1200
887,247.14,247.14,246.8,246.86,2001
888,246.87,247.38,246.87,247.02,8700
889,247.07,247.17,246.89,247.11,6122
890,247,247.01,246.86,246.92,1300
891,246.97,247.14,246.79,247.14,3701
892,247.775,247.775,246.815,246.99,4764
893,247.66,248.02,247.44,247.72,3500
894,247.55,247.65,247.21,247.65,2702
895,248.395,248.585,247.725,248.04,2700
896,248.22,248.565,248.105,248.16,2200
897,248.35,248.89,247.99,248.47,3714
898,248.45,249.23,248.26,248.34,2400
899,248.74,248.75,248.38,248.59,2100
900,247.85,248.94,247.705,248.75,5700
901,248.33,248.4,247.31,247.69,4114
902,248.35,248.57,248.0468,248.16,4520
903,248.61,248.64,248.18,248.24,28403
a1497360600,250.09,250.09,250.09,250.09,928
1,249.215,250,248.72,249.54,4100
2,250.06,250.39,248.94,249.34,13752
3,250.025,250.21,249.365,250.21,6304
4,249.32,250.13,249.32,250.025,6003
5,249.21,249.58,249.21,249.21,900
6,248.85,248.86,248.78,248.86,300
7,249.78,249.78,248.88,249.045,1000
8,248.91,249.6,248.66,249.6,2600
9,248.4,248.925,248.27,248.925,1200
10,248.56,248.72,248.15,248.4,1786
11,249.44,249.83,248.83,249.07,1500
12,249.78,249.78,249.56,249.62,940
13,249.3501,249.77,249.35,249.77,1340
14,249.59,249.82,248.97,249.04,3500
15,249.59,249.84,249.59,249.79,1900
16,249.8001,250.04,249.64,249.96,5356
17,250,250.03,249.83,250,1600
18,249.61,249.61,249.56,249.56,500
19,249.1401,249.42,249.1401,249.42,500
20,249.75,249.75,249.32,249.42,2410
21,249.815,249.815,249.8,249.8,923
22,249.68,249.97,249.54,249.82,2000
23,249.77,249.77,249.56,249.64,1200
24,249.55,249.76,249.55,249.76,786
25,249.69,249.69,249.69,249.69,100
26,249.45,249.9,249.45,249.9,1100
27,249.87,250,249.65,249.65,4334
28,249.62,249.97,249.56,249.88,2451
29,249.44,249.56,249.38,249.38,932
30,249.5,249.5,249.38,249.4,900
31,249.68,249.68,249.44,249.54,900
32,249.9,249.9,249.67,249.67,200
33,249.49,249.49,249.49,249.49,100
34,249.99,250,249.71,249.905,1400
35,249.9899,249.99,249.84,249.84,300
36,250,250.01,249.835,249.835,4058
37,249.93,250,249.81,249.81,2907
38,250.005,250.2575,249.7,250,10522
39,249.98,250.01,249.52,250,20805
144,251.2,251.2,251.2,251.2,479
145,251.77,251.77,250.45,251.48,1600
146,250.93,251.67,250.33,251.0573,1300
147,250.165,251.885,249.97,251.53,4447
148,251.445,251.53,250.07,250.41,10900
149,250.5,251.24,250.5,251.24,700
150,250.92,251.12,250.25,250.25,604
151,251.27,251.27,251.17,251.17,300
152,251.86,251.86,251.4,251.48,903
153,251.98,252.22,251.98,252.05,400
154,252.09,252.16,251.78,252.16,9000
155,252.26,252.35,251.951,251.951,2000
156,252.77,252.77,252.41,252.41,1980
157,252.94,252.94,252.65,252.745,600
158,253.61,253.61,253.08,253.08,600
159,253.625,253.65,253.42,253.59,1490
160,253.12,253.59,253.12,253.56,2600
161,253.25,253.25,253.1,253.1,500
162,253.23,253.23,252.99,253.04,300
164,253.38,253.39,253.17,253.39,400
166,253.12,253.12,253.08,253.08,400
167,253.1393,253.1393,253.1393,253.1393,150
168,253.08,253.33,253.08,253.33,200
169,253.12,253.12,253,253.03,500
170,252.84,253.18,252.84,253.18,500
171,253,253.01,252.565,252.76,900
172,253.205,253.205,252.57,252.5701,792
173,252.44,253.76,252.23,253.5,3200
174,252.85,252.88,252.72,252.74,400
175,252.39,252.83,252.39,252.78,600
176,251.465,252.2,251,252.12,6775
177,252.26,252.56,251.77,251.9,1927
178,251.87,252.21,251.625,252.21,800
179,251.125,252.07,250.565,252.07,2110
180,251.78,251.78,251.14,251.14,1200
181,252.49,252.49,251.71,251.72,1954
182,253.01,253.01,252.13,252.28,1800
183,253.03,253.44,252.405,252.92,19045
288,250.35,253.3,250.35,253.3,467
289,249.76,251.27,247.83,248.535,1300
290,250.31,251.44,249.68,249.68,3973
291,251.46,251.47,250.75,251.2,8681
292,250.44,252.16,250.44,251.87,2032
293,250,251.28,250,251.28,2398
294,249.16,249.64,248.77,249.095,1000
295,250.155,250.98,248.61,248.61,12206
296,249.98,250.3,249.66,250.145,5300
297,250.25,250.47,249.16,250.105,8285
298,249.75,250.21,249.7,250.09,4232
299,250,250.04,249.1,249.65,2900
300,249.75,250.135,249.54,249.76,3515
301,249.46,250.08,249.4,249.845,1900
302,249.38,249.48,248.71,249.48,1500
303,247.951,249.33,247.57,249.2,3700
304,248.85,248.92,248.01,248.52,2633
305,248.87,249.29,248.201,248.39,4686
306,248.62,248.73,248.051,248.5,4100
307,248.195,248.53,248.195,248.221,900
308,248.7,248.82,248.34,248.57,1100
309,249.37,249.37,248.84,248.84,400
310,249.17,249.54,249.17,249.49,1500
311,249.68,249.86,249.2,249.86,300
312,249.67,249.94,249.39,249.75,2800
313,249.87,249.92,249.83,249.92,1100
314,249.6324,250.1,249.6324,250.01,1583
315,250.045,250.43,250,250.0875,700
316,250.41,250.41,250.01,250.05,1100
317,251.02,251.02,250.77,250.77,800
318,250.98,251.26,250.91,251.25,4905
319,250.8,251.035,250.8,251.035,2500
320,251.04,251.115,251,251,800
321,251.195,251.195,251,251.06,500
322,251.04,251.07,251.01,251.03,1100
323,251.26,251.26,251.125,251.125,600
324,251.28,251.56,251.22,251.33,900
325,250.64,251.45,250.64,251.45,1972
326,251.32,251.32,250.83,250.83,1800
327,251.34,251.63,250.72,251.36,26672
432,252.16,252.16,252.16,252.16,1452
433,258.0077,258.0077,254.83,254.83,10100
434,252.24,253.64,252.12,253.64,1000
435,255.1897,255.195,255.0097,255.195,300
436,255.11,255.92,254.46,255.42,12300
437,254.15,255.775,254.15,255.775,2137
438,253.51,253.51,253,253,1000
439,253.71,253.71,253.47,253.47,500
440,254.21,254.21,253.355,253.73,4722
441,254.15,254.27,253.67,254.05,4267
442,253.7,254.08,253.7,253.9,2430
443,254.17,254.19,253.655,253.655,3310
444,253.905,254.205,253.78,254.09,7566
445,254.0595,254.12,253.6,253.94,4832
446,254.5,254.62,254.02,254.09,2824
447,254.5,254.785,254.09,254.785,4801
448,256.34,256.35,254.8,254.84,4146
449,255.395,255.78,255.01,255.47,5059
450,255.81,256.51,255.26,255.43,18292
451,255.76,255.81,255.11,255.52,6255
452,255.605,255.895,255.605,255.895,600
453,255.65,255.71,255.2,255.58,2900
454,256.035,256.31,255.495,255.64,3200
455,255.14,256.26,255.14,255.75,1676
456,255.46,255.57,255.32,255.32,500
457,255.06,255.32,255.06,255.32,1500
458,255.1,255.27,254.945,254.945,1400
459,255.035,255.3225,255.035,255.25,1400
460,255.43,255.43,255.005,255.23,1263
461,255.5,255.5,255.22,255.439,2200
462,256.315,256.36,255.51,255.51,13228
463,255.965,256.49,255.965,256.315,2500
464,255.935,256.05,255.655,256.05,2700
465,256.439,256.439,256.0225,256.05,4170
466,256.16,256.419,255.96,256.2362,2537
467,256.135,256.41,256.07,256.175,8500
468,256.165,256.28,256.06,256.22,3500
469,256.35,256.58,255.885,256.14,4700
470,256.22,256.73,256.135,256.6,9839
471,256.31,256.46,255.84,256.13,37191
864,258.62,258.62,258.62,258.62,1832
865,259.96,260.1775,242.7616,242.7616,21434
866,258.89,259.76,257.4,259.75,7904
867,259.49,260.815,257.92,258.1,16350
868,260.12,260.24,259.7955,260.04,1399
869,259.125,259.23,259.125,259.22,304
870,259.23,259.2999,257.765,259.26,4207
871,258,258,258,258,100
872,258.82,258.82,258.18,258.18,500
873,258.74,259.11,258.29,258.7,3600
874,258.36,258.96,258.36,258.755,1500
875,258.985,258.985,258.85,258.85,300
876,258.92,259.03,258.79,258.79,1300
877,259.34,259.53,259.05,259.05,1200
878,259.46,259.46,259.265,259.265,15600
879,258.74,259.39,258.74,259.39,500
880,259.47,259.76,258.9699,258.9699,1900
881,259.15,259.435,259.15,259.435,200
882,259.54,259.54,259.45,259.45,964
883,259.26,259.55,259.26,259.5,4860
884,259.71,259.89,259.58,259.58,800
885,259.73,259.73,259.72,259.72,200
886,259.759,259.759,259.4601,259.749,1106
887,259.49,259.62,259.49,259.62,300
888,259.59,259.79,259.22,259.22,1000
889,260.885,260.94,259.63,259.76,17900
890,260.07,260.74,260.07,260.74,700
891,260.09,260.09,259.92,259.92,200
892,259.42,259.68,259.22,259.68,1800
893,260.615,260.615,259.43,259.43,600
894,259.46,259.87,259.46,259.716,1000
895,259.495,259.545,259.2,259.2,1949
896,259.365,259.865,259.365,259.585,1600
897,259.03,259.37,259.03,259.34,1451
898,259.43,259.43,259.04,259.25,2100
899,259.56,259.82,259.28,259.4,6350
900,259.42,259.59,259.36,259.445,1400
901,260.01,260.01,259.365,259.425,2000
902,260.05,260.05,259.87,259.94,1500
903,260.47,260.6597,259.9,260.09,19835
a1497965400,260.01,260.01,260.01,260.01,238
1,261.4,261.4,260.38,260.38,900
2,261.17,261.17,260.81,260.9,600
4,259.88,261.26,259.5,261.26,500
5,260.22,260.22,259.26,260.15,1688
6,259.635,259.825,259.59,259.825,823
7,259.415,259.66,259.19,259.41,5296
8,259.09,259.48,259.09,259.39,1717
9,258.92,259.305,258.58,259.305,2000
10,258.67,258.67,258.67,258.67,100
11,258.32,258.8,258.32,258.8,500
12,257.995,258.47,257.995,258.47,4299
13,258.4,258.4,257.94,257.94,1100
14,258.69,258.69,258.32,258.39,700
15,258.85,258.85,258.35,258.395,2100
16,258.36,258.47,258.36,258.47,400
17,258.9,258.92,258.2801,258.2801,1175
18,258.85,258.96,258.37,258.96,2590
19,258.79,258.88,258.46,258.88,1400
20,259.47,259.47,258.705,258.71,2828
21,259.53,259.69,259.4,259.4,2000
22,259.85,259.89,259.685,259.87,500
23,259.96,259.97,259.7228,259.7228,800
24,260.02,260.02,259.785,259.785,600
25,259.845,259.98,259.7,259.825,2014
26,259.78,260.105,259.78,259.98,3109
27,259.935,260.07,259.73,259.82,1000
28,260.5,260.5,260.07,260.07,3500
29,260.275,260.62,260.26,260.57,7363
30,259.825,260.26,259.73,260.26,13108
31,260.25,260.46,259.96,259.96,2135
32,260.33,260.39,260.09,260.27,2400
33,260.84,260.88,260.14,260.14,2534
34,260.625,261,260.56,260.84,11847
35,260.475,260.83,260.4,260.83,9095
36,260.48,260.51,260.3,260.41,10236
37,260.98,260.99,260.27,260.32,6097
38,261.36,261.36,260.18,260.76,15622
39,261.04,261.43,260.51,260.79,45022
144,261.57,261.57,261.57,261.57,603
145,263.315,263.315,256.045,256.045,2639
146,262.67,262.89,262.15,262.655,1316
147,263.29,263.29,262.18,262.73,700
148,263.8,263.99,262.8,262.83,5000
149,261.86,263.545,261.86,263.31,4700
150,262.14,262.97,261.84,262.02,5899
151,262.23,262.355,261.88,262.355,3000
152,262,262.71,262,262.08,2650
153,262.03,262.15,261.73,262,6478
154,262.17,262.17,261.65,261.83,5130
155,261.5,262.18,261.5,261.97,2825
156,261.03,261.5,261.03,261.27,9200
157,261.22,261.34,261,261.03,5594
158,261,261.24,260.74,261.2,4493
159,260.43,261,260.0549,261,3977
160,260.53,260.8,260.53,260.61,2200
161,260.64,260.8,260.52,260.78,1672
162,260.56,260.79,260.56,260.625,4619
163,260.24,260.74,260.24,260.64,1000
164,259.52,260.5,259.52,260.5,2000
165,258.72,259.19,258.72,259.19,882
166,259.04,259.52,258.4101,258.64,4300
167,259.67,259.67,259.0101,259.0101,1500
168,259.44,259.69,259.38,259.69,400
169,259.59,259.68,259.29,259.565,5598
170,259.3,259.37,258.95,259.32,4700
171,259.87,259.97,259.34,259.34,4401
172,259.53,259.7,259.53,259.7,300
173,259.98,259.98,259.47,259.5,600
174,259.54,260.01,259.54,260.01,1300
175,259.95,259.95,259.6,259.7068,2518
176,259.71,259.95,259.71,259.88,1000
177,259.56,259.66,259.53,259.66,700
178,259.11,259.56,258.96,259.56,1319
179,258.3,259.06,258.28,259.06,2100
180,258.67,258.88,258.1301,258.26,5230
181,258.52,258.71,258.47,258.65,3339
182,258.41,258.94,258.2401,258.37,7454
183,258.69,258.93,258.31,258.4,17702
288,258.19,258.19,258.19,258.19,436
289,258.79,260.43,258.79,260.43,200
290,259.2199,259.76,255.32,259.76,1700
291,259.34,260.01,258.6105,259.58,6567
292,259.77,259.95,258.85,258.94,3867
293,260.01,260.1,259.23,259.23,3901
294,260.46,261.23,260.04,260.04,2622
295,260.64,260.92,260.0625,260.185,1100
297,260.995,261.81,260.54,260.99,3510
298,261.66,261.66,260.805,260.805,700
299,261,261.18,260.485,261.09,6594
300,260.905,261.16,260.605,260.85,4900
301,261.12,261.61,260.825,260.995,1800
302,261.41,261.41,261.01,261.16,800
303,261.25,261.25,261.105,261.105,1350
304,261.2,261.73,260.93,261.5,1300
305,261.34,261.34,260.93,261,500
306,261,261.09,260.2801,260.75,1700
307,261.12,261.12,260.965,261,1200
308,261.1,261.12,260.95,261.12,1533
310,261.1,261.1,260.895,261.01,1265
311,261.5,261.5,261,261.03,1500
312,261.41,261.41,261.21,261.36,400
313,261.0601,261.168,261.0601,261.168,558
314,261.23,261.23,261.13,261.13,300
315,262.21,262.21,261.01,261.01,5337
316,261.8,262.02,261.35,262,6660
317,261.685,262.01,261.0701,261.58,3100
318,261.9,262.19,261.15,261.96,2300
319,262.03,262.06,261.81,261.94,1949
320,262,262.12,261.9,262.035,3748
321,262.05,262.12,261.41,262.12,1000
322,261.91,262.06,261.64,261.96,1900
323,261.39,261.98,260.77,261.91,10431
324,261.5299,261.61,261.25,261.44,3303
325,261.57,261.99,261.31,261.31,2336
326,261.18,261.75,261.16,261.655,7598
327,261.44,261.74,261.15,261.5,14458
432,262.69,262.69,262.69,262.69,3059
433,263.13,263.13,262.385,262.705,400
434,261.545,261.58,261.545,261.58,200
435,262.5,262.5,261.9,262.34,3638
436,262.28,262.53,262.21,262.3,682
437,262.54,262.55,262.54,262.545,600
438,263.85,263.85,262.8,262.99,1600
439,263.6675,264,263.465,263.79,1431
440,264.69,264.69,263.82,264,4238
441,264,264.9,263.625,264.675,6650
442,264.6,264.6099,264.02,264.1,4328
443,264.94,264.94,264.16,264.61,1587
444,265.67,265.67,264.86,264.86,1100
445,265.185,266.06,265.18,266,6100
446,265.67,265.74,265.28,265.74,1500
447,265.96,266.38,265.46,265.46,2800
448,265.49,266.17,265.22,266.14,7732
449,265.04,265.25,264.44,265.25,3290
450,265.01,265.01,265.01,265.01,100
451,264.91,264.91,264.85,264.85,400
452,264.69,264.77,264.69,264.77,400
453,264.77,264.77,264.77,264.77,100
454,264.41,264.54,264.35,264.54,2600
455,264.37,264.49,264.12,264.38,4300
456,264.79,264.89,264.59,264.59,6624
457,264.67,264.79,264.67,264.79,1202
458,265.18,265.18,264.94,264.94,1000
459,265.72,266.28,264.98,265.55,1200
460,265.685,266.05,265.65,265.69,2638
461,265.95,265.95,265.55,265.73,600
462,265.59,265.86,265.59,265.86,800
463,265.42,265.705,265.42,265.59,1900
464,265.84,265.84,265.135,265.64,2207
465,265.95,266.04,265.84,265.84,600
466,265.34,265.47,264.715,265.47,1593
467,265.24,265.46,264.79,265.36,2400
468,265.21,265.72,265.065,265.37,1400
469,265.4,265.97,264.77,265.34,4239
470,266,266.05,265.41,265.41,3753
471,266.93,267.23,266.21,266.68,82203
864,267.26,267.26,267.26,267.26,526
865,268.685,268.78,267.4833,267.4833,920
866,268.005,268.29,267.44,267.8,5200
867,268.1,268.3,267.73,267.85,3100
868,268.175,268.5675,267.82,267.93,9698
869,268.3,268.3,267.7,268.17,6980
870,268.32,268.33,267.9,267.92,6486
871,267.9,268.59,267.84,268.4,7110
872,267.07,268.11,267.07,267.9199,16700
873,265.515,266.81,265.515,266.81,1347
874,264.54,266.17,264.54,265.91,1600
875,265.56,266.02,264.16,265.22,8090
876,265.97,266.04,265.33,265.33,900
877,266.38,266.92,265.3301,266.04,8002
878,266.51,267.11,266.24,266.3,900
879,266.98,267.39,266.26,266.485,7600
880,267.29,267.36,266.66,267.055,4945
881,267.41,267.58,267.36,267.38,1500
882,267.36,267.36,267.31,267.31,700
883,267.74,268.25,267.245,267.53,12395
884,268.13,268.13,267.47,267.785,2000
885,268.11,268.13,268,268.04,600
886,267.9,268.18,267.66,268.11,3275
887,267.26,267.84,267.26,267.49,2098
888,267.74,267.74,267.16,267.16,913
889,267.82,267.82,267.76,267.76,300
890,267.08,267.675,267.08,267.66,1200
891,266.4,266.95,266.4,266.95,1400
892,265.465,266.21,265.44,266.15,3600
893,265.68,265.8,265.47,265.47,1299
894,265.48,265.655,265.48,265.59,500
895,265.67,265.67,265.21,265.41,1300
896,265.525,265.53,265.21,265.27,3041
897,264.51,265.695,264.51,265.695,1600
898,264.78,264.9,264.555,264.755,4052
899,265.025,265.19,264.81,264.81,600
900,264.855,265.03,264.66,265.03,5128
901,264.145,264.86,264.145,264.855,4041
902,264.34,264.34,263.68,264.125,4800
903,263.94,264.36,263.7,264.36,14823
a1498570200,263.35,263.35,263.35,263.35,226
1,263.85,265.14,262.62,264.42,1500
2,265.475,265.74,263.22,263.57,3600
3,263.9,265.77,263.26,265.245,3400
4,264.67,265.41,264.31,264.31,3267
6,264.72,265.46,264.72,265.21,1851
7,265.48,265.48,264.32,264.52,2039
8,265.39,265.39,264.995,264.995,400
9,265.375,265.78,265.2,265.345,6156
10,265.75,266.02,265.275,265.315,4504
11,265.585,265.73,265.11,265.545,3130
12,265.46,265.75,264.5,265.64,8157
13,265.33,266.4,265.315,265.52,2000
14,265.65,266.26,264.61,265.88,4492
15,265.78,265.9,264.95,265.84,5600
16,265.52,266.22,265.48,265.65,1994
17,265.64,265.96,265.3,265.32,2862
18,265.82,265.92,265.6027,265.655,2700
19,265.81,265.83,265.42,265.755,2574
20,266.01,266.28,265.69,265.83,5854
21,265.4801,266.11,265.47,265.77,6670
22,264.61,265.545,264.23,265.12,4226
23,264.53,264.55,264.18,264.22,2998
24,264,264.53,264,264.5275,1735
25,263.75,264.295,263.48,264,5588
26,263.21,263.95,263.19,263.82,33100
27,263.9,264.425,263.43,263.43,2195
28,262.82,263.87,262.34,263.575,3122
29,262.875,263.06,262.54,263.06,11302
30,263.43,263.58,262.7075,262.8,6301
31,263.04,263.43,263.04,263.37,600
32,263.78,263.78,263.07,263.21,7067
33,263.74,263.94,263.7,263.7,525
34,262.66,263.585,262.66,263.42,4200
35,262.5,262.75,262.5,262.595,7504
36,262.9,263.1,262.58,262.58,2608
37,262.51,262.64,262.37,262.57,3060
38,262.89,263.27,262.58,262.585,7271
39,262.78,263.03,262.49,262.6,19904
144,263.24,263.24,263.24,263.24,579
145,261.62,262.2,261.62,262.2,1000
146,263.1,264.45,261.68,261.68,700
147,262.045,264,261.61,264,4839
148,262.315,262.64,262.06,262.64,400
149,264.06,264.06,262.395,262.395,842
150,263.46,264.02,263.46,263.97,800
151,264.545,264.545,263.69,263.77,1000
152,264.68,264.93,264.02,264.05,1978
153,264.97,264.97,264.5,264.97,1100
154,264.8,264.98,264.735,264.735,1100
155,265.17,265.17,264.61,264.61,2100
156,265.24,265.24,265.13,265.13,1100
157,265.31,265.31,264.88,265.19,1100
158,265.3,265.3,265.3,265.3,100
159,266.38,266.72,265.145,265.145,2800
160,265.93,266.33,265.37,266.33,2700
161,265.07,266.02,265.07,266,3000
162,265.13,265.3199,264.7,265.065,2894
163,265.41,265.41,264.98,265.39,2600
164,265.505,265.62,265,265.1,800
165,265.76,265.76,265.275,265.51,1200
166,265.685,266.3175,265.34,265.51,540
167,265.35,265.7575,265.35,265.65,1000
168,266.05,266.05,265.73,265.73,1000
169,266.05,266.05,265.8,265.8,200
170,266.14,266.14,266.09,266.09,200
171,266.03,266.03,265.77,265.77,200
172,265.09,266.04,264.87,266.04,2529
173,265.415,265.415,265.08,265.08,900
174,264.87,265.465,264.87,265.465,800
175,265.04,265.04,265.04,265.04,100
176,265.44,265.54,265.05,265.05,2400
177,265.67,265.67,265.3692,265.42,1238
178,266,266.04,265.38,265.38,2000
179,266.095,266.095,266.095,266.095,100
180,265.71,265.75,265.41,265.71,622
181,265.78,266.01,265.7,265.86,800
182,265.43,265.79,265.43,265.67,1800
183,265.43,265.88,265.32,265.52,13344
288,264.93,264.93,264.93,264.93,680
289,261.14,264.1,261.14,261.34,2000
290,261.07,261.23,260.1,260.1,700
291,262.26,262.8,260.85,261.06,1200
292,261.4975,261.765,261.4975,261.765,300
293,260.7,262,260.3325,261.77,7301
294,262,262,260.98,260.98,900
295,262.34,262.41,261.58,261.58,1200
296,262.405,262.6,262.405,262.6,200
297,262.16,262.47,261.775,262.25,700
298,261.05,262.015,261.05,261.75,2100
299,261.28,261.66,260.24,260.975,2600
300,260.61,261.45,260.3505,261.45,7169
301,260.76,260.76,260.45,260.47,300
302,261.29,261.42,260.2,260.675,600
303,260.905,261.31,260.905,261.01,1000
304,260.41,261.17,258.78,261.17,7395
305,260.27,260.27,259.98,260.14,3681
306,260.325,260.68,260.25,260.58,1780
307,259.55,260.32,259.52,260.32,2518
308,259.37,259.56,259.35,259.56,600
309,258.69,259.04,258.69,259.04,712
310,258.95,258.95,258.9,258.9,348
311,257.98,258.55,257.98,258.55,300
312,257.19,257.88,256.81,257.87,2261
313,258.28,258.28,257.21,257.21,500
314,257.14,258.79,256.14,258.1856,5849
315,257.7,257.75,256.31,257.01,5400
316,257.64,257.95,257.01,257.52,6226
317,257.4,258.23,257.365,258.17,3682
318,258.44,258.44,257.475,258.09,900
319,258.165,258.9,258.085,258.2,11221
320,258.65,258.91,258.3225,258.75,7723
321,259.03,259.12,258.5,258.87,16547
322,259.23,259.65,259.08,259.28,2500
323,258.95,259.2794,258.95,259.2,327
324,259.23,259.72,258.92,259.1301,2876
325,259.05,259.41,259,259.015,2000
326,259.52,259.64,259.02,259.23,11786
327,259.8,260.19,259.37,259.63,103355
432,259.4,259.4,259.4,259.4,1537
433,260.02,264.285,260.01,262.96,3702
434,262.61,262.61,260.37,260.37,1300
435,261.72,263.35,261.3,262.63,3900
436,261.88,262.48,261.88,262.34,2600
437,260.35,261.8,260.35,261.8,4200
438,260.54,260.63,260.29,260.29,900
439,260.745,261.01,260.51,260.53,1600
440,260.655,260.655,260.15,260.15,200
441,261.6,261.97,260.17,260.635,6143
442,261.805,262.02,261.2203,262.02,1800
443,261.51,261.975,261.255,261.805,3800
444,261.6493,261.73,261.51,261.51,919
445,261.7,261.95,261.04,261.49,2700
446,262.2,262.44,261.59,261.59,1400
447,262.115,262.4,261.73,261.96,2678
448,262.53,262.53,261.83,261.83,1300
449,262.325,262.64,261.93,262.64,6000
450,262.065,262.74,261.91,262.36,5594
451,262.79,263.1,262.77,263.1,600
452,262.43,262.9,262.43,262.575,2100
453,262.18,262.55,262.18,262.43,1900
454,263.04,263.07,262.385,262.385,1400
455,262.4525,262.96,262.39,262.96,2600
456,262.42,263.145,262,262.32,3300
457,262.12,262.65,262.12,262.15,1800
458,262.6,262.6,262.25,262.25,2200
459,262.38,262.415,262.14,262.415,4839
460,262.2305,262.42,262.07,262.08,3532
461,263.25,263.45,262.46,262.46,2600
462,263.27,263.27,262.9902,262.995,700
463,262.75,263.25,262.75,263.01,6190
464,263.1,263.195,262.44,262.62,7754
465,263.64,263.64,262.86,263.2,7500
466,263.29,263.45,263.13,263.29,3400
467,262.89,263.3,262.6575,263.3,1700
468,263.22,263.23,262.985,263.02,5995
469,263.125,263.3,263.125,263.22,3765
470,264.08,264.11,263.07,263.125,5165
471,263.6,264.18,263.27,263.46,86639
864,264.95,264.95,264.95,264.95,1288
865,263.005,265.3,262.495,262.495,2226
866,263.25,263.915,262.03,262.235,2700
867,260.535,263.805,260.535,263.805,1900
868,261.615,261.81,261.38,261.56,1000
869,261.84,262.81,261.84,261.95,4538
870,261.765,262.28,261.76,261.775,400
871,262.05,262.33,261.17,262.27,7700
872,261.97,262.37,261.765,262.37,1100
873,261.2575,261.92,261.255,261.695,3700
874,261.69,261.69,260.85,261.275,6358
875,261.99,262.66,261.57,261.68,2305
876,263.17,263.8,261.99,262.31,4849
877,262.81,263.49,262.33,263.15,5960
878,263.55,263.55,262.975,263.2,1089
879,262.675,263.53,262.56,262.83,1700
880,262.55,262.55,261.84,262.23,2791
881,261.19,262.24,260.985,262.24,2414
882,260.725,260.96,260.48,260.8,6255
883,261.14,261.58,260.59,260.86,12713
884,263.05,263.05,260.82,261.08,5332
885,263.6,264.02,263.02,263.5,20555
a1499261400,264.86,264.86,264.86,264.86,2155
1,266.26,267.49,264.65,266.215,1800
2,265.42,266.785,265.34,265.57,6956
3,267.46,267.55,266.01,266.01,4900
4,266.49,267.52,266.34,267.52,2846
5,265.94,266.87,265.885,266.54,3362
6,266.59,266.59,264.915,266.37,3766
7,268.055,268.2,265.96,265.96,11200
8,268.32,268.81,268.24,268.37,4510
9,267.855,268.77,267.855,268.56,5129
10,268.5199,268.5199,267.72,267.72,2918
11,268.55,268.66,268.365,268.5,1200
12,269,269.01,268.24,268.375,3422
13,267.16,268.76,266.97,268.76,3786
14,267.235,267.605,266.955,266.955,2500
15,267.0075,267.22,266.31,266.96,5320
16,266.95,267.28,266.8,267.01,1000
17,267.89,267.89,267.025,267.18,3318
18,267.96,268,267.45,267.51,4503
19,267.87,267.87,267.49,267.76,2551
20,267.12,267.82,266.535,267.82,2984
21,267.28,267.6175,267.01,267.08,1800
22,266.83,267.28,266.82,267.28,1400
23,267.61,267.61,267.09,267.11,1400
24,267.55,267.86,267.53,267.69,1600
25,267.35,267.49,266.805,267.49,2247
26,267.34,267.6125,267.25,267.31,2489
27,267.28,267.63,267.05,267.05,2100
28,266.87,267.73,266.87,267.73,2210
29,267.29,267.29,267.05,267.06,1200
30,267.67,267.67,266.92,267.105,1300
31,268.29,268.29,267.74,267.74,10524
32,267.2899,268.31,267.13,268.2,4309
33,266.69,267.13,266.64,266.645,1929
34,266.705,266.705,266.24,266.5475,5184
35,266.1,266.68,265.995,266.68,2121
36,266.425,266.51,266.1175,266.27,3600
37,265.89,267.02,265.89,266.425,5612
38,266.11,266.87,265.87,265.89,16451
39,266.81,266.98,266.1001,266.14,44153
