EXCHANGE%3DNASDAQ
MARKET_OPEN_MINUTE=570
MARKET_CLOSE_MINUTE=960
INTERVAL=600
COLUMNS=DATE,CLOSE,HIGH,LOW,OPEN,VOLUME
DATA=
TIMEZONE_OFFSET=-240
a1493040600,65.3,65.3,65.3,65.3,510
1,64.545,64.545,64.545,64.545,230
2,67.8,67.8,67.8,67.8,100
6,67.1,67.1,67,67,200
7,65.55,66.25,65.5,65.775,1800
8,64.3,64.9183,64.25,64.9183,300
11,66.1601,66.3,64.8,64.8,2461
12,67.11,67.11,66.005,66.005,1396
13,67,67,67,67,300
16,67.25,67.4,67,67,300
17,67.65,67.65,66.85,67,3050
18,67.7,67.7,67.7,67.7,100
22,67.7,67.7,67.7,67.7,100
23,68.2,68.2,67.45,67.5,1400
25,68.15,68.15,67.55,67.55,700
26,67.7,68.4,67.7,68.4,1100
27,67.75,67.95,67.65,67.65,500
28,67.65,67.65,67.5,67.5,400
29,67.265,67.5,66.8042,67.5,1669
30,67.05,67.05,67.05,67.05,100
31,67,67,67,67,300
33,67.4,67.4,67,67,400
36,67,67.3,67,67.3,600
37,67.35,67.5,66.85,66.9,3252
38,67.4,67.4,67.3,67.4,500
39,67.3,67.35,67,67.2,4386
144,67.45,67.45,67.45,67.45,105
148,67.5,67.5,67.5,67.5,100
151,67.95,67.95,67.95,67.95,200
152,67.8,67.95,67.8,67.95,400
153,67.95,67.95,67.55,67.55,200
154,68.2,68.5,67.95,67.95,900
155,68.5,68.5,68.45,68.45,200
157,68.45,68.45,68.45,68.45,100
158,68.45,68.45,68.45,68.45,100
159,68.625,68.75,68.05,68.3,1999
161,68.75,68.75,68.75,68.75,200
166,68.75,68.75,68.5,68.5,1000
167,68.55,68.55,68.55,68.55,100
173,68.6,68.75,68.6,68.75,3300
174,68.35,68.55,68.35,68.55,1600
175,68.5,68.55,68.5,68.55,1570
176,68.35,68.35,68.35,68.35,100
177,68.35,68.4,68.35,68.4,200
178,68.1,68.2,67.95,68.15,1000
179,67.6,67.6,67.6,67.6,200
180,67.5,67.6,67.5,67.6,400
181,67.6,67.6,67.55,67.55,200
182,67.9,67.9,67.65,67.7,600
183,67.85,68.3,67.85,67.9,3482
291,67.8,67.8,67.8,67.8,200
292,67.9,68.35,67.85,67.85,400
293,67.95,68.25,67.95,68.25,900
294,67.9,67.9,67.9,67.9,200
296,67.85,67.85,67.85,67.85,100
297,67.9,67.9,67.85,67.85,316
298,67.825,67.95,67.7,67.95,400
299,67.7,67.85,67.7,67.8,700
300,67.9,67.9,67.85,67.85,500
301,67.9,67.95,67.9,67.9,300
302,67.8,67.85,67.8,67.85,200
304,67.75,67.75,67.75,67.75,100
305,67.9,67.9,67.85,67.85,200
306,67.9,67.9,67.875,67.875,300
307,67.9,67.9,67.85,67.85,200
308,67.925,67.925,67.9,67.9,700
309,67.95,67.95,67.9,67.9,600
310,67.95,67.95,67.95,67.95,100
311,67.9,67.9,67.9,67.9,300
312,68,68,68,68,100
314,67.9,67.9,67.9,67.9,700
316,67.9,67.9163,67.7149,67.845,1100
317,67.725,67.8,67.725,67.8,300
318,67.8,67.8,67.8,67.8,100
319,67.8,67.8,67.75,67.8,500
320,67.75,67.8,67.75,67.8,200
323,67.7,67.7677,67.7,67.7,1098
324,67.75,67.75,67.6,67.6,500
325,67.5001,67.775,67.5001,67.775,200
326,67.45,67.775,67.45,67.775,1533
327,67.25,67.25,66.95,66.95,2615
432,67.2,67.2,67.2,67.2,157
433,67.3503,67.3503,67.3503,67.3503,295
435,66.95,67.45,66.85,67.15,800
436,66.35,67.85,66.35,67.4,800
440,66.25,66.25,66.25,66.25,100
441,65.85,66.3,65.8,66.3,400
442,66.05,66.1,65.85,65.85,400
443,66.07,66.07,65.9,65.9,599
444,65.95,66.05,65.95,66.05,699
445,66.05,66.05,66.05,66.05,100
446,66.2,66.2,66.05,66.05,500
447,65.95,66.0978,65.95,66.0978,800
449,65.95,65.95,65.95,65.95,100
450,65.65,65.95,65.6,65.95,600
459,65.65,65.65,65.35,65.4,500
461,65.45,65.45,65.45,65.45,100
464,65.55,65.55,65.55,65.55,100
465,65.55,65.55,65.55,65.55,200
466,65.25,65.4,65.25,65.4,200
467,64.65,65.2,64.65,65.2,400
468,64.75,64.75,64.75,64.75,100
469,64.3,64.6,64.3,64.6,200
470,64.25,64.4198,64.2,64.2,300
471,64.1,64.25,64,64.25,2232
576,64.4,64.4,64.4,64.4,107
579,64.8,64.8,64.5,64.5,5100
580,65.2,65.2,65.2,65.2,100
583,65,65.8275,64.575,65.2,10718
584,65.05,65.4,65.05,65.1024,699
586,64.825,64.85,64.825,64.85,400
589,64.1,64.5,64.1,64.4,900
591,64.05,64.05,64.05,64.05,100
593,64.2,64.2,64.2,64.2,200
597,63.6,64,63.6,64,400
599,64.35,64.35,64.35,64.35,100
604,64.45,64.45,64.45,64.45,100
607,63.65,63.65,63.649,63.649,599
608,63.55,63.7906,63.55,63.7906,699
609,63.55,63.55,63.55,63.55,100
610,63.75,63.75,63.75,63.75,100
612,63.65,63.85,63.65,63.7,900
613,63.35,63.9,63.35,63.75,1406
614,63.1,63.1,63.05,63.05,300
615,63.15,63.5,62.95,63.2,2927
a1493646000,62.5051,62.5051,62.5051,62.5051,300
1,62.9315,62.9315,61.2,61.7,869
3,62.175,62.175,61.85,61.85,300
4,62.7074,62.7074,62.3,62.3,400
5,62.2,62.2,62.2,62.2,100
6,62.8,62.8,62.65,62.675,300
8,62.75,62.75,62.6,62.6,200
11,62.6,62.6,62.6,62.6,100
15,62.8,62.8,62.8,62.8,100
18,62.7,62.796,62.7,62.796,246
19,62.8999,62.8999,62.8999,62.8999,100
20,62.525,62.7,62.3,62.7,1560
21,62.25,62.25,62.2,62.2,200
24,63.5,64.6,63.5,64.1,400
27,63.55,63.675,63.3531,63.5,1431
28,63.4975,63.4975,63.45,63.45,200
30,62.45,63.0788,61.95,63.0788,1395
31,62.5,62.7499,61.9,62.7372,2596
32,63.05,63.05,62.45,62.55,1099
34,62.45,62.625,62.45,62.451,300
35,62.8,62.8,62.35,62.35,200
36,61.4,61.9,61.25,61.9,1600
37,61.3,61.3,61.25,61.25,300
38,62.15,62.4,61.7,61.7,3279
144,63.7,63.7,63.7,63.7,100
154,62.85,62.85,62.45,62.45,200
156,62.65,62.65,62.6,62.6,1900
160,62.65,62.65,62.65,62.65,100
161,62.3,63.1,62.3,62.7,4394
162,62.4,63.15,62.4,62.4,1199
164,62.5,62.5,62.5,62.5,100
165,62.5,62.5,62.2,62.2,300
166,62,62.45,62,62.45,400
169,62.2,62.35,62.2,62.35,700
170,61.75,61.8,61.75,61.8,319
171,62.2563,62.2563,62.2563,62.2563,100
178,62.15,62.15,62.15,62.15,100
179,62.25,62.25,62.15,62.15,300
181,62.4,62.4,62.2,62.2,1400
182,62.45,62.875,62.45,62.55,2869
287,62.4,62.4,62.4,62.4,200
288,62.65,63.1,62.65,62.95,800
291,62.45,62.5,61.85,62,1500
292,62.5,62.5,62.15,62.15,300
293,61.95,62.1,61.95,62.1,300
294,62.05,62.05,62.05,62.05,100
295,61.8649,61.8649,61.8649,61.8649,499
296,61.65,61.9242,61.5,61.85,1200
298,61.4,61.8,61.4,61.8,300
304,61.6,61.6,61.6,61.6,100
306,61.6,61.6,61.6,61.6,200
307,61.8,61.8,61.8,61.8,100
310,61.8,61.8,61.8,61.8,300
312,62.25,62.25,60.95,60.9501,400
313,61.85,61.85,61.85,61.85,100
317,61.8,61.8,61.8,61.8,100
318,61.85,61.85,61.85,61.85,100
319,62.15,62.2,62.15,62.2,200
320,62,62,62,62,100
321,62.1,62.1,62.1,62.1,300
322,62.35,62.35,62.35,62.35,100
323,62.35,62.35,62.175,62.175,300
325,62.65,62.65,62.5,62.5,200
326,62.55,62.8,62.55,62.7,2319
431,63.25,63.25,63.25,63.25,476
433,62.95,62.95,62.95,62.95,100
436,61.15,61.15,61.15,61.15,100
443,62.9,62.9,62.85,62.85,200
444,62.0649,62.0649,62.0649,62.0649,499
445,62.451,62.451,62.451,62.451,499
447,62.6,62.6,62.6,62.6,100
448,62.325,62.325,62.325,62.325,100
451,62.6,62.6,62.5,62.5,2075
459,62.625,62.625,62.625,62.625,100
467,62.55,62.55,62.55,62.55,230
469,62.7,62.7,62.7,62.7,300
470,62.7,63.05,62.7,62.7,1506
576,64.3,64.3,64.015,64.015,200
589,63,63,63,63,100
592,63,63.05,63,63,1300
593,62.975,62.975,62.8,62.9,500
594,62.8,62.8,62.6649,62.6649,699
595,63.25,63.3868,62.625,62.9412,2489
596,63,63.1838,62.9337,63.15,895
598,63.15,63.25,63.1,63.1,1300
599,63.001,63.001,63.001,63.001,1000
600,63.4,63.4,63.25,63.25,500
603,63.4,63.4,63.4,63.4,100
604,63.05,63.1,63.05,63.1,1000
605,63.4,63.4,63.4,63.4,100
606,63.45,63.45,63.45,63.45,200
611,63.7,63.7,63.7,63.7,200
612,63.85,63.85,63.85,63.85,100
613,63.35,63.35,63.35,63.35,100
614,63.45,63.575,63.45,63.575,1823
a1494253200,63.1,63.1,63,63,247
1,63,63.05,62.2655,63.05,798
2,63.3667,63.3667,62.787,63.05,2258
3,63.1388,63.55,62.96,62.96,1668
4,63.45,63.45,63.45,63.45,200
6,63.7412,63.7412,63.7,63.7,300
10,63.6,63.6,63.6,63.6,100
14,63.8,63.8,63.8,63.8,100
15,64.25,64.25,63.825,63.825,800
18,64.0447,64.0447,64.0447,64.0447,145
19,64.2,64.2,64.2,64.2,301
23,63.85,63.85,63.85,63.85,100
24,64.3541,64.3541,64.3541,64.3541,245
27,64.35,64.35,64.35,64.35,100
29,64.2,64.2,64.15,64.15,200
30,64.15,64.15,63.97,64.05,799
31,64.2,64.2677,64.2,64.25,1200
32,64.15,64.2,64.15,64.2,800
33,64.1,64.15,64.1,64.15,600
34,64.8,65.15,64.1999,64.1999,4452
144,66.4,66.4,66.4,66.4,100
150,64.95,65.55,64.95,65.55,700
151,65.45,65.45,65.45,65.45,100
152,65.5,65.5,65.5,65.5,100
153,65.45,65.5101,65.1267,65.3,1222
154,65.5,65.5,65.3,65.3,300
155,65,65,64.95,64.95,200
157,65.6656,65.6656,65.1,65.1,1667
159,65.55,65.55,65.55,65.55,100
164,64.4153,64.4934,64.4153,64.4934,998
165,65.1141,65.2514,64.95,65.2514,800
166,65.1,65.1,65.1,65.1,499
176,64.3,64.55,63.8,63.8,500
177,64,64.3,64,64.3,200
178,63.95,64.15,63.95,64.025,528
289,63.65,63.9,63.65,63.65,1800
290,63.75,64.1,63.725,63.85,1172
296,63.6501,63.6501,63.6501,63.6501,100
297,63.65,63.65,63.65,63.65,100
298,63.9999,63.9999,63.9999,63.9999,162
305,63.6501,63.6501,63.6501,63.6501,100
310,63.8,63.8,63.8,63.8,600
313,63.65,63.7,63.65,63.7,200
314,63.15,63.65,63.1001,63.65,400
316,63.75,63.75,63.75,63.75,100
317,63.7,63.7,63.7,63.7,100
318,63.7,63.725,63.7,63.725,200
319,63.95,63.95,63.7,63.7,515
320,64.05,64.3,64.05,64.2,300
321,64.475,64.475,64,64,300
322,64.15,64.5,63.8001,64.5,1583
427,64.05,64.05,64.05,64.05,135
437,64,64,64,64,100
439,63.85,64.1,63.7762,63.9,956
440,63.98,64.15,63.9,63.9,1099
442,63.65,63.65,63.65,63.65,100
448,63.65,63.65,63.65,63.65,100
453,63.65,63.65,63.65,63.65,100
455,63.65,63.65,63.65,63.65,300
456,63.65,63.65,63.65,63.65,200
460,63.65,63.65,63.65,63.65,100
461,63.65,63.65,63.65,63.65,100
463,64,64,63.65,63.65,200
464,63.65,63.9,63.65,63.9,200
465,63.7,63.75,63.7,63.75,500
466,63.65,63.7,63.65,63.65,1365
571,63.7,63.7,63.7,63.7,420
572,63.5,63.5,62.95,63,1200
573,63.7,63.7,63.65,63.65,700
574,63.7,63.7,63.6,63.6,600
575,62.8,62.8,62.8,62.8,100
576,63.1,63.1,63.1,63.1,200
579,62.95,62.95,62.95,62.95,100
580,62.6136,62.7108,62.45,62.6,2494
581,62.7,62.7,62.7,62.7,100
582,62.65,62.65,62.65,62.65,201
583,62.7,62.7,62.7,62.7,100
587,62.6,62.6,62.6,62.6,100
589,63,63,62.8,62.8,200
590,63.3,63.3,63.3,63.3,200
592,63.65,63.65,63.6,63.6,200
596,63.2,63.35,63.2,63.35,500
597,63.2,63.2,63.2,63.2,100
598,63.25,63.45,63.25,63.45,200
599,63,63,63,63,100
602,63.4,63.4,63.4,63.4,200
603,63.1,63.1,63.1,63.1,100
606,62.95,63.1,62.95,63.1,200
607,62.775,62.775,62.775,62.775,100
608,62.7,62.7,62.7,62.7,100
609,62.455,62.455,62.4,62.4,200
610,62.6,62.7,62.45,62.45,1331
a1494857400,62.9,63.35,62.4282,62.8,6724
8,63.2,63.45,62.85,62.85,400
12,64.3,64.3,63.2,63.7,1755
13,64.9,64.9,64.35,64.425,300
15,64.2,64.2,64.2,64.2,500
16,64.1,64.4,64.1,64.4,700
17,64.25,64.25,64.25,64.25,200
18,64.25,64.25,64.25,64.25,200
21,64.65,64.65,64.65,64.65,100
23,64.35,64.35,64.35,64.35,100
24,64.25,64.25,64.15,64.25,500
25,64.125,64.125,64.125,64.125,100
26,63.595,64.2,63.5,64,800
28,63.35,63.35,63.35,63.35,100
29,63,63.35,63,63.35,200
30,63.6,63.6,63.45,63.45,200
31,63.3,63.35,63.3,63.35,400
34,62.95,63.6,62.95,63.3,1000
35,63.15,63.15,62.85,63.05,1208
144,64.05,64.45,64.05,64.45,200
148,63.2,63.2,63.2,63.2,100
151,63.3,63.3001,63.3,63.3001,400
152,63.3589,63.55,63.15,63.15,3191
153,62.7838,63.3,62.65,63.25,6053
154,62.25,62.8372,62.25,62.7001,2008
155,61.45,61.45,61.45,61.45,100
156,61.55,61.9,61.55,61.9,300
158,62.2,62.2,62.101,62.101,260
159,61.65,61.65,61.65,61.65,100
166,62.7109,62.7109,62.7109,62.7109,500
167,62.3,62.3,62.3,62.3,200
170,62.25,62.3,62.25,62.25,315
171,62.5,62.5,62.4,62.4,543
172,62.25,62.25,62.25,62.25,100
174,62.33,62.33,62.25,62.3,610
177,62.5,62.5,62.35,62.35,1800
179,62.5,62.5,62.5,62.5,1002
284,61.85,61.85,61.85,61.85,491
286,61.999,61.9999,61.75,61.85,2254
287,62.1,62.26,62.1,62.26,598
288,62.1,62.1,62.1,62.1,100
289,62,62,62,62,200
290,61.85,61.862,61.75,61.85,4510
291,61.8,61.8,61.75,61.75,200
294,61.8,61.8,61.8,61.8,120
295,61.25,61.75,61.25,61.75,720
296,61,61.15,61,61.15,300
297,60.65,60.65,60.65,60.65,100
299,61,61,60.75,60.75,500
300,60.85,60.85,60.85,60.85,200
301,60.45,60.45,60.45,60.45,100
305,60.4,60.4,60.4,60.4,100
307,59.1,60.4238,59.1,60.4238,1780
317,59.4,59.4139,59.4,59.4139,756
319,59.25,59.3,59.25,59.3,200
320,59.6,59.6,59.425,59.425,346
321,59.4,59.4,59.4,59.4,100
322,59.454,59.454,59.4,59.4,400
323,59.45,59.6,59.4,59.6,3499
428,59.25,59.25,59.25,59.25,100
429,59.75,59.95,59.75,59.95,200
434,60,60,60,60,100
436,60.1001,60.2,59.55,59.745,1564
437,60.2,60.2,59.85,59.85,2012
438,60.25,60.25,60.25,60.25,499
440,61.15,61.15,61.15,61.15,100
442,61.175,61.175,61.175,61.175,100
444,60.85,60.85,60.85,60.85,100
445,60.65,60.65,60.65,60.65,100
446,60.75,60.9,60.5,60.65,1300
447,61.1,61.1,61.1,61.1,100
450,61.2,61.2,61.2,61.2,100
451,61.2,61.2,61.2,61.2,100
455,61.1259,61.1259,61,61,300
456,61.25,61.25,61,61,695
458,61.1,61.1,61.1,61.1,100
460,60.9,61,60.9,61,600
463,60.9,60.9,60.9,60.9,100
464,61,61,61,61,100
466,61.25,61.25,61.25,61.25,100
467,61.05,61.2,61,61.2,1988
572,60.8,60.8,60.8,60.8,1069
579,61.7105,61.7105,61.7105,61.7105,130
583,61.15,61.15,61.15,61.15,100
584,61.2,61.46,61,61,1400
589,61,61,61,61,100
590,61,61,61,61,500
595,61,61,61,61,100
597,61,61,61,61,300
598,61,61,61,61,200
599,61.0878,61.0878,61.0878,61.0878,133
602,61,61,61,61,100
603,60.85,61,60.85,61,500
605,60.85,60.85,60.85,60.85,100
606,60.8,60.85,60.8,60.85,500
607,60.6,60.75,60.6,60.75,849
608,60.45,60.45,60.2,60.2,800
609,60.5,60.5,60.5,60.5,100
610,60.525,60.525,60.45,60.45,300
611,60.7,60.7,60.45,60.45,3273
a1495459800,61.2,61.2,61.2,61.2,216
3,61.25,61.65,61.125,61.65,700
4,61.55,61.55,61.55,61.55,100
8,61.7,62.3214,61.6,61.7,1800
9,61.7,61.7,61.7,61.7,100
21,61.7,61.7,61.7,61.7,100
26,61.9,61.9,61.9,61.9,100
27,61.75,61.75,61.75,61.75,400
29,61.7,61.7,61.7,61.7,100
31,61.8,61.8,61.8,61.8,100
36,61.75,61.75,61.75,61.75,200
37,61.85,61.85,61.85,61.85,100
38,61.9,61.9,61.75,61.75,554
39,61.95,61.95,61.75,61.75,1392
144,61.65,61.65,61.65,61.65,301
146,63.9,64.15,63,63.6,500
149,62.35,62.8944,62.25,62.55,3592
153,62.225,62.35,62.225,62.35,200
154,62.35,62.35,62.35,62.35,100
155,62.35,62.35,62.15,62.15,200
157,62.3,62.3,62.3,62.3,100
162,61.85,61.85,61.85,61.85,100
163,62.275,62.275,62.275,62.275,100
164,62.225,62.225,62.225,62.225,100
166,62.25,62.25,62.25,62.25,100
167,62.15,62.15,62.15,62.15,100
169,62.35,62.35,62.3,62.3,300
171,62.325,62.325,62.325,62.325,100
172,62.35,62.35,62.1875,62.35,400
175,61.85,61.85,61.85,61.85,100
176,61.85,61.85,61.85,61.85,100
179,61.75,61.75,61.75,61.75,100
183,61.9,62.15,61.75,61.75,2011
289,63,63,63,63,700
290,63.45,63.45,63,63,300
293,62.55,63.15,62.325,62.55,2975
294,62.7,62.85,62.7,62.7,685
296,63.15,63.15,63.05,63.05,200
299,63.05,63.05,63.05,63.05,138
303,62.6,62.6,62.6,62.6,200
310,61.9,62.1,61.9,62.1,200
312,61.75,61.8,61.75,61.8,3147
317,61.95,61.95,61.95,61.95,100
323,61.75,61.75,61.75,61.75,100
325,61.75,61.75,61.75,61.75,100
326,61.85,61.85,61.85,61.85,100
327,61.9,61.9,61.75,61.9,916
432,61.75,61.75,61.75,61.75,192
435,62.65,62.65,62.65,62.65,300
436,62.7,62.7,62.35,62.35,300
437,62.2,62.2,62.2,62.2,100
439,62.076,62.076,62.076,62.076,380
440,61.8737,62.0484,61.8737,62,2400
442,61.6,61.75,61.6,61.75,229
443,61.4,61.4,61.25,61.25,450
445,61.65,61.75,61.3896,61.499,2620
446,61.5,61.5,61.45,61.45,250
449,61.4,61.4,61.4,61.4,100
450,61.35,61.35,61.35,61.35,200
451,61.3,61.325,61.3,61.325,610
452,61.3,61.3,61.3,61.3,200
454,61,61.3,61,61.3,480
456,60.75,60.75,60.75,60.75,219
458,60.95,60.95,60.95,60.95,100
463,60.65,60.65,60.65,60.65,300
469,60.9,60.9,60.9,60.9,100
470,60.55,60.55,60.55,60.55,200
471,61,61,60.85,60.9,1215
581,60.6,60.6,59.99,60.3188,1590
582,60.35,60.67,60.35,60.5,890
585,60.8207,60.8207,60.4,60.45,600
590,61.2499,61.2499,61.2499,61.2499,180
592,60.6,60.6,60.6,60.6,100
593,61.2,61.2,61.2,61.2,100
594,61.3,61.3,61.2,61.2,500
596,61.25,61.25,61.25,61.25,100
598,60.95,60.95,60.95,60.95,100
609,61.07,61.07,61.07,61.07,250
612,61.05,61.05,61.05,61.05,100
613,61.7,61.7,61.4,61.4,300
615,61.6,61.7,61.6,61.7,1751
a1496152800,62.9,62.9,62.7,62.7,200
2,61.3468,61.6884,61.3468,61.6884,988
3,61.2925,61.55,60.8,61.55,6452
4,61.36,61.36,61.36,61.36,495
8,60.9,61,60.85,61,300
20,60.9,60.9,60.9,60.9,100
21,60.88,61,60.8001,61,1000
24,60.9,60.9,60.9,60.9,100
25,61.05,61.05,60.9,60.9,400
26,61,61,61,61,400
27,61,61,61,61,100
33,60.9,61,60.8,61,800
34,61,61,60.3,60.9,1300
35,61,61,61,61,100
36,61.1,61.15,60.9,60.9,956
145,60.25,60.25,60.25,60.25,100
155,61,61,60.7,60.85,900
168,60.95,60.95,60.95,60.95,100
173,59.85,61.05,59.85,60.75,2693
174,60.15,60.6,59.8,60.6,4554
175,59.2,60.0398,59.2,59.95,3063
176,59.8,59.8,59.5,59.5,800
177,60.05,60.05,60.05,60.05,100
178,59.95,60.05,59.95,60.05,759
179,60.2,60.2,59.85,59.85,700
180,59.95,59.95,59.8,59.95,1158
286,60.3,60.3,60.3,60.3,100
292,60.2778,60.2778,60.2778,60.2778,237
294,60,60.005,60,60.005,1000
296,60.6,60.6,60.6,60.6,100
309,60.45,60.9086,60.45,60.9086,1173
315,60.712,60.712,60.712,60.712,157
322,60.95,60.95,60.95,60.95,100
324,61.05,61.15,61.05,61.15,1550
445,62.15,62.15,61.9,61.9,6727
446,62.5,62.6,62.5,62.6,200
447,62.5,62.5,62.5,62.5,100
449,62.65,62.65,62.65,62.65,100
450,62.8,62.8,62.5623,62.5623,300
451,62.25,62.25,62.25,62.25,100
454,62.8,62.8,62.75,62.75,200
455,62.4,62.7,62.4,62.7,300
457,62.2167,62.5,62.2167,62.5,447
458,62.25,62.45,62.25,62.45,300
461,61.9,61.9,61.9,61.9,200
462,61.9,61.9,61.9,61.9,100
463,62.5,62.5,61.9,62.05,600
466,62.6,62.8,62.6,62.8,300
467,62.75,62.75,62.4,62.6,500
468,62.1,62.7,61.9,62.55,3230
861,61.65,61.65,61.65,61.65,301
862,59.05,59.05,59.05,59.05,400
864,61.9,61.9,61,61,300
868,61.6868,61.6868,61.6868,61.6868,200
893,61.275,61.35,61.175,61.175,700
896,61.5,61.5,61.5,61.5,200
897,61.1768,61.5115,60.995,60.995,2130
899,60.9,61.2,60.85,61.2,700
900,60.65,60.8,60.45,60.45,1547
a1496758200,60.15,60.15,60.15,60.15,100
6,60.95,60.95,60.95,60.95,115
15,60.5,60.65,60.5,60.65,200
20,60.65,60.65,60.65,60.65,100
21,60,60.625,60,60.625,3408
24,60.45,60.45,60.45,60.45,100
26,60.35,60.35,60.35,60.35,100
29,60.5,60.575,60.5,60.575,200
33,60.9,61.15,60.6,60.6,400
35,60.45,60.9,60.2,60.725,2233
140,60.85,60.85,60.85,60.85,280
145,61.4,61.4,61.4,61.4,500
146,61.375,61.375,60.75,60.75,800
147,61.3,61.45,61.3,61.45,416
148,61.3,61.65,61.3,61.65,1114
152,61.525,61.525,61.525,61.525,100
156,61.55,61.95,61.5,61.5,1814
157,61.4,61.5,61.15,61.5,3250
158,61.5,61.5,61.4,61.4,200
159,61.8,61.8,61.5,61.6,1100
171,61.85,61.85,61.825,61.825,200
173,61.85,61.85,61.85,61.85,100
176,62.1,62.1,61.975,61.975,200
177,61.85,62.025,61.85,62.025,200
179,61.6,62,61.6,62,2414
298,61.65,61.65,61.05,61.15,1700
303,61.9,61.9,61.025,61.025,800
305,61.95,61.95,61.7,61.8001,505
306,61.85,61.85,61.45,61.45,700
307,61.9,62,61.85,61.85,1100
308,62.05,62.2,62.05,62.2,500
310,62.6,62.6,62.6,62.6,100
311,63.05,63.05,62.475,62.55,400
312,62.85,63.45,62.85,63.45,400
314,62.4,63.35,62.4,63.35,1000
315,62.3,62.3,62.3,62.3,500
316,62.45,62.55,62.45,62.45,700
320,62.675,62.8,62.675,62.8,500
323,62.8,62.8,62.35,62.35,1799
428,62.75,62.75,62.75,62.75,200
431,63.5,63.9,63.5,63.9,1131
433,63.6,63.9,63.6,63.9,1000
435,63.4,63.53,63.4,63.525,800
438,63.575,63.575,63.575,63.575,200
439,63.5988,63.5988,63.575,63.575,300
440,63.625,63.695,63.6,63.6,300
441,63.9,63.9,63.625,63.625,600
442,64.3,64.35,64.05,64.05,917
443,63.9,64.1,63.9,64.05,1641
446,63.825,64,63.825,64,200
447,64.15,64.25,64.15,64.25,400
454,64.3859,64.3859,64.3859,64.3859,300
455,64.15,64.5,64.15,64.4,1600
456,64.3,64.3,63.975,63.975,400
460,64.3,64.3,64.3,64.3,500
461,63.9,64.3,63.9,64.3,400
462,63.9,64.35,63.9,64.35,200
463,64.45,64.45,64.45,64.45,100
465,64.45,64.55,64.4,64.4,500
466,64.45,64.45,64.3,64.3,300
467,64.9,64.9,64.6,64.6,4361
861,65.5,65.5,62.9,65,2900
862,65.4,65.85,65.4,65.45,960
863,66.3,66.3,65.75,66.1,700
865,66.5,66.5,66.5,66.5,200
871,66.1,66.55,66.1,66.55,300
872,65.625,66.05,65.625,66.05,500
874,65.5,66.2,65.5,66.05,1000
882,66,66,65.95,65.95,200
883,65.75,65.95,65.75,65.95,300
886,65.9,65.9,65.9,65.9,100
890,65.65,65.975,65.65,65.8,400
893,65.05,65.05,65.05,65.05,100
895,65.75,65.75,65.15,65.35,900
896,65.75,65.75,65.725,65.725,640
897,65.75,65.75,65.456,65.456,240
898,65.55,66.05,65.55,66.05,700
899,65.55,65.65,65.2,65.5,1651
a1497361200,65.85,65.9,64.7886,65.25,1655
3,64.4,64.4,64.4,64.4,158
5,64.8415,64.8415,64.8415,64.8415,150
9,64.85,65.2455,64.8001,64.8001,398
10,64.8,64.8,64.8,64.8,100
13,64.8,64.8,64.8,64.8,100
15,65.1,65.1,64.05,64.05,300
16,64.7,64.7,64.7,64.7,100
17,64.7,64.7,64.7,64.7,200
21,64.8,64.8,64.8,64.8,100
22,64.6,64.65,64.6,64.65,300
25,64.55,64.55,64.35,64.5,300
26,64.75,64.75,64.575,64.7,300
30,64.45,64.45,64.45,64.45,200
32,64.2,64.425,64.2,64.35,700
33,63.75,63.75,63.75,63.75,100
35,64.35,64.35,64.15,64.15,700
38,64.2,64.3,64,64,976
143,64.1,64.1,64.1,64.1,437
144,64.7,64.7,62.2,62.2,1400
146,63.75,64.4,63.75,64.2,1600
152,63.05,63.65,63.05,63.65,500
162,63.5,63.5,63.5,63.5,200
164,63.4,63.425,63.3,63.3,549
171,63.2,63.2,63.2,63.2,100
172,64.15,64.15,63.3633,63.3633,236
174,63.45,63.45,63.45,63.45,100
176,63.6,63.6,63.6,63.6,200
177,63.05,63.05,63.05,63.05,100
180,64.15,64.15,64.15,64.15,200
182,63.7,63.95,63.4,63.4,1866
288,63,63.05,62.2,62.2,400
298,63.05,63.05,63.05,63.05,100
299,63.8,63.8,63.8,63.8,100
300,63.5,63.5,63.2,63.2,200
303,63.2,63.2,63.2,63.2,400
309,63.4,63.75,63.4,63.75,600
312,63.3,63.3,63.3,63.3,200
314,62.95,62.95,62.95,62.95,100
316,63.7,63.7,63.7,63.7,200
317,63.65,63.65,63.65,63.65,100
318,63.05,63.05,63.05,63.05,100
322,63,63,63,63,100
325,63.4,63.7,63.4,63.6,700
326,63.15,63.15,63,63,771
431,62.85,62.85,62.85,62.85,10359
432,62.85,62.85,62.85,62.85,173
433,63,63.35,63,63.2,1500
434,63,63.25,63,63.2,900
436,63.2634,63.2634,63.2,63.2,200
439,62.951,62.951,62.951,62.951,197
441,63.25,63.7,63.25,63.4,1050
450,63.4,63.5999,63.4,63.5999,200
451,63.35,63.65,63.2305,63.3869,1926
452,63.45,63.4501,63.2,63.45,1330
453,63.4644,63.7,63.45,63.45,712
454,62.9,63.5999,62.9,63.5999,200
457,63.8499,63.8499,63.8499,63.8499,100
461,62.8,62.8,62.8,62.8,200
462,63.45,63.5,62.8,62.8,1900
463,64,64,64,64,300
464,63.85,64.4999,63.7,64.4999,2139
465,63.35,63.9,63.35,63.9,200
466,64.15,64.15,64.15,64.15,100
467,63.5,63.5,63.5,63.5,100
468,63.4,63.425,63.4,63.425,300
470,63.65,64.1,63.65,63.75,1835
863,64.05,64.05,64.05,64.05,458
865,63.9,63.9,63.475,63.5,900
894,63.9,63.9,63.9,63.9,100
900,64,64,64,64,300
901,63.4,63.4,63.216,63.216,900
902,63.85,64,63.3,63.95,1168
a1497965400,63.85,63.85,63.85,63.85,200
1,63.75,63.75,63.35,63.35,500
2,63.55,63.55,63.5,63.55,400
3,63.6,63.8,63.5,63.5,500
6,63.075,63.075,63.075,63.075,100
20,63.55,63.7,63.25,63.25,1400
24,63.55,63.85,63.55,63.85,800
26,63.4,63.4,63.4,63.4,200
32,64.15,64.15,64.15,64.15,100
39,63.25,64.15,63.1,64.15,2466
144,62.95,62.95,62.95,62.95,200
145,63.7,63.7,63.65,63.65,219
149,63.45,63.45,63.3,63.3,400
150,62.825,62.825,62.825,62.825,100
153,63,63,63,63,100
154,63.25,63.3,63,63,1018
159,63.1,63.6,63.1,63.6,1200
160,62.6,62.6,62.6,62.6,400
169,63,63,62.525,62.8234,1515
170,63.35,63.35,63.05,63.05,300
171,63.35,63.35,63.1,63.1,400
173,63.15,63.15,63.15,63.15,200
176,63.2,63.2,63.2,63.2,200
178,63.2,63.3,63.2,63.3,200
179,63.25,63.3,63.25,63.3,300
180,62.85,63.3,62.8,63.3,2400
181,62.55,62.55,62.55,62.55,200
183,62.1,62.55,62,62.25,2294
289,61.5,62.45,61.5,62.35,4400
290,61.55,61.55,61.55,61.55,200
291,60.7578,61.55,60.7578,61.55,800
292,61.9,61.9,61.3,61.3,2027
294,61.5975,61.5975,61.55,61.55,200
295,61.15,61.15,61.15,61.15,100
296,62,62.15,61.45,61.45,1000
298,62,62.5,62,62.2,800
299,61.75,61.75,61.75,61.75,100
301,61.5,61.5,61.5,61.5,200
303,61.3,61.3,61.3,61.3,140
306,61.4,61.4,61.4,61.4,100
309,61.1,61.1,61.1,61.1,100
310,60.85,61.5,60.85,61.5,300
312,60.9,61,60.9,61,500
313,61.4,61.4,61.4,61.4,100
318,60.614,60.614,60.614,60.614,475
327,60.6,60.8805,60.5,60.8805,3186
432,60.5,60.5,60.5,60.5,259
433,60.65,61.375,60.65,61.2087,400
434,60.7,60.8,60.45,60.45,2120
437,61.15,61.4,60.9,61.4,1100
439,60.6,61.2,60.6,61.2,801
446,61.8499,61.8499,61.8499,61.8499,167
447,61.05,61.15,61.05,61.15,400
448,61.05,61.05,60.95,60.95,500
449,60.6,60.95,60.6,60.95,500
451,60.75,60.85,60.75,60.85,200
458,60.2,60.65,60.2,60.65,600
462,60.8,60.8,60.7,60.7,1100
465,60.9,60.9,60.65,60.65,200
466,60.7623,60.7623,60.7623,60.7623,100
467,61.1,61.1,60.7,60.8,1000
468,61.1,61.1,61.1,61.1,100
469,61.405,61.5,61.15,61.15,400
470,61.35,61.35,61.35,61.35,200
471,61.15,61.45,60.95,61.4,14895
867,61.25,61.25,61.05,61.05,600
868,61.3,61.3,61.3,61.3,100
872,61.15,61.15,61.05,61.05,800
873,61.15,61.15,61.15,61.15,310
874,61.35,61.35,61.35,61.35,411
875,61.55,61.55,61.55,61.55,100
877,61.95,62.4,61.45,61.45,1800
880,62.31,62.31,62.31,62.31,100
883,62.25,62.25,62.25,62.25,100
884,62.15,62.25,62.15,62.25,600
885,62.15,62.15,62.15,62.15,100
886,62.1,62.2,62.1,62.15,700
887,61.8,62.1,61.8,62.1,800
888,61.35,61.8,61.35,61.55,1497
890,61.2,61.2,61.2,61.2,112
896,60.7852,60.7852,60.7852,60.7852,100
898,61.05,61.05,61.05,61.05,200
899,60.705,61.05,60.705,61.05,900
900,60.9,60.9,60.9,60.9,100
901,61.25,61.25,60.7,60.95,2900
902,61.25,61.8,61.1001,61.75,2550
903,61,61.25,61,61.15,3000
a1498570200,61,61,61,61,148
1,61.05,61.05,60.9,60.9,300
2,61.25,61.5,61,61,1401
4,61.35,61.4,61.35,61.4,200
7,61.75,61.75,61.75,61.75,100
9,61.65,61.65,61.55,61.55,300
10,61.7,61.7,61.7,61.7,100
12,61.65,62.2,61.65,62.2,989
14,61.475,61.5,61.475,61.5,200
15,61.75,61.85,61.6,61.6,300
16,61.3,61.8,61.25,61.8,1169
17,61.3,61.35,61.3,61.35,200
20,61.05,61.25,61,61,300
21,61.35,61.35,61.35,61.35,100
22,61.15,61.15,61.15,61.15,100
25,61.35,61.35,61,61.05,1800
26,61.45,62,61.45,61.5,810
28,61.7,61.7,61.7,61.7,100
30,61.4,61.45,61.4,61.45,200
33,61.1,61.1,61.1,61.1,100
34,61.45,61.6,61.1,61.6,400
35,61.1,61.7,61.05,61.35,2148
36,61.05,61.05,60.9,60.9,200
37,60.725,61.15,60.725,61.15,1600
38,61.1,61.1,61.05,61.05,800
39,61.15,61.35,61.05,61.05,1121
144,61.15,61.15,61.15,61.15,100
146,61.55,61.55,61.15,61.2,400
147,61.45,61.45,61.45,61.45,100
148,61.55,61.55,61.55,61.55,100
149,62.35,62.35,61.55,61.6,2901
150,62.35,62.35,62.35,62.35,100
158,62.9,62.9,62.9,62.9,100
160,62.95,62.95,62.95,62.95,100
161,63.25,64.15,63.05,63.05,1045
162,64.125,64.125,64.1,64.1,200
165,63.35,63.35,63.35,63.35,100
166,63.6,64,63.6,63.75,729
167,63.55,63.55,63.3,63.4,305
169,63.3,63.35,63.3,63.35,205
173,63.95,63.95,63.9,63.9,400
176,63.306,63.306,63.306,63.306,143
177,63.422,63.45,63.15,63.15,800
178,62.4,63,62.4,63,2115
179,61.8,62.6,61.8,62.45,500
180,62.6,62.6,62.6,62.6,100
181,61.9,61.9,61.9,61.9,100
182,62,62.1,61.85,61.9,743
183,62.25,62.4,61.9,61.9,3243
288,62.6,62.6,62.6,62.6,536
289,61.26,62.5,61.05,61.5352,2205
290,62.05,62.35,61.8,61.9883,2095
291,62.35,62.4,61.8,61.8,966
295,63.05,63.55,62.9,62.95,2286
296,61.9,63.2,61.9,63.2,4300
297,62.05,62.05,61.75,61.8,1700
298,62.175,62.35,62.175,62.2,1073
299,62.95,62.95,62.95,62.95,100
301,62.25,62.25,62.25,62.25,100
313,62.715,62.715,62.525,62.525,200
323,62.5,62.5,62.5,62.5,200
327,62.65,62.8,62.55,62.65,2330
433,62.5,62.5,62.5,62.5,300
440,62.5,62.5,62.5,62.5,200
441,62.4,62.4,62.4,62.4,100
455,62.4,62.4,62.4,62.4,400
456,62.4,62.4,62.4,62.4,1237
458,62.7,62.7,62,62,3920
465,62,62,62,62,100
466,62,62,62,62,600
468,62,62,62,62,3656
469,61.95,61.95,61.95,61.95,100
470,61.7,61.8,61.7,61.8,200
471,61.55,61.7,61.2,61.65,4035
864,61.35,61.35,61.35,61.35,204
867,61.45,61.45,61.45,61.45,100
868,61.45,61.45,61.45,61.45,100
880,61.95,62.2,61.95,62.2,600
883,62.4,62.45,62.4,62.45,200
884,62.5,62.5,62.5,62.5,600
885,62.45,62.5,62.3,62.4,1838
