EXCHANGE%3DNASDAQ
MARKET_OPEN_MINUTE=570
MARKET_CLOSE_MINUTE=960
INTERVAL=600
COLUMNS=DATE,CLOSE,HIGH,LOW,OPEN,VOLUME
DATA=
TIMEZONE_OFFSET=-240
a1493127000,41,41,41,41,4095
1,41.2,41.23,41,41.135,27656
2,41.11,41.17,40.99,41.15,263800
3,40.9,41.14,40.86,41.14,9681
4,41.01,41.09,40.89,40.9,37681
5,40.85,41.02,40.85,41.02,9900
6,40.68,40.86,40.68,40.86,7863
7,40.63,40.7299,40.61,40.68,20614
8,40.76,40.76,40.58,40.61,9402
9,40.59,40.75,40.59,40.74,20769
10,40.57,40.59,40.53,40.59,27631
11,40.64,40.7,40.58,40.58,10900
12,40.59,40.65,40.56,40.64,13591
13,40.65,40.68,40.57,40.6,12987
14,40.77,40.77,40.65,40.68,11506
15,40.7199,40.771,40.69,40.75,11533
16,40.7999,40.8025,40.65,40.71,17797
17,40.83,40.865,40.7825,40.79,14950
18,40.82,40.87,40.8,40.83,13520
19,40.81,40.835,40.74,40.82,15488
20,40.785,40.83,40.76,40.8,16194
21,40.73,40.8,40.7,40.79,17745
22,40.73,40.73,40.71,40.73,10263
23,40.71,40.76,40.69,40.74,13127
24,40.62,40.7,40.61,40.7,14897
25,40.63,40.67,40.6,40.6101,16388
26,40.65,40.69,40.59,40.62,13349
27,40.64,40.66,40.59,40.64,10600
28,40.6592,40.67,40.58,40.64,15777
29,40.68,40.72,40.63,40.64,13301
30,40.63,40.7,40.62,40.68,16966
31,40.57,40.59,40.54,40.59,12577
32,40.51,40.56,40.51,40.55,11947
33,40.54,40.54,40.48,40.53,13365
34,40.515,40.58,40.495,40.56,15073
35,40.47,40.56,40.465,40.51,16289
36,40.54,40.55,40.48,40.49,18733
37,40.485,40.55,40.475,40.55,24758
38,40.44,40.5,40.4,40.485,46822
39,40.44,40.49,40.38,40.445,84448
144,40.24,40.24,40.24,40.24,3033
145,40.49,40.49,40.24,40.32,3192
146,40.2944,40.48,40.2944,40.48,2145
147,40.05,40.36,40.05,40.36,13904
148,40.08,40.19,40.03,40.1,15698
149,40.18,40.2,40.07,40.1,6700
150,40.18,40.21,40.17,40.18,4564
151,40.1604,40.2,40.09,40.2,17909
152,40.17,40.18,40.11,40.15,9635
153,40.09,40.2,40.08,40.17,15149
154,40.07,40.16,40.03,40.11,4987
155,39.83,40.03,39.81,40.03,13642
156,39.85,39.98,39.8,39.81,13899
157,39.81,39.83,39.8,39.83,9641
158,39.66,39.82,39.6391,39.82,7750
159,39.75,39.77,39.6599,39.6599,8100
160,39.83,39.865,39.73,39.73,62632
161,39.86,39.86,39.77,39.85,5101
162,39.87,39.88,39.845,39.87,18730
163,39.76,39.88,39.76,39.86,6481
164,39.76,39.82,39.75,39.78,8887
165,39.78,39.81,39.76,39.76,9032
166,39.79,39.79,39.66,39.75,18458
167,39.805,39.82,39.73,39.79,5915
168,39.72,39.81,39.7,39.81,10241
169,39.74,39.75,39.71,39.71,5655
170,39.61,39.74,39.599,39.74,12307
171,39.6,39.66,39.5782,39.62,14954
172,39.48,39.6,39.35,39.6,26388
173,39.5231,39.55,39.48,39.505,8876
174,39.4792,39.54,39.4792,39.53,31734
175,39.54,39.55,39.49,39.49,8726
176,39.57,39.57,39.52,39.54,13200
177,39.65,39.66,39.56,39.56,8820
178,39.62,39.655,39.6,39.62,4600
179,39.63,39.64,39.59,39.61,7477
180,39.73,39.73,39.62,39.63,13661
181,39.72,39.76,39.69,39.73,21857
182,39.63,39.75,39.6,39.72,19260
183,39.65,39.68,39.6,39.64,58846
288,39.51,39.51,39.51,39.51,3129
289,39.03,39.47,38.63,39.47,25438
290,39.19,39.33,39.14,39.28,10308
291,38.99,39.23,38.99,39.2029,9160
292,38.76,39.02,38.76,39.02,11230
293,38.745,38.83,38.72,38.78,4550
294,38.53,38.83,38.52,38.745,20930
295,38.48,38.54,38.34,38.54,29352
296,38.37,38.6,38.37,38.47,20021
297,38.3,38.37,38.25,38.37,13523
298,38.355,38.355,38.26,38.33,9080
299,38.31,38.38,38.28,38.35,11903
300,38.3,38.36,38.3,38.31,5400
301,38.339,38.4,38.28,38.33,12423
302,38.3,38.32,38.3,38.3101,2640
303,38.24,38.32,38.24,38.3,20770
304,38.22,38.225,38.16,38.225,9506
305,38.23,38.23,38.18,38.23,6483
306,38.29,38.34,38.21,38.2101,7129
307,38.33,38.35,38.29,38.29,6164
308,38.32,38.38,38.31,38.33,14023
309,38.36,38.39,38.33,38.33,10282
310,38.34,38.4,38.33,38.37,16006
311,38.51,38.55,38.36,38.36,5615
312,38.4,38.51,38.4,38.51,15965
313,38.395,38.42,38.37,38.39,3225
314,38.33,38.41,38.33,38.41,5899
315,38.34,38.36,38.32,38.34,7916
316,38.22,38.34,38.1675,38.32,10850
317,38.28,38.28,38.22,38.22,4500
318,38.3,38.3,38.23,38.3,8160
319,38.35,38.36,38.3,38.3,4322
320,38.33,38.35,38.32,38.33,8386
321,38.33,38.42,38.329,38.34,12000
322,38.35,38.37,38.32,38.33,8083
323,38.31,38.39,38.31,38.36,21759
324,38.34,38.35,38.28,38.31,16597
325,38.25,38.35,38.25,38.35,15420
326,38.32,38.34,38.24,38.25,28933
327,38.4,38.48,38.32,38.33,121165
432,38.53,38.53,38.53,38.53,1019
433,38.3,38.54,38.3,38.54,2050
434,38.31,38.37,38.3,38.3,4141
435,38.34,38.35,38.26,38.315,6925
436,38.271,38.36,38.22,38.335,8510
437,38.27,38.33,38.25,38.265,11367
438,38.285,38.285,38.24,38.25,2608
439,38.25,38.3,38.25,38.28,9010
440,38.24,38.27,38.24,38.25,6710
441,38.22,38.25,38.19,38.245,5940
442,38.2,38.25,38.2,38.2,5600
443,38.17,38.2,38.14,38.2,4834
444,38.17,38.22,38.17,38.19,8868
445,38.04,38.17,38.02,38.17,6545
446,37.95,38.07,37.95,38.04,3556
447,37.94,37.99,37.935,37.95,2800
448,37.94,37.9673,37.92,37.92,3100
449,37.94,37.98,37.93,37.94,2380
450,37.9,37.96,37.9,37.9402,10009
451,37.89,37.929,37.81,37.91,13052
452,37.89,37.91,37.8842,37.89,13050
453,37.89,37.91,37.875,37.895,15800
454,37.945,37.95,37.89,37.89,13850
455,37.92,37.96,37.87,37.945,11100
456,37.965,38,37.9,37.9,10300
457,37.99,37.99,37.955,37.96,5600
458,37.91,38,37.88,37.9838,16069
459,37.925,37.95,37.91,37.93,6224
460,37.845,37.94,37.84,37.94,6418
461,37.82,37.86,37.82,37.85,6763
462,37.8,37.8415,37.7933,37.83,17593
463,37.81,37.83,37.81,37.81,9045
464,37.82,37.85,37.77,37.82,16149
465,37.92,37.95,37.83,37.83,17076
466,37.98,37.98,37.89,37.93,16714
467,38.04,38.06,37.95,37.99,22917
468,38.07,38.11,38.04,38.05,19586
469,38.015,38.08,37.99,38.08,25491
470,38.04,38.09,37.97,38.01,45598
471,37.99,38.07,37.91,38.05,178137
864,38.05,38.05,38.05,38.05,1423
865,38.18,38.31,38.02,38.07,2959
866,38.08,38.2218,38.08,38.1897,7484
867,37.73,38.12,37.73,38.1,15050
868,37.93,37.99,37.73,37.79,2470
869,37.96,37.9799,37.84,37.92,5800
870,38.06,38.08,37.9879,37.9879,5100
871,38.08,38.11,38.0201,38.07,6450
872,38.0996,38.12,38.02,38.075,12770
873,38.06,38.08,38.044,38.08,2057
874,38.04,38.06,38.03,38.04,2470
875,38.05,38.07,38.0099,38.02,10759
876,38.08,38.1,38.0599,38.06,8814
877,38.08,38.1,38.07,38.08,4000
878,38.08,38.13,38.065,38.0799,4900
879,38.11,38.135,38.055,38.0826,16720
880,38.23,38.23,38.1,38.13,13013
881,38.135,38.2199,38.13,38.19,2100
882,38.04,38.1,38.04,38.1,63448
883,38.095,38.095,38.03,38.03,3271
884,38.03,38.1,38.0261,38.1,6100
885,38.01,38.01,37.92,38.01,4715
886,38.02,38.04,38.02,38.02,600
887,38.06,38.06,38.01,38.01,1203
888,38.11,38.11,38.055,38.06,4129
889,38.09,38.14,38.075,38.11,5850
890,38.09,38.11,38.07,38.08,4705
891,38.1,38.1,38.025,38.09,5250
892,38.12,38.18,38.09,38.12,3236
893,38.1,38.18,38.09,38.1,4690
894,38.145,38.17,38.1,38.13,5847
895,38.14,38.17,38.12,38.14,3926
896,38.155,38.1898,38.13,38.1508,10564
897,38.15,38.19,38.13,38.16,10885
898,38.1895,38.19,38.135,38.135,7886
899,38.26,38.26,38.18,38.18,5002
900,38.26,38.29,38.26,38.27,3510
901,38.24,38.29,38.24,38.26,6394
902,38.31,38.33,38.23,38.24,17578
903,38.26,38.32,38.25,38.31,29564
a1493731800,38.2,38.2,38.2,38.2,2841
1,38.14,38.595,38.14,38.595,4277
2,37.69,38.17,37.69,38.15,21568
3,37.74,37.85,37.69,37.69,13250
4,37.84,37.92,37.71,37.74,10650
5,37.94,37.94,37.83,37.84,12741
6,37.97,38.03,37.94,37.94,10437
7,37.87,37.975,37.86,37.97,4930
8,37.85,37.89,37.84,37.88,7600
9,37.84,37.87,37.84,37.85,6100
10,37.66,37.86,37.46,37.86,28304
11,37.54,37.75,37.51,37.66,35820
12,37.38,37.56,37.27,37.54,59248
13,37.3,37.42,37.3,37.38,11530
14,37.2,37.3299,37.2,37.3,12380
15,37.36,37.36,37.22,37.24,10470
16,37.45,37.489,37.37,37.37,9750
17,37.45,37.48,37.44,37.44,3800
18,37.42,37.47,37.41,37.4699,4012
19,37.45,37.45,37.37,37.43,5584
20,37.43,37.48,37.38,37.4603,258268
21,37.415,37.46,37.4,37.46,11300
22,37.47,37.47,37.43,37.44,7500
23,37.51,37.51,37.47,37.48,3231
24,37.38,37.51,37.38,37.51,11900
25,37.29,37.41,37.29,37.38,9987
26,37.29,37.29,37.21,37.29,3900
27,37.23,37.3,37.22,37.3,13555
28,37.35,37.35,37.25,37.25,8350
29,37.3,37.38,37.29,37.36,14522
30,37.115,37.31,37.09,37.31,28816
31,36.99,37.17,36.99,37.09,26198
32,36.91,37.03,36.91,37.01,14880
33,36.81,36.95,36.76,36.92,47143
34,36.98,36.98,36.815,36.82,8065
35,37.08,37.13,37,37.01,6867
36,37.1399,37.14,37.07,37.07,9664
37,37.075,37.14,37.01,37.14,27941
38,37.32,37.36,37.05,37.08,37117
39,37.25,37.4,37.19,37.31,258322
144,37.01,37.01,37.01,37.01,1928
145,37.1,37.26,36.91,37.0666,3300
146,37.15,37.24,37.01,37.12,4450
147,37.08,37.16,37,37.16,12764
148,37.105,37.11,36.91,37.099,5373
149,37.11,37.13,37.07,37.12,6624
150,37.2,37.22,37.09,37.11,4815
151,37.26,37.28,37.205,37.205,6374
152,37.22,37.26,37.21,37.24,3737
153,37.2,37.3014,37.16,37.22,9410
154,37.21,37.21,37.11,37.21,8440
155,37.105,37.255,37.08,37.24,37370
156,37.08,37.14,37.07,37.125,8663
157,37.05,37.09,37.03,37.09,12035
158,37.24,37.24,37.01,37.045,7330
159,37.28,37.335,37.2,37.22,19460
160,37.14,37.28,37.14,37.261,10149
161,37.18,37.21,37.1382,37.14,3850
162,37.16,37.185,37.16,37.17,4606
163,37.28,37.28,37.15,37.15,8679
164,37.235,37.29,37.235,37.29,7032
165,37.22,37.25,37.22,37.24,1794
166,37.31,37.37,37.23,37.23,16435
167,37.35,37.36,37.3,37.31,15843
168,37.25,37.34,37.25,37.335,5861
169,37.28,37.33,37.25,37.26,5424
170,37.27,37.31,37.27,37.29,3603
171,37.21,37.28,37.19,37.25,5643
172,37.2639,37.29,37.19,37.21,6015
173,37.1,37.24,37.08,37.24,8951
174,37.16,37.16,37.09,37.1,6952
175,37.08,37.15,37.05,37.15,6239
176,37.09,37.16,37.09,37.1,3805
177,37.095,37.12,37.06,37.1,7475
178,37.06,37.125,37.05,37.1,7756
179,37.095,37.105,37.03,37.06,15606
180,37.11,37.11,37.03,37.1,30376
181,37.145,37.145,37.08,37.11,12889
182,37.29,37.3,37.12,37.15,62530
183,37.28,37.37,37.2,37.2,113373
288,37.49,37.49,37.49,37.49,3677
289,37.09,37.31,37.05,37.292,5246
290,37.09,37.34,37.02,37.11,9885
291,36.93,37.17,36.93,37.135,17918
292,37.08,37.09,36.99,37,20650
293,37.155,37.17,37.06,37.07,17686
294,37.21,37.26,37.17,37.19,9108
295,37.22,37.22,37.14,37.18,4800
296,37.16,37.24,37.135,37.24,9111
297,37.25,37.26,37.15,37.16,7563
298,37.19,37.22,37.18,37.22,5569
299,37.15,37.18,37.1,37.18,6224
300,37.14,37.17,37.13,37.15,7293
301,37.16,37.1899,37.14,37.15,6433
302,37.15,37.18,37.15,37.18,3138
303,37.12,37.17,37.1,37.155,12151
304,37.1,37.16,37.1,37.12,6806
305,36.99,37.09,36.98,37.09,11039
306,37.06,37.06,37,37,2900
307,37.01,37.07,37,37.05,7305
308,37.12,37.12,37.02,37.02,2304
309,37.08,37.135,37.04,37.12,11000
310,37.09,37.11,37.06,37.06,7066
311,37.08,37.12,37.07,37.1,4500
312,37.08,37.09,37.08,37.08,600
313,37.065,37.095,37.06,37.09,6825
314,37.07,37.07,37.05,37.06,2302
315,37,37.06,36.98,37.06,4725
316,37.03,37.03,37,37.0033,1968
317,37.08,37.09,37.025,37.03,6411
318,37.07,37.085,37,37.08,10431
319,36.98,37.09,36.95,37.08,15198
320,36.97,37.01,36.9297,36.99,12208
321,36.95,36.9899,36.92,36.98,10942
322,36.98,36.98,36.95,36.97,7400
323,37,37.02,36.97,36.97,9255
324,37,37.02,36.99,37,6789
325,37.015,37.03,36.99,37,16669
326,37.05,37.05,37.01,37.01,32368
327,37.08,37.18,37.05,37.06,80249
432,36.98,36.98,36.98,36.98,1268
433,37.22,37.22,36.975,36.975,2200
434,37.2985,37.42,37.17,37.17,3900
435,37.34,37.37,37.32,37.32,1700
436,37.36,37.38,37.29,37.31,3200
437,37.295,37.35,37.27,37.35,6324
438,37.27,37.33,37.26,37.325,6200
439,37.26,37.3199,37.2,37.29,3539
440,37.32,37.32,37.23,37.23,2494
441,37.26,37.3,37.26,37.29,2034
442,37.37,37.4,37.29,37.29,10066
443,37.38,37.4,37.34,37.37,4430
444,37.385,37.3999,37.31,37.3999,4244
445,37.4067,37.43,37.34,37.37,2199
446,37.43,37.43,37.4,37.4,3233
447,37.47,37.485,37.4,37.41,7481
448,37.48,37.49,37.46,37.49,1700
449,37.39,37.5,37.39,37.46,3215
450,37.32,37.41,37.32,37.41,1800
451,37.31,37.33,37.29,37.31,3996
452,37.34,37.34,37.3,37.31,2100
453,37.36,37.37,37.32,37.35,4912
454,37.44,37.47,37.34,37.35,6782
455,37.47,37.49,37.45,37.45,2100
456,37.48,37.49,37.45,37.46,1700
457,37.45,37.49,37.44,37.48,2600
458,37.46,37.46,37.36,37.4384,3582
459,37.4,37.465,37.4,37.465,4608
460,37.39,37.42,37.37,37.37,1900
461,37.43,37.44,37.39,37.41,4301
462,37.42,37.44,37.42,37.44,2940
463,37.45,37.45,37.42,37.42,2402
464,37.47,37.48,37.43,37.4302,2581
465,37.47,37.48,37.45,37.47,2399
466,37.5,37.5,37.4586,37.47,4404
467,37.45,37.51,37.42,37.49,4999
468,37.46,37.47,37.44,37.44,3315
469,37.46,37.5,37.44,37.44,8488
470,37.49,37.51,37.45,37.47,18042
471,37.51,37.515,37.45,37.49,66134
864,37.51,37.51,37.51,37.51,515
865,37.25,37.53,37.21,37.5,1400
866,37.27,37.32,37.26,37.26,3518
867,37.16,37.31,37.03,37.25,4078
868,37.24,37.29,37.2,37.25,2159
869,37.23,37.26,37.21,37.26,5239
870,37.16,37.25,37.09,37.2499,9034
871,37.18,37.22,37.11,37.14,12347
872,37.1881,37.2,37.17,37.17,7035
873,37.19,37.23,37.15,37.17,9336
874,37.2,37.26,37.19,37.21,4954
875,37.17,37.2,37.14,37.2,4183
876,37.12,37.17,37.1,37.15,9248
877,37.18,37.2,37.13,37.14,7669
878,37.13,37.17,37.1,37.17,14093
879,37.07,37.11,37.06,37.11,12614
880,37.049,37.08,37.04,37.07,15030
881,37.08,37.11,37.04,37.07,8852
882,37.05,37.09,37.04,37.08,5211
883,37.07,37.075,37.04,37.06,9675
884,37.07,37.07,37.04,37.07,8874
885,37.23,37.27,37.06,37.06,12916
886,37.25,37.29,37.21,37.26,6742
887,37.29,37.31,37.23,37.24,8089
888,37.28,37.3,37.26,37.27,2600
889,37.25,37.28,37.25,37.28,4156
890,37.28,37.28,37.22,37.23,5500
891,37.33,37.35,37.26,37.27,5010
892,37.37,37.4,37.3201,37.34,8805
893,37.29,37.37,37.29,37.36,7901
894,37.28,37.31,37.26,37.28,6177
895,37.2899,37.3,37.26,37.29,5622
896,37.25,37.28,37.25,37.27,7400
897,37.24,37.28,37.23,37.25,15982
898,37.24,37.26,37.22,37.25,12405
899,37.25,37.26,37.18,37.26,22592
900,37.2,37.26,37.18,37.22,16705
901,37.12,37.19,37.11,37.183,28112
902,36.99,37.13,36.98,37.11,89515
903,37.08,37.09,36.98,37.01,125015
a1494336600,37.34,37.34,37.34,37.34,1623
1,36.915,37.45,36.71,37.4,16608
2,36.8,36.89,36.56,36.86,27352
3,37.015,37.015,36.77,36.82,13324
4,37.16,37.27,36.99,37.01,24367
5,37.34,37.35,37.06,37.156,12418
6,37.28,37.36,37.24,37.31,15416
7,37.2499,37.26,37.18,37.26,15664
8,37.24,37.25,37.21,37.24,8495
9,37.26,37.26,37.2,37.24,5702
10,37.38,37.38,37.21,37.22,7502
11,37.32,37.38,37.32,37.365,5000
12,37.32,37.4,37.31,37.35,4444
13,37.2903,37.33,37.27,37.32,4503
14,37.34,37.34,37.29,37.29,3632
15,37.29,37.33,37.27,37.31,3954
16,37.19,37.27,37.19,37.25,6110
17,37.19,37.22,37.18,37.2,4668
18,37.145,37.2,37.14,37.18,4776
19,37.31,37.35,37.13,37.16,6700
20,37.28,37.31,37.24,37.31,4300
21,37.1261,37.29,37.102,37.26,19775
22,37.1498,37.1498,37.115,37.115,5850
23,37.15,37.205,37.13,37.13,14861
24,37.07,37.15,37.015,37.15,14864
25,37.13,37.15,37.0699,37.077,5001
26,37.23,37.24,37.1055,37.11,6914
27,37.09,37.18,37.07,37.17,11600
28,37.07,37.09,37,37.08,14606
29,37.07,37.11,37,37.1048,20676
30,37.09,37.0999,37.01,37.03,9529
31,37.17,37.17,37.095,37.1,11183
32,37.12,37.19,37.12,37.19,4900
33,37.16,37.1752,37.13,37.14,17128
34,37.19,37.2,37.15,37.16,10906
35,37.058,37.1799,37.04,37.14,22692
36,37.21,37.21,37.0607,37.0607,26470
37,37.13,37.32,37.13,37.2,53142
38,37.05,37.15,37.005,37.13,19357
39,37.14,37.18,37.01,37.05,54594
144,37.25,37.25,37.25,37.25,1006
145,37.13,37.22,36.961,37.22,5989
146,37.11,37.22,37.03,37.14,11879
147,37.06,37.11,37,37.11,3237
148,37.065,37.07,37.01,37.01,5300
149,36.955,37.09,36.91,37.07,6750
150,36.97,36.99,36.88,36.95,4962
151,36.99,36.99,36.96,36.97,4094
152,36.97,37.03,36.97,36.9896,5701
153,36.87,36.97,36.84,36.95,8695
154,36.8803,36.885,36.86,36.88,6845
155,36.91,36.92,36.88,36.88,4500
156,36.87,36.91,36.87,36.89,3675
157,36.87,36.89,36.85,36.89,12283
158,36.84,36.87,36.84,36.87,1800
159,36.8,36.88,36.8,36.85,5650
160,36.76,36.79,36.76,36.79,7308
161,36.68,36.76,36.66,36.75,5420
162,36.68,36.7,36.68,36.7,6349
163,36.67,36.69,36.66,36.685,7993
164,36.71,36.71,36.66,36.67,7364
165,36.71,36.73,36.71,36.72,1400
166,36.67,36.709,36.66,36.709,3722
167,36.67,36.67,36.63,36.67,6203
168,36.66,36.68,36.66,36.665,5482
169,36.62,36.67,36.62,36.66,5900
170,36.59,36.62,36.5899,36.61,4579
171,36.59,36.605,36.58,36.59,3846
172,36.6,36.62,36.59,36.59,4409
173,36.63,36.63,36.6,36.6,3773
174,36.63,36.63,36.6,36.63,2400
175,36.65,36.66,36.625,36.63,6798
176,36.67,36.67,36.65,36.66,4763
177,36.62,36.67,36.62,36.66,5075
178,36.73,36.74,36.64,36.64,6482
179,36.71,36.74,36.7,36.725,7862
180,36.7,36.72,36.68,36.71,5823
181,36.69,36.7,36.67,36.6893,12046
182,36.72,36.74,36.7,36.7,20790
183,36.72,36.73,36.68,36.72,50674
288,36.59,36.59,36.59,36.59,986
289,36.65,36.76,36.6175,36.71,1500
290,36.5,36.65,36.5,36.64,19664
291,36.3893,36.45,36.3893,36.45,700
292,36.38,36.41,36.29,36.4,2476
293,36.44,36.46,36.4,36.4,3200
294,36.29,36.46,36.29,36.41,28829
295,36.33,36.395,36.26,36.31,5450
296,36.415,36.44,36.29,36.295,3000
297,36.45,36.45,36.35,36.4,4549
298,36.545,36.545,36.36,36.46,10246
299,36.525,36.59,36.5,36.55,9163
300,36.505,36.54,36.5,36.525,10015
301,36.59,36.6,36.5,36.505,9434
302,36.62,36.67,36.595,36.595,5400
303,36.685,36.7,36.6,36.62,8637
304,36.65,36.685,36.65,36.685,2748
305,36.66,36.665,36.64,36.65,2020
306,36.57,36.66,36.56,36.66,3802
307,36.51,36.56,36.49,36.56,24031
308,36.505,36.53,36.5,36.53,14277
309,36.49,36.54,36.49,36.505,7400
310,36.48,36.49,36.46,36.49,2700
311,36.51,36.52,36.46,36.48,3000
312,36.53,36.55,36.5,36.5,29406
313,36.571,36.6,36.5,36.52,27949
314,36.63,36.64,36.57,36.57,4700
315,36.61,36.6399,36.59,36.63,4128
316,36.5,36.61,36.5,36.61,4291
317,36.54,36.54,36.5,36.5,11863
318,36.57,36.61,36.55,36.58,9047
319,36.56,36.585,36.53,36.57,26008
320,36.62,36.62,36.56,36.56,7360
321,36.59,36.61,36.58,36.6,6139
322,36.64,36.64,36.59,36.59,8738
323,36.73,36.75,36.6316,36.6316,15828
324,36.74,36.77,36.71,36.72,6366
325,36.74,36.75,36.7,36.75,10605
326,36.77,36.8,36.73,36.74,18734
327,36.78,36.91,36.77,36.79,80128
432,37.99,37.99,36.76,36.76,2127
433,36.73,36.78,36.63,36.77,500
434,36.67,36.73,36.56,36.61,3743
435,36.64,36.72,36.57,36.67,3296
436,36.55,36.64,36.43,36.61,8241
437,36.6,36.6,36.49,36.51,7142
438,36.54,36.62,36.51,36.6,5699
439,36.71,36.72,36.56,36.56,10745
440,36.61,36.7,36.56,36.7,20073
441,36.63,36.66,36.58,36.6,21996
442,36.67,36.67,36.62,36.65,5000
443,36.64,36.7,36.64,36.671,4034
444,36.62,36.64,36.59,36.64,4925
445,36.5759,36.63,36.56,36.63,4501
446,36.5999,36.6,36.56,36.57,2653
447,36.515,36.55,36.49,36.55,5921
448,36.5,36.53,36.46,36.5,16332
449,36.56,36.58,36.51,36.51,2800
450,36.54,36.56,36.53,36.55,1400
451,36.58,36.58,36.48,36.53,7011
452,36.58,36.59,36.56,36.59,3400
453,36.61,36.61,36.54,36.5649,4315
454,36.6,36.61,36.59,36.6,1200
455,36.6,36.62,36.59,36.59,4291
456,36.57,36.6,36.56,36.6,3300
457,36.55,36.58,36.55,36.5799,1485
458,36.56,36.59,36.51,36.56,8483
459,36.58,36.58,36.55,36.55,6939
460,36.52,36.57,36.52,36.57,4656
461,36.51,36.54,36.51,36.52,2599
462,36.55,36.55,36.51,36.52,7800
463,36.51,36.55,36.51,36.53,2416
464,36.5,36.53,36.46,36.52,18114
465,36.45,36.51,36.43,36.51,4000
466,36.4,36.45,36.39,36.44,8585
467,36.4,36.4,36.38,36.396,3274
468,36.4,36.4,36.38,36.39,6533
469,36.415,36.42,36.37,36.4,7546
470,36.36,36.45,36.24,36.42,28696
471,36.31,36.39,36.29,36.36,110596
864,36.54,36.54,36.54,36.54,1191
865,36.42,36.44,36.18,36.33,5242
866,36.46,36.69,36.33,36.43,111002
867,36.45,36.54,36.43,36.48,208488
868,36.47,36.55,36.43,36.49,20200
869,36.67,36.67,36.47,36.47,13066
870,36.77,36.8,36.69,36.69,204593
871,36.69,36.8,36.69,36.8,4148
872,36.71,36.79,36.7,36.7,6155
873,36.76,36.76,36.65,36.71,5497
874,36.775,36.8,36.77,36.8,5500
875,36.6,36.76,36.6,36.76,4027
876,36.58,36.61,36.54,36.595,12487
877,36.52,36.57,36.52,36.57,3355
878,36.52,36.54,36.5,36.54,1300
879,36.47,36.51,36.46,36.51,2900
880,36.495,36.5,36.45,36.47,10888
881,36.47,36.5,36.43,36.49,28800
882,36.555,36.57,36.4842,36.4842,87145
883,36.52,36.55,36.49,36.54,165645
884,36.47,36.52,36.39,36.52,18043
885,36.42,36.46,36.42,36.45,5923
886,36.47,36.47,36.42,36.43,3684
887,36.45,36.51,36.44,36.47,7965
888,36.48,36.48,36.43,36.45,10513
889,36.53,36.53,36.47,36.47,5479
890,36.4,36.55,36.4,36.55,8263
891,36.42,36.49,36.41,36.41,4850
892,36.52,36.52,36.4,36.4,8550
893,36.44,36.54,36.44,36.54,2983
894,36.4241,36.4699,36.37,36.46,5826
895,36.4,36.47,36.39,36.44,522677
896,36.39,36.4444,36.39,36.405,8046
897,36.36,36.41,36.34,36.37,12628
898,36.39,36.41,36.37,36.37,3621
899,36.36,36.3974,36.35,36.38,6998
900,36.36,36.45,36.36,36.36,18143
901,36.37,36.37,36.34,36.36,14091
902,36.34,36.39,36.3,36.37,17373
903,36.4,36.45,36.33,36.34,605606
a1494941400,36.36,36.36,36.36,36.36,2684
1,36.55,36.62,36.36,36.5,6247
2,36.5001,36.62,36.49,36.55,7086
3,36.44,36.48,36.38,36.48,5536
4,36.66,36.66,36.4,36.44,14485
5,36.61,36.71,36.61,36.65,7568
6,36.54,36.64,36.47,36.64,8435
7,36.51,36.6,36.49,36.56,8402
8,36.57,36.59,36.46,36.51,16278
9,36.53,36.6,36.47,36.55,9990
10,36.57,36.6,36.51,36.53,13888
11,36.565,36.6,36.55,36.57,14194
12,36.595,36.61,36.56,36.56,16610
13,36.6,36.62,36.57,36.6,9835
14,36.59,36.61,36.56,36.605,9596
15,36.58,36.61,36.58,36.6,12300
16,36.575,36.59,36.56,36.58,23791
17,36.56,36.605,36.56,36.58,9158
18,36.61,36.635,36.56,36.56,17679
19,36.6,36.62,36.59,36.6,11512
20,36.61,36.615,36.59,36.59,13291
21,36.63,36.66,36.61,36.61,7974
22,36.58,36.64,36.56,36.64,74559
23,36.56,36.6,36.56,36.58,10684
24,36.61,36.61,36.56,36.56,18534
25,36.61,36.62,36.59,36.61,8212
26,36.6,36.62,36.6,36.61,8392
27,36.62,36.62,36.6,36.6,14757
28,36.65,36.655,36.62,36.625,24000
29,36.65,36.68,36.65,36.65,14644
30,36.63,36.66,36.63,36.655,64699
31,36.6,36.63,36.6,36.62,14889
32,36.6,36.61,36.59,36.6,6577
33,36.6,36.61,36.59,36.6,10871
34,36.6,36.63,36.595,36.61,17492
35,36.55,36.605,36.55,36.6,23456
36,36.56,36.57,36.545,36.5599,24571
37,36.55,36.56,36.55,36.56,19732
38,36.52,36.63,36.52,36.55,99270
39,36.56,36.58,36.515,36.5175,112353
144,36.11,36.11,36.11,36.11,1591
145,36.46,36.7,36.15,36.7,6260
146,36.33,36.44,36.275,36.43,2200
147,36.32,36.38,36.25,36.34,9886
148,36.29,36.36,36.2,36.3,20882
149,36.2501,36.37,36.2,36.25,94037
150,36.2,36.3251,36.2,36.29,20184
151,36.21,36.23,36.2,36.23,12091
152,36.21,36.22,36.2,36.22,3382
153,36.29,36.3,36.2,36.2,23583
154,36.3,36.315,36.23,36.31,16863
155,36.305,36.31,36.27,36.3,9495
156,36.29,36.29,36.24,36.27,13581
157,36.27,36.3,36.24,36.29,69582
158,36.24,36.28,36.24,36.26,10306
159,36.26,36.2699,36.25,36.25,8451
160,36.27,36.28,36.24,36.2563,16064
161,36.26,36.27,36.25,36.27,12279
162,36.26,36.27,36.25,36.25,8137
163,36.26,36.2686,36.22,36.2686,5283
164,36.275,36.28,36.25,36.26,7096
165,36.34,36.34,36.25,36.27,236004
166,36.28,36.36,36.26,36.34,4721
167,36.27,36.31,36.26,36.29,2100
168,36.25,36.25,36.23,36.25,5200
169,36.2313,36.25,36.22,36.24,10480
170,36.32,36.32,36.2,36.22,22896
171,36.31,36.35,36.25,36.34,213076
172,36.4,36.4,36.29,36.31,13872
173,36.295,36.42,36.29,36.39,14399
174,36.25,36.3399,36.25,36.3,6749
175,36.26,36.28,36.25,36.25,10654
176,36.25,36.31,36.25,36.26,14100
177,36.295,36.3,36.245,36.25,162738
178,36.34,36.36,36.28,36.295,10669
179,36.34,36.365,36.3,36.33,9064
180,36.27,36.34,36.27,36.33,9981
181,36.29,36.31,36.27,36.27,16457
182,36.21,36.315,36.2,36.3,47998
183,36.25,36.3,36.2,36.2,124393
288,36.19,36.19,36.19,36.19,1537
289,36.33,36.632,36.24,36.48,11450
290,36.73,36.73,36.33,36.385,16642
291,36.93,37.03,36.68,36.76,27440
292,37.4,37.4,36.91,36.97,23121
293,37.43,37.44,37.2441,37.37,17982
294,37.69,37.69,37.39,37.45,21666
295,37.56,37.69,37.52,37.6875,10747
296,37.59,37.59,37.45,37.55,9229
297,37.5719,37.62,37.51,37.58,9823
298,37.55,37.64,37.53,37.57,13234
299,37.67,37.67,37.57,37.58,9489
300,37.755,37.82,37.66,37.66,15053
301,37.51,37.75,37.51,37.75,13638
302,37.465,37.59,37.45,37.51,15285
303,37.465,37.49,37.43,37.47,11017
304,37.59,37.59,37.45,37.47,33876
305,37.51,37.6,37.49,37.57,45270
306,37.58,37.59,37.5,37.51,4160
307,37.64,37.66,37.58,37.58,8207
308,37.6,37.69,37.58,37.64,9661
309,37.55,37.63,37.53,37.6,8774
310,37.5,37.61,37.5,37.55,14113
311,37.54,37.54,37.49,37.5,6058
312,37.49,37.52,37.49,37.52,6512
313,37.51,37.57,37.44,37.48,26665
314,37.62,37.65,37.5,37.52,45340
315,37.51,37.64,37.49,37.61,16327
316,37.58,37.605,37.53,37.53,10327
317,37.59,37.61,37.55,37.57,11201
318,37.64,37.66,37.53,37.58,28255
319,37.68,37.69,37.63,37.65,18295
320,37.66,37.71,37.61,37.67,36683
321,37.66,37.66,37.62,37.6599,21718
322,37.7,37.7086,37.645,37.66,21620
323,37.66,37.7,37.63,37.7,23232
324,37.62,37.7,37.59,37.66,28616
325,37.67,37.69,37.62,37.62,30033
326,37.74,37.78,37.6,37.67,57892
327,37.8,37.82,37.73,37.74,241357
432,38.04,38.04,36.56,36.56,2219
433,37.77,37.91,37.66,37.69,12833
434,37.94,38.08,37.68,37.8,41679
435,37.83,37.95,37.81,37.95,6519
436,38.02,38.02,37.8,37.81,10664
437,37.93,38.01,37.87,38.01,2974
438,37.99,37.99,37.84,37.88,8610
439,37.9,37.982,37.88,37.982,10434
440,37.87,37.91,37.85,37.91,5038
441,37.91,37.93,37.87,37.87,5009
442,37.89,37.91,37.84,37.91,12003
443,37.89,37.93,37.86,37.89,7702
444,38.03,38.03,37.88,37.88,4700
445,38,38.04,37.96,38.03,8845
446,38.02,38.06,37.96,38,7689
447,38.1,38.15,38.01,38.01,6731
448,38.155,38.155,38.0876,38.11,9195
449,38.14,38.15,38.11,38.14,9379
450,38.32,38.36,38.14,38.14,10899
451,38.18,38.32,38.18,38.32,13077
452,38.3,38.32,38.18,38.198,9766
453,38.29,38.32,38.24,38.31,10162
454,38.21,38.32,38.185,38.29,20198
455,38.2279,38.24,38.2,38.21,14103
456,38.21,38.246,38.2032,38.23,8099
457,38.2,38.237,38.2,38.22,10825
458,38.38,38.39,38.2,38.209,26900
459,38.33,38.48,38.32,38.4,13158
460,38.28,38.32,38.25,38.3,6840
461,38.34,38.35,38.2206,38.2886,10626
462,38.25,38.31,38.25,38.3,4900
463,38.25,38.26,38.2,38.24,11472
464,38.26,38.285,38.24,38.25,17233
465,38.275,38.38,38.23,38.26,11963
466,38.26,38.34,38.26,38.275,13606
467,38.21,38.25,38.15,38.25,12888
468,38.31,38.377,38.22,38.22,25703
469,38.22,38.35,38.2,38.31,21816
470,38.26,38.31,38.1,38.22,64657
471,38.41,38.43,38.2,38.26,403600
864,38.49,38.49,38.49,38.49,343
865,38.515,38.63,38.36,38.48,9127
866,38.5,38.54,38.37,38.54,15839
867,38.4101,38.5,38.41,38.5,8308
868,38.49,38.51,38.43,38.43,12211
869,38.46,38.53,38.45,38.49,9234
870,38.39,38.47,38.39,38.46,6279
871,38.31,38.41,38.3,38.39,13025
872,38.41,38.45,38.305,38.305,13760
873,38.56,38.56,38.39,38.42,130602
874,38.58,38.6,38.49,38.55,7000
875,38.55,38.57,38.55,38.57,5000
876,38.49,38.5599,38.465,38.555,13941
877,38.49,38.51,38.445,38.48,10246
878,38.5,38.53,38.48,38.49,12272
879,38.65,38.67,38.51,38.51,16600
880,38.595,38.71,38.57,38.65,13100
881,38.76,38.77,38.58,38.59,8600
882,38.68,38.77,38.66,38.77,4591
883,38.63,38.69,38.59,38.69,5400
884,38.64,38.68,38.6,38.63,5318
885,38.58,38.63,38.57,38.63,3790
886,38.57,38.59,38.535,38.58,16416
887,38.555,38.575,38.54,38.575,7666
888,38.58,38.58,38.54,38.56,9735
889,38.625,38.625,38.575,38.575,7586
890,38.6,38.64,38.6,38.62,6427
891,38.56,38.6,38.56,38.6,11853
892,38.6,38.6,38.55,38.56,5649
893,38.64,38.66,38.5862,38.6,13693
894,38.595,38.66,38.595,38.65,15280
895,38.57,38.59,38.53,38.59,26152
896,38.585,38.6,38.58,38.58,12000
897,38.55,38.6,38.55,38.59,9631
898,38.55,38.555,38.52,38.555,15800
899,38.505,38.55,38.5,38.55,10411
900,38.48,38.56,38.455,38.51,17643
901,38.5,38.52,38.46,38.485,15762
902,38.53,38.56,38.48,38.51,23734
903,38.5,38.53,38.485,38.5,87390
a1495546200,38.51,38.7,38.51,38.7,1699
1,38.61,38.67,38.5,38.5,9560
2,38.6,38.7,38.535,38.56,12924
3,38.48,38.6,38.48,38.6,13778
4,38.51,38.54,38.45,38.48,9147
5,38.57,38.63,38.51,38.51,9177
6,38.62,38.65,38.57,38.57,8329
7,38.61,38.62,38.59,38.61,9349
8,38.62,38.63,38.59,38.61,13466
9,38.605,38.62,38.6,38.62,3409
10,38.67,38.68,38.6,38.61,11781
11,38.7,38.7,38.66,38.67,8780
12,38.84,38.84,38.685,38.69,18543
13,39.01,39.07,38.85,38.85,26550
14,38.98,39.01,38.96,39.01,12169
15,39.04,39.06,38.97,38.99,11768
16,39.07,39.23,39.01,39.03,20157
17,38.97,39.09,38.97,39.07,8554
18,38.91,38.99,38.91,38.94,7526
19,39.0926,39.1,38.885,38.885,10286
20,38.98,39.1,38.96,39.09,6600
21,38.93,39.01,38.9272,39.01,7573
22,39.0065,39.06,38.9,38.92,8611
23,38.98,39.02,38.98,39.01,4284
24,38.98,38.98,38.94,38.97,5665
25,38.99,39.02,38.99,39.02,3004
26,38.98,38.99,38.96,38.97,3107
27,39.07,39.0999,38.96,38.96,12269
28,39.02,39.07,39.02,39.07,4583
29,39.02,39.02,39,39,5024
30,39.02,39.06,39,39.03,5864
31,39.085,39.0899,39,39.02,7244
32,39.035,39.07,39.03,39.07,7502
33,39.075,39.14,39.035,39.035,14956
34,39.06,39.08,39.06,39.07,5882
35,39.06,39.09,39.06,39.07,12996
36,39,39.06,39,39.06,13523
37,39.0081,39.01,39,39.01,12918
38,38.98,39.01,38.95,39.005,40318
39,39.05,39.06,38.98,38.98,118705
144,39.47,39.54,39.47,39.54,1657
145,39.41,39.51,39.25,39.42,16682
146,39.3,39.35,39.21,39.29,8980
147,39.51,39.51,39.3,39.34,22746
148,39.5363,39.56,39.43,39.44,18541
149,39.5101,39.55,39.48,39.5289,7204
150,39.49,39.515,39.42,39.515,7396
151,39.54,39.54,39.45,39.502,4300
152,39.515,39.54,39.45,39.54,6300
153,39.6,39.6,39.5,39.51,4700
154,39.58,39.65,39.56,39.62,4949
155,39.58,39.6,39.56,39.59,7783
156,39.54,39.595,39.535,39.58,7363
157,39.54,39.57,39.54,39.55,2799
158,39.5,39.57,39.47,39.55,21514
159,39.5,39.52,39.47,39.49,99582
160,39.49,39.53,39.48,39.5,7606
161,39.63,39.63,39.5,39.5,7948
162,39.81,39.87,39.6208,39.625,21010
163,39.87,39.87,39.79,39.8,14800
164,39.92,39.92,39.87,39.87,5025
165,39.94,40.05,39.92,39.92,16770
166,39.8701,39.94,39.87,39.9371,5831
167,39.93,39.94,39.85,39.8793,6712
168,39.92,39.94,39.86,39.94,9727
169,40,40,39.92,39.92,8900
170,40.01,40.03,39.96,40,5815
171,39.96,40.01,39.94,40.0093,7757
172,39.97,39.97,39.91,39.94,4067
173,39.92,39.95,39.91,39.95,4900
174,39.94,39.94,39.92,39.93,5754
175,39.895,39.98,39.895,39.94,16546
176,39.91,39.91,39.88,39.895,5005
177,39.8993,39.91,39.86,39.9,7686
178,39.815,39.89,39.815,39.89,7800
179,39.86,39.88,39.75,39.82,12459
180,39.84,39.86,39.83,39.85,6895
181,39.85,39.94,39.84,39.85,18026
182,39.99,40.03,39.835,39.85,51251
183,40.04,40.09,39.96,39.96,97820
288,40.07,40.07,40.07,40.07,880
289,39.85,40.08,39.79,40.08,12528
290,40.03,40.03,39.8201,39.93,9772
291,40,40.06,39.97,40.03,20593
292,39.98,40.02,39.92,39.99,44382
293,40.035,40.06,39.98,39.99,140877
294,40.15,40.2,40.04,40.04,18799
295,40.16,40.2,40.14,40.14,9980
296,40,40.19,40,40.19,11386
297,40.01,40.03,39.93,40,22214
298,40.05,40.05,39.99,40,10618
299,40.05,40.1,40.04,40.04,10879
300,40.01,40.06,40,40.04,6723
301,40.01,40.035,40,40,13614
302,40.03,40.03,40,40.01,8241
303,40.02,40.025,39.995,40.02,12427
304,40.05,40.05,40,40.01,12917
305,40.06,40.06,40.03,40.04,40833
306,40.07,40.07,40.05,40.055,9795
307,40.07,40.07,40.01,40.05,51783
308,40.04,40.07,40.03,40.06,35658
309,40.04,40.05,40.02,40.03,13735
310,40.04,40.05,39.98,40.04,56182
311,40.03,40.05,40.025,40.03,9800
312,40.03,40.05,40.02,40.03,11059
313,40.045,40.05,40.0075,40.02,7251
314,40.0425,40.05,40.03,40.04,10866
315,40.1,40.13,40.04,40.04,225659
316,40.315,40.32,40.12,40.12,16120
317,40.225,40.41,40.225,40.315,13102
318,40.22,40.27,40.2,40.22,11893
319,40.31,40.33,40.18,40.22,20168
320,40.34,40.36,40.2265,40.31,12252
321,40.3,40.4,40.29,40.37,42883
322,40.37,40.42,40.32,40.32,17690
323,40.37,40.38,40.34,40.37,16920
324,40.39,40.42,40.34,40.36,47295
325,40.41,40.42,40.37,40.39,28476
326,40.4,40.43,40.37,40.415,35757
327,40.41,40.44,40.34,40.39,114057
432,40.48,40.48,40.48,40.48,2129
433,40.62,40.62,40.32,40.49,8328
434,40.69,40.73,40.53,40.66,59357
435,40.94,40.96,40.62,40.66,39815
436,41.15,41.18,40.95,40.96,25150
437,41.075,41.204,41.06,41.14,24021
438,41.17,41.18,40.99,41.07,23103
439,41.25,41.25,41.15,41.165,13129
440,41.525,41.54,41.23,41.23,17721
441,41.56,41.59,41.51,41.51,16617
442,41.78,41.78,41.5303,41.5303,19751
443,41.72,42.05,41.69,41.79,42365
444,41.72,41.81,41.68,41.75,29985
445,41.67,41.76,41.64,41.73,26072
446,41.75,41.79,41.68,41.69,39097
447,41.72,41.8,41.7,41.75,19177
448,41.72,41.75,41.64,41.75,6550
449,41.74,41.75,41.68,41.71,14871
450,41.875,41.88,41.74,41.75,119995
451,41.69,41.9,41.67,41.88,85340
452,41.7163,41.74,41.67,41.67,7111
453,41.72,41.74,41.665,41.74,8847
454,41.74,41.75,41.7,41.73,10724
455,41.655,41.74,41.62,41.74,7746
456,41.52,41.66,41.39,41.66,12413
457,41.6605,41.7,41.56,41.56,12079
458,41.61,41.68,41.61,41.64,7573
459,41.615,41.63,41.6,41.62,5800
460,41.6899,41.6899,41.6,41.6,3606
461,41.72,41.76,41.67,41.69,12046
462,41.71,41.8,41.69,41.7259,13133
463,41.67,41.72,41.66,41.7,16455
464,41.635,41.67,41.635,41.66,8689
465,41.62,41.645,41.6,41.64,9557
466,41.7,41.72,41.6299,41.63,13286
467,41.72,41.84,41.68,41.71,23646
468,41.7,41.72,41.7,41.71,8746
469,41.68,41.72,41.68,41.7,14587
470,41.71,41.72,41.67,41.69,31696
471,41.71,41.74,41.64,41.67,81873
a1496151000,41.91,41.91,41.64,41.64,1863
1,41.92,41.99,41.5,41.6,24114
2,41.63,41.9,41.63,41.9,13742
3,41.71,41.74,41.6,41.7,46903
4,41.72,41.75,41.63,41.72,9210
5,41.72,41.755,41.69,41.7126,4466
6,41.72,41.78,41.71,41.71,9288
7,41.67,41.72,41.66,41.7,8904
8,41.75,41.75,41.65,41.69,41497
9,41.705,41.75,41.66,41.75,6225
10,41.72,41.735,41.7,41.71,15134
11,41.73,41.74,41.72,41.73,51837
12,41.72,41.75,41.7,41.735,62346
13,41.73,41.74,41.72,41.725,11031
14,41.7,41.75,41.68,41.74,80463
15,41.66,41.71,41.66,41.7,6081
16,41.69,41.7,41.62,41.66,30345
17,41.485,41.69,41.485,41.69,15649
18,41.49,41.5,41.45,41.49,9447
19,41.44,41.49,41.44,41.48,2900
20,41.44,41.44,41.3993,41.4,1325
21,41.41,41.43,41.4,41.43,4300
22,41.45,41.46,41.41,41.45,2801
23,41.45,41.47,41.45,41.45,1400
24,41.45,41.4531,41.44,41.45,2400
25,41.45,41.45,41.41,41.44,4071
26,41.42,41.455,41.42,41.45,2820
27,41.44,41.46,41.4,41.42,3942
28,41.47,41.49,41.41,41.41,4714
29,41.44,41.47,41.44,41.47,5012
30,41.4079,41.45,41.39,41.44,10077
31,41.44,41.47,41.39,41.4079,8308
32,41.36,41.45,41.34,41.45,7220
33,41.4294,41.44,41.35,41.36,7966
34,41.2911,41.4201,41.281,41.42,17367
35,41.3,41.31,41.25,41.28,13584
36,41.28,41.315,41.28,41.305,52489
37,41.27,41.3099,41.25,41.28,14422
38,41.29,41.31,41.24,41.28,70797
39,41.19,41.3,41.18,41.29,91577
144,41.27,41.27,41.27,41.27,634
145,41.13,41.53,41.13,41.31,8644
146,41.32,41.36,41.23,41.23,6087
147,41.49,41.49,41.3,41.33,10747
148,41.43,41.5,41.35,41.46,11948
149,41.4,41.42,41.35,41.41,65491
150,41.425,41.45,41.35,41.4,11498
151,41.4,41.45,41.36,41.425,5280
152,41.39,41.45,41.35,41.41,6735
153,41.44,41.48,41.4,41.4,5144
154,41.46,41.48,41.42,41.46,6111
155,41.41,41.47,41.35,41.47,6250
156,41.43,41.48,41.4,41.41,7090
157,41.46,41.5,41.39,41.42,15891
158,41.5,41.5199,41.465,41.465,3850
159,41.47,41.5,41.465,41.48,3550
160,41.51,41.52,41.47,41.47,4473
161,41.55,41.58,41.5,41.5,9471
162,41.5132,41.5599,41.5,41.545,2819
163,41.53,41.58,41.51,41.53,7297
164,41.44,41.54,41.41,41.54,9700
165,41.57,41.57,41.4499,41.4499,10713
166,41.51,41.57,41.51,41.56,12791
167,41.43,41.54,41.43,41.51,11150
168,41.41,41.46,41.39,41.43,7566
169,41.4311,41.46,41.395,41.42,6867
170,41.4025,41.44,41.4,41.44,4254
171,41.47,41.47,41.4,41.405,4604
172,41.51,41.51,41.4403,41.49,7383
173,41.43,41.49,41.42,41.49,240559
174,41.34,41.46,41.34,41.46,20379
175,41.36,41.4,41.31,41.34,105100
176,41.37,41.39,41.31,41.37,99196
177,41.35,41.38,41.35,41.35,4987
178,41.3,41.36,41.22,41.35,26372
179,41.37,41.37,41.27,41.27,11228
180,41.38,41.43,41.36,41.38,44631
181,41.31,41.42,41.29,41.38,18436
182,41.53,41.56,41.29,41.305,39467
183,41.67,41.67,41.36,41.36,746887
288,41.67,41.67,41.67,41.67,4215
289,41.74,41.81,41.47,41.775,40532
290,42.1,42.1699,41.73,41.75,34556
291,42.52,42.52,42.0968,42.0968,61408
292,42.485,42.6,42.4,42.56,17788
293,42.785,42.82,42.49,42.49,15709
294,43.02,43.04,42.8,42.8,22444
295,42.99,43.13,42.97,43.06,11578
296,43.23,43.25,43,43.02,12754
297,42.85,43.23,42.85,43.22,24738
298,42.99,43.03,42.89,42.89,22223
299,43.06,43.07,42.9896,43.005,22482
300,42.93,43.07,42.92,43.05,12996
301,42.85,42.93,42.72,42.925,28340
302,42.8,42.855,42.78,42.855,6375
303,42.79,42.81,42.76,42.8,23557
304,42.79,42.81,42.76,42.7983,8767
305,43.06,43.06,42.8,42.805,52064
306,43,43.05,43,43.0273,5700
307,43.04,43.06,43.0034,43.0034,24390
308,43.13,43.13,43.04,43.0505,38405
309,43.06,43.15,43.06,43.14,32042
310,43,43.05,42.98,43.05,11295
311,42.9,43.02,42.84,43,48616
312,42.85,42.91,42.78,42.9,10549
313,42.83,42.87,42.78,42.85,5999
314,42.94,42.96,42.83,42.83,3900
315,42.98,42.98,42.92,42.93,3800
316,43,43,42.94,42.98,5045
317,42.9999,43,42.91,42.9968,14989
318,42.92,42.99,42.905,42.99,9667
319,42.87,42.9225,42.86,42.92,7971
320,42.86,42.86,42.76,42.86,14715
321,42.76,42.86,42.74,42.85,34893
322,42.8,42.8,42.73,42.75,14701
323,42.73,42.8,42.7,42.79,13521
324,42.69,42.73,42.68,42.73,10629
325,42.82,42.84,42.68,42.695,48436
326,42.88,42.93,42.82,42.825,54147
327,42.87,42.9,42.81,42.875,168876
432,42.87,43,42.87,42.99,2093
433,42.85,43,42.83,43,12444
434,42.83,42.9,42.75,42.88,4500
435,42.7,42.84,42.66,42.84,21368
436,42.705,42.72,42.66,42.7,13369
437,42.6792,42.71,42.66,42.705,20527
438,42.7325,42.735,42.68,42.69,30437
439,42.7,42.73,42.63,42.73,37721
440,42.69,42.705,42.66,42.7,18772
441,42.7292,42.7493,42.64,42.695,43944
442,42.69,42.7,42.67,42.7,13442
443,42.69,42.7,42.65,42.7,18184
444,42.7,42.7,42.69,42.7,20255
445,42.7,42.7,42.69,42.69,8560
446,42.72,42.75,42.68,42.69,45060
447,42.57,42.74,42.57,42.71,34569
448,42.59,42.63,42.5,42.58,16800
449,42.62,42.68,42.58,42.6,7786
450,42.67,42.7,42.62,42.62,8250
451,42.7,42.71,42.67,42.68,7491
452,42.69,42.7,42.66,42.7,7795
453,42.69,42.71,42.65,42.68,7261
454,42.66,42.705,42.66,42.7,8219
455,42.65,42.705,42.65,42.68,6550
456,42.65,42.67,42.61,42.65,6649
457,42.66,42.7,42.64,42.68,6798
458,42.68,42.7,42.64,42.66,10525
459,42.66,42.69,42.62,42.67,13711
460,42.65,42.69,42.64,42.665,15847
461,42.62,42.66,42.61,42.65,49734
462,42.74,42.74,42.62,42.6208,49062
463,42.73,42.8,42.72,42.725,36090
464,42.75,42.78,42.665,42.71,24515
465,42.75,42.81,42.74,42.78,28439
466,42.74,42.75,42.74,42.75,33703
467,42.78,42.78,42.73,42.75,20007
468,42.78,42.82,42.75,42.77,21750
469,42.74,42.78,42.74,42.78,24487
470,42.7,42.755,42.65,42.74,37478
471,42.8,42.83,42.67,42.67,133855
864,42.64,42.64,42.64,42.64,1315
865,42.44,42.73,42.43,42.73,5010
866,42.53,42.53,42.45,42.47,2600
867,42.41,42.53,42.41,42.51,2626
868,42.31,42.46,42.28,42.46,6450
869,42.5,42.51,42.31,42.31,19266
870,42.5,42.51,42.46,42.5,6614
871,42.45,42.5,42.44,42.5,11345
872,42.43,42.46,42.39,42.46,7137
873,42.42,42.48,42.42,42.48,4300
874,42.48,42.49,42.4,42.43,8325
875,42.5,42.51,42.48,42.48,6090
876,42.49,42.5,42.49,42.49,2100
877,42.51,42.51,42.46,42.49,18312
878,42.44,42.51,42.3905,42.51,5000
879,42.55,42.55,42.4,42.42,6969
880,42.52,42.55,42.52,42.55,8047
881,42.51,42.52,42.46,42.52,13125
882,42.34,42.51,42.34,42.49,8450
883,42.51,42.5189,42.35,42.35,7100
884,42.41,42.495,42.41,42.48,9670
885,42.375,42.466,42.37,42.41,5568
886,42.33,42.387,42.33,42.38,18969
887,42.33,42.4,42.3,42.35,6136
888,42.29,42.35,42.27,42.35,8613
889,42.37,42.37,42.26,42.29,3418
890,42.4,42.4,42.35,42.375,8370
891,42.3322,42.41,42.32,42.3998,8847
892,42.29,42.4,42.28,42.32,11799
893,42.21,42.28,42.17,42.28,11800
894,42.165,42.23,42.1,42.21,40826
895,42.1,42.17,42.08,42.15,20779
896,42.09,42.12,42.01,42.09,25597
897,42.06,42.11,42.02,42.09,7993
898,42.11,42.16,42.02,42.03,8150
899,42.03,42.09,42.03,42.09,8487
900,42.11,42.13,42,42.03,13383
901,42.07,42.115,42.06,42.115,12899
902,41.99,42.13,41.99,42.07,30198
903,42,42.04,41.95,41.98,68606
a1496755800,42.06,42.06,42.06,42.06,933
1,41.79,42.08,41.48,42.0501,13445
2,41.9192,41.9192,41.67,41.8,8650
3,41.66,41.89,41.4,41.89,10823
4,41.3,41.61,41.28,41.61,9214
5,41.55,41.684,41.33,41.33,6825
6,41.87,41.91,41.56,41.56,56575
7,41.7,41.89,41.7,41.87,17190
8,41.74,41.76,41.7,41.73,3560
9,41.76,41.77,41.73,41.76,17010
10,41.85,41.85,41.76,41.77,20605
11,41.77,41.91,41.77,41.91,5500
12,41.8,41.91,41.77,41.81,9990
13,41.82,41.85,41.77,41.78,22517
14,41.77,41.99,41.74,41.81,35439
15,41.79,41.89,41.76,41.8,11008
16,41.78,41.81,41.77,41.81,3444
17,41.69,41.8,41.65,41.79,19104
18,41.67,41.72,41.62,41.69,14588
19,41.62,41.69,41.6,41.65,12200
20,41.61,41.67,41.605,41.63,6100
21,41.49,41.62,41.45,41.58,15891
22,41.49,41.51,41.42,41.49,17400
23,41.35,41.48,41.31,41.48,16982
24,41.32,41.39,41.27,41.355,24088
25,41.26,41.38,41.2,41.34,13921
26,41.16,41.29,41.12,41.26,15248
27,41.22,41.23,41.09,41.18,47881
28,41.29,41.3,41.19,41.19,9686
29,41.365,41.365,41.28,41.28,7050
30,41.47,41.47,41.36,41.38,16668
31,41.42,41.45,41.38,41.45,6228
32,41.37,41.46,41.37,41.42,12169
33,41.43,41.44,41.3,41.37,16513
34,41.48,41.53,41.41,41.43,13932
35,41.71,41.71,41.48,41.49,16179
36,41.6,41.71,41.6,41.71,14588
37,41.5575,41.6,41.53,41.6,19128
38,41.66,41.69,41.57,41.57,18869
39,41.61,41.67,41.58,41.66,70863
144,41.51,41.51,41.51,41.51,1241
145,41.53,41.53,41,41,4011
146,41.53,41.57,41.46,41.51,4271
147,41.6,41.62,41.53,41.57,10967
148,41.56,41.66,41.54,41.6,3150
149,41.51,41.6,41.51,41.57,5400
150,41.43,41.53,41.43,41.53,8180
151,41.43,41.49,41.41,41.435,4483
152,41.49,41.5,41.43,41.43,5926
153,41.5,41.5,41.48,41.49,18812
154,41.8297,41.8297,41.49,41.495,38194
155,41.75,41.84,41.75,41.83,3469
156,41.68,41.75,41.64,41.75,5774
157,41.6966,41.76,41.6603,41.71,4887
158,41.59,41.73,41.57,41.69,11291
159,41.56,41.62,41.54,41.59,7787
160,41.67,41.67,41.51,41.54,4360
161,41.548,41.67,41.548,41.67,4309
162,41.63,41.67,41.52,41.54,8998
163,41.5282,41.61,41.5282,41.61,8758
164,41.46,41.529,41.42,41.51,8757
165,41.45,41.45,41.39,41.44,8516
166,41.35,41.47,41.33,41.44,9122
167,41.26,41.35,41.23,41.315,7300
168,41.33,41.34,41.23,41.26,4700
169,41.34,41.36,41.33,41.33,3740
170,41.35,41.36,41.27,41.36,8024
171,41.41,41.45,41.34,41.3464,6691
172,41.39,41.45,41.31,41.35,3744
173,41.35,41.4,41.31,41.38,6938
174,41.43,41.43,41.32,41.32,5350
175,41.4,41.43,41.4,41.42,5787
176,41.44,41.47,41.33,41.4,11896
177,41.45,41.47,41.41,41.44,7337
178,41.45,41.45,41.39,41.45,7171
179,41.43,41.45,41.4,41.44,10930
180,41.49,41.54,41.435,41.435,11254
181,41.47,41.51,41.47,41.5,12404
182,41.51,41.51,41.47,41.47,19526
183,41.475,41.51,41.47,41.51,68269
288,41.59,41.59,41.59,41.59,1264
289,41.16,41.49,41.09,41.49,3280
290,41.04,41.21,41.03,41.14,2503
291,41,41.06,40.96,41.04,35837
292,40.97,41.03,40.96,41.005,30325
293,40.97,41.02,40.89,40.97,12338
294,41.01,41.05,40.9,40.96,26972
295,41.26,41.31,41.01,41.01,28754
296,41.39,41.39,41.23,41.26,7615
297,41.31,41.41,41.21,41.395,10712
298,41.32,41.34,41.25,41.32,5500
299,41.3499,41.35,41.31,41.31,5819
300,41.2,41.35,41.19,41.35,6068
301,41.38,41.38,41.2,41.2,8593
302,41.33,41.43,41.315,41.39,18862
303,40.91,41.3,40.87,41.3,87045
304,40.99,41,40.84,40.88,11138
305,41,41.01,40.89,40.96,6652
306,40.88,41,40.88,41,7351
307,40.99,40.99,40.85,40.88,7000
308,41.03,41.1,40.99,40.99,11793
309,41.06,41.06,40.98,41.06,6300
310,41.1047,41.11,41.075,41.075,3833
311,41.07,41.12,41.03,41.1072,9620
312,41.01,41.08,41,41.07,5400
313,41.16,41.16,41.01,41.02,4152
314,41.05,41.16,41.02,41.16,7273
315,41.165,41.17,41.05,41.05,15819
316,41.18,41.18,41.1102,41.17,5434
317,41.14,41.16,41.11,41.14,7096
318,41.12,41.1683,41.0907,41.15,7580
319,41.17,41.23,41.12,41.12,3540
320,41.17,41.19,41.13,41.175,9849
321,41.25,41.26,41.15,41.1775,6185
322,41.25,41.27,41.22,41.255,6316
323,41.24,41.25,41.2,41.24,10703
324,41.495,41.57,41.23,41.24,35795
325,41.55,41.61,41.45,41.5,24042
326,41.59,41.61,41.51,41.57,28096
327,41.66,41.67,41.57,41.58,104791
432,41.59,41.59,41.59,41.59,552
433,41.73,41.91,40.92,40.92,66485
434,41.67,41.73,41.57,41.725,18799
435,41.47,41.675,41.46,41.675,10935
436,41.396,41.56,41.396,41.52,7217
437,41.505,41.505,41.41,41.41,6806
438,41.32,41.525,41.32,41.52,9568
439,41.195,41.34,41.16,41.32,12478
440,41.29,41.42,41.195,41.21,5700
441,41.3,41.305,41.26,41.281,4300
442,41.21,41.3,41.19,41.3,7022
443,41.15,41.24,41.115,41.22,9050
444,41.13,41.16,41.01,41.14,24251
445,41.08,41.24,41.01,41.16,39194
446,41.19,41.26,41.08,41.08,17836
447,41.14,41.22,41.14,41.19,2700
448,41.15,41.17,41.07,41.09,5946
449,41,41.11,41,41.09,5280
450,40.93,41.02,40.89,41,8899
451,40.85,40.96,40.79,40.94,17698
452,40.87,40.89,40.84,40.87,9350
453,40.785,40.89,40.77,40.87,12577
454,40.71,40.81,40.69,40.81,12199
455,40.54,40.7,40.5,40.69,22897
456,40.62,40.69,40.53,40.58,35367
457,40.54,40.67,40.53,40.65,21850
458,40.4,40.58,40.36,40.57,16720
459,40.31,40.5,40.24,40.41,30365
460,40.31,40.437,40.31,40.32,24561
461,40.16,40.32,40.06,40.32,51537
462,40.1,40.2,40.07,40.18,56896
463,40.1,40.11,39.93,40.1,33317
464,39.76,40.1,39.76,40.1,22293
465,39.89,40.01,39.71,39.72,35436
466,40,40.09,39.84,39.9,101096
467,40.09,40.1,39.93,40,29580
468,40.16,40.2,40.07,40.12,21720
469,40.08,40.19,40.06,40.19,86400
470,39.99,40.09,39.92,40.07,56948
471,40.08,40.09,39.95,39.99,233589
864,39.86,39.86,39.86,39.86,1737
865,39.98,40.28,39.84,39.86,29114
866,40.27,40.43,39.88,39.96,22617
867,40.17,40.32,40.11,40.32,28596
868,39.94,40.25,39.94,40.19,24829
869,39.93,40.01,39.88,39.96,11140
870,39.805,39.97,39.8,39.96,17212
871,39.73,39.81,39.73,39.8098,8650
872,39.86,39.91,39.75,39.77,29801
873,39.74,39.94,39.74,39.85,13019
874,39.69,39.81,39.66,39.77,18529
875,39.58,39.7199,39.55,39.66,9748
876,39.63,39.67,39.575,39.61,8164
877,39.72,39.8,39.66,39.66,11546
878,39.53,39.71,39.43,39.7,18284
879,39.82,39.82,39.57,39.57,6458
880,39.73,39.88,39.72,39.88,7189
881,39.93,39.99,39.73,39.73,8231
882,39.81,39.95,39.755,39.94,8050
883,39.83,39.88,39.7901,39.7901,10506
884,39.7,39.84,39.695,39.83,6154
885,39.625,39.69,39.62,39.68,7851
886,39.64,39.68,39.61,39.61,5251
887,39.615,39.68,39.57,39.64,6350
888,39.7,39.71,39.58,39.6,9438
889,39.6,39.72,39.56,39.71,6919
890,39.68,39.68,39.58,39.62,4278
891,39.66,39.69,39.6397,39.67,7711
892,39.79,39.79,39.66,39.66,5596
893,39.82,39.83,39.76,39.79,5627
894,39.84,39.8614,39.78,39.825,5299
895,39.85,39.89,39.84,39.855,7738
896,39.74,39.85,39.71,39.85,15945
897,39.73,39.7899,39.7,39.77,6302
898,39.77,39.81,39.68,39.73,9927
899,39.84,39.85,39.77,39.77,8074
900,39.76,39.845,39.75,39.84,22452
901,39.72,39.8,39.72,39.77,19002
902,39.79,39.82,39.72,39.73,25186
903,39.81,39.81,39.74,39.78,95949
a1497360600,40.02,40.02,40.02,40.02,2138
1,39.97,40.13,39.86,40.05,14570
2,39.88,40.09,39.88,40.05,3097
3,39.77,39.85,39.72,39.83,6688
4,39.78,39.88,39.75,39.77,17300
5,39.79,39.86,39.73,39.78,11364
6,39.79,39.8499,39.75,39.791,2601
7,39.735,39.81,39.72,39.8,5609
8,39.81,39.81,39.72,39.73,8878
9,39.737,39.8103,39.71,39.8103,6514
10,39.78,39.8,39.64,39.71,5700
11,39.85,39.86,39.79,39.79,5410
12,39.79,39.85,39.78,39.85,5115
13,39.82,39.85,39.81,39.82,4500
14,39.85,39.92,39.81,39.82,6447
15,39.77,39.83,39.755,39.83,5667
16,39.81,39.84,39.76,39.78,5869
17,39.95,40.03,39.81,39.81,8490
18,40.085,40.09,39.95,39.95,6779
19,40.07,40.1,40.03,40.1,6800
20,40.1,40.14,40.07,40.07,3100
21,40.05,40.1,40.05,40.09,6356
22,40.08,40.13,40.03,40.045,6700
23,40.085,40.09,40.055,40.08,3454
24,40.1,40.15,40.09,40.1,3686
25,40.15,40.17,40.1,40.11,6407
26,40.18,40.2,40.11,40.14,9365
27,40.37,40.38,40.17,40.19,15811
28,40.36,40.37,40.33,40.36,8974
29,40.3803,40.41,40.33,40.35,15800
30,40.2929,40.37,40.27,40.36,5066
31,40.34,40.3775,40.2875,40.29,8603
32,40.25,40.33,40.24,40.32,9783
33,40.2603,40.28,40.24,40.251,5200
34,40.18,40.28,40.18,40.28,7982
35,40.24,40.27,40.18,40.18,7400
36,40.28,40.28,40.235,40.24,8765
37,40.29,40.34,40.265,40.28,9450
38,40.33,40.43,40.24,40.3,29881
39,40.33,40.39,40.26,40.35,105546
144,40.19,40.19,40.19,40.19,1227
145,39.95,40.31,39.95,40.06,6056
146,39.98,40.03,39.9,39.96,8823
147,39.98,39.99,39.93,39.99,8069
148,40.07,40.07,39.94,39.965,13059
149,40.05,40.07,39.98,40.05,11706
150,39.975,40.08,39.945,40.04,19078
151,39.89,39.98,39.89,39.96,10200
152,39.78,39.96,39.78,39.89,13115
153,39.78,39.82,39.72,39.78,4982
154,39.8,39.85,39.76,39.78,4750
155,39.7,39.81,39.7,39.795,6629
156,39.67,39.73,39.61,39.73,7455
157,39.565,39.67,39.55,39.67,5862
158,39.65,39.66,39.58,39.58,6603
159,39.56,39.65,39.55,39.65,6139
160,39.62,39.62,39.55,39.56,2250
161,39.59,39.64,39.57,39.64,4623
162,39.67,39.701,39.55,39.59,10459
163,39.65,39.7,39.65,39.7,2934
164,39.64,39.66,39.64,39.64,3500
165,39.66,39.74,39.65,39.65,5648
166,39.69,39.74,39.68,39.68,1500
167,39.75,39.8,39.675,39.69,6220
168,39.73,39.78,39.72,39.75,3881
169,39.72,39.76,39.68,39.715,3100
170,39.71,39.7448,39.7,39.7302,6392
171,39.77,39.77,39.715,39.72,6144
172,39.78,39.81,39.72,39.76,9902
173,39.745,39.85,39.6797,39.84,10770
174,39.81,39.81,39.71,39.765,1900
175,39.76,39.87,39.76,39.8,14462
176,39.69,39.7798,39.62,39.75,18828
177,39.63,39.71,39.62,39.66,10619
178,39.58,39.695,39.58,39.635,7541
179,39.49,39.59,39.46,39.55,15141
180,39.495,39.54,39.4,39.45,20841
181,39.56,39.56,39.46,39.48,15333
182,39.555,39.59,39.47,39.59,32094
183,39.6,39.64,39.54,39.56,90192
288,39.53,39.53,39.53,39.53,1188
289,39.39,39.47,39.25,39.31,5362
290,39.22,39.4,39.2178,39.3617,4263
291,39.16,39.2001,39.115,39.2001,7719
292,39.16,39.19,39.09,39.16,13286
293,39.09,39.17,39.05,39.17,2500
294,39.14,39.15,39.011,39.11,4537
295,39.2,39.2,39.13,39.18,4667
296,39.06,39.17,39.015,39.17,5550
297,39.07,39.14,38.96,39.08,6124
298,39.09,39.2,39.07,39.08,7100
299,39.075,39.17,39.075,39.11,5800
300,39.17,39.2,39.08,39.09,7536
301,39.26,39.28,39.18,39.18,10360
302,39.245,39.27,39.18,39.246,12015
303,39.21,39.24,39.2,39.23,3900
304,39.24,39.24,39.165,39.21,6901
305,39.24,39.25,39.19,39.24,6780
306,39.28,39.3,39.23,39.25,6242
307,39.3,39.3,39.24,39.28,6887
308,39.26,39.3573,39.2501,39.29,8683
309,39.34,39.34,39.27,39.27,4601
310,39.33,39.34,39.28,39.33,5922
311,39.32,39.4,39.31,39.34,9851
312,39.34,39.38,39.29,39.33,11096
313,39.4099,39.42,39.33,39.38,8467
314,39.34,39.4,39.315,39.39,11300
315,39.4,39.4,39.325,39.3362,6544
316,39.44,39.45,39.34,39.4,4100
317,39.42,39.45,39.39,39.45,5610
318,39.57,39.6,39.42,39.42,16949
319,39.52,39.59,39.48,39.55,6770
320,39.59,39.6475,39.52,39.52,13005
321,39.61,39.62,39.54,39.58,11104
322,39.69,39.74,39.61,39.61,8200
323,39.72,39.73,39.68,39.68,12274
324,39.65,39.75,39.64,39.72,12300
325,39.63,39.69,39.59,39.66,17187
326,39.72,39.72,39.595,39.64,16908
327,39.84,39.9,39.7,39.72,244782
432,39.85,39.85,39.85,39.85,12660
433,39.55,39.8,39.47,39.76,2658
434,39.68,39.68,39.49,39.65,2200
435,39.52,39.58,39.47,39.58,2300
436,39.43,39.58,39.4,39.56,7510
437,39.44,39.48,39.35,39.4,3880
438,39.39,39.45,39.32,39.41,2400
439,39.445,39.47,39.38,39.38,6848
440,39.6,39.63,39.4,39.42,9355
441,39.56,39.6,39.4901,39.57,4421
442,39.52,39.6,39.52,39.57,4200
443,39.59,39.59,39.44,39.484,5001
444,39.54,39.64,39.49,39.5999,13337
445,39.59,39.63,39.54,39.56,8642
446,39.54,39.58,39.54,39.58,1650
447,39.56,39.57,39.54,39.5526,1414
448,39.65,39.71,39.55,39.57,9000
449,39.74,39.74,39.61,39.65,5037
450,39.83,39.86,39.77,39.77,9750
451,39.94,39.94,39.83,39.83,18339
452,39.92,40,39.92,39.94,9099
453,39.815,39.93,39.81,39.9109,2855
454,39.83,39.83,39.78,39.78,3854
455,39.79,39.86,39.79,39.84,2482
456,39.79,39.8,39.77,39.78,1900
457,39.83,39.83,39.75,39.8,3847
458,39.82,39.82,39.8,39.82,1600
459,39.89,39.89,39.8,39.82,9778
460,39.83,39.89,39.83,39.87,2832
461,39.845,39.87,39.83,39.84,4690
462,39.8461,39.9103,39.8308,39.845,3780
463,39.78,39.88,39.76,39.86,7693
464,39.75,39.7818,39.735,39.7818,8312
465,39.82,39.8495,39.755,39.755,10293
466,39.82,39.86,39.8,39.82,4782
467,39.83,39.84,39.75,39.82,4876
468,39.82,39.87,39.78,39.84,11081
469,39.83,39.84,39.77,39.83,6100
470,39.74,39.85,39.68,39.83,19417
471,39.82,39.84,39.69,39.74,850161
864,40.08,40.08,40.08,40.08,903
865,40.31,40.31,39.91,39.97,16755
866,40.42,40.5,40.3,40.38,7100
867,40.5,40.58,40.4,40.42,17544
868,40.3717,40.53,40.32,40.5,16047
869,40.1924,40.35,40.18,40.35,9173
870,40.06,40.2,40.03,40.15,14783
871,39.99,40.083,39.73,40.06,95779
872,40.1,40.15,39.98,39.98,14740
873,39.94,40.1,39.93,40.1,35531
874,40.0199,40.03,39.88,39.97,14470
875,39.96,40.01,39.93,39.97,10744
876,39.91,39.94,39.88,39.94,1600
877,39.86,39.9,39.81,39.9,17509
878,39.78,39.87,39.77,39.84,6808
879,39.84,39.84,39.77,39.79,5057
880,39.91,39.91,39.84,39.85,6398
881,40,40.025,39.895,39.9,7018
882,39.96,40.03,39.96,40.01,6479
883,39.87,39.98,39.85,39.96,6633
884,40,40.065,39.88,39.88,6356
885,40.02,40.04,39.97,40,2999
886,40.06,40.06,40.02,40.03,1700
887,40.06,40.08,40.06,40.07,3944
888,40.12,40.135,40.05,40.05,4943
889,40.11,40.21,40.1,40.13,7902
890,40.03,40.13,40.03,40.105,4200
891,40.04,40.15,40.04,40.045,4700
892,40.07,40.1,40.02,40.06,6349
893,40.06,40.075,40.02,40.055,8838
894,40.06,40.07,40.01,40.06,4227
895,40.03,40.09,40.03,40.06,8592
896,40.08,40.08,40.04,40.06,4200
897,40.06,40.09,40.03,40.08,5686
898,39.985,40.06,39.985,40.06,22573
899,40.1,40.1,39.985,39.985,10302
900,40.125,40.13,40.08,40.11,7154
901,40.03,40.125,40.03,40.11,17992
902,39.96,40.03,39.93,40.03,34679
903,39.91,40.01,39.89,40.01,179602
a1497965400,40.12,40.12,40.12,40.12,5586
1,39.9,40.105,39.85,39.86,9804
2,39.88,40.03,39.82,39.94,8155
3,39.96,40.02,39.85,39.88,12362
4,40.07,40.13,39.87,39.96,9782
5,40.1,40.1,40.01,40.07,3284
6,39.93,40.06,39.92,40.06,6558
7,39.9,40,39.8701,39.92,6036
8,40.02,40.03,39.87,39.895,10736
9,40,40.03,39.95,40.01,4900
10,40.02,40.06,40,40.01,5900
11,40.16,40.16,40.03,40.03,10498
12,39.96,40.18,39.96,40.16,6415
13,39.92,39.96,39.89,39.93,5945
14,39.88,39.97,39.88,39.9,4762
15,39.855,39.89,39.82,39.89,3748
16,39.75,39.8299,39.74,39.82,3300
17,39.84,39.91,39.75,39.76,17990
18,39.78,39.9,39.78,39.84,8593
19,39.83,39.88,39.8,39.8,2700
20,39.79,39.85,39.72,39.85,17389
21,39.87,39.9,39.77,39.81,6516
22,39.82,39.91,39.805,39.89,19763
23,39.81,39.89,39.77,39.83,8300
24,39.77,39.89,39.735,39.87,27799
25,39.8,39.82,39.74,39.76,3950
26,39.72,39.78,39.7,39.77,2050
27,39.7,39.78,39.69,39.71,4021
28,39.675,39.75,39.64,39.71,6653
29,39.61,39.66,39.58,39.66,7850
30,39.49,39.64,39.49,39.64,2400
31,39.52,39.61,39.47,39.49,29659
32,39.52,39.56,39.48,39.5273,4847
33,39.585,39.6,39.52,39.52,4500
34,39.56,39.61,39.56,39.58,7025
35,39.59,39.71,39.56,39.56,9937
36,39.6,39.61,39.49,39.57,11695
37,39.53,39.62,39.47,39.61,13656
38,39.42,39.54,39.4,39.53,24966
39,39.42,39.48,39.41,39.41,39653
144,39.42,39.42,39.42,39.42,788
145,39.61,39.63,39.45,39.5,6426
146,39.9,39.92,39.6,39.6,13120
147,39.83,39.96,39.8,39.88,14665
148,39.76,39.88,39.66,39.8297,18871
149,39.81,39.87,39.75,39.77,8100
150,39.7999,39.88,39.7999,39.81,6097
151,39.92,39.92,39.8,39.8,8841
152,39.99,40.04,39.92,39.92,12996
153,39.99,40.01,39.94,39.97,12226
154,40.02,40.03,39.91,40,14904
155,39.96,40.05,39.95,40.02,13264
156,39.96,40.01,39.96,39.98,8696
157,39.87,39.98,39.85,39.94,6056
158,39.93,40.035,39.865,39.865,17502
159,40.09,40.09,39.95,39.95,6670
160,40.03,40.11,39.97,40.1,11402
161,39.935,40.03,39.935,40.03,4170
162,39.98,40.01,39.935,39.95,13691
163,40.115,40.12,39.98,39.98,7295
164,40.05,40.12,40.05,40.11,7135
165,40.04,40.06,39.9,40.05,12484
166,40.03,40.065,39.97,40.03,10286
167,40.065,40.09,40.01,40.035,6939
168,40.055,40.08,40.01,40.0675,6795
169,40.08,40.13,40.06,40.06,4200
170,40.07,40.1299,40.065,40.1,4147
171,40.05,40.11,40.03,40.08,6200
172,40.1,40.11,40.0399,40.0399,4030
173,40.1,40.16,40.07,40.1,7878
174,40.1,40.13,40.08,40.1,6150
175,40.25,40.28,40.1,40.1,11594
176,40.2,40.29,40.19,40.22,4100
177,40.14,40.22,40.13,40.19,4800
178,40.19,40.19,40.07,40.15,10624
179,40.12,40.2,40.11,40.2,9400
180,40.14,40.18,40.12,40.12,9286
181,40.09,40.1522,40.06,40.11,16693
182,40.04,40.16,40.01,40.09,18335
183,39.98,40.07,39.98,40.05,65356
288,39.95,39.95,39.95,39.95,1761
289,39.97,39.97,39.64,39.94,5385
290,39.84,39.89,39.7601,39.7601,3200
291,39.75,39.87,39.75,39.835,10515
292,39.69,39.79,39.69,39.79,10868
293,39.76,39.76,39.68,39.69,7120
294,39.66,39.82,39.66,39.75,6784
295,39.69,39.69,39.62,39.64,3199
296,39.8,39.845,39.78,39.79,3582
297,39.75,39.82,39.75,39.8,3400
298,39.78,39.84,39.78,39.78,3400
299,39.79,39.83,39.79,39.79,1500
300,39.75,39.79,39.73,39.77,2700
301,39.73,39.76,39.69,39.735,3406
302,39.72,39.73,39.67,39.73,2603
303,39.78,39.78,39.71,39.72,1100
304,39.73,39.8,39.71,39.8,3404
305,39.75,39.85,39.75,39.75,4150
306,39.94,39.955,39.76,39.76,6456
307,39.92,39.96,39.9,39.95,1842
308,39.99,39.99,39.92,39.93,3000
309,40.08,40.1,39.99,39.99,6240
310,40.12,40.14,40.09,40.09,6978
311,39.93,40.125,39.93,40.125,10331
312,40.01,40.04,39.93,39.93,2500
313,39.99,40.04,39.9799,40.01,8260
314,40,40.01,39.99,40,2715
315,39.91,40,39.9,39.995,6534
316,39.95,39.95,39.91,39.9401,5522
317,39.98,40,39.9048,39.95,5325
318,39.988,40,39.93,40,8550
319,39.86,39.99,39.82,39.99,7663
320,39.86,39.91,39.85,39.87,4860
321,39.855,39.89,39.82,39.86,6449
322,39.8801,39.89,39.82,39.855,5154
323,39.9,39.9,39.83,39.88,4511
324,39.85,39.9,39.82,39.9,8634
325,39.79,39.84,39.76,39.84,13773
326,39.75,39.88,39.75,39.8,15932
327,39.79,39.84,39.75,39.77,53842
432,39.84,39.84,39.84,39.84,570
433,40,40,39.7,39.94,30570
434,39.89,40.18,39.89,40,6020
435,40.09,40.09,39.85,39.93,33486
436,40.29,40.29,40.07,40.14,9025
437,40.18,40.29,40.18,40.29,13850
438,40.27,40.28,40.145,40.17,20733
439,40.31,40.39,40.27,40.27,22584
440,40.18,40.34,40.18,40.31,16633
441,40.15,40.215,40.13,40.16,12091
442,40.08,40.16,40.06,40.16,20144
443,40.32,40.32,40.07,40.07,9662
444,40.25,40.33,40.25,40.3,5501
445,40.33,40.33,40.23,40.27,7184
446,40.29,40.3199,40.28,40.31,4626
447,40.37,40.385,40.26,40.32,7050
448,40.36,40.39,40.33,40.36,10911
449,40.265,40.38,40.26,40.35,14342
450,40.2,40.26,40.2,40.26,9938
451,40.19,40.22,40.15,40.19,7711
452,40.27,40.3,40.195,40.2,11026
453,40.19,40.28,40.19,40.25,6100
454,40.15,40.18,40.13,40.18,3400
455,40.22,40.25,40.15,40.15,5086
456,40.28,40.29,40.23,40.23,7129
457,40.26,40.28,40.24,40.28,4200
458,40.29,40.32,40.27,40.28,5650
459,40.29,40.33,40.29,40.309,5869
460,40.32,40.33,40.27,40.29,6140
461,40.42,40.5,40.32,40.34,11495
462,40.43,40.48,40.41,40.44,8160
463,40.55,40.69,40.41,40.42,42150
464,40.68,40.68,40.55,40.59,6142
465,40.69,40.83,40.68,40.68,21105
466,40.59,40.72,40.59,40.7186,12557
467,40.56,40.66,40.47,40.61,26029
468,40.54,40.62,40.49,40.55,15328
469,40.55,40.59,40.51,40.54,12712
470,40.68,40.71,40.54,40.56,23581
471,40.62,40.69,40.58,40.63,370072
864,40.83,40.83,40.83,40.83,4126
865,40.92,41,40.79,40.83,9507
866,41.12,41.25,41,41.03,12052
867,40.99,41.15,40.95,41.14,10766
868,40.96,41.02,40.93,41.02,3356
869,40.995,41.07,40.93,40.95,6758
870,41.06,41.14,40.97,41,6492
871,40.71,41.09,40.71,41.09,8871
872,40.76,40.845,40.69,40.735,7719
873,40.75,40.85,40.63,40.77,8785
874,40.59,40.77,40.59,40.75,12237
875,40.59,40.67,40.555,40.61,5609
876,40.69,40.7,40.525,40.62,5706
877,40.72,40.72,40.58,40.66,6600
878,40.69,40.77,40.59,40.75,20775
879,40.715,40.8,40.66,40.69,20829
880,40.84,40.89,40.7,40.74,10212
881,40.69,40.83,40.69,40.81,7393
882,40.68,40.77,40.68,40.7,5150
883,40.67,40.72,40.58,40.69,9796
884,40.75,40.78,40.62,40.71,17095
885,40.63,40.73,40.615,40.72,4700
886,40.66,40.69,40.624,40.624,4284
887,40.59,40.64,40.56,40.64,3230
888,40.59,40.65,40.54,40.59,5095
889,40.52,40.58,40.49,40.58,4706
890,40.49,40.548,40.49,40.5,1876
891,40.45,40.52,40.43,40.5,7039
892,40.44,40.51,40.43,40.47,4814
893,40.46,40.485,40.43,40.45,3216
894,40.49,40.5,40.38,40.46,4671
895,40.54,40.55,40.49,40.51,2300
896,40.59,40.63,40.5,40.55,6697
897,40.62,40.64,40.54,40.62,6408
898,40.6954,40.6954,40.5582,40.6,7483
899,40.77,40.77,40.685,40.69,5100
900,40.61,40.76,40.61,40.76,15914
901,40.67,40.67,40.61,40.63,7717
902,40.65,40.69,40.6,40.65,15168
903,40.58,40.67,40.55,40.65,59872
a1498570200,40.4,40.4,40.4,40.4,686
1,40.34,40.53,40.34,40.45,2600
2,40.3628,40.44,40.36,40.38,2795
3,40.3275,40.44,40.2895,40.36,4575
4,40.55,40.61,40.35,40.35,4157
5,40.5301,40.58,40.5,40.54,2345
6,40.54,40.58,40.46,40.55,55897
7,40.67,40.7,40.5,40.54,16856
8,40.66,40.7,40.65,40.67,11366
9,40.724,40.75,40.67,40.67,6023
10,40.95,40.95,40.7001,40.7001,15563
11,40.9,40.91,40.81,40.91,5986
12,40.805,40.89,40.805,40.89,5018
13,40.85,40.8599,40.79,40.8028,5325
14,40.815,40.87,40.81,40.85,2118
15,40.855,40.87,40.78,40.82,8428
16,40.89,41,40.8699,40.87,14371
17,40.97,40.97,40.89,40.91,10153
18,40.987,41.04,40.92,40.92,5221
19,40.9011,40.99,40.87,40.97,13563
20,40.96,40.97,40.82,40.88,4280
21,40.84,40.93,40.81,40.93,5875
22,40.82,40.94,40.8,40.87,7433
23,40.805,40.83,40.7401,40.8,7231
24,40.84,40.86,40.8,40.8,7891
25,40.75,40.87,40.72,40.85,19409
26,40.72,40.8,40.66,40.78,22770
27,40.71,40.74,40.66,40.71,13126
28,40.66,40.76,40.6,40.74,20524
29,40.57,40.68,40.44,40.657,61235
30,40.625,40.65,40.57,40.595,13860
31,40.59,40.69,40.53,40.62,10329
32,40.69,40.72,40.59,40.6,12234
33,40.6,40.67,40.6,40.66,3655
34,40.7,40.7,40.6,40.61,16220
35,40.66,40.71,40.63,40.7,9520
36,40.61,40.65,40.55,40.63,6818
37,40.55,40.58,40.51,40.56,17431
38,40.53,40.62,40.49,40.55,32648
39,40.5,40.56,40.46,40.53,87833
144,40.58,40.58,40.58,40.58,2272
145,40.79,41.05,40.5,40.52,17006
146,40.75,40.9,40.62,40.79,5742
147,40.82,40.84,40.72,40.75,2400
148,40.9172,41,40.84,40.86,5208
149,41.01,41.02,40.86,40.87,7565
150,40.97,41.06,40.925,41.04,6825
151,40.95,41.03,40.935,40.935,4642
152,41.02,41.12,40.975,40.99,8355
153,41.2189,41.2189,40.98,41,13177
154,41.14,41.26,41.12,41.2,10111
155,41.18,41.24,41.14,41.14,5950
156,41.09,41.17,41.09,41.17,7562
157,41.09,41.11,41.05,41.07,5932
158,41.12,41.12,41.085,41.09,5039
159,41.04,41.23,41.04,41.13,6589
160,41.15,41.15,41.05,41.055,8106
161,41.17,41.22,41.15,41.15,5370
162,41.25,41.34,41.13,41.18,20769
163,41.24,41.26,41.2,41.25,11075
164,41.19,41.23,41.08,41.23,7753
165,41.16,41.19,41.16,41.19,2900
166,41.1,41.2,41.1,41.16,6222
167,41.12,41.15,41.1,41.11,5953
168,41.21,41.24,41.11,41.11,4728
169,41.31,41.36,41.19,41.23,11057
170,41.19,41.31,41.19,41.29,4500
171,41.24,41.32,41.2,41.21,10180
172,41.32,41.38,41.24,41.26,9568
173,41.19,41.305,41.19,41.3,6614
174,41.17,41.25,41.17,41.2,12959
175,41.19,41.24,40.98,41.185,70363
176,41.17,41.29,41.17,41.2,21252
177,41.21,41.23,41.17,41.18,10628
178,41.21,41.26,41.16,41.21,11199
179,41.16,41.24,41.14,41.22,22010
180,41.17,41.18,41.14,41.16,12022
181,41.25,41.285,41.18,41.18,13660
182,41.24,41.3,41.22,41.25,30608
183,41.28,41.36,41.22,41.245,125982
288,41.28,41.28,41.28,41.28,1312
289,41.41,41.49,41.17,41.2,1502
290,41.26,41.45,41.15,41.4,6418
291,41.23,41.31,41.15,41.31,4310
292,41.21,41.27,41.12,41.2125,9505
293,41.11,41.21,40.96,41.21,11191
294,41.21,41.22,41.105,41.11,3200
295,41.21,41.2399,41.13,41.18,2602
296,41.39,41.41,41.185,41.19,9183
297,41.1225,41.39,41.11,41.39,4041
298,41.09,41.21,41.07,41.11,11001
299,41.08,41.1003,40.97,41.06,13515
300,41.01,41.09,40.93,41.07,11956
301,40.83,40.99,40.8201,40.99,10487
302,40.95,40.98,40.8001,40.8001,6781
303,40.84,40.9405,40.7625,40.9405,7708
304,40.95,41.01,40.81,40.88,4632
305,40.95,40.98,40.9,40.96,7173
306,40.8501,40.96,40.8501,40.93,1000
307,40.88,40.95,40.8175,40.85,11850
308,40.82,40.94,40.82,40.86,7050
309,40.85,40.9,40.82,40.83,6993
310,40.79,40.93,40.75,40.82,9186
311,40.81,40.85,40.75,40.785,14552
312,40.69,40.82,40.59,40.77,24311
313,40.61,40.77,40.58,40.7,20313
314,40.66,40.73,40.63,40.63,6244
315,40.74,40.74,40.58,40.65,7743
316,40.8,40.86,40.66,40.68,4848
317,40.81,40.86,40.77,40.77,4560
318,40.88,40.96,40.8,40.8,5382
319,40.82,40.94,40.81,40.88,7240
320,40.76,40.97,40.76,40.88,8219
321,41.0062,41.04,40.79,40.79,23258
322,41.1399,41.1399,41,41,6079
323,41.23,41.29,41.07,41.1,18867
324,41.15,41.2158,41.14,41.2,9516
325,41.24,41.3,41.14,41.16,19130
326,41.14,41.25,41.1,41.22,11843
327,41.24,41.3,41.12,41.12,93770
432,41.46,41.46,41.46,41.46,735
433,41.42,41.46,41.1,41.1,3024
434,41.49,41.69,41.4,41.4,10675
435,41.37,41.52,41.32,41.41,10379
436,41.37,41.42,41.23,41.37,8000
437,41.34,41.39,41.22,41.35,7947
438,41.34,41.4,41.3,41.38,6540
439,41.39,41.42,41.34,41.34,8254
440,41.42,41.53,41.38,41.38,8986
441,41.53,41.57,41.4175,41.42,8150
442,41.45,41.55,41.445,41.54,9080
443,41.47,41.56,41.45,41.45,6900
444,41.75,41.83,41.48,41.48,18688
445,41.78,41.81,41.72,41.7499,7968
446,41.73,41.82,41.71,41.8,10267
447,41.75,41.8,41.7,41.74,6870
448,41.69,41.79,41.65,41.75,8095
449,41.68,41.75,41.64,41.68,4073
450,41.75,41.79,41.72,41.72,6573
451,41.75,41.7799,41.74,41.74,10643
452,41.71,41.73,41.64,41.73,12789
453,41.6525,41.76,41.6,41.69,5404
454,41.6,41.69,41.57,41.645,7074
455,41.55,41.66,41.55,41.61,7652
456,41.66,41.66,41.51,41.541,17242
457,41.68,41.75,41.6,41.665,9969
458,41.65,41.73,41.23,41.69,129098
459,41.63,41.7,41.5975,41.68,20723
460,41.615,41.66,41.575,41.64,7477
461,41.64,41.7,41.6,41.62,8164
462,41.62,41.675,41.56,41.64,7323
463,41.64,41.66,41.6,41.62,4890
464,41.71,41.74,41.62,41.65,11950
465,41.745,41.75,41.68,41.7,9854
466,41.76,41.82,41.72,41.76,16530
467,41.76,41.76,41.71,41.73,18128
468,41.91,41.91,41.7301,41.7599,52736
469,41.8,41.905,41.77,41.9039,27200
470,41.77,41.85,41.74,41.81,21993
471,41.7,41.85,41.7,41.77,110304
864,42,42,42,42,1674
865,42.04,42.06,42.04,42.06,200
866,41.74,41.8,41.72,41.75,1200
867,41.64,41.78,41.545,41.75,5939
868,41.57,41.72,41.5,41.72,11224
869,41.56,41.7,41.52,41.55,4443
870,41.56,41.62,41.52,41.53,3354
871,41.54,41.62,41.48,41.58,3836
872,41.42,41.55,41.42,41.55,2786
873,41.24,41.4,41.23,41.4,1496
874,41.32,41.32,41.11,41.25,4948
875,41.22,41.31,41.21,41.28,3869
876,41.23,41.28,41.21,41.21,2000
877,41.25,41.26,41.18,41.23,1840
878,41.25,41.28,41.19,41.2699,5578
879,41.24,41.24,41.16,41.23,5000
880,41.14,41.25,41.12,41.24,6742
881,41.125,41.2,41.09,41.13,7065
882,41.23,41.24,41.13,41.15,5250
883,41.16,41.22,41.13,41.2,12224
884,41.16,41.24,41.14,41.17,11951
885,41.05,41.24,41.02,41.18,30879
a1499261400,41.25,41.25,41.25,41.25,1951
1,41.11,41.16,40.96,41.09,15025
2,40.99,41.04,40.91,41.04,13790
3,41.07,41.07,40.93,40.99,64016
4,40.98,41.07,40.89,41.07,5461
5,40.79,40.99,40.79,40.98,9701
6,40.89,40.91,40.77,40.775,8880
7,41,41.01,40.92,40.92,7955
8,41,41.04,40.955,41.01,13194
9,40.965,41.0486,40.94,41.005,31980
10,40.94,41.04,40.93,40.98,31833
11,40.99,40.99,40.96,40.97,5856
12,41.12,41.12,40.96,40.99,17476
13,41,41.11,40.98,41.11,20874
14,41.005,41.02,40.99,41,9274
15,41.07,41.07,40.9975,41,12513
16,41.02,41.06,41.02,41.04,5800
17,41.22,41.29,41,41,12874
18,41.17,41.22,41.13,41.21,14253
19,41.19,41.19,41.14,41.18,20197
20,41.17,41.275,41.08,41.1801,53993
21,41.08,41.18,41.07,41.179,16371
22,41.11,41.16,41.06,41.09,16957
23,41.11,41.16,41.06,41.11,17807
24,41.05,41.17,41.03,41.11,29788
25,41.01,41.06,40.99,41.06,12309
26,41,41.02,40.98,41.001,30635
27,40.97,41.01,40.94,41,14098
28,40.96,41.03,40.89,40.99,21600
29,41.04,41.07,40.96,40.96,7101
30,41.13,41.15,41.05,41.05,3515
31,41.205,41.205,41.1,41.1,10836
32,41,41.2117,40.96,41.2117,15904
33,41,41.1,40.98,41.01,11772
34,41.015,41.09,40.96,41,24106
35,41.02,41.03,40.99,41.02,12237
36,41.07,41.1,40.99,41.01,13326
37,41.08,41.11,41.05,41.08,9161
38,41.02,41.09,41.01,41.05,14832
39,41.01,41.05,40.99,41.015,47345
