EXCHANGE%3DNASDAQ
MARKET_OPEN_MINUTE=570
MARKET_CLOSE_MINUTE=960
INTERVAL=600
COLUMNS=DATE,CLOSE,HIGH,LOW,OPEN,VOLUME
DATA=
TIMEZONE_OFFSET=-240
a1493127600,10.3699,10.3699,10.3699,10.3699,394
1,10.195,10.3,10.12,10.12,3600
3,10.21,10.21,10.2,10.2,400
4,10.28,10.28,10.24,10.24,1100
6,10.24,10.26,10.24,10.26,300
7,10.23,10.23,10.23,10.23,300
9,10.255,10.27,10.24,10.24,600
10,10.24,10.24,10.24,10.24,200
11,10.24,10.26,10.24,10.26,500
12,10.2,10.24,10.2,10.24,700
13,10.195,10.2,10.195,10.2,300
14,10.2,10.2,10.2,10.2,100
15,10.22,10.22,10.2,10.2,400
18,10.2,10.2,10.2,10.2,100
19,10.195,10.2106,10.18,10.2106,700
20,10.1825,10.2,10.1825,10.2,993
21,10.2,10.2,10.195,10.195,300
22,10.2,10.21,10.2,10.21,500
25,10.2,10.2,10.2,10.2,100
27,10.17,10.2082,10.16,10.2,14467
28,10.165,10.17,10.15,10.17,900
29,10.18,10.18,10.165,10.165,300
30,10.165,10.165,10.15,10.15,400
31,10.18,10.18,10.16,10.16,1500
32,10.19,10.19,10.19,10.19,100
33,10.16,10.3,10.1,10.19,15806
34,10.11,10.14,10.11,10.14,700
35,10.12,10.12,10.12,10.12,100
36,10.0749,10.106,10.0749,10.106,3325
37,10.07,10.1,10.05,10.05,4415
38,10.09,10.09,10.06,10.09,2889
144,10.18,10.18,10.0223,10.0223,1125
145,10.06,10.07,10.055,10.06,1100
146,10.12,10.18,9.94,10.06,5909
147,10.2,10.2,10.0121,10.0121,2797
148,10.11,10.11,10.11,10.11,100
149,10.11,10.11,10.11,10.11,100
150,10.14,10.16,10.12,10.12,1800
151,10.12,10.12,10.12,10.12,100
152,10.06,10.15,10.06,10.15,1400
153,10.06,10.06,10.06,10.06,100
154,10.05,10.05,10.05,10.05,100
155,10.06,10.06,10.06,10.06,100
156,10.06,10.06,10.06,10.06,100
157,10.04,10.06,10.04,10.06,400
158,10.01,10.035,10.01,10.01,700
159,9.97,10.04,9.96,10.01,3300
160,10.0125,10.06,10,10.01,10641
161,10.01,10.01,10.01,10.01,100
162,10.0475,10.12,9.98,9.98,4420
164,10.01,10.05,10.01,10.05,2800
165,10.095,10.1,10.03,10.04,3346
166,10.1,10.11,10.1,10.1,700
167,10.0661,10.12,10.0661,10.12,705
168,10.05,10.06,10.05,10.06,900
169,10.04,10.06,10.03,10.03,3400
170,10.02,10.06,10.01,10.06,600
171,9.98,10.05,9.95,10.05,10598
172,9.96,10.02,9.96,9.97,1500
173,9.95,9.95,9.95,9.95,300
174,10.03,10.06,9.98,9.98,2975
175,10.02,10.02,9.98,9.995,500
176,9.98,9.98,9.98,9.98,200
177,9.98,9.9989,9.98,9.99,800
178,10.02,10.07,9.98,9.98,2701
179,9.96,10.06,9.96,10.05,3300
180,10,10.06,10,10.01,6663
181,10.01,10.02,9.99,9.99,1700
182,10.04,10.09,10.015,10.02,9722
290,10.14,10.37,9.981,9.981,4411
291,10.2,10.2,10.1914,10.1914,200
292,10.18,10.18,10.12,10.13,590
294,10.11,10.155,10.11,10.13,1166
295,10.03,10.1,10.0269,10.0269,1600
296,10.04,10.08,10.04,10.0689,700
297,10.055,10.07,10.055,10.06,2300
298,10.12,10.15,10.05,10.06,4000
299,10.1,10.13,10.09,10.11,600
300,10.14,10.14,10.12,10.12,300
301,10.1,10.1,10.1,10.1,100
302,10.14,10.14,10.05,10.09,2265
303,10.12,10.13,10.1,10.13,1000
307,10.1,10.1,10.1,10.1,300
308,10.15,10.16,10.11,10.12,3200
309,10.14,10.14,10.14,10.14,200
310,10.15,10.15,10.15,10.15,300
311,10.15,10.15,10.15,10.15,100
314,10.11,10.13,10.11,10.13,700
316,10.14,10.14,10.11,10.11,200
317,10.09,10.1,10.09,10.1,300
318,10.09,10.09,10.09,10.09,100
320,10.1125,10.1125,10.1125,10.1125,100
321,10.06,10.1,10.05,10.1,2400
322,10.06,10.06,10.06,10.06,200
323,10.07,10.07,10.04,10.055,1500
324,10.07,10.07,10.04,10.055,5397
325,10.13,10.13,10.13,10.13,200
326,10.16,10.21,10.13,10.15,5125
431,10.2,10.2,10.2,10.2,188
432,10.1701,10.22,10.0501,10.0501,1989
433,10.17,10.17,10.17,10.17,1100
434,10.17,10.17,10.17,10.17,400
435,10.15,10.19,10.15,10.18,1200
436,10.12,10.17,10.1,10.17,3266
438,10.13,10.13,10.13,10.13,200
439,10.13,10.13,10.13,10.13,200
441,10.1,10.14,10.1,10.1252,1102
444,10.1,10.1,10.1,10.1,235
446,10.1,10.11,10.1,10.11,200
448,10.11,10.11,10.11,10.11,100
451,10.09,10.12,10.09,10.12,200
453,10.05,10.1,10.05,10.1,3768
455,10.08,10.08,10.08,10.08,200
456,10.09,10.09,10.08,10.08,500
457,10.14,10.18,10.09,10.1,3600
458,10.13,10.135,10.1245,10.1245,300
460,10.18,10.18,10.18,10.18,100
461,10.16,10.16,10.16,10.16,100
463,10.15,10.15,10.15,10.15,100
464,10.17,10.17,10.17,10.17,100
465,10.17,10.17,10.17,10.17,200
466,10.22,10.26,10.17,10.19,2700
468,10.23,10.23,10.21,10.21,300
469,10.225,10.23,10.22,10.22,300
470,10.2,10.225,10.14,10.2101,13897
863,10.11,10.11,10.11,10.11,3166
864,10.15,10.15,10.1,10.11,1000
865,10.02,10.13,9.98,10.13,3900
867,10.05,10.08,10.05,10.08,200
868,10,10.13,10,10.05,3000
869,9.99,10.03,9.99,10.01,1200
870,10.02,10.02,10,10,1300
871,9.98,10.015,9.98,10.015,5951
872,9.99,9.99,9.98,9.985,1449
873,10,10,9.97,9.97,900
876,9.98,10,9.98,10,500
877,9.96,9.96,9.96,9.96,100
878,9.9501,9.9501,9.9501,9.9501,100
880,9.89,9.95,9.89,9.95,800
881,9.82,9.87,9.82,9.87,1000
882,9.8,9.87,9.7501,9.86,3750
883,9.82,9.8201,9.8,9.8,3912
884,9.785,9.81,9.75,9.81,1248
885,9.75,9.81,9.7401,9.78,6600
886,9.7499,9.79,9.74,9.77,8300
887,9.69,9.75,9.67,9.75,2400
888,9.77,9.77,9.66,9.69,7400
889,9.79,9.83,9.76,9.77,3100
890,9.84,9.87,9.75,9.75,2960
891,9.87,9.9,9.87,9.89,900
892,9.88,9.94,9.86,9.86,2600
893,9.9858,9.99,9.88,9.9,2700
894,9.92,9.93,9.92,9.93,300
895,9.91,9.93,9.9,9.91,600
896,9.81,9.9072,9.77,9.9072,2800
897,9.835,9.89,9.795,9.81,3100
898,9.86,10,9.84,9.85,7100
899,9.81,9.85,9.8,9.85,900
900,9.84,9.99,9.77,9.79,15600
901,9.895,10,9.835,9.89,20290
902,9.93,9.96,9.83,9.895,41685
a1493731800,10.01,10.01,10.01,10.01,400
1,9.7495,10.01,9.7495,10.01,1576
3,9.95,9.95,9.9,9.95,900
4,9.97,9.97,9.91,9.94,700
5,9.99,9.99,9.92,9.98,600
6,10.03,10.1,9.97,9.99,8697
7,10.1,10.1,10.05,10.08,2300
8,10.05,10.1,10.05,10.1,2000
9,10.02,10.05,10.02,10.05,600
10,10.025,10.025,10.025,10.025,400
11,10.01,10.03,9.99,10.02,1960
12,9.93,10,9.9,10,600
13,9.975,9.98,9.9,9.9,300
14,9.99,9.99,9.95,9.975,3100
17,10,10,9.96,10,400
18,10,10,10,10,100
19,10,10,9.96,9.96,200
20,10,10,10,10,200
23,9.99,9.99,9.96,9.961,1420
24,9.98,10,9.98,10,400
25,10,10,10,10,200
26,10,10,10,10,300
27,10.05,10.05,10,10,1911
28,10.05,10.05,10.04,10.04,200
29,10.045,10.05,10.01,10.0499,2412
30,10.02,10.02,10.02,10.02,300
31,9.98,10.05,9.98,10.02,4210
32,9.98,9.98,9.98,9.98,100
33,10.01,10.01,10.01,10.01,100
34,9.98,10.01,9.98,9.98,500
35,10.01,10.01,10.01,10.01,400
36,9.98,10.01,9.98,10.01,200
37,9.98,9.99,9.98,9.98,700
38,9.93,10.02,9.92,10.01,9262
39,9.97,9.99,9.92,9.97,8710
144,9.87,9.87,9.87,9.87,1704
145,9.9,9.9,9.9,9.9,400
146,9.99,9.99,9.85,9.95,3700
147,9.72,9.95,9.7056,9.95,2047
148,9.72,10,9.72,9.85,13846
149,9.57,9.73,9.51,9.72,17252
150,9.64,9.64,9.57,9.64,14081
151,9.59,9.68,9.59,9.64,10180
152,9.67,9.67,9.61,9.64,1000
153,9.69,9.69,9.68,9.68,400
154,9.69,9.98,9.68,9.69,10000
155,9.72,9.72,9.66,9.67,800
156,9.75,9.75,9.74,9.74,300
157,9.79,9.81,9.76,9.78,900
158,9.8,9.8,9.8,9.8,100
159,9.785,9.8,9.785,9.8,200
160,9.8,9.8,9.8,9.8,200
163,9.85,9.85,9.78,9.81,800
165,9.79,9.85,9.78,9.83,2100
166,9.74,9.84,9.74,9.78,6002
167,9.71,9.76,9.7,9.7,300
168,9.7,9.754,9.7,9.754,600
169,9.7,9.7001,9.7,9.7001,300
172,9.76,9.76,9.7,9.7,1200
173,9.76,9.76,9.76,9.76,300
174,9.71,9.77,9.71,9.76,4313
175,9.69,9.74,9.69,9.71,5552
176,9.66,9.66,9.66,9.66,100
177,9.72,9.75,9.64,9.65,3400
178,9.72,9.74,9.7,9.705,910
179,9.7,9.7,9.7,9.7,200
180,9.71,9.73,9.68,9.68,2200
181,9.75,9.76,9.67,9.67,9399
182,9.74,9.77,9.7,9.75,6300
183,9.71,9.8,9.7,9.77,15779
288,9.82,9.82,9.82,9.82,1439
289,9.75,9.75,9.75,9.75,425
290,9.57,9.765,9.57,9.765,900
291,9.63,9.63,9.62,9.62,300
292,9.65,9.65,9.59,9.59,300
295,9.67,9.67,9.67,9.67,100
296,9.65,9.74,9.65,9.69,700
297,9.7,9.7,9.66,9.66,1000
298,9.72,9.73,9.67,9.7,1000
299,9.7,9.7,9.7,9.7,300
301,9.72,9.72,9.72,9.72,100
302,9.7,9.72,9.7,9.7108,1500
303,9.71,9.8,9.65,9.71,21300
304,9.65,9.66,9.65,9.65,900
305,9.57,9.63,9.53,9.63,700
306,9.6,9.6399,9.6,9.6399,600
308,9.63,9.64,9.63,9.63,400
309,9.63,9.63,9.63,9.63,200
310,9.65,9.65,9.6,9.63,646
313,9.63,9.66,9.63,9.66,500
314,9.6,9.63,9.6,9.63,1300
315,9.58,9.58,9.58,9.58,100
316,9.58,9.58,9.58,9.58,400
318,9.58,9.58,9.58,9.58,500
319,9.58,9.58,9.58,9.58,200
320,9.57,9.58,9.57,9.58,1647
321,9.57,9.58,9.57,9.58,1900
322,9.5499,9.5701,9.51,9.57,6958
323,9.51,9.51,9.5,9.5,2600
324,9.54,9.54,9.5,9.51,2600
325,9.55,9.55,9.53,9.54,1500
326,9.59,9.61,9.54,9.56,24155
327,9.6,9.62,9.53,9.55,25282
432,9.67,9.67,9.67,9.67,363
434,9.55,9.61,9.55,9.61,400
435,9.52,9.52,9.52,9.52,300
436,9.56,9.56,9.56,9.56,100
437,9.58,9.58,9.58,9.58,100
438,9.62,9.62,9.62,9.62,100
440,9.58,9.58,9.58,9.58,200
441,9.54,9.58,9.54,9.58,200
442,9.6,9.63,9.54,9.61,7446
443,9.7,9.7,9.57,9.61,1700
445,9.7,9.7,9.57,9.7,2100
446,9.7,9.7,9.7,9.7,100
447,9.62,9.7,9.62,9.67,1500
448,9.65,9.65,9.62,9.62,200
449,9.63,9.66,9.6001,9.62,500
450,9.64,9.64,9.64,9.64,200
451,9.64,9.64,9.64,9.64,100
452,9.64,9.64,9.57,9.61,4200
453,9.55,9.59,9.5,9.56,1600
454,9.55,9.55,9.55,9.55,1294
456,9.5246,9.5246,9.5246,9.5246,600
457,9.54,9.54,9.5103,9.5103,920
458,9.54,9.54,9.54,9.54,100
459,9.56,9.56,9.55,9.55,500
460,9.54,9.55,9.54,9.55,200
462,9.56,9.56,9.56,9.56,400
466,9.634,9.634,9.54,9.59,7269
467,9.52,9.56,9.52,9.56,504
468,9.54,9.54,9.53,9.53,400
469,9.52,9.55,9.51,9.55,3900
470,9.5,9.52,9.495,9.52,7863
471,9.5,9.55,9.46,9.46,24400
864,9.53,9.53,9.53,9.53,275
865,9.452,9.452,9.452,9.452,105
868,9.5,9.5,9.48,9.49,700
870,9.5,9.51,9.5,9.51,500
871,9.5,9.59,9.45,9.5,2600
873,9.47,9.5,9.47,9.5,300
874,9.47,9.47,9.47,9.47,100
876,9.45,9.46,9.45,9.46,900
877,9.4,9.42,9.395,9.42,1300
878,9.4,9.4,9.39,9.4,800
879,9.43,9.43,9.4,9.4,1762
880,9.41,9.42,9.41,9.42,200
882,9.41,9.41,9.41,9.41,100
883,9.4,9.4,9.4,9.4,100
887,9.44,9.44,9.4,9.4,200
888,9.43,9.43,9.43,9.43,100
889,9.41,9.43,9.41,9.43,700
890,9.41,9.52,9.41,9.44,2600
897,9.41,9.41,9.41,9.41,100
898,9.4125,9.42,9.41,9.41,1100
899,9.42,9.43,9.41,9.42,1600
900,9.42,9.42,9.41,9.42,1300
901,9.53,9.53,9.41,9.42,3900
902,9.46,9.46,9.46,9.46,100
903,9.5,9.5,9.42,9.43,5049
a1494336600,9.71,9.71,9.71,9.71,1960
1,9.37,9.44,9.35,9.42,2754
2,9.445,9.51,9.435,9.46,3200
3,9.46,9.46,9.43,9.4462,900
4,9.5,9.5,9.45,9.47,4684
5,9.41,9.52,9.4001,9.5,3608
6,9.44,9.44,9.44,9.44,300
7,9.46,9.55,9.46,9.55,300
8,9.47,9.47,9.43,9.435,22041
9,9.49,9.535,9.465,9.465,2701
10,9.43,9.53,9.42,9.53,2434
11,9.44,9.475,9.35,9.475,3566
12,9.435,9.5,9.41,9.42,4867
13,9.42,9.44,9.4,9.43,1694
14,9.415,9.43,9.4,9.415,1744
15,9.42,9.42,9.415,9.415,15900
16,9.43,9.46,9.43,9.45,500
17,9.42,9.44,9.42,9.43,400
18,9.42,9.435,9.4,9.435,3700
19,9.43,9.46,9.43,9.46,400
20,9.42,9.4307,9.42,9.42,400
21,9.42,9.43,9.42,9.42,1700
22,9.43,9.44,9.41,9.42,1300
23,9.41,9.45,9.4,9.42,2546
24,9.41,9.42,9.41,9.42,600
25,9.4,9.41,9.4,9.41,500
26,9.348,9.4,9.348,9.4,742
27,9.3,9.32,9.3,9.3105,1900
28,9.25,9.32,9.25,9.3,3407
29,9.26,9.44,9.26,9.29,2900
30,9.42,9.42,9.25,9.25,2900
31,9.35,9.35,9.3,9.3,200
32,9.36,9.36,9.32,9.32,200
33,9.36,9.36,9.36,9.36,600
34,9.39,9.39,9.36,9.36,600
35,9.41,9.41,9.37,9.37,986
36,9.36,9.41,9.36,9.41,500
37,9.39,9.4,9.36,9.36,9655
38,9.405,9.41,9.37,9.41,965
39,9.42,9.45,9.36,9.39,8017
144,9.48,9.48,9.48,9.48,100
146,9.43,9.43,9.36,9.36,700
147,9.45,9.45,9.45,9.45,100
148,9.45,9.45,9.45,9.45,100
149,9.46,9.46,9.45,9.45,800
150,9.43,9.44,9.41,9.41,700
151,9.45,9.45,9.45,9.45,100
152,9.35,9.43,9.35,9.43,500
153,9.35,9.35,9.35,9.35,290
154,9.325,9.33,9.325,9.33,400
155,9.33,9.36,9.31,9.31,2100
156,9.26,9.31,9.26,9.31,400
157,9.28,9.3,9.28,9.3,1200
158,9.3,9.3,9.285,9.285,900
159,9.2596,9.28,9.2596,9.28,900
160,9.27,9.27,9.27,9.27,100
161,9.27,9.27,9.2,9.25,3454
162,9.28,9.28,9.26,9.26,6286
163,9.225,9.23,9.225,9.225,900
164,9.23,9.23,9.21,9.21,600
165,9.4,9.43,9.24,9.24,5017
166,9.33,9.43,9.33,9.43,300
167,9.42,9.42,9.42,9.42,100
168,9.405,9.405,9.405,9.405,100
169,9.36,9.41,9.36,9.41,200
170,9.37,9.37,9.37,9.37,100
171,9.35,9.365,9.35,9.365,200
172,9.38,9.38,9.38,9.38,100
173,9.385,9.385,9.385,9.385,100
174,9.34,9.36,9.3292,9.36,1200
176,9.3211,9.3211,9.32,9.32,600
177,9.29,9.315,9.29,9.315,300
178,9.295,9.295,9.29,9.295,400
179,9.31,9.31,9.2875,9.2875,1290
180,9.3,9.3,9.3,9.3,400
181,9.3,9.3,9.29,9.3,4469
182,9.295,9.31,9.28,9.31,3190
183,9.34,9.49,9.295,9.31,5985
288,9.27,9.27,9.27,9.27,220
290,9.28,9.35,9.28,9.33,2500
291,9.295,9.31,9.29,9.29,1200
292,9.23,9.295,9.23,9.28,18667
293,9.22,9.22,9.22,9.22,100
294,9.277,9.277,9.21,9.235,2622
295,9.33,9.33,9.27,9.28,1400
296,9.337,9.347,9.275,9.347,1100
297,9.28,9.3299,9.28,9.3299,700
298,9.257,9.26,9.23,9.24,1600
299,9.25,9.26,9.23,9.25,623
300,9.21,9.245,9.21,9.23,3228
302,9.2,9.2,9.19,9.19,200
303,9.18,9.2,9.18,9.19,1100
304,9.23,9.23,9.17,9.18,5200
305,9.205,9.205,9.205,9.205,100
306,9.2,9.2,9.18,9.19,600
307,9.205,9.205,9.205,9.205,100
308,9.17,9.2,9.17,9.18,1200
309,9.18,9.18,9.17,9.17,200
310,9.18,9.18,9.17,9.17,400
311,9.28,9.28,9.19,9.19,4520
312,9.3,9.3,9.26,9.285,800
313,9.27,9.31,9.27,9.31,200
314,9.28,9.28,9.28,9.28,100
315,9.28,9.28,9.26,9.28,400
316,9.28,9.28,9.28,9.28,200
317,9.27,9.275,9.27,9.275,300
318,9.26,9.3,9.26,9.3,300
319,9.25,9.27,9.25,9.27,300
320,9.25,9.26,9.24,9.24,600
321,9.24,9.24,9.24,9.24,100
322,9.23,9.23,9.23,9.23,200
323,9.23,9.23,9.23,9.23,500
324,9.2,9.23,9.19,9.23,2100
325,9.19,9.2,9.19,9.2,500
326,9.28,9.28,9.19,9.2,3220
327,9.24,9.255,9.2,9.23,2573
432,9.2,9.2,9.2,9.2,576
434,9.12,9.195,9.12,9.195,700
435,9.1225,9.1478,9.1225,9.1478,500
436,9.1,9.1,9.1,9.1,100
437,9.1269,9.1269,9.11,9.11,1100
438,9.1101,9.115,9.1101,9.115,874
439,9.1,9.1482,9.1,9.12,1000
440,9.205,9.205,9.16,9.17,2500
441,9.25,9.25,9.25,9.25,100
442,9.255,9.31,9.255,9.3,1945
443,9.13,9.26,9.13,9.26,4072
444,9.2,9.2,9.09,9.16,19795
445,9.17,9.17,9.17,9.17,100
446,9.23,9.23,9.23,9.23,100
447,9.4212,9.43,9.274,9.274,5480
448,9.27,9.4262,9.2601,9.3833,5115
449,9.26,9.26,9.22,9.26,1500
450,9.27,9.27,9.181,9.181,1125
451,9.22,9.24,9.22,9.23,400
452,9.4,9.4,9.36,9.36,200
453,9.45,9.45,9.37,9.37,300
454,9.25,9.25,9.25,9.25,100
455,9.24,9.31,9.17,9.31,300
456,9.27,9.27,9.23,9.23,200
457,9.21,9.21,9.21,9.21,100
458,9.49,9.49,9.22,9.22,200
459,9.25,9.4,9.25,9.4,200
461,9.3,9.31,9.3,9.31,300
463,9.33,9.37,9.33,9.37,1200
464,9.27,9.47,9.27,9.46,10093
465,9.38,9.39,9.29,9.39,700
466,9.36,9.49,9.29,9.48,700
467,9.23,9.42,9.15,9.34,3920
468,9.34,9.405,9.255,9.27,1400
469,9.365,9.4,9.295,9.32,3330
470,9.3,9.44,9.295,9.4,4250
471,9.35,9.385,9.25,9.31,7395
865,9.4334,9.4334,9.4035,9.4035,1000
867,9.37,9.41,9.37,9.41,700
869,9.34,9.36,9.34,9.36,200
870,9.32,9.367,9.32,9.367,905
871,9.2875,9.33,9.2701,9.32,3773
872,9.16,9.2793,8.95,9.26,19895
873,9.2511,9.27,9.16,9.16,1700
874,9.3672,9.3672,9.24,9.24,2100
875,9.27,9.28,9.25,9.27,400
876,9.24,9.25,9.24,9.25,500
877,9.03,9.35,9.03,9.33,6478
878,9.13,9.1899,9.1,9.1899,1300
879,9.18,9.1975,9.13,9.13,600
880,9.21,9.26,9.21,9.23,700
881,9.1899,9.1899,9.08,9.13,3871
882,9.15,9.16,9.15,9.16,400
883,9.2,9.2,9.12,9.12,2000
885,9.17,9.17,9.17,9.17,200
886,9.11,9.13,9.11,9.13,2250
887,9.16,9.16,9.13,9.13,200
888,9.14,9.14,9.14,9.14,100
889,9.12,9.12,9.11,9.11,300
891,9.05,9.12,9.05,9.12,8044
892,9.11,9.12,9.0801,9.11,2200
893,9.1299,9.1299,9.09,9.09,900
894,9.12,9.12,9.12,9.12,100
895,9.09,9.09,9.09,9.09,300
896,9.1,9.11,9.08,9.09,2200
898,9.14,9.18,9.1,9.12,5100
899,9.13,9.13,9.13,9.13,100
900,9.03,9.12,9.03,9.1186,4602
901,9.03,9.045,9.03,9.04,400
902,9.03,9.04,9.03,9.04,1548
903,8.97,9.05,8.95,9.05,2387
a1494943200,9.04,9.04,9.04,9.04,100
1,9.105,9.145,9.04,9.145,800
2,9.09,9.13,9.04,9.095,3100
3,9.1,9.1765,9.065,9.065,5000
4,9.125,9.1899,9.125,9.14,1769
5,9.1,9.15,9.1,9.12,700
6,9.15,9.15,9.09,9.1,500
7,9.14,9.1807,9.09,9.09,1000
8,9.17,9.17,9.17,9.17,200
9,9.19,9.19,9.101,9.101,300
10,9.19,9.23,9.164,9.18,4702
11,9.2,9.242,9.19,9.2362,1147
12,9.21,9.225,9.21,9.22,300
13,9.2,9.23,9.2,9.23,2000
15,9.22,9.22,9.21,9.21,200
16,9.21,9.21,9.2,9.2,300
18,9.2,9.205,9.2,9.205,300
19,9.27,9.27,9.2,9.2,1600
21,9.27,9.27,9.27,9.27,100
22,9.25,9.26,9.21,9.26,400
23,9.22,9.22,9.22,9.22,100
24,9.24,9.24,9.225,9.225,532
25,9.24,9.34,9.24,9.24,3000
26,9.21,9.25,9.2,9.2,500
27,9.24,9.24,9.24,9.24,100
28,9.2,9.235,9.2,9.235,200
29,9.26,9.26,9.11,9.25,300
30,9.21,9.2357,9.21,9.23,2800
31,9.25,9.25,9.19,9.19,400
32,9.25,9.315,9.25,9.315,800
33,9.3,9.3699,9.22,9.31,1878
34,9.23,9.31,9.23,9.3,1100
35,9.23,9.26,9.2,9.26,1300
36,9.21,9.3,9.16,9.23,4913
141,9.29,9.29,9.29,9.29,5700
142,8.99,9.4,8.99,9.375,600
143,9,9,9,9,100
144,9.49,9.49,9.1,9.1,7605
145,9.25,9.48,9.24,9.48,5700
146,9.36,9.41,9.22,9.24,2462
147,9.39,9.39,9.39,9.39,500
148,9.34,9.4,9.33,9.39,500
149,9.3,9.46,9.3,9.46,1200
150,9.27,9.29,9.27,9.28,500
151,9.25,9.27,9.24,9.27,2300
152,9.245,9.3,9.2,9.2,4915
153,9.24,9.3,9.24,9.3,500
154,9.215,9.25,9.2,9.24,3200
155,9.29,9.3,9.19,9.2,4525
156,9.29,9.43,9.29,9.43,300
157,9.36,9.42,9.325,9.42,523
158,9.38,9.41,9.31,9.41,1647
159,9.34,9.41,9.33,9.41,700
160,9.315,9.3192,9.31,9.31,2000
161,9.47,9.47,9.285,9.31,2038
162,9.41,9.47,9.41,9.43,600
163,9.43,9.43,9.41,9.41,300
164,9.31,9.45,9.3,9.45,5972
165,9.25,9.31,9.25,9.26,4198
166,9.185,9.25,9.16,9.25,3202
167,9.14,9.17,9.14,9.14,400
168,9.25,9.25,9.16,9.2,1404
169,9.25,9.25,9.16,9.16,800
170,9.29,9.29,9.26,9.26,800
171,9.22,9.29,9.22,9.2786,1000
172,9.25,9.25,9.22,9.23,1000
173,9.19,9.24,9.19,9.24,800
174,9.205,9.23,9.19,9.23,800
175,9.15,9.22,9.15,9.22,1200
176,9.14,9.21,9.14,9.17,1100
177,9.19,9.21,9.19,9.2,2800
178,9.22,9.22,9.15,9.17,1800
179,9.19,9.23,9.19,9.22,3900
180,9.2,9.2,9.1,9.19,6969
285,9.2,9.2,9.2,9.2,2062
286,9.07,9.17,9.07,9.17,980
287,9.18,9.2,9.1,9.2,300
288,9.19,9.19,9.19,9.19,200
289,9.2,9.2,9.2,9.2,200
290,9.2,9.2,9.2,9.2,400
291,9.2,9.2,9.16,9.16,1105
292,9.2,9.2,9.18,9.2,900
293,9.17,9.2,9.17,9.1801,400
294,9.18,9.2,9.18,9.185,800
295,9.17,9.2,9.17,9.185,800
296,9.19,9.2,9.17,9.185,900
297,9.18,9.2,9.15,9.2,1400
298,9.15,9.18,9.15,9.15,500
299,9.12,9.17,9.12,9.15,600
300,9.12,9.15,9.12,9.15,200
301,9.18,9.18,9.12,9.12,1000
302,9.17,9.18,9.17,9.18,400
303,9.16,9.16,9.14,9.14,400
304,9.17,9.17,9.15,9.15,300
305,9.18,9.19,9.14,9.19,600
306,9.15,9.15,9.14,9.14,200
307,9.17,9.17,9.17,9.17,100
308,9.18,9.18,9.18,9.18,100
310,9.16,9.17,9.16,9.17,200
311,9.14,9.15,9.14,9.14,400
312,9.15,9.16,9.15,9.16,300
313,9.18,9.18,9.13,9.16,700
314,9.16,9.17,9.14,9.165,600
315,9.19,9.19,9.14,9.14,3098
316,9.22,9.24,9.19,9.19,600
317,9.225,9.225,9.2,9.21,400
318,9.2,9.21,9.2,9.21,400
319,9.24,9.24,9.23,9.23,400
320,9.2,9.22,9.18,9.22,1410
321,9.2,9.2,9.16,9.175,1498
322,9.18,9.2,9.18,9.2,1960
323,9.2,9.21,9.18,9.21,2533
324,9.19,9.2,9.18,9.2,7442
429,9.19,9.19,9.19,9.19,120
431,9.27,9.27,9.27,9.27,200
432,9.27,9.27,9.235,9.235,820
433,9.285,9.33,9.28,9.33,300
434,9.31,9.31,9.22,9.3,700
435,9.33,9.33,9.33,9.33,100
436,9.33,9.33,9.33,9.33,200
437,9.33,9.33,9.33,9.33,100
438,9.382,9.382,9.33,9.35,3850
439,9.3551,9.3551,9.25,9.325,2800
440,9.3,9.3,9.26,9.26,430
441,9.29,9.29,9.26,9.26,200
442,9.29,9.3,9.27,9.3,300
443,9.25,9.28,9.25,9.28,400
444,9.29,9.29,9.25,9.25,200
445,9.29,9.29,9.29,9.29,100
446,9.3,9.3,9.3,9.3,100
447,9.32,9.34,9.32,9.32,400
448,9.35,9.35,9.35,9.35,100
449,9.3325,9.3325,9.32,9.32,300
451,9.33,9.37,9.33,9.37,200
452,9.3,9.37,9.27,9.37,13920
453,9.35,9.35,9.34,9.34,200
454,9.28,9.32,9.28,9.32,200
455,9.3807,9.3807,9.36,9.36,400
456,9.36,9.36,9.355,9.355,200
457,9.34,9.371,9.32,9.32,405
458,9.43,9.43,9.34,9.4,13737
459,9.4,9.53,9.36,9.46,5048
460,9.3,9.39,9.29,9.37,10742
461,9.29,9.325,9.29,9.325,2000
462,9.29,9.29,9.29,9.29,100
463,9.28,9.3,9.28,9.3,400
464,9.13,9.26,9.13,9.26,14258
465,9.15,9.21,9.15,9.21,200
466,9.14,9.15,9.11,9.145,900
467,9.19,9.19,9.07,9.1825,20070
468,9.14,9.19,9.02,9.19,5291
862,9.13,9.13,9.11,9.13,800
863,9.16,9.18,9.1,9.1,1580
864,9.17,9.17,9.16,9.16,300
865,9.165,9.17,9.13,9.17,1100
866,9.15,9.15,9.1475,9.1475,300
867,9.17,9.17,9.15,9.16,400
868,9.17,9.19,9.17,9.18,98500
870,9.28,9.28,9.19,9.19,1800
871,9.35,9.35,9.34,9.34,300
872,9.5,9.7,9.385,9.42,4032
874,9.31,9.35,9.31,9.35,800
875,9.28,9.28,9.28,9.28,100
876,9.25,9.27,9.24,9.27,400
879,9.52,9.615,9.5,9.55,6009
880,9.535,9.535,9.535,9.535,200
881,9.525,9.525,9.525,9.525,100
882,9.35,9.42,9.35,9.42,200
883,9.385,9.45,9.385,9.45,200
884,9.355,9.355,9.294,9.294,753
885,9.395,9.395,9.395,9.395,100
886,9.395,9.395,9.395,9.395,100
887,9.405,9.405,9.405,9.405,100
889,9.46,9.46,9.3875,9.395,400
891,9.3971,9.3971,9.335,9.335,1100
892,9.385,9.385,9.385,9.385,100
893,9.395,9.395,9.395,9.395,100
894,9.49,9.49,9.38,9.38,200
895,9.51,9.51,9.51,9.51,100
896,9.32,9.49,9.32,9.49,600
897,9.38,9.39,9.29,9.39,400
898,9.455,9.46,9.38,9.38,600
899,9.54,9.54,9.455,9.455,600
900,9.36,9.55,9.31,9.55,7930
a1495546200,9.37,9.37,9.37,9.37,133
2,9.41,9.41,9.41,9.41,100
5,9.4,9.4,9.4,9.4,200
7,9.4,9.4,9.4,9.4,392
8,9.395,9.435,9.37,9.4,1300
9,9.39,9.4,9.39,9.4,700
10,9.35,9.3875,9.35,9.3875,300
11,9.34,9.34,9.34,9.34,100
12,9.37,9.37,9.32,9.32,700
13,9.3699,9.37,9.3394,9.34,1258
14,9.32,9.36,9.32,9.36,500
15,9.34,9.34,9.31,9.32,400
16,9.37,9.37,9.37,9.37,100
17,9.37,9.37,9.37,9.37,100
18,9.315,9.315,9.315,9.315,100
19,9.275,9.275,9.275,9.275,100
20,9.17,9.17,9.17,9.17,100
21,9.3,9.3,9.3,9.3,100
22,9.3,9.3,9.19,9.19,200
24,9.3,9.3,9.3,9.3,100
25,9.255,9.255,9.255,9.255,100
26,9.19,9.19,9.19,9.19,100
27,9.3,9.3,9.2,9.2,200
28,9.22,9.26,9.22,9.26,300
29,9.23,9.27,9.23,9.23,802
30,9.24,9.24,9.24,9.24,200
31,9.28,9.28,9.28,9.28,100
32,9.27,9.27,9.26,9.2677,505
33,9.28,9.2899,9.28,9.28,1700
34,9.24,9.31,9.24,9.31,400
35,9.3225,9.33,9.28,9.33,910
36,9.29,9.29,9.25,9.26,400
37,9.26,9.2907,9.25,9.28,917
38,9.22,9.295,9.22,9.26,1200
39,9.24,9.295,9.18,9.26,2850
146,8.96,9.18,8.96,9.18,2600
148,9.139,9.15,9.139,9.15,2500
149,9.1399,9.1399,9.12,9.12,1400
151,9.18,9.18,9.18,9.18,100
152,9.2,9.23,9.2,9.23,1100
153,9.16,9.16,9.16,9.16,300
154,9.14,9.15,9.12,9.12,800
155,9.17,9.17,9.17,9.17,100
156,9.1948,9.21,9.16,9.16,400
157,9.23,9.25,9.23,9.25,300
158,9.21,9.21,9.21,9.21,200
159,9.23,9.23,9.2,9.2,200
160,9.2194,9.2194,9.2194,9.2194,235
161,9.25,9.25,9.2127,9.2127,202
162,9.25,9.28,9.25,9.25,700
163,9.32,9.38,9.31,9.33,2700
165,9.12,9.14,9.12,9.14,200
166,9.19,9.19,9.17,9.17,300
169,9.25,9.27,9.23,9.23,900
170,9.3,9.31,9.27,9.27,500
171,9.29,9.31,9.29,9.31,200
172,9.32,9.32,9.16,9.27,700
173,9.33,9.33,9.33,9.33,100
174,9.3,9.37,9.22,9.3325,600
175,9.39,9.39,9.3,9.3,200
176,9.34,9.419,9.305,9.35,900
177,9.25,9.32,9.22,9.32,1000
178,9.32,9.32,9.25,9.25,600
179,9.33,9.33,9.33,9.33,100
180,9.33,9.33,9.285,9.32,400
181,9.28,9.315,9.27,9.315,1100
182,9.33,9.41,9.26,9.26,19800
183,9.25,9.44,9.23,9.31,7600
288,9.31,9.31,9.31,9.31,101
289,9.02,9.02,9.02,9.02,100
290,9.11,9.11,9.05,9.05,200
291,9.23,9.47,9.17,9.17,400
292,9.47,9.47,9.47,9.47,100
293,9.39,9.395,9.39,9.395,200
294,9.3,9.3,9.3,9.3,100
295,9.35,9.35,9.35,9.35,100
296,9.26,9.31,9.2401,9.31,340
297,9.26,9.26,9.2575,9.26,300
298,9.23,9.24,9.23,9.24,600
299,9.2,9.2,9.2,9.2,100
300,9.21,9.21,9.21,9.21,200
302,9.22,9.22,9.22,9.22,100
303,9.1,9.2,9.05,9.2,300
304,9.01,9.01,9.01,9.01,100
305,9.11,9.11,9.11,9.11,100
306,9.14,9.14,9.11,9.11,360
307,9.21,9.26,9.16,9.26,600
308,9.1625,9.1625,9.1475,9.1475,200
309,9.16,9.16,9.16,9.16,100
312,9.1,9.2,9.1,9.2,700
313,9.1175,9.1175,9.1,9.1,200
314,9.11,9.14,9.0935,9.0935,500
315,9.15,9.15,9.14,9.14,1000
316,9.07,9.12,9.07,9.12,200
317,9.14,9.14,9.08,9.08,600
318,9.14,9.14,9.1225,9.14,300
319,9.13,9.13,9.13,9.13,100
320,9.125,9.125,9.11,9.11,200
321,9.135,9.15,9.135,9.15,200
323,9.15,9.15,9.15,9.15,100
324,9.15,9.15,9.15,9.15,204
326,9.11,9.15,9.11,9.15,800
327,9.15,9.15,9.105,9.14,1818
432,9.13,9.13,9.13,9.13,376
435,9.13,9.13,9.01,9.01,1200
436,9.14,9.43,9.14,9.43,200
437,9.12,9.12,9.12,9.12,100
438,9.16,9.16,9.12,9.12,200
439,9.03,9.15,9.03,9.15,200
440,9.13,9.13,9.13,9.13,100
441,9.01,9.16,9.01,9.1,1800
442,9.01,9.01,9.01,9.01,200
443,9.02,9.02,9.02,9.02,100
444,9.04,9.04,9.04,9.04,100
445,9.04,9.05,9.01,9.04,1000
446,9.05,9.05,9.05,9.05,200
448,9.02,9.02,9,9.01,1241
449,9,9.03,9,9.03,500
450,9,9,9,9,700
451,8.96,9,8.96,9,2200
452,8.95,8.95,8.95,8.95,100
453,8.9,8.95,8.9,8.95,5950
454,8.73,8.83,8.73,8.83,918
455,8.78,8.8,8.76,8.8,700
456,8.92,8.92,8.78,8.78,200
457,9.035,9.035,8.92,8.92,200
459,8.9,8.91,8.9,8.91,300
460,8.915,8.915,8.9,8.9,600
461,8.85,8.915,8.85,8.9,8287
462,8.74,8.85,8.73,8.85,2160
463,8.79,8.8,8.75,8.75,400
464,8.9,8.962,8.85,8.87,1900
465,8.73,8.905,8.73,8.905,300
466,8.82,8.82,8.75,8.765,900
467,8.905,8.97,8.86,8.895,500
468,8.89,8.91,8.82,8.9,15250
469,8.9,8.91,8.86,8.9,3100
470,8.9,8.9,8.88,8.9,1800
471,8.86,8.96,8.85,8.9,17170
a1496151000,8.88,8.88,8.88,8.88,316
1,9.11,9.11,9.06,9.06,200
3,8.89,9.16,8.8,9.16,5300
4,8.82,8.82,8.8,8.8,400
5,8.8,8.8,8.8,8.8,400
6,8.82,8.82,8.79,8.8,1914
7,8.83,8.83,8.83,8.83,200
8,8.84,8.84,8.84,8.84,100
9,8.82,8.82,8.82,8.82,100
10,8.795,8.805,8.795,8.8,600
11,8.7,8.81,8.7,8.785,6632
12,8.75,8.8,8.68,8.71,2650
13,8.78,8.78,8.78,8.78,100
14,8.63,8.72,8.63,8.66,510
15,8.89,8.89,8.68,8.68,2400
16,8.68,9.09,8.57,8.9,30903
17,8.68,8.68,8.63,8.68,900
18,8.655,8.71,8.655,8.71,400
19,8.72,8.72,8.72,8.72,200
21,8.72,8.72,8.65,8.72,300
22,8.71,8.71,8.65,8.65,200
23,8.71,8.72,8.61,8.71,1999
25,8.69,8.69,8.605,8.605,1000
26,8.71,8.72,8.71,8.72,200
27,8.72,8.72,8.72,8.72,100
28,8.72,8.72,8.72,8.72,800
29,8.71,8.71,8.68,8.68,600
30,8.72,8.72,8.72,8.72,100
31,8.71,8.72,8.71,8.72,400
32,8.69,8.72,8.69,8.72,1398
33,8.72,8.72,8.6749,8.72,790
34,8.68,8.72,8.665,8.665,1600
35,8.71,8.72,8.68,8.68,1714
36,8.67,8.72,8.67,8.71,1889
37,8.71,8.72,8.62,8.67,4795
38,8.69,8.7,8.63,8.68,2200
39,8.65,8.82,8.6,8.69,9814
147,8.876,8.876,8.876,8.876,102
148,8.7,8.735,8.7,8.7,4414
149,8.58,8.82,8.51,8.7,7345
150,8.505,8.505,8.505,8.505,100
151,8.51,8.51,8.505,8.505,200
152,8.55,8.575,8.55,8.55,600
153,8.54,8.545,8.54,8.545,200
154,8.495,8.495,8.495,8.495,100
155,8.46,8.48,8.46,8.48,300
156,8.47,8.48,8.43,8.46,1100
157,8.45,8.48,8.4401,8.45,1800
158,8.455,8.455,8.42,8.43,400
159,8.455,8.455,8.44,8.44,200
160,8.455,8.455,8.455,8.455,100
161,8.47,8.47,8.42,8.45,880
163,8.475,8.48,8.46,8.48,700
164,8.43,8.4999,8.43,8.4999,1000
165,8.44,8.45,8.43,8.45,500
166,8.44,8.44,8.44,8.44,100
167,8.42,8.445,8.42,8.445,300
168,8.445,8.445,8.445,8.445,100
169,8.34,8.45,8.34,8.43,5826
170,8.29,8.46,8.29,8.34,4700
171,8.25,8.375,8.23,8.375,4200
172,8.31,8.38,8.3,8.37,4000
173,8.36,8.36,8.32,8.32,200
174,8.34,8.36,8.34,8.36,300
175,8.29,8.29,8.26,8.26,200
176,8.38,8.45,8.28,8.32,5098
177,8.38,8.5302,8.37,8.37,8600
178,8.44,8.445,8.35,8.445,800
179,8.37,8.43,8.37,8.43,400
180,8.37,8.41,8.37,8.41,400
181,8.385,8.41,8.38,8.405,600
182,8.35,8.39,8.27,8.35,8513
183,8.35,8.41,8.31,8.33,5370
290,8.89,8.89,8.3584,8.3584,305
291,8.79,8.79,8.79,8.79,100
292,8.8,8.8216,8.8,8.8216,300
293,8.6399,8.76,8.44,8.76,350
294,8.64,8.64,8.64,8.64,100
295,8.37,8.61,8.23,8.61,6900
296,8.41,8.41,8.41,8.41,100
297,8.42,8.42,8.42,8.42,100
298,8.44,8.44,8.39,8.42,700
299,8.44,8.44,8.44,8.44,100
300,8.48,8.48,8.44,8.44,1300
301,8.44,8.44,8.44,8.44,100
302,8.51,8.51,8.37,8.37,200
303,8.52,8.52,8.38,8.38,200
304,8.36,8.445,8.36,8.445,200
305,8.51,8.51,8.37,8.37,300
306,8.44,8.51,8.4388,8.4388,922
307,8.51,8.52,8.47,8.48,900
308,8.72,8.98,8.56,8.56,4795
309,8.555,8.76,8.555,8.73,2800
310,8.58,8.6,8.52,8.52,900
312,8.73,8.73,8.52,8.52,600
313,8.82,8.99,8.81,8.82,1600
314,8.84,8.86,8.72,8.78,3200
315,8.6,8.69,8.6,8.69,200
316,8.67,8.72,8.67,8.72,200
317,8.61,8.64,8.6,8.64,900
319,8.57,8.6,8.57,8.6,864
320,8.6,8.61,8.59,8.59,1779
321,8.64,8.64,8.64,8.64,100
322,8.6304,8.69,8.59,8.59,505
323,8.64,8.68,8.62,8.62,300
324,8.63,8.7,8.59,8.68,4400
325,8.66,8.66,8.59,8.62,3839
326,8.7,8.7,8.64,8.66,721
327,8.65,8.73,8.35,8.73,3981
432,8.6,8.6,8.6,8.6,588
434,8.5999,8.6,8.5999,8.6,300
436,8.51,8.51,8.51,8.51,100
437,8.59,8.62,8.51,8.51,766
438,8.75,8.75,8.6,8.6,200
439,8.88,8.88,8.67,8.823,1499
440,8.56,8.56,8.56,8.56,100
441,8.56,8.56,8.56,8.56,100
442,8.53,8.54,8.53,8.54,600
443,8.49,8.49,8.49,8.49,100
444,8.62,8.62,8.3863,8.3863,999
445,8.43,8.8,8.43,8.69,1702
449,8.85,8.85,8.85,8.85,100
450,8.73,8.735,8.73,8.735,240
451,8.8,8.8,8.8,8.8,100
452,8.73,8.73,8.73,8.73,100
455,8.74,8.74,8.74,8.74,100
457,8.735,8.735,8.735,8.735,100
460,8.74,8.8,8.74,8.8,400
462,8.725,8.725,8.725,8.725,100
464,8.65,8.715,8.65,8.715,200
466,8.71,8.71,8.71,8.71,100
467,8.705,8.705,8.705,8.705,100
469,8.67,8.72,8.645,8.69,2781
470,8.6515,8.66,8.6,8.66,1600
471,8.57,8.64,8.56,8.63,2525
865,8.86,8.86,8.58,8.58,200
866,8.71,8.9,8.58,8.9,436
867,8.515,8.82,8.435,8.82,900
868,8.335,8.38,8.251,8.251,1120
869,8.34,8.4,8.33,8.35,2200
870,8.49,8.49,8.33,8.33,1800
871,8.6,8.67,8.5,8.5,700
872,8.57,8.69,8.57,8.6,2900
873,8.48,8.58,8.41,8.565,8337
874,8.41,8.41,8.35,8.35,300
875,8.41,8.54,8.41,8.52,300
876,8.5692,8.575,8.517,8.517,500
877,8.53,8.57,8.53,8.555,700
878,8.51,8.5695,8.51,8.56,1300
879,8.52,8.52,8.52,8.52,100
880,8.56,8.5792,8.55,8.55,700
881,8.55,8.5692,8.55,8.55,300
882,8.57,8.57,8.555,8.555,300
883,8.555,8.58,8.55,8.555,1590
884,8.67,8.68,8.555,8.56,1000
885,8.58,8.6,8.58,8.585,3200
886,8.56,8.63,8.56,8.58,2929
887,8.694,8.694,8.61,8.63,2000
888,8.7792,8.7792,8.665,8.665,900
889,8.66,8.81,8.62,8.73,1300
890,8.7092,8.7092,8.61,8.61,500
891,8.7,8.71,8.645,8.645,2900
892,8.73,8.77,8.68,8.7,1600
893,8.7,8.78,8.7,8.78,900
894,8.69,8.71,8.69,8.7,705
895,8.72,8.72,8.72,8.72,900
896,8.67,8.7492,8.67,8.747,400
897,8.7392,8.7392,8.7,8.7,400
898,8.73,8.735,8.71,8.71,300
899,8.72,8.76,8.67,8.747,500
900,8.72,8.73,8.72,8.73,300
901,8.74,8.7889,8.71,8.71,700
902,8.64,8.76,8.64,8.745,600
903,8.63,8.69,8.63,8.69,2477
a1496755800,8.59,8.59,8.59,8.59,111
2,8.67,8.67,8.67,8.67,100
3,8.65,8.65,8.65,8.65,100
4,8.67,8.67,8.67,8.67,700
5,8.625,8.625,8.59,8.59,200
6,8.59,8.59,8.59,8.59,100
7,8.63,8.6392,8.56,8.58,1900
8,8.62,8.64,8.595,8.63,5500
9,8.62,8.63,8.62,8.62,400
10,8.56,8.63,8.56,8.62,2075
11,8.52,8.58,8.52,8.58,400
13,8.55,8.55,8.55,8.55,100
14,8.53,8.5492,8.53,8.54,900
15,8.53,8.54,8.53,8.535,600
16,8.5789,8.58,8.53,8.54,800
17,8.64,8.64,8.57,8.57,1100
18,8.58,8.66,8.58,8.625,400
19,8.565,8.5871,8.565,8.5871,600
20,8.57,8.6,8.54,8.6,400
21,8.6,8.61,8.58,8.61,400
22,8.65,8.65,8.65,8.65,100
23,8.63,8.65,8.63,8.65,300
25,8.63,8.63,8.59,8.6,1118
26,8.61,8.62,8.61,8.61,400
27,8.595,8.61,8.595,8.605,400
28,8.61,8.61,8.61,8.61,200
29,8.605,8.63,8.56,8.56,1900
30,8.6,8.6,8.58,8.58,400
31,8.61,8.62,8.57,8.62,1676
32,8.625,8.625,8.62,8.62,400
33,8.62,8.63,8.62,8.63,300
34,8.625,8.625,8.625,8.625,100
35,8.57,8.61,8.57,8.61,1090
36,8.59,8.59,8.56,8.59,614
37,8.59,8.62,8.57,8.62,700
38,8.66,8.7,8.56,8.585,14320
39,8.69,8.69,8.63,8.66,8593
146,8.46,8.72,8.46,8.72,200
147,8.72,8.72,8.66,8.71,699
148,8.73,8.74,8.73,8.73,600
149,8.81,8.81,8.74,8.76,700
150,8.8,8.8,8.8,8.8,200
151,8.8,8.8,8.725,8.725,300
152,8.725,8.78,8.725,8.77,700
153,8.8,8.8,8.66,8.6601,400
154,8.75,8.75,8.75,8.75,100
155,8.76,8.76,8.76,8.76,100
156,8.87,8.88,8.8,8.8,300
157,8.82,8.88,8.81,8.87,700
158,8.83,8.85,8.83,8.85,300
159,8.8672,8.8672,8.85,8.85,382
160,8.67,8.83,8.62,8.83,2100
161,8.69,8.69,8.66,8.67,1600
162,8.67,8.68,8.6077,8.6077,325
163,8.68,8.7,8.68,8.7,700
164,8.65,8.67,8.65,8.67,300
165,8.71,8.72,8.6301,8.6301,300
166,8.68,8.68,8.68,8.68,100
167,8.72,8.72,8.72,8.72,100
168,8.72,8.72,8.705,8.705,200
170,8.705,8.72,8.705,8.72,200
171,8.73,8.73,8.73,8.73,200
172,8.59,8.68,8.58,8.68,700
173,8.64,8.64,8.64,8.64,100
174,8.67,8.67,8.67,8.67,100
175,8.635,8.635,8.635,8.635,100
176,8.7,8.7,8.7,8.7,100
177,8.67,8.69,8.66,8.675,500
178,8.66,8.72,8.66,8.72,1300
179,8.67,8.73,8.67,8.69,2000
180,8.73,8.73,8.67,8.67,2300
181,8.73,8.73,8.69,8.69,2200
182,8.72,8.84,8.7,8.73,3100
183,8.68,8.75,8.6301,8.75,2100
295,8.5288,8.5288,8.5288,8.5288,164
296,8.84,8.85,8.84,8.85,200
297,8.79,8.79,8.78,8.79,300
298,8.81,8.85,8.81,8.85,569
299,8.87,8.87,8.86,8.86,300
300,8.86,8.87,8.86,8.87,300
301,8.8599,8.86,8.83,8.86,400
302,8.88,8.88,8.88,8.88,200
303,8.88,8.88,8.81,8.81,200
304,8.81,8.88,8.81,8.88,400
305,8.81,8.86,8.81,8.81,800
306,8.81,8.84,8.81,8.84,300
307,8.74,8.84,8.74,8.81,500
308,8.87,8.87,8.79,8.79,200
309,8.88,8.88,8.815,8.815,200
310,8.81,8.81,8.81,8.81,100
311,8.87,8.87,8.87,8.87,100
312,8.85,8.85,8.75,8.81,490
313,8.8199,8.8199,8.785,8.785,200
314,8.75,8.83,8.75,8.83,600
315,8.8,8.8,8.76,8.76,200
316,8.745,8.75,8.745,8.75,200
317,8.725,8.725,8.725,8.725,100
318,8.72,8.72,8.72,8.72,100
319,8.7,8.72,8.7,8.72,200
320,8.68,8.69,8.67,8.69,300
321,8.67,8.67,8.655,8.655,300
322,8.7,8.77,8.66,8.71,1300
323,8.69,8.69,8.69,8.69,100
324,8.72,8.78,8.68,8.735,600
325,8.665,8.75,8.665,8.68,700
326,8.76,8.79,8.66,8.665,24475
327,8.79,8.83,8.72,8.765,4490
436,8.628,8.81,8.628,8.81,322
437,8.83,8.83,8.83,8.83,100
439,8.85,8.85,8.83,8.83,500
440,8.88,8.88,8.88,8.88,228
441,8.97,9.055,8.86,8.86,2657
442,8.9,8.98,8.9,8.97,801
443,8.9,8.9,8.89,8.89,200
444,9.02,9.02,9.02,9.02,100
445,8.925,8.99,8.925,8.99,300
446,8.95,8.99,8.86,8.99,300
447,8.86,8.87,8.86,8.87,200
448,8.87,8.94,8.86,8.86,500
449,8.87,8.94,8.87,8.87,900
450,8.83,8.85,8.8,8.85,600
452,8.87,8.88,8.87,8.88,200
453,8.9,8.9,8.815,8.815,200
454,8.91,8.91,8.83,8.83,200
455,8.84,8.84,8.84,8.84,100
456,8.89,8.89,8.88,8.88,200
457,8.8709,8.9,8.8709,8.9,225
458,8.88,8.88,8.87,8.88,400
459,8.77,8.88,8.77,8.88,700
460,8.8,8.82,8.8,8.82,300
461,8.79,8.79,8.79,8.79,100
462,8.835,8.835,8.83,8.83,500
463,8.79,8.89,8.79,8.89,200
464,8.75,8.84,8.75,8.84,1000
465,8.75,8.75,8.75,8.75,400
466,8.79,8.8,8.78,8.8,300
467,8.81,8.81,8.81,8.81,100
468,8.78,8.86,8.78,8.81,1200
469,8.85,8.85,8.815,8.815,400
470,8.81,8.83,8.651,8.77,19399
471,8.8,8.8,8.74,8.77,1300
864,9.1,9.1,9.1,9.1,2500
865,9.02,9.1,8.9,9.08,14100
866,8.8,8.8,8.77,8.79,300
867,8.74,8.86,8.74,8.77,4800
868,8.81,8.81,8.61,8.76,1900
869,8.835,8.86,8.81,8.81,1600
870,8.78,8.83,8.72,8.83,4500
871,8.8,8.8,8.74,8.74,400
872,8.77,8.795,8.7669,8.79,4100
873,8.88,8.91,8.799,8.8,3200
874,8.78,8.88,8.78,8.8799,3200
875,8.82,8.82,8.79,8.79,1300
876,8.8,8.85,8.8,8.85,2800
877,8.76,8.825,8.76,8.82,700
878,8.75,8.76,8.75,8.76,400
879,8.75,8.79,8.75,8.79,1400
880,8.78,8.78,8.75,8.75,1700
881,8.78,8.78,8.775,8.78,400
882,8.78,8.78,8.76,8.77,1900
883,8.74,8.78,8.74,8.74,700
884,8.72,8.76,8.7,8.74,1700
885,8.61,8.72,8.61,8.72,1000
886,8.62,8.67,8.59,8.59,400
887,8.7,8.7,8.64,8.64,800
888,8.7199,8.73,8.7199,8.73,300
889,8.67,8.695,8.67,8.68,1000
890,8.56,8.65,8.56,8.65,400
891,8.59,8.67,8.59,8.63,2700
892,8.66,8.67,8.58,8.64,600
893,8.67,8.67,8.67,8.67,300
894,8.67,8.67,8.67,8.67,100
895,8.725,8.725,8.64,8.64,1600
896,8.795,8.82,8.76,8.76,1800
897,8.77,8.77,8.7699,8.77,400
898,8.78,8.78,8.75,8.78,900
899,8.67,8.76,8.67,8.76,1100
900,8.72,8.72,8.71,8.71,400
901,8.7,8.73,8.68,8.73,2100
902,8.7,8.7,8.67,8.7,1795
903,8.73,8.76,8.68,8.7,7052
a1497360600,8.73,8.73,8.73,8.73,150
2,8.64,8.7,8.64,8.7,700
3,8.61,8.61,8.61,8.61,200
4,8.545,8.62,8.545,8.58,700
5,8.67,8.67,8.54,8.61,800
6,8.64,8.67,8.64,8.67,4589
7,8.64,8.67,8.64,8.67,1000
8,8.62,8.64,8.595,8.64,1024
9,8.675,8.71,8.66,8.66,2100
10,8.64,8.675,8.64,8.675,700
11,8.68,8.685,8.65,8.685,600
12,8.805,8.805,8.69,8.69,9291
13,8.77,8.85,8.77,8.8211,2300
14,8.66,8.78,8.66,8.78,800
15,8.895,9.03,8.73,8.76,4350
16,8.9,8.94,8.87,8.87,1600
17,8.81,8.9,8.7923,8.9,1700
18,8.69,8.69,8.69,8.69,100
19,8.8,8.8,8.75,8.75,500
20,8.77,8.77,8.76,8.77,700
21,8.78,8.84,8.78,8.84,200
22,8.72,8.9,8.72,8.9,2000
23,8.8188,8.845,8.77,8.77,1115
24,8.715,8.835,8.715,8.835,700
25,8.79,8.79,8.76,8.76,800
26,8.81,8.81,8.81,8.81,500
27,8.785,8.785,8.785,8.785,100
28,8.81,8.81,8.81,8.81,100
29,8.78,8.8,8.78,8.79,1297
30,8.68,8.68,8.68,8.68,100
31,8.7,8.7,8.685,8.7,600
33,8.65,8.71,8.65,8.7,6600
34,8.65,8.65,8.6,8.64,900
35,8.7,8.7,8.65,8.65,1100
36,8.76,8.76,8.7,8.7,1200
37,8.75,8.76,8.7,8.7,1200
38,8.76,8.76,8.7,8.7,1800
39,8.64,8.76,8.6,8.76,13522
144,8.71,8.71,8.71,8.71,384
146,8.78,8.78,8.72,8.74,1600
147,8.67,8.69,8.54,8.69,800
148,8.66,8.66,8.66,8.66,100
149,8.76,8.76,8.76,8.76,100
150,8.8099,8.81,8.78,8.78,1100
151,8.8799,8.9,8.8,8.805,1200
152,8.76,8.8799,8.74,8.8799,400
153,8.8,8.8,8.8,8.8,100
154,8.875,8.875,8.78,8.82,800
155,8.98,8.98,8.88,8.88,51800
156,9.07,9.1299,9.01,9.01,2350
157,9.11,9.13,9.1,9.1,2000
158,9.14,9.14,9.07,9.11,2200
159,9.24,9.24,9.15,9.18,1200
160,9.24,9.245,9.24,9.24,800
161,9.26,9.26,9.24,9.249,1550
162,9.2,9.285,9.19,9.26,1700
163,9.225,9.23,9.14,9.14,1400
164,9.1299,9.22,9.055,9.22,1500
165,9.08,9.08,8.99,8.99,900
166,9.045,9.1499,9,9.1499,1200
167,9,9.0799,8.93,9.05,1200
168,9.14,9.1499,9.11,9.11,400
169,9.13,9.15,9.13,9.135,1100
170,9.14,9.15,9.065,9.15,7200
171,9.03,9.1499,9.03,9.08,500
172,9.11,9.11,9.08,9.08,600
173,9.09,9.13,9.09,9.13,900
174,9,9.02,8.96,8.96,700
175,9.06,9.06,9.02,9.02,1200
176,8.95,9.05,8.94,9.05,1200
177,8.95,9.0599,8.94,9.03,800
178,8.9899,9.02,8.92,8.935,3700
179,9.07,9.07,8.895,8.895,1100
180,9.05,9.1299,9.05,9.1299,3053
181,9.105,9.14,9.02,9.05,4000
182,9.215,9.215,9.11,9.11,6558
183,9.2,9.255,9.11,9.18,23064
288,9.09,9.09,9.09,9.09,367
290,8.9099,9.095,8.9099,9.095,1200
291,9.095,9.29,9.095,9.28,1100
292,9.095,9.25,8.95,8.95,1268
293,9.18,9.28,9.095,9.095,600
294,9.07,9.25,9.07,9.17,800
295,9.24,9.24,9.155,9.155,855
296,9.235,9.28,9.22,9.27,800
297,9.22,9.28,9.22,9.28,900
298,9.33,9.33,9.28,9.28,1620
299,9.4,9.49,9.38,9.385,4112
300,9.445,9.46,9.415,9.415,400
301,9.43,9.45,9.43,9.43,450
302,9.43,9.43,9.42,9.42,1000
303,9.41,9.43,9.41,9.42,2100
304,9.34,9.41,9.34,9.41,2400
305,9.315,9.32,9.315,9.32,300
306,9.28,9.29,9.21,9.29,1800
307,9.29,9.29,9.28,9.28,200
308,9.18,9.27,9.18,9.27,1400
310,9.165,9.21,9.07,9.19,600
311,9.135,9.19,9.135,9.14,300
312,9.21,9.21,9.21,9.21,100
313,9.14,9.15,9.13,9.14,800
314,9.13,9.13,9.095,9.095,200
315,9.14,9.14,9.115,9.115,500
316,9.095,9.14,9.095,9.1,500
317,9.12,9.12,9.11,9.11,400
318,9.125,9.16,9.12,9.12,300
319,9.1,9.18,9.1,9.17,800
320,9.15,9.15,9.09,9.12,600
321,9.16,9.16,9.08,9.08,500
322,9.14,9.15,9.12,9.12,800
323,9.24,9.33,9.21,9.21,1700
324,9.185,9.25,9.185,9.23,500
325,9.2,9.25,9.17,9.185,1300
326,9.27,9.28,9.165,9.165,1668
327,9.47,9.47,9.23,9.28,4561
432,9.39,9.39,9.39,9.39,352
433,9.155,9.155,9.155,9.155,100
434,9.175,9.175,9.175,9.175,100
435,9.3,9.35,9.23,9.35,1800
436,9.34,9.34,9.18,9.23,600
437,9.355,9.43,9.35,9.35,1050
438,9.47,9.47,9.31,9.44,900
439,9.44,9.48,9.38,9.425,500
440,9.425,9.445,9.4,9.44,1200
441,9.31,9.41,9.31,9.405,1500
442,9.36,9.37,9.31,9.37,1300
443,9.19,9.36,9.17,9.36,1500
444,9,9.025,9,9.025,300
446,8.965,8.975,8.86,8.86,900
447,8.965,8.965,8.965,8.965,200
448,8.965,8.965,8.965,8.965,100
449,9.01,9.07,8.93,9.07,1200
450,9.115,9.115,8.9049,8.98,1372
451,9.12,9.16,9.12,9.12,300
452,9.15,9.15,9.125,9.14,700
453,9.21,9.21,9.17,9.17,200
454,9.19,9.19,9.15,9.16,300
455,9.13,9.17,9.13,9.16,300
456,9.1147,9.17,9.1147,9.17,405
457,9.145,9.145,9.145,9.145,200
458,9.17,9.17,9.1,9.14,800
459,9.17,9.17,9.13,9.13,400
460,9.2226,9.25,9.175,9.175,2132
461,9.2,9.2,9.2,9.2,100
462,9.205,9.29,9.2,9.2,300
463,9.26,9.26,9.13,9.195,400
464,9.195,9.195,9.185,9.185,700
465,9.195,9.195,9.195,9.195,200
466,9.19,9.23,9.15,9.15,1600
467,9.26,9.26,9.2,9.24,1500
468,9.19,9.23,9.16,9.23,2000
469,9.2,9.2,9.16,9.19,2600
470,9.175,9.21,9.175,9.2,4400
471,9.22,9.3,9.17,9.18,7389
864,9.2,9.2,9.2,9.2,168
867,8.84,9.36,8.84,9.36,2700
868,8.84,9.25,8.84,9.08,800
869,9.125,9.125,9.125,9.125,100
870,9.18,9.24,9.175,9.18,1300
871,9.2,9.23,9.18,9.2,600
872,9.245,9.245,9.245,9.245,100
873,9.34,9.34,9.2,9.23,1500
874,9.37,9.4,9.355,9.39,700
875,9.43,9.43,9.43,9.43,100
876,9.37,9.4,9.26,9.39,2000
877,9.37,9.37,9.37,9.37,100
878,9.36,9.42,9.36,9.365,300
879,9.37,9.37,9.345,9.345,600
880,9.43,9.45,9.4,9.4,600
881,9.65,9.72,9.45,9.45,11900
882,9.51,9.65,9.51,9.65,2700
883,9.68,9.68,9.58,9.6,1214
884,9.678,9.72,9.63,9.63,1900
885,9.61,9.66,9.6001,9.66,3000
886,9.645,9.68,9.62,9.635,2400
887,9.68,9.69,9.63,9.63,700
888,9.71,9.71,9.68,9.695,600
889,9.7,9.72,9.7,9.7,1215
890,9.61,9.69,9.61,9.69,1750
891,9.62,9.62,9.6003,9.6003,302
892,9.63,9.63,9.6,9.6,300
893,9.5,9.62,9.495,9.59,5900
894,9.5,9.505,9.46,9.505,3313
895,9.515,9.515,9.47,9.5,2200
896,9.51,9.54,9.5,9.54,800
897,9.51,9.54,9.51,9.54,1400
898,9.54,9.54,9.52,9.52,1900
899,9.615,9.65,9.585,9.59,1100
900,9.695,9.695,9.6,9.615,700
901,9.71,9.78,9.71,9.72,1900
902,9.63,9.74,9.63,9.74,4822
903,9.64,9.72,9.51,9.5901,6123
a1497965400,9.59,9.59,9.59,9.59,196
2,9.525,9.525,9.525,9.525,100
4,9.52,9.52,9.52,9.52,100
5,9.8,9.8,9.52,9.52,1300
6,9.9,9.945,9.8,9.8,4000
7,9.8748,9.92,9.8748,9.92,1037
8,9.88,9.88,9.88,9.88,400
9,9.875,9.875,9.86,9.875,300
10,9.99,10,9.85,9.9,10740
11,9.99,10.075,9.98,9.98,6100
12,9.95,9.98,9.9001,9.9695,2800
13,9.96,9.98,9.96,9.98,1200
14,9.945,9.96,9.945,9.96,500
16,9.96,9.96,9.96,9.96,400
17,9.9901,10.045,9.98,9.98,3700
18,9.973,10.03,9.973,10,2410
20,10.03,10.04,10.03,10.04,300
21,10.14,10.14,10.05,10.06,1100
22,10.12,10.14,10.12,10.14,400
23,10.12,10.135,10.12,10.135,400
25,10.22,10.22,10.168,10.18,5800
27,10.25,10.25,10.16,10.23,1800
28,10.2,10.2399,10.2,10.2399,523
29,10.16,10.185,10.1,10.185,2052
30,10.16,10.18,10.155,10.18,300
31,10.24,10.24,10.13,10.155,1600
32,10.28,10.29,10.28,10.29,300
33,10.28,10.33,10.25,10.28,6100
34,10.22,10.29,10.19,10.29,5165
35,10.13,10.21,10.13,10.21,2400
36,10.12,10.125,10.09,10.125,600
37,10.09,10.11,10.09,10.09,3022
38,10.08,10.0928,10.08,10.08,3400
39,10.04,10.085,9.97,10.08,6179
144,10.01,10.01,10.01,10.01,149
146,9.985,9.985,9.83,9.83,200
147,10.105,10.105,9.92,9.92,200
148,10.185,10.185,10.14,10.14,700
149,10.22,10.22,10.22,10.22,500
150,10.2018,10.21,10.1501,10.21,3126
151,10.18,10.18,10.18,10.18,100
152,10.205,10.21,10.1853,10.1853,1600
153,10.15,10.205,10.144,10.205,3066
154,10.12,10.1501,10.12,10.1501,1700
155,10.05,10.125,9.9801,10.125,500
156,9.94,10.04,9.94,10.02,5500
157,9.97,9.97,9.91,9.93,1000
158,9.995,10.0027,9.995,10.0027,400
159,10.07,10.07,10.02,10.02,900
160,10.12,10.13,10.06,10.13,800
161,10.12,10.13,10.12,10.12,300
162,10.17,10.18,10.145,10.18,400
163,10.17,10.17,10.145,10.17,900
164,10.12,10.14,10.12,10.1201,800
165,10.12,10.13,10.12,10.12,900
166,10.1,10.1,10.1,10.1,500
167,10.04,10.04,10.04,10.04,300
168,10.065,10.065,10.055,10.055,500
169,10.05,10.09,10.05,10.09,1600
170,10.04,10.04,10.04,10.04,100
171,10.03,10.045,10.03,10.04,793
172,9.95,9.99,9.95,9.99,800
173,9.95,9.95,9.95,9.95,200
174,9.96,9.98,9.96,9.98,1600
175,9.89,9.945,9.89,9.945,1066
176,9.95,9.95,9.92,9.925,1000
177,9.91,9.93,9.91,9.93,700
178,9.945,9.98,9.93,9.93,400
179,9.77,9.94,9.77,9.94,10330
180,9.91,9.91,9.87,9.89,1300
181,9.91,9.91,9.89,9.9,1720
182,9.97,9.97,9.9,9.91,3966
183,9.95,10,9.915,9.915,6145
288,9.99,9.99,9.99,9.99,334
289,9.99,9.99,9.785,9.865,700
290,10.045,10.08,10.01,10.08,1200
291,9.925,10.06,9.925,9.935,600
292,10.03,10.08,9.94,10.07,800
293,10.055,10.09,9.97,10.08,2000
294,10.05,10.07,10.02,10.05,1700
295,10.1,10.1,10.065,10.07,25900
296,10.01,10.1,10.01,10.08,1800
297,9.99,10.025,9.99,10,2600
298,10.005,10.02,10,10.015,1300
299,9.88,9.97,9.87,9.97,2843
300,9.84,9.87,9.8,9.87,1500
301,9.87,9.87,9.76,9.805,1759
302,9.9,9.95,9.835,9.835,2468
303,9.95,9.95,9.94,9.95,700
304,10.16,10.18,9.95,9.95,5433
305,10.24,10.24,10.16,10.16,300
306,10.25,10.27,10.1801,10.25,1405
307,10.31,10.31,10.29,10.29,300
308,10.29,10.32,10.255,10.3,1900
309,10.31,10.31,10.255,10.255,1000
310,10.32,10.33,10.27,10.33,1600
311,10.19,10.29,10.15,10.27,1900
312,10.14,10.14,10.14,10.14,200
313,10.18,10.18,10.12,10.135,1100
314,10.32,10.32,10.19,10.19,1204
315,10.255,10.32,10.255,10.28,4300
316,10.23,10.25,10.22,10.25,900
317,10.21,10.23,10.19,10.19,400
318,10.19,10.2,10.14,10.2,1400
319,10.0925,10.14,10.085,10.14,1500
320,10.14,10.14,10.085,10.085,1600
321,10.22,10.22,10.15,10.15,1400
322,10.15,10.22,10.15,10.17,1900
323,10.25,10.25,10.18,10.2,2613
324,10.15,10.22,10.15,10.21,1900
325,10.22,10.22,10.16,10.175,1000
326,10.23,10.29,10.21,10.22,1780
327,10.18,10.24,10.11,10.24,4593
432,10.16,10.16,10.16,10.16,160
433,10.22,10.22,10.15,10.15,1600
434,10.16,10.22,10.15,10.22,800
435,10.12,10.23,10.12,10.23,1284
436,10.18,10.22,10.15,10.15,800
437,10.21,10.22,10.135,10.22,800
438,10.23,10.23,10.2048,10.22,1457
439,10.365,10.39,10.24,10.25,1700
440,10.31,10.41,10.31,10.4,1500
441,10.29,10.38,10.27,10.325,400
442,10.28,10.36,10.2,10.2,800
443,10.165,10.21,10.15,10.15,1300
444,10.19,10.2,10.155,10.2,800
445,10.1,10.2,10.1,10.19,800
446,10.19,10.19,10.11,10.13,1400
447,10.19,10.19,10.19,10.19,500
448,10.36,10.39,10.25,10.25,1000
449,10.36,10.36,10.31,10.335,529
450,10.325,10.37,10.25,10.32,5501
451,10.35,10.37,10.31,10.325,2500
452,10.32,10.32,10.29,10.29,400
453,10.32,10.32,10.32,10.32,300
454,10.15,10.34,10.15,10.315,1000
455,10.3,10.32,10.16,10.2,2228
456,10.32,10.32,10.22,10.27,500
457,10.32,10.35,10.3,10.315,600
458,10.33,10.34,10.26,10.34,700
459,10.39,10.39,10.25,10.25,6400
460,10.34,10.4,10.305,10.4,2425
461,10.34,10.35,10.315,10.35,1000
462,10.31,10.34,10.29,10.34,700
463,10.32,10.33,10.28,10.33,1600
464,10.36,10.36,10.295,10.32,1110
465,10.38,10.4,10.32,10.36,1800
466,10.37,10.4,10.34,10.39,1500
467,10.45,10.47,10.34,10.37,3229
468,10.555,10.59,10.4,10.45,13540
469,10.5,10.64,10.47,10.6,11305
470,10.41,10.58,10.4,10.52,16610
471,10.57,10.67,10.33,10.41,1041174
864,10.4,10.4,10.4,10.4,1526
865,10.19,10.48,10.19,10.1951,2573
866,10.4,10.47,10.22,10.22,1700
867,10.3798,10.39,10.3,10.33,3722
868,10.33,10.42,10.33,10.38,2700
869,10.4,10.4,10.31,10.31,1000
870,10.37,10.4,10.32,10.375,2600
871,10.23,10.3575,10.2,10.3575,1742
872,10.25,10.27,10.225,10.27,1600
873,10.22,10.26,10.17,10.24,1100
874,10.21,10.22,10.21,10.22,1500
875,10.1804,10.21,10.145,10.21,1100
876,10.26,10.26,10.22,10.22,900
877,10.25,10.27,10.22,10.25,1800
878,10.23,10.27,10.23,10.27,1100
879,10.14,10.24,10.12,10.23,8000
880,10.145,10.15,10.06,10.13,1900
881,10.26,10.26,10.25,10.26,1100
882,10.27,10.27,10.231,10.26,950
883,10.26,10.28,10.24,10.28,900
884,10.275,10.28,10.26,10.26,1000
885,10.42,10.42,10.28,10.28,3102
886,10.42,10.42,10.36,10.37,1000
887,10.42,10.42,10.41,10.41,1500
888,10.42,10.42,10.41,10.42,800
889,10.5575,10.5575,10.42,10.42,3600
890,10.56,10.56,10.54,10.55,1600
891,10.56,10.56,10.56,10.56,700
892,10.6,10.6,10.57,10.57,1200
893,10.61,10.68,10.6,10.6,1600
894,10.48,10.66,10.48,10.66,2400
895,10.33,10.53,10.33,10.5,3311
896,10.29,10.43,10.25,10.43,3800
897,10.37,10.37,10.24,10.24,4200
898,10.305,10.37,10.29,10.37,2550
899,10.11,10.32,10.03,10.31,4400
900,10.06,10.09,10.03,10.03,3800
901,10.18,10.18,10.0549,10.065,6500
902,10.08,10.18,10.03,10.18,11880
903,9.94,10.13,9.93,10.085,17391
a1498570200,9.89,9.89,9.89,9.89,184
1,9.56,9.93,9.56,9.9101,4100
2,9.66,9.66,9.635,9.635,500
3,9.7299,9.7299,9.7299,9.7299,200
4,9.73,9.73,9.63,9.6402,702
5,9.73,9.73,9.73,9.73,200
6,9.8,9.8,9.75,9.75,700
7,9.75,9.75,9.73,9.73,300
10,9.75,9.84,9.75,9.83,2500
11,9.7599,9.7599,9.7599,9.7599,126
12,9.75,9.75,9.75,9.75,110
13,9.81,9.81,9.76,9.76,518
14,9.7849,9.84,9.78,9.81,800
15,9.78,9.83,9.77,9.78,1600
18,9.72,9.76,9.72,9.74,600
19,9.75,9.76,9.75,9.76,700
20,9.755,9.755,9.755,9.755,100
21,9.76,9.76,9.76,9.76,100
23,9.75,9.77,9.73,9.77,1300
24,9.77,9.77,9.77,9.77,300
25,9.74,9.79,9.73,9.78,3700
26,9.69,9.735,9.68,9.73,2100
27,9.65,9.65,9.64,9.64,400
28,9.64,9.655,9.64,9.655,900
29,9.66,9.66,9.6375,9.64,500
30,9.66,9.66,9.64,9.64,610
31,9.7,9.73,9.69,9.69,900
32,9.74,9.74,9.7,9.72,1100
33,9.71,9.71,9.7,9.71,1414
34,9.69,9.69,9.69,9.69,100
35,9.7,9.72,9.7,9.72,300
36,9.68,9.7,9.67,9.7,1500
37,9.635,9.65,9.635,9.65,400
38,9.68,9.72,9.64,9.64,1666
39,9.69,9.72,9.63,9.68,10122
144,9.75,9.75,9.75,9.75,229
146,9.67,9.67,9.65,9.66,1500
147,9.7,9.7,9.64,9.64,400
149,9.74,9.74,9.7,9.72,973
150,9.73,9.74,9.71,9.74,600
151,9.74,9.74,9.7,9.7,1300
154,9.69,9.73,9.69,9.7,1400
156,9.78,9.78,9.73,9.73,700
157,9.84,9.84,9.84,9.84,500
158,9.81,9.83,9.81,9.83,400
159,9.8,9.8101,9.8,9.8101,200
162,9.83,9.83,9.83,9.83,200
163,9.8,9.85,9.8,9.85,1000
164,9.84,9.84,9.84,9.84,100
165,9.77,9.7953,9.76,9.76,1300
166,9.79,9.79,9.79,9.79,100
167,9.6401,9.78,9.6401,9.77,2100
168,9.64,9.64,9.64,9.64,100
169,9.65,9.65,9.635,9.64,2000
171,9.68,9.68,9.68,9.68,200
172,9.71,9.71,9.7,9.7,524
173,9.72,9.72,9.72,9.72,100
174,9.74,9.75,9.74,9.75,400
175,9.7,9.7,9.7,9.7,100
176,9.71,9.73,9.71,9.73,200
177,9.7,9.715,9.7,9.715,600
178,9.61,9.7,9.61,9.67,600
179,9.63,9.64,9.62,9.64,800
181,9.64,9.66,9.62,9.66,2600
182,9.65,9.65,9.63,9.63,700
183,9.71,9.76,9.67,9.67,7744
288,9.64,9.64,9.64,9.64,400
289,9.6,9.6,9.6,9.6,200
290,9.65,9.65,9.59,9.59,402
291,9.62,9.65,9.62,9.65,500
292,9.675,9.675,9.675,9.675,1000
293,9.73,9.73,9.63,9.65,900
294,9.67,9.73,9.67,9.73,400
296,9.64,9.65,9.62,9.62,400
297,9.63,9.635,9.62,9.635,800
298,9.605,9.65,9.6,9.6201,1100
299,9.79,9.79,9.61,9.61,2400
300,9.74,9.74,9.67,9.67,800
301,9.73,9.73,9.67,9.71,1300
302,9.66,9.7101,9.66,9.6901,800
303,9.68,9.68,9.62,9.6501,2300
304,9.63,9.705,9.63,9.68,1000
305,9.62,9.64,9.62,9.63,1100
306,9.63,9.6401,9.62,9.6201,1300
307,9.68,9.68,9.62,9.63,2200
308,9.61,9.675,9.61,9.675,2800
309,9.56,9.615,9.56,9.6001,2008
310,9.53,9.575,9.52,9.57,800
311,9.47,9.53,9.47,9.5001,2119
312,9.48,9.53,9.43,9.47,1800
313,9.45,9.5,9.45,9.46,2400
314,9.47,9.475,9.45,9.45,2603
315,9.42,9.47,9.42,9.47,600
316,9.465,9.465,9.42,9.42,1200
317,9.4301,9.47,9.4301,9.47,400
318,9.4401,9.4401,9.4301,9.4301,500
319,9.44,9.49,9.44,9.4601,1000
320,9.43,9.44,9.43,9.44,600
321,9.45,9.45,9.42,9.42,400
322,9.44,9.44,9.42,9.43,700
323,9.43,9.45,9.42,9.42,1400
324,9.46,9.48,9.43,9.43,1181
325,9.53,9.54,9.46,9.46,1600
326,9.58,9.58,9.55,9.56,1800
327,9.61,9.68,9.59,9.59,7569
432,9.6,9.6,9.6,9.6,237
436,9.79,9.79,9.79,9.79,100
437,9.55,9.65,9.55,9.65,900
443,9.61,9.61,9.61,9.61,100
444,9.48,9.55,9.385,9.55,1980
445,9.33,9.5,9.33,9.47,1100
446,9.305,9.305,9.305,9.305,100
447,9.45,9.46,9.45,9.46,500
448,9.45,9.45,9.45,9.45,200
449,9.395,9.44,9.39,9.44,1400
450,9.45,9.46,9.45,9.46,200
451,9.44,9.44,9.44,9.44,100
452,9.35,9.39,9.35,9.35,300
453,9.43,9.43,9.39,9.39,300
454,9.455,9.46,9.41,9.46,300
455,9.4,9.48,9.4,9.48,1100
456,9.38,9.38,9.38,9.38,100
457,9.35,9.43,9.31,9.43,1400
458,9.3,9.35,9.3,9.35,400
459,9.37,9.37,9.37,9.37,100
460,9.27,9.32,9.27,9.31,700
461,9.3275,9.3275,9.31,9.32,400
462,9.36,9.38,9.36,9.36,400
463,9.27,9.33,9.2,9.25,9450
464,9.32,9.32,9.32,9.32,100
465,9.33,9.36,9.305,9.305,600
466,9.2987,9.34,9.2987,9.34,1600
467,9.32,9.34,9.31,9.34,900
468,9.3,9.32,9.275,9.31,700
469,9.27,9.27,9.24,9.24,400
470,9.2499,9.26,9.2499,9.26,703
471,9.23,9.25,9.21,9.25,7267
864,9.18,9.18,9.18,9.18,400
866,9.315,9.33,9.315,9.33,300
867,9.2199,9.22,9.2199,9.2199,600
869,9.33,9.37,9.33,9.37,200
870,9.22,9.27,9.22,9.24,800
871,9.24,9.25,9.22,9.23,4356
872,9.25,9.25,9.25,9.25,100
873,9.19,9.19,9.19,9.19,200
874,9.11,9.16,9.08,9.16,900
875,9.05,9.08,9.05,9.08,600
876,9.14,9.14,9.09,9.09,600
877,9.23,9.23,9.23,9.23,100
878,9.31,9.34,9.21,9.22,2300
879,9.3141,9.3141,9.31,9.31,704
880,9.38,9.38,9.38,9.38,100
883,9.265,9.29,9.24,9.24,600
884,9.36,9.36,9.29,9.29,400
885,9.37,9.54,9.35,9.39,3170
a1499261400,9.38,9.38,9.38,9.38,286
2,9.51,9.51,9.51,9.51,100
3,9.58,9.77,9.37,9.455,2260
4,9.43,9.52,9.43,9.52,500
5,9.36,9.47,9.36,9.43,400
6,9.34,9.34,9.34,9.34,100
7,9.49,9.49,9.32,9.3201,2100
9,9.37,9.42,9.37,9.38,500
10,9.3198,9.32,9.3198,9.32,400
12,9.4,9.4,9.33,9.39,400
13,9.31,9.35,9.31,9.33,600
14,9.36,9.36,9.2799,9.28,400
17,9.33,9.33,9.33,9.33,100
18,9.33,9.33,9.33,9.33,100
19,9.44,9.49,9.34,9.3499,6692
20,9.45,9.45,9.45,9.45,200
22,9.44,9.44,9.44,9.44,100
23,9.47,9.47,9.45,9.45,700
24,9.43,9.49,9.43,9.49,800
26,9.38,9.38,9.38,9.38,300
27,9.44,9.44,9.42,9.42,300
31,9.61,9.61,9.45,9.46,1097
32,9.595,9.65,9.53,9.58,1599
33,9.55,9.57,9.53,9.57,2000
35,9.395,9.43,9.395,9.43,200
36,9.43,9.43,9.42,9.42,200
37,9.47,9.47,9.43,9.43,500
38,9.46,9.46,9.46,9.46,600
39,9.59,9.6,9.45,9.52,18462
