EXCHANGE%3DNASDAQ
MARKET_OPEN_MINUTE=570
MARKET_CLOSE_MINUTE=960
INTERVAL=600
COLUMNS=DATE,CLOSE,HIGH,LOW,OPEN,VOLUME
DATA=
TIMEZONE_OFFSET=-240
a1493127000,17.85,17.85,17.85,17.85,2511
1,18.14,18.14,17.82,17.85,6474
3,18.0864,18.15,18.05,18.0552,3692
4,18.1,18.1,18.0566,18.0566,500
6,18.17,18.17,18.13,18.15,2700
7,18.175,18.21,18.175,18.1917,3416
8,18.17,18.2,18.17,18.2,2427
9,18.2,18.2,18.16,18.2,4178
10,18.19,18.19,18.18,18.18,5711
11,18.19,18.19,18.1501,18.19,3399
12,18.14,18.175,18.086,18.175,5300
13,18.15,18.15,18.15,18.15,100
14,18.16,18.16,18.105,18.145,1998
15,18.13,18.13,18.13,18.13,289
16,18.17,18.17,18.15,18.15,1300
17,18.111,18.15,18.111,18.13,900
18,18.09,18.13,18.09,18.12,1080
19,18.055,18.065,18.0201,18.065,1339
20,18.028,18.1099,18.028,18.1099,2900
21,18.11,18.11,17.9775,18.08,12596
22,18.0501,18.145,18.05,18.12,4862
24,18.05,18.16,18.03,18.16,600
25,17.983,18.06,17.983,18,6241
26,18.04,18.074,18.04,18.05,816
27,18.04,18.048,18.04,18.048,410
28,18.16,18.16,18.05,18.1,2100
29,18.17,18.17,18.13,18.13,2200
31,18.108,18.15,18.01,18.11,3400
32,18.0727,18.0727,18.0727,18.0727,385
33,18.109,18.109,17.944,17.944,1365
34,17.94,17.94,17.94,17.94,100
35,17.93,18.06,17.93,18.06,4905
36,18.02,18.038,17.93,17.94,500
37,18.04,18.04,18.02,18.029,900
38,17.925,18.08,17.9,17.95,8741
39,17.94,17.95,17.8015,17.92,10023
144,18.01,18.01,18.01,18.01,1095
145,17.83,18.01,17.83,18.01,1957
146,17.97,18.01,17.82,17.887,6700
147,17.9499,17.95,17.9499,17.95,300
149,17.85,17.85,17.85,17.85,100
150,18.0121,18.0121,18.0121,18.0121,320
151,17.93,18,17.93,17.99,1008
152,17.87,17.92,17.87,17.9,1100
153,17.87,17.9,17.87,17.9,1870
154,17.87,17.8928,17.87,17.8928,211
155,17.85,17.85,17.85,17.85,200
156,17.88,17.88,17.817,17.8486,4583
157,17.96,17.97,17.88,17.88,2500
158,17.96,17.96,17.96,17.96,100
159,17.91,17.935,17.91,17.935,600
160,18,18,17.98,17.98,200
161,17.98,18.0192,17.98,18.0192,825
163,17.8801,17.97,17.8801,17.97,1587
164,17.96,17.96,17.935,17.935,500
165,17.96,18,17.96,17.99,1770
166,17.98,18,17.98,18,350
167,17.99,17.994,17.96,17.99,3400
168,18,18,18,18,1100
169,17.9813,17.9813,17.9813,17.9813,235
170,17.97,17.97,17.97,17.97,100
171,18,18,17.99,17.99,600
172,17.99,18,17.97,17.97,400
173,17.96,17.975,17.927,17.975,5065
174,17.96,17.97,17.913,17.97,960
175,17.91,17.96,17.87,17.96,2105
176,17.96,17.96,17.9,17.91,1500
177,17.965,17.98,17.92,17.971,1637
178,17.93,17.942,17.92,17.942,400
179,17.96,17.96,17.955,17.955,500
180,17.895,17.935,17.877,17.935,3350
181,17.86,17.924,17.86,17.89,2586
182,17.75,17.84,17.75,17.84,4289
183,17.87,17.91,17.79,17.8,7444
288,17.88,17.88,17.88,17.88,744
289,18.0699,18.0699,17.88,17.88,406
290,18.14,18.141,17.93,18.0299,1070
291,18.04,18.16,17.96,18.15,2220
292,18.03,18.05,18.03,18.05,875
293,18.07,18.07,18.07,18.07,100
295,18.07,18.07,18.06,18.06,1340
296,18.08,18.085,18.05,18.085,1724
297,17.987,18.06,17.987,18.06,500
298,18.0266,18.06,17.962,17.962,1477
299,17.995,18.04,17.995,18.04,900
300,18.07,18.0794,17.995,17.995,2500
301,18.06,18.069,18.02,18.069,1700
302,18.02,18.05,18.02,18.02,400
303,18.04,18.04,18.01,18.04,500
304,18.02,18.06,18.02,18.06,2915
305,18.06,18.06,18.02,18.03,1900
306,18.06,18.06,18.0559,18.0559,409
307,18.06,18.06,18.06,18.06,100
308,17.97,18.06,17.97,18.0204,5121
309,17.9526,18,17.9526,17.97,477
310,18,18,17.97,17.97,400
312,18,18,18,18,200
313,17.97,18,17.97,18,600
314,17.98,17.99,17.93,17.99,1100
315,17.99,17.99,17.9408,17.99,1856
316,17.99,17.99,17.99,17.99,600
317,18,18,18,18,400
318,18,18,18,18,200
319,18,18,18,18,2232
320,17.9825,18,17.97,18,1276
321,18,18,17.975,17.975,400
322,18.004,18.009,17.973,17.973,1525
323,18,18,17.96,17.966,1700
324,17.95,17.965,17.93,17.9577,2433
325,17.92,17.981,17.92,17.92,1116
326,18.02,18.03,17.92,17.92,6704
327,17.97,18.03,17.895,18.01,28241
432,17.95,17.95,17.95,17.95,241
433,17.798,17.99,17.798,17.95,923
434,18,18,17.871,17.979,400
435,17.98,17.98,17.98,17.98,100
436,18.045,18.045,17.97,18.02,1000
437,18.08,18.08,17.963,18.0275,1200
438,17.98,17.99,17.98,17.99,400
439,17.986,17.99,17.97,17.99,970
440,18,18,17.99,17.99,1000
441,17.976,18.05,17.976,18,7348
442,17.9898,18.02,17.9898,18.02,500
443,18,18,18,18,300
444,17.985,18,17.985,18,300
445,18,18,17.98,17.98,800
446,17.98,18,17.91,18,2950
447,17.98,17.98,17.973,17.973,426
448,17.955,17.975,17.955,17.975,416
449,17.98,17.98,17.9301,17.9799,4382
450,17.98,17.98,17.9533,17.9533,1490
451,17.98,17.98,17.9799,17.9799,400
452,17.9799,17.9799,17.9799,17.9799,200
453,17.876,17.95,17.876,17.94,3615
454,17.925,17.9299,17.88,17.88,1400
456,17.9299,17.93,17.925,17.925,300
457,17.9299,17.9299,17.9299,17.9299,100
458,17.9299,17.9299,17.883,17.883,812
459,17.93,17.93,17.93,17.93,400
460,17.924,17.93,17.87,17.93,1459
461,17.92,17.93,17.87,17.93,1900
462,17.92,17.93,17.87,17.93,300
463,17.93,17.93,17.93,17.93,200
464,17.9299,17.93,17.87,17.93,400
465,17.93,17.93,17.9299,17.93,400
466,17.93,17.93,17.9203,17.9299,2500
467,17.995,17.995,17.8934,17.93,1000
468,18,18,17.9362,18,800
469,17.99,18,17.89,17.945,2584
470,17.97,18,17.91,17.99,4362
471,17.93,17.97,17.9,17.96,16832
864,17.99,17.99,17.99,17.99,1704
865,18.005,18.005,17.96,17.96,2769
867,17.9978,18.1,17.987,18.025,2385
868,18.035,18.0497,18.035,18.0497,400
869,18.045,18.09,17.96,17.97,1650
870,18.01,18.07,18.01,18.07,1000
871,18.04,18.11,17.986,18.07,8251
872,18.0056,18.04,17.977,18.04,1850
873,18,18.024,18,18,3750
874,17.97,17.97,17.97,17.97,369
875,18.01,18.01,17.94,17.94,200
876,17.96,17.965,17.937,17.965,880
877,17.9621,17.98,17.9621,17.98,580
878,18,18.03,17.98,17.99,2400
879,17.93,18.038,17.93,18.038,2500
881,17.93,17.993,17.93,17.9762,1150
882,17.9684,17.9684,17.93,17.93,520
883,18,18,17.99,17.99,1513
884,18,18,18,18,100
886,18.05,18.05,18,18,500
887,18,18,18,18,100
888,18.07,18.07,18.07,18.07,100
889,18.0332,18.0332,18.0332,18.0332,550
890,18.02,18.09,18.02,18.045,300
892,18.042,18.07,18.042,18.07,800
893,17.967,18.03,17.9603,18.03,3352
894,18.015,18.0285,17.96,17.96,814
895,18.015,18.0312,18.015,18.0312,1000
896,18.02,18.03,17.9952,17.9952,1496
897,17.991,18.001,17.991,18.001,1126
898,17.94,18.02,17.94,18.02,2502
899,17.95,17.95,17.95,17.95,396
900,17.95,17.95,17.95,17.95,100
901,17.9,17.95,17.9,17.95,628
902,17.9,17.9,17.9,17.9,100
903,17.89,17.9131,17.86,17.9131,4471
a1493731800,17.97,17.97,17.97,17.97,1696
1,18.045,18.05,17.94,18.045,3500
2,17.83,18,17.82,18,4500
3,17.86,17.865,17.86,17.86,300
4,17.81,17.895,17.81,17.86,900
6,17.7921,17.8,17.7867,17.8,1910
7,17.82,17.82,17.7788,17.7788,3200
8,17.846,17.85,17.82,17.82,900
9,17.86,17.86,17.84,17.84,300
10,17.84,17.855,17.84,17.84,700
11,17.8699,17.88,17.866,17.88,2480
12,17.89,17.89,17.87,17.87,3600
13,17.88,17.8833,17.88,17.8833,700
14,17.8496,17.85,17.8496,17.85,400
15,17.87,17.87,17.84,17.87,1500
16,17.87,17.88,17.8597,17.86,1700
17,17.93,17.93,17.89,17.89,400
18,17.9075,17.915,17.894,17.91,800
19,17.93,17.95,17.9214,17.93,1721
20,17.9999,17.9999,17.946,17.95,1831
21,17.98,17.98,17.97,17.98,3712
22,17.975,17.975,17.95,17.975,6189
23,17.9,17.955,17.89,17.955,2315
24,17.89,17.89,17.89,17.89,100
25,17.8202,17.89,17.8202,17.89,3612
27,17.8,17.827,17.8,17.827,831
28,17.7705,17.8,17.77,17.8,3674
29,17.7,17.81,17.7,17.81,6561
30,17.713,17.78,17.71,17.7544,2770
31,17.76,17.76,17.7361,17.7361,350
32,17.76,17.76,17.7,17.71,3000
33,17.76,17.76,17.7362,17.76,500
34,17.77,17.77,17.75,17.76,2000
35,17.7632,17.77,17.7632,17.77,200
36,17.75,17.77,17.75,17.77,400
37,17.75,17.75,17.74,17.74,200
38,17.79,17.79,17.74,17.74,1100
39,17.85,17.88,17.79,17.79,3402
144,17.72,17.72,17.72,17.72,5819
146,17.81,17.81,17.81,17.81,100
147,17.792,17.8037,17.792,17.8037,2250
148,17.8,17.8,17.745,17.75,1087
149,17.79,17.802,17.79,17.802,575
150,17.8,17.8,17.8,17.8,100
151,17.7602,17.8,17.76,17.8,400
153,17.735,17.79,17.72,17.76,3100
154,17.78,17.78,17.78,17.78,100
155,17.75,17.79,17.75,17.79,200
156,17.7501,17.79,17.7501,17.78,1100
157,17.79,17.79,17.79,17.79,100
159,17.75,17.79,17.75,17.79,2485
161,17.78,17.78,17.75,17.75,850
162,17.766,17.766,17.766,17.766,274
163,17.8,17.8,17.79,17.79,700
165,17.807,17.81,17.8056,17.8056,940
166,17.81,17.81,17.78,17.78,1385
168,17.81,17.81,17.81,17.81,100
169,17.79,17.79,17.78,17.78,325
170,17.7531,17.79,17.7531,17.79,600
171,17.79,17.79,17.7536,17.78,4350
172,17.76,17.76,17.76,17.76,500
173,17.7501,17.77,17.7501,17.77,300
174,17.75,17.77,17.75,17.75,1685
175,17.75,17.78,17.75,17.78,10964
176,17.78,17.78,17.78,17.78,200
177,17.78,17.78,17.75,17.78,6055
178,17.7501,17.78,17.75,17.78,3100
179,17.77,17.77,17.77,17.77,100
180,17.8199,17.8199,17.78,17.78,325
181,17.8,17.82,17.7965,17.82,1300
182,17.82,17.83,17.82,17.83,300
183,17.86,17.87,17.8,17.83,5852
288,17.82,17.82,17.82,17.82,1798
289,17.84,17.84,17.84,17.84,100
290,17.68,17.75,17.68,17.75,3030
291,17.644,17.66,17.644,17.66,349
292,17.531,17.6203,17.531,17.6203,2386
293,17.5144,17.5641,17.5144,17.5536,3026
295,17.5206,17.55,17.5206,17.55,250
296,17.51,17.52,17.5001,17.52,850
297,17.3393,17.534,17.33,17.5,6959
298,17.34,17.389,17.33,17.33,3000
299,17.25,17.36,17.2,17.36,7440
300,17.161,17.255,17.161,17.25,6593
301,17.151,17.167,17.15,17.165,1905
302,17.1501,17.17,17.15,17.16,2625
303,17.1498,17.1672,17.14,17.1672,7765
304,17.01,17.1122,17,17.1122,9720
305,16.9694,17.0391,16.96,17.03,8152
306,16.932,17.003,16.81,16.9533,11120
307,16.7,16.81,16.62,16.81,6990
308,16.7,16.73,16.656,16.71,6410
309,16.67,16.75,16.67,16.699,13207
310,16.71,16.72,16.65,16.65,7699
311,16.89,16.94,16.71,16.72,12122
312,16.77,16.96,16.7,16.96,4900
313,16.711,16.7503,16.711,16.725,900
314,16.68,16.76,16.68,16.76,6345
315,16.735,16.755,16.735,16.755,200
316,16.78,16.83,16.75,16.77,2927
317,16.7823,16.8,16.7501,16.8,546
318,16.79,16.806,16.79,16.79,1200
319,16.7899,16.8,16.77,16.796,3850
320,16.78,16.78,16.73,16.731,4370
321,16.905,16.94,16.79,16.8201,3424
322,16.895,16.908,16.85,16.851,2506
323,16.885,16.885,16.885,16.885,300
324,16.96,16.98,16.8788,16.8788,2663
325,17.03,17.0499,16.975,16.975,2781
326,17.1399,17.14,17.0301,17.0301,2857
327,17.08,17.14,17.0461,17.13,9394
432,16.56,16.56,16.56,16.56,6241
433,16.73,16.9889,16.666,16.9889,7715
434,16.7516,16.88,16.7516,16.85,1100
435,16.7829,16.86,16.71,16.74,8660
436,16.73,16.794,16.65,16.725,8700
437,16.3258,16.75,15.9,16.676,48487
438,16.405,16.46,16.32,16.32,5582
439,16.4258,16.44,16.39,16.42,7200
440,16.2941,16.4246,16.23,16.4,17840
441,16.2807,16.31,16.25,16.285,11962
442,16.25,16.29,16.2,16.2608,12988
443,16.27,16.312,16.21,16.2505,11425
444,16.27,16.32,16.27,16.295,4700
445,16.3836,16.44,16.27,16.27,2224
446,16.5696,16.6325,16.35,16.422,7625
447,16.72,16.72,16.51,16.54,4307
448,16.715,16.72,16.58,16.6727,3600
449,16.6095,16.7,16.56,16.7,1420
450,16.5713,16.617,16.5,16.617,900
451,16.64,16.7,16.6,16.619,1400
452,16.52,16.61,16.51,16.5968,4200
453,16.48,16.58,16.44,16.536,7689
454,16.5328,16.5328,16.49,16.49,3400
455,16.6504,16.6504,16.47,16.47,1360
456,16.6743,16.685,16.6743,16.68,975
457,16.59,16.59,16.59,16.59,500
458,16.59,16.65,16.57,16.6499,4800
459,16.58,16.58,16.58,16.58,400
460,16.6097,16.6523,16.572,16.61,2690
461,16.675,16.71,16.62,16.62,700
463,16.67,16.72,16.59,16.59,4169
464,16.77,16.77,16.66,16.68,1290
465,16.64,16.7502,16.64,16.647,4200
466,16.65,16.6557,16.64,16.65,1900
467,16.59,16.66,16.575,16.66,3343
468,16.5899,16.5899,16.58,16.583,505
469,16.615,16.6299,16.58,16.58,2361
470,16.67,16.75,16.59,16.6599,6383
471,16.77,16.83,16.67,16.67,9238
865,16.77,16.9,16.76,16.77,7948
866,16.6901,16.73,16.6901,16.73,1016
868,16.7399,16.7399,16.7,16.7,3600
869,16.71,16.71,16.63,16.69,6054
870,16.6114,16.6748,16.58,16.66,1003
871,16.73,16.731,16.6101,16.6101,4175
872,16.55,16.715,16.55,16.715,1400
873,16.62,16.62,16.55,16.55,3473
874,16.66,16.66,16.66,16.66,200
875,16.65,16.65,16.6,16.6,700
876,16.66,16.66,16.61,16.65,2040
877,16.63,16.66,16.63,16.66,400
878,16.63,16.7,16.61,16.61,5226
879,16.6101,16.65,16.61,16.645,1800
880,16.73,16.73,16.64,16.64,1670
881,16.705,16.73,16.68,16.7,520
882,16.71,16.73,16.68,16.68,1400
883,16.6762,16.6762,16.655,16.67,990
884,16.71,16.71,16.675,16.675,656
885,16.75,16.77,16.73,16.73,1000
886,16.75,16.75,16.735,16.75,600
887,16.75,16.75,16.75,16.75,100
888,16.77,16.79,16.75,16.75,1500
889,16.7,16.79,16.7,16.79,4000
890,16.72,16.72,16.67,16.7,5664
891,16.79,16.82,16.71,16.72,4623
892,16.79,16.82,16.765,16.82,1100
893,16.73,16.73,16.715,16.715,792
894,16.8,16.84,16.78,16.83,600
895,16.76,16.84,16.76,16.78,2350
896,16.76,16.76,16.76,16.76,500
897,16.75,16.77,16.72,16.76,5060
898,16.75,16.82,16.75,16.75,2000
899,16.82,16.82,16.7201,16.74,1700
900,16.74,16.82,16.73,16.73,500
901,16.67,16.82,16.67,16.74,3422
902,16.71,16.79,16.67,16.68,2783
903,16.76,16.77,16.7,16.7,6568
a1494336600,16.72,16.72,16.72,16.72,1817
1,16.72,16.72,16.7,16.72,2200
2,16.73,16.85,16.71,16.71,1140
3,16.74,16.74,16.73,16.73,400
4,16.745,16.745,16.745,16.745,100
5,16.775,16.775,16.765,16.765,300
6,16.74,16.81,16.74,16.785,3000
7,16.692,16.73,16.685,16.73,1400
8,16.6505,16.675,16.65,16.65,2702
9,16.5824,16.65,16.53,16.65,5049
10,16.449,16.54,16.25,16.54,11900
11,16.47,16.47,16.44,16.47,700
12,16.585,16.6,16.4734,16.4734,2909
13,16.6,16.6,16.6,16.6,100
14,16.53,16.57,16.53,16.57,2100
15,16.54,16.57,16.53,16.53,550
16,16.55,16.57,16.52,16.53,3600
17,16.56,16.56,16.52,16.545,1400
18,16.559,16.559,16.559,16.559,264
19,16.53,16.54,16.52,16.54,800
20,16.57,16.57,16.54,16.548,707
21,16.56,16.6,16.51,16.58,5062
22,16.566,16.566,16.54,16.54,2000
23,16.57,16.59,16.56,16.59,900
24,16.54,16.5464,16.54,16.5464,300
25,16.53,16.55,16.53,16.55,400
26,16.56,16.56,16.52,16.527,1062
27,16.56,16.5708,16.55,16.55,1200
28,16.5333,16.553,16.5,16.55,5497
29,16.5147,16.5147,16.5147,16.5147,140
30,16.5,16.5191,16.5,16.5,1543
31,16.48,16.4886,16.48,16.4886,1000
32,16.45,16.485,16.45,16.45,450
33,16.457,16.4794,16.43,16.4794,2532
34,16.42,16.433,16.4,16.43,3920
35,16.41,16.41,16.41,16.41,300
36,16.38,16.41,16.38,16.41,1763
37,16.3,16.37,16.3,16.37,7300
38,16.36,16.37,16.33,16.33,3732
39,16.37,16.39,16.3,16.36,13608
144,16.25,16.32,16.25,16.25,5750
145,16.72,16.855,16.505,16.545,4150
146,16.735,16.85,16.617,16.85,6742
147,16.73,16.818,16.725,16.818,400
148,16.72,16.83,16.695,16.83,1954
149,16.62,16.755,16.62,16.7,4865
150,16.42,16.6,16.42,16.6,1100
151,16.348,16.44,16.34,16.42,8717
152,16.38,16.395,16.35,16.355,1000
153,16.35,16.38,16.35,16.365,1100
154,16.35,16.37,16.35,16.37,600
155,16.41,16.4251,16.41,16.4251,400
156,16.483,16.483,16.38,16.38,1575
157,16.53,16.53,16.42,16.455,700
158,16.61,16.61,16.51,16.52,6325
159,16.65,16.65,16.6,16.6,2200
160,16.7,16.7,16.65,16.675,1300
161,16.65,16.7,16.64,16.6578,6146
162,16.665,16.7,16.665,16.69,1239
163,16.675,16.71,16.66,16.66,1536
164,16.71,16.71,16.64,16.7,800
165,16.675,16.703,16.675,16.703,870
166,16.7,16.7,16.66,16.68,700
167,16.68,16.71,16.68,16.7,1000
168,16.67,16.67,16.67,16.67,100
169,16.64,16.71,16.62,16.71,2600
170,16.56,16.59,16.56,16.59,200
171,16.54,16.54,16.54,16.54,100
172,16.575,16.6099,16.56,16.57,4673
173,16.55,16.575,16.54,16.564,7566
174,16.575,16.5884,16.575,16.5884,670
175,16.6598,16.682,16.5725,16.5725,2350
176,16.68,16.69,16.65,16.65,2111
177,16.773,16.773,16.68,16.68,4648
178,16.84,16.88,16.81,16.82,4052
179,16.8379,16.899,16.8379,16.845,3005
180,16.825,16.85,16.79,16.82,1570
181,16.71,16.84,16.69,16.84,5150
182,16.68,16.809,16.68,16.68,3789
183,16.66,16.75,16.66,16.73,7700
288,16.73,16.73,16.73,16.73,1431
289,16.82,16.82,16.82,16.82,300
290,16.92,16.96,16.6332,16.6332,8192
291,16.98,16.99,16.926,16.98,4775
292,16.9008,16.99,16.9008,16.9391,3250
293,17.04,17.04,16.96,16.97,3158
294,17,17.04,16.95,17.04,3780
295,16.99,17,16.99,17,400
296,16.99,17,16.9326,16.99,3027
297,16.94,16.94,16.87,16.94,600
298,16.87,16.92,16.84,16.92,2400
299,17.0299,17.05,16.85,16.85,10018
300,16.89,16.9499,16.84,16.9124,1730
301,16.84,16.9,16.84,16.89,600
302,16.83,16.84,16.77,16.84,700
303,17,17,16.86,16.9,3000
304,16.9836,16.9836,16.91,16.955,3280
305,17.03,17.03,16.93,16.93,1177
307,16.95,16.995,16.95,16.97,1000
308,16.978,17.001,16.935,17.001,372
309,16.89,16.89,16.89,16.89,100
310,16.9,16.94,16.9,16.9,890
311,16.95,16.95,16.95,16.95,100
312,16.86,16.93,16.85,16.85,800
313,16.9425,16.945,16.88,16.925,1200
314,16.95,16.95,16.9388,16.9388,708
315,16.92,16.965,16.9,16.9,2072
316,17,17,16.909,16.95,1050
318,16.9881,17.04,16.935,16.935,1800
319,17,17,16.9254,16.9254,4215
320,16.99,16.99,16.99,16.99,100
321,16.9801,17.05,16.9405,16.99,4258
322,17.04,17.089,16.99,16.99,3498
324,17.03,17.073,16.98,17.0399,2431
325,17.01,17.03,17,17.02,500
326,17.02,17.02,17,17,2216
327,17.02,17.059,16.99,17.059,8250
432,16.96,16.97,16.96,16.97,761
433,16.97,16.97,16.9699,16.9699,1200
434,16.91,17,16.91,17,3164
435,16.945,16.945,16.89,16.94,1800
436,16.98,16.98,16.95,16.95,400
437,16.97,17,16.97,16.98,600
438,17,17,16.97,16.97,300
439,16.98,17,16.969,17,1400
440,16.9687,16.99,16.94,16.98,1800
441,16.99,16.99,16.99,16.99,100
442,16.98,16.99,16.95,16.99,700
443,17,17,16.965,16.965,800
444,16.97,16.99,16.96,16.96,1400
445,17,17,16.97,17,500
446,16.95,17,16.95,17,2195
447,16.985,17,16.97,16.99,500
448,16.985,17,16.98,16.98,300
449,16.985,17,16.98,16.98,950
450,16.99,16.99,16.99,16.99,1400
451,16.98,17,16.98,16.99,1300
452,16.97,17,16.97,16.99,900
453,16.99,16.99,16.97,16.97,700
454,16.9501,16.99,16.9501,16.98,1080
455,16.954,16.99,16.954,16.98,744
456,16.96,16.96,16.96,16.96,294
457,16.98,16.98,16.96,16.96,200
458,17,17,16.97,16.97,500
459,16.97,17,16.97,17,1073
460,17,17,16.99,16.99,400
461,17,17,16.985,16.985,500
462,16.98,17,16.97,16.985,800
463,17,17,16.985,17,600
464,17,17,16.98,17,1000
465,17,17,16.9899,17,1885
466,17,17,16.98,16.98,1400
467,16.99,17,16.99,17,2065
468,16.98,17,16.97,17,1000
469,16.95,17,16.95,16.97,3350
470,16.96,16.99,16.96,16.99,500
471,16.93,16.98,16.86,16.95,11194
864,16.95,16.95,16.95,16.95,601
865,17.09,17.1,16.9432,16.9432,3000
867,17.09,17.09,16.888,16.9,1700
868,17.14,17.15,17.03,17.11,2300
869,17.0999,17.13,17.05,17.12,3817
871,17.04,17.04,17.04,17.04,100
872,17.05,17.05,16.99,16.995,887
873,17.06,17.072,17.05,17.05,1786
874,17.14,17.14,17.1064,17.1064,700
875,17.13,17.13,17.078,17.078,1147
876,17.14,17.14,17.14,17.14,800
877,17.155,17.2,17.14,17.14,4067
878,17.2,17.2,17.155,17.155,1380
879,17.14,17.2,17.14,17.2,900
880,17.16,17.19,17.16,17.1732,2472
881,17.17,17.17,17.1288,17.1288,1765
882,17.135,17.15,17.1,17.15,2147
883,17.07,17.09,17.07,17.09,2900
884,17.01,17.0778,17.01,17.0778,900
885,17.01,17.01,17.01,17.01,300
886,17.118,17.119,17.06,17.06,1554
887,17.03,17.03,17.03,17.03,100
890,17.0595,17.0595,17,17,625
891,16.99,16.99,16.99,16.99,100
893,17.09,17.09,17,17,800
894,17.06,17.1,17.0401,17.0521,1480
895,17.02,17.02,17.02,17.02,100
896,17.1499,17.1499,17.017,17.017,2843
897,17.1332,17.15,17.05,17.05,5088
898,17.24,17.37,17.21,17.21,10451
899,17.191,17.191,17.06,17.06,900
901,17.15,17.17,17.145,17.16,1000
902,17.02,17.19,17.02,17.19,600
903,17.1,17.22,17.05,17.06,4739
a1494941400,17.1,17.1,17.1,17.1,261
1,17.1834,17.1834,17.1834,17.1834,100
2,17.185,17.185,17.03,17.03,1064
3,17.08,17.1235,17.08,17.1235,700
4,17.15,17.19,17.07,17.125,11990
5,17.07,17.085,17.07,17.07,800
7,17.16,17.19,17.11,17.115,1600
8,17.2,17.2,17.11,17.11,2100
9,17.16,17.16,17.15,17.16,400
10,17.18,17.21,17.18,17.2,1500
12,17.22,17.22,17.1849,17.21,500
13,17.215,17.252,17.1942,17.1942,1330
14,17.205,17.205,17.2,17.2,418
15,17.24,17.28,17.15,17.194,2300
16,17.35,17.35,17.17,17.24,10465
17,17.34,17.38,17.29,17.343,3200
18,17.373,17.386,17.33,17.34,1895
20,17.385,17.385,17.29,17.3,700
21,17.394,17.46,17.3,17.34,4039
22,17.322,17.41,17.322,17.3282,500
23,17.32,17.32,17.31,17.31,1500
24,17.3,17.32,17.3,17.32,608
25,17.32,17.32,17.26,17.288,565
26,17.28,17.28,17.28,17.28,400
27,17.33,17.349,17.296,17.3,1734
28,17.3,17.323,17.3,17.323,1253
29,17.34,17.34,17.34,17.34,200
30,17.36,17.469,17.36,17.414,1900
31,17.36,17.36,17.36,17.36,100
32,17.38,17.38,17.36,17.36,400
33,17.47,17.47,17.333,17.38,4054
34,17.41,17.492,17.368,17.368,3930
35,17.42,17.42,17.41,17.415,1749
36,17.47,17.47,17.36,17.41,3200
37,17.43,17.542,17.36,17.45,2460
38,17.4304,17.45,17.39,17.39,1509
39,17.4,17.45,17.4,17.43,3320
144,17.16,17.16,17.16,17.16,5815
145,17.15,17.29,17.15,17.25,500
146,17.42,17.42,17.27,17.27,900
147,17.2214,17.39,17.1682,17.39,1800
148,17.35,17.36,17.276,17.35,2633
149,17.4,17.41,17.3316,17.35,1907
150,17.229,17.41,17.229,17.4,1050
151,17.347,17.4,17.238,17.238,1030
152,17.3,17.31,17.29,17.301,2798
153,17.325,17.37,17.2911,17.2911,2800
154,17.32,17.33,17.31,17.325,1130
155,17.33,17.35,17.315,17.32,1100
156,17.211,17.3,17.201,17.294,3820
157,17.23,17.23,17.2,17.2,872
158,17.254,17.273,17.22,17.273,600
159,17.15,17.238,17.11,17.238,7210
160,17.15,17.15,17.15,17.15,500
161,17.184,17.239,17.08,17.08,7980
162,17.172,17.19,17.15,17.15,1800
163,17.19,17.19,17.19,17.19,200
164,17.22,17.22,17.1944,17.2,2400
166,17.25,17.25,17.229,17.23,3500
168,17.256,17.26,17.23,17.26,600
169,17.177,17.24,17.177,17.23,4400
170,17.22,17.222,17.15,17.18,4900
171,17.213,17.223,17.16,17.22,1078
172,17.175,17.21,17.175,17.21,900
173,17.18,17.18,17.15,17.18,900
174,17.14,17.154,17.14,17.151,2800
175,17.1,17.1,17.1,17.1,100
176,17.12,17.12,17.1,17.1,400
177,17.13,17.146,17.13,17.13,5288
178,17.11,17.14,17.11,17.14,1275
179,17.13,17.136,17.13,17.136,575
180,17.115,17.14,17.115,17.14,1530
181,17.137,17.14,17.1,17.12,2284
182,17.12,17.136,17.1,17.128,1754
183,17.12,17.12,17.1,17.1,2851
288,17.02,17.02,17.02,17.02,473
289,17.271,17.271,17.1,17.11,2460
290,17.318,17.318,17.1375,17.1375,1045
291,17.55,17.75,17.293,17.31,11299
292,17.562,17.564,17.55,17.55,1320
293,17.4084,17.445,17.4084,17.445,550
296,17.427,17.4715,17.427,17.4715,701
297,17.336,17.43,17.336,17.425,1930
298,17.3966,17.43,17.325,17.325,4452
299,17.34,17.34,17.34,17.34,100
300,17.335,17.335,17.335,17.335,1000
301,17.35,17.35,17.31,17.32,400
302,17.3,17.33,17.289,17.33,859
303,17.25,17.28,17.25,17.28,300
305,17.25,17.25,17.25,17.25,1140
306,17.2601,17.2601,17.236,17.236,630
307,17.2601,17.2601,17.2601,17.2601,180
309,17.24,17.245,17.24,17.24,700
310,17.25,17.25,17.214,17.214,400
312,17.19,17.21,17.19,17.21,1060
313,17.165,17.165,17.165,17.165,100
314,17.138,17.15,17.138,17.15,500
315,17.134,17.165,17.13,17.145,1725
316,17.11,17.11,17.11,17.11,100
317,17.145,17.145,17.145,17.145,124
319,17.15,17.1599,17.143,17.1518,2280
320,17.19,17.19,17.1793,17.1793,700
321,17.118,17.12,17.118,17.12,1100
322,17.115,17.17,17.11,17.13,3300
323,17.1,17.12,17.1,17.1165,2226
324,17.1,17.1,17.1,17.1,100
325,17.1,17.1072,17.1,17.1,3119
326,17.11,17.13,17.1,17.1,4616
327,17.1,17.13,17.1,17.1,5456
432,17.37,17.37,17.37,17.37,4465
433,17.14,17.37,17.13,17.37,13450
434,17.12,17.245,17.11,17.245,900
435,17.128,17.3018,17.11,17.3018,1550
436,17.14,17.237,17.11,17.11,2100
437,17.11,17.221,17.11,17.14,1551
438,17.12,17.19,17.11,17.11,1300
439,17.1,17.18,17.1,17.18,500
440,17.0499,17.1544,17.01,17.1544,10247
441,17.05,17.05,17.01,17.0384,1300
442,17.01,17.02,17.01,17.01,500
443,17,17.003,17,17,3330
444,17,17,17,17,1199
445,17,17,17,17,800
446,17,17,17,17,700
447,17.01,17.0246,17,17,1259
448,17.03,17.03,17.03,17.03,300
449,17.0585,17.0585,17.02,17.02,2800
452,17.04,17.07,17.03,17.03,1200
453,17.0397,17.0397,17.0397,17.0397,240
454,17.035,17.035,17.03,17.03,200
455,17,17.0332,17,17.0332,1000
456,16.99,16.99,16.98,16.98,200
457,17,17.04,16.99,16.99,1265
458,17,17,17,17,200
460,16.98,16.98,16.98,16.98,100
463,16.992,16.992,16.98,16.98,300
464,17.017,17.017,17.017,17.017,1251
465,17.01,17.02,17.01,17.01,850
466,17.01,17.01,17.01,17.01,200
469,17,17.01,16.99,17.01,1100
470,16.96,16.99,16.918,16.99,15460
471,16.81,16.95,16.81,16.95,25751
864,16.98,16.98,16.98,16.98,2485
865,16.8753,16.8753,16.8753,16.8753,400
866,16.99,16.99,16.89,16.9382,4275
868,17.068,17.068,17.068,17.068,500
869,16.955,16.97,16.95,16.97,500
870,17,17,16.999,16.999,600
871,16.9999,16.9999,16.99,16.99,600
872,16.97,16.99,16.96,16.98,2534
873,16.97,16.98,16.97,16.98,1345
874,16.98,16.985,16.98,16.985,400
875,16.976,16.99,16.976,16.99,1090
876,16.9806,17,16.9806,16.988,1750
877,17.01,17.01,17.01,17.01,100
878,17.027,17.027,17,17,300
881,17.015,17.015,17.015,17.015,100
882,17.0444,17.0444,16.99,17,2899
883,17.143,17.143,17.09,17.09,473
884,17.15,17.17,17.15,17.15,900
886,17.14,17.159,17.111,17.159,4600
887,17.17,17.17,17.12,17.12,3699
888,17.17,17.1875,17.17,17.18,1700
889,17.09,17.15,17.09,17.15,947
890,17.13,17.14,17.1068,17.1068,600
891,17.16,17.16,17.16,17.16,400
892,17.16,17.18,17.16,17.18,3870
893,17.164,17.18,17.16,17.177,1259
894,17.25,17.31,17.19,17.19,13058
896,17.24,17.25,17.24,17.25,300
897,17.35,17.37,17.28,17.28,5500
898,17.3395,17.3395,17.3395,17.3395,125
899,17.32,17.45,17.31,17.33,4500
900,17.35,17.42,17.31,17.42,3070
901,17.321,17.35,17.29,17.35,2800
902,17.31,17.325,17.3,17.325,1750
903,17.35,17.35,17.32,17.34,2951
a1495546200,17.51,17.51,17.51,17.51,1369
2,17.2899,17.33,17.2899,17.33,2150
3,17.173,17.173,17.09,17.09,3317
4,17.123,17.123,17.12,17.12,500
5,17.07,17.13,17.06,17.13,1275
6,17.14,17.14,17.02,17.07,700
7,17.19,17.19,17.19,17.19,100
8,17.1,17.15,17.1,17.15,532
9,17.16,17.16,17.16,17.16,100
10,17.1984,17.1984,17.1984,17.1984,600
11,17.228,17.228,17.228,17.228,690
13,17.15,17.15,17.15,17.15,100
14,17.32,17.32,17.2383,17.2383,1100
15,17.29,17.29,17.15,17.29,579
16,17.2247,17.2247,17.2247,17.2247,100
19,17.39,17.39,17.22,17.22,200
20,17.292,17.49,17.292,17.49,840
21,17.33,17.424,17.3,17.3,1800
22,17.33,17.35,17.33,17.35,1100
23,17.3,17.34,17.3,17.34,200
24,17.25,17.25,17.24,17.24,200
25,17.3,17.34,17.27,17.28,700
26,17.28,17.28,17.28,17.28,200
27,17.26,17.26,17.22,17.22,300
28,17.24,17.24,17.24,17.24,300
29,17.25,17.295,17.21,17.25,2000
30,17.22,17.22,17.22,17.22,100
31,17.303,17.31,17.265,17.27,1100
32,17.324,17.324,17.28,17.3,1298
33,17.3,17.31,17.3,17.31,814
34,17.41,17.41,17.28,17.28,6300
35,17.34,17.407,17.34,17.407,400
36,17.34,17.35,17.34,17.35,400
37,17.27,17.31,17.27,17.3,915
38,17.34,17.36,17.3,17.3,3000
39,17.35,17.35,17.32,17.33,4012
144,17.3,17.3,17.3,17.3,895
145,17.1934,17.5032,17.1934,17.5032,1575
146,17.41,17.41,17.41,17.41,245
147,17.27,17.54,17.27,17.51,3300
148,17.26,17.44,17.26,17.44,900
150,17.343,17.45,17.343,17.4123,3566
152,17.4,17.4,17.33,17.35,1200
153,17.44,17.44,17.3501,17.43,2278
154,17.463,17.463,17.4,17.41,2681
155,17.497,17.5,17.47,17.48,1500
156,17.463,17.48,17.435,17.47,900
158,17.482,17.482,17.482,17.482,230
159,17.455,17.455,17.455,17.455,100
160,17.47,17.5,17.41,17.455,1420
161,17.4206,17.48,17.4206,17.48,1300
162,17.32,17.43,17.32,17.43,700
163,17.34,17.37,17.34,17.34,974
164,17.33,17.34,17.33,17.34,302
165,17.33,17.35,17.33,17.34,400
166,17.36,17.36,17.36,17.36,100
168,17.36,17.36,17.36,17.36,100
169,17.3582,17.37,17.3582,17.37,1287
170,17.37,17.37,17.3,17.3001,2800
171,17.3394,17.3491,17.29,17.3,649
172,17.32,17.36,17.3,17.34,4800
173,17.303,17.315,17.3,17.315,1000
174,17.26,17.33,17.26,17.33,1500
175,17.31,17.31,17.31,17.31,100
176,17.23,17.283,17.23,17.281,3193
177,17.24,17.24,17.24,17.24,100
179,17.28,17.28,17.25,17.25,200
180,17.3099,17.31,17.27,17.305,443
181,17.31,17.31,17.28,17.306,1779
182,17.28,17.31,17.27,17.31,2200
183,17.25,17.28,17.22,17.28,1082
288,17.44,17.44,17.44,17.44,2643
289,17.29,17.3496,17.29,17.3496,800
290,17.41,17.41,17.41,17.41,100
291,17.5107,17.5107,17.46,17.46,425
292,17.4402,17.4402,17.4402,17.4402,500
293,17.47,17.54,17.47,17.54,650
294,17.47,17.47,17.47,17.47,100
295,17.47,17.48,17.41,17.46,4420
296,17.3782,17.415,17.36,17.4,5952
297,17.4006,17.42,17.4006,17.415,700
298,17.41,17.41,17.39,17.39,300
299,17.39,17.39,17.3594,17.3594,707
300,17.4,17.4,17.4,17.4,100
301,17.3948,17.3999,17.3948,17.3999,450
302,17.41,17.452,17.41,17.42,2500
303,17.41,17.44,17.41,17.4297,1215
304,17.43,17.43,17.43,17.43,100
305,17.34,17.4,17.33,17.4,800
306,17.4,17.4,17.36,17.36,400
307,17.41,17.41,17.4,17.4,400
308,17.41,17.41,17.41,17.41,100
309,17.44,17.46,17.406,17.41,1015
310,17.33,17.45,17.33,17.45,2800
311,17.27,17.34,17.27,17.336,2300
312,17.33,17.33,17.2783,17.3168,861
318,17.28,17.378,17.28,17.35,1500
320,17.26,17.306,17.26,17.301,3300
322,17.264,17.2898,17.264,17.2898,683
323,17.35,17.35,17.278,17.2899,3572
324,17.26,17.31,17.26,17.31,600
325,17.2798,17.28,17.27,17.28,550
326,17.26,17.28,17.25,17.26,4693
327,17.1,17.215,17.02,17.215,15076
432,17.22,17.22,17.22,17.22,600
433,17.44,17.4499,17.42,17.4499,2200
435,17.18,17.18,17.18,17.18,100
436,17.2447,17.39,17.2447,17.27,3525
437,17.19,17.28,17.19,17.2597,1250
439,17.1134,17.22,17.08,17.19,2733
440,17.102,17.124,17.028,17.11,3553
441,17.06,17.09,17.06,17.06,900
442,17.074,17.08,17.074,17.08,1750
443,17.03,17.03,17.02,17.02,500
444,17.02,17.065,17.02,17.065,519
445,17.06,17.06,17.05,17.05,270
446,17.0366,17.0366,17.02,17.02,207
448,17.07,17.07,17.06,17.06,300
450,17.053,17.085,17.05,17.08,775
451,17.11,17.14,17.06,17.06,1001
452,17.115,17.135,17.115,17.135,959
453,17.12,17.135,17.12,17.135,200
455,17.11,17.1399,17.11,17.1399,2200
457,17.09,17.09,17.09,17.09,100
458,17.096,17.12,17.09,17.12,600
459,17.1,17.1,17.1,17.1,100
460,17.135,17.135,17.11,17.13,300
461,17.1399,17.1399,17.1399,17.1399,600
462,17.09,17.09,17.09,17.09,100
463,17.11,17.11,17.11,17.11,500
465,17.14,17.14,17.09,17.09,1800
466,17.13,17.14,17.13,17.14,500
467,17.12,17.1372,17.12,17.1372,319
468,17.12,17.156,17.12,17.156,216
469,17.11,17.147,17.11,17.147,200
470,17.104,17.11,17.104,17.11,450
471,17.15,17.15,17.11,17.12,2671
a1496151000,17.25,17.25,17.25,17.25,1170
1,17.187,17.187,17.187,17.187,320
2,17.205,17.2111,17.18,17.18,489
3,17.21,17.23,17.21,17.23,230
4,17.1,17.22,17.07,17.22,2850
5,17.065,17.085,17.06,17.06,1300
6,17.09,17.096,17.06,17.096,425
7,17.0999,17.1,17.09,17.09,500
8,17.156,17.156,17.118,17.118,1200
9,17.1464,17.16,17.1464,17.16,600
10,17.13,17.14,17.124,17.124,650
11,17.12,17.13,17.12,17.12,478
12,17.085,17.11,17.085,17.11,1396
13,17.09,17.09,17.09,17.09,200
14,17.095,17.0974,17.0874,17.0974,900
15,17.12,17.12,17.12,17.12,100
17,17.08,17.08,17.08,17.08,600
18,17.06,17.06,17.0396,17.0501,2900
20,17.07,17.07,17.07,17.07,100
24,17.04,17.04,17.04,17.04,500
25,17.04,17.04,17.024,17.024,1113
26,17.02,17.02,17.02,17.02,100
27,17.09,17.09,17.02,17.02,327
31,17.07,17.07,17.0574,17.0574,390
32,17.01,17.05,17.01,17.05,800
33,17.02,17.02,17.02,17.02,100
34,17.02,17.03,17.02,17.03,500
35,17.0101,17.0101,17.0101,17.0101,756
36,16.93,17.03,16.93,17.01,6895
37,16.97,16.99,16.97,16.99,300
38,17.01,17.01,16.91,16.91,563
39,16.98,17.06,16.95,17.06,3253
144,16.95,16.95,16.95,16.95,1071
145,17.185,17.185,16.908,16.908,531
146,17.089,17.089,17.0688,17.0688,2286
147,16.8979,17.05,16.8979,17.05,500
148,17.08,17.08,17.016,17.016,660
149,17.08,17.08,16.91,17.07,840
150,17.044,17.09,17.044,17.09,1000
151,17.08,17.08,16.99,17.08,500
152,17.05,17.08,16.94,17.08,500
153,17.18,17.18,17.11,17.11,1600
154,17.067,17.21,17.063,17.18,7498
155,17.22,17.22,17.1772,17.21,375
156,17.24,17.24,17.12,17.12,3124
157,17.221,17.32,17.21,17.21,4170
158,17.27,17.27,17.19,17.21,400
159,17.15,17.245,17.15,17.22,800
161,17.21,17.21,17.21,17.21,400
162,17.19,17.21,17.155,17.21,3400
163,17.12,17.2,17.12,17.2,600
164,17.15,17.15,17.15,17.15,200
165,17.19,17.19,17.15,17.15,684
166,17.11,17.11,17.11,17.11,100
167,17.17,17.17,17.14,17.17,300
168,17.145,17.145,17.145,17.145,600
169,17.1699,17.1699,17.1699,17.1699,200
170,17.06,17.13,17.04,17.13,5445
171,16.98,17.0175,16.98,16.98,850
172,16.92,17.042,16.92,17.042,1987
174,16.91,16.93,16.91,16.93,1800
175,16.757,16.925,16.75,16.9111,9131
176,16.74,16.75,16.725,16.75,1900
177,16.6001,16.66,16.6,16.66,4300
178,16.55,16.61,16.55,16.6,3822
179,16.67,16.67,16.575,16.575,1836
180,16.71,16.71,16.6,16.6,7533
181,16.71,16.73,16.71,16.71,1165
182,16.71,16.7399,16.68,16.7,4163
183,16.46,16.669,16.43,16.62,57333
288,16.59,16.59,16.59,16.59,370
289,16.607,16.626,16.607,16.626,1185
290,16.58,16.63,16.549,16.549,3245
291,16.645,16.645,16.6,16.6,1300
292,16.64,16.64,16.635,16.635,350
293,16.63,16.64,16.63,16.64,708
294,16.65,16.663,16.61,16.61,1958
295,16.674,16.6799,16.65,16.65,2414
296,16.625,16.65,16.625,16.65,357
297,16.6,16.6,16.6,16.6,200
298,16.64,16.64,16.6,16.6,300
299,16.6201,16.676,16.6201,16.676,1000
300,16.6454,16.6454,16.6001,16.6001,300
302,16.675,16.68,16.66,16.66,1160
303,16.685,16.685,16.68,16.68,200
304,16.71,16.71,16.71,16.71,100
305,16.72,16.72,16.72,16.72,200
307,16.73,16.73,16.713,16.713,900
308,16.75,16.75,16.73,16.73,500
309,16.7101,16.715,16.7101,16.715,400
310,16.77,16.77,16.73,16.73,400
311,16.75,16.77,16.75,16.77,200
312,16.77,16.8,16.77,16.78,650
313,16.79,16.79,16.79,16.79,100
314,16.78,16.79,16.78,16.78,700
315,16.77,16.77,16.7699,16.7699,300
317,16.8,16.8,16.768,16.77,1497
318,16.91,16.91,16.807,16.81,3442
319,16.87,16.9,16.87,16.9,2250
320,16.8,16.88,16.8,16.87,5836
321,16.87,16.87,16.87,16.87,200
323,16.93,16.94,16.83,16.83,2600
324,16.91,16.932,16.89,16.89,405
325,16.83,16.9,16.81,16.9,1000
326,16.89,16.89,16.87,16.87,300
327,16.83,16.94,16.83,16.94,3352
432,16.87,16.87,16.87,16.87,1028
434,16.8301,16.895,16.8301,16.882,3910
435,16.945,16.945,16.85,16.85,4570
436,16.96,16.96,16.93,16.93,900
437,17.0304,17.04,17.0304,17.04,600
438,17.02,17.0444,17.01,17.01,2157
439,16.91,16.91,16.9,16.9,200
440,16.9633,16.98,16.916,16.976,2200
441,17,17,16.98,16.98,2850
442,17.06,17.06,17.0201,17.0201,2225
443,17.0829,17.1,17.017,17.02,2500
444,17.07,17.1,17.07,17.076,1459
445,17.03,17.03,17.03,17.03,300
446,17.11,17.11,17.07,17.07,5096
447,17.144,17.144,17.096,17.1,1101
448,17.12,17.13,17.12,17.13,1394
450,17.14,17.14,17.12,17.13,1600
451,17.1766,17.1766,17.13,17.14,800
452,17.1794,17.18,17.1554,17.1554,1456
455,17.12,17.151,17.1195,17.1195,1060
456,17.0852,17.0852,17.0852,17.0852,200
457,17.1105,17.124,17.1105,17.124,871
459,17.09,17.09,17.09,17.09,100
461,17.152,17.152,17.134,17.14,1400
462,17.151,17.16,17.1429,17.1429,3075
463,17.1324,17.16,17.1324,17.16,2070
464,17.16,17.16,17.11,17.16,3000
465,17.2,17.2,17.134,17.14,2213
466,17.29,17.3,17.165,17.165,4044
467,17.3,17.3,17.25,17.3,800
468,17.29,17.29,17.29,17.29,100
469,17.16,17.29,17.16,17.27,2489
470,17.17,17.2,17.16,17.17,1100
471,17.17,17.24,17.12,17.17,2987
864,17.15,17.15,17.15,17.15,1748
865,17.15,17.15,17.1,17.15,2459
866,17.45,17.45,17.186,17.186,1600
867,17.1868,17.46,17.1868,17.46,3400
868,17.2283,17.2283,17.2,17.2012,546
869,17.45,17.45,17.45,17.45,100
870,17.37,17.37,17.3503,17.3503,357
871,17.35,17.35,17.35,17.35,100
872,17.329,17.33,17.329,17.33,600
873,17.325,17.35,17.32,17.34,700
874,17.218,17.325,17.218,17.325,1416
875,17.27,17.27,17.21,17.23,1300
876,17.3204,17.3204,17.245,17.245,1716
877,17.305,17.305,17.305,17.305,200
878,17.3,17.3,17.28,17.28,3790
880,17.2504,17.255,17.2504,17.255,2050
881,17.2575,17.2575,17.25,17.2575,300
882,17.26,17.2799,17.2583,17.2583,1974
883,17.2699,17.27,17.26,17.2625,1200
885,17.265,17.265,17.2644,17.2644,800
886,17.27,17.27,17.2666,17.27,300
887,17.27,17.275,17.27,17.2725,500
888,17.2701,17.3,17.27,17.2701,6320
889,17.285,17.3,17.27,17.3,2700
890,17.2801,17.2801,17.2801,17.2801,100
891,17.3,17.3,17.2925,17.2925,948
892,17.3,17.31,17.2801,17.3,9843
893,17.3,17.32,17.28,17.32,9007
894,17.3,17.3,17.3,17.3,100
895,17.33,17.35,17.316,17.319,1200
897,17.31,17.37,17.31,17.3101,1936
898,17.34,17.34,17.34,17.34,100
899,17.36,17.36,17.34,17.34,800
900,17.3799,17.3799,17.35,17.36,1249
901,17.385,17.385,17.38,17.38,1172
902,17.409,17.41,17.38,17.38,2449
903,17.42,17.45,17.39,17.395,3654
a1496755800,17.36,17.36,17.36,17.36,500
1,17.58,17.61,17.42,17.42,1100
2,17.55,17.6,17.5,17.6,2700
4,17.564,17.618,17.537,17.59,2133
5,17.48,17.55,17.48,17.545,3145
6,17.52,17.52,17.5115,17.5115,300
7,17.48,17.485,17.47,17.48,1000
8,17.45,17.4799,17.4201,17.4799,3700
9,17.39,17.438,17.39,17.438,1950
10,17.4293,17.4293,17.3971,17.3971,875
11,17.49,17.499,17.49,17.49,900
12,17.48,17.489,17.46,17.489,4200
13,17.48,17.48,17.47,17.47,290
14,17.5084,17.5084,17.48,17.48,3100
16,17.61,17.61,17.517,17.52,2300
17,17.663,17.67,17.6,17.6,1600
18,17.645,17.669,17.645,17.66,2100
19,17.596,17.63,17.596,17.63,1400
20,17.65,17.66,17.595,17.595,4891
21,17.625,17.625,17.625,17.625,100
22,17.649,17.65,17.6178,17.625,5135
23,17.66,17.67,17.64,17.65,1900
24,17.6599,17.6599,17.64,17.6401,3225
25,17.7,17.7,17.65,17.655,2731
26,17.74,17.74,17.6501,17.69,10285
27,17.695,17.7155,17.65,17.71,9838
28,17.685,17.685,17.64,17.6501,3300
30,17.68,17.689,17.665,17.689,400
31,17.68,17.68,17.67,17.67,525
32,17.7,17.74,17.6734,17.7,2200
33,17.691,17.7083,17.691,17.7083,350
34,17.69,17.7,17.67,17.7,4300
35,17.67,17.6774,17.67,17.6774,300
36,17.665,17.68,17.6501,17.675,3326
37,17.685,17.7,17.66,17.68,2526
38,17.675,17.7,17.66,17.68,14130
39,17.71,17.71,17.66,17.68,18235
144,17.01,17.01,17.01,17.01,20210
145,17.1,17.22,16.9001,16.9001,5900
146,17.2,17.28,17.12,17.2,14792
147,17.2,17.205,17.091,17.205,5620
148,17.1501,17.19,17.11,17.12,3620
149,17.08,17.15,17.02,17.15,2742
150,17.085,17.085,17.085,17.085,300
151,17.01,17.075,17,17.075,14187
152,17,17.01,17,17.01,3200
153,17,17.0199,16.9945,16.9945,1795
154,17.01,17.01,17,17,1600
155,17.07,17.13,17,17.01,3900
156,17.01,17.19,17.01,17.1899,6765
157,17.0815,17.085,17.015,17.03,3460
158,17.055,17.1233,17.05,17.09,7300
159,17.03,17.055,17.03,17.055,200
160,17.015,17.05,17,17.035,7511
161,17.01,17.015,17,17,1400
162,17.1,17.1,17.015,17.015,1825
163,17.03,17.085,17,17.085,4480
164,17.04,17.04,17.04,17.04,400
165,17.087,17.087,17.035,17.035,2200
166,17.075,17.112,17.04,17.04,1296
167,17.14,17.14,17.11,17.1199,1567
168,17.05,17.147,17,17.1228,9298
169,17.01,17.06,17.01,17.03,700
170,17.09,17.09,17.03,17.03,2300
171,17.065,17.09,17.03,17.09,1400
172,17.07,17.11,17.04,17.065,1700
173,17.06,17.085,17.06,17.085,700
174,17.06,17.1,17.01,17.07,3900
175,17,17.075,17,17.06,4900
176,16.995,17.0499,16.9316,16.98,4236
177,16.92,17.039,16.92,16.96,1653
178,16.91,17.0153,16.82,16.96,9967
179,16.95,16.96,16.9,16.96,2675
180,16.76,16.9366,16.76,16.9,4868
181,16.81,16.85,16.76,16.76,2450
182,16.84,16.88,16.82,16.825,6000
183,16.89,16.89,16.83,16.835,10868
288,17.02,17.02,17.02,17.02,1000
289,16.9298,17.0255,16.9298,17,8635
290,17.05,17.05,16.944,16.9442,1721
291,17,17.19,16.9564,17.0073,1612
292,16.96,17,16.96,17,1100
293,16.94,16.94,16.94,16.94,100
294,17,17,16.94,16.9899,7700
295,16.94,17,16.94,17,5400
296,16.94,17,16.94,17,2700
297,16.96,16.96,16.96,16.96,100
298,17,17.05,16.96,16.99,2000
299,16.99,17.06,16.99,17.06,560
300,17,17,16.97,16.98,600
301,17.03,17.033,16.97,16.975,2600
302,16.98,16.98,16.98,16.98,100
303,17.02,17.02,16.98,16.98,1323
304,16.99,17.04,16.99,17,5000
305,17.01,17.03,17.01,17.03,1648
306,17,17,17,17,100
307,16.95,17,16.95,17,4599
308,17.05,17.06,16.95,16.95,10051
309,17.01,17.01,17,17,2662
310,17,17.0148,16.96,17,6329
311,17,17.0176,17,17,8312
312,17,17,16.95,16.9861,8399
313,17,17,16.97,17,3201
314,17,17,16.96,17,3298
315,16.99,16.99,16.99,16.99,100
316,17,17,16.95,17,600
317,17,17,16.98,16.98,200
318,16.995,17,16.96,17,500
319,16.995,17,16.96,17,500
320,17,17.02,16.96,16.96,1000
321,16.9531,16.9531,16.9531,16.9531,100
322,16.99,17,16.95,16.95,1700
323,16.99,17.02,16.98,17.02,3464
324,17.004,17.03,17.004,17.03,1070
325,17,17.04,16.99,17.023,6662
326,16.95,17.0112,16.94,17,13603
327,17.06,17.07,16.95,17,18002
432,17.06,17.06,17.06,17.06,484
433,17.06,17.06,17.045,17.05,743
434,17.1,17.1,17.05,17.0904,3397
435,17.15,17.2,17.075,17.1,2900
436,17.0891,17.0891,17.0891,17.0891,334
437,17.0905,17.15,17.0905,17.0978,1915
438,17.1148,17.15,17.1,17.1,1600
439,17.164,17.164,17.1,17.11,5494
440,17.14,17.14,17.14,17.14,150
441,17.15,17.15,17.15,17.15,300
442,17.086,17.15,17.078,17.15,5719
443,17.077,17.13,17.077,17.12,10452
444,17.1,17.1,17.1,17.1,7500
445,17.1,17.1,17.08,17.08,1100
446,17.05,17.1,17.05,17.08,2300
447,17.0662,17.095,17.06,17.095,1558
448,17.06,17.06,17.06,17.06,100
449,17.085,17.085,17.07,17.07,1150
450,17.067,17.1194,17.055,17.0701,5450
451,17.08,17.09,17.0766,17.0766,4150
453,17.08,17.1,17.08,17.1,1100
454,17.0214,17.08,17.0214,17.08,3992
455,16.96,17,16.95,16.9801,4756
456,16.995,16.995,16.995,16.995,176
457,16.9801,16.9801,16.9801,16.9801,500
458,16.9802,17,16.98,16.98,3200
459,16.998,16.998,16.998,16.998,200
460,17,17,17,17,100
461,16.98,16.998,16.98,16.98,1678
462,16.98,16.9928,16.975,16.9928,2255
465,16.95,16.9575,16.95,16.9501,3700
466,16.95,16.956,16.95,16.9501,5300
467,16.9577,16.98,16.95,16.98,3200
468,16.98,16.98,16.9668,16.9668,1500
469,16.97,16.97,16.97,16.97,300
470,16.95,16.98,16.95,16.9579,3100
471,16.95,16.98,16.95,16.96,6117
864,16.97,16.97,16.97,16.97,998
865,17.1199,17.1199,17.1199,17.1199,400
866,16.9855,17.089,16.9855,17.089,550
868,16.9855,16.9855,16.9264,16.9264,975
869,17.05,17.05,16.916,16.916,3102
870,16.98,16.9801,16.95,16.9801,1607
871,16.95,16.95,16.95,16.95,100
872,17.03,17.04,17,17,400
873,16.99,17,16.99,17,200
874,17,17.0162,17,17.0162,1100
875,16.99,17,16.99,17,300
876,16.95,16.966,16.95,16.966,1700
877,17.004,17.004,16.98,16.98,600
878,16.95,16.96,16.95,16.95,2900
879,16.8869,16.91,16.87,16.91,2600
880,16.86,16.91,16.86,16.91,200
881,16.925,16.925,16.86,16.86,397
882,16.89,16.9,16.85,16.89,1400
883,16.95,16.95,16.91,16.91,1044
885,16.98,16.99,16.98,16.99,400
886,16.9969,16.9969,16.97,16.99,4514
887,16.99,17,16.95,16.98,3130
889,16.964,16.97,16.964,16.97,485
890,16.996,16.996,16.96,16.96,1100
892,16.99,17.017,16.99,16.99,2209
894,17,17.01,17,17.01,400
895,16.9222,16.9222,16.92,16.92,200
896,16.87,16.946,16.87,16.946,1700
897,16.92,16.92,16.9,16.9,300
899,17,17,16.939,16.939,2100
900,17,17.02,16.92,16.97,3162
901,17.02,17.02,16.975,16.975,2000
902,16.97,17.009,16.97,17.009,600
903,16.96,16.98,16.85,16.96,4777
a1497360600,16.92,16.92,16.92,16.92,4605
1,17.0121,17.0121,16.9064,16.92,2001
2,16.9476,16.98,16.9476,16.97,1165
4,16.97,16.97,16.96,16.96,700
5,16.94,16.9521,16.94,16.95,1400
6,16.94,16.95,16.93,16.95,2562
7,16.88,16.88,16.75,16.84,9368
9,16.95,16.95,16.89,16.92,2968
10,16.88,16.952,16.88,16.952,1700
11,16.95,16.96,16.888,16.96,1000
12,16.96,16.96,16.96,16.96,200
13,16.97,16.97,16.96,16.96,800
14,17.04,17.04,16.97,16.97,1298
15,17.06,17.06,17.04,17.04,300
16,17.069,17.096,17.02,17.096,2800
17,17.0159,17.0159,17.0159,17.0159,500
18,16.99,16.99,16.99,16.99,117
20,17,17,17,17,698
23,17.09,17.09,16.973,16.973,5052
24,17.12,17.12,17.1,17.1,1573
26,17.09,17.1,17.0501,17.1,1631
27,17.075,17.09,17.07,17.09,905
28,17.13,17.13,17.106,17.106,273
29,17.1,17.14,17.1,17.14,2376
30,17.06,17.1,17.06,17.1,200
31,17.08,17.08,17.065,17.065,800
32,16.98,17.01,16.98,17.01,1100
33,16.989,17.05,16.989,17.05,600
34,17.07,17.07,17.05,17.05,550
35,17.07,17.07,17.057,17.07,1500
36,17.08,17.08,17.0301,17.04,600
37,17.044,17.044,17.044,17.044,153
39,17.1,17.11,17.0601,17.08,6336
144,17.12,17.12,17.12,17.12,755
145,17.14,17.14,16.971,17.132,2387
146,17.13,17.13,16.971,17.01,2200
147,17.27,17.32,17.03,17.05,11610
148,17.199,17.199,17.17,17.17,3466
150,17.22,17.235,17.09,17.235,3121
151,17.11,17.216,17.11,17.216,1400
152,17.1,17.105,17.09,17.1,1100
153,17.08,17.09,17.08,17.09,1300
154,17.08,17.085,17.08,17.08,476
155,17.079,17.08,17.03,17.08,1900
156,17.075,17.079,17.075,17.079,655
158,17.0501,17.13,17.04,17.107,3000
159,17.0071,17.03,17.0071,17.03,2375
160,16.977,17,16.977,17,419
161,16.9543,16.98,16.93,16.98,3827
163,16.9456,16.9456,16.9456,16.9456,400
165,16.97,16.97,16.97,16.97,400
166,16.97,16.97,16.97,16.97,100
167,16.972,16.99,16.945,16.974,5900
168,16.95,16.97,16.95,16.97,300
169,16.985,16.985,16.985,16.985,300
171,16.9999,16.9999,16.9999,16.9999,1000
172,17.015,17.02,16.98,16.98,3300
173,16.99,17.0024,16.99,17.0024,1309
175,16.99,17.005,16.99,17.005,1500
176,16.92,16.99,16.92,16.99,3798
177,16.973,16.973,16.92,16.93,1600
178,16.921,16.98,16.921,16.98,400
180,16.955,16.99,16.94,16.94,1400
181,16.95,17.005,16.95,16.96,900
182,16.97,16.97,16.97,16.97,100
183,16.97,16.987,16.95,16.98,5868
288,16.92,16.92,16.92,16.92,586
291,16.959,16.959,16.959,16.959,295
292,17.03,17.03,16.97,16.97,1650
293,16.98,16.98,16.98,16.98,300
294,16.79,16.89,16.79,16.89,200
295,16.9,16.9,16.78,16.78,800
296,16.9,16.92,16.9,16.919,400
297,16.858,16.89,16.858,16.883,1800
298,16.9596,16.9899,16.94,16.94,597
300,16.96,16.96,16.96,16.96,100
301,17.01,17.02,16.95,16.95,1545
302,17.023,17.032,16.9601,17.022,876
303,16.99,17.034,16.99,17.034,233
304,17.0145,17.025,17.0145,17.025,235
305,16.98,16.98,16.98,16.98,200
307,16.93,16.9654,16.93,16.94,700
308,16.975,16.975,16.975,16.975,100
309,17.11,17.13,17,17.009,3992
310,17.11,17.12,17.09,17.09,700
311,17.0809,17.0809,17.0809,17.0809,151
313,17.12,17.12,17.12,17.12,1171
314,17.1419,17.1419,17.1419,17.1419,120
315,17.12,17.12,17.12,17.12,200
316,17.123,17.123,17.123,17.123,379
317,17.08,17.13,17.08,17.13,620
318,17.12,17.12,17.07,17.07,200
319,17.12,17.12,17.12,17.12,200
321,17.05,17.0501,17.05,17.05,1000
322,17.07,17.07,17.03,17.05,2300
323,17,17.032,16.98,17.03,3000
324,17.06,17.06,16.99,16.99,600
326,17.04,17.04,16.966,17.0013,1735
327,17.05,17.07,17,17.04,2542
432,17.03,17.03,17.03,17.03,1162
433,17.03,17.03,17.03,17.03,1125
435,17.17,17.17,16.89,17.03,1600
441,17.05,17.09,17.05,17.05,300
442,17.1,17.1,17.09,17.09,700
443,17.11,17.11,17.0499,17.05,1100
444,17.1,17.1,17.0822,17.0822,740
446,17.1,17.1,17.08,17.08,375
448,17.16,17.16,17.06,17.1,3402
450,17.17,17.17,17.17,17.17,100
451,17.19,17.19,17.17,17.17,500
453,17.06,17.16,17.051,17.15,3700
454,17.16,17.16,17.0504,17.0504,720
456,17.15,17.15,17.015,17.015,745
457,17.065,17.1199,17.06,17.1199,609
458,17.15,17.15,17.066,17.08,1383
459,17.087,17.087,17.087,17.087,1600
460,17.15,17.15,17.115,17.14,1025
461,17.15,17.15,17.06,17.1,700
462,17.0979,17.0979,17.0979,17.0979,100
463,17.13,17.13,17.08,17.08,200
464,17.063,17.063,17.063,17.063,150
465,17.14,17.14,17.095,17.095,200
466,17.1,17.1,17.1,17.1,100
468,17.11,17.11,17.08,17.09,700
470,17.08,17.12,17.05,17.11,2900
471,17.08,17.14,17.03,17.05,7867
864,17.05,17.05,17.05,17.05,1390
865,17.18,17.18,17.18,17.18,100
867,17.31,17.31,17.28,17.28,200
869,17.2974,17.325,17.2974,17.325,992
870,17.23,17.329,17.23,17.329,1270
871,17.27,17.27,17.215,17.24,2530
872,17.3031,17.31,17.3031,17.31,2550
873,17.316,17.316,17.316,17.316,2000
874,17.297,17.322,17.24,17.31,1977
875,17.34,17.34,17.34,17.34,1517
876,17.31,17.34,17.3,17.34,2726
877,17.3,17.4,17.3,17.32,11311
878,17.45,17.45,17.31,17.315,2931
879,17.46,17.47,17.45,17.45,7472
880,17.45,17.45,17.45,17.45,300
881,17.38,17.41,17.38,17.41,600
882,17.41,17.41,17.3701,17.41,2000
883,17.49,17.49,17.41,17.41,3600
884,17.4569,17.49,17.4569,17.47,1490
886,17.4,17.45,17.4,17.45,1300
887,17.345,17.43,17.32,17.43,1800
888,17.32,17.345,17.32,17.3201,600
889,17.32,17.37,17.32,17.345,1113
890,17.3201,17.3201,17.3201,17.3201,200
891,17.3,17.32,17.3,17.32,2200
892,17.31,17.32,17.3,17.3,5147
893,17.25,17.31,17.25,17.31,2450
894,17.2401,17.32,17.22,17.275,1380
895,17.285,17.3,17.23,17.26,4929
897,17.312,17.312,17.312,17.312,100
898,17.3,17.3,17.3,17.3,100
900,17.34,17.34,17.27,17.285,1500
901,17.3,17.332,17.3,17.3,1000
902,17.29,17.3,17.29,17.3,300
903,17.25,17.3,17.18,17.3,4912
a1497965400,16.78,16.8,16.78,16.8,44586
1,16.7801,16.83,16.7437,16.78,163311
2,16.75,16.785,16.71,16.78,51617
3,16.76,16.8,16.71,16.7401,22622
4,16.8152,16.86,16.727,16.75,62673
5,16.7301,16.81,16.73,16.81,13795
6,16.795,16.795,16.75,16.75,5300
7,16.85,16.86,16.776,16.799,38123
8,16.8372,16.86,16.83,16.85,20113
9,16.8,16.85,16.8,16.85,16292
10,16.82,16.836,16.8,16.836,5698
11,16.8,16.84,16.8,16.8397,2500
12,16.83,16.83,16.82,16.82,1245
13,16.81,16.83,16.795,16.83,4974
14,16.79,16.83,16.79,16.828,10099
15,16.8,16.8,16.78,16.795,5412
16,16.79,16.79,16.79,16.79,1478
17,16.8,16.8,16.78,16.79,6468
18,16.75,16.79,16.75,16.79,6379
19,16.8,16.8,16.77,16.77,7021
20,16.79,16.8,16.79,16.8,1200
21,16.795,16.8,16.79,16.7901,1500
22,16.8,16.82,16.8,16.8,11100
23,16.76,16.81,16.75,16.81,20748
24,16.7695,16.7799,16.7548,16.7548,2300
25,16.799,16.8,16.765,16.78,2802
26,16.795,16.795,16.79,16.79,2800
27,16.8,16.81,16.79,16.79,3450
28,16.79,16.8,16.79,16.79,3080
29,16.79,16.8,16.79,16.8,10190
30,16.74,16.7779,16.74,16.7501,2588
31,16.753,16.78,16.7501,16.77,2275
32,16.7601,16.77,16.76,16.768,4030
33,16.76,16.77,16.74,16.75,4251
34,16.76,16.76,16.755,16.76,761
35,16.78,16.79,16.759,16.76,4386
36,16.7886,16.7886,16.78,16.78,3547
37,16.76,16.79,16.745,16.79,7397
38,16.779,16.78,16.74,16.751,20949
39,16.7,16.78,16.7,16.78,52813
144,16.71,16.71,16.71,16.71,4015
145,16.79,16.83,16.77,16.79,10795
146,16.73,16.76,16.716,16.75,2900
147,16.77,16.77,16.7,16.73,5625
148,16.7,16.74,16.7,16.73,4414
149,16.74,16.74,16.699,16.7,4656
150,16.765,16.77,16.737,16.737,4645
151,16.77,16.77,16.734,16.77,1250
152,16.74,16.78,16.74,16.78,1300
153,16.74,16.75,16.74,16.75,600
154,16.82,16.82,16.71,16.71,8951
155,16.75,16.83,16.75,16.81,4050
156,16.81,16.82,16.7932,16.7932,1604
157,16.8236,16.83,16.8003,16.82,3777
158,16.809,16.82,16.8,16.82,6620
159,16.8099,16.81,16.8,16.8,3896
160,16.777,16.8,16.765,16.8,1050
161,16.74,16.75,16.74,16.75,900
162,16.7,16.73,16.7,16.73,3391
163,16.706,16.708,16.7,16.7,4064
164,16.71,16.73,16.703,16.71,2695
165,16.7001,16.736,16.7,16.715,3200
166,16.73,16.74,16.715,16.715,1686
167,16.7475,16.779,16.73,16.73,1716
168,16.755,16.78,16.7107,16.745,4500
169,16.73,16.731,16.7,16.731,5800
170,16.72,16.754,16.7,16.754,1825
171,16.704,16.7299,16.7,16.7011,4500
172,16.7197,16.72,16.7,16.714,3429
173,16.724,16.756,16.724,16.725,2471
174,16.725,16.725,16.7001,16.72,1900
175,16.702,16.74,16.7,16.7,3190
176,16.7,16.712,16.7,16.71,3382
177,16.69,16.7001,16.69,16.7001,14391
178,16.7,16.7,16.7,16.7,800
179,16.7,16.727,16.7,16.7,1179
180,16.7,16.7223,16.7,16.7,6000
181,16.675,16.73,16.67,16.73,34224
182,16.63,16.67,16.63,16.67,7321
183,16.64,16.67,16.62,16.63,17406
288,16.78,16.78,16.78,16.78,3423
290,16.7392,16.77,16.6892,16.73,2050
291,16.67,16.725,16.66,16.725,3567
292,16.69,16.69,16.69,16.69,800
293,16.68,16.744,16.68,16.7,2100
294,16.64,16.72,16.64,16.72,2727
295,16.64,16.68,16.64,16.677,6599
296,16.65,16.69,16.6,16.63,11461
297,16.65,16.65,16.641,16.641,2625
298,16.65,16.65,16.626,16.65,1500
299,16.65,16.65,16.65,16.65,100
300,16.73,16.73,16.64,16.64,5019
301,16.73,16.73,16.69,16.72,1319
302,16.72,16.73,16.72,16.73,5025
304,16.74,16.74,16.72,16.72,1741
305,16.72,16.73,16.72,16.73,2952
306,16.72,16.74,16.72,16.73,4196
307,16.73,16.74,16.7201,16.73,1500
308,16.77,16.7789,16.74,16.74,5427
309,16.77,16.77,16.7642,16.77,1098
310,16.74,16.77,16.74,16.76,5600
311,16.74,16.74,16.74,16.74,1200
312,16.75,16.75,16.74,16.74,700
313,16.75,16.75,16.745,16.75,2430
315,16.79,16.79,16.76,16.76,11796
316,16.8,16.82,16.78,16.7875,5146
317,16.79,16.8,16.79,16.8,500
318,16.73,16.77,16.724,16.77,1532
319,16.76,16.77,16.73,16.73,4000
320,16.79,16.79,16.769,16.77,1660
321,16.8,16.815,16.79,16.79,16238
322,16.783,16.801,16.783,16.8,5305
323,16.78,16.78,16.78,16.78,300
324,16.75,16.77,16.734,16.75,1400
325,16.75,16.76,16.75,16.75,1500
326,16.76,16.76,16.74,16.76,3645
327,16.74,16.8,16.71,16.8,23733
432,16.83,16.83,16.83,16.83,9169
433,16.825,16.85,16.7263,16.83,10658
434,16.85,16.85,16.84,16.84,2080
435,16.84,16.86,16.681,16.681,16683
436,16.84,16.84,16.78,16.78,3700
437,16.785,16.835,16.7849,16.8,2406
439,16.83,16.83,16.782,16.782,4297
440,16.81,16.81,16.776,16.776,550
441,16.8115,16.8115,16.8115,16.8115,1000
442,16.83,16.83,16.81,16.83,908
443,16.794,16.794,16.794,16.794,621
444,16.8288,16.83,16.82,16.82,800
445,16.83,16.83,16.83,16.83,100
448,16.84,16.85,16.8371,16.8371,1415
449,16.8101,16.85,16.8101,16.82,2506
450,16.825,16.85,16.825,16.85,2896
451,16.83,16.85,16.77,16.82,4155
452,16.814,16.85,16.8,16.84,1555
455,16.8,16.8,16.8,16.8,100
457,16.85,16.85,16.85,16.85,1200
458,16.8367,16.838,16.77,16.83,4404
459,16.7752,16.85,16.7752,16.85,2400
461,16.78,16.84,16.78,16.84,700
462,16.76,16.78,16.759,16.78,3931
463,16.841,16.841,16.7984,16.7984,2400
464,16.83,16.83,16.77,16.82,700
465,16.768,16.841,16.768,16.84,2228
466,16.82,16.82,16.77,16.82,1300
469,16.78,16.815,16.729,16.8,10715
470,16.77,16.77,16.77,16.77,100
471,16.81,16.81,16.78,16.7995,6651
864,16.78,16.78,16.78,16.78,2271
865,16.8,16.85,16.75,16.8,12145
866,16.7,16.727,16.7,16.727,387
867,16.85,16.85,16.8,16.8,1325
868,16.83,16.85,16.83,16.84,3883
869,16.81,16.83,16.8,16.83,5120
870,16.78,16.78,16.755,16.755,1059
871,16.78,16.8,16.78,16.7999,2188
872,16.78,16.789,16.78,16.7868,3010
873,16.78,16.784,16.7778,16.78,2555
874,16.78,16.8,16.779,16.78,3720
875,16.7872,16.7872,16.7872,16.7872,1000
876,16.798,16.8,16.788,16.79,800
877,16.7877,16.7999,16.785,16.79,1800
878,16.79,16.79,16.775,16.7899,1835
879,16.79,16.7918,16.79,16.7918,200
880,16.8,16.8,16.8,16.8,985
881,16.85,16.85,16.8,16.8,2988
882,16.83,16.85,16.8101,16.835,3930
883,16.81,16.83,16.81,16.83,900
884,16.8189,16.8189,16.81,16.81,200
885,16.82,16.83,16.82,16.82,1300
886,16.8101,16.8101,16.8101,16.8101,200
887,16.82,16.82,16.82,16.82,1000
888,16.81,16.8101,16.81,16.8101,600
889,16.818,16.82,16.81,16.82,4812
890,16.81,16.81,16.81,16.81,100
891,16.8,16.8,16.79,16.8,900
893,16.794,16.8,16.79,16.791,1670
894,16.79,16.79,16.79,16.79,453
895,16.79,16.7981,16.79,16.7981,1800
896,16.76,16.791,16.75,16.791,5717
897,16.76,16.769,16.75,16.75,5919
898,16.75,16.77,16.75,16.75,1410
899,16.75,16.76,16.75,16.76,201
900,16.768,16.77,16.76,16.76,2381
901,16.76,16.77,16.76,16.76,5675
902,16.78,16.78,16.76,16.76,300
903,16.75,16.77,16.75,16.76,1651
a1498570200,16.78,16.78,16.78,16.78,601
1,16.78,16.85,16.78,16.84,3950
2,16.8,16.8,16.73,16.73,1865
3,16.84,16.84,16.81,16.81,1800
4,16.85,16.85,16.82,16.825,4332
5,16.82,16.85,16.819,16.85,4100
6,16.8101,16.83,16.79,16.83,4111
7,16.82,16.82,16.81,16.82,5950
8,16.79,16.82,16.79,16.82,5189
9,16.7886,16.7886,16.78,16.78,761
10,16.77,16.77,16.77,16.77,100
11,16.768,16.77,16.76,16.77,2000
12,16.773,16.8,16.773,16.78,5854
13,16.77,16.7775,16.77,16.77,378
14,16.77,16.77,16.75,16.77,600
15,16.769,16.77,16.769,16.77,300
16,16.8,16.84,16.78,16.78,6149
18,16.82,16.83,16.8067,16.826,1400
19,16.84,16.84,16.83,16.84,600
20,16.83,16.83,16.78,16.825,976
21,16.83,16.83,16.83,16.83,100
22,16.83,16.83,16.826,16.826,1110
23,16.78,16.8,16.78,16.8,600
24,16.797,16.797,16.78,16.78,700
25,16.78,16.8,16.78,16.8,500
26,16.76,16.78,16.76,16.78,1304
27,16.75,16.77,16.75,16.75,4257
28,16.73,16.7501,16.73,16.7501,2865
30,16.73,16.73,16.72,16.725,1844
31,16.74,16.74,16.74,16.74,100
32,16.74,16.74,16.73,16.73,2500
33,16.73,16.74,16.73,16.73,1200
34,16.73,16.74,16.73,16.73,1800
35,16.74,16.75,16.739,16.74,4324
36,16.73,16.73,16.73,16.73,1395
37,16.73,16.78,16.73,16.75,7157
38,16.72,16.74,16.72,16.73,2472
39,16.71,16.72,16.7,16.72,5194
144,16.61,16.61,16.61,16.61,2883
145,16.74,16.74,16.62,16.62,12791
146,16.77,16.77,16.754,16.76,585
147,16.76,16.76,16.75,16.75,200
148,16.7712,16.78,16.7712,16.78,1000
149,16.76,16.77,16.76,16.77,800
150,16.76,16.7842,16.76,16.7842,1591
152,16.77,16.77,16.77,16.77,100
153,16.75,16.76,16.75,16.76,2600
154,16.74,16.74,16.73,16.73,300
155,16.78,16.78,16.765,16.765,500
156,16.78,16.78,16.78,16.78,300
158,16.79,16.79,16.78,16.78,1835
160,16.79,16.8,16.79,16.79,2801
161,16.764,16.79,16.764,16.79,1915
162,16.75,16.75,16.75,16.75,200
163,16.75,16.75,16.75,16.75,100
164,16.75,16.75,16.75,16.75,300
165,16.76,16.76,16.75,16.75,200
166,16.75,16.75,16.75,16.75,100
167,16.76,16.76,16.75,16.75,1400
168,16.75,16.75,16.75,16.75,100
169,16.755,16.755,16.755,16.755,100
170,16.784,16.79,16.75,16.75,3400
171,16.77,16.7701,16.75,16.77,1998
172,16.765,16.765,16.75,16.75,200
173,16.755,16.755,16.755,16.755,200
174,16.7699,16.7699,16.755,16.755,2282
175,16.772,16.79,16.769,16.77,4550
176,16.782,16.782,16.782,16.782,490
177,16.785,16.785,16.78,16.78,400
178,16.772,16.78,16.772,16.78,347
179,16.78,16.79,16.77,16.77,2497
180,16.78,16.79,16.78,16.7858,2004
181,16.78,16.79,16.78,16.785,535
182,16.865,16.88,16.7601,16.8,12306
183,16.85,16.85,16.8,16.85,17805
288,16.88,16.88,16.88,16.88,3645
289,17.03,17.03,16.87,16.88,8709
290,16.97,17.05,16.9301,17.0134,6400
291,16.93,17.01,16.93,16.99,10696
292,16.87,16.94,16.87,16.94,2080
293,16.94,16.94,16.85,16.9198,5850
294,16.95,16.95,16.94,16.94,769
295,16.99,17.006,16.95,17.006,1136
296,16.93,16.98,16.88,16.98,3790
297,16.907,16.93,16.907,16.93,277
298,16.865,16.9,16.86,16.9,1400
299,16.85,16.86,16.85,16.85,2100
300,16.83,16.84,16.83,16.83,372
301,16.814,16.82,16.79,16.82,1655
302,16.814,16.82,16.814,16.82,300
303,16.76,16.76,16.76,16.76,300
304,16.71,16.71,16.71,16.71,100
305,16.804,16.81,16.72,16.72,2078
306,16.7501,16.7501,16.75,16.75,200
307,16.75,16.76,16.74,16.751,976
308,16.75,16.75,16.75,16.75,100
309,16.77,16.79,16.77,16.78,1999
310,16.7998,16.7998,16.78,16.78,522
311,16.806,16.806,16.79,16.8,1830
313,16.79,16.8,16.79,16.79,2200
314,16.74,16.79,16.74,16.79,2763
316,16.745,16.75,16.725,16.725,597
317,16.77,16.78,16.73,16.7499,1899
318,16.8699,16.88,16.79,16.79,11039
321,16.82,16.87,16.82,16.8632,2572
322,16.8586,16.8586,16.82,16.8356,800
323,16.835,16.86,16.83,16.83,2500
324,16.82,16.83,16.82,16.82,500
325,16.812,16.83,16.81,16.83,3600
326,16.805,16.83,16.8,16.8193,4198
327,16.89,16.89,16.82,16.83,10614
432,16.82,16.82,16.82,16.82,1777
434,16.925,16.925,16.925,16.925,320
435,16.915,16.915,16.91,16.91,321
436,16.89,16.93,16.89,16.9028,1666
438,16.891,16.891,16.8547,16.8547,2114
440,16.933,16.933,16.836,16.86,10033
441,16.8777,16.93,16.87,16.9005,3491
442,16.8601,16.87,16.8601,16.87,329
443,16.86,16.86,16.85,16.86,800
444,16.81,16.85,16.81,16.85,924
445,16.77,16.82,16.77,16.8197,2965
446,16.71,16.77,16.71,16.77,1800
447,16.7,16.74,16.7,16.71,2100
448,16.86,16.92,16.74,16.74,7608
449,16.839,16.839,16.839,16.839,230
450,16.832,16.832,16.832,16.832,212
451,16.77,16.77,16.77,16.77,100
452,16.77,16.77,16.77,16.77,100
454,16.7701,16.81,16.77,16.81,1443
455,16.81,16.81,16.81,16.81,300
456,16.82,16.82,16.7842,16.7842,4400
458,16.82,16.82,16.82,16.82,400
459,16.81,16.82,16.8,16.82,1600
463,16.8,16.8,16.79,16.79,1092
464,16.77,16.78,16.77,16.78,1000
465,16.72,16.76,16.72,16.75,6800
466,16.73,16.73,16.73,16.73,1000
467,16.75,16.75,16.73,16.74,3250
468,16.74,16.755,16.73,16.73,946
469,16.7499,16.76,16.73,16.75,1600
470,16.78,16.78,16.75,16.75,500
471,16.82,16.85,16.77,16.77,35220
864,16.8,16.8,16.8,16.8,1284
865,16.98,17,16.79,16.8,8037
866,16.92,16.92,16.92,16.92,100
867,16.93,16.95,16.93,16.95,400
868,16.87,16.9385,16.824,16.824,776
869,16.87,16.87,16.87,16.87,100
870,16.86,16.88,16.85,16.88,1416
871,16.83,16.83,16.83,16.83,100
872,16.84,16.864,16.84,16.85,1033
873,16.87,16.93,16.8611,16.87,3293
874,16.88,16.92,16.8781,16.92,520
876,16.875,16.88,16.861,16.876,1600
877,16.89,16.89,16.89,16.89,100
878,16.8902,16.8902,16.89,16.89,500
879,16.9,16.9,16.89,16.89,1000
884,16.8701,16.8701,16.8701,16.8701,300
885,16.89,16.9,16.86,16.89,2680
a1499261400,16.83,16.83,16.83,16.83,1922
1,16.86,16.86,16.86,16.86,100
3,16.8,16.8,16.797,16.797,506
4,16.8,16.8,16.8,16.8,1100
5,16.7501,16.7917,16.74,16.7917,5571
6,16.8,16.8,16.76,16.8,1113
8,16.84,16.84,16.84,16.84,400
9,16.8,16.8,16.8,16.8,200
10,16.83,16.85,16.83,16.85,200
11,16.8,16.8764,16.78,16.8764,1338
12,16.845,16.845,16.7825,16.8,3738
13,16.85,16.85,16.85,16.85,269
14,16.864,16.98,16.864,16.8732,4150
20,16.99,16.9999,16.99,16.9999,415
21,16.99,16.99,16.96,16.96,300
22,16.94,16.94,16.94,16.94,200
23,16.91,16.92,16.91,16.91,700
26,16.86,16.86,16.82,16.8501,5300
27,16.83,16.84,16.83,16.84,800
28,16.93,16.93,16.85,16.85,200
31,16.876,16.9,16.87,16.9,2196
32,16.9,16.905,16.895,16.895,1339
33,16.9,16.9,16.9,16.9,1800
34,16.906,16.91,16.906,16.91,800
35,16.91,16.91,16.91,16.91,190
36,16.87,16.9181,16.87,16.9181,1433
38,16.88,16.9,16.84,16.84,4201
39,16.85,16.9,16.84,16.9,6731
