EXCHANGE%3DNASDAQ
MARKET_OPEN_MINUTE=570
MARKET_CLOSE_MINUTE=960
INTERVAL=600
COLUMNS=DATE,CLOSE,HIGH,LOW,OPEN,VOLUME
DATA=
TIMEZONE_OFFSET=-240
a1493127000,3.9,3.94,3.89,3.94,10709
1,3.8999,3.95,3.8212,3.94,72949
2,3.815,3.89,3.8,3.87,59993
3,3.8277,3.85,3.681,3.82,174114
4,3.7599,3.8,3.73,3.77,47988
5,3.7053,3.79,3.69,3.75,67217
6,3.69,3.7478,3.69,3.7,50630
7,3.73,3.74,3.65,3.709,70783
8,3.71,3.73,3.7,3.71,3930
9,3.73,3.75,3.6614,3.7,46160
10,3.83,3.9,3.7256,3.74,52364
11,3.8899,3.89,3.7801,3.83,30321
12,3.82,3.89,3.77,3.8624,14935
13,3.8,3.87,3.7767,3.8003,16290
14,3.8399,3.85,3.8037,3.84,11290
15,3.7824,3.82,3.77,3.81,5152
16,3.7767,3.81,3.76,3.78,2700
17,3.7926,3.81,3.77,3.78,6881
18,3.83,3.84,3.7801,3.8,4332
19,3.79,3.83,3.7857,3.7857,11050
20,3.8,3.8057,3.8,3.8057,1200
21,3.7778,3.81,3.752,3.8,4880
22,3.75,3.7965,3.7318,3.7648,9145
23,3.77,3.8,3.73,3.79,22988
24,3.7378,3.77,3.7003,3.76,3354
25,3.74,3.74,3.71,3.7352,1860
26,3.81,3.81,3.72,3.74,12492
27,3.77,3.77,3.77,3.77,100
28,3.75,3.77,3.7201,3.7264,3885
29,3.733,3.7499,3.7201,3.7499,1800
30,3.75,3.75,3.72,3.72,9406
31,3.74,3.75,3.72,3.72,1880
32,3.77,3.77,3.72,3.74,12277
33,3.78,3.78,3.73,3.754,22413
34,3.7301,3.7599,3.7301,3.75,2227
35,3.7546,3.79,3.733,3.75,34340
36,3.7509,3.82,3.73,3.7401,46994
37,3.77,3.77,3.73,3.7401,3770
38,3.77,3.77,3.73,3.76,41411
39,3.75,3.78,3.74,3.77,55357
144,3.75,3.75,3.75,3.75,2873
145,3.6392,3.7799,3.55,3.75,116767
146,3.72,3.7295,3.6231,3.6231,85369
147,3.6642,3.729,3.5801,3.72,27696
148,3.66,3.69,3.6,3.6658,6915
149,3.6481,3.67,3.62,3.6452,20485
150,3.63,3.67,3.6,3.66,23061
151,3.521,3.6,3.51,3.6,46299
152,3.51,3.58,3.5,3.5398,63027
153,3.57,3.57,3.45,3.503,61382
154,3.5133,3.6,3.5,3.5947,36188
155,3.5246,3.57,3.5001,3.5001,7250
156,3.57,3.579,3.52,3.5514,5857
157,3.5472,3.5752,3.54,3.5752,5600
158,3.5101,3.55,3.5101,3.55,4200
159,3.5201,3.55,3.5137,3.5255,5183
160,3.5486,3.554,3.5201,3.5271,3000
161,3.55,3.55,3.5424,3.5482,325
162,3.5204,3.57,3.52,3.542,9397
163,3.53,3.55,3.5101,3.5202,9741
164,3.544,3.55,3.51,3.55,24915
165,3.5222,3.55,3.5222,3.55,766
166,3.58,3.58,3.51,3.51,3831
167,3.59,3.59,3.54,3.54,3594
168,3.6652,3.67,3.63,3.6397,48220
169,3.65,3.74,3.6302,3.67,39223
170,3.651,3.7,3.6301,3.65,2450
171,3.71,3.71,3.63,3.69,3088
172,3.71,3.71,3.6852,3.71,6480
173,3.7,3.71,3.66,3.6701,9300
174,3.71,3.71,3.6701,3.7016,3200
175,3.68,3.72,3.62,3.71,11328
176,3.68,3.68,3.68,3.68,360
177,3.6999,3.6999,3.676,3.676,2300
178,3.6118,3.69,3.6,3.68,12746
179,3.66,3.66,3.6201,3.66,3800
180,3.6248,3.67,3.61,3.67,6755
181,3.6951,3.7,3.6301,3.68,10325
182,3.664,3.709,3.6517,3.6517,3945
183,3.64,3.7,3.64,3.66,6400
288,3.51,3.51,3.33,3.33,20774
289,3.42,3.5685,3.33,3.33,34393
290,3.55,3.7,3.42,3.42,47402
291,3.6,3.6294,3.57,3.57,8525
292,3.5136,3.59,3.5,3.59,19916
293,3.56,3.5893,3.53,3.53,12787
294,3.53,3.58,3.52,3.57,4545
295,3.54,3.54,3.51,3.5201,6352
296,3.54,3.56,3.41,3.52,39464
297,3.5483,3.56,3.54,3.56,5745
298,3.6312,3.64,3.557,3.5589,75509
299,3.6576,3.74,3.55,3.6,206877
300,3.7,3.7,3.59,3.67,34200
301,3.62,3.7,3.61,3.698,13032
302,3.69,3.69,3.6101,3.67,6205
303,3.6611,3.68,3.65,3.68,4600
304,3.6592,3.668,3.6,3.668,5845
305,3.66,3.66,3.65,3.6538,1900
306,3.6401,3.661,3.6401,3.6501,410
307,3.6552,3.67,3.6401,3.66,11250
308,3.6789,3.68,3.64,3.65,5740
309,3.66,3.67,3.65,3.6689,1097
310,3.67,3.67,3.65,3.6596,1950
311,3.6537,3.67,3.6537,3.67,2400
312,3.6752,3.6789,3.61,3.66,35462
313,3.7,3.7,3.6668,3.6889,15580
314,3.7192,3.72,3.6901,3.7,44758
315,3.7,3.72,3.6801,3.7,12600
316,3.72,3.72,3.6876,3.6876,2679
317,3.72,3.72,3.7048,3.72,3780
318,3.7,3.71,3.65,3.7,15788
319,3.7,3.7,3.67,3.6989,7300
320,3.69,3.7,3.68,3.6801,2300
321,3.7199,3.72,3.69,3.69,9162
322,3.72,3.72,3.7,3.71,10200
323,3.72,3.72,3.7,3.71,3431
324,3.7,3.7179,3.68,3.7179,17100
325,3.71,3.71,3.69,3.7,2585
326,3.68,3.71,3.68,3.705,15500
327,3.6101,3.66,3.6,3.65,19666
432,3.5,3.5,3.5,3.5,8666
433,3.64,3.64,3.47,3.47,10818
434,3.61,3.61,3.541,3.59,5300
435,3.61,3.61,3.57,3.571,6800
436,3.5701,3.62,3.5701,3.5953,6120
437,3.57,3.6,3.57,3.582,400
438,3.52,3.6,3.511,3.5761,8558
439,3.59,3.59,3.51,3.51,5888
440,3.6608,3.77,3.61,3.62,194164
441,3.59,3.668,3.53,3.65,81383
442,3.5364,3.63,3.52,3.59,27779
443,3.58,3.58,3.54,3.5436,5950
444,3.5601,3.59,3.54,3.57,11090
445,3.51,3.59,3.5,3.561,32459
446,3.51,3.55,3.51,3.5237,3347
447,3.51,3.53,3.5,3.52,1656
448,3.55,3.55,3.5,3.501,8700
449,3.55,3.55,3.55,3.55,100
450,3.51,3.55,3.5,3.55,2400
451,3.48,3.54,3.48,3.5,26000
452,3.48,3.52,3.46,3.4858,10410
453,3.48,3.5,3.43,3.5,32680
454,3.47,3.47,3.414,3.441,9702
455,3.478,3.49,3.42,3.4339,4758
456,3.42,3.49,3.42,3.46,9883
457,3.43,3.45,3.42,3.45,5047
458,3.46,3.46,3.4,3.41,1300
459,3.44,3.44,3.434,3.434,1740
460,3.4414,3.45,3.42,3.42,1000
461,3.4218,3.47,3.42,3.47,3390
462,3.43,3.46,3.43,3.43,900
463,3.47,3.47,3.42,3.43,11135
465,3.4535,3.4535,3.4535,3.4535,200
466,3.47,3.47,3.45,3.46,2998
467,3.48,3.48,3.45,3.46,2800
468,3.4501,3.4501,3.45,3.45,1900
469,3.4638,3.47,3.4638,3.47,900
470,3.5,3.527,3.4601,3.47,11588
471,3.53,3.55,3.45,3.54,23356
864,3.74,3.74,3.74,3.74,1390
865,3.6,3.7436,3.56,3.7397,8524
866,3.5678,3.64,3.5678,3.63,1850
867,3.56,3.64,3.55,3.5501,5178
868,3.6386,3.64,3.56,3.56,5621
869,3.595,3.639,3.58,3.6274,9132
870,3.575,3.575,3.55,3.563,3200
871,3.6,3.61,3.55,3.5503,14340
872,3.616,3.6193,3.42,3.57,37853
873,3.565,3.61,3.43,3.581,8050
874,3.5499,3.56,3.5101,3.52,6000
875,3.5861,3.5861,3.5861,3.5861,1500
876,3.56,3.56,3.56,3.56,1137
877,3.59,3.59,3.55,3.56,4263
878,3.57,3.5773,3.57,3.5773,1300
879,3.5788,3.5788,3.5788,3.5788,500
880,3.59,3.59,3.5747,3.5768,2300
881,3.5771,3.59,3.5636,3.5636,2200
882,3.58,3.58,3.57,3.58,4650
883,3.62,3.62,3.57,3.57,1914
884,3.5953,3.5953,3.5953,3.5953,100
885,3.57,3.62,3.57,3.62,1200
887,3.55,3.55,3.54,3.5401,2740
888,3.6,3.6,3.55,3.55,1924
889,3.6,3.6,3.5501,3.57,2860
890,3.6068,3.62,3.5801,3.5801,7400
891,3.64,3.64,3.6,3.6,6768
892,3.64,3.64,3.63,3.63,1600
893,3.63,3.63,3.551,3.63,2700
894,3.65,3.72,3.6184,3.622,21996
895,3.6,3.67,3.6,3.65,900
896,3.65,3.65,3.61,3.61,400
897,3.62,3.6299,3.5801,3.62,2100
898,3.6,3.6,3.54,3.6,4150
899,3.58,3.6,3.58,3.6,700
900,3.59,3.6,3.58,3.58,1323
901,3.56,3.6,3.56,3.6,4075
902,3.5701,3.6,3.57,3.59,3522
903,3.6,3.6,3.56,3.58,8824
a1493731800,3.6,3.6,3.56,3.56,1084
1,3.5528,3.6,3.5528,3.59,1745
2,3.5401,3.59,3.54,3.5504,8357
3,3.51,3.5442,3.5,3.54,16134
4,3.6,3.6,3.4948,3.5,24652
5,3.6,3.6,3.5501,3.6,3438
6,3.59,3.6,3.59,3.6,1450
7,3.5754,3.6,3.5754,3.59,1850
8,3.5665,3.57,3.5665,3.57,490
9,3.55,3.55,3.55,3.55,530
10,3.521,3.55,3.521,3.5429,8301
11,3.5305,3.5436,3.5001,3.52,5996
12,3.52,3.535,3.52,3.5201,525
13,3.5378,3.55,3.5378,3.55,1043
14,3.53,3.55,3.53,3.5454,1565
15,3.6,3.6,3.55,3.55,647
16,3.6,3.6,3.5701,3.5755,1000
17,3.58,3.59,3.5616,3.57,550
18,3.58,3.58,3.5622,3.5622,500
19,3.5317,3.5645,3.52,3.5645,6224
20,3.58,3.58,3.535,3.535,550
21,3.57,3.57,3.52,3.5508,1200
22,3.556,3.556,3.52,3.53,1256
23,3.53,3.56,3.53,3.53,1500
24,3.5201,3.56,3.5201,3.5271,1177
25,3.56,3.56,3.52,3.52,500
26,3.58,3.58,3.56,3.56,1100
27,3.58,3.58,3.5548,3.5548,1600
28,3.5958,3.6,3.59,3.6,7250
29,3.56,3.56,3.5501,3.5503,3400
30,3.56,3.56,3.54,3.54,629
31,3.52,3.54,3.52,3.54,6900
32,3.55,3.55,3.52,3.52,510
33,3.52,3.5239,3.52,3.52,950
34,3.36,3.5326,3.25,3.532,64346
35,3.39,3.4,3.36,3.3751,7900
36,3.38,3.42,3.35,3.37,7823
37,3.4,3.4,3.38,3.38,2895
38,3.47,3.48,3.35,3.4,4115
39,3.33,3.46,3.33,3.43,13565
144,3.31,3.31,3.31,3.31,1419
145,3.2401,3.36,3.22,3.36,14252
146,3.2371,3.262,3.221,3.262,39328
147,3.25,3.25,3.2376,3.25,9397
148,3.235,3.235,3.22,3.2259,2085
149,3.24,3.24,3.22,3.22,3850
150,3.25,3.25,3.22,3.22,7704
151,3.2301,3.25,3.23,3.23,7776
152,3.24,3.24,3.23,3.23,600
153,3.25,3.25,3.2207,3.25,7082
154,3.242,3.2499,3.242,3.2499,2100
155,3.1901,3.25,3.18,3.25,22648
156,3.1247,3.1996,3.12,3.1996,75035
157,3.13,3.16,3.1,3.1364,14864
158,3.1301,3.16,3.13,3.13,4205
159,3.15,3.1616,3.12,3.1301,7460
160,3.14,3.14,3.12,3.12,660
161,3.12,3.14,3.12,3.1299,3590
162,3.05,3.12,3.01,3.12,49955
163,2.86,3.07,2.85,3.07,47567
164,2.8972,2.9,2.86,2.87,32087
165,2.9999,3.0004,2.92,2.92,14120
166,2.9503,2.98,2.941,2.9645,14898
167,3.0186,3.04,2.9501,2.9501,16370
168,3.04,3.04,3.01,3.04,3100
169,3.0422,3.05,3.0286,3.0286,2900
170,3.07,3.09,3.01,3.08,4195
171,3.06,3.08,3.05,3.07,1917
172,3.07,3.07,3.01,3.06,6200
173,3.0316,3.07,3.03,3.06,3168
174,3.07,3.07,3.0636,3.0672,900
175,3.07,3.07,3.05,3.0652,3550
176,3.08,3.08,3.0501,3.06,6600
177,3.0501,3.0686,3.0501,3.0686,700
178,3.08,3.08,3.0561,3.06,2200
179,3.07,3.08,3.0501,3.08,2145
180,3.08,3.08,3.07,3.07,4900
181,3.06,3.08,3.06,3.08,1300
182,3.01,3.07,3.01,3.06,8174
183,3.07,3.07,2.98,3.02,9824
288,3.09,3.09,3.09,3.09,490
289,3.0645,3.09,3.03,3.07,888
290,3.09,3.09,3.0408,3.07,1188
291,3.0174,3.079,3.0174,3.0596,1350
292,3.0844,3.0844,3.08,3.08,1100
293,3.0488,3.08,3.0488,3.08,3500
294,3.05,3.08,3.0401,3.07,4550
295,3.08,3.08,3.06,3.08,10764
296,2.9595,3.06,2.87,3.06,24983
297,3,3,2.96,2.97,3400
298,3.0272,3.04,3.005,3.005,5200
299,3.04,3.04,3.022,3.022,500
300,3.07,3.07,3.06,3.06,200
301,3.08,3.08,3.03,3.03,1922
302,3.0248,3.09,3.0248,3.0798,3925
303,3.04,3.05,3.02,3.05,1610
304,3.04,3.05,3.025,3.05,1300
305,2.9991,3.05,2.9991,3.04,3300
306,3.046,3.05,3.03,3.03,3100
307,3.06,3.08,3.06,3.06,600
308,3.08,3.09,3.06,3.09,3392
309,3.0866,3.1,3.08,3.09,2890
310,3.09,3.09,3.07,3.07,400
311,3.1,3.1,3.09,3.09,300
312,3.0701,3.1,3.0701,3.1,2770
313,3.1,3.1,3.09,3.09,1200
314,3.1,3.1,3.1,3.1,300
315,3.0893,3.1,3.0893,3.09,1600
316,3.13,3.13,3.09,3.1,2609
317,3.16,3.17,3.13,3.13,25299
318,3.1,3.16,3.1,3.15,6312
319,3.1,3.1,3.08,3.08,2783
320,3.07,3.07,3.065,3.065,300
321,3.1,3.1,3.065,3.07,1400
322,3.076,3.11,3.076,3.11,786
323,3.1,3.1,3.0701,3.0701,1620
324,3.06,3.09,3.0542,3.08,950
325,3.0779,3.08,3.06,3.08,900
326,3.08,3.08,3.06,3.07,800
327,3.03,3.07,3.03,3.06,8101
432,3.01,3.01,3.01,3.01,2458
433,2.9886,2.99,2.9501,2.99,1000
434,3.04,3.16,3.0301,3.16,736
435,3.109,3.12,3.06,3.08,9550
436,3.13,3.137,3.0948,3.1002,7440
437,3.12,3.125,3.11,3.12,2700
438,3.12,3.13,3.12,3.13,3400
439,3.113,3.14,3.11,3.13,5200
440,3.14,3.14,3.11,3.12,5197
441,3.1,3.115,3.1,3.11,1400
442,3.06,3.08,3.06,3.08,3150
443,3.09,3.09,3.09,3.09,100
444,3.075,3.09,3.075,3.09,600
445,3.12,3.12,3.05,3.0531,3400
446,3.09,3.1168,3.09,3.1168,1080
447,3.12,3.12,3.07,3.07,640
448,3.0901,3.1,3.07,3.0901,2430
449,3.065,3.0881,3.05,3.0881,4440
450,3.06,3.07,3.06,3.07,400
451,3.11,3.11,3.05,3.08,2000
452,3.09,3.1,3.05,3.1,1000
453,3.11,3.11,3.09,3.09,1100
454,3.12,3.12,3.1,3.1,300
455,3.1,3.11,3.09,3.11,2700
456,3.13,3.13,3.1,3.1,1000
457,3.12,3.12,3.1,3.1,300
458,3.1102,3.13,3.1102,3.12,900
459,3.14,3.14,3.11,3.13,600
460,3.14,3.14,3.11,3.11,280
461,3.11,3.14,3.11,3.13,3450
462,3.12,3.12,3.12,3.12,400
463,3.0974,3.0974,3.0974,3.0974,100
464,3.11,3.11,3.08,3.08,2000
465,3.11,3.11,3.1002,3.1002,250
466,3.1043,3.12,3.1,3.12,2800
467,3.1,3.12,3.1,3.11,2100
468,3.1178,3.12,3.1,3.1,1800
469,3.09,3.095,3.09,3.095,3752
470,3.1,3.1,3.09,3.095,5200
471,3.09,3.1,3.08,3.09,9453
865,2.94,3.01,2.85,2.85,38560
866,2.95,2.96,2.93,2.9399,6258
867,3.01,3.01,2.97,2.97,1430
868,3.02,3.036,3.01,3.036,3463
869,3.015,3.03,3.015,3.03,2100
870,2.99,3.02,2.99,3.0001,5362
871,2.9752,2.9844,2.94,2.9844,6900
872,2.98,3.01,2.97,2.98,600
873,3.01,3.01,2.98,3.0045,1100
874,2.98,2.98,2.97,2.98,2600
875,3.0099,3.01,2.97,2.97,900
876,3.02,3.02,3.02,3.02,100
877,2.97,3,2.97,3,300
878,2.97,2.97,2.97,2.97,1500
879,2.97,2.97,2.9667,2.97,1600
880,2.96,2.97,2.96,2.97,1150
881,2.96,2.965,2.96,2.965,910
882,2.95,2.96,2.95,2.96,1100
883,2.97,2.97,2.954,2.955,1940
884,2.96,2.9666,2.96,2.96,862
885,2.94,2.96,2.9393,2.95,5106
886,2.91,2.94,2.91,2.93,3500
887,2.9,2.91,2.89,2.91,2100
888,2.91,2.91,2.905,2.905,300
889,2.906,2.92,2.905,2.92,1640
890,2.9152,2.9152,2.9,2.902,2131
891,2.91,2.91,2.91,2.91,100
892,2.94,2.94,2.9,2.9016,1500
893,2.93,2.93,2.9125,2.93,1035
894,2.93,2.94,2.93,2.93,1823
895,2.92,2.94,2.915,2.94,10300
896,2.93,2.93,2.929,2.929,200
897,2.93,2.93,2.91,2.91,1625
898,2.88,2.94,2.88,2.94,10860
899,2.88,2.9,2.88,2.9,1300
900,2.89,2.89,2.87,2.885,4600
901,2.87,2.88,2.87,2.88,2450
902,2.88,2.88,2.79,2.87,18017
903,2.87,2.88,2.8414,2.87,18810
a1494336600,2.8,2.8,2.8,2.8,6690
1,2.811,2.84,2.81,2.81,5600
2,2.83,2.83,2.8118,2.812,1911
3,2.88,2.89,2.825,2.825,3500
4,2.89,2.9,2.8401,2.86,11760
5,2.93,2.99,2.885,2.89,3150
6,2.9,2.91,2.9,2.9001,2949
7,2.87,2.9,2.87,2.9,7025
8,2.91,2.91,2.9,2.9,200
9,2.9193,2.9193,2.91,2.91,300
10,2.9,2.91,2.89,2.91,1520
11,2.9,2.92,2.9,2.92,1753
12,2.89,2.9044,2.89,2.9,2000
13,2.92,2.92,2.92,2.92,100
15,2.9,2.9,2.9,2.9,400
16,2.92,2.92,2.9,2.9,2600
17,2.93,2.93,2.93,2.93,100
18,2.93,2.95,2.93,2.93,1350
19,2.94,2.9497,2.93,2.93,5138
20,2.9842,2.9842,2.9343,2.95,13629
21,3.13,3.13,2.9101,2.9831,31482
22,3.05,3.1489,3.01,3.13,28275
23,3,3.02,2.92,3.02,17983
24,2.99,2.99,2.94,2.99,4200
25,2.98,2.98,2.96,2.96,300
26,3,3,2.97,2.99,5700
27,2.9929,3,2.96,3,2300
28,2.962,3,2.96,3,6482
29,2.99,2.99,2.96,2.9602,3000
30,2.98,2.98,2.97,2.97,1200
31,2.96,2.98,2.96,2.98,2100
32,2.97,2.97,2.96,2.965,400
33,2.98,2.98,2.97,2.97,1500
34,3,3,2.98,2.98,500
35,2.94,2.9825,2.9012,2.9825,4811
36,2.96,2.97,2.9,2.9,1100
37,2.98,2.98,2.95,2.97,4255
38,2.995,3.01,2.94,2.99,20892
39,3.01,3.01,2.96,2.99,12672
144,3,3,3,3,1534
145,3.02,3.1,2.99,3,7441
146,2.97,2.98,2.96,2.9798,2980
147,2.96,2.97,2.96,2.97,1900
148,2.97,2.97,2.8892,2.9547,7780
149,2.97,2.97,2.93,2.96,1900
150,2.9801,3,2.98,2.99,1000
151,2.99,2.99,2.98,2.98,2200
152,2.99,3.006,2.99,3.006,2980
153,2.98,3,2.98,2.99,4608
154,2.98,2.99,2.98,2.99,300
155,2.97,2.98,2.97,2.98,1600
156,2.97,2.97,2.95,2.97,1100
157,2.97,2.97,2.95,2.96,2000
158,2.95,2.95,2.95,2.95,900
159,2.96,2.97,2.92,2.95,2110
160,2.9537,2.97,2.95,2.97,3135
161,2.98,2.99,2.9542,2.9542,1450
162,2.95,2.99,2.94,2.99,800
163,2.96,2.96,2.96,2.96,300
164,2.94,2.97,2.94,2.94,1200
165,2.94,2.9434,2.94,2.9434,600
166,2.97,2.97,2.97,2.97,700
167,2.97,2.97,2.97,2.97,400
168,2.98,2.98,2.9699,2.97,1900
169,2.99,2.99,2.97,2.97,200
170,3.089,3.09,2.9856,3,17966
171,3.25,3.25,3.0663,3.09,169213
172,3.17,3.3,3.16,3.25,117158
173,3.2243,3.2243,3.15,3.166,18054
174,3.2199,3.24,3.19,3.2271,26012
175,3.23,3.24,3.2,3.22,17248
176,3.25,3.28,3.2,3.225,29322
177,3.23,3.25,3.21,3.25,10650
178,3.23,3.25,3.23,3.2384,8234
179,3.27,3.27,3.2,3.23,23711
180,3.32,3.37,3.2699,3.27,94234
181,3.35,3.43,3.34,3.34,59397
182,3.3699,3.41,3.35,3.35,22495
183,3.36,3.4,3.3101,3.37,66542
288,3.08,3.08,3.08,3.08,7206
289,3.3,3.3,3.08,3.13,24438
290,3.255,3.29,3.25,3.284,10139
291,3.32,3.35,3.2852,3.2852,21031
292,3.2836,3.34,3.1827,3.34,18836
293,3.3,3.3,3.245,3.2703,14850
294,3.2501,3.29,3.25,3.2814,8365
295,3.2641,3.2641,3.2641,3.2641,500
296,3.2388,3.25,3.23,3.2416,4780
297,3.2502,3.2502,3.23,3.25,4000
298,3.28,3.28,3.25,3.27,7507
299,3.2519,3.2606,3.25,3.2606,1546
300,3.32,3.32,3.27,3.31,2400
301,3.2501,3.26,3.25,3.26,3800
302,3.24,3.3,3.24,3.2646,2525
303,3.248,3.2533,3.23,3.25,5689
304,3.24,3.29,3.24,3.29,1600
305,3.2474,3.25,3.2001,3.2101,830
306,3.261,3.31,3.261,3.31,3600
307,3.31,3.31,3.2201,3.308,400
308,3.26,3.29,3.26,3.29,1100
310,3.27,3.3,3.27,3.29,600
311,3.25,3.25,3.25,3.25,100
312,3.24,3.26,3.2383,3.2383,1800
313,3.26,3.26,3.2,3.2384,5400
314,3.25,3.25,3.24,3.24,300
315,3.25,3.28,3.24,3.28,1100
316,3.24,3.25,3.23,3.24,4600
317,3.28,3.28,3.2401,3.2575,1040
318,3.2464,3.2464,3.2464,3.2464,1600
319,3.25,3.29,3.25,3.28,2788
320,3.27,3.27,3.25,3.25,1000
321,3.25,3.2578,3.25,3.25,3168
322,3.24,3.29,3.2101,3.29,1050
323,3.235,3.25,3.235,3.24,700
324,3.19,3.235,3.17,3.235,25030
325,3.21,3.21,3.18,3.19,8376
326,3.2,3.22,3.18,3.22,7492
327,3.16,3.22,3.16,3.195,27653
432,3.19,3.19,3.19,3.19,1183
433,3.32,3.38,3.1906,3.24,6246
434,3.26,3.33,3.22,3.33,1526
435,3.31,3.319,3.28,3.28,8250
436,3.315,3.41,3.3,3.3,10711
437,3.36,3.36,3.31,3.34,1410
438,3.39,3.42,3.35,3.414,11407
439,3.37,3.399,3.3401,3.36,5709
440,3.3841,3.42,3.3601,3.38,20188
441,3.56,3.6,3.39,3.4,154076
442,3.54,3.58,3.47,3.54,42093
443,3.5301,3.6,3.53,3.5448,24878
444,3.5,3.58,3.45,3.545,38830
445,3.465,3.5198,3.46,3.5026,14800
446,3.48,3.48,3.47,3.47,4050
447,3.46,3.48,3.44,3.4799,11283
448,3.506,3.58,3.46,3.46,27443
449,3.514,3.5299,3.48,3.51,2270
450,3.48,3.5255,3.47,3.5153,1900
451,3.48,3.5,3.47,3.48,2600
452,3.48,3.49,3.47,3.49,6507
453,3.4,3.5,3.4,3.48,18527
454,3.41,3.44,3.4,3.4024,2500
455,3.41,3.44,3.41,3.4162,2000
456,3.45,3.46,3.41,3.411,3175
457,3.4228,3.48,3.4228,3.46,8072
458,3.41,3.4455,3.41,3.42,3760
459,3.41,3.44,3.4,3.4,3619
460,3.41,3.42,3.41,3.4101,5100
461,3.418,3.43,3.4,3.4,600
462,3.42,3.42,3.4,3.41,2700
463,3.41,3.42,3.41,3.41,1000
464,3.43,3.43,3.41,3.42,2200
465,3.4,3.42,3.4,3.41,800
466,3.42,3.42,3.41,3.41,1425
467,3.4799,3.4899,3.4282,3.43,6917
468,3.45,3.46,3.44,3.44,4200
469,3.5,3.5,3.42,3.44,7100
470,3.54,3.57,3.4981,3.5,20009
471,3.47,3.54,3.47,3.54,30996
864,3.44,3.44,3.44,3.44,4663
865,3.451,3.4628,3.31,3.45,9827
866,3.42,3.44,3.35,3.42,3450
867,3.42,3.429,3.3801,3.3801,2996
868,3.42,3.42,3.39,3.393,2672
869,3.4197,3.42,3.3901,3.3901,1200
870,3.54,3.54,3.405,3.405,5100
871,3.48,3.53,3.46,3.53,3900
872,3.5,3.5,3.48,3.48,300
873,3.43,3.62,3.43,3.56,23541
874,3.48,3.48,3.4,3.42,6276
875,3.5,3.55,3.5,3.55,600
876,3.4044,3.48,3.4044,3.48,1250
877,3.4578,3.4578,3.4281,3.45,2360
878,3.46,3.46,3.42,3.42,1215
879,3.44,3.44,3.42,3.42,400
880,3.4228,3.45,3.42,3.4499,13030
881,3.4,3.47,3.4,3.47,700
883,3.31,3.351,3.3,3.351,6173
884,3.35,3.4,3.35,3.36,3000
887,3.3818,3.4,3.3818,3.4,1200
888,3.39,3.39,3.39,3.39,100
889,3.4,3.41,3.36,3.36,1099
890,3.388,3.4,3.388,3.4,248
891,3.43,3.43,3.39,3.39,960
892,3.43,3.48,3.43,3.43,1400
893,3.43,3.43,3.43,3.43,459
894,3.44,3.44,3.43,3.43,220
895,3.38,3.44,3.38,3.44,400
896,3.41,3.44,3.41,3.44,400
897,3.47,3.47,3.37,3.38,4045
898,3.48,3.502,3.44,3.48,917
899,3.4272,3.46,3.42,3.46,4000
900,3.43,3.44,3.43,3.43,500
901,3.4,3.45,3.36,3.45,9550
902,3.4,3.4065,3.39,3.39,3987
903,3.39,3.41,3.38,3.41,3316
a1494941400,3.32,3.32,3.32,3.32,1234
1,3.2752,3.3101,3.2701,3.3101,10797
2,3.32,3.32,3.23,3.2501,9268
3,3.38,3.38,3.32,3.35,3317
4,3.36,3.36,3.33,3.36,1300
5,3.39,3.39,3.3101,3.3101,3945
6,3.35,3.35,3.35,3.35,100
7,3.3461,3.3461,3.34,3.34,1000
8,3.37,3.37,3.36,3.36,400
9,3.3758,3.3758,3.3758,3.3758,580
10,3.46,3.46,3.45,3.45,200
11,3.42,3.44,3.42,3.44,700
12,3.45,3.4603,3.38,3.44,9525
13,3.36,3.36,3.36,3.36,100
14,3.372,3.372,3.35,3.3601,500
15,3.37,3.37,3.37,3.37,100
16,3.3855,3.4,3.3855,3.4,290
17,3.38,3.38,3.38,3.38,100
18,3.39,3.42,3.37,3.42,3800
19,3.4,3.4,3.3899,3.39,6200
20,3.37,3.4,3.37,3.4,200
21,3.38,3.38,3.37,3.37,518
22,3.38,3.38,3.38,3.38,100
23,3.36,3.36,3.36,3.36,100
24,3.3536,3.38,3.35,3.38,500
25,3.38,3.38,3.36,3.36,200
26,3.37,3.37,3.34,3.359,2936
27,3.32,3.32,3.32,3.32,100
28,3.33,3.33,3.33,3.33,1000
29,3.38,3.38,3.31,3.32,700
30,3.38,3.42,3.36,3.37,500
31,3.39,3.39,3.39,3.39,200
32,3.33,3.37,3.321,3.321,2064
33,3.32,3.37,3.32,3.37,450
34,3.38,3.38,3.34,3.34,2500
35,3.4,3.4,3.37,3.37,1200
36,3.39,3.41,3.39,3.4,1000
37,3.41,3.41,3.41,3.41,100
38,3.37,3.41,3.37,3.41,400
39,3.42,3.42,3.4,3.42,1877
144,3.37,3.37,3.37,3.37,429
145,3.55,3.64,3.43,3.51,3648
146,3.49,3.6338,3.43,3.5586,13150
147,3.48,3.5,3.44,3.49,6722
148,3.41,3.48,3.29,3.48,14292
149,3.48,3.48,3.45,3.45,3100
150,3.42,3.42,3.4,3.4001,2200
151,3.47,3.47,3.41,3.42,3020
152,3.44,3.47,3.4,3.47,1100
153,3.45,3.45,3.4062,3.44,3294
154,3.44,3.44,3.4366,3.44,1000
155,3.48,3.48,3.44,3.44,4369
156,3.48,3.49,3.48,3.49,1635
157,3.51,3.54,3.48,3.48,9044
158,3.52,3.52,3.51,3.51,10790
159,3.52,3.6,3.514,3.54,11192
160,3.57,3.57,3.465,3.535,2992
161,3.59,3.59,3.545,3.59,400
162,3.57,3.58,3.57,3.58,600
163,3.54,3.57,3.537,3.57,3525
164,3.51,3.52,3.51,3.52,600
165,3.5,3.52,3.5,3.51,1535
166,3.51,3.52,3.5,3.5,1300
167,3.4229,3.52,3.41,3.5,1300
168,3.51,3.51,3.51,3.51,300
169,3.51,3.51,3.49,3.51,600
170,3.5,3.51,3.5,3.51,450
171,3.54,3.54,3.51,3.53,2510
172,3.53,3.56,3.53,3.54,1658
173,3.52,3.56,3.52,3.56,6022
174,3.52,3.55,3.52,3.55,1100
175,3.53,3.55,3.52,3.52,1400
176,3.53,3.54,3.53,3.54,200
177,3.54,3.58,3.52,3.52,4954
179,3.54,3.54,3.536,3.536,2100
180,3.55,3.56,3.55,3.55,900
181,3.53,3.53,3.5,3.53,2238
182,3.49,3.52,3.49,3.51,6834
183,3.52,3.59,3.44,3.49,16304
288,3.39,3.39,3.39,3.39,4000
289,3.5,3.6147,3.39,3.48,7817
290,3.49,3.49,3.49,3.49,400
292,3.49,3.49,3.46,3.46,2700
293,3.454,3.47,3.44,3.4653,844
294,3.45,3.45,3.45,3.45,300
295,3.44,3.44,3.44,3.44,300
296,3.5079,3.5079,3.4535,3.4535,1727
298,3.45,3.4951,3.45,3.4951,3699
299,3.5,3.5,3.47,3.47,200
300,3.43,3.45,3.43,3.45,580
301,3.38,3.433,3.38,3.43,6162
302,3.42,3.42,3.38,3.3801,1620
303,3.4207,3.43,3.4207,3.43,270
304,3.4,3.4038,3.4,3.4038,5200
305,3.436,3.48,3.436,3.48,600
306,3.44,3.44,3.44,3.44,100
307,3.415,3.415,3.415,3.415,700
308,3.445,3.48,3.39,3.39,1720
309,3.43,3.45,3.425,3.45,1600
310,3.4175,3.4175,3.4175,3.4175,100
311,3.4,3.44,3.4,3.44,4400
312,3.3901,3.3901,3.39,3.39,1664
313,3.41,3.41,3.41,3.41,200
315,3.4,3.4,3.387,3.396,4141
316,3.4,3.4,3.4,3.4,100
317,3.4,3.41,3.4,3.41,300
319,3.38,3.4,3.38,3.4,2700
320,3.3284,3.385,3.32,3.385,14645
321,3.3101,3.33,3.31,3.32,15052
322,3.3257,3.36,3.32,3.32,1730
323,3.35,3.35,3.32,3.35,6335
324,3.33,3.35,3.33,3.35,1500
325,3.3,3.35,3.272,3.35,14495
326,3.29,3.29,3.28,3.28,3500
327,3.35,3.379,3.29,3.29,2500
432,3.3,3.3,3.3,3.3,2505
433,3.39,3.51,3.35,3.35,5100
434,3.45,3.49,3.39,3.39,4736
435,3.3901,3.45,3.3503,3.45,10640
436,3.38,3.419,3.29,3.39,12601
437,3.42,3.429,3.36,3.41,1800
438,3.39,3.43,3.38,3.43,1900
439,3.39,3.41,3.37,3.38,1705
440,3.389,3.41,3.38,3.41,2250
441,3.43,3.43,3.41,3.41,800
442,3.45,3.45,3.4136,3.43,4550
443,3.51,3.53,3.44,3.45,14790
444,3.44,3.52,3.3634,3.52,6542
445,3.46,3.48,3.44,3.46,3189
446,3.4034,3.4234,3.4034,3.42,1200
447,3.43,3.43,3.42,3.43,1900
448,3.47,3.47,3.43,3.43,1100
449,3.49,3.49,3.47,3.47,1400
450,3.48,3.49,3.48,3.49,3600
451,3.402,3.49,3.402,3.48,1500
452,3.49,3.49,3.45,3.45,4780
453,3.46,3.47,3.46,3.47,1200
454,3.47,3.47,3.46,3.46,600
455,3.47,3.49,3.47,3.48,900
456,3.48,3.48,3.47,3.47,700
457,3.48,3.48,3.47,3.47,1000
458,3.47,3.47,3.45,3.47,3000
459,3.47,3.48,3.47,3.47,640
460,3.47,3.49,3.47,3.48,1360
461,3.49,3.49,3.46,3.47,2900
462,3.48,3.49,3.44,3.49,2200
463,3.47,3.48,3.42,3.48,1900
464,3.48,3.49,3.47,3.47,5300
465,3.49,3.49,3.46,3.49,3400
466,3.42,3.49,3.42,3.48,1200
467,3.44,3.44,3.44,3.44,100
469,3.44,3.44,3.41,3.41,656
470,3.44,3.44,3.42,3.42,300
471,3.43,3.43,3.39,3.43,7307
864,3.41,3.41,3.41,3.41,247
865,3.39,3.46,3.3884,3.46,8900
866,3.58,3.6,3.4533,3.4533,8830
867,3.49,3.5555,3.49,3.5,3190
868,3.49,3.508,3.4345,3.508,700
871,3.529,3.529,3.529,3.529,100
873,3.53,3.54,3.53,3.54,200
874,3.5,3.51,3.5,3.5,1700
875,3.5,3.5,3.47,3.482,2288
876,3.48,3.48,3.48,3.48,300
878,3.48,3.48,3.48,3.48,600
879,3.49,3.49,3.468,3.48,460
880,3.54,3.54,3.4999,3.4999,1830
881,3.5,3.5497,3.5,3.52,1496
882,3.4562,3.5,3.4562,3.5,1900
883,3.4601,3.4601,3.4601,3.4601,126
884,3.5,3.5428,3.47,3.485,1900
886,3.4757,3.4757,3.46,3.46,610
890,3.5,3.5,3.4978,3.4978,300
892,3.5,3.5,3.4847,3.4847,285
893,3.54,3.54,3.54,3.54,100
895,3.54,3.54,3.52,3.54,1000
897,3.52,3.54,3.52,3.54,2010
898,3.52,3.52,3.52,3.52,800
899,3.51,3.53,3.5,3.53,4820
900,3.52,3.52,3.52,3.52,120
901,3.51,3.51,3.5,3.5,748
903,3.55,3.55,3.52,3.52,4038
a1495546200,3.53,3.53,3.53,3.53,224
1,3.55,3.55,3.4101,3.54,500
2,3.5489,3.549,3.54,3.549,600
3,3.49,3.5,3.42,3.43,3500
4,3.4947,3.5348,3.4947,3.5,1700
5,3.51,3.51,3.49,3.49,300
6,3.49,3.49,3.49,3.49,300
7,3.49,3.49,3.48,3.48,200
8,3.48,3.48,3.43,3.43,4200
9,3.42,3.46,3.42,3.44,5525
10,3.4699,3.47,3.46,3.46,2250
11,3.47,3.48,3.45,3.4526,1300
12,3.47,3.47,3.4401,3.4401,800
13,3.48,3.48,3.467,3.467,440
14,3.5102,3.5102,3.4784,3.4784,3000
15,3.5,3.5,3.47,3.47,750
16,3.52,3.52,3.5047,3.51,6300
18,3.51,3.52,3.51,3.52,1200
19,3.495,3.495,3.49,3.49,200
20,3.5,3.52,3.5,3.52,200
21,3.51,3.51,3.5,3.5,600
22,3.4845,3.52,3.4845,3.52,200
23,3.48,3.48,3.48,3.48,100
24,3.5,3.5,3.5,3.5,100
25,3.48,3.48,3.48,3.48,1000
26,3.5,3.5,3.49,3.49,200
27,3.49,3.49,3.49,3.49,315
28,3.4711,3.48,3.4711,3.48,272
29,3.4946,3.4946,3.4946,3.4946,4000
30,3.49,3.49,3.49,3.49,100
31,3.53,3.53,3.47,3.47,4200
33,3.54,3.54,3.5273,3.5273,2000
34,3.8198,3.865,3.55,3.55,75678
35,3.86,3.89,3.75,3.8,59691
36,3.9881,4,3.8,3.87,96734
37,4.1,4.36,3.97,4,210712
38,4.1601,4.2499,4.08,4.1,83420
39,4.1399,4.2,4.04,4.1808,149468
144,4.07,4.07,4.07,4.07,8223
145,3.9,4.11,3.87,4.06,63581
146,3.92,4.0768,3.9,3.9,44376
147,3.79,3.97,3.73,3.91,38541
148,3.8655,3.87,3.7901,3.81,15954
149,3.89,3.98,3.86,3.9,3610
150,3.92,3.93,3.8894,3.93,6057
151,4.0396,4.05,3.93,3.93,24368
152,3.95,4.05,3.91,4.02,8742
153,4.0399,4.04,3.95,3.95,15730
154,3.95,4.02,3.95,4.02,1100
155,3.98,3.98,3.86,3.94,12379
156,3.93,3.93,3.91,3.92,600
157,3.8718,3.89,3.86,3.8801,11975
158,3.88,3.96,3.86,3.86,9030
159,3.88,3.89,3.85,3.86,3310
160,3.89,3.89,3.86,3.87,21600
161,3.86,3.865,3.85,3.865,729
162,3.83,3.89,3.83,3.8693,10877
163,3.75,3.85,3.75,3.8,8225
164,3.81,3.81,3.74,3.74,19670
165,3.8,3.86,3.8,3.85,6100
166,3.82,3.82,3.78,3.8,1450
167,3.8715,3.88,3.8,3.82,20560
168,3.85,3.88,3.85,3.875,4051
169,3.84,3.85,3.8,3.85,2600
170,3.8,3.81,3.8,3.8,1600
171,3.79,3.82,3.79,3.79,1600
172,3.83,3.84,3.8,3.82,2042
173,3.82,3.84,3.81,3.84,600
174,3.8,3.81,3.7815,3.81,5100
175,3.8,3.81,3.79,3.79,2300
176,3.7701,3.78,3.7701,3.78,300
177,3.78,3.81,3.78,3.7833,5197
178,3.76,3.81,3.76,3.7601,2625
179,3.8,3.81,3.75,3.77,5677
180,3.7514,3.81,3.75,3.81,3743
181,3.7747,3.8,3.75,3.77,9000
182,3.74,3.79,3.74,3.79,5150
183,3.75,3.7689,3.72,3.7401,25774
288,3.57,3.57,3.57,3.57,11119
289,3.58,3.5964,3.401,3.57,16026
290,3.6107,3.7,3.58,3.58,18676
291,3.6003,3.7399,3.6001,3.619,2300
292,3.655,3.68,3.59,3.67,11229
293,3.59,3.66,3.5758,3.66,2874
294,3.59,3.63,3.5603,3.5774,4000
295,3.64,3.65,3.56,3.56,3150
296,3.65,3.65,3.65,3.65,100
297,3.7401,3.7401,3.63,3.65,3555
298,3.75,3.75,3.74,3.74,2300
299,3.81,3.81,3.78,3.78,3000
300,3.8,3.8,3.7568,3.7827,2796
301,3.8,3.81,3.76,3.7937,2800
302,3.8,3.8,3.79,3.79,2045
303,3.7802,3.8,3.7501,3.79,1325
304,3.81,3.81,3.7999,3.8,9425
305,3.8203,3.8426,3.8,3.8362,4425
306,3.85,3.85,3.82,3.84,1326
307,3.8999,3.8999,3.84,3.85,11172
308,3.89,3.9,3.858,3.88,3300
309,3.8568,3.9,3.8568,3.8647,3050
310,3.87,3.88,3.85,3.8697,7082
311,3.77,3.88,3.741,3.87,9632
312,3.8075,3.87,3.78,3.78,700
313,3.8399,3.8399,3.78,3.79,3238
314,3.86,3.86,3.83,3.84,600
315,3.88,3.88,3.79,3.83,2650
316,3.8445,3.873,3.7519,3.8635,2400
317,3.79,3.81,3.78,3.81,5500
318,3.8,3.8,3.7967,3.7967,1340
319,3.7401,3.7699,3.7401,3.75,1479
320,3.7401,3.7401,3.7401,3.7401,450
322,3.7615,3.77,3.7615,3.77,300
323,3.7437,3.7437,3.7401,3.7401,300
324,3.75,3.75,3.7401,3.75,601
325,3.76,3.76,3.75,3.75,200
326,3.75,3.75,3.74,3.75,1272
327,3.81,3.87,3.741,3.741,11145
432,3.83,3.83,3.83,3.83,1815
433,3.621,3.87,3.611,3.87,7700
434,3.6601,3.6601,3.651,3.651,215
435,3.7814,3.7814,3.7814,3.7814,500
438,3.78,3.78,3.6801,3.6801,2020
440,3.66,3.86,3.66,3.69,4573
441,3.661,3.661,3.6601,3.6601,3160
442,3.6701,3.702,3.6701,3.6794,2749
443,3.69,3.69,3.6814,3.6814,400
444,3.75,3.75,3.75,3.75,100
445,3.75,3.75,3.75,3.75,200
446,3.77,3.77,3.77,3.77,100
447,3.66,3.67,3.66,3.67,950
448,3.69,3.76,3.66,3.76,500
449,3.671,3.671,3.671,3.671,100
450,3.78,3.78,3.76,3.76,200
451,3.76,3.76,3.76,3.76,200
452,3.72,3.72,3.71,3.71,200
453,3.72,3.72,3.72,3.72,100
454,3.65,3.67,3.65,3.67,7100
455,3.7606,3.7606,3.65,3.66,1173
456,3.651,3.651,3.651,3.651,100
457,3.74,3.74,3.66,3.68,500
459,3.74,3.74,3.74,3.74,100
461,3.68,3.68,3.67,3.68,2973
463,3.69,3.73,3.6899,3.72,2100
464,3.7,3.7,3.68,3.6846,5550
466,3.65,3.672,3.65,3.672,700
467,3.6858,3.6858,3.67,3.67,950
468,3.7,3.71,3.69,3.69,500
469,3.68,3.73,3.68,3.73,1300
470,3.6792,3.68,3.66,3.66,1410
471,3.72,3.7237,3.68,3.6844,8253
a1496151000,3.7,3.7,3.7,3.7,250
1,3.61,3.72,3.5901,3.7,2669
2,3.709,3.7199,3.709,3.7199,1200
3,3.6911,3.6911,3.6247,3.6247,220
5,3.6401,3.6401,3.6401,3.6401,870
6,3.66,3.66,3.63,3.65,3973
7,3.631,3.68,3.631,3.68,308
8,3.68,3.68,3.6737,3.6737,600
9,3.7712,3.7712,3.7712,3.7712,100
10,3.67,3.67,3.66,3.66,500
11,3.72,3.72,3.6401,3.6401,1419
13,3.69,3.69,3.69,3.69,200
14,3.67,3.71,3.67,3.71,1500
15,3.72,3.72,3.72,3.72,100
16,3.7,3.705,3.68,3.68,2800
17,3.72,3.72,3.72,3.72,100
18,3.69,3.69,3.69,3.69,100
19,3.69,3.7,3.67,3.7,6600
20,3.69,3.69,3.67,3.67,700
21,3.7,3.7,3.7,3.7,100
23,3.7,3.7,3.69,3.69,200
24,3.69,3.69,3.65,3.66,1786
29,3.66,3.66,3.66,3.66,600
30,3.66,3.66,3.66,3.66,100
31,3.66,3.66,3.66,3.66,200
33,3.66,3.66,3.66,3.66,200
35,3.662,3.67,3.66,3.66,1308
36,3.67,3.67,3.67,3.67,300
37,3.67,3.67,3.66,3.66,450
38,3.67,3.67,3.66,3.66,668
39,3.66,3.7,3.65,3.68,1820
144,3.67,3.67,3.67,3.67,189
145,3.75,3.83,3.7177,3.83,3300
146,3.8092,3.83,3.75,3.75,5802
147,3.8,3.8,3.77,3.8,4462
148,3.79,3.8,3.77,3.78,2324
149,3.775,3.79,3.75,3.79,4300
150,3.76,3.78,3.76,3.77,4417
151,3.79,3.79,3.754,3.754,1690
152,3.83,3.85,3.7857,3.8,4987
153,3.85,3.88,3.85,3.88,2500
154,3.87,3.88,3.87,3.87,2200
155,3.92,3.94,3.87,3.87,8145
156,3.9692,3.9692,3.92,3.94,6530
157,3.889,3.97,3.791,3.96,15743
158,3.88,3.9,3.84,3.86,2550
159,3.91,3.91,3.91,3.91,100
160,3.8859,3.92,3.87,3.89,2415
161,3.92,3.92,3.91,3.91,949
162,3.8801,3.9201,3.88,3.92,3200
163,3.94,3.94,3.9232,3.9232,400
164,3.94,3.94,3.939,3.94,500
165,3.93,3.94,3.88,3.94,1030
166,3.94,3.94,3.93,3.94,500
167,3.8803,3.93,3.8803,3.93,6400
168,3.8817,3.8817,3.8817,3.8817,1050
169,3.9,3.93,3.9,3.93,1535
170,3.91,3.91,3.85,3.88,1920
171,3.851,3.89,3.851,3.89,2000
172,3.9,3.9,3.87,3.87,3600
173,3.9,3.9,3.9,3.9,100
174,3.9,3.9,3.9,3.9,700
175,3.91,3.92,3.91,3.92,1000
176,3.94,3.94,3.926,3.9298,6595
177,4.038,4.1,3.9399,3.94,88118
178,4.14,4.24,4.0372,4.0372,76459
179,4.17,4.22,4.1221,4.1485,31289
180,4.1261,4.1899,4.11,4.18,29305
181,4.042,4.1528,4.02,4.1318,33386
182,4.03,4.04,4.03,4.03,1000
183,4.12,4.1378,4.03,4.03,33327
288,3.95,3.95,3.95,3.95,2466
289,4.11,4.15,3.9,3.9,6535
290,3.97,4.0606,3.93,4.06,9929
291,4.02,4.1,3.95,3.9588,5875
292,4.0696,4.0703,4.05,4.05,400
293,4.11,4.11,4.05,4.09,600
294,4.13,4.1559,4.05,4.07,7488
295,4.12,4.12,4.12,4.12,100
296,4.0741,4.13,4.07,4.13,14650
297,4.0501,4.066,4.05,4.05,10025
298,4.09,4.09,4.07,4.07,1300
299,4.13,4.13,4.0601,4.0601,3750
300,4.126,4.126,4.1,4.12,825
301,4.1224,4.13,4.1,4.11,1200
302,4.1401,4.2,4.1401,4.15,11782
303,4.15,4.2,4.15,4.2,9130
304,4.19,4.19,4.1501,4.1501,500
305,4.32,4.36,4.188,4.2,126136
306,4.309,4.34,4.24,4.34,7476
307,4.245,4.31,4.24,4.31,2700
308,4.12,4.3026,4.11,4.24,12222
309,4.1628,4.1628,4.153,4.153,550
310,4.117,4.15,4.117,4.15,3250
311,4.122,4.14,4.12,4.14,970
312,4.082,4.12,4.05,4.12,3800
313,4.0601,4.0601,4.01,4.06,3000
314,3.95,4.05,3.95,3.98,7050
315,4.1,4.1,4.019,4.019,1100
317,4.09,4.09,4.0575,4.0575,3305
319,4.11,4.11,4.11,4.11,100
320,4.14,4.14,4.14,4.14,200
321,4.08,4.14,4.08,4.14,217
322,4.06,4.0851,4.06,4.08,800
323,4.07,4.07,4.07,4.07,100
324,4.06,4.06,4.06,4.06,100
325,4.05,4.05,4.05,4.05,1800
326,4.0435,4.1,4.0435,4.05,1832
327,4.04,4.11,4.0054,4.0437,10263
432,3.95,3.95,3.95,3.95,572
433,4.2,4.2,4.05,4.05,1100
434,4.1552,4.1552,4.1552,4.1552,500
435,4.03,4.11,4.03,4.11,600
436,4.13,4.13,4.1199,4.1199,200
437,4.1,4.1,4.0271,4.0647,1205
438,4.04,4.04,4,4.01,12892
439,4.041,4.11,3.998,4.1,1270
440,4,4.03,4,4.03,1000
441,3.97,3.99,3.95,3.99,2800
442,3.9898,3.99,3.9898,3.99,600
443,4.03,4.03,4.0199,4.02,3500
444,4.02,4.03,3.9676,4.02,1600
445,4,4,4,4,1000
446,3.9828,3.9828,3.9828,3.9828,1000
447,3.9968,3.9968,3.99,3.9904,2490
448,4.019,4.019,4.019,4.019,100
449,4.02,4.03,4.0199,4.03,1200
452,4.01,4.01,4.01,4.01,100
453,3.9867,3.99,3.984,3.99,7000
454,4,4.02,4,4.02,300
455,3.9614,3.9614,3.9614,3.9614,1000
456,3.984,3.9978,3.984,3.9978,2199
457,4,4.02,3.995,4.02,700
458,4,4,4,4,170
460,4,4,4,4,100
461,3.9886,3.9886,3.98,3.98,300
462,3.99,3.99,3.99,3.99,400
463,3.972,3.976,3.972,3.976,500
466,3.99,3.99,3.99,3.99,300
467,3.99,3.99,3.99,3.99,1200
468,4,4,4,4,100
469,4.01,4.01,3.99,4,2128
470,4.01,4.01,3.985,3.985,1167
471,3.95,4.01,3.94,4.01,16215
864,3.95,3.95,3.93,3.93,1405
865,3.929,3.956,3.9,3.9166,16776
866,3.75,3.9153,3.68,3.911,35279
867,3.68,3.7746,3.68,3.7671,16310
868,3.71,3.76,3.68,3.68,5300
869,3.69,3.7653,3.69,3.7235,1552
870,3.7493,3.7493,3.69,3.734,1977
871,3.7,3.7852,3.7,3.7852,10600
872,3.69,3.7749,3.69,3.7749,934
873,3.55,3.69,3.55,3.69,55208
874,3.5564,3.584,3.51,3.55,18876
875,3.55,3.55,3.55,3.55,500
876,3.61,3.63,3.595,3.63,4725
877,3.56,3.6001,3.55,3.6,2642
878,3.5622,3.62,3.56,3.62,4670
879,3.556,3.56,3.55,3.56,1533
880,3.6,3.6253,3.55,3.5582,9348
881,3.63,3.63,3.585,3.63,1700
882,3.6,3.61,3.56,3.61,2100
884,3.61,3.61,3.61,3.61,100
885,3.63,3.63,3.606,3.63,785
886,3.63,3.63,3.6,3.6,1000
887,3.66,3.66,3.64,3.64,700
888,3.66,3.66,3.66,3.66,100
889,3.63,3.66,3.63,3.66,700
890,3.64,3.64,3.63,3.63,200
891,3.64,3.64,3.64,3.64,200
892,3.68,3.68,3.6355,3.64,800
893,3.66,3.66,3.65,3.66,300
894,3.66,3.68,3.65,3.68,400
895,3.665,3.6696,3.63,3.65,1200
896,3.6888,3.69,3.6746,3.6746,1000
897,3.69,3.69,3.69,3.69,100
898,3.6799,3.68,3.6799,3.68,200
899,3.69,3.69,3.6843,3.6843,1100
900,3.71,3.71,3.69,3.69,1446
901,3.6842,3.71,3.68,3.7,1160
902,3.835,3.85,3.6999,3.7,14820
903,3.82,3.84,3.72,3.84,5329
a1496755800,3.82,3.82,3.82,3.82,248
2,3.8,3.8,3.6613,3.6613,1725
3,3.79,3.79,3.79,3.79,100
4,3.8,3.8,3.79,3.79,1397
5,3.85,3.85,3.796,3.81,2165
6,3.81,3.82,3.75,3.8114,1325
7,3.8311,3.8464,3.7788,3.8464,1172
10,3.84,3.84,3.84,3.84,100
12,3.8,3.82,3.8,3.82,200
13,3.8372,3.8372,3.7899,3.7899,2477
16,3.79,3.79,3.79,3.79,1100
17,3.79,3.79,3.78,3.78,200
19,3.79,3.79,3.78,3.78,378
20,3.84,3.84,3.7986,3.7986,1400
21,3.82,3.82,3.82,3.82,100
22,3.81,3.81,3.81,3.81,100
23,3.82,3.82,3.7901,3.7901,200
28,3.82,3.82,3.82,3.82,100
29,3.7967,3.7967,3.79,3.79,2100
30,3.8,3.8,3.8,3.8,100
32,3.79,3.79,3.78,3.7801,500
33,3.78,3.78,3.78,3.78,300
34,3.8,3.8,3.8,3.8,100
35,3.8,3.8,3.8,3.8,200
36,3.7934,3.8,3.7934,3.8,700
37,3.79,3.8,3.79,3.8,2900
38,3.8,3.8,3.7912,3.8,1100
39,3.8,3.8,3.79,3.795,3922
144,3.85,3.85,3.85,3.85,1992
145,3.8485,3.85,3.8,3.85,1050
148,3.83,3.83,3.83,3.83,300
149,3.82,3.82,3.82,3.82,100
150,3.8283,3.8283,3.7513,3.7513,305
151,3.7446,3.82,3.7,3.75,7660
152,3.73,3.7869,3.7,3.7869,600
153,3.73,3.73,3.73,3.73,500
155,3.6901,3.6901,3.6901,3.6901,2000
156,3.72,3.72,3.7,3.7153,300
157,3.72,3.72,3.69,3.712,3025
159,3.71,3.71,3.71,3.71,100
160,3.6954,3.6954,3.6954,3.6954,1000
161,3.71,3.71,3.71,3.71,2450
162,3.7,3.72,3.7,3.72,1690
163,3.6872,3.7,3.68,3.68,1050
165,3.6455,3.68,3.6455,3.68,1050
167,3.6693,3.679,3.6436,3.6436,980
168,3.7,3.7,3.7,3.7,100
170,3.655,3.69,3.655,3.69,200
171,3.6755,3.683,3.6755,3.683,1100
172,3.65,3.66,3.65,3.66,3300
173,3.66,3.67,3.66,3.67,200
174,3.66,3.66,3.66,3.66,400
175,3.67,3.67,3.67,3.67,200
176,3.65,3.65,3.65,3.65,200
177,3.6455,3.6455,3.6421,3.6421,2000
178,3.67,3.67,3.6401,3.6401,2230
180,3.64,3.681,3.64,3.67,6451
181,3.6851,3.6851,3.58,3.63,2665
182,3.679,3.679,3.679,3.679,100
183,3.66,3.68,3.62,3.68,3069
288,3.65,3.65,3.65,3.65,600
289,3.7254,3.7254,3.55,3.628,36000
290,3.6854,3.7881,3.55,3.7343,12000
291,3.615,3.6511,3.5799,3.59,10919
292,3.6361,3.6361,3.58,3.58,1100
293,3.62,3.62,3.62,3.62,2000
294,3.612,3.612,3.61,3.61,800
296,3.59,3.6009,3.56,3.6009,4646
297,3.6,3.6,3.59,3.59,1053
298,3.6,3.6,3.6,3.6,100
299,3.596,3.596,3.58,3.58,200
300,3.6001,3.6001,3.59,3.5986,3251
301,3.65,3.65,3.61,3.61,500
304,3.62,3.62,3.62,3.62,3800
305,3.68,3.68,3.64,3.64,200
306,3.66,3.66,3.66,3.66,100
307,3.64,3.64,3.64,3.64,200
309,3.65,3.65,3.65,3.65,400
310,3.66,3.66,3.66,3.66,200
312,3.66,3.66,3.66,3.66,100
313,3.66,3.66,3.66,3.66,100
316,3.65,3.65,3.65,3.65,100
318,3.63,3.63,3.6,3.62,1395
319,3.61,3.61,3.6,3.61,900
320,3.6,3.6,3.6,3.6,1000
321,3.59,3.61,3.59,3.61,1224
322,3.61,3.61,3.6,3.6,400
323,3.61,3.61,3.61,3.61,100
324,3.61,3.63,3.61,3.63,500
325,3.61,3.61,3.59,3.59,700
326,3.6,3.6001,3.57,3.6,3300
327,3.56,3.61,3.56,3.61,2587
432,3.56,3.56,3.56,3.56,162
433,3.54,3.79,3.54,3.7873,2000
434,3.613,3.66,3.51,3.66,1095
436,3.6099,3.619,3.59,3.59,1247
437,3.59,3.59,3.57,3.57,600
439,3.59,3.59,3.59,3.59,200
442,3.57,3.57,3.57,3.57,100
443,3.59,3.59,3.56,3.56,1040
444,3.69,3.69,3.63,3.63,200
445,3.63,3.6687,3.63,3.63,3000
446,3.58,3.6676,3.58,3.62,1405
447,3.65,3.65,3.58,3.629,14600
448,3.62,3.62,3.62,3.62,100
449,3.65,3.65,3.61,3.61,3100
451,3.64,3.64,3.64,3.64,100
454,3.64,3.64,3.64,3.64,100
456,3.57,3.6209,3.57,3.62,7100
457,3.6054,3.6054,3.58,3.58,340
459,3.63,3.63,3.62,3.63,400
460,3.56,3.6259,3.56,3.58,1100
461,3.522,3.5502,3.5112,3.55,4605
462,3.55,3.57,3.55,3.57,700
463,3.55,3.5599,3.54,3.54,1521
464,3.6,3.6,3.5976,3.5976,300
466,3.5407,3.5407,3.5407,3.5407,100
467,3.5512,3.5512,3.544,3.55,400
468,3.55,3.55,3.54,3.54,300
469,3.51,3.55,3.51,3.54,4077
470,3.5,3.53,3.49,3.52,4748
471,3.51,3.57,3.4901,3.4901,7605
864,3.47,3.47,3.47,3.47,1546
865,3.6064,3.6064,3.45,3.51,12028
867,3.5,3.56,3.49,3.5,2200
868,3.49,3.56,3.41,3.51,30512
869,3.5,3.51,3.4101,3.4101,4609
870,3.51,3.51,3.51,3.51,100
871,3.5,3.509,3.48,3.5,7500
872,3.5,3.5,3.48,3.48,200
873,3.49,3.49,3.49,3.49,100
875,3.48,3.48,3.48,3.48,100
876,3.48,3.495,3.48,3.49,6100
877,3.49,3.49,3.48,3.48,3200
878,3.44,3.54,3.44,3.51,1469
880,3.47,3.48,3.46,3.48,2300
881,3.48,3.48,3.48,3.48,100
882,3.49,3.49,3.49,3.49,100
883,3.5,3.5,3.48,3.48,600
884,3.51,3.51,3.48,3.48,300
885,3.47,3.5,3.47,3.5,1300
886,3.47,3.47,3.47,3.47,300
888,3.47,3.47,3.47,3.47,300
889,3.47,3.47,3.47,3.47,100
890,3.427,3.464,3.4,3.46,13522
891,3.424,3.424,3.424,3.424,1000
892,3.45,3.45,3.42,3.43,400
894,3.44,3.44,3.416,3.44,1060
896,3.47,3.47,3.47,3.47,100
897,3.47,3.47,3.43,3.43,1300
898,3.49,3.49,3.49,3.49,100
900,3.48,3.49,3.46,3.47,700
901,3.49,3.49,3.49,3.49,100
902,3.48,3.48,3.48,3.48,200
903,3.4,3.49,3.4,3.47,15096
a1497360600,3.41,3.41,3.41,3.41,341
1,3.39,3.58,3.39,3.58,2679
2,3.392,3.392,3.3896,3.39,1740
3,3.38,3.41,3.38,3.399,5785
4,3.45,3.45,3.45,3.45,100
5,3.52,3.52,3.4545,3.4545,500
7,3.45,3.45,3.45,3.45,200
9,3.44,3.44,3.44,3.44,300
10,3.42,3.446,3.42,3.446,252
11,3.44,3.44,3.44,3.44,200
12,3.45,3.45,3.4,3.45,10900
13,3.43,3.43,3.43,3.43,100
14,3.44,3.44,3.44,3.44,200
15,3.39,3.43,3.39,3.43,1960
16,3.3905,3.3905,3.38,3.3828,2025
17,3.35,3.41,3.35,3.41,2440
18,3.41,3.41,3.4,3.4,200
20,3.41,3.41,3.41,3.41,100
22,3.4,3.41,3.4,3.41,200
23,3.44,3.44,3.41,3.41,700
26,3.41,3.41,3.41,3.41,100
27,3.37,3.4,3.37,3.4,895
28,3.42,3.42,3.37,3.37,440
30,3.41,3.41,3.41,3.41,200
33,3.4,3.4,3.4,3.4,100
34,3.3999,3.3999,3.37,3.37,1570
37,3.4,3.4,3.4,3.4,200
38,3.36,3.39,3.36,3.39,468
39,3.3739,3.39,3.3601,3.38,1283
145,3.35,3.35,3.35,3.35,250
146,3.3551,3.3551,3.35,3.35,300
147,3.431,3.431,3.37,3.37,700
148,3.36,3.37,3.36,3.37,700
149,3.34,3.34,3.34,3.34,200
150,3.33,3.34,3.31,3.33,2534
152,3.3373,3.38,3.3373,3.38,500
153,3.34,3.34,3.34,3.34,100
154,3.37,3.37,3.3312,3.3312,900
155,3.3451,3.3451,3.3451,3.3451,100
156,3.39,3.39,3.39,3.39,100
159,3.37,3.39,3.37,3.39,200
160,3.32,3.33,3.31,3.33,2700
161,3.35,3.37,3.27,3.32,2300
163,3.35,3.38,3.35,3.38,200
164,3.35,3.35,3.35,3.35,100
165,3.38,3.38,3.38,3.38,100
170,3.39,3.39,3.39,3.39,200
171,3.384,3.384,3.36,3.36,600
173,3.34,3.38,3.34,3.38,400
175,3.34,3.34,3.34,3.34,100
177,3.34,3.34,3.3267,3.3345,1524
179,3.31,3.32,3.31,3.32,1100
180,3.32,3.32,3.3,3.3,1300
181,3.33,3.33,3.32,3.32,200
183,3.39,3.4,3.32,3.33,1322
290,3.3451,3.3451,3.3451,3.3451,1400
291,3.39,3.39,3.39,3.39,900
292,3.35,3.36,3.34,3.36,550
293,3.3,3.3,3.3,3.3,945
294,3.37,3.37,3.37,3.37,100
296,3.26,3.29,3.26,3.29,3400
297,3.37,3.37,3.35,3.35,400
299,3.285,3.3,3.271,3.3,2186
300,3.3,3.3,3.3,3.3,375
301,3.27,3.29,3.27,3.29,912
303,3.3,3.3,3.3,3.3,600
304,3.36,3.369,3.36,3.369,200
305,3.31,3.3184,3.2998,3.31,9347
306,3.36,3.36,3.34,3.34,200
307,3.3056,3.31,3.3056,3.31,300
308,3.33,3.33,3.33,3.33,3279
309,3.35,3.35,3.3499,3.3499,6100
311,3.3176,3.3176,3.3176,3.3176,100
312,3.379,3.379,3.379,3.379,100
313,3.37,3.37,3.37,3.37,100
314,3.36,3.37,3.36,3.37,200
316,3.35,3.38,3.35,3.38,200
317,3.3475,3.349,3.34,3.34,2400
318,3.36,3.36,3.36,3.36,100
319,3.36,3.36,3.36,3.36,200
320,3.35,3.35,3.35,3.35,100
321,3.33,3.36,3.33,3.36,300
324,3.3144,3.3144,3.3144,3.3144,1100
325,3.3289,3.3293,3.3289,3.3293,200
326,3.32,3.34,3.32,3.33,300
327,3.33,3.36,3.33,3.36,548
432,3.26,3.26,3.26,3.26,2715
433,3.29,3.3,3.25,3.2533,3880
434,3.31,3.31,3.31,3.31,100
436,3.3184,3.34,3.3184,3.34,500
438,3.305,3.305,3.305,3.305,2911
440,3.33,3.33,3.33,3.33,700
441,3.3425,3.35,3.3425,3.35,600
442,3.38,3.38,3.38,3.38,100
444,3.33,3.35,3.33,3.34,1000
445,3.305,3.305,3.3024,3.3024,3235
446,3.33,3.35,3.33,3.35,250
451,3.36,3.38,3.36,3.38,200
453,3.3531,3.3531,3.3531,3.3531,1200
456,3.36,3.36,3.36,3.36,200
457,3.33,3.34,3.33,3.34,700
458,3.38,3.38,3.38,3.38,100
459,3.364,3.364,3.35,3.35,1100
463,3.35,3.35,3.35,3.35,200
464,3.33,3.3401,3.33,3.3401,1000
465,3.3346,3.3346,3.33,3.33,285
467,3.37,3.37,3.37,3.37,100
468,3.37,3.37,3.37,3.37,200
469,3.37,3.37,3.37,3.37,100
470,3.35,3.35,3.3499,3.3499,1075
471,3.27,3.36,3.27,3.35,10687
864,3.38,3.38,3.38,3.38,1450
866,3.3689,3.38,3.3689,3.3757,10235
867,3.35,3.368,3.33,3.368,520
868,3.34,3.34,3.33,3.33,200
870,3.3201,3.33,3.3201,3.33,3100
871,3.35,3.35,3.32,3.32,200
872,3.34,3.35,3.33,3.34,600
874,3.33,3.33,3.33,3.33,100
875,3.3479,3.3479,3.3479,3.3479,100
877,3.337,3.337,3.29,3.32,1250
878,3.33,3.34,3.33,3.34,1400
879,3.33,3.33,3.322,3.322,1100
883,3.34,3.35,3.33,3.33,600
885,3.35,3.35,3.35,3.35,300
886,3.33,3.33,3.33,3.33,100
887,3.35,3.35,3.34,3.34,233
888,3.35,3.35,3.35,3.35,300
889,3.326,3.326,3.326,3.326,100
891,3.32,3.32,3.32,3.32,200
892,3.33,3.33,3.33,3.33,100
895,3.34,3.34,3.32,3.32,300
897,3.34,3.34,3.33,3.33,300
898,3.34,3.34,3.34,3.34,100
899,3.33,3.33,3.33,3.33,100
900,3.291,3.32,3.291,3.32,980
901,3.3472,3.3472,3.334,3.334,1900
902,3.35,3.35,3.35,3.35,800
903,3.32,3.34,3.32,3.34,900
a1497966000,3.35,3.35,3.296,3.296,200
7,3.2631,3.2631,3.2631,3.2631,375
8,3.3104,3.32,3.261,3.261,3268
10,3.324,3.334,3.3,3.334,2385
11,3.3,3.32,3.3,3.32,1300
12,3.273,3.2748,3.273,3.2748,204
15,3.2763,3.291,3.2763,3.285,900
17,3.3,3.3,3.3,3.3,100
18,3.3,3.3,3.3,3.3,100
21,3.288,3.288,3.285,3.285,2000
22,3.3,3.3,3.3,3.3,400
24,3.31,3.31,3.31,3.31,501
25,3.302,3.32,3.302,3.32,200
28,3.31,3.32,3.31,3.32,200
30,3.32,3.32,3.302,3.302,600
31,3.34,3.34,3.32,3.32,5288
32,3.45,3.45,3.37,3.399,3407
33,3.47,3.49,3.44,3.45,5700
34,3.4,3.4687,3.4,3.44,8639
35,3.4,3.4,3.4,3.4,100
36,3.4,3.4,3.4,3.4,700
37,3.3859,3.3859,3.3859,3.3859,540
38,3.36,3.36,3.36,3.36,1000
143,3.32,3.32,3.32,3.32,112
144,3.32,3.3234,3.32,3.3234,1000
145,3.37,3.37,3.37,3.37,100
148,3.35,3.35,3.29,3.32,3040
149,3.37,3.37,3.37,3.37,300
150,3.36,3.36,3.3494,3.354,1555
151,3.34,3.36,3.34,3.36,400
152,3.3469,3.3469,3.3469,3.3469,600
153,3.32,3.32,3.32,3.32,100
155,3.35,3.35,3.3229,3.3229,600
156,3.34,3.34,3.34,3.34,100
159,3.325,3.335,3.276,3.33,7100
160,3.2992,3.36,3.2992,3.36,12250
161,3.29,3.291,3.28,3.291,1230
162,3.34,3.34,3.34,3.34,100
164,3.35,3.35,3.3247,3.3247,300
166,3.31,3.34,3.31,3.34,800
167,3.346,3.346,3.346,3.346,100
168,3.33,3.33,3.33,3.33,200
169,3.324,3.324,3.324,3.324,700
170,3.32,3.32,3.32,3.32,100
171,3.36,3.36,3.36,3.36,100
172,3.345,3.35,3.345,3.35,200
173,3.34,3.34,3.28,3.34,2920
177,3.33,3.36,3.33,3.35,300
178,3.36,3.36,3.36,3.36,200
181,3.36,3.36,3.36,3.36,100
182,3.33,3.34,3.31,3.34,923
287,3.31,3.31,3.31,3.31,250
288,3.33,3.33,3.33,3.33,100
293,3.37,3.37,3.37,3.37,100
294,3.38,3.4,3.38,3.4,269
296,3.37,3.37,3.36,3.36,320
300,3.4,3.4,3.4,3.4,100
301,3.33,3.3744,3.33,3.3744,700
304,3.33,3.3601,3.27,3.36,7900
308,3.3934,3.3934,3.36,3.36,400
310,3.39,3.39,3.39,3.39,100
315,3.38,3.389,3.38,3.389,200
317,3.389,3.389,3.3487,3.38,322
319,3.38,3.38,3.3634,3.3634,350
321,3.31,3.398,3.31,3.388,900
322,3.3,3.34,3.3,3.314,600
323,3.3,3.31,3.3,3.31,2100
326,3.359,3.38,3.3,3.38,673
431,3.32,3.32,3.32,3.32,1054
432,3.35,3.3732,3.35,3.3732,300
433,3.4,3.4,3.4,3.4,100
435,3.399,3.399,3.37,3.37,293
436,3.37,3.39,3.37,3.39,300
437,3.4,3.4,3.39,3.39,200
439,3.36,3.36,3.36,3.36,200
442,3.36,3.36,3.36,3.36,300
443,3.39,3.39,3.35,3.35,1500
447,3.325,3.325,3.32,3.325,400
448,3.37,3.37,3.34,3.34,200
449,3.3828,3.3828,3.35,3.35,500
450,3.3659,3.3659,3.34,3.34,200
451,3.3818,3.3818,3.34,3.34,200
452,3.39,3.39,3.38,3.38,1200
453,3.3754,3.3754,3.3754,3.3754,100
454,3.37,3.37,3.3561,3.3561,570
455,3.36,3.36,3.33,3.35,500
456,3.36,3.36,3.36,3.36,100
457,3.35,3.35,3.35,3.35,127
463,3.27,3.34,3.27,3.34,3381
465,3.3,3.3,3.3,3.3,2200
466,3.32,3.32,3.2801,3.2986,2250
467,3.33,3.35,3.33,3.35,300
468,3.37,3.37,3.3,3.33,680
469,3.31,3.37,3.31,3.37,600
470,3.38,3.38,3.28,3.335,13020
863,3.38,3.38,3.38,3.38,592
864,3.4048,3.4048,3.38,3.38,355
865,3.4128,3.4128,3.4128,3.4128,1100
866,3.47,3.479,3.4,3.42,7723
867,3.48,3.49,3.45,3.45,2691
868,3.44,3.47,3.41,3.467,2750
869,3.44,3.44,3.44,3.44,404
870,3.45,3.45,3.43,3.4367,1600
871,3.45,3.45,3.45,3.45,200
873,3.39,3.4369,3.3,3.4369,10246
875,3.39,3.39,3.39,3.39,100
877,3.43,3.43,3.3405,3.3405,600
879,3.42,3.42,3.42,3.42,1100
881,3.4472,3.45,3.43,3.43,4300
882,3.4,3.42,3.4,3.42,1000
884,3.41,3.41,3.4,3.4,610
890,3.44,3.44,3.44,3.44,100
891,3.416,3.416,3.416,3.416,280
892,3.41,3.41,3.41,3.41,100
893,3.45,3.45,3.45,3.45,100
894,3.45,3.45,3.45,3.45,200
897,3.42,3.42,3.42,3.42,300
898,3.4151,3.44,3.41,3.44,2075
899,3.41,3.41,3.41,3.41,100
900,3.42,3.42,3.41,3.41,515
901,3.413,3.413,3.413,3.413,100
902,3.33,3.42,3.33,3.4,4685
a1498570800,3.4,3.4,3.3304,3.3304,1770
4,3.32,3.32,3.31,3.32,1000
5,3.345,3.345,3.34,3.34,800
9,3.4088,3.4088,3.4088,3.4088,188
11,3.4176,3.4176,3.4176,3.4176,500
12,3.41,3.42,3.3324,3.4,20029
16,3.4199,3.4199,3.4199,3.4199,1700
17,3.42,3.42,3.42,3.42,200
25,3.42,3.42,3.42,3.42,100
26,3.43,3.43,3.415,3.42,6866
27,3.42,3.42,3.42,3.42,7238
28,3.39,3.4,3.39,3.4,200
32,3.3858,3.3858,3.3858,3.3858,500
36,3.36,3.36,3.36,3.36,100
37,3.35,3.35,3.34,3.34,1149
38,3.33,3.35,3.32,3.331,6540
143,3.3,3.3,3.3,3.3,940
146,3.43,3.43,3.37,3.3999,400
147,3.458,3.458,3.45,3.45,3498
148,3.385,3.385,3.385,3.385,3498
149,3.4199,3.4199,3.4199,3.4199,800
151,3.39,3.43,3.39,3.4249,600
153,3.37,3.37,3.37,3.37,100
154,3.42,3.42,3.42,3.42,100
155,3.38,3.38,3.38,3.38,100
156,3.3536,3.3536,3.3536,3.3536,500
158,3.3601,3.3601,3.3601,3.3601,600
160,3.4,3.4,3.3543,3.3543,600
161,3.39,3.39,3.39,3.39,500
163,3.3602,3.3602,3.3601,3.3601,200
164,3.396,3.396,3.3601,3.3601,400
165,3.37,3.37,3.37,3.37,200
166,3.35,3.3634,3.35,3.3634,2200
167,3.27,3.38,3.27,3.33,11685
168,3.3074,3.3074,3.305,3.305,1000
170,3.32,3.32,3.28,3.28,2600
171,3.28,3.29,3.28,3.29,300
172,3.29,3.3,3.28,3.3,2800
176,3.33,3.33,3.32,3.32,800
179,3.3,3.3,3.3,3.3,600
180,3.29,3.2901,3.29,3.2901,600
181,3.32,3.3276,3.29,3.3276,380
182,3.29,3.3,3.29,3.3,1969
287,3.25,3.25,3.25,3.25,1196
288,3.3,3.3,3.3,3.3,4000
290,3.28,3.28,3.2501,3.2501,2064
291,3.2779,3.28,3.25,3.28,3230
293,3.16,3.26,3.13,3.26,8968
294,3.1601,3.1818,3.1601,3.1818,2300
295,3.16,3.1942,3.16,3.1942,1890
296,3.14,3.1614,3.13,3.16,4253
297,3,3.17,2.95,3.17,33669
298,3,3,2.97,2.98,7450
299,3.07,3.07,3,3,16500
300,3.01,3.051,3.01,3.051,760
301,3.0375,3.0375,3.0375,3.0375,1000
302,3,3.05,3,3.0469,20806
303,3.049,3.049,3.049,3.049,1100
306,3.03,3.03,3.03,3.03,100
307,3.03,3.03,3.025,3.025,200
308,3.02,3.036,3.02,3.036,3000
309,3.03,3.03,3.025,3.03,600
312,3,3.016,3,3.0001,4291
313,2.9945,2.9945,2.9945,2.9945,1000
315,2.9952,2.9952,2.99,2.995,1000
316,2.9939,2.9939,2.9939,2.9939,250
317,2.9999,3,2.9987,3,700
318,3.0399,3.04,3.0255,3.03,5150
319,3.001,3.04,3.001,3.0399,1544
320,3.001,3.001,3.001,3.001,300
321,3.0268,3.0268,3.0268,3.0268,300
322,3,3,3,3,200
323,3,3,3,3,100
324,3,3.015,3,3.015,1400
325,2.99,3,2.99,2.99,1700
326,3,3.02,2.99,2.99,2229
432,2.9832,2.9832,2.9832,2.9832,4470
433,3.09,3.09,3,3.003,5443
434,3.1306,3.21,3.1,3.16,37136
435,3.0747,3.1,3.0747,3.1,534
436,3.1,3.13,3.08,3.1,1900
437,3.1,3.1,3.04,3.09,8419
439,3.0396,3.0396,3.03,3.03,1000
440,3.0483,3.0483,3.0483,3.0483,320
442,2.99,3.04,2.99,3.04,1385
444,2.98,2.99,2.98,2.99,450
445,3,3,2.98,2.98,900
446,3.005,3.035,3,3,1200
447,3.01,3.037,3,3.037,450
448,3.02,3.03,3,3,320
450,3.0045,3.0045,3,3,216
451,3,3.0213,3,3.0213,1470
453,3.01,3.01,3.0064,3.0064,500
458,3.007,3.01,3,3.01,550
459,3.01,3.01,3.01,3.01,100
463,3,3,3,3,100
465,3,3.007,3,3,745
467,3,3,3,3,100
469,2.999,3.04,2.97,2.9995,14835
470,2.95,2.972,2.95,2.9701,5549
863,2.95,2.95,2.95,2.95,273
864,2.995,2.995,2.95,2.95,200
867,2.9548,2.9865,2.9548,2.9865,1000
868,2.975,2.975,2.975,2.975,100
869,2.95,2.99,2.95,2.9501,3512
870,2.9501,2.99,2.9501,2.99,220
871,2.97,2.97,2.97,2.97,100
872,2.95,2.95,2.95,2.95,300
873,2.9101,2.95,2.9,2.95,8866
874,2.9,2.91,2.9,2.9082,970
875,2.9,2.9,2.9,2.9,1135
876,2.83,2.9,2.83,2.89,16000
877,2.85,2.88,2.85,2.88,1500
878,2.89,2.89,2.85,2.85,200
879,2.8201,2.9,2.8201,2.8657,3300
881,2.8273,2.84,2.8,2.8364,1505
882,2.8001,2.81,2.8,2.8,1630
883,2.82,2.82,2.82,2.82,1200
884,2.84,2.84,2.84,2.84,202
a1499261400,2.9,2.9,2.9,2.9,3094
1,2.92,2.92,2.9,2.9,1757
2,2.8771,2.9104,2.8507,2.91,7142
3,2.85,2.85,2.8395,2.85,2200
4,2.8376,2.8376,2.8376,2.8376,282
5,2.9,2.9,2.84,2.84,915
6,2.84,2.8795,2.84,2.8795,1100
7,2.83,2.83,2.83,2.83,100
8,2.8697,2.8697,2.83,2.84,1840
9,2.869,2.87,2.86,2.86,2550
10,2.86,2.87,2.86,2.87,376
11,2.867,2.867,2.867,2.867,2000
12,2.85,2.85,2.85,2.85,200
15,2.84,2.84,2.84,2.84,100
16,2.83,2.83,2.83,2.83,400
17,2.84,2.84,2.84,2.84,100
18,2.83,2.83,2.83,2.83,200
19,2.79,2.83,2.76,2.81,4124
20,2.76,2.78,2.76,2.78,2724
22,2.78,2.78,2.7638,2.7638,300
23,2.7875,2.7875,2.7875,2.7875,250
25,2.79,2.79,2.7883,2.79,600
27,2.83,2.83,2.758,2.758,500
28,2.7963,2.8,2.7963,2.8,225
29,2.79,2.79,2.79,2.79,400
30,2.79,2.79,2.78,2.789,2500
32,2.82,2.825,2.776,2.82,3700
35,2.8,2.8,2.8,2.8,100
36,2.8,2.8,2.8,2.8,100
37,2.7901,2.7901,2.7901,2.7901,100
38,2.815,2.8225,2.815,2.8225,4192
39,2.81,2.89,2.81,2.83,3374
