EXCHANGE%3DNASDAQ
MARKET_OPEN_MINUTE=570
MARKET_CLOSE_MINUTE=960
INTERVAL=600
COLUMNS=DATE,CLOSE,HIGH,LOW,OPEN,VOLUME
DATA=
TIMEZONE_OFFSET=-240
a1493040600,1.42,1.42,1.42,1.42,801
1,1.42,1.42,1.42,1.42,500
2,1.45,1.45,1.4383,1.4383,1400
3,1.45,1.45,1.45,1.45,100
4,1.44,1.44,1.44,1.44,100
6,1.4322,1.4322,1.43,1.43,400
8,1.42,1.428,1.42,1.428,6100
10,1.45,1.45,1.4301,1.45,398
11,1.44,1.44,1.44,1.44,100
14,1.43,1.4498,1.43,1.44,7009
15,1.43,1.43,1.42,1.43,4400
16,1.43,1.43,1.43,1.43,100
17,1.43,1.43,1.43,1.43,200
18,1.43,1.43,1.43,1.43,100
20,1.4218,1.43,1.4218,1.43,2100
21,1.4222,1.4222,1.4222,1.4222,200
23,1.425,1.425,1.425,1.425,100
24,1.45,1.45,1.42,1.42,18605
25,1.45,1.45,1.4347,1.4347,200
27,1.45,1.45,1.45,1.45,200
28,1.45,1.45,1.45,1.45,200
29,1.45,1.45,1.45,1.45,200
30,1.4305,1.4305,1.43,1.43,2188
32,1.43,1.43,1.43,1.43,100
34,1.43,1.43,1.42,1.421,7248
35,1.43,1.43,1.43,1.43,100
36,1.425,1.425,1.425,1.425,100
37,1.43,1.43,1.4242,1.4242,400
39,1.43,1.43,1.42,1.43,1044
144,1.45,1.45,1.45,1.45,910
145,1.45,1.45,1.45,1.45,900
146,1.45,1.45,1.426,1.426,300
148,1.4334,1.4334,1.4334,1.4334,150
149,1.426,1.426,1.4248,1.4248,2009
150,1.45,1.45,1.45,1.45,100
152,1.435,1.4499,1.435,1.4499,2600
153,1.435,1.45,1.42,1.4499,24083
154,1.45,1.45,1.42,1.4499,9200
155,1.423,1.45,1.42,1.45,2794
156,1.45,1.45,1.45,1.45,300
157,1.45,1.45,1.4225,1.4225,200
158,1.45,1.45,1.45,1.45,100
160,1.44,1.45,1.435,1.45,300
161,1.4218,1.4218,1.4218,1.4218,1000
162,1.44,1.44,1.44,1.44,100
163,1.42,1.45,1.42,1.45,9700
165,1.45,1.45,1.4201,1.4201,1950
167,1.45,1.45,1.45,1.45,100
168,1.45,1.45,1.45,1.45,100
169,1.4476,1.45,1.4476,1.4484,2100
170,1.45,1.45,1.444,1.444,500
172,1.45,1.45,1.45,1.45,200
173,1.45,1.45,1.45,1.45,100
174,1.44,1.44,1.44,1.44,1800
175,1.45,1.45,1.4431,1.4431,8594
176,1.45,1.45,1.45,1.45,100
178,1.4431,1.45,1.4431,1.45,2500
179,1.45,1.45,1.45,1.45,100
180,1.4426,1.45,1.4426,1.45,214
181,1.45,1.45,1.45,1.45,100
182,1.45,1.45,1.45,1.45,200
183,1.42,1.45,1.42,1.45,1354
288,1.42,1.42,1.42,1.42,1137
290,1.42,1.45,1.42,1.45,334
300,1.43,1.43,1.43,1.43,3100
301,1.43,1.43,1.43,1.43,100
303,1.43,1.43,1.43,1.43,100
305,1.43,1.44,1.4299,1.43,122872
306,1.43,1.43,1.43,1.43,95628
307,1.44,1.45,1.43,1.43,10100
308,1.44,1.44,1.4329,1.44,11400
309,1.44,1.44,1.44,1.44,500
310,1.44,1.44,1.4399,1.44,400
312,1.44,1.44,1.43,1.44,22663
313,1.4347,1.44,1.4347,1.44,5500
314,1.4399,1.44,1.4368,1.44,19200
315,1.4399,1.44,1.4357,1.4357,29000
316,1.4399,1.44,1.435,1.44,23200
317,1.45,1.45,1.44,1.44,5900
318,1.4399,1.45,1.4399,1.45,2858
320,1.44,1.44,1.44,1.44,200
321,1.4395,1.44,1.4395,1.44,1980
323,1.4389,1.44,1.4385,1.44,7700
324,1.43,1.43,1.427,1.43,315954
325,1.43,1.43,1.43,1.43,54800
326,1.45,1.45,1.45,1.45,1722
327,1.45,1.45,1.45,1.45,400
432,1.46,1.46,1.46,1.46,127
433,1.45,1.45,1.42,1.45,4720
434,1.45,1.45,1.45,1.45,100
435,1.45,1.45,1.45,1.45,100
442,1.4301,1.4301,1.4301,1.4301,500
444,1.45,1.45,1.4301,1.4301,1500
446,1.4301,1.4301,1.4301,1.4301,2000
447,1.45,1.45,1.4467,1.4467,1100
451,1.4499,1.4499,1.4499,1.4499,150
453,1.4467,1.4467,1.4467,1.4467,100
454,1.449,1.449,1.449,1.449,100
457,1.442,1.443,1.442,1.443,642
462,1.4401,1.4401,1.4401,1.4401,286
466,1.4493,1.4493,1.4493,1.4493,100
470,1.447,1.447,1.447,1.447,400
576,1.44,1.44,1.44,1.44,300
577,1.4486,1.45,1.4486,1.45,2500
578,1.45,1.45,1.45,1.45,100
579,1.45,1.45,1.443,1.444,1000
580,1.4422,1.4422,1.4422,1.4422,700
581,1.44,1.44,1.44,1.44,6500
582,1.44,1.44,1.4399,1.4399,4100
583,1.43,1.44,1.42,1.44,67900
584,1.42,1.4202,1.42,1.4202,3900
585,1.43,1.43,1.43,1.43,100
587,1.4247,1.43,1.4247,1.43,1100
588,1.44,1.44,1.43,1.43,5404
590,1.44,1.44,1.44,1.44,100
591,1.43,1.4385,1.42,1.43,73100
592,1.44,1.44,1.44,1.44,210
593,1.44,1.44,1.435,1.435,400
597,1.44,1.44,1.44,1.44,100
599,1.44,1.44,1.44,1.44,100
600,1.436,1.436,1.436,1.436,500
601,1.44,1.44,1.4354,1.4354,600
602,1.4364,1.4364,1.4364,1.4364,200
603,1.43,1.43,1.43,1.43,100
605,1.44,1.44,1.44,1.44,100
606,1.4355,1.4355,1.43,1.4301,4000
607,1.44,1.44,1.435,1.435,2428
608,1.43,1.435,1.43,1.435,20697
610,1.4373,1.44,1.4373,1.44,275
611,1.4378,1.44,1.4378,1.44,700
612,1.44,1.44,1.44,1.44,100
613,1.44,1.44,1.4332,1.4332,300
614,1.44,1.44,1.44,1.44,200
615,1.44,1.44,1.4301,1.44,670
a1493645400,1.45,1.45,1.45,1.45,2060
1,1.44,1.45,1.44,1.45,18808
5,1.435,1.45,1.435,1.45,4100
6,1.4254,1.4254,1.4232,1.4232,1825
7,1.43,1.43,1.43,1.43,300
8,1.43,1.43,1.43,1.43,100
10,1.4201,1.421,1.42,1.421,1700
11,1.4266,1.43,1.4266,1.43,4988
12,1.43,1.43,1.43,1.43,100
14,1.421,1.421,1.421,1.421,150
15,1.425,1.425,1.425,1.425,100
16,1.43,1.43,1.43,1.43,100
19,1.43,1.43,1.42,1.4299,53198
20,1.43,1.43,1.4299,1.4299,10561
21,1.43,1.43,1.43,1.43,100
24,1.4299,1.43,1.4299,1.43,2506
25,1.43,1.43,1.43,1.43,100
26,1.43,1.43,1.421,1.43,4500
31,1.43,1.43,1.43,1.43,100
34,1.4278,1.4278,1.4278,1.4278,100
35,1.45,1.45,1.43,1.43,19676
36,1.43,1.43,1.43,1.43,600
37,1.43,1.46,1.43,1.43,11500
38,1.43,1.43,1.43,1.43,300
39,1.43,1.43,1.42,1.42,4860
144,1.44,1.44,1.44,1.44,1643
145,1.44,1.44,1.4399,1.4399,51611
146,1.44,1.5,1.43,1.44,17781
147,1.42,1.43,1.42,1.43,2000
148,1.4307,1.4361,1.4307,1.4361,1000
149,1.43,1.45,1.4299,1.44,128300
150,1.45,1.45,1.43,1.43,264580
151,1.48,1.48,1.48,1.48,300
152,1.4997,1.51,1.47,1.47,66322
153,1.5202,1.53,1.4926,1.5,24040
154,1.52,1.52,1.5102,1.5184,5900
155,1.5199,1.52,1.5075,1.5105,5800
157,1.505,1.505,1.505,1.505,2000
158,1.5097,1.52,1.5097,1.52,5870
159,1.52,1.52,1.519,1.5199,1100
160,1.52,1.52,1.5002,1.5002,2200
163,1.5102,1.5102,1.5102,1.5102,3000
164,1.5196,1.5196,1.5116,1.5116,5664
165,1.53,1.54,1.5184,1.52,34300
166,1.525,1.53,1.51,1.5226,7905
168,1.53,1.53,1.53,1.53,500
169,1.52,1.52,1.5146,1.5146,260
170,1.52,1.52,1.52,1.52,100
171,1.55,1.55,1.52,1.52,10324
172,1.55,1.55,1.5499,1.5499,1500
173,1.557,1.56,1.55,1.55,1200
174,1.5577,1.5577,1.5577,1.5577,200
175,1.5405,1.5405,1.5405,1.5405,1500
176,1.53,1.53,1.53,1.53,3500
177,1.5324,1.54,1.5324,1.539,5000
178,1.54,1.55,1.54,1.5401,5400
179,1.56,1.56,1.5572,1.5572,200
180,1.55,1.55,1.5477,1.5477,10500
182,1.5497,1.5497,1.54,1.54,1200
183,1.5655,1.57,1.5499,1.55,17449
288,1.54,1.54,1.54,1.54,3400
289,1.5649,1.5649,1.55,1.5636,6338
290,1.5678,1.5678,1.5576,1.5664,4800
291,1.577,1.58,1.572,1.572,7990
292,1.585,1.6,1.5799,1.58,11623
293,1.5997,1.6,1.57,1.585,19504
295,1.58,1.585,1.58,1.585,1900
296,1.6,1.6,1.58,1.5876,5583
297,1.5999,1.6,1.591,1.6,6645
298,1.6,1.6,1.5976,1.6,6216
299,1.6,1.6,1.6,1.6,700
300,1.584,1.584,1.584,1.584,169
301,1.5899,1.5999,1.5899,1.5999,300
302,1.5831,1.59,1.58,1.5899,2493
303,1.581,1.59,1.58,1.58,1800
304,1.59,1.59,1.5805,1.5805,5601
305,1.57,1.58,1.57,1.58,393
306,1.59,1.59,1.59,1.59,100
308,1.6,1.6,1.5931,1.5931,1000
309,1.6,1.6,1.5999,1.6,18348
311,1.6,1.61,1.6,1.6,6197
312,1.6,1.6,1.5857,1.5991,3500
313,1.6009,1.6186,1.6009,1.6186,200
314,1.6001,1.62,1.6001,1.62,4500
317,1.62,1.62,1.6058,1.6058,5200
318,1.61,1.61,1.591,1.61,3900
319,1.6,1.605,1.6,1.605,200
320,1.62,1.62,1.6,1.6,300
321,1.62,1.62,1.6033,1.6033,5600
322,1.62,1.62,1.62,1.62,2000
323,1.62,1.62,1.6054,1.6188,1425
324,1.5997,1.6032,1.56,1.6001,26538
325,1.588,1.588,1.58,1.58,1114
326,1.561,1.5701,1.561,1.5701,4300
327,1.6,1.6,1.599,1.599,2000
432,1.57,1.57,1.57,1.57,1203
433,1.6,1.605,1.6,1.6,5090
434,1.55,1.6,1.55,1.595,4220
435,1.55,1.5605,1.55,1.5605,7049
436,1.6186,1.6186,1.58,1.595,900
437,1.62,1.62,1.6,1.609,14008
438,1.61,1.615,1.6,1.615,14041
439,1.62,1.62,1.6001,1.61,21800
440,1.62,1.62,1.615,1.615,1777
441,1.6194,1.6194,1.6194,1.6194,920
444,1.6,1.615,1.6,1.615,1400
446,1.6,1.605,1.6,1.6035,5900
447,1.6024,1.6024,1.6024,1.6024,2000
448,1.6046,1.61,1.59,1.605,29266
449,1.5926,1.6049,1.5926,1.6,29720
450,1.5801,1.59,1.58,1.59,2880
451,1.58,1.58,1.58,1.58,200
452,1.58,1.5801,1.58,1.58,12810
454,1.5801,1.5801,1.58,1.58,3908
455,1.56,1.57,1.56,1.56,1338
457,1.57,1.57,1.57,1.57,495
458,1.578,1.578,1.578,1.578,2040
459,1.5678,1.5678,1.5678,1.5678,187
460,1.5949,1.5949,1.5949,1.5949,100
461,1.5601,1.5601,1.5601,1.5601,400
465,1.57,1.57,1.57,1.57,200
466,1.57,1.57,1.57,1.57,300
467,1.5887,1.5887,1.5887,1.5887,1000
469,1.5724,1.58,1.57,1.58,3455
471,1.57,1.58,1.57,1.58,300
576,1.56,1.56,1.56,1.56,711
577,1.57,1.57,1.55,1.55,2900
578,1.57,1.57,1.56,1.57,3262
580,1.562,1.562,1.562,1.562,520
581,1.5685,1.569,1.5685,1.569,615
583,1.53,1.565,1.53,1.565,31496
584,1.5474,1.5474,1.5201,1.5399,11300
586,1.54,1.54,1.54,1.54,200
587,1.54,1.54,1.54,1.54,146
588,1.54,1.5499,1.535,1.54,8698
589,1.54,1.5499,1.54,1.5499,4050
590,1.5499,1.5499,1.54,1.54,4196
591,1.545,1.55,1.545,1.55,500
592,1.5487,1.55,1.545,1.55,600
593,1.56,1.56,1.5497,1.5499,6101
594,1.56,1.56,1.56,1.56,400
595,1.57,1.57,1.56,1.56,1700
596,1.57,1.57,1.5501,1.57,1551
597,1.57,1.57,1.57,1.57,400
598,1.57,1.57,1.57,1.57,1100
599,1.57,1.57,1.57,1.57,300
600,1.57,1.57,1.57,1.57,400
601,1.57,1.57,1.57,1.57,400
602,1.57,1.57,1.57,1.57,612
605,1.566,1.57,1.566,1.57,3600
606,1.57,1.57,1.5699,1.57,7210
607,1.57,1.57,1.57,1.57,7324
608,1.564,1.564,1.564,1.564,150
610,1.57,1.57,1.57,1.57,300
611,1.5899,1.59,1.56,1.56,12489
612,1.5899,1.59,1.5799,1.5799,15900
613,1.5895,1.59,1.57,1.57,3800
614,1.59,1.59,1.57,1.5899,5299
615,1.5979,1.6,1.58,1.5899,5098
a1494250200,1.59,1.59,1.59,1.59,3560
1,1.5849,1.59,1.5849,1.59,1155
2,1.59,1.59,1.59,1.59,100
3,1.59,1.59,1.59,1.59,11330
5,1.6,1.6,1.5988,1.5988,5625
7,1.6,1.6,1.59,1.599,16400
8,1.61,1.61,1.6,1.6,8168
10,1.61,1.61,1.607,1.61,10200
11,1.6041,1.6041,1.6041,1.6041,750
12,1.61,1.61,1.6023,1.6023,3433
13,1.61,1.61,1.6039,1.6039,760
14,1.61,1.61,1.601,1.601,7000
15,1.6,1.6,1.6,1.6,2000
19,1.6022,1.6022,1.6022,1.6022,100
24,1.61,1.61,1.6001,1.6024,3380
25,1.59,1.605,1.59,1.605,9915
26,1.5999,1.5999,1.599,1.599,1500
28,1.6,1.6,1.6,1.6,1900
29,1.62,1.62,1.59,1.599,29481
30,1.6101,1.62,1.6101,1.6107,11448
31,1.6251,1.65,1.615,1.6199,62791
32,1.63,1.6398,1.63,1.63,2800
33,1.6399,1.64,1.63,1.6301,16400
34,1.64,1.65,1.64,1.64,22800
35,1.65,1.65,1.645,1.6499,13950
36,1.62,1.65,1.62,1.6499,21670
37,1.63,1.63,1.62,1.63,5900
38,1.64,1.6494,1.64,1.6462,6100
39,1.63,1.65,1.62,1.64,23001
144,1.64,1.64,1.64,1.64,314
145,1.6325,1.6383,1.6325,1.6383,3700
146,1.6375,1.6375,1.63,1.63,200
148,1.6399,1.6399,1.6399,1.6399,250
149,1.63,1.63,1.63,1.63,200
150,1.6398,1.649,1.6398,1.649,1300
151,1.6301,1.6399,1.61,1.63,6633
152,1.61,1.618,1.61,1.6101,2670
154,1.63,1.63,1.61,1.6167,4993
155,1.6317,1.6317,1.6317,1.6317,950
156,1.66,1.66,1.6475,1.6481,9698
157,1.64,1.68,1.64,1.6716,11492
159,1.65,1.65,1.65,1.65,100
162,1.63,1.65,1.63,1.65,5877
163,1.62,1.63,1.62,1.63,9800
165,1.6227,1.6227,1.6201,1.6201,783
166,1.66,1.66,1.6598,1.6598,310
167,1.64,1.64,1.64,1.64,500
168,1.64,1.64,1.64,1.64,200
169,1.66,1.66,1.6574,1.6574,300
171,1.6503,1.66,1.6503,1.6599,8042
172,1.64,1.6583,1.64,1.655,400
173,1.67,1.67,1.64,1.64,3318
174,1.67,1.68,1.6583,1.66,22134
175,1.66,1.66,1.66,1.66,256
176,1.6685,1.67,1.6601,1.6601,2755
177,1.68,1.68,1.6601,1.6601,4638
178,1.676,1.68,1.676,1.68,14591
179,1.68,1.68,1.67,1.67,15972
181,1.675,1.68,1.675,1.6799,4925
183,1.6786,1.6799,1.66,1.6799,2469
288,1.68,1.68,1.68,1.68,467
289,1.6773,1.68,1.65,1.68,4607
290,1.68,1.68,1.68,1.68,100
291,1.699,1.699,1.6799,1.68,4078
292,1.69,1.69,1.6799,1.68,2522
293,1.67,1.6714,1.67,1.67,5000
295,1.6801,1.6899,1.68,1.6894,6350
296,1.69,1.7,1.6899,1.6899,10400
297,1.7,1.71,1.7,1.7,9614
298,1.7,1.7,1.69,1.6901,4568
299,1.69,1.7,1.69,1.7,3100
300,1.69,1.698,1.69,1.698,2155
301,1.71,1.71,1.6801,1.6801,7632
302,1.6905,1.6992,1.6905,1.6992,1139
303,1.68,1.68,1.68,1.68,100
304,1.6922,1.698,1.683,1.683,1150
305,1.7,1.7,1.6884,1.6884,5200
306,1.6922,1.6922,1.6922,1.6922,500
307,1.6801,1.6801,1.6801,1.6801,10000
309,1.68,1.6873,1.68,1.6873,830
313,1.6801,1.6801,1.68,1.6801,2720
314,1.6996,1.7,1.6996,1.7,3000
315,1.6899,1.693,1.6899,1.69,10000
316,1.69,1.69,1.6871,1.69,6900
320,1.69,1.69,1.6874,1.6874,3400
321,1.69,1.69,1.6858,1.6896,8500
323,1.69,1.69,1.6801,1.6801,1208
324,1.6801,1.6837,1.6801,1.6837,1200
325,1.69,1.69,1.6896,1.69,5200
326,1.6986,1.6986,1.69,1.69,5000
327,1.68,1.6843,1.68,1.6801,1744
432,1.68,1.68,1.68,1.68,1132
433,1.6799,1.68,1.67,1.68,2649
434,1.6997,1.7,1.6997,1.7,2596
435,1.6961,1.7,1.6901,1.6901,6865
436,1.71,1.71,1.6999,1.6999,2323
437,1.72,1.72,1.701,1.71,2499
438,1.72,1.72,1.7001,1.7001,700
439,1.698,1.7079,1.68,1.7007,4885
442,1.7,1.7,1.6928,1.6928,495
444,1.68,1.69,1.68,1.69,3100
445,1.7,1.7,1.68,1.68,700
449,1.695,1.6999,1.69,1.6999,8743
450,1.69,1.69,1.69,1.69,2000
451,1.692,1.692,1.692,1.692,784
453,1.68,1.7,1.68,1.7,2000
454,1.6998,1.7,1.69,1.69,8160
456,1.69,1.69,1.69,1.69,200
457,1.69,1.69,1.69,1.69,100
459,1.6901,1.6901,1.69,1.69,1700
460,1.6647,1.69,1.66,1.69,11459
461,1.6981,1.6999,1.6981,1.6999,640
463,1.6809,1.6809,1.6809,1.6809,200
464,1.7,1.7,1.7,1.7,200
465,1.675,1.68,1.66,1.66,10740
467,1.6601,1.661,1.66,1.661,10000
468,1.69,1.69,1.69,1.69,200
470,1.6646,1.6726,1.66,1.672,17100
471,1.66,1.69,1.66,1.69,3503
576,1.68,1.68,1.68,1.68,2394
577,1.66,1.67,1.65,1.67,5900
578,1.6599,1.6599,1.65,1.6599,4520
579,1.68,1.683,1.6599,1.6599,11900
581,1.6782,1.6782,1.678,1.678,400
582,1.6715,1.6715,1.6715,1.6715,200
583,1.67,1.67,1.67,1.67,200
586,1.6764,1.6764,1.6717,1.6717,300
587,1.67,1.67,1.67,1.67,200
588,1.65,1.68,1.65,1.66,20502
589,1.68,1.68,1.6501,1.68,5344
590,1.65,1.665,1.65,1.6501,2000
591,1.6544,1.6544,1.6544,1.6544,142
592,1.65,1.65,1.65,1.65,6000
593,1.645,1.65,1.645,1.65,300
595,1.64,1.6665,1.64,1.659,4100
596,1.64,1.64,1.64,1.64,200
598,1.65,1.65,1.64,1.64,1000
600,1.643,1.643,1.643,1.643,500
602,1.652,1.652,1.64,1.64,334
603,1.67,1.67,1.64,1.6599,6200
604,1.67,1.67,1.6693,1.67,3200
607,1.6699,1.67,1.6693,1.6693,6100
608,1.65,1.67,1.65,1.67,400
609,1.6793,1.6793,1.6668,1.6699,3600
610,1.67,1.6753,1.67,1.6753,5103
611,1.65,1.65,1.65,1.65,499
612,1.66,1.67,1.66,1.6699,2400
613,1.6647,1.6647,1.6647,1.6647,1000
614,1.67,1.67,1.6684,1.6684,3300
615,1.64,1.68,1.64,1.665,16472
a1494855000,1.62,1.62,1.62,1.62,5617
1,1.6296,1.6296,1.6296,1.6296,400
2,1.6402,1.6454,1.63,1.64,1625
3,1.63,1.6401,1.63,1.64,1000
4,1.68,1.68,1.6401,1.6401,1350
5,1.6513,1.6513,1.6513,1.6513,1000
6,1.64,1.6553,1.64,1.6553,1200
7,1.6799,1.6799,1.64,1.64,5199
9,1.64,1.648,1.64,1.648,1200
13,1.641,1.6619,1.64,1.6619,6200
14,1.6562,1.6562,1.64,1.6402,3000
16,1.6799,1.68,1.6799,1.68,1000
17,1.6728,1.6728,1.6728,1.6728,100
18,1.68,1.68,1.66,1.6625,2300
19,1.6786,1.6786,1.6786,1.6786,100
20,1.68,1.68,1.68,1.68,100
21,1.6799,1.6799,1.6799,1.6799,233
23,1.68,1.68,1.6786,1.6789,2700
24,1.68,1.68,1.6608,1.68,5725
26,1.68,1.68,1.68,1.68,200
27,1.6678,1.6678,1.6678,1.6678,800
31,1.67,1.67,1.67,1.67,700
32,1.67,1.67,1.67,1.67,350
34,1.653,1.664,1.65,1.6635,8894
35,1.6693,1.6693,1.6693,1.6693,100
37,1.67,1.67,1.664,1.664,2140
38,1.64,1.66,1.64,1.66,1100
39,1.65,1.66,1.65,1.66,1089
144,1.62,1.62,1.62,1.62,4006
146,1.64,1.64,1.63,1.6376,372
147,1.6399,1.64,1.6375,1.6375,800
148,1.6318,1.64,1.63,1.64,5246
149,1.62,1.6342,1.62,1.63,2700
150,1.62,1.628,1.62,1.6219,1600
151,1.61,1.6225,1.61,1.6225,6734
153,1.6172,1.6172,1.6172,1.6172,600
154,1.6181,1.6181,1.61,1.61,481
155,1.6166,1.6166,1.6166,1.6166,254
156,1.6101,1.6101,1.6101,1.6101,186
157,1.61,1.61,1.61,1.61,1922
159,1.61,1.61,1.61,1.61,200
160,1.6101,1.6173,1.61,1.6173,3000
162,1.61,1.61,1.61,1.61,300
165,1.61,1.61,1.61,1.61,200
166,1.6192,1.62,1.61,1.61,8135
167,1.6175,1.6175,1.6175,1.6175,500
169,1.6386,1.6386,1.615,1.62,4700
171,1.63,1.6352,1.63,1.6352,200
174,1.6225,1.6294,1.62,1.6294,1030
177,1.62,1.62,1.62,1.62,100
178,1.6286,1.63,1.6201,1.6201,5882
179,1.6,1.61,1.6,1.61,1195
180,1.6132,1.6132,1.6132,1.6132,106
181,1.6283,1.6283,1.62,1.6201,2561
182,1.6101,1.6101,1.61,1.61,2600
183,1.61,1.6299,1.61,1.6101,7400
288,1.63,1.63,1.63,1.63,1195
290,1.64,1.64,1.6217,1.6217,800
291,1.6201,1.6201,1.6201,1.6201,1000
292,1.6295,1.6295,1.6209,1.629,1498
293,1.63,1.63,1.6275,1.6275,400
296,1.63,1.63,1.63,1.63,200
297,1.629,1.629,1.6201,1.6201,876
298,1.626,1.6272,1.626,1.6272,320
300,1.63,1.63,1.63,1.63,200
302,1.6253,1.6253,1.6253,1.6253,200
305,1.6,1.6296,1.6,1.6296,6600
306,1.5999,1.6,1.591,1.5915,6630
309,1.5996,1.5999,1.5996,1.5999,1140
310,1.5974,1.5974,1.5974,1.5974,151
311,1.6,1.6,1.6,1.6,200
312,1.598,1.598,1.595,1.595,300
314,1.5953,1.5953,1.5953,1.5953,200
315,1.59,1.595,1.59,1.5917,2350
316,1.6,1.6,1.6,1.6,200
317,1.591,1.591,1.591,1.591,1000
318,1.5901,1.5901,1.5901,1.5901,1000
319,1.592,1.592,1.592,1.592,1000
320,1.5966,1.5966,1.5966,1.5966,130
321,1.593,1.6,1.593,1.5936,900
322,1.595,1.595,1.595,1.595,150
325,1.6025,1.6025,1.6,1.6,2200
327,1.59,1.63,1.59,1.63,807
432,1.6,1.6,1.6,1.6,2061
435,1.612,1.612,1.612,1.612,400
437,1.59,1.6252,1.59,1.6252,3398
438,1.5965,1.5965,1.59,1.59,359
439,1.5986,1.5986,1.5953,1.5953,1500
447,1.6179,1.6179,1.59,1.6,10500
450,1.62,1.62,1.62,1.62,100
451,1.6026,1.6026,1.5922,1.5922,620
452,1.6,1.6,1.6,1.6,107
454,1.5901,1.5901,1.5901,1.5901,2650
455,1.59,1.59,1.58,1.59,1102
457,1.6,1.6,1.6,1.6,100
458,1.58,1.59,1.58,1.59,1236
462,1.5934,1.5934,1.5934,1.5934,1179
464,1.59,1.59,1.59,1.59,142
466,1.6,1.6,1.595,1.6,2985
467,1.59,1.6086,1.58,1.6086,15264
471,1.5999,1.5999,1.5999,1.5999,400
576,1.59,1.59,1.59,1.59,354
577,1.6,1.6,1.6,1.6,270
578,1.62,1.64,1.62,1.64,1000
579,1.6054,1.62,1.6054,1.62,7947
582,1.59,1.6001,1.59,1.6,900
583,1.61,1.61,1.61,1.61,100
585,1.56,1.59,1.56,1.59,10300
587,1.5868,1.5868,1.5868,1.5868,300
588,1.61,1.61,1.61,1.61,100
590,1.61,1.61,1.61,1.61,100
593,1.58,1.6,1.58,1.6,400
596,1.6,1.6,1.6,1.6,100
598,1.59,1.5968,1.5801,1.5968,3127
599,1.6,1.6,1.6,1.6,100
602,1.6,1.6,1.6,1.6,100
605,1.6,1.6,1.6,1.6,100
607,1.6,1.62,1.59,1.6,12770
608,1.6272,1.6272,1.6,1.6,3101
609,1.61,1.61,1.61,1.61,3800
610,1.63,1.63,1.63,1.63,100
611,1.6216,1.6216,1.6216,1.6216,500
612,1.64,1.64,1.64,1.64,100
614,1.64,1.64,1.64,1.64,100
615,1.61,1.64,1.61,1.64,495
a1495460400,1.61,1.61,1.61,1.61,400
1,1.6,1.6,1.6,1.6,100
4,1.61,1.61,1.61,1.61,100
5,1.618,1.6299,1.618,1.6299,285
6,1.6001,1.6001,1.6001,1.6001,100
9,1.61,1.61,1.61,1.61,100
19,1.6293,1.6293,1.6293,1.6293,1000
22,1.6186,1.62,1.6186,1.62,3000
26,1.6147,1.6147,1.6147,1.6147,200
27,1.6,1.61,1.6,1.61,4500
30,1.6138,1.62,1.6138,1.62,1400
32,1.58,1.6,1.58,1.6,6120
33,1.6279,1.6279,1.6279,1.6279,100
38,1.61,1.61,1.61,1.61,100
145,1.59,1.59,1.59,1.59,100
146,1.6006,1.6006,1.6006,1.6006,120
149,1.59,1.59,1.59,1.59,200
151,1.6,1.6,1.6,1.6,100
154,1.59,1.59,1.59,1.59,200
157,1.586,1.586,1.586,1.586,999
158,1.6088,1.6088,1.598,1.598,2100
160,1.59,1.59,1.59,1.59,200
162,1.598,1.598,1.59,1.59,650
167,1.58,1.59,1.58,1.59,500
168,1.58,1.58,1.58,1.58,200
170,1.58,1.5902,1.58,1.59,2750
175,1.58,1.59,1.58,1.59,1075
177,1.58,1.58,1.58,1.58,200
178,1.58,1.584,1.58,1.584,3300
179,1.584,1.584,1.584,1.584,400
181,1.58,1.58,1.58,1.58,200
182,1.5747,1.58,1.57,1.58,10050
287,1.56,1.56,1.56,1.56,152
288,1.5824,1.5824,1.5824,1.5824,100
291,1.589,1.589,1.589,1.589,200
292,1.5898,1.5898,1.5898,1.5898,209
293,1.5896,1.5896,1.5896,1.5896,200
297,1.579,1.58,1.579,1.58,700
298,1.5753,1.58,1.5753,1.58,1300
300,1.5789,1.5789,1.5789,1.5789,300
306,1.5797,1.5797,1.5797,1.5797,3164
309,1.5766,1.5787,1.5766,1.5787,500
310,1.573,1.573,1.573,1.573,300
311,1.5731,1.5793,1.57,1.5701,4222
312,1.5701,1.58,1.5701,1.58,1819
313,1.5793,1.5793,1.5793,1.5793,100
314,1.5774,1.5774,1.5774,1.5774,1000
315,1.5799,1.5799,1.5752,1.5752,900
316,1.57,1.57,1.57,1.57,230
317,1.5766,1.5766,1.5766,1.5766,400
319,1.5764,1.5764,1.5764,1.5764,100
322,1.5734,1.5734,1.5734,1.5734,100
323,1.57,1.57,1.57,1.57,200
326,1.57,1.5793,1.57,1.5722,874
431,1.57,1.57,1.56,1.56,7740
432,1.5949,1.5993,1.57,1.57,1300
433,1.5901,1.5901,1.5848,1.5848,1200
435,1.588,1.588,1.588,1.588,200
437,1.588,1.588,1.588,1.588,740
439,1.5866,1.5866,1.5814,1.5814,710
444,1.5866,1.59,1.5851,1.59,700
446,1.57,1.5828,1.57,1.5828,3149
449,1.599,1.599,1.599,1.599,500
453,1.59,1.59,1.59,1.59,500
458,1.59,1.59,1.58,1.5801,2202
459,1.57,1.57,1.57,1.57,400
463,1.5761,1.5776,1.5761,1.5776,400
468,1.57,1.57,1.55,1.57,2460
469,1.5652,1.5652,1.5652,1.5652,200
470,1.5693,1.5695,1.56,1.5695,1932
577,1.58,1.58,1.58,1.58,100
580,1.5761,1.5761,1.5724,1.5724,300
581,1.5753,1.5753,1.5753,1.5753,700
587,1.5753,1.5753,1.5753,1.5753,400
590,1.579,1.579,1.579,1.579,700
593,1.57,1.57,1.57,1.57,100
599,1.56,1.57,1.56,1.57,1750
601,1.5653,1.5653,1.56,1.56,1200
602,1.56,1.5653,1.56,1.5653,1700
603,1.56,1.5693,1.56,1.5693,650
608,1.55,1.56,1.55,1.56,1011
609,1.55,1.5596,1.55,1.5596,4866
612,1.5595,1.5595,1.5566,1.5566,300
614,1.55,1.56,1.55,1.5507,1210
a1496151000,1.52,1.52,1.52,1.52,7562
1,1.55,1.55,1.55,1.55,2000
2,1.54,1.54,1.54,1.54,100
3,1.55,1.55,1.55,1.55,2525
4,1.57,1.57,1.57,1.57,200
5,1.55,1.55,1.55,1.55,100
10,1.55,1.55,1.55,1.55,200
11,1.55,1.55,1.55,1.55,140
13,1.589,1.589,1.589,1.589,1000
17,1.54,1.54,1.54,1.54,800
19,1.5411,1.5411,1.5411,1.5411,209
20,1.55,1.55,1.55,1.55,100
21,1.55,1.5508,1.55,1.55,7118
22,1.55,1.5512,1.55,1.55,4200
24,1.55,1.55,1.55,1.55,100
33,1.5553,1.5553,1.5553,1.5553,500
35,1.55,1.5504,1.55,1.55,1830
37,1.5525,1.5525,1.55,1.55,800
38,1.5535,1.5535,1.5535,1.5535,300
39,1.55,1.55,1.55,1.55,1437
146,1.6,1.6,1.6,1.6,100
148,1.5373,1.5648,1.5373,1.5648,655
149,1.5552,1.5552,1.5316,1.5316,915
150,1.54,1.54,1.53,1.54,1750
152,1.5329,1.5329,1.5329,1.5329,100
153,1.5378,1.5484,1.5378,1.5484,2600
157,1.57,1.57,1.55,1.55,1300
158,1.55,1.55,1.54,1.54,200
159,1.55,1.572,1.55,1.572,200
160,1.56,1.56,1.54,1.54,200
161,1.55,1.56,1.55,1.56,200
162,1.5501,1.5501,1.5501,1.5501,2000
163,1.5785,1.58,1.5785,1.58,1409
166,1.55,1.56,1.55,1.56,6300
167,1.55,1.5507,1.55,1.5507,1200
170,1.5667,1.5667,1.5667,1.5667,700
171,1.57,1.57,1.57,1.57,100
172,1.5878,1.5878,1.5878,1.5878,150
176,1.5874,1.5874,1.5874,1.5874,200
179,1.54,1.54,1.54,1.54,200
180,1.54,1.54,1.54,1.54,100
181,1.54,1.54,1.54,1.54,100
182,1.54,1.54,1.54,1.54,721
183,1.55,1.5686,1.54,1.54,1906
288,1.53,1.53,1.53,1.53,2100
290,1.55,1.55,1.55,1.55,100
292,1.5557,1.5557,1.5557,1.5557,1000
293,1.5743,1.5743,1.5743,1.5743,100
295,1.5766,1.5766,1.5766,1.5766,500
297,1.55,1.55,1.541,1.541,528
306,1.52,1.5348,1.52,1.5348,4600
307,1.547,1.547,1.547,1.547,550
313,1.5428,1.58,1.54,1.54,3378
316,1.55,1.55,1.55,1.55,2000
317,1.5617,1.5617,1.5617,1.5617,200
320,1.5621,1.5621,1.56,1.56,5160
321,1.58,1.58,1.58,1.58,700
322,1.5731,1.58,1.5731,1.58,698
327,1.57,1.57,1.57,1.57,200
432,1.6,1.6,1.6,1.6,3020
436,1.5602,1.5602,1.56,1.5601,4219
444,1.55,1.55,1.55,1.55,1399
446,1.556,1.556,1.556,1.556,1000
451,1.5576,1.5576,1.5576,1.5576,1400
455,1.56,1.56,1.5599,1.5599,1163
457,1.5618,1.59,1.55,1.5688,6100
458,1.5899,1.5899,1.5899,1.5899,1000
460,1.55,1.5599,1.55,1.5599,1050
464,1.5578,1.569,1.55,1.569,1700
465,1.557,1.557,1.557,1.557,450
466,1.5686,1.5686,1.5501,1.5501,1220
467,1.564,1.564,1.564,1.564,1000
470,1.55,1.5665,1.55,1.5665,2100
471,1.56,1.57,1.55,1.5661,9815
864,1.6,1.6,1.6,1.6,3182
865,1.6143,1.6143,1.6,1.6,864
866,1.63,1.63,1.6186,1.619,5745
868,1.604,1.604,1.604,1.604,800
869,1.6099,1.6099,1.6099,1.6099,300
871,1.61,1.61,1.61,1.61,500
873,1.6,1.604,1.6,1.604,900
882,1.5714,1.5714,1.5714,1.5714,150
884,1.598,1.598,1.598,1.598,2500
885,1.58,1.59,1.58,1.59,1339
888,1.57,1.5701,1.57,1.5701,1100
891,1.5651,1.5651,1.5651,1.5651,1000
894,1.5642,1.5642,1.5642,1.5642,315
895,1.5793,1.5793,1.5793,1.5793,100
896,1.58,1.58,1.58,1.58,100
901,1.58,1.58,1.5637,1.5637,2300
902,1.575,1.575,1.57,1.5724,450
903,1.58,1.58,1.57,1.576,2200
a1496757000,1.6,1.6,1.6,1.6,100
1,1.5872,1.5872,1.5872,1.5872,2000
2,1.5814,1.5814,1.5814,1.5814,900
3,1.59,1.59,1.59,1.59,200
7,1.59,1.59,1.59,1.59,200
8,1.5889,1.5889,1.5889,1.5889,174
10,1.571,1.571,1.57,1.5701,1200
11,1.57,1.5793,1.57,1.5793,480
15,1.55,1.57,1.55,1.57,2345
19,1.56,1.5856,1.56,1.5856,495
23,1.58,1.58,1.5602,1.58,5400
28,1.58,1.58,1.58,1.58,200
30,1.58,1.58,1.58,1.58,200
32,1.5669,1.5669,1.5669,1.5669,1365
33,1.58,1.58,1.58,1.58,200
36,1.57,1.581,1.57,1.581,1200
37,1.56,1.57,1.56,1.565,300
142,1.55,1.55,1.55,1.55,301
144,1.55,1.56,1.53,1.56,7410
145,1.54,1.54,1.54,1.54,1900
146,1.54,1.54,1.54,1.54,1167
151,1.5412,1.5412,1.5412,1.5412,167
152,1.5489,1.5489,1.5489,1.5489,1800
153,1.5401,1.5401,1.5401,1.5401,410
160,1.54,1.54,1.54,1.54,2100
163,1.54,1.55,1.54,1.54,5500
165,1.55,1.55,1.55,1.55,1400
166,1.5493,1.5493,1.5493,1.5493,100
167,1.5406,1.5406,1.5406,1.5406,500
168,1.57,1.57,1.5497,1.5497,3200
169,1.58,1.58,1.58,1.58,100
170,1.58,1.58,1.58,1.58,100
171,1.57,1.5886,1.57,1.5886,300
172,1.57,1.57,1.57,1.57,200
178,1.59,1.59,1.59,1.59,300
180,1.57,1.58,1.56,1.57,16571
287,1.53,1.5773,1.53,1.5773,400
288,1.54,1.55,1.54,1.55,600
290,1.54,1.6,1.54,1.55,23700
291,1.5647,1.6,1.54,1.54,3168
292,1.5758,1.5758,1.57,1.57,600
293,1.59,1.59,1.58,1.58,500
294,1.59,1.59,1.5899,1.59,2300
295,1.58,1.58,1.58,1.58,2250
296,1.57,1.57,1.57,1.57,100
297,1.56,1.56,1.56,1.56,1000
300,1.566,1.566,1.566,1.566,500
304,1.56,1.56,1.56,1.56,200
305,1.56,1.5633,1.56,1.5633,1500
311,1.56,1.56,1.56,1.56,200
316,1.57,1.57,1.56,1.56,3000
318,1.55,1.55,1.55,1.55,300
319,1.54,1.579,1.54,1.579,2449
320,1.54,1.561,1.54,1.561,1983
321,1.54,1.57,1.54,1.54,4500
322,1.54,1.56,1.54,1.54,400
323,1.54,1.54,1.54,1.54,100
324,1.5539,1.5539,1.5539,1.5539,100
325,1.56,1.56,1.54,1.54,660
430,1.53,1.53,1.53,1.53,7892
431,1.53,1.53,1.53,1.53,2122
432,1.56,1.56,1.56,1.56,100
435,1.545,1.55,1.54,1.54,500
438,1.56,1.56,1.56,1.56,100
441,1.54,1.56,1.54,1.56,4388
442,1.54,1.55,1.54,1.54,800
443,1.559,1.56,1.54,1.56,2700
444,1.56,1.56,1.56,1.56,100
447,1.56,1.56,1.56,1.56,100
448,1.55,1.5501,1.55,1.5501,1467
449,1.54,1.54,1.54,1.54,3200
453,1.54,1.5477,1.54,1.5477,450
455,1.54,1.54,1.54,1.54,300
456,1.5493,1.5493,1.5493,1.5493,100
458,1.55,1.55,1.55,1.55,200
463,1.54,1.54,1.54,1.54,1550
464,1.55,1.55,1.55,1.55,200
468,1.5353,1.54,1.53,1.54,4200
469,1.535,1.54,1.535,1.5353,1275
862,1.55,1.55,1.55,1.55,805
863,1.5598,1.5598,1.55,1.55,4451
864,1.5553,1.5553,1.55,1.55,200
865,1.5695,1.57,1.56,1.56,5000
866,1.57,1.57,1.56,1.56,400
868,1.5688,1.5688,1.5688,1.5688,2000
870,1.57,1.57,1.57,1.57,2900
871,1.5665,1.5689,1.5665,1.5675,1500
874,1.57,1.57,1.5521,1.5521,19000
875,1.55,1.55,1.55,1.55,395
876,1.55,1.5599,1.55,1.5501,1100
878,1.5599,1.5599,1.5599,1.5599,500
879,1.5595,1.5595,1.5595,1.5595,641
880,1.5589,1.5589,1.5589,1.5589,1000
884,1.5501,1.5501,1.55,1.55,550
887,1.5506,1.5506,1.5506,1.5506,1016
888,1.5501,1.5501,1.5501,1.5501,250
889,1.5539,1.5539,1.5539,1.5539,400
891,1.55,1.55,1.55,1.55,200
892,1.55,1.55,1.55,1.55,100
894,1.54,1.55,1.54,1.55,10575
897,1.53,1.53,1.53,1.53,200
899,1.55,1.55,1.5493,1.5493,1100
900,1.5476,1.5476,1.5476,1.5476,200
901,1.5499,1.5499,1.545,1.545,215
a1497366600,1.55,1.55,1.55,1.55,200
3,1.5489,1.5489,1.5488,1.5488,1410
4,1.5487,1.5487,1.54,1.54,1200
5,1.5499,1.5499,1.5499,1.5499,1000
6,1.5534,1.5534,1.55,1.55,900
7,1.5593,1.5593,1.5593,1.5593,100
8,1.5525,1.5525,1.5525,1.5525,500
9,1.5524,1.5524,1.5524,1.5524,500
11,1.55,1.5599,1.55,1.5599,2300
14,1.55,1.555,1.55,1.555,900
17,1.55,1.55,1.55,1.55,1800
18,1.5428,1.5428,1.5428,1.5428,1000
19,1.56,1.56,1.56,1.56,3200
20,1.56,1.56,1.55,1.55,20900
21,1.54,1.5586,1.54,1.55,23200
23,1.5377,1.54,1.5377,1.539,2424
24,1.5354,1.5354,1.5354,1.5354,200
25,1.55,1.55,1.54,1.54,1900
26,1.5499,1.5499,1.5499,1.5499,700
28,1.55,1.55,1.5499,1.5499,2800
134,1.54,1.54,1.54,1.54,505
135,1.5424,1.5424,1.54,1.54,1169
136,1.533,1.533,1.533,1.533,200
138,1.5451,1.5486,1.5451,1.5486,1400
141,1.5499,1.5499,1.5499,1.5499,300
143,1.54,1.5416,1.54,1.5416,600
145,1.548,1.548,1.548,1.548,5194
150,1.5484,1.5484,1.5484,1.5484,1000
151,1.5499,1.5499,1.5499,1.5499,1000
152,1.5434,1.5434,1.5434,1.5434,200
153,1.5409,1.5409,1.5409,1.5409,500
154,1.5499,1.5499,1.5499,1.5499,2500
155,1.5484,1.549,1.5484,1.549,1000
156,1.5414,1.5414,1.5414,1.5414,172
161,1.5405,1.5405,1.5405,1.5405,570
162,1.55,1.55,1.55,1.55,1100
165,1.549,1.549,1.549,1.549,100
166,1.5441,1.5441,1.5441,1.5441,1000
168,1.55,1.55,1.55,1.55,600
169,1.55,1.55,1.5401,1.5401,2348
173,1.54,1.54,1.54,1.54,100
278,1.55,1.55,1.55,1.55,470
280,1.54,1.54,1.54,1.54,100
281,1.5301,1.5402,1.5301,1.54,2600
284,1.53,1.53,1.53,1.53,200
285,1.53,1.53,1.53,1.53,300
286,1.5314,1.5314,1.5314,1.5314,490
287,1.5302,1.5302,1.5302,1.5302,537
288,1.53,1.539,1.53,1.539,1400
290,1.51,1.53,1.51,1.53,13861
294,1.51,1.51,1.51,1.51,3700
295,1.5,1.5,1.46,1.5,11593
296,1.4916,1.5,1.4916,1.5,5100
297,1.49,1.49,1.49,1.49,200
298,1.5,1.5,1.4901,1.4901,3200
299,1.5,1.5,1.5,1.5,500
302,1.51,1.51,1.51,1.51,100
304,1.5,1.5,1.4604,1.491,4200
306,1.48,1.48,1.47,1.47,877
308,1.47,1.47,1.47,1.47,200
312,1.5,1.5,1.5,1.5,100
314,1.49,1.49,1.49,1.49,300
315,1.47,1.47,1.4647,1.4647,200
316,1.47,1.47,1.46,1.46,1390
317,1.47,1.4876,1.47,1.4876,4755
423,1.46,1.47,1.4522,1.46,10950
424,1.4525,1.47,1.45,1.47,1940
425,1.4534,1.4555,1.45,1.4529,2191
426,1.47,1.47,1.45,1.459,3454
428,1.47,1.47,1.47,1.47,200
430,1.47,1.47,1.47,1.47,500
431,1.47,1.47,1.47,1.47,200
434,1.47,1.47,1.47,1.47,421
435,1.47,1.47,1.4656,1.4656,2400
437,1.47,1.47,1.47,1.47,400
439,1.46,1.46,1.46,1.46,1380
441,1.49,1.5,1.47,1.47,11420
445,1.49,1.49,1.49,1.49,200
447,1.4827,1.4827,1.4827,1.4827,300
449,1.49,1.49,1.49,1.49,200
453,1.4696,1.4696,1.4696,1.4696,600
455,1.4627,1.4627,1.4627,1.4627,3311
456,1.5,1.5,1.5,1.5,200
457,1.47,1.48,1.47,1.48,2100
459,1.4964,1.5,1.4964,1.5,700
460,1.5,1.5,1.47,1.47,300
461,1.48,1.53,1.48,1.53,200
854,1.5,1.5,1.5,1.5,983
855,1.47,1.47,1.47,1.47,650
856,1.48,1.48,1.48,1.48,100
857,1.4924,1.4924,1.4847,1.4847,607
858,1.4751,1.4752,1.4751,1.4752,3500
859,1.4901,1.4901,1.49,1.49,4000
860,1.5,1.5,1.4999,1.4999,500
864,1.49,1.49,1.49,1.49,200
866,1.496,1.496,1.496,1.496,100
870,1.499,1.499,1.499,1.499,490
872,1.5,1.5,1.5,1.5,682
875,1.49,1.49,1.49,1.49,200
878,1.4923,1.4946,1.49,1.4946,6800
887,1.49,1.49,1.49,1.49,200
888,1.4945,1.4945,1.4945,1.4945,268
889,1.4936,1.4936,1.4936,1.4936,500
893,1.4999,1.4999,1.4999,1.4999,146
998,1.5,1.5,1.5,1.5,1509
999,1.5124,1.5124,1.5,1.5,2506
a1497966600,1.5,1.5,1.5,1.5,100
5,1.5,1.5,1.5,1.5,200
8,1.4977,1.4977,1.4977,1.4977,169
11,1.4901,1.5,1.4901,1.5,375
18,1.49,1.495,1.49,1.495,240
19,1.5,1.5,1.5,1.5,200
27,1.5,1.5,1.5,1.5,200
28,1.4977,1.4977,1.4977,1.4977,1000
33,1.4923,1.4923,1.4923,1.4923,800
34,1.49,1.5,1.49,1.5,300
35,1.4918,1.4918,1.49,1.4916,6844
37,1.49,1.5,1.49,1.5,200
142,1.5,1.5,1.5,1.5,420
143,1.4915,1.4923,1.4901,1.4923,700
147,1.5,1.5,1.5,1.5,5935
148,1.5,1.5,1.5,1.5,100
149,1.49,1.5,1.49,1.5,9755
153,1.5026,1.5036,1.5026,1.5036,3515
157,1.4918,1.5023,1.49,1.5,4285
161,1.49,1.5043,1.49,1.5043,5625
165,1.5065,1.5065,1.5065,1.5065,200
166,1.49,1.49,1.49,1.49,100
169,1.5032,1.5032,1.5032,1.5032,300
170,1.49,1.5,1.49,1.5,5239
172,1.49,1.5,1.49,1.5,3849
173,1.4923,1.4923,1.4923,1.4923,200
174,1.49,1.4951,1.49,1.4951,2110
175,1.4922,1.5,1.49,1.5,2838
286,1.51,1.51,1.51,1.51,556
287,1.5148,1.5148,1.5148,1.5148,300
288,1.51,1.51,1.51,1.51,100
290,1.51,1.51,1.51,1.51,400
292,1.5,1.51,1.5,1.51,2044
294,1.49,1.49,1.49,1.49,200
298,1.502,1.502,1.502,1.502,3304
301,1.49,1.49,1.49,1.49,200
302,1.5699,1.5699,1.509,1.509,50592
303,1.5434,1.55,1.5317,1.55,1250
304,1.56,1.56,1.56,1.56,492
312,1.497,1.55,1.497,1.55,739
316,1.49,1.49,1.49,1.49,200
318,1.5175,1.5175,1.5175,1.5175,650
319,1.51,1.5104,1.51,1.5104,6175
321,1.506,1.506,1.506,1.506,1000
325,1.5,1.51,1.49,1.5,8850
430,1.48,1.55,1.48,1.55,4805
432,1.53,1.53,1.53,1.53,100
435,1.54,1.54,1.54,1.54,3400
436,1.54,1.55,1.54,1.54,1800
437,1.547,1.55,1.54,1.54,2700
442,1.5498,1.55,1.5498,1.55,10200
443,1.53,1.55,1.53,1.55,6300
450,1.51,1.53,1.51,1.53,6805
451,1.5352,1.5352,1.51,1.53,6349
452,1.5275,1.5275,1.5,1.52,6100
455,1.549,1.549,1.549,1.549,200
461,1.5,1.549,1.5,1.52,5400
467,1.5432,1.55,1.5015,1.5015,2494
469,1.55,1.55,1.54,1.5418,899
862,1.58,1.58,1.58,1.58,9078
863,1.58,1.58,1.58,1.58,1500
864,1.53,1.53,1.53,1.53,100
865,1.56,1.56,1.54,1.55,500
867,1.54,1.54,1.54,1.54,100
868,1.53,1.53,1.53,1.53,100
869,1.53,1.53,1.53,1.53,1337
873,1.54,1.54,1.5356,1.54,5700
875,1.54,1.54,1.54,1.54,500
877,1.54,1.5401,1.54,1.54,5100
880,1.57,1.57,1.5596,1.5596,3900
881,1.5369,1.5369,1.5369,1.5369,180
886,1.53,1.53,1.53,1.53,209
887,1.57,1.57,1.5515,1.5515,2900
888,1.5,1.53,1.49,1.53,5105
889,1.5468,1.55,1.515,1.52,2900
890,1.52,1.52,1.52,1.52,300
892,1.5167,1.52,1.5167,1.52,200
893,1.52,1.54,1.52,1.54,697
896,1.515,1.52,1.515,1.52,200
897,1.54,1.54,1.53,1.53,300
899,1.57,1.57,1.57,1.57,400
900,1.57,1.57,1.56,1.56,5171
901,1.5699,1.5699,1.5699,1.5699,394
a1498570200,1.57,1.57,1.57,1.57,1447
1,1.5565,1.5565,1.5565,1.5565,4988
2,1.57,1.57,1.57,1.57,100
3,1.5351,1.5351,1.5351,1.5351,6200
4,1.55,1.55,1.55,1.55,1000
7,1.57,1.57,1.5679,1.5692,5700
9,1.564,1.564,1.564,1.564,1000
11,1.56,1.56,1.56,1.56,100
12,1.56,1.57,1.56,1.57,10100
13,1.54,1.54,1.53,1.54,3400
15,1.56,1.56,1.545,1.545,12100
19,1.56,1.5601,1.53,1.5601,22200
20,1.5607,1.5607,1.5607,1.5607,511
22,1.56,1.56,1.56,1.56,100
24,1.53,1.56,1.53,1.56,14576
25,1.531,1.546,1.531,1.546,4016
31,1.5447,1.5447,1.5447,1.5447,1300
34,1.5421,1.5421,1.5421,1.5421,100
35,1.5503,1.5503,1.5503,1.5503,200
37,1.5691,1.5691,1.56,1.56,2400
38,1.5616,1.5616,1.5616,1.5616,291
39,1.57,1.57,1.5696,1.5696,1183
144,1.57,1.57,1.57,1.57,6510
145,1.5699,1.57,1.5699,1.57,2500
146,1.56,1.5666,1.56,1.56,5000
147,1.56,1.5675,1.56,1.5675,850
148,1.5599,1.5599,1.5599,1.5599,1000
149,1.5599,1.5599,1.5541,1.5541,10000
150,1.55,1.559,1.55,1.55,2100
151,1.5512,1.5571,1.55,1.5571,1600
153,1.55,1.56,1.55,1.5582,17300
154,1.554,1.554,1.554,1.554,1000
155,1.55,1.55,1.55,1.55,500
156,1.55,1.55,1.55,1.55,300
157,1.551,1.551,1.551,1.551,1500
158,1.55,1.55,1.55,1.55,2100
160,1.5394,1.56,1.53,1.55,15365
163,1.55,1.55,1.55,1.55,5500
164,1.5424,1.5434,1.5424,1.5434,500
165,1.5499,1.5499,1.5499,1.5499,1000
168,1.545,1.55,1.545,1.55,4200
169,1.55,1.55,1.55,1.55,1500
173,1.56,1.56,1.55,1.55,10688
174,1.5429,1.5432,1.5429,1.5432,300
175,1.56,1.56,1.5514,1.5562,11700
176,1.56,1.56,1.56,1.56,500
177,1.5599,1.56,1.5599,1.56,600
178,1.56,1.56,1.5599,1.5599,400
179,1.56,1.56,1.5533,1.56,1200
180,1.57,1.57,1.55,1.55,5242
183,1.55,1.5599,1.55,1.5599,900
288,1.55,1.55,1.55,1.55,1713
289,1.55,1.55,1.55,1.55,705
291,1.5376,1.5376,1.53,1.53,1000
292,1.5452,1.5452,1.5452,1.5452,348
298,1.5553,1.5553,1.55,1.55,1600
300,1.5509,1.555,1.55,1.55,2000
301,1.56,1.56,1.5508,1.5508,4996
302,1.5516,1.5516,1.5516,1.5516,400
304,1.552,1.552,1.552,1.552,400
305,1.57,1.57,1.5569,1.5569,5100
306,1.551,1.551,1.551,1.551,1000
308,1.5534,1.5534,1.5534,1.5534,1000
311,1.551,1.57,1.55,1.57,1156
312,1.5524,1.5524,1.5524,1.5524,100
316,1.55,1.56,1.55,1.5501,4000
320,1.55,1.55,1.55,1.55,154
321,1.5523,1.5523,1.55,1.55,2800
322,1.552,1.552,1.552,1.552,200
325,1.5668,1.5668,1.55,1.55,426
326,1.55,1.57,1.55,1.56,1525
327,1.57,1.57,1.55,1.55,1699
432,1.55,1.55,1.55,1.55,4287
433,1.5601,1.5647,1.56,1.56,5500
434,1.56,1.56,1.56,1.56,100
435,1.5798,1.58,1.5427,1.5427,10781
436,1.55,1.5799,1.55,1.5799,10100
437,1.5597,1.59,1.5597,1.57,32486
438,1.5723,1.58,1.5723,1.58,600
439,1.5867,1.6,1.5746,1.58,13349
440,1.58,1.5996,1.5776,1.58,13150
442,1.56,1.57,1.56,1.56,1700
446,1.58,1.6,1.58,1.58,13796
448,1.58,1.58,1.58,1.58,600
450,1.58,1.58,1.58,1.58,2291
451,1.62,1.62,1.58,1.6,11097
452,1.6,1.6,1.58,1.58,11503
456,1.577,1.577,1.577,1.577,149
457,1.6001,1.6001,1.6,1.6,9994
460,1.576,1.6,1.576,1.6,4785
461,1.57,1.5815,1.57,1.5815,1682
462,1.6,1.6,1.59,1.59,815
463,1.6,1.61,1.6,1.61,14300
464,1.6,1.6084,1.6,1.6084,10000
465,1.58,1.61,1.58,1.61,4454
467,1.61,1.61,1.6,1.605,5400
468,1.62,1.62,1.6199,1.62,4399
470,1.62,1.62,1.61,1.62,11675
864,1.62,1.64,1.62,1.64,2095
865,1.64,1.64,1.63,1.64,3700
869,1.63,1.63,1.63,1.63,700
870,1.629,1.629,1.58,1.62,5800
871,1.63,1.63,1.6044,1.6044,882
872,1.625,1.63,1.625,1.63,1000
874,1.6293,1.6293,1.6293,1.6293,100
875,1.63,1.63,1.625,1.625,1116
876,1.6275,1.6275,1.6275,1.6275,100
881,1.62,1.62,1.5945,1.5945,2701
883,1.61,1.61,1.61,1.61,100
884,1.6,1.62,1.6,1.6188,6200
885,1.63,1.63,1.6,1.6,1000
