EXCHANGE%3DNASDAQ
MARKET_OPEN_MINUTE=570
MARKET_CLOSE_MINUTE=960
INTERVAL=600
COLUMNS=DATE,CLOSE,HIGH,LOW,OPEN,VOLUME
DATA=
TIMEZONE_OFFSET=-240
a1493127000,20.2,20.2,20.2,20.2,1166
1,20.25,20.25,20.125,20.15,7190
2,20.3,20.3,20.2,20.3,13888
3,20.275,20.3,20.25,20.3,6637
4,20.45,20.45,20.275,20.275,38069
5,20.525,20.65,20.425,20.425,36274
6,20.525,20.6,20.475,20.525,24176
7,20.525,20.55,20.5,20.5,4895
8,20.5408,20.55,20.45,20.5,5565
9,20.5,20.55,20.5,20.525,2000
10,20.475,20.5,20.4,20.475,3338
11,20.525,20.55,20.45,20.475,6000
12,20.55,20.575,20.525,20.575,3300
13,20.6,20.6,20.5,20.55,3167
14,20.6,20.6,20.575,20.575,18292
15,20.65,20.65,20.575,20.6,17636
16,20.7,20.7,20.625,20.65,20482
17,20.8,20.8,20.75,20.75,4879
18,20.725,20.8,20.7,20.8,5500
19,20.7331,20.75,20.71,20.71,3116
20,20.7,20.75,20.7,20.725,7100
21,20.65,20.75,20.65,20.75,4800
22,20.7,20.7,20.625,20.625,3100
23,20.625,20.7,20.625,20.66,2489
24,20.625,20.65,20.6,20.625,10156
25,20.625,20.65,20.6,20.65,2634
26,20.625,20.65,20.6,20.625,4900
27,20.625,20.65,20.6,20.6,2090
28,20.681,20.681,20.6,20.625,5950
29,20.675,20.7,20.65,20.7,3850
30,20.675,20.7,20.65,20.7,4300
31,20.825,20.85,20.65,20.65,14524
32,20.7,20.825,20.7,20.8,3500
33,20.8,20.8,20.65,20.75,7155
34,20.725,20.85,20.7,20.8,6994
35,20.7,20.75,20.7,20.725,4000
36,20.9,20.9,20.7,20.725,14826
37,20.8,20.9,20.75,20.9,15900
38,20.725,20.8,20.7,20.8,23982
39,20.7,20.8,20.7,20.7,80533
144,20.7,20.7,20.7,20.7,3547
145,20.8001,20.85,20.7,20.7,3090
146,20.85,20.85,20.7,20.825,2506
147,20.9,20.95,20.85,20.9,6744
148,20.9,20.927,20.8,20.927,13595
149,20.925,20.95,20.862,20.9,11146
150,20.957,21.05,20.925,20.945,14632
151,20.975,21,20.925,20.975,10902
152,20.975,21,20.925,21,5429
153,21.075,21.125,20.95,20.95,20080
154,21.025,21.1,21.025,21.0699,4300
155,21.1,21.1,21.025,21.05,6307
156,21.25,21.25,21.1,21.1,12945
157,21.225,21.3,21.2,21.233,11500
158,21.125,21.275,21.1,21.225,14200
159,21.15,21.15,21.1,21.1273,2550
160,21.075,21.15,21.05,21.125,1800
161,21.05,21.1,21.05,21.1,2300
162,20.975,21.08,20.975,21.075,5699
163,21.175,21.175,20.975,20.975,7601
164,21.125,21.225,21.125,21.175,4300
165,21.2,21.2,21.1,21.15,3100
166,21.225,21.25,21.15,21.15,6114
167,21.25,21.25,21.175,21.225,4300
168,21.225,21.275,21.2,21.25,4641
169,21.25,21.25,21.2,21.25,2500
170,21.25,21.3,21.2,21.2,6468
171,21.217,21.25,21.217,21.25,3570
172,21.175,21.25,21.15,21.225,10294
173,21.125,21.225,21.125,21.15,9400
174,21.125,21.125,21.05,21.125,7400
175,21.225,21.225,21.1,21.13,6370
176,21.225,21.245,21.2,21.225,5008
177,21.225,21.25,21.2,21.225,1500
178,21.275,21.275,21.15,21.2,10600
179,21.225,21.275,21.2,21.275,4187
180,21.2,21.225,21.125,21.225,8525
181,21.175,21.25,21.15,21.175,15430
182,21.125,21.175,21.1,21.175,10642
183,21.05,21.125,21,21.1,54794
288,21.1,21.1,21.1,21.1,2714
289,21.25,21.35,21.15,21.25,3372
290,21.281,21.35,21.2,21.2,4900
291,21.3,21.325,21.275,21.275,4100
292,21.45,21.45,21.25,21.3,9978
293,21.5,21.5,21.35,21.475,6253
294,21.45,21.5,21.45,21.475,15676
295,21.5,21.5,21.4,21.425,6900
296,21.625,21.75,21.45,21.5,27447
297,21.6,21.65,21.5,21.6,17932
298,21.7,21.7,21.575,21.6,5612
299,21.6,21.7,21.5,21.7,10290
300,21.6,21.63,21.55,21.6,9810
301,21.65,21.7,21.6,21.6,3700
302,21.575,21.7,21.55,21.65,4002
303,21.575,21.65,21.55,21.59,5290
304,21.6,21.65,21.55,21.55,1800
305,21.5,21.65,21.4,21.55,7650
306,21.45,21.55,21.4,21.5,2900
307,21.5,21.5,21.425,21.425,5200
308,21.475,21.55,21.45,21.55,3390
309,21.45,21.5,21.45,21.475,4475
310,21.475,21.5,21.45,21.45,4169
311,21.65,21.65,21.475,21.475,11029
312,21.65,21.65,21.55,21.6,6464
313,21.65,21.7,21.625,21.65,2521
314,21.6,21.65,21.575,21.625,2300
315,21.6,21.6,21.5,21.575,9313
316,21.675,21.6844,21.6,21.6,4200
317,21.675,21.7,21.65,21.675,2528
318,21.575,21.65,21.55,21.65,7303
319,21.65,21.675,21.55,21.55,5800
320,21.6,21.7,21.55,21.7,26623
321,21.6,21.65,21.55,21.55,15773
322,21.7,21.775,21.575,21.6,18770
323,21.725,21.7754,21.7,21.7,16940
324,21.65,21.75,21.65,21.725,16639
325,21.75,21.7881,21.625,21.675,24905
326,21.65,21.8,21.65,21.75,15100
327,21.75,21.85,21.65,21.65,78483
432,21.7,21.7,21.7,21.7,6559
433,21.56,21.7237,21.55,21.57,5762
434,21.5077,21.66,21.5077,21.6,2035
435,21.545,21.545,21.5,21.5,2500
436,21.5,21.525,21.4,21.525,4104
437,21.5,21.5,21.425,21.5,2400
439,21.4,21.45,21.4,21.45,2600
440,21.45,21.45,21.4,21.4,1500
441,21.5,21.5,21.25,21.425,42589
442,21.4,21.45,21.4,21.45,2400
443,21.35,21.4,21.35,21.35,2800
444,21.4,21.4,21.275,21.35,8558
445,21.45,21.5,21.45,21.45,2100
446,21.45,21.45,21.425,21.425,550
447,21.5,21.5,21.4,21.45,3600
448,21.55,21.55,21.475,21.5,1900
449,21.464,21.5,21.4,21.5,2995
450,21.5,21.5,21.45,21.45,3000
451,21.5,21.5,21.4,21.45,1700
452,21.5185,21.54,21.5,21.5,1139
453,21.55,21.55,21.4855,21.5,2200
454,21.6,21.6,21.55,21.579,4374
455,21.5,21.55,21.5,21.55,2414
456,21.55,21.55,21.45,21.5,8000
457,21.5174,21.56,21.5174,21.55,1400
458,21.55,21.5621,21.55,21.5621,3496
459,21.55,21.6,21.55,21.575,2443
460,21.6,21.625,21.55,21.55,8055
461,21.55,21.6,21.55,21.55,1600
462,21.5816,21.6,21.55,21.6,1650
463,21.6,21.625,21.575,21.575,2996
464,21.6,21.65,21.55,21.55,3100
465,21.6,21.6,21.55,21.6,2100
466,21.6,21.65,21.6,21.65,1800
467,21.75,21.75,21.6,21.6,49157
468,21.6,21.75,21.6,21.75,6735
469,21.625,21.65,21.6,21.65,5802
470,21.65,21.7,21.575,21.6,16300
471,21.6,21.675,21.525,21.65,49460
864,21.7,21.7,21.7,21.7,2818
865,21.7574,21.85,21.7,21.79,4960
866,21.9,21.9,21.75,21.7574,6676
867,21.9,22,21.8318,21.9,27119
868,21.825,21.86,21.825,21.86,6990
869,21.65,21.8326,21.6,21.8326,18343
870,21.8,21.8,21.7,21.7,5907
871,21.85,21.875,21.75,21.775,3600
872,21.825,21.85,21.8206,21.8206,10010
873,21.825,21.85,21.825,21.825,1437
874,21.85,21.9,21.825,21.825,5200
875,21.75,21.8538,21.75,21.8538,3400
876,21.75,21.85,21.725,21.775,6414
877,21.85,21.85,21.75,21.75,2200
878,21.85,21.88,21.85,21.85,4850
879,21.85,21.9,21.8,21.8,1400
880,21.85,21.9,21.8,21.85,6170
881,21.75,21.85,21.725,21.85,49952
882,21.7,21.75,21.7,21.75,2492
883,21.775,21.775,21.7,21.725,3400
884,21.75,21.8,21.75,21.775,2400
885,21.75,21.78,21.65,21.75,8400
886,21.8,21.825,21.775,21.8,4109
887,21.8,21.825,21.8,21.8,4200
888,21.775,21.795,21.75,21.75,4798
889,21.85,21.85,21.75,21.75,11513
890,21.8,21.875,21.8,21.825,4925
891,21.7,21.825,21.675,21.8,6470
892,21.725,21.725,21.625,21.725,9792
893,21.675,21.725,21.675,21.725,7186
894,21.7,21.725,21.65,21.675,3301
895,21.75,21.75,21.65,21.675,4752
896,21.65,21.725,21.65,21.725,6100
897,21.675,21.675,21.6,21.65,16489
898,21.675,21.7,21.675,21.7,900
899,21.775,21.9,21.7,21.7,12462
900,21.85,21.875,21.65,21.75,35006
901,21.85,21.9,21.8,21.85,115254
902,21.95,21.95,21.85,21.85,10093
903,21.95,22,21.9,21.95,50181
a1493731800,21.9,21.9,21.9,21.9,5196
1,21.875,21.95,21.875,21.95,2400
2,21.85,21.95,21.85,21.9,4581
3,21.85,21.85,21.85,21.85,1400
4,21.8,21.85,21.75,21.85,3700
5,21.75,21.755,21.71,21.755,4885
6,21.7,21.75,21.65,21.75,4099
7,21.675,21.7165,21.65,21.7,1407
8,21.65,21.7,21.6,21.65,4000
9,21.65,21.675,21.625,21.625,4187
10,21.726,21.75,21.7,21.7,7208
11,21.7,21.715,21.67,21.7,764
12,21.5,21.7,21.5,21.7,13425
13,21.5,21.55,21.45,21.5,15119
14,21.6,21.6,21.45,21.45,8309
15,21.575,21.625,21.55,21.6,5763
16,21.6,21.65,21.55,21.55,4671
17,21.625,21.65,21.6,21.6,5006
18,21.65,21.7,21.6,21.625,5318
19,21.6,21.65,21.6,21.65,3200
20,21.6,21.65,21.55,21.6,7301
21,21.625,21.65,21.575,21.6,5500
22,21.6,21.65,21.6,21.6,4100
23,21.6,21.65,21.575,21.6,3986
24,21.65,21.65,21.55,21.6,3840
25,21.6,21.65,21.55,21.6,5100
26,21.6,21.65,21.575,21.6,5906
27,21.6,21.6,21.6,21.6,2000
28,21.6,21.632,21.575,21.625,6589
29,21.625,21.65,21.6,21.6,6500
30,21.6,21.625,21.55,21.6,6042
31,21.625,21.65,21.6,21.625,3100
32,21.625,21.6405,21.55,21.6,8365
33,21.6,21.65,21.575,21.625,5542
34,21.65,21.65,21.575,21.625,6877
35,21.65,21.7,21.575,21.6,10579
36,21.625,21.65,21.6186,21.65,3696
37,21.6,21.65,21.55,21.6,20569
38,21.575,21.6,21.55,21.575,11448
39,21.55,21.65,21.55,21.575,63782
144,21.5,21.5,21.5,21.5,2853
145,21.5,21.6,21.4314,21.4314,3822
146,21.45,21.5,21.45,21.5,1201
147,21.3,21.425,21.26,21.4,5579
148,21.25,21.375,21.25,21.312,6786
149,21.216,21.275,21.1,21.275,11955
150,21.25,21.25,21.2,21.225,3033
151,21.25,21.35,21.25,21.25,3233
152,21.3,21.35,21.3,21.3183,700
153,21.25,21.35,21.175,21.35,27728
154,21.35,21.35,21.25,21.275,4002
155,21.25,21.3,21.25,21.25,1350
156,21.25,21.35,21.2,21.25,7736
157,21.275,21.3,21.25,21.25,3100
158,21.25,21.3,21.2,21.25,3604
159,21.25,21.275,21.225,21.25,1700
160,21.225,21.25,21.2,21.225,1403
161,21.25,21.3,21.224,21.224,3794
162,21.2,21.2751,21.2,21.2751,4480
163,21.2,21.25,21.2,21.225,700
164,21.225,21.25,21.2,21.225,5199
165,21.325,21.325,21.2,21.225,5222
166,21.375,21.4,21.35,21.35,3161
167,21.3,21.367,21.3,21.35,2165
168,21.325,21.35,21.3,21.325,1900
169,21.275,21.35,21.25,21.3,2594
170,21.275,21.3,21.25,21.25,1900
171,21.3,21.35,21.275,21.3,5993
172,21.35,21.35,21.275,21.3,3900
173,21.25,21.34,21.2,21.3,7099
174,21.2,21.3,21.2,21.2,2050
175,21.275,21.3,21.2,21.3,3350
176,21.275,21.3,21.275,21.3,1600
177,21.3,21.3502,21.275,21.3,11800
178,21.275,21.325,21.25,21.25,4187
179,21.15,21.3,21.15,21.275,20397
180,21.175,21.2,21.1,21.15,27752
181,21.275,21.325,21.175,21.175,13852
182,21.35,21.35,21.25,21.3,10010
183,21.3,21.4,21.25,21.325,41534
288,21.4,21.4,21.4,21.4,2556
289,21.4186,21.45,21.25,21.25,5625
290,21.375,21.4,21.3,21.35,1700
291,21.45,21.45,21.35,21.35,800
292,21.4,21.425,21.375,21.4,2100
293,21.55,21.55,21.4,21.4,3188
294,21.6,21.6,21.5,21.55,4144
295,21.725,21.75,21.6,21.65,7333
296,21.65,21.75,21.65,21.75,13300
297,21.55,21.65,21.5,21.625,3700
298,21.571,21.6,21.55,21.55,1600
299,21.56,21.6,21.55,21.55,2900
300,21.5,21.575,21.5,21.575,3300
301,21.475,21.53,21.475,21.52,4900
302,21.5,21.5323,21.4694,21.4694,8272
303,21.475,21.525,21.4641,21.52,9035
304,21.5,21.65,21.47,21.475,19871
305,21.505,21.6683,21.4702,21.52,47112
306,21.325,21.5183,21.25,21.5,41740
307,21.35,21.4,21.2,21.3,33698
308,21.45,21.45,21.35,21.35,3200
309,21.45,21.55,21.45,21.45,3073
310,21.5,21.55,21.45,21.466,5350
311,21.35,21.5,21.3,21.45,4401
312,21.316,21.5,21.3,21.375,10800
313,21.35,21.4,21.3,21.35,6600
314,21.45,21.45,21.3,21.39,2843
315,21.4,21.4,21.25,21.4,8600
316,21.25,21.4,21.25,21.4,6400
317,21.3,21.325,21.25,21.3,4634
318,21.34,21.35,21.267,21.275,5200
319,21.35,21.35,21.31,21.325,4395
320,21.4,21.4,21.325,21.35,3974
321,21.3,21.4,21.25,21.4,7795
322,21.3,21.35,21.3,21.3,11980
323,21.4,21.4,21.3,21.325,8370
324,21.4,21.4,21.35,21.375,12347
325,21.45,21.45,21.35,21.45,31035
326,21.445,21.6,21.425,21.425,47295
327,21.2,21.5,21.15,21.475,80330
432,21.2,21.2,21.2,21.2,10888
433,20.6,21.15,19.81,21.15,69780
434,20.5,20.6,19.98,20.575,23090
435,20.55,20.563,20.3,20.5,13600
436,20.625,21,20.5,20.5,32398
437,20.6718,21.1,20.6,20.625,25464
438,21.05,21.05,20.6,20.6406,11023
439,21.2,21.2,21.05,21.05,19093
440,21.1,21.25,21.05,21.175,14210
441,20.95,21.15,20.85,21.1,10603
442,20.9,20.95,20.9,20.95,3501
443,20.8,20.9106,20.786,20.8975,9807
444,20.75,20.825,20.7,20.7922,7533
445,20.8,20.8,20.7,20.7,3350
446,20.9,20.95,20.7,20.795,9762
447,20.9,20.925,20.85,20.9,2200
448,21.05,21.05,20.8,20.9,26974
449,21,21.05,20.925,21.05,11076
450,21,21.05,20.975,21,3108
451,21.025,21.05,20.975,20.975,6083
452,21.014,21.05,20.95,21.025,16847
453,21.025,21.05,20.925,21.025,22645
454,21.075,21.075,21,21.05,35144
455,20.9608,21.075,20.9,21.075,6850
456,21.025,21.025,20.9,20.95,27400
457,21.025,21.05,21,21.025,6700
458,21,21.1,21,21.05,62800
459,21.4,21.4,21.1,21.1,13645
460,21.55,21.75,21.45,21.45,13206
461,21.725,21.9,21.55,21.6,22895
462,21.475,21.75,21.4,21.7,26788
463,21.55,21.55,21.4,21.45,21387
464,21.5,21.55,21.4,21.55,23177
465,21.4,21.5,21.35,21.45,60420
466,21.425,21.5,21.375,21.4,29615
467,21.45,21.5,21.4,21.4224,8800
468,21.45,21.5,21.4,21.45,11395
469,21.425,21.55,21.4,21.45,18093
470,21.5,21.5,21.4,21.425,95373
471,21.7,21.75,21.4,21.5,175483
864,21.45,21.45,21.45,21.45,26581
865,21.4,21.65,21.35,21.5,4277
866,21.5,21.55,21.4,21.5,8379
867,21.7,21.7,21.5,21.5,3600
868,21.75,21.8,21.7,21.7,2180
869,21.4421,21.75,21.4,21.7,14094
870,21.2673,21.4,21.25,21.4,4945
871,21.25,21.275,21.25,21.25,1400
872,21.3,21.3,21.2,21.225,11580
873,21.4,21.45,21.275,21.35,8038
874,21.25,21.4,21.25,21.4,2600
875,21.25,21.295,21.25,21.295,4370
876,21.11,21.3,21.05,21.2,13582
877,21.15,21.2,21.05,21.1,4767
878,21.15,21.2,21.15,21.2,4300
879,21.1,21.125,21.1,21.1,1400
880,20.975,21.05,20.95,21.05,4955
881,21.05,21.15,20.95,20.975,7475
882,21.05,21.15,21.05,21.05,4885
883,21.2365,21.2365,21.1,21.15,4200
884,21.275,21.3,21.2,21.25,6204
885,21.225,21.3,21.225,21.3,2200
886,21.3,21.3,21.2,21.225,3500
887,21.25,21.275,21.225,21.25,2500
888,21.275,21.3,21.25,21.275,1300
889,21.25,21.3,21.25,21.25,3841
890,21.25,21.3,21.2,21.3,2500
891,21.25,21.3,21.2,21.25,4101
892,21.25,21.3,21.2,21.25,3577
893,21.2,21.25,21.2,21.25,2000
894,21.075,21.25,21.05,21.25,6700
895,21,21.1,21,21.05,3153
896,21.05,21.0917,21,21.0917,2520
897,21.05,21.1,21.05,21.05,2600
898,21.075,21.1,21.05,21.1,5605
899,21.05,21.075,21.05,21.075,2700
900,21.075,21.1,21.05,21.075,5100
901,20.925,21.075,20.9,21.075,31227
902,20.975,21.05,20.9,20.9,17006
903,21,21.05,20.925,20.975,66598
a1494336600,21,21,21,21,4216
1,21,21.1691,20.6607,20.75,4700
2,21.05,21.05,20.95,20.95,3615
3,20.95,21.05,20.95,21.05,4400
4,20.95,21,20.95,20.975,1499
5,20.8,20.975,20.8,20.95,8700
6,20.75,20.825,20.65,20.8,9333
7,20.7,20.75,20.7,20.725,3338
8,20.6,20.75,20.55,20.7155,11323
9,20.65,20.75,20.65,20.65,3126
10,20.6,20.75,20.6,20.75,3267
11,20.65,20.675,20.6,20.6,3242
12,20.8,20.8,20.65,20.65,5504
13,20.95,20.95,20.8,20.8,5419
14,20.9,20.95,20.85,20.95,2519
15,20.95,21.025,20.9,20.9,4432
16,20.975,21,20.925,20.95,3672
17,20.975,21,20.95,20.975,2100
18,21.05,21.125,20.95,20.975,7600
19,21,21.05,21,21.05,2250
20,21,21.075,21,21.0123,9699
21,20.926,21.025,20.905,21,6028
22,20.95,20.96,20.925,20.95,2200
23,20.975,21,20.968,20.975,1600
24,20.95,20.98,20.925,20.975,7472
25,20.95,20.95,20.925,20.95,2023
26,20.9248,20.9414,20.9,20.9,3300
27,20.95,20.95,20.9,20.9,3700
28,20.925,20.95,20.875,20.9,7891
29,20.925,20.925,20.9,20.925,815
30,20.9144,20.925,20.9,20.9,3700
31,21,21.05,20.925,20.925,20538
32,21,21,20.95,21,47749
33,20.975,21,20.95,20.9835,820
34,20.925,21,20.9,20.975,3934
35,20.8,20.9,20.8,20.9,5001
36,20.85,20.9,20.75,20.75,14180
37,20.75,20.85,20.7,20.825,21737
38,20.7,20.8,20.7,20.775,15573
39,20.75,20.825,20.7,20.7,67584
144,20.7,20.7,20.7,20.7,4211
145,20.55,20.75,20.55,20.65,3500
146,20.5838,20.6,20.5408,20.5408,5550
147,20.6,20.6,20.45,20.55,7275
148,20.6,20.6,20.55,20.55,2200
149,20.6,20.6,20.525,20.55,2523
150,20.55,20.6,20.5442,20.55,4254
151,20.55,20.6,20.5298,20.55,2500
152,20.46,20.575,20.46,20.55,4500
153,20.475,20.5,20.475,20.5,200
154,20.4353,20.5,20.4,20.466,3811
155,20.5,20.5,20.4,20.425,7312
156,20.3,20.45,20.25,20.45,14266
157,20.25,20.35,20.25,20.35,2300
158,20.1,20.25,20.1,20.25,6952
159,20.2,20.25,20.05,20.1,8937
160,20.2,20.25,20.2,20.225,5254
161,20.2,20.225,20.2,20.225,1700
162,20.2,20.25,20.2,20.225,4838
163,20.1,20.225,20.1,20.2,8232
164,20.175,20.175,20.125,20.15,2819
165,20.1,20.225,20.1,20.175,6042
166,20.2,20.2,20.125,20.125,6070
167,20.1,20.2,20.1,20.2,8615
168,20.15,20.15,20.075,20.1,2403
169,20.1,20.15,20.1,20.15,1000
170,20.0805,20.15,20.05,20.125,9471
171,20,20.1,20,20.075,3625
172,19.975,20.05,19.95,20.025,16271
173,19.95,19.975,19.95,19.975,2801
174,19.95,19.975,19.94,19.95,5400
175,19.975,20,19.945,19.95,7056
176,19.85,19.975,19.805,19.975,7605
177,19.7,19.85,19.65,19.805,24338
178,19.775,19.775,19.65,19.725,12443
179,19.75,19.845,19.675,19.775,15000
180,19.65,19.75,19.65,19.7,15049
181,19.625,19.675,19.56,19.65,21817
182,19.6,19.7,19.6,19.625,19489
183,19.6,19.65,19.55,19.65,52546
288,19.9,19.9,19.55,19.55,5975
289,19.425,19.7,19.4,19.7,23765
290,19.1,19.425,19.025,19.425,45218
291,18.8815,19.1,18.875,19.075,23465
292,18.75,18.9,18.75,18.875,28132
293,18.575,18.775,18.375,18.75,70914
294,18.7,18.8,18.55,18.575,23116
295,18.7,18.75,18.65,18.7,24585
296,18.75,18.8,18.7,18.7,26584
297,18.725,18.775,18.6,18.775,24617
298,18.975,19,18.725,18.725,38088
299,18.95,19,18.9,18.9767,8950
300,18.975,19,18.95,18.95,8800
301,18.925,19.05,18.925,18.95,24076
302,18.925,18.925,18.875,18.9,5150
303,18.975,19.025,18.925,18.925,11000
304,18.975,19,18.95,18.975,2300
305,18.95,19,18.9,18.975,5900
306,18.925,18.95,18.9,18.925,3900
307,18.925,18.95,18.925,18.925,4900
308,18.925,18.95,18.9,18.95,4650
309,18.8625,18.925,18.825,18.925,9889
310,18.9,18.925,18.9,18.9,2864
311,18.925,18.95,18.925,18.925,1400
312,18.95,18.95,18.925,18.925,6142
313,19,19,18.95,18.95,3647
314,19.025,19.05,19,19.025,3923
315,19,19.05,19,19.025,2700
316,19.025,19.05,19,19,13098
317,19,19.05,18.875,19.05,11722
318,18.95,18.9759,18.95,18.975,2000
319,18.95,19,18.95,18.975,1500
320,18.975,19,18.95,18.975,2432
321,18.925,18.975,18.91,18.975,6268
322,19,19,18.92,18.925,5360
323,19.025,19.05,18.975,19,6330
324,18.95,19.05,18.95,19.025,8286
325,19,19,18.95,18.95,6100
326,18.975,19,18.95,18.975,21273
327,18.95,19,18.9,18.95,55213
432,18.95,18.95,18.95,18.95,4823
433,18.85,19.125,18.75,19.125,6712
434,18.775,18.9,18.76,18.85,3800
435,18.775,18.8,18.75,18.775,3600
436,18.775,18.8,18.7,18.775,10912
437,18.8,18.808,18.725,18.725,4419
438,18.75,18.8,18.75,18.775,2600
439,18.775,18.8,18.7,18.75,4800
440,18.825,18.85,18.775,18.775,11653
441,18.95,18.95,18.775,18.85,12062
442,19,19.05,18.95,18.95,5989
443,18.925,19.05,18.9,19.05,3802
444,18.875,18.95,18.825,18.9,4392
445,18.85,18.925,18.825,18.8753,7502
446,18.8,18.85,18.65,18.8,23145
447,18.9,18.9,18.775,18.8,6194
448,18.9,18.9,18.8,18.9,3400
449,18.875,18.875,18.8,18.85,4400
450,18.85,18.9,18.85,18.85,2125
451,18.85,18.9,18.825,18.85,6002
452,18.9,18.925,18.85,18.85,7983
453,18.925,18.9332,18.9,18.9,1200
454,18.925,18.925,18.9,18.925,1600
455,18.975,18.975,18.9233,18.925,4436
456,18.9615,19,18.95,18.975,11300
457,19.04,19.04,18.95,18.975,6900
458,19.075,19.1,19.025,19.05,13067
459,19,19.075,19,19.075,4426
460,18.95,19.025,18.925,19,11114
461,18.9,18.9885,18.9,18.975,6163
462,18.875,18.9384,18.85,18.9384,4200
463,18.9,18.925,18.85,18.875,5400
464,18.925,18.925,18.85,18.9,3100
465,18.875,18.925,18.875,18.9,6400
466,18.775,18.875,18.75,18.875,12778
467,18.775,18.775,18.75,18.775,5800
468,18.725,18.775,18.7,18.775,7873
469,18.675,18.725,18.65,18.725,11761
470,18.7,18.7,18.65,18.65,16769
471,18.75,18.75,18.7,18.725,90537
864,18.9,18.9,18.9,18.9,7242
865,19.075,19.45,19.05,19.245,21796
866,19.313,19.313,19.05,19.1,5602
867,19.664,19.666,19.325,19.34,20751
868,19.4291,19.65,19.4,19.648,10504
869,19.3,19.4,19.25,19.4,6058
870,19.575,19.575,19.4,19.4,10218
871,19.55,19.85,19.55,19.6,16860
872,19.65,19.7,19.55,19.6,4300
873,19.775,19.8,19.65,19.65,19940
874,19.775,19.85,19.76,19.8,3711
875,19.95,19.95,19.75,19.75,25331
876,19.825,19.95,19.75,19.95,9765
877,19.7104,19.8103,19.7,19.8,5110
878,19.6605,19.775,19.65,19.75,7030
879,19.583,19.7,19.55,19.65,7098
880,19.525,19.6,19.525,19.5606,4019
881,19.5606,19.571,19.5,19.55,4232
882,19.5364,19.6,19.5364,19.6,4884
883,19.85,19.85,19.5,19.5,20821
884,19.85,19.9,19.85,19.85,6900
885,19.975,19.975,19.832,19.9,7757
886,20,20,19.95,19.9747,6200
887,20,20.05,19.95,19.95,3527
888,19.975,20,19.9101,20,4272
889,20.15,20.2,20,20,11862
890,20.15,20.15,20.025,20.1,17656
891,20.1,20.2,20.1,20.125,7425
892,20.325,20.325,20.125,20.125,25947
893,20.45,20.45,20.2758,20.3,14206
894,20.25,20.45,20.2,20.45,14240
895,20.45,20.45,20.2,20.2,9899
896,20.325,20.45,20.25,20.45,11349
897,20.4,20.45,20.3,20.325,11039
898,20.45,20.45,20.3,20.4,12387
899,20.4,20.45,20.375,20.425,26805
900,20.25,20.375,20.225,20.375,13174
901,20.2,20.275,20.15,20.225,12821
902,20.15,20.25,20.11,20.175,13113
903,19.85,20.15,19.85,20.1,144771
a1494941400,20.25,20.25,20,20,2594
1,19.7745,20.05,19.7745,19.9,7363
2,19.579,19.8,19.55,19.8,5715
3,19.429,19.55,19.4,19.55,4552
4,19.45,19.5,19.35,19.4,4717
5,19.425,19.44,19.4242,19.425,1450
6,19.325,19.45,19.3,19.4,5427
7,19.375,19.5,19.325,19.325,8140
8,19.366,19.4,19.3,19.375,4360
9,19.325,19.4,19.29,19.35,7063
10,19.375,19.4,19.3,19.325,4385
11,19.4,19.45,19.35,19.375,8296
12,19.425,19.45,19.4,19.4,2300
13,19.475,19.475,19.4,19.425,4200
14,19.475,19.5,19.45,19.45,2000
15,19.55,19.59,19.45,19.475,5274
16,19.525,19.6,19.5,19.55,4393
17,19.475,19.55,19.45,19.525,5934
18,19.475,19.5,19.45,19.475,2700
19,19.45,19.4795,19.425,19.475,4400
20,19.475,19.475,19.45,19.45,3700
21,19.525,19.55,19.475,19.475,3900
22,19.55,19.55,19.45,19.5,6099
23,19.65,19.695,19.55,19.55,4391
24,19.625,19.65,19.6,19.65,8239
25,19.65,19.675,19.625,19.625,4712
26,19.65,19.679,19.65,19.65,2300
27,19.675,19.6895,19.65,19.675,7274
28,19.825,19.825,19.65,19.675,7049
29,19.75,19.9,19.75,19.85,5444
30,19.7,19.8,19.7,19.8,3600
31,19.75,19.775,19.7,19.725,4300
32,19.7,19.764,19.7,19.764,1300
33,19.75,19.8,19.7,19.725,7794
34,19.7,19.75,19.7,19.75,3041
35,19.725,19.775,19.675,19.7,9494
36,19.775,19.8,19.7,19.725,9150
37,19.8,19.85,19.775,19.8,15784
38,19.8,19.95,19.8,19.8,15454
39,19.8,19.85,19.75,19.825,50369
144,19.55,19.55,19.55,19.55,3269
145,19.4,19.625,19.3,19.55,2825
146,19.5,19.5,19.445,19.45,2641
147,19.525,19.6,19.485,19.5,15384
148,19.5,19.5,19.45,19.5,6144
149,19.45,19.55,19.45,19.5,600
150,19.55,19.55,19.25,19.45,26932
151,19.475,19.6,19.35,19.55,13405
152,19.65,19.65,19.5,19.5,7182
153,19.65,19.7,19.6,19.625,7853
154,19.6,19.7,19.6,19.7,6073
155,19.65,19.7,19.55,19.6,6100
156,19.45,19.65,19.45,19.65,5299
157,19.5,19.5,19.4,19.45,4500
158,19.5,19.525,19.5,19.525,600
159,19.475,19.525,19.45,19.5,7367
160,19.425,19.5,19.4,19.45,4000
161,19.45,19.45,19.35,19.4,14562
162,19.4,19.4,19.4,19.4,4500
163,19.425,19.45,19.375,19.4,3500
164,19.5,19.5,19.4,19.4,7980
165,19.475,19.475,19.4,19.45,3908
166,19.425,19.45,19.4,19.45,4110
167,19.45,19.475,19.375,19.45,7400
168,19.45,19.5,19.4,19.45,5290
169,19.375,19.45,19.35,19.4,2200
170,19.4,19.4,19.35,19.375,5253
171,19.425,19.425,19.3,19.395,12381
172,19.4,19.425,19.4,19.425,8490
173,19.4,19.425,19.375,19.4,8551
174,19.375,19.4,19.3,19.4,4843
175,19.375,19.4,19.3,19.4,14852
176,19.4,19.4,19.35,19.375,8762
177,19.425,19.45,19.35,19.35,7860
178,19.4,19.425,19.35,19.4,4155
179,19.45,19.45,19.35,19.35,6255
180,19.525,19.55,19.45,19.475,10415
181,19.55,19.55,19.45,19.5,16670
182,19.35,19.5295,19.35,19.5295,15766
183,19.3,19.4,19.3,19.325,39155
288,19.25,19.25,19.25,19.25,3120
289,19.25,19.25,19.1,19.1387,3723
290,19.35,19.35,19.25,19.339,2120
291,19.55,19.55,19.325,19.35,3700
292,19.4,19.55,19.4,19.55,3667
293,19.525,19.55,19.45,19.45,1700
294,19.45,19.6,19.45,19.5,6057
295,19.3,19.45,19.3,19.4,4791
296,19.3,19.4,19.25,19.35,3130
297,19.3,19.3,19.29,19.3,1550
298,19.3,19.3,19.25,19.275,1969
299,19.35,19.35,19.325,19.35,2200
300,19.425,19.45,19.35,19.35,6800
301,19.4,19.425,19.4,19.4,1100
302,19.4,19.4,19.3668,19.4,5452
303,19.45,19.475,19.4,19.4,4717
304,19.4,19.425,19.375,19.425,8620
305,19.4,19.4,19.35,19.4,5640
306,19.35,19.45,19.35,19.45,1502
307,19.3,19.4,19.25,19.35,4042
308,19.2,19.35,19.2,19.3,3215
309,19.2,19.225,19.2,19.2,1100
310,19.15,19.25,19.15,19.2,2460
311,19.155,19.2,19.15,19.2,3961
312,19.15,19.15,19.1,19.1,4922
313,19.15,19.15,19.1,19.15,2493
314,19.15,19.2,19.125,19.125,1499
315,19.25,19.25,19.1,19.2,4437
316,19.25,19.25,19.225,19.25,900
317,19.125,19.25,19.1,19.225,4100
318,19.15,19.15,19.15,19.15,1300
319,19.275,19.275,19.15,19.175,3700
320,19.15,19.25,19.1,19.25,6103
321,19.15,19.15,19.1,19.15,5607
322,19.175,19.2,19.1,19.1,2000
323,19.15,19.2,19.15,19.15,1400
324,19.2,19.2,19.15,19.15,2522
325,19.25,19.25,19.15,19.175,4550
326,19.225,19.3,19.075,19.25,15884
327,19.35,19.4,19.2,19.2,75207
432,19.4,19.4,19.4,19.4,3755
433,19.35,19.425,19.35,19.425,800
434,19.56,19.6,19.35,19.35,4606
435,19.575,19.575,19.5,19.55,5114
436,19.375,19.575,19.35,19.55,3304
437,19.475,19.475,19.4,19.4,2521
438,19.5,19.5,19.425,19.475,4555
439,19.55,19.6,19.5,19.5,7773
440,19.5,19.575,19.5,19.5393,2689
441,19.7,19.75,19.55,19.55,11231
442,19.6,19.65,19.6,19.65,2900
443,19.575,19.65,19.575,19.6,7204
444,19.625,19.625,19.55,19.575,5625
445,19.65,19.65,19.55,19.6,4810
446,19.675,19.7,19.65,19.65,4347
447,19.7,19.75,19.675,19.675,4718
448,19.725,19.75,19.675,19.7,5246
449,19.725,19.725,19.725,19.725,200
450,19.75,19.75,19.7,19.75,500
451,19.725,19.8,19.725,19.725,1600
452,19.725,19.75,19.725,19.75,500
453,19.75,19.75,19.725,19.725,400
454,19.675,19.75,19.65,19.725,5153
455,19.7,19.7,19.675,19.675,1800
456,19.675,19.7,19.65,19.65,4050
457,19.625,19.7,19.6,19.65,5381
458,19.5711,19.6,19.55,19.6,800
459,19.5,19.6,19.5,19.6,2500
460,19.54,19.575,19.525,19.525,4850
461,19.525,19.55,19.525,19.55,400
462,19.575,19.575,19.525,19.55,2578
463,19.575,19.6,19.55,19.55,400
464,19.6,19.6,19.575,19.575,300
465,19.6,19.6,19.55,19.575,1400
466,19.475,19.575,19.475,19.575,8156
467,19.4,19.475,19.375,19.45,3679
468,19.3,19.3768,19.3,19.3768,3800
469,19.39,19.4,19.3,19.3,4600
470,19.375,19.4,19.375,19.4,4200
471,19.3,19.4,19.25,19.375,39274
864,19.35,19.35,19.35,19.35,1344
865,19.4,19.4,19.2,19.325,2400
866,19.45,19.45,19.35,19.35,2500
867,19.4,19.45,19.4,19.4,1900
868,19.65,19.65,19.4,19.45,9539
869,19.7,19.7,19.6,19.6,2422
870,19.65,19.725,19.65,19.675,4200
871,19.6,19.675,19.575,19.65,2100
872,19.6,19.625,19.575,19.575,1710
873,19.5,19.6,19.5,19.6,3510
874,19.575,19.575,19.5,19.54,2200
875,19.625,19.65,19.575,19.575,3652
876,19.6,19.65,19.6,19.65,200
877,19.625,19.625,19.5768,19.6,3250
878,19.6,19.625,19.6,19.625,2500
879,19.6,19.625,19.575,19.575,2900
880,19.6,19.6,19.575,19.6,2000
881,19.65,19.65,19.575,19.575,3201
882,19.625,19.675,19.6106,19.65,6599
883,19.6,19.65,19.5,19.65,8415
884,19.6,19.6,19.575,19.6,900
885,19.55,19.575,19.525,19.55,3300
886,19.6,19.6,19.55,19.55,1600
887,19.6,19.65,19.575,19.6,3200
888,19.575,19.6,19.575,19.6,1405
889,19.65,19.65,19.6,19.6,3705
890,19.65,19.65,19.6,19.65,1650
891,19.625,19.65,19.625,19.625,1500
892,19.7,19.7,19.625,19.625,5943
893,19.7,19.7,19.6738,19.7,4607
894,19.7,19.7,19.65,19.7,3090
895,19.675,19.7,19.675,19.675,2700
896,19.725,19.75,19.6673,19.7,6500
897,19.7,19.75,19.65,19.7225,4700
898,19.725,19.725,19.65,19.675,3100
899,19.675,19.75,19.675,19.75,4100
900,19.7,19.7,19.675,19.7,6238
901,19.7,19.7,19.625,19.7,9510
902,19.7,19.75,19.675,19.7,12614
903,19.7,19.8,19.675,19.69,45453
a1495546200,19.75,19.75,19.75,19.75,4546
1,19.75,19.9,19.75,19.85,6400
2,19.75,19.85,19.75,19.75,5000
3,19.7,19.725,19.65,19.725,4212
4,19.6,19.625,19.55,19.625,1000
5,19.5,19.55,19.5,19.55,8303
6,19.4,19.525,19.35,19.525,4700
7,19.375,19.4,19.35,19.375,600
8,19.4,19.45,19.375,19.4,2400
9,19.4,19.4,19.4,19.4,100
10,19.35,19.5,19.325,19.4,8034
11,19.35,19.375,19.325,19.35,2323
12,19.35,19.4,19.3,19.35,2350
13,19.375,19.4,19.35,19.35,600
14,19.35,19.35,19.35,19.35,1000
15,19.35,19.375,19.3,19.35,3411
16,19.3,19.364,19.3,19.364,550
17,19.325,19.325,19.325,19.325,200
18,19.35,19.4,19.3,19.35,3119
19,19.3,19.325,19.25,19.3,7400
20,19.325,19.35,19.325,19.325,500
21,19.3,19.325,19.2637,19.325,3497
22,19.275,19.3,19.275,19.3,1485
23,19.325,19.325,19.3,19.3,1500
24,19.3,19.35,19.25,19.325,1598
25,19.275,19.3,19.275,19.3,850
26,19.325,19.325,19.295,19.3,2050
27,19.325,19.35,19.325,19.35,1600
28,19.325,19.325,19.3,19.325,1000
29,19.4,19.4,19.35,19.35,4678
30,19.4,19.425,19.3,19.375,89629
31,19.4,19.4,19.35,19.4,10971
32,19.4,19.4,19.4,19.4,35909
33,19.375,19.4,19.375,19.375,2802
34,19.375,19.4,19.3654,19.4,4746
35,19.375,19.4,19.375,19.375,17873
36,19.4,19.4,19.3,19.375,10722
37,19.35,19.4,19.35,19.375,3000
38,19.375,19.4,19.35,19.375,102550
39,19.35,19.4,19.3,19.375,55488
144,19.4,19.4,19.4,19.4,1318
145,19.39,19.39,19.3,19.35,500
146,19.4,19.4,19.35,19.35,5797
147,19.375,19.375,19.375,19.375,300
148,19.4,19.4,19.375,19.4,1645
149,19.4,19.4,19.3691,19.4,1809
150,19.4,19.425,19.4,19.425,200
151,19.45,19.45,19.4,19.425,1799
152,19.45,19.45,19.4188,19.425,3190
153,19.45,19.45,19.4,19.45,700
154,19.4,19.45,19.4,19.4,6443
155,19.4,19.4,19.375,19.375,1300
156,19.4,19.4,19.35,19.375,1100
157,19.3,19.375,19.3,19.35,4100
158,19.375,19.4,19.35,19.35,1100
159,19.275,19.395,19.2,19.395,14100
160,19.275,19.275,19.25,19.25,1214
161,19.3,19.3,19.25,19.25,700
162,19.25,19.3,19.25,19.3,1600
163,19.35,19.35,19.25,19.25,1700
164,19.35,19.35,19.35,19.35,500
165,19.3,19.325,19.275,19.3,4400
166,19.225,19.3,19.225,19.3,2960
167,19.275,19.275,19.25,19.25,4110
168,19.2615,19.3,19.2,19.25,7250
169,19.25,19.3,19.25,19.275,700
170,19.35,19.35,19.275,19.275,2715
171,19.35,19.35,19.3,19.35,798
172,19.3,19.35,19.25,19.3,2200
173,19.3,19.35,19.3,19.3,840
174,19.325,19.35,19.25,19.325,2400
175,19.35,19.35,19.275,19.3,2200
176,19.35,19.35,19.3,19.35,500
177,19.35,19.35,19.3,19.325,3400
178,19.35,19.35,19.31,19.31,800
179,19.35,19.35,19.325,19.35,2400
180,19.3,19.4,19.25,19.4,7678
181,19.15,19.325,19.15,19.3,11280
182,19.225,19.25,19.15,19.15,16701
183,19.2,19.25,19.15,19.225,64400
288,19.25,19.25,19.25,19.25,1836
289,19.25,19.45,19.15,19.45,5900
290,19.25,19.3,19.24,19.24,1548
291,19.3,19.3,19.2,19.2,600
292,19.3,19.35,19.3,19.3,1700
293,19.325,19.375,19.3195,19.3195,2000
294,19.3,19.4,19.3,19.35,1700
295,19.3,19.35,19.3,19.35,200
296,19.375,19.4,19.35,19.4,700
297,19.4,19.45,19.4,19.4,4400
298,19.375,19.425,19.35,19.425,4700
299,19.325,19.4,19.3,19.375,2300
300,19.35,19.35,19.3,19.345,3983
301,19.25,19.35,19.175,19.35,9778
302,19.25,19.25,19.15,19.25,3190
303,19.117,19.2,19.1,19.2,2480
304,19.225,19.225,19.1,19.1,5001
305,19.2,19.25,19.15,19.2,2000
306,19.3,19.3,19.2018,19.25,2697
307,19.35,19.35,19.25,19.3,2500
308,19.35,19.35,19.3138,19.35,1550
309,19.25,19.4,19.25,19.35,3600
310,19.275,19.35,19.25,19.35,1200
311,19.25,19.25,19.15,19.25,3000
312,19.25,19.35,19.2,19.2,7800
313,19.25,19.25,19.2,19.25,1500
314,19.3,19.3,19.2,19.2,2800
315,19.275,19.3,19.25,19.3,1213
316,19.3324,19.35,19.25,19.25,4500
317,19.3,19.35,19.3,19.35,800
318,19.3,19.35,19.3,19.325,1200
319,19.375,19.4,19.3,19.35,2442
320,19.35,19.361,19.3,19.35,1500
321,19.3,19.35,19.3,19.325,1000
322,19.4,19.4,19.3,19.325,4299
323,19.375,19.4,19.35,19.375,4300
324,19.375,19.4,19.35,19.35,6086
325,19.35,19.4,19.35,19.375,6315
326,19.35,19.4,19.35,19.375,12426
327,19.25,19.35,19.15,19.35,58494
432,19.25,19.25,19.25,19.25,1540
433,19.3,19.35,19.3,19.35,1297
434,19.2,19.2,19.2,19.2,1500
435,19.2,19.2,19.2,19.2,900
436,19.075,19.15,19.075,19.15,700
437,19.09,19.1,19.05,19.1,900
438,19,19.05,19,19.05,3008
439,19.1,19.175,19,19,8005
440,19.1,19.1709,19.1,19.1,1220
441,19.05,19.1,19.05,19.1,1000
442,19.05,19.1,19.05,19.075,1200
443,19.075,19.075,19.05,19.05,300
444,19.025,19.1,19,19.1,3317
445,19,19.025,19,19,1300
446,18.975,19.05,18.95,19.05,5075
447,18.95,19,18.85,19,8132
448,18.9662,19,18.95,18.99,1050
449,18.95,18.975,18.95,18.95,600
450,18.9,18.95,18.9,18.95,3200
451,18.9,18.925,18.875,18.9,1400
452,19,19,18.9,18.91,13742
453,18.95,18.95,18.9,18.9,7335
454,18.9,18.95,18.9,18.95,1000
455,18.9,18.9254,18.9,18.9254,1575
456,18.95,18.95,18.9,18.925,800
457,18.975,19,18.9,18.9,9031
458,18.95,19.04,18.95,18.987,15771
459,18.95,18.975,18.95,18.95,2000
460,19.05,19.05,18.95,18.975,5170
461,19.05,19.0766,19,19.05,4100
462,19,19.075,19,19.05,2400
463,19.1,19.1,19,19,6500
464,19.125,19.125,19.1,19.125,700
465,19.15,19.15,19.05,19.1,3885
466,19.125,19.15,19.1,19.15,11900
467,19.05,19.125,19.05,19.125,2700
468,19.1,19.11,19.1,19.1,7688
469,19.15,19.2,19.1,19.11,7919
470,19.125,19.2,19.1,19.15,9690
471,19.15,19.15,19.05,19.125,30618
a1496151000,19.2,19.2,19.2,19.2,6221
1,19.3,19.35,19.3,19.3178,1157
2,19.325,19.35,19.25,19.3,2501
3,19.2483,19.345,19.2,19.345,3440
4,19.075,19.275,19.05,19.275,3988
5,19.05,19.1,18.975,19.05,5025
6,19.1,19.1,19.05,19.05,1600
7,19.075,19.1,19,19.1,3239
8,19.1,19.15,19.07,19.075,4800
9,19.025,19.0999,19,19.075,2878
10,18.95,19,18.95,19,1795
11,18.95,18.975,18.9,18.95,2300
12,18.925,18.95,18.8,18.95,6149
13,18.917,18.925,18.9,18.9,800
14,18.925,18.9384,18.9,18.9384,1500
15,18.925,18.9289,18.9,18.925,2700
16,18.925,18.95,18.9,18.9,1100
17,18.9,18.95,18.9,18.9,500
18,18.925,18.925,18.9,18.925,3200
19,18.975,19,18.925,18.95,5000
20,18.95,18.98,18.9,18.98,1850
21,18.95,18.95,18.9,18.9,820
22,18.9,18.925,18.85,18.9,2200
23,18.85,18.9,18.85,18.875,400
24,18.85,18.875,18.85,18.85,300
25,18.85,18.9,18.85,18.875,1300
26,18.85,18.875,18.85,18.875,3230
27,18.825,18.85,18.821,18.85,1322
28,18.8,18.8499,18.8,18.8,1400
29,18.775,18.85,18.775,18.8109,2750
30,18.75,18.75,18.7,18.75,2240
31,18.8,18.8,18.7,18.7,3270
32,18.75,18.8,18.75,18.775,1000
33,18.825,18.85,18.8,18.8,1997
34,18.9,18.9,18.8,18.825,4191
35,18.875,18.9,18.825,18.875,5764
36,18.8,18.825,18.75,18.825,5010
37,18.8,18.85,18.75,18.8,3600
38,18.875,18.925,18.825,18.85,13150
39,18.9,18.9,18.85,18.9,19535
144,18.9,18.9,18.9,18.9,1387
145,18.96,18.96,18.8,18.84,4132
146,18.8,19,18.8,18.9384,3946
147,18.6,18.8,18.525,18.8,7433
148,18.5345,18.6,18.51,18.6,8720
149,18.45,18.55,18.3,18.55,12709
150,18.7,18.7,18.45,18.45,3178
151,18.5,18.675,18.5,18.65,7225
152,18.55,18.6,18.55,18.55,1600
153,18.625,18.65,18.6,18.6,3118
154,18.5,18.65,18.5,18.625,4500
155,18.475,18.5278,18.425,18.525,3098
156,18.49,18.525,18.45,18.46,3513
157,18.46,18.525,18.46,18.5,1200
158,18.475,18.475,18.4,18.46,3519
159,18.5,18.525,18.5,18.5,2700
160,18.55,18.575,18.5,18.525,8203
161,18.6,18.6,18.55,18.55,3828
162,18.61,18.61,18.55,18.6,1870
163,18.6,18.625,18.55,18.55,6200
164,18.6,18.65,18.575,18.575,5802
165,18.55,18.6,18.5,18.6,6994
166,18.6,18.6,18.5,18.5,300
167,18.6,18.6,18.55,18.6,2483
168,18.6,18.625,18.55,18.55,1100
169,18.6,18.65,18.6,18.65,6312
170,18.55,18.6,18.51,18.6,5950
171,18.55,18.58,18.5,18.58,2477
172,18.5,18.575,18.5,18.55,2900
173,18.52,18.52,18.46,18.5,2366
174,18.5,18.525,18.45,18.525,1100
175,18.45,18.55,18.45,18.49,9485
176,18.5,18.5,18.45,18.5,4700
177,18.525,18.525,18.5,18.525,4553
178,18.55,18.55,18.5,18.5,5168
179,18.625,18.65,18.55,18.55,33661
180,18.5,18.65,18.5,18.625,6168
181,18.55,18.6,18.55,18.55,2600
182,18.65,18.65,18.55,18.55,9662
183,18.6,18.65,18.5,18.65,49769
288,18.75,18.75,18.75,18.75,3392
289,18.7,18.9,18.6,18.6,6760
290,18.75,18.85,18.725,18.725,5900
291,18.725,18.79,18.725,18.75,1060
292,18.7,18.771,18.7,18.771,7761
293,18.7,18.725,18.7,18.705,3540
294,18.655,18.7777,18.655,18.75,3500
295,18.6,18.675,18.6,18.65,1800
296,18.5325,18.625,18.5,18.625,2400
297,18.5259,18.54,18.5,18.54,667
298,18.575,18.575,18.5,18.5,2300
299,18.625,18.65,18.6,18.6,1265
300,18.8,18.8,18.6,18.6355,5289
301,18.8,18.8,18.75,18.8,1300
302,18.8,18.8298,18.775,18.775,8112
303,18.825,18.85,18.8,18.825,1506
304,18.85,18.85,18.8,18.825,1200
305,18.9,18.9,18.8,18.8,6300
306,18.9,18.9,18.875,18.875,2216
307,18.9,18.9,18.85,18.9,2500
308,18.85,18.9,18.85,18.9,1500
309,18.85,18.95,18.85,18.875,32600
310,18.85,18.94,18.85,18.85,3250
311,18.85,18.9,18.85,18.85,4100
312,18.9024,18.9024,18.9,18.9,5152
313,18.8,18.9,18.8,18.9,1100
314,18.85,18.875,18.8,18.825,2300
315,18.85,18.9,18.8,18.85,8600
316,18.8672,18.8672,18.825,18.825,1400
317,18.95,18.95,18.9,18.9,5139
318,18.95,19,18.9,18.95,5428
319,18.9,18.95,18.9,18.9,800
320,18.875,18.95,18.85,18.9,5299
321,18.9,18.925,18.85,18.85,3401
322,18.9,18.95,18.9,18.9,800
323,18.925,18.925,18.9,18.9,1000
324,18.9,18.95,18.85,18.9,20838
325,18.85,18.9,18.85,18.875,5387
326,19,19,18.85,18.85,12946
327,19.05,19.05,18.95,19,72652
432,19.05,19.05,19.05,19.05,1162
433,19.15,19.35,19.1,19.1,5950
434,19.1,19.2,19.1,19.1,2695
435,19.1,19.125,19.075,19.125,1595
436,19.05,19.05,19.05,19.05,400
437,19.275,19.3,19.05,19.05,6299
438,19.375,19.425,19.3,19.3,7742
439,19.45,19.45,19.35,19.4,2900
440,19.455,19.455,19.4,19.425,5900
441,19.625,19.65,19.475,19.475,10132
442,19.6,19.65,19.55,19.625,5550
443,19.65,19.65,19.55,19.6,3100
444,19.65,19.65,19.55,19.65,1700
445,19.75,19.75,19.6,19.65,3500
446,19.8,19.925,19.65,19.75,23021
447,19.75,19.75,19.7,19.75,2190
448,19.6,19.7,19.55,19.7,13296
449,19.65,19.65,19.55,19.575,2064
450,19.6,19.65,19.55,19.55,2000
451,19.525,19.6,19.525,19.6,2000
452,19.5,19.525,19.45,19.5,6362
453,19.595,19.6,19.5,19.5,4647
454,19.55,19.65,19.55,19.6,4200
455,19.6,19.6,19.55,19.55,2234
456,19.6,19.6,19.55,19.55,1100
457,19.6,19.6,19.6,19.6,641
458,19.6,19.6,19.6,19.6,300
459,19.525,19.6,19.525,19.575,3689
460,19.525,19.525,19.5,19.5,4315
461,19.5,19.575,19.5,19.55,3409
462,19.475,19.55,19.475,19.5,5106
463,19.475,19.475,19.45,19.475,1850
464,19.475,19.475,19.45,19.475,2998
465,19.525,19.525,19.475,19.475,2800
466,19.525,19.55,19.5,19.5,2217
467,19.55,19.6,19.5,19.5,5389
468,19.6199,19.65,19.55,19.55,19440
469,19.5,19.625,19.5,19.625,19411
470,19.55,19.6,19.5,19.5,19198
471,19.5,19.6,19.45,19.575,255883
864,19.45,19.45,19.45,19.45,12905
865,19.4,19.5,19.35,19.49,2800
866,19.5,19.5,19.4,19.4,3370
867,19.65,19.65,19.5,19.5,2213
868,19.6,19.65,19.55,19.65,8100
869,19.6,19.675,19.6,19.64,4900
870,19.475,19.6,19.475,19.55,23417
871,19.5,19.5,19.45,19.475,6554
872,19.5,19.525,19.45,19.475,3850
873,19.5,19.525,19.5,19.525,2951
874,19.49,19.525,19.45,19.5,2625
875,19.45,19.5,19.45,19.45,700
876,19.425,19.45,19.4,19.45,7100
877,19.425,19.425,19.4,19.4,1300
878,19.425,19.445,19.4,19.4,7400
879,19.4749,19.475,19.4,19.4245,4300
880,19.525,19.525,19.45,19.4608,5246
881,19.525,19.525,19.5,19.525,1100
882,19.5,19.525,19.5,19.525,5597
883,19.5,19.525,19.5,19.525,6200
884,19.5,19.525,19.5,19.5,900
885,19.5,19.525,19.5,19.5,2000
886,19.475,19.55,19.45,19.525,9856
887,19.5,19.55,19.45,19.475,4772
888,19.6,19.6,19.5,19.5,12790
889,19.55,19.6,19.525,19.6,6232
890,19.525,19.55,19.5,19.55,1900
891,19.55,19.575,19.5,19.5,3489
892,19.5,19.525,19.5,19.525,2885
893,19.5,19.5,19.5,19.5,1800
894,19.525,19.5327,19.45,19.5,8042
895,19.525,19.525,19.5,19.5,3600
896,19.525,19.55,19.5,19.5,2600
897,19.575,19.575,19.5,19.525,4222
898,19.5,19.6,19.5,19.6,5200
899,19.575,19.575,19.5,19.525,3499
900,19.575,19.6,19.55,19.575,3399
901,19.575,19.6,19.55,19.575,3100
902,19.575,19.6,19.55,19.55,6673
903,19.6,19.65,19.55,19.55,23902
a1496755800,19.55,19.55,19.55,19.55,3648
1,19.45,19.5745,19.35,19.5745,4202
2,19.5,19.55,19.4,19.45,2718
3,19.6,19.6,19.5,19.5,1400
4,19.5743,19.65,19.512,19.55,4435
5,19.7,19.7,19.6,19.6,3835
6,19.85,19.85,19.7,19.7,6182
7,19.8,19.85,19.775,19.825,28399
8,19.75,19.85,19.7,19.775,43241
9,19.65,19.8,19.625,19.75,12400
10,19.8,19.85,19.675,19.675,10563
11,19.8,19.85,19.8,19.8,13919
12,19.8,19.8,19.768,19.8,425
13,19.75,19.8,19.75,19.77,1800
14,19.775,19.825,19.775,19.8,5000
15,19.725,19.8,19.725,19.75,1600
16,19.725,19.75,19.7,19.7,15700
17,19.8,19.85,19.7,19.725,23246
18,19.8,19.8499,19.8,19.8499,2300
19,19.95,19.95,19.8,19.825,29311
20,19.8734,19.925,19.8734,19.925,3766
21,19.9,19.9,19.85,19.85,800
22,19.875,19.9,19.85,19.85,300
23,19.85,19.9,19.85,19.875,600
24,19.9,19.925,19.85,19.855,10850
25,19.85,19.9,19.85,19.9,8830
26,19.9,19.9,19.8298,19.85,7253
27,19.9,19.9,19.875,19.875,300
28,19.9997,20.05,19.9,19.9,18540
29,20,20,20,20,5382
30,19.975,20,19.95,19.975,2851
31,20,20,19.975,19.9753,5115
32,20.05,20.05,19.975,20,5200
33,20.05,20.05,20,20.05,2400
34,20.075,20.1,20.025,20.025,5570
35,20,20.1,19.875,20.075,15166
36,19.85,20,19.8,19.975,11568
37,19.825,19.875,19.8,19.85,9646
38,19.85,19.875,19.85,19.85,7150
39,19.8,19.95,19.8,19.875,40492
144,19.8,19.8,19.8,19.8,1081
145,19.65,19.87,19.65,19.8,2797
146,19.725,19.75,19.6,19.65,1700
147,19.8,19.8,19.7,19.7,3685
148,19.85,19.875,19.825,19.825,2665
149,19.75,19.845,19.75,19.8,6100
150,19.721,19.85,19.7,19.75,8227
151,19.7,19.705,19.675,19.7,3800
152,19.7,19.725,19.65,19.7,1957
153,19.8,19.8,19.7,19.7,2900
154,19.9,19.9,19.8,19.8,4130
155,19.85,19.9,19.85,19.875,800
156,19.85,19.9,19.8,19.85,1300
157,19.875,19.875,19.8,19.8,2337
158,19.85,19.9,19.85,19.875,600
159,19.925,20,19.875,19.875,28983
160,19.775,19.925,19.75,19.925,10525
161,19.85,19.85,19.75,19.75,3500
162,20.15,20.15,19.9,19.9,22569
163,20.2,20.25,20.15,20.15,12776
164,20.2,20.25,20.2,20.2,5299
165,20.25,20.25,20.175,20.1999,1500
166,20.4,20.4,20.25,20.25,16344
167,20.35,20.4,20.35,20.35,2930
168,20.35,20.4,20.3,20.3,7700
169,20.275,20.35,20.25,20.35,3500
170,20.25,20.275,20.25,20.25,1200
171,20.375,20.4,20.25,20.275,5100
172,20.325,20.375,20.325,20.35,3403
173,20.3,20.35,20.3,20.325,1600
174,20.4,20.4,20.3,20.325,4591
175,20.45,20.45,20.375,20.4,5100
176,20.425,20.45,20.4,20.45,906
177,20.375,20.425,20.35,20.425,5994
178,20.3,20.375,20.3,20.35,2534
179,20.4,20.4,20.3,20.325,6333
180,20.375,20.4,20.35,20.4,2634
181,20.375,20.45,20.35,20.375,15308
182,20.3,20.4,20.3,20.375,9267
183,20.3,20.4,20.3,20.3,71037
288,19.95,19.95,19.95,19.95,12484
289,20.35,20.4,20.05,20.1,4126
290,20.1765,20.4,20.15,20.3,6729
291,20.4,20.4,20.2,20.2,6773
292,20.3,20.45,20.3,20.45,8945
293,20.45,20.5,20.3,20.3,3787
294,20.35,20.45,20.3,20.425,4900
295,20.6,20.65,20.321,20.321,16420
296,20.475,20.65,20.475,20.575,5829
297,20.45,20.55,20.45,20.5,5300
298,20.475,20.5,20.4,20.4,2427
299,20.7,20.7,20.475,20.475,8030
300,20.9,20.9,20.65,20.725,25439
301,20.75,20.9,20.75,20.85,5100
302,20.75,20.875,20.75,20.8,9566
303,20.85,20.9,20.8,20.8,4700
304,20.8,20.8088,20.775,20.8,5300
305,20.85,20.85,20.8,20.8,6326
306,20.85,20.9,20.85,20.85,2600
307,20.9,20.9,20.8,20.85,6304
308,20.85,20.9,20.825,20.9,5295
309,20.95,20.95,20.85,20.85,6206
310,20.95,21.1,20.95,21,12599
311,21.075,21.075,20.95,20.95,3900
312,20.975,21.15,20.95,21.05,5031
313,21.025,21.05,21,21,5980
314,21.025,21.05,21,21.025,2900
315,21.025,21.05,21,21.025,3200
316,20.975,21.025,20.95,21.025,11817
317,21,21.05,20.975,21,6820
318,20.95,21.0179,20.95,21,8400
319,21,21.05,20.95,20.95,8275
320,20.95,21.0264,20.95,21,3966
321,21,21.025,20.975,20.975,7324
322,21.05,21.075,21.025,21.025,5926
323,21.082,21.15,21,21.05,42690
324,21.1,21.1,21.05,21.075,3900
325,21,21.0721,21,21.05,15891
326,21.05,21.1,21,21.025,36290
327,21,21.1,20.95,21.05,66325
432,21,21,21,21,3579
433,20.9,21.1,20.9,20.95,3786
434,20.9,20.95,20.85,20.9,2000
435,20.9414,21.05,20.9,20.95,2909
436,21,21.025,20.9803,21,1900
437,21.0785,21.0785,20.95,21,3500
438,21.25,21.25,21.1,21.1,4338
439,21.15,21.25,21.125,21.25,2070
440,21.25,21.275,21.15,21.15,2800
441,21.15,21.225,21.15,21.2,2800
442,21.2,21.25,21.15,21.2,4400
443,21.2,21.25,21.15,21.2,3400
444,21.15,21.175,21.12,21.15,5671
445,21.25,21.26,21.15,21.15,5608
446,21.2045,21.25,21.2,21.2,1399
447,21.15,21.2407,21.15,21.15,4260
448,21.2,21.2,21.1,21.1083,5324
449,21.2,21.35,21.15,21.2,26037
450,21.5773,21.65,21.1,21.2,214857
451,22,22,21.5341,21.55,140913
452,21.8647,22,21.825,21.95,41543
453,21.895,21.9,21.7,21.8,19874
454,21.725,21.95,21.7,21.85,18138
455,21.7031,21.76,21.65,21.725,14919
456,21.7,21.8,21.65,21.65,13540
457,21.6,21.9,21.5534,21.75,31203
458,21.55,21.69,21.45,21.6071,21415
459,21.45,21.545,21.355,21.53,13236
460,21.4,21.495,21.355,21.45,20082
461,21.29,21.407,21.25,21.4,14837
462,21.18,21.3,21.18,21.2581,14404
463,21.1726,21.2,21.1,21.15,9695
464,20.925,21.175,20.925,21.163,13705
465,20.75,20.925,20.7,20.9,29069
466,20.9328,20.95,20.75,20.75,11370
467,20.9,20.95,20.85,20.85,6239
468,20.98,21,20.85,20.9,23696
469,20.825,20.95,20.8,20.95,11829
470,20.9,20.925,20.75,20.8,23379
471,20.95,21,20.85,20.888,55367
864,21.1,21.1,21.1,21.1,21710
865,20.94,21.3,20.9,21.15,27489
866,20.95,21.05,20.8,20.85,17732
867,21.025,21.075,20.875,20.95,9234
868,21.15,21.1504,21.025,21.025,7826
869,21.4,21.4,21.1,21.15,13230
870,21.325,21.4,21.25,21.4,9798
871,21.35,21.4,21.25,21.3,12704
872,21.5,21.5,21.35,21.35,6055
873,21.35,21.5,21.35,21.5,12113
874,21.35,21.35,21.3,21.35,4796
875,21.495,21.55,21.35,21.35,12784
876,21.6,21.6,21.5,21.5,6870
877,21.575,21.675,21.5576,21.5755,8059
878,21.575,21.6,21.5,21.575,5600
879,21.725,21.75,21.575,21.575,7200
880,21.625,21.8,21.6,21.75,8112
881,21.65,21.75,21.625,21.65,9145
882,21.575,21.625,21.5,21.6,9701
883,21.575,21.65,21.575,21.6,5626
884,21.575,21.6,21.55,21.555,3020
885,21.5,21.6,21.475,21.55,10350
886,21.4,21.55,21.4,21.4819,17626
887,21.531,21.531,21.375,21.4,14215
888,21.5,21.545,21.45,21.5,8853
889,21.54,21.55,21.45,21.5,13573
890,21.47,21.6,21.45,21.525,24450
891,21.425,21.5,21.4085,21.475,22833
892,21.3998,21.45,21.3248,21.45,28737
893,21.3037,21.45,21.3,21.3995,11903
894,21.225,21.3,21.2,21.3,6288
895,21.4317,21.465,21.2,21.2,11158
896,21.35,21.425,21.3,21.425,6324
897,21.325,21.3815,21.3,21.375,5820
898,21.275,21.325,21.25,21.325,5400
899,21.25,21.3,21.2,21.25,7111
900,21.225,21.3,21.2,21.2,18200
901,21.3,21.375,21.2,21.225,18900
902,21.375,21.375,21.25,21.3,20024
903,21.35,21.4,21.3,21.375,64991
a1497360600,21.35,21.35,21.35,21.35,4969
1,21.295,21.545,21.2418,21.3,9210
2,21.45,21.4579,21.3,21.306,8093
3,21.475,21.5315,21.45,21.45,3580
4,21.475,21.5,21.4,21.4,6054
5,21.425,21.45,21.4,21.44,3926
6,21.45,21.475,21.4,21.45,3800
7,21.4,21.4397,21.4,21.4397,1600
8,21.25,21.4,21.1,21.4,10913
9,21.1,21.25,21.05,21.25,3975
10,21.25,21.3,21.05,21.05,6199
11,21.3,21.325,21.2418,21.2502,3100
12,21.325,21.35,21.25,21.3,7204
13,21.3,21.425,21.2,21.305,11380
14,21.3,21.4,21.3,21.3232,3899
15,21.3,21.3,21.25,21.3,1900
16,21.225,21.325,21.2,21.3,8070
17,21.1722,21.225,21.1722,21.2,5200
18,21,21.175,21,21.175,3003
19,21,21.0281,21,21.025,3663
20,21.2,21.25,21,21,9446
21,21.2,21.23,21.125,21.15,3662
22,21.25,21.35,21.2,21.2,8985
23,21.275,21.3,21.25,21.2501,1700
24,21.3,21.3,21.275,21.275,300
25,21.232,21.275,21.15,21.275,4352
26,21.2,21.25,21.15,21.25,4182
27,21.25,21.3,21.175,21.175,3300
28,21.282,21.282,21.25,21.25,550
29,21.375,21.45,21.3,21.3,12045
30,21.366,21.366,21.35,21.35,4122
31,21.35,21.4,21.325,21.35,4975
32,21.3,21.3826,21.3,21.35,1716
33,21.325,21.325,21.3,21.3,1600
34,21.3,21.325,21.3,21.325,3000
35,21.325,21.35,21.3,21.3,3050
36,21.375,21.4,21.325,21.3295,5061
37,21.35,21.4,21.35,21.35,4228
38,21.475,21.5,21.35,21.35,25213
39,21.45,21.55,21.4,21.475,56684
144,21.45,21.45,21.45,21.45,6059
145,21.15,21.4,21.1311,21.39,6926
146,21.131,21.25,21.0192,21.15,10257
147,21.05,21.11,21,21.1,5246
148,21,21.075,20.95,21.075,3715
149,21.025,21.025,20.95,21,8593
150,20.95,21.05,20.95,21,20835
151,20.975,21,20.936,20.961,1419
152,20.975,21,20.95,20.95,900
153,21.05,21.05,20.95,20.95,1400
154,21.125,21.1698,21.05,21.05,4342
155,21.35,21.35,21.1,21.15,7414
156,21.4,21.4,21.35,21.35,4733
157,21.5,21.65,21.4,21.4,21000
158,21.65,21.65,21.475,21.55,4325
159,21.6,21.65,21.55,21.6,3400
160,21.55,21.65,21.55,21.6,2676
161,21.55,21.55,21.45,21.525,5738
162,21.65,21.65,21.6,21.6,700
163,21.675,21.675,21.55,21.55,2700
164,21.69,21.7,21.64,21.675,11225
165,21.74,21.74,21.7,21.7,3000
166,21.725,21.775,21.7,21.725,3415
167,21.725,21.725,21.7,21.7,5300
168,21.65,21.75,21.625,21.7,8597
169,21.675,21.675,21.6,21.6,4225
170,21.675,21.6925,21.65,21.675,1542
171,21.55,21.7,21.55,21.675,4238
172,21.5,21.65,21.4,21.55,30677
173,21.6,21.63,21.55,21.55,4000
174,21.5,21.6,21.5,21.55,2300
175,21.475,21.6,21.475,21.55,3499
176,21.5,21.5,21.39,21.45,15076
177,21.5,21.559,21.5,21.55,4090
178,21.6,21.6,21.5,21.5669,8029
179,21.55,21.6,21.5,21.6,9920
180,21.65,21.675,21.55,21.55,12226
181,21.65,21.675,21.6,21.6,17051
182,21.5,21.65,21.475,21.65,21329
183,21.7,21.7,21.5,21.525,72963
288,21.55,21.55,21.55,21.55,2907
289,21.5,21.5,21.1,21.45,9504
290,21.5,21.55,21.45,21.5186,12928
291,21.5,21.525,21.45,21.5,7204
292,21.4834,21.55,21.475,21.5,2241
293,21.4,21.5,21.4,21.5,14799
294,21.35,21.425,21.275,21.425,6812
295,21.25,21.35,21.2,21.35,16315
296,21.375,21.425,21.25,21.275,17053
297,21.525,21.525,21.35,21.35,7488
298,21.525,21.55,21.5,21.55,61062
299,21.55,21.6,21.5,21.525,27746
300,21.675,21.7,21.55,21.575,29992
301,21.675,21.675,21.65,21.65,7212
302,21.675,21.7,21.625,21.675,17001
303,21.7,21.75,21.675,21.7,34443
304,21.7,21.7,21.65,21.675,1800
305,21.8,21.8,21.675,21.675,12419
306,21.85,22,21.8,21.8,20475
307,21.825,21.8325,21.75,21.8,12445
308,21.7,21.825,21.7,21.775,5400
309,21.7,21.725,21.65,21.7,3950
310,21.725,21.725,21.6997,21.7,7149
311,21.7785,21.8,21.7,21.718,8649
312,21.75,21.8,21.7,21.8,9900
313,21.7,21.8,21.7,21.75,7830
314,21.6,21.725,21.6,21.725,7875
315,21.575,21.675,21.575,21.6,11516
316,21.6,21.625,21.55,21.575,3063
317,21.6,21.65,21.575,21.575,3051
318,21.675,21.675,21.55,21.6,3341
319,21.6,21.675,21.6,21.675,4378
320,21.55,21.65,21.55,21.55,2900
321,21.6,21.65,21.55,21.6,2220
322,21.6,21.625,21.55,21.6,5338
323,21.65,21.65,21.55,21.55,11650
324,21.625,21.65,21.6,21.6,4842
325,21.625,21.65,21.6,21.6,4413
326,21.575,21.65,21.5,21.65,14210
327,21.65,21.7,21.525,21.55,58398
432,21.55,21.55,21.55,21.55,32058
433,21.55,21.6,21.55,21.55,2043
434,21.675,21.7,21.55,21.6,5633
435,21.7,21.7,21.65,21.65,3981
436,21.7724,21.7724,21.65,21.675,2510
437,21.6661,21.75,21.6316,21.7332,6903
438,21.575,21.7,21.575,21.64,6235
439,21.6466,21.6466,21.55,21.555,4167
440,21.625,21.682,21.6,21.65,3750
441,21.525,21.625,21.5,21.6,3300
442,21.6,21.6,21.55,21.55,1750
443,21.575,21.583,21.55,21.575,5573
444,21.55,21.625,21.55,21.6,14132
445,21.65,21.65,21.6,21.6,3096
446,21.6315,21.65,21.6185,21.65,1700
447,21.625,21.6424,21.55,21.6001,2950
448,21.6,21.675,21.6,21.6177,12008
449,21.7,21.7,21.625,21.65,1983
450,21.675,21.7,21.65,21.7,700
451,21.65,21.7,21.65,21.7,2400
452,21.6,21.625,21.6,21.6,2033
453,21.575,21.6,21.55,21.6,1097
454,21.5325,21.55,21.5,21.5,1550
455,21.5512,21.6,21.5077,21.5077,1550
456,21.5685,21.595,21.5512,21.5685,1000
457,21.45,21.515,21.4135,21.515,5606
458,21.5,21.5,21.4578,21.475,1186
459,21.6184,21.65,21.475,21.5,5569
460,21.6,21.65,21.55,21.6,3555
461,21.65,21.65,21.55,21.65,6032
462,21.645,21.645,21.6,21.6,879
463,21.675,21.7,21.625,21.65,5973
464,21.6,21.66,21.6,21.66,1450
465,21.65,21.675,21.6248,21.625,1430
466,21.7685,21.8,21.65,21.65,3379
467,21.725,21.8,21.6999,21.8,6089
468,21.65,21.725,21.65,21.725,4600
469,21.75,21.8,21.7,21.7,8435
470,21.85,21.85,21.75,21.75,16475
471,21.8,21.85,21.775,21.8,79734
864,21.9,21.9,21.9,21.9,5952
865,22.75,22.8,21.9,21.9,65871
866,22.85,22.95,22.6,22.8,33340
867,23.25,23.25,22.8,22.85,96304
868,23,23.35,22.75,23.25,46077
869,22.85,23,22.775,22.95,14580
870,22.7708,22.99,22.75,22.9,7649
871,22.75,22.85,22.7,22.8,17577
872,22.7059,22.775,22.7059,22.75,10539
873,22.7,22.75,22.7,22.7438,15883
874,22.7,22.75,22.7,22.7,2655
875,22.725,22.775,22.7,22.725,27613
876,22.85,22.9,22.7,22.7,27824
877,23,23,22.85,22.85,47862
878,22.9999,23.15,22.9,23,23578
879,23.2,23.25,22.967,23,11775
880,23.4,23.4,23.15,23.2,14604
881,23.4,23.4,23.25,23.35,9012
882,23.233,23.4,23.2,23.375,15753
883,23.36,23.36,23.2,23.2,12926
884,23.3305,23.425,23.3,23.35,9403
885,23.5,23.75,23.3,23.3,34473
886,23.8,23.9715,23.5,23.55,45686
887,23.9,24,23.7922,23.85,18003
888,23.8,23.94,23.65,23.85,17154
889,23.725,23.8165,23.7,23.8165,22873
890,23.85,23.95,23.7,23.7,9076
891,23.7,23.85,23.675,23.8,7698
892,23.725,23.8,23.675,23.75,11550
893,23.725,23.73,23.65,23.725,11930
894,23.775,23.8,23.7,23.725,10873
895,23.7,23.85,23.7,23.775,19665
896,23.7,23.7145,23.655,23.675,4250
897,23.7,23.75,23.65,23.7,8000
898,23.7,23.75,23.65,23.65,14511
899,23.7734,23.85,23.7,23.725,20977
900,23.8,23.845,23.75,23.775,19899
901,23.875,24,23.775,23.8,27776
902,23.6,23.855,23.6,23.855,33766
903,23.6,23.725,23.55,23.6,92775
a1497965400,23.7,23.7,23.6,23.6,6164
1,23.7,23.945,23.31,23.6,21100
2,23.61,23.75,23.6,23.7,6486
3,23.6,23.75,23.6,23.645,20400
4,23.575,23.6,23.4,23.6,8397
5,23.525,23.525,23.5184,23.5184,700
6,23.4,23.525,23.35,23.525,4857
7,23.4,23.45,23.35,23.4,1575
8,23.375,23.4,23.305,23.36,10323
9,23.35,23.35,23.3,23.35,4950
10,23.325,23.4,23.3,23.35,18809
11,23.325,23.325,23.25,23.325,11458
12,23.45,23.45,23.3,23.325,12595
13,23.4,23.425,23.35,23.4,3428
14,23.4,23.44,23.3,23.4,31296
15,23.6,23.625,23.4,23.425,6021
16,23.63,23.65,23.6,23.6,2588
17,23.45,23.65,23.45,23.65,7865
18,23.225,23.41,23.2,23.41,14214
19,23.3,23.4,23.25,23.25,6803
20,23.3,23.35,23.3,23.3,6350
21,23.4,23.425,23.3,23.3,5800
22,23.325,23.4,23.3,23.4,3325
23,23.3,23.35,23.3,23.35,3300
24,23.4,23.4,23.3,23.3,7850
25,23.35,23.445,23.35,23.445,2500
26,23.3,23.35,23.3,23.3,3100
27,23.325,23.325,23.3,23.3,2800
28,23.35,23.35,23.3,23.325,11170
29,23.375,23.375,23.275,23.3,19711
30,23.425,23.45,23.375,23.4,7600
31,23.4331,23.45,23.4,23.45,2600
32,23.425,23.425,23.355,23.4,18789
33,23.425,23.45,23.4,23.45,4548
34,23.3805,23.425,23.35,23.4,7172
35,23.375,23.4,23.325,23.4,12423
36,23.425,23.5,23.35,23.35,28257
37,23.475,23.5,23.4,23.45,12711
38,23.25,23.5,23.25,23.45,43255
39,23.25,23.3,23.05,23.25,125399
144,23.35,23.35,23.35,23.35,2201
145,23.3,23.595,23.3,23.35,6115
146,23.425,23.5,23.35,23.4,5222
147,23.3,23.45,23.25,23.4,4256
148,23.4433,23.4433,23.3,23.35,3696
149,23.325,23.4,23.3,23.4,1300
150,23.3,23.5,23.3,23.35,9056
151,23.3,23.34,23.175,23.3,5888
152,23.3,23.4,23.3,23.3,5701
153,23.25,23.25,23.2,23.25,2400
154,23.2,23.35,23.15,23.25,9933
155,23.25,23.2551,23,23.1708,23528
156,23.4,23.4,23.25,23.25,4179
157,23.35,23.45,23.35,23.412,2189
158,23.4,23.4,23.325,23.35,3350
159,23.35,23.4548,23.35,23.4,6694
160,23.3,23.41,23.275,23.41,2850
161,23.275,23.3325,23.275,23.3325,1200
162,23.25,23.275,23.225,23.25,4140
163,23.325,23.35,23.3,23.3,3152
164,23.25,23.325,23.25,23.3,1200
165,23.275,23.29,23.275,23.275,900
166,23.255,23.275,23.25,23.25,4000
167,23.26,23.325,23.25,23.2816,6183
168,23.275,23.275,23.25,23.275,400
169,23.2722,23.2815,23.25,23.2815,4801
170,23.275,23.275,23.25,23.25,2413
171,23.275,23.275,23.25,23.25,3100
172,23.25,23.2685,23.25,23.26,3025
173,23.3,23.35,23.25,23.25,9088
174,23.275,23.325,23.275,23.3,2500
175,23.3,23.325,23.25,23.3,4200
176,23.275,23.31,23.25,23.3,900
177,23.275,23.35,23.25,23.25,6471
178,23.275,23.3,23.25,23.275,2770
179,23.25,23.3,23.25,23.3,2300
180,23.275,23.3,23.25,23.275,6158
181,23.3,23.325,23.25,23.25,14880
182,23.3,23.35,23.25,23.3,13560
183,23.3,23.35,23.275,23.3,55592
288,23.35,23.35,23.35,23.35,3923
289,23.475,23.5548,23.35,23.5,5945
290,23.9,23.9,23.41,23.45,25213
291,24,24.1,23.8,23.9,11938
292,24.05,24.075,23.9,24,8496
293,24.025,24.09,23.96,24.05,6233
294,24.083,24.1,24,24,5080
295,24.1,24.1,24,24.065,6145
296,24.225,24.25,24.05,24.1,12025
297,24.25,24.4,24.2,24.25,18409
298,24.3,24.4,24.205,24.25,26412
299,24.15,24.3,24.15,24.25,9007
300,24.05,24.1,24,24.1,2700
301,24.0135,24.075,24.005,24.0709,4456
302,23.9681,24.05,23.9681,24.05,2953
303,23.9733,24.04,23.95,24,1481
304,23.975,23.9775,23.95,23.95,2400
305,24,24.025,23.9,23.95,13151
306,23.95,24,23.95,23.975,1100
307,23.975,24,23.95,23.975,2403
308,23.95,24,23.95,23.975,2400
309,24.1,24.1,23.9814,23.9814,5137
310,24.0253,24.15,24.025,24.1,3073
311,24.05,24.05,24.05,24.05,500
312,23.95,24.075,23.95,24.075,4597
313,23.975,24.05,23.95,24,3976
314,24.025,24.05,23.95,24,2821
315,24,24.05,23.95,24.05,1560
316,23.975,24,23.95,23.95,4227
317,23.975,23.995,23.9,23.95,19821
318,24.025,24.025,23.9,24,11917
319,24,24.05,23.975,24.0208,2251
320,24.025,24.05,23.975,23.975,6600
321,24.025,24.075,24.014,24.05,4400
322,24,24.05,24,24.05,2405
323,23.9497,24.05,23.9,24.05,13253
324,23.85,23.95,23.75,23.95,12949
325,23.775,23.8,23.75,23.8,17743
326,23.95,23.95,23.65,23.775,13025
327,23.95,24.05,23.85,23.95,66771
432,24.05,24.05,24.05,24.05,8550
433,23.9,24.425,23.85,24.3,9924
434,23.975,23.975,23.8,23.85,7095
435,24.05,24.2,23.975,23.975,9682
436,24.1,24.19,24.05,24.15,4683
437,24.275,24.275,24.05,24.05,3373
438,24.275,24.35,24.25,24.3,21600
439,24.45,24.5,24.25,24.275,10800
440,24.575,24.6,24.4,24.425,10237
441,24.3,24.6,24.3,24.575,7541
442,24.45,24.45,24.3,24.3,6354
443,24.15,24.425,24.15,24.425,6615
444,24.25,24.25,24.15,24.2,2600
445,24.15,24.2,24.125,24.2,3000
446,24.2,24.2,24.175,24.2,600
447,24.2381,24.25,24.15,24.15,3782
448,24.2158,24.275,24.2,24.25,4472
449,24.2,24.2037,24.15,24.15,2712
450,24.2,24.2325,24.15,24.2,8192
451,24.2,24.2,24.1,24.2,5814
452,24.2,24.25,24.15,24.15,4200
453,24.24,24.25,24.15,24.15,11100
454,24.2001,24.25,24.2,24.225,2747
455,24.4,24.4,24.2,24.2,11858
456,24.35,24.375,24.3,24.375,5000
457,24.25,24.35,24.25,24.3,5399
458,24.3,24.3171,24.25,24.275,2700
459,24.25,24.3,24.25,24.3,3300
460,24.275,24.295,24.25,24.275,1665
461,24.325,24.35,24.25,24.275,6950
462,24.325,24.325,24.3,24.325,700
463,24.15,24.3,24.15,24.3,8261
464,24.125,24.15,24.1,24.15,2400
465,24.1595,24.2,24.1,24.1,9608
466,24.075,24.175,24,24.175,7371
467,24.2,24.2,24.05,24.05,7400
468,24.15,24.2,24.15,24.15,1600
469,24.2,24.245,24.15,24.2,17954
470,24.25,24.3,24.15,24.175,27188
471,24.3,24.35,24.155,24.25,594215
864,24.3,24.3,24.3,24.3,6248
865,24.1,24.375,24.1,24.35,10126
866,24.05,24.2,23.96,24.1,13396
867,23.925,24.05,23.85,24.025,9380
868,23.75,23.9661,23.7,23.9661,5498
869,23.725,23.85,23.55,23.7456,17472
870,23.8,23.85,23.7,23.745,4032
871,23.55,23.8043,23.55,23.8,3777
872,23.15,23.55,23.15,23.55,31671
873,23.4,23.45,23.15,23.15,17460
874,23.25,23.4,23.15,23.4,6887
875,23.45,23.45,23.25,23.295,7937
876,23.55,23.6,23.425,23.45,2837
877,23.6,23.65,23.525,23.55,4886
878,23.5335,23.69,23.5335,23.625,6060
879,23.4,23.595,23.375,23.5,9554
880,23.4825,23.5,23.375,23.375,5231
881,23.4205,23.525,23.4,23.49,2800
882,23.45,23.45,23.4,23.425,2500
883,23.45,23.45,23.4,23.45,2175
884,23.5,23.55,23.425,23.425,4550
885,23.65,23.65,23.531,23.531,5094
886,23.625,23.65,23.55,23.65,4200
887,23.725,23.75,23.55,23.6223,9057
888,23.75,23.8,23.7,23.7,4500
889,23.85,23.85,23.75,23.8,3301
890,23.825,23.9,23.8,23.85,4945
891,23.875,23.9,23.8,23.85,6450
892,23.875,23.9,23.85,23.875,8071
893,23.875,23.9,23.85,23.875,9350
894,23.875,23.9,23.85,23.875,3453
895,23.9,23.9,23.85,23.875,2862
896,23.9,23.95,23.85,23.875,11651
897,23.6,23.9,23.6,23.875,13477
898,23.675,23.7,23.625,23.625,5555
899,23.6,23.7,23.575,23.6832,4787
900,23.45,23.6,23.45,23.6,10189
901,23.375,23.45,23.375,23.45,10181
902,23.4,23.4,23.25,23.375,28211
903,23.4,23.45,23.25,23.375,96615
a1498570200,23.35,23.35,23.35,23.35,3162
1,23.05,23.4,23,23.4,10877
2,23.05,23.125,23.05,23.05,2700
3,23.05,23.15,23.05,23.1,1300
4,23.109,23.15,23,23,17978
5,23.1,23.105,23.05,23.1,6474
6,23.041,23.1,23,23.05,2900
7,23,23.05,23,23.05,4320
8,23.125,23.1805,23,23.014,6260
9,23.1796,23.2,23.15,23.15,1825
10,23.15,23.15,23.1,23.1,1390
11,23.25,23.25,23.15,23.15,6681
12,23.225,23.3,23.2052,23.25,3086
13,23.15,23.2,23.1,23.2,8300
14,23.175,23.175,23.125,23.125,2808
15,23.1,23.15,23.1,23.15,1200
16,23.1,23.15,23.05,23.15,3600
17,23.1,23.15,23.05,23.05,3637
18,23,23.0837,23,23.0837,1900
19,23,23.05,22.95,23,6951
20,23,23.0154,22.95,22.95,6087
21,22.75,22.95,22.75,22.95,9429
22,22.85,22.9,22.65,22.755,12826
23,22.75,22.8,22.7,22.8,6054
24,22.9,22.9,22.75,22.75,8849
25,22.8,22.9,22.8,22.85,4600
26,22.9,22.9,22.7,22.8,9005
27,22.85,22.9,22.8,22.9,3883
28,22.675,22.875,22.65,22.85,8785
29,22.75,22.75,22.6,22.6776,15257
30,22.85,22.85,22.75,22.775,4000
31,23,23,22.85,22.85,6400
32,22.9334,23,22.9,23,5448
33,22.9,23,22.85,23,14775
34,22.75,22.9,22.75,22.9,14267
35,22.85,22.9,22.75,22.775,10214
36,22.825,22.9,22.75,22.85,13141
37,22.825,22.85,22.8,22.825,10163
38,22.85,22.95,22.825,22.825,21106
39,22.7,22.875,22.65,22.875,56843
144,22.8,22.8,22.8,22.8,3077
145,22.25,22.7877,22.225,22.7,11980
146,22.075,22.25,22,22.15,23629
147,22.1,22.35,22.05,22.1,14144
148,22.275,22.35,22.1,22.105,15045
149,22.4,22.4,22.2,22.25,5415
150,22.3,22.45,22.3,22.4,4252
151,22.35,22.4,22.2,22.3,11890
152,22.45,22.45,22.35,22.35,2117
153,22.45,22.5,22.4,22.4,3945
154,22.6061,22.65,22.45,22.45,5198
155,22.225,22.65,22.15,22.6,16341
156,22.25,22.45,22.2,22.225,14777
157,22.2069,22.3,22.2,22.3,10956
158,22.15,22.25,22.15,22.245,7100
159,22.2,22.3,22.15,22.25,6718
160,22.15,22.25,22.15,22.2,4500
161,22.1,22.15,22.1,22.15,9073
162,22.195,22.195,22.05,22.1,13745
163,22.45,22.45,22.175,22.2,8100
164,22.6,22.6,22.5,22.5,4844
165,22.5,22.6,22.5,22.575,7337
166,22.691,22.691,22.5,22.5325,12332
167,22.7,22.75,22.675,22.7,4900
168,22.55,22.7,22.55,22.7,3000
169,22.475,22.6,22.475,22.6,9271
170,22.4,22.45,22.35,22.45,6563
171,22.5,22.5,22.4,22.4,5917
172,22.4,22.5,22.35,22.5,5385
173,22.425,22.45,22.4,22.4,9400
174,22.5,22.55,22.4,22.4,16197
175,22.575,22.6,22.475,22.5,7930
176,22.5,22.575,22.5,22.55,14200
177,22.55,22.6,22.5,22.5,9862
178,22.55,22.59,22.5,22.5225,5911
179,22.5,22.55,22.45,22.55,11285
180,22.55,22.55,22.5,22.5,3000
181,22.475,22.55,22.45,22.5,10760
182,22.5,22.5,22.4,22.5,21719
183,22.65,22.7,22.4,22.5,59685
288,22.65,22.65,22.65,22.65,3468
289,22.55,22.7,22.45,22.7,19500
290,22.2,22.6,22.2,22.55,30769
291,22.1,22.2,22.05,22.2,4362
292,22.1,22.109,22,22.1,4340
293,22.05,22.15,22,22.1,2900
294,22.05,22.1,22.025,22.1,6700
295,22.075,22.1,22.05,22.08,3825
296,22.15,22.161,22.075,22.075,2900
297,22.125,22.175,22.1,22.15,5300
298,22.05,22.15,22,22.125,13397
299,21.825,22,21.8,22,12374
300,21.775,21.845,21.775,21.81,2710
301,21.7,21.75,21.6,21.75,18902
302,21.675,21.75,21.675,21.675,3300
303,21.7,21.7,21.6,21.65,5400
304,21.625,21.675,21.575,21.65,7022
305,21.65,21.6695,21.6424,21.65,1916
306,21.66,21.675,21.625,21.65,2086
307,21.625,21.65,21.6,21.6,4298
308,21.5,21.65,21.5,21.64,10353
309,21.525,21.55,21.475,21.5,4250
310,21.4761,21.55,21.4761,21.525,4474
311,21.525,21.55,21.425,21.475,5850
312,21.5,21.6,21.45,21.55,9496
313,21.625,21.65,21.45,21.5,10202
314,21.8,21.9,21.6,21.6,29372
315,21.825,21.9,21.75,21.75,18147
316,21.95,21.95,21.825,21.825,4297
317,21.975,22,21.85,21.95,5900
318,21.9,22,21.875,22,7299
319,21.85,21.95,21.85,21.9,6000
320,21.8,21.9,21.8,21.875,6943
321,21.825,21.9,21.8,21.8,6000
322,21.775,21.825,21.75,21.8,6200
323,21.75,21.8,21.6747,21.75,10186
324,21.8,21.8,21.7,21.8,9224
325,21.95,21.95,21.75,21.8,12215
326,21.9,21.95,21.85,21.95,17832
327,21.95,21.95,21.85,21.9,54974
432,22.1,22.1,22.1,22.1,7731
433,21.95,22.175,21.85,22.03,4726
434,21.9501,22.05,21.9,21.9,4821
435,21.8,22.05,21.725,22.05,8471
436,22,22,21.8,21.8,2528
437,21.95,22,21.75,22,9183
438,22,22.025,21.97,21.97,1400
439,22,22.05,22,22,1100
440,21.975,22.05,21.975,21.975,1500
441,21.95,22.025,21.875,21.975,12056
442,21.925,22.025,21.925,22,7521
443,21.95,22,21.95,21.95,1236
444,21.9,22.05,21.8,21.95,16025
445,21.825,21.85,21.8,21.85,4395
446,21.825,21.875,21.8,21.825,4900
447,21.825,21.875,21.8,21.875,11397
448,21.875,21.875,21.8,21.8,4353
449,21.8,21.825,21.8,21.825,400
450,21.825,21.85,21.825,21.825,1900
451,21.85,21.85,21.825,21.825,1300
452,21.75,21.9,21.75,21.85,28054
453,21.375,21.75,21.35,21.75,36823
454,21.3,21.4,21.3,21.375,12638
455,21.35,21.35,21.325,21.325,3426
456,21.35,21.4,21.35,21.4,1400
457,21.525,21.55,21.35,21.375,10125
458,21.525,21.55,21.5,21.525,900
459,21.475,21.6,21.45,21.55,12268
460,21.4,21.5,21.4,21.5,3591
461,21.4,21.425,21.4,21.4,2072
462,21.5,21.5,21.35,21.4,9178
463,21.525,21.525,21.45,21.45,4599
464,21.525,21.5277,21.5,21.525,910
465,21.525,21.525,21.5,21.525,2400
466,21.55,21.65,21.55,21.55,17804
467,21.475,21.525,21.4,21.525,8274
468,21.475,21.525,21.35,21.5,13257
469,21.525,21.55,21.45,21.475,6151
470,21.75,21.75,21.525,21.525,14436
471,21.8,21.8,21.7,21.75,91772
864,21.8,21.8,21.8,21.8,2383
865,21.575,22.05,21.55,22.05,7297
866,21.75,21.8,21.55,21.6,8511
867,21.55,21.8,21.5,21.8,7618
868,21.5,21.55,21.5,21.55,1172
869,21.5,21.6,21.45,21.5,5669
870,21.35,21.45,21.2,21.4,11461
871,21.2,21.35,21.2,21.35,3864
872,21.325,21.35,21.2,21.2,5700
873,21.15,21.4,21.1,21.35,9665
874,20.95,21.2,20.95,21.15,9319
875,21,21.075,20.95,21,6488
876,21.15,21.2,21,21.0399,9591
877,21.05,21.225,21.05,21.15,7000
878,21.125,21.15,21.05,21.05,6200
879,21.125,21.15,21.05,21.125,9124
880,21.125,21.15,21.1,21.1,8260
881,21.075,21.15,21.05,21.1239,6596
882,21.15,21.15,21.05,21.075,8995
883,21,21.2,21,21.15,7813
884,21.025,21.05,20.95,21,11493
885,20.9,21.025,20.9,21,34636
a1499261400,20.9,20.9,20.9,20.9,4277
1,20.95,21.06,20.8,20.9,29725
2,20.9313,21.0184,20.85,20.95,9486
3,20.95,21,20.95,20.95,4635
4,20.85,20.953,20.825,20.953,8600
5,20.8705,20.925,20.85,20.875,4630
6,20.975,20.975,20.85,20.89,6954
7,21.225,21.225,20.975,20.975,5411
8,21.2,21.325,21.2,21.225,9092
9,21.1,21.15,21.05,21.15,4310
10,21.05,21.1032,21.05,21.05,3667
11,21.05,21.1,21,21.05,3750
12,21.025,21.1,20.95,21.09,6490
13,20.95,21,20.95,21,2700
14,20.875,20.954,20.85,20.95,5357
15,20.875,20.9,20.85,20.9,3426
16,20.8157,20.85,20.75,20.85,13392
17,20.825,20.85,20.8,20.8,1812
18,20.9,20.9,20.8,20.8,8846
19,20.9,20.925,20.9,20.9,900
20,20.875,20.9,20.85,20.9,4625
21,20.9,20.9,20.85,20.85,3271
22,20.875,20.9,20.85,20.875,3600
23,20.875,20.925,20.875,20.9,10425
24,20.875,20.9,20.875,20.875,6213
25,20.875,20.9,20.875,20.9,1110
26,20.8,20.9,20.8,20.875,10701
27,20.825,20.85,20.7694,20.8,8122
28,20.8,20.875,20.8,20.85,14256
29,20.8,20.825,20.75,20.75,6100
30,20.85,20.875,20.8,20.8,5900
31,20.925,20.95,20.875,20.9,6308
32,20.875,20.95,20.85,20.95,5643
33,20.875,20.9,20.8,20.85,10874
34,20.925,20.925,20.8,20.875,14362
35,20.875,20.95,20.85,20.925,8196
36,20.945,20.945,20.875,20.875,7700
37,20.875,20.95,20.85,20.925,15839
38,21.025,21.05,20.825,20.85,28678
39,21.05,21.1,20.95,21.05,78690
