EXCHANGE%3DNASDAQ
MARKET_OPEN_MINUTE=570
MARKET_CLOSE_MINUTE=960
INTERVAL=600
COLUMNS=DATE,CLOSE,HIGH,LOW,OPEN,VOLUME
DATA=
TIMEZONE_OFFSET=-240
a1493040600,79.02,79.02,79.02,79.02,3330
1,79.02,79.02,78.91,79.02,5663
2,79.56,79.73,79.3,79.3,1800
3,79.83,79.83,79.53,79.55,800
4,80.23,80.23,79.85,79.86,2000
5,80.41,80.41,80.19,80.24,880
6,80.21,80.41,80.19,80.38,2851
7,79.95,80.15,79.95,80.15,500
8,80.01,80.08,79.99,80.07,500
9,80,80.02,79.95,80.02,500
10,79.73,79.96,79.71,79.96,1287
11,79.69,79.69,79.69,79.69,200
12,79.74,79.74,79.7,79.7,500
13,79.77,79.77,79.65,79.65,1000
14,79.36,79.67,79.36,79.66,1200
15,79.54,79.58,79.4,79.53,1200
16,79.55,79.57,79.55,79.57,200
17,79.53,79.53,79.44,79.53,400
18,79.51,79.51,79.51,79.51,300
19,79.52,79.57,79.49,79.56,622
20,79.82,79.82,79.49,79.58,600
21,79.78,79.78,79.65,79.66,500
22,79.66,79.79,79.66,79.78,400
23,79.78,79.78,79.62,79.62,200
24,79.76,79.78,79.65,79.66,700
25,79.57,79.745,79.57,79.64,1300
26,79.37,79.45,79.27,79.45,950
27,79.36,79.44,79.36,79.42,417
28,79.29,79.37,79.29,79.37,600
29,79.43,79.43,79.43,79.43,100
30,79.37,79.38,79.37,79.38,200
31,79.36,79.36,79.36,79.36,100
32,79.63,79.63,79.45,79.45,300
33,79.61,79.63,79.51,79.62,600
34,79.64,79.82,79.63,79.65,1767
35,79.805,79.81,79.6301,79.81,1080
36,79.82,79.82,79.66,79.77,600
37,79.83,79.85,79.7,79.81,2700
38,79.72,79.81,79.69,79.81,3404
39,79.37,79.71,79.33,79.71,16905
144,79.99,79.99,79.99,79.99,1039
145,80.73,80.73,80.15,80.15,700
146,80.82,80.87,80.545,80.695,1907
147,81,81,80.82,80.89,600
148,81.34,81.405,81.14,81.405,1401
149,81.38,81.4,80.98,81.03,900
150,81.08,81.2,80.92,81.18,2600
151,81.12,81.2,80.95,81.2,700
152,81.14,81.14,81.07,81.12,300
153,81.13,81.13,81.13,81.13,200
154,81.36,81.38,81.16,81.16,1000
155,81.62,81.62,81.3118,81.3118,1045
156,81.72,81.78,81.49,81.75,3000
157,81.83,81.83,81.63,81.63,923
158,81.92,81.93,81.81,81.81,500
159,82.14,82.22,81.98,81.98,1085
160,82.14,82.17,82.02,82.075,500
161,82.15,82.23,82.02,82.16,1552
162,81.55,82.21,81.55,82.2,5452
163,81.36,81.44,81.22,81.4,1575
164,81.52,81.56,81.33,81.4,935
165,81.69,81.74,81.52,81.69,600
166,81.69,81.82,81.67,81.67,700
167,81.88,81.88,81.71,81.73,1491
168,81.64,81.88,81.51,81.88,2000
169,81.61,81.61,81.39,81.39,700
170,81.77,81.8,81.6,81.71,600
171,81.42,81.7,81.42,81.68,1800
172,81.83,81.84,81.55,81.55,900
173,81.495,81.79,81.495,81.68,2700
174,81.42,81.59,81.42,81.5321,616
175,81.3501,81.5,81.3501,81.5,1316
176,81.46,81.54,81.37,81.37,1000
177,81.095,81.5712,81.095,81.5062,1783
178,81.42,81.42,81.16,81.3,1400
179,81.31,81.31,81.31,81.31,100
180,81.23,81.31,81.23,81.31,888
181,81.21,81.25,81.16,81.19,1100
182,81.28,81.41,81.21,81.21,4347
183,81.14,81.33,81.13,81.33,15195
288,81.05,81.05,81.05,81.05,303
289,81.79,81.79,80.69,81.05,1500
290,81.885,81.885,81.4694,81.4694,200
291,80.94,81.5,80.94,81.4,800
292,81.44,81.44,81.36,81.36,400
293,81.17,81.59,81.17,81.59,200
294,81.07,81.34,80.83,81.32,2700
295,81.13,81.185,80.93,80.97,800
296,81.115,81.15,80.98,81.135,1932
297,81.165,81.27,81.005,81.11,1200
298,81.295,81.295,81.15,81.15,850
299,81.37,81.37,81.2027,81.28,490
300,81.905,82,81.46,81.46,1505
301,82.21,82.27,82.13,82.13,700
302,81.85,82.25,81.85,82.25,1500
303,82,82,81.85,81.85,1100
304,82.02,82.03,81.99,81.99,400
305,82,82,81.99,81.99,400
306,81.99,82.04,81.94,82.04,800
307,81.97,82.05,81.97,82.01,600
308,82.07,82.07,81.995,82.05,1700
309,82.12,82.12,82.04,82.09,2400
310,81.97,81.99,81.83,81.99,1126
311,81.93,81.97,81.85,81.97,400
312,82.08,82.095,82,82,700
313,82.01,82.01,81.97,81.97,700
314,81.77,81.94,81.77,81.94,1000
315,81.74,81.88,81.74,81.83,600
316,81.86,81.86,81.6,81.6,1100
317,81.98,81.98,81.9799,81.9799,299
318,81.92,82.12,81.92,82.03,2600
319,82.045,82.07,81.87,81.87,635
320,82,82.09,81.96,82.09,1558
321,81.91,82,81.91,82,400
322,81.79,81.91,81.79,81.81,1700
323,82.035,82.04,81.86,81.86,2100
324,81.98,81.98,81.98,81.98,100
325,82.015,82.04,81.9594,82.02,2101
326,81.77,81.99,81.75,81.975,2704
327,81.81,81.88,81.65,81.76,27051
432,81.93,81.93,81.93,81.93,464
433,81.63,81.8,81.63,81.8,765
434,82.13,82.13,81.82,81.82,2000
435,81.79,82.015,81.79,82.01,824
436,81.715,81.77,81.715,81.77,538
437,81.8015,81.8015,81.71,81.72,600
438,81.8,81.87,81.72,81.82,1178
439,81.88,81.88,81.87,81.87,200
440,81.775,81.83,81.69,81.83,400
441,81.77,81.77,81.77,81.77,100
442,81.67,81.786,81.67,81.77,735
443,81.67,81.75,81.67,81.71,900
444,81.61,81.67,81.61,81.67,803
445,81.33,81.54,81.33,81.51,1050
446,81.355,81.38,81.17,81.33,1500
447,81.33,81.385,81.33,81.385,300
448,81.4208,81.47,81.33,81.35,971
449,81.5,81.5,81.5,81.5,100
450,81.32,81.42,81.32,81.42,200
451,81.47,81.47,81.42,81.42,300
452,81.6,81.6,81.58,81.58,200
453,81.75,81.75,81.69,81.69,200
454,81.785,81.82,81.775,81.82,966
455,81.67,81.86,81.67,81.86,400
456,81.65,81.65,81.65,81.65,100
457,81.52,81.52,81.52,81.52,100
458,81.51,81.53,81.51,81.52,300
460,81.61,81.61,81.49,81.5,1004
463,81.79,81.79,81.79,81.79,100
464,81.94,82.05,81.81,81.81,2396
465,81.89,81.89,81.89,81.89,100
466,81.82,82.07,81.82,82.06,500
467,81.96,81.96,81.85,81.85,700
468,82,82,81.92,81.98,900
469,81.73,82,81.7,81.96,2305
470,81.89,81.96,81.76,81.76,1300
471,81.93,81.96,81.83,81.87,22183
576,82.17,82.17,82.17,82.17,247
578,81.93,81.93,81.93,81.93,132
579,82.22,82.22,82.22,82.22,100
580,81.96,82.115,81.96,82.115,300
583,81.69,81.69,81.57,81.63,1500
584,81.63,81.705,81.55,81.705,769
586,81.4,81.58,81.4,81.5225,2782
587,81.21,81.21,81.12,81.12,400
588,81.28,81.28,81.1,81.1,1000
589,80.68,81.27,80.68,81.15,1150
590,80.465,80.63,80.35,80.35,1100
591,80.67,80.67,80.575,80.575,200
592,80.82,80.84,80.6,80.69,1750
593,80.9,80.9,80.9,80.9,100
594,80.97,80.97,80.92,80.96,300
595,80.97,81.02,80.97,81.02,718
596,81.06,81.06,80.955,80.955,300
597,81.11,81.11,81.11,81.11,203
598,81.18,81.32,81.12,81.12,500
600,81.19,81.19,81.04,81.04,1400
601,81.19,81.25,81.19,81.25,200
602,81.2,81.205,81.2,81.205,500
603,81.06,81.16,81.06,81.16,1608
604,81.13,81.13,81.06,81.06,300
605,80.93,81.13,80.93,81.1,541
606,80.9,80.96,80.89,80.91,2200
607,80.9374,80.9374,80.9374,80.9374,354
608,81.06,81.06,80.99,80.99,300
609,81.17,81.215,81.08,81.08,300
610,81.11,81.14,81.11,81.14,300
611,81.25,81.25,81.25,81.25,100
612,81.32,81.32,81.27,81.27,500
613,81.19,81.34,81.19,81.34,1400
614,81.37,81.37,81.16,81.24,1805
615,81.16,81.54,81.09,81.38,26366
a1493645400,81.19,81.19,81.19,81.19,493
1,81.5464,81.5499,81.5464,81.5499,308
2,81.78,81.78,81.45,81.45,1366
3,81.4275,81.4275,81.19,81.29,2110
4,81.26,81.4,81.26,81.4,600
5,81.48,81.48,81.29,81.29,1900
6,81.75,81.75,81.58,81.6,1867
7,82.21,82.21,81.75,81.75,1900
8,82.11,82.18,82.06,82.18,544
9,81.85,82.09,81.85,82.09,300
10,81.94,81.94,81.7,81.7,2659
11,82.04,82.04,81.95,81.95,1295
12,82.22,82.22,82.14,82.14,400
13,81.905,82.15,81.905,82.15,700
14,82.26,82.26,81.9,81.99,800
15,82.29,82.39,82.09,82.22,2100
16,82.25,82.29,82.23,82.25,1700
17,82.23,82.39,82.14,82.39,1117
18,82.15,82.15,82.15,82.15,100
19,82.04,82.06,82.04,82.06,300
21,81.69,81.9,81.69,81.9,1165
22,81.83,81.83,81.825,81.825,200
23,81.81,81.81,81.8,81.8,300
24,81.925,81.925,81.925,81.925,100
25,81.97,81.97,81.97,81.97,100
26,82.3,82.34,81.99,81.99,4340
27,82.46,82.46,82.29,82.29,1800
28,82.27,82.46,82.27,82.46,1312
29,82.28,82.32,82.27,82.27,1318
30,82.15,82.315,82.15,82.315,1200
31,81.7915,82,81.75,82,301
32,81.76,81.93,81.76,81.93,400
33,81.78,81.81,81.68,81.75,1500
34,81.855,81.905,81.78,81.905,700
35,81.72,81.8,81.72,81.75,700
36,81.74,81.795,81.74,81.795,200
37,81.9,81.9,81.765,81.795,1700
38,81.87,81.91,81.8,81.82,4657
39,82.19,82.19,81.9,81.92,14384
144,82.25,82.25,82.25,82.25,363
145,82.28,82.28,82.15,82.15,600
146,81.86,82.22,81.74,82.22,1700
147,81.89,82.12,81.89,82.0274,300
148,81.67,81.87,81.67,81.85,700
149,81.55,81.58,81.5,81.55,900
150,81.985,81.985,81.59,81.59,3464
151,81.86,81.97,81.65,81.97,1000
152,81.48,81.72,81.48,81.65,400
153,81.46,81.66,81.46,81.66,1275
154,80.69,81.43,80.66,81.43,4600
155,80.67,80.85,80.67,80.85,500
156,80.65,80.78,80.56,80.78,1700
157,80.77,80.83,80.7,80.73,900
158,80.63,80.83,80.63,80.81,3100
159,80.5,80.7,80.5,80.7,631
160,80.49,80.67,80.49,80.67,300
161,80.59,80.61,80.47,80.61,500
162,80.74,80.765,80.5042,80.5042,3515
163,80.67,80.72,80.67,80.68,458
164,80.7,80.7,80.67,80.67,400
165,80.63,80.7,80.63,80.7,200
166,80.56,80.56,80.56,80.56,200
167,80.4,80.5205,80.4,80.46,434
168,80.41,80.41,80.41,80.41,100
170,80.34,80.34,80.34,80.34,500
171,80.2,80.3,80.2,80.3,400
172,80.4,80.41,80.18,80.19,2185
173,80.34,80.41,80.34,80.41,643
174,80.2,80.36,80.2,80.34,800
175,80.19,80.25,80.14,80.14,600
176,80.26,80.27,80.06,80.06,1387
177,80.07,80.17,80,80.17,887
178,79.98,80.03,79.97,80.03,1400
179,80.34,80.34,79.97,79.97,4800
180,80.27,80.3682,80.25,80.3,1742
181,80.41,80.44,80.25,80.27,2600
182,80.6675,80.68,80.3,80.42,7270
183,80.65,80.75,80.6,80.66,20968
288,80.01,80.01,80.01,80.01,1397
290,80.08,80.265,80.08,80.1,1103
291,79.93,80.18,79.93,80.18,200
292,79.98,80.01,79.91,79.92,1400
293,79.85,79.935,79.8,79.87,600
294,79.56,79.8613,79.56,79.81,1494
295,79.63,79.67,79.63,79.67,200
296,79.29,79.51,79.29,79.51,900
297,79.37,79.37,79.15,79.15,500
298,79.54,79.54,79.23,79.23,800
299,79.765,79.765,79.68,79.69,400
300,80.115,80.115,79.91,79.91,200
302,80,80,79.95,79.95,300
303,79.94,80.01,79.94,80,648
304,79.92,79.98,79.92,79.965,1328
305,79.78,79.92,79.78,79.92,700
306,79.99,79.99,79.895,79.94,400
308,79.99,80.07,79.97,79.97,300
310,79.96,79.96,79.9,79.9,200
311,79.985,80.02,79.905,79.905,900
312,80,80,79.945,79.945,200
313,79.89,80.01,79.89,79.98,600
314,79.88,79.915,79.88,79.915,400
315,80.1,80.1,79.875,79.875,1214
316,80.13,80.33,80.13,80.18,1100
317,79.97,80.03,79.78,80.03,400
318,79.59,79.8,79.59,79.8,618
319,79.625,79.625,79.58,79.59,400
320,80.04,80.06,79.7,79.7,1163
322,79.9846,79.99,79.94,79.97,501
323,79.9,79.97,79.9,79.95,800
324,79.89,79.96,79.88,79.88,1400
325,80.05,80.085,79.86,79.86,2841
326,79.98,80.04,79.98,80,2009
327,80,80.05,79.86,79.955,11399
432,79.78,79.78,79.78,79.78,1104
434,80.005,80.5,80.005,80.5,400
435,80.1,80.1,80.05,80.05,700
436,80.23,80.4,80.125,80.125,2500
437,80.33,80.365,80.2,80.26,1200
438,80.45,80.45,80.3,80.41,1300
439,80.26,80.26,80.195,80.195,384
440,80.34,80.34,80.34,80.34,100
441,80.3,80.3,80.3,80.3,436
442,80.6299,80.6299,80.33,80.33,1125
443,80.57,80.65,80.52,80.57,2261
444,80.49,80.575,80.49,80.54,600
445,80.56,80.56,80.5,80.53,900
446,80.615,80.66,80.54,80.66,1635
447,80.47,80.65,80.47,80.615,1100
448,80.32,80.46,80.29,80.46,1000
449,80.27,80.33,80.27,80.32,800
450,80.35,80.37,80.12,80.12,800
451,80.39,80.505,80.39,80.505,400
452,80.33,80.47,80.27,80.42,1835
453,80.8099,80.8099,80.8099,80.8099,100
454,80.59,80.64,80.41,80.6188,1011
455,80.48,80.57,80.48,80.57,200
456,80.51,80.51,80.51,80.51,100
457,80.58,80.58,80.52,80.52,400
458,80.81,80.81,80.6,80.71,500
459,80.77,80.79,80.76,80.79,600
460,80.76,80.81,80.73,80.77,1200
461,80.54,80.9,80.54,80.76,4500
462,80.58,80.71,80.49,80.525,500
463,80.55,80.7563,80.54,80.7563,2100
464,80.66,80.69,80.6,80.64,787
465,80.6,80.79,80.46,80.79,1445
466,80.61,80.73,80.51,80.51,1300
467,80.46,80.63,80.44,80.63,1100
468,80.44,80.5365,80.44,80.5365,794
469,80.5,80.55,80.49,80.51,1300
470,80.63,80.68,80.57,80.59,3000
471,80.94,80.96,80.62,80.64,13753
576,81.08,81.08,81.08,81.08,424
577,80.92,81.04,80.92,81.01,530
578,81.11,81.175,81.11,81.175,200
580,80.91,80.97,80.66,80.97,1810
581,80.79,80.79,80.76,80.77,400
582,80.59,80.84,80.51,80.84,1100
583,80.36,80.59,80.26,80.59,1100
584,80.54,80.61,80.47,80.48,1097
586,80.855,80.94,80.71,80.71,500
587,80.99,80.99,80.99,80.99,300
588,81.28,81.28,81.03,81.03,300
589,81.1785,81.22,81.03,81.17,1933
591,81.07,81.165,81.07,81.165,1000
593,81.09,81.09,80.94,80.94,200
594,80.67,81.07,80.67,81.07,900
595,80.6,80.65,80.5,80.65,900
596,80.61,80.7,80.61,80.69,600
597,80.65,80.77,80.65,80.77,200
598,81.165,81.165,80.83,80.83,500
599,81.09,81.17,81.02,81.06,500
600,81.04,81.05,81.03,81.03,400
601,81.01,81.1,81.01,81.07,500
602,81.01,81.01,80.95,80.965,500
603,81.035,81.04,81.035,81.04,300
604,81.05,81.09,81.05,81.09,800
605,81.04,81.08,81.04,81.08,500
606,81.1,81.1,81.1,81.1,200
607,80.87,80.99,80.87,80.96,900
608,80.94,80.94,80.81,80.865,1056
609,80.98,80.98,80.98,80.98,100
610,80.85,80.85,80.8,80.8,200
611,80.72,80.81,80.72,80.81,600
612,80.75,80.75,80.65,80.69,1700
613,80.81,80.81,80.69,80.69,600
614,80.94,80.98,80.71,80.71,4078
615,80.91,81.03,80.78,80.94,17492
a1494250200,80.92,80.92,80.92,80.92,422
2,81.26,81.26,81.26,81.26,100
5,80.43,80.82,80.43,80.82,1100
6,80.36,80.37,80.27,80.37,500
7,80.4,80.58,80.26,80.26,5243
8,80.8675,81.02,80.35,80.4,4807
9,80.545,80.65,80.41,80.41,500
10,80.64,80.75,80.53,80.6,2300
11,80.64,80.64,80.54,80.54,713
12,80.52,80.58,80.41,80.58,800
13,80.51,80.51,80.365,80.41,1030
14,80.34,80.51,80.34,80.51,500
15,80.22,80.36,80.21,80.34,700
16,80.22,80.385,80.22,80.385,300
17,80.19,80.19,80.19,80.19,300
18,79.985,79.985,79.985,79.985,100
19,80.27,80.27,80.11,80.13,704
20,80.78,80.78,80.25,80.25,1136
21,80.82,80.835,80.7799,80.7799,500
22,80.84,80.9,80.825,80.9,600
23,80.07,80.83,80.02,80.83,2800
24,80.325,80.325,80.325,80.325,100
25,80.2344,80.2344,80.14,80.14,200
26,80.26,80.26,80.26,80.26,100
27,80.53,80.53,80.32,80.32,704
28,80.71,80.71,80.31,80.34,700
30,80.7,80.7,80.58,80.69,500
31,80.71,80.72,80.71,80.72,200
32,80.51,80.72,80.51,80.72,1600
33,80.37,80.4,80.35,80.35,600
34,80.09,80.09,80.09,80.09,100
35,80.29,80.35,80.29,80.35,200
36,80.28,80.28,80.28,80.28,100
37,80.21,80.4,80.21,80.35,1610
38,80.37,80.37,80.06,80.06,1751
39,80.59,80.63,80.21,80.21,20256
144,78.68,78.68,78.68,78.68,902
146,82.165,82.165,82.165,82.165,100
147,82.1485,82.65,81.81,81.81,2900
148,82.06,82.47,82,82.19,8389
149,82.75,82.75,82.09,82.3,2299
150,83.18,83.59,82.483,82.483,6939
151,82.22,83.16,82.2,83.16,2800
152,82,82.5,81.79,82.29,3930
153,82.32,82.32,81.47,81.64,1400
154,81.95,81.95,81.93,81.93,500
155,82.28,82.39,81.83,82.02,2100
156,81.08,81.99,81.08,81.976,6715
157,81.04,81.58,81.04,81.54,1236
158,81.2299,81.39,80.74,80.82,2221
159,81.605,81.605,81.15,81.15,700
160,82.02,82.055,81.5,81.5,400
161,81.9,81.9,81.615,81.615,800
162,82.46,82.46,81.9,81.9,3726
163,82.78,82.78,82.65,82.7,1600
164,82.65,82.7388,82.65,82.725,600
165,82.37,82.43,82.255,82.43,1700
166,83.17,83.3,82.13,82.13,2600
167,83.01,83.295,82.86,83.295,2120
168,82.75,82.83,82.75,82.83,500
169,82.46,82.62,82.45,82.61,1302
170,82.0005,82.42,82.0005,82.42,1200
171,81.33,82.03,81.33,82.03,1100
172,81.75,81.75,81.38,81.54,2408
173,82.1,82.15,82.06,82.11,1200
174,82.56,82.83,82.15,82.24,3550
175,82.42,82.91,82.42,82.91,1615
176,82.5,82.5,82.395,82.395,400
177,82.24,82.71,82.215,82.58,2971
178,82.355,82.59,82.13,82.13,1400
179,82.25,82.385,82.23,82.26,2230
180,81.57,82.258,81.57,82.12,23671
181,81.77,82,81.55,81.55,6900
182,82.39,82.39,81.45,81.76,9151
183,82.31,82.46,82.11,82.46,25243
288,82.49,82.49,82.49,82.49,525
290,81.82,82.55,81.82,82.55,300
291,82.105,82.105,81.58,81.58,1391
292,81.415,81.9,81.415,81.9,1164
293,81.28,81.34,81.23,81.295,1700
294,81.35,81.36,81.285,81.31,700
295,81.0675,81.21,81.0675,81.21,1000
296,81.06,81.14,80.92,81.05,2063
297,80.91,80.96,80.81,80.95,1048
298,80.905,80.94,80.78,80.78,1400
299,80.67,80.875,80.58,80.875,2130
300,80.69,80.69,80.55,80.61,1220
301,80.44,80.54,80.21,80.54,500
302,80.41,80.46,80.4,80.4,600
303,80.4,80.4,80.28,80.31,7018
304,80.33,80.46,80.29,80.29,1700
305,80.59,80.59,80.425,80.47,1400
306,80.71,80.72,80.595,80.62,400
307,80.79,80.87,80.73,80.73,700
308,81.24,81.24,80.8615,80.885,1678
309,80.815,81.27,80.815,81.27,1266
310,80.95,80.95,80.87,80.87,200
311,80.85,80.97,80.77,80.97,900
312,80.835,81.02,80.835,80.97,600
313,81.16,81.28,81.15,81.28,700
314,81.15,81.35,81.125,81.35,545
315,80.875,81.245,80.875,81.15,1328
316,81.055,81.11,80.91,80.91,400
317,81.15,81.15,81.05,81.095,500
318,81.21,81.26,81.135,81.26,1100
319,80.96,81.1328,80.9,81.1328,936
320,80.975,81.255,80.975,81,1512
321,81.08,81.08,81.08,81.08,100
322,81.05,81.06,81.05,81.06,300
323,80.98,81.1,80.98,81.1,700
324,80.72,80.97,80.71,80.97,1502
325,80.8,80.98,80.69,80.8177,4200
326,80.84,81.18,80.74,80.74,4100
327,80.88,81.09,80.75,80.79,22677
432,80.82,80.82,80.82,80.82,1173
433,80.9625,80.9625,80.77,80.89,400
435,80.2,80.2,79.8,79.96,2175
436,80.42,80.42,80.1,80.1,1076
437,80.46,80.46,80.46,80.46,100
438,80.43,80.53,80.17,80.48,2000
439,80.45,80.46,80.45,80.46,400
440,80.47,80.64,80.47,80.63,2024
441,80.62,80.77,80.25,80.47,2178
442,80.73,80.83,80.615,80.615,1000
443,80.83,80.95,80.775,80.775,1042
444,80.86,80.89,80.73,80.79,3054
445,81.04,81.2,80.94,80.94,1479
446,81.12,81.12,81.12,81.12,908
447,81.31,81.31,81.22,81.22,300
448,81.15,81.22,81.07,81.22,1102
449,81.04,81.15,81.04,81.085,1105
450,81.095,81.13,81.04,81.13,300
451,81,81.15,80.93,81.15,1600
452,81.08,81.08,81,81,700
453,81.05,81.05,81.05,81.05,100
454,81.08,81.08,81.08,81.08,100
456,81,81.1,80.94,81.1,4929
457,81.25,81.25,81.1,81.11,1000
458,81.25,81.25,81.13,81.13,1085
459,81.25,81.25,81.25,81.25,600
460,81.25,81.25,81.25,81.25,400
461,81.14,81.24,81.13,81.24,1165
462,81.2,81.2,81.15,81.2,700
463,81.2,81.2,81.2,81.2,300
464,81.16,81.16,81.0901,81.12,600
465,81.03,81.09,81.03,81.09,800
466,81.09,81.12,81.09,81.1,812
467,81,81.17,80.98,81.12,4000
468,81.12,81.12,81,81,1850
469,81.14,81.22,81.12,81.17,2897
470,81.175,81.2,81.1,81.1,1538
471,81.03,81.16,80.94,81.16,12938
576,80.65,80.65,80.65,80.65,638
577,81.18,81.18,80.93,80.93,1698
579,80.74,80.77,80.74,80.77,200
580,80.815,81,80.6936,80.75,1915
581,80.83,80.83,80.64,80.81,700
582,80.62,80.9,80.62,80.7,972
583,80.5225,80.73,80.5,80.7,700
584,80.43,80.59,80.37,80.5,1500
585,80.35,80.35,80.35,80.35,300
586,80.42,80.5,80.303,80.303,318
587,80.23,80.5,80.23,80.5,1850
588,80.37,80.37,80.24,80.24,300
589,80.37,80.37,80.32,80.37,400
590,80.06,80.333,80.06,80.315,1900
591,79.9001,80.13,79.9001,80.05,838
592,80.1445,80.15,79.9,79.98,3105
593,79.85,80.14,79.85,80.09,5700
594,79.86,79.86,79.86,79.86,615
595,79.81,79.86,79.81,79.86,500
596,79.92,79.92,79.92,79.92,100
598,79.9,79.9,79.9,79.9,300
599,79.9,79.9,79.9,79.9,100
600,79.85,79.93,79.85,79.93,591
601,79.874,79.874,79.79,79.825,665
602,79.75,79.88,79.75,79.79,500
603,79.82,79.82,79.82,79.82,100
604,79.77,79.77,79.75,79.75,600
605,79.72,79.79,79.72,79.77,400
606,79.62,79.73,79.62,79.64,950
607,79.8,79.8,79.75,79.75,300
608,79.78,79.78,79.78,79.78,200
609,79.72,79.745,79.67,79.745,300
610,79.57,79.71,79.57,79.67,800
611,79.74,79.74,79.53,79.56,1600
612,79.73,79.76,79.53,79.76,11641
613,79.84,79.84,79.62,79.63,2996
614,79.87,80,79.74,79.915,7494
615,79.77,79.93,79.73,79.93,11207
a1494855000,79.66,79.66,79.66,79.66,1267
2,80.22,80.32,80,80,400
3,80.11,80.4,79.83,80.26,1982
4,79.9,80.055,79.9,80.055,657
5,80,80,79.95,79.95,2235
6,79.97,80,79.97,80,400
9,79.81,80.1,79.81,80.1,1400
10,80,80,79.96,79.96,600
11,79.91,79.94,79.91,79.94,432
12,79.9575,80,79.925,79.93,1300
13,79.9,79.95,79.83,79.95,900
14,79.8,79.88,79.735,79.8,1178
15,79.86,79.86,79.79,79.8,900
17,79.8,79.8,79.8,79.8,100
18,79.75,79.7699,79.6653,79.6653,911
19,79.8,79.8,79.78,79.78,300
20,79.8,79.8,79.74,79.7776,1001
21,79.71,79.8,79.71,79.8,500
22,79.74,79.74,79.74,79.74,100
23,79.77,79.77,79.67,79.67,200
24,79.8,79.8,79.72,79.79,1000
26,79.62,79.73,79.62,79.73,310
27,79.64,79.64,79.595,79.595,200
28,79.46,79.595,79.46,79.57,635
29,79.52,79.52,79.42,79.5,500
30,79.36,79.47,79.36,79.47,1046
32,79.47,79.68,79.33,79.33,1600
33,79.46,79.57,79.42,79.47,706
34,79.43,79.5099,79.43,79.46,300
35,79.23,79.5399,79.23,79.44,600
36,79.23,79.32,79.14,79.19,1400
37,79.21,79.25,79.11,79.16,1700
38,79.71,79.73,79.27,79.27,5768
39,79.63,79.74,79.57,79.74,13194
144,79.6,79.6,79.6,79.6,584
145,79.69,80.15,79.69,80.15,200
146,80.45,81.19,80.34,80.34,1300
147,80.38,80.38,80.38,80.38,100
148,80.03,80.32,79.94,80.275,2054
149,79.695,79.695,79.67,79.67,200
150,79.66,79.96,79.66,79.96,200
153,79.57,79.57,79.57,79.57,100
154,79.62,79.62,79.5,79.5,400
155,79.62,79.66,79.62,79.66,400
156,80.03,80.035,79.77,79.84,1900
157,80,80.08,79.96,80.08,7362
158,80,80,79.94,80,1800
159,80,80.03,79.96,80.03,2378
160,80.1,80.1,79.91,79.975,1976
161,80.04,80.04,79.99,80.03,2100
162,79.92,80.04,79.92,80.03,1000
163,79.68,80,79.68,79.995,19336
164,79.7,79.74,79.7,79.74,200
165,79.7,79.82,79.65,79.6501,908
166,79.7,79.7,79.7,79.7,200
167,79.61,79.735,79.61,79.7,800
168,79.56,79.56,79.56,79.56,100
169,79.7,79.7,79.7,79.7,100
170,79.52,79.64,79.52,79.64,1000
171,79.31,79.32,79.31,79.32,200
173,79.49,79.49,79.49,79.49,100
174,79.27,79.46,79.27,79.4266,606
176,79.41,79.5,79.41,79.5,300
177,79.25,79.52,79.25,79.35,7611
178,79.33,79.33,79.33,79.33,100
179,79.31,79.31,79.23,79.31,700
180,79.335,79.4,79.32,79.32,2501
181,79.3,79.45,79.3,79.37,800
182,79.42,79.49,79.38,79.38,1838
183,79.53,79.55,79.47,79.49,26755
288,78.36,78.36,78.36,78.36,839
289,79.2,79.2,78.34,78.96,49450
291,78.73,78.73,78.73,78.73,100
292,79.2,79.2,78.73,78.79,1528
293,79.5,79.5,79.3,79.5,1800
294,79.04,79.24,79,79.24,800
295,78.93,79.1,78.64,79.05,2022
296,78.94,79.0788,78.85,78.85,1450
297,78.8,78.9956,78.8,78.94,550
298,78.7,78.83,78.66,78.83,1155
299,78.705,78.72,78.67,78.72,300
300,78.65,78.77,78.65,78.77,800
301,78.1101,78.76,78.1101,78.76,1007
302,78.2,78.45,78.2,78.445,300
303,79.01,79.03,78.46,78.46,2500
304,79,79.16,79,79.16,300
305,79.11,79.11,78.99,79.01,1200
306,79,79.06,78.98,79.06,700
307,79.19,79.19,78.93,79,1000
308,79.35,79.35,79.21,79.21,300
309,79.25,79.25,79.25,79.25,100
310,79.58,79.58,79.26,79.36,10093
311,79.235,79.5,79.19,79.49,1627
312,79.315,79.33,79.14,79.14,5383
313,79.5,79.5,79.29,79.32,800
314,79.42,79.51,79.29,79.51,1100
315,79.4,79.4,79.37,79.37,400
316,79.4,79.45,79.4,79.41,300
317,79.19,79.315,79.19,79.3,700
318,79.08,79.23,79.0497,79.23,8916
319,79.07,79.12,79.07,79.12,200
320,78.98,79.1,78.98,79.1,300
321,79.41,79.41,79.11,79.11,700
322,79.29,79.44,79.29,79.31,1300
323,79.42,79.51,79.28,79.28,1500
324,79.32,79.43,79.32,79.41,400
325,79.48,79.6,79.37,79.37,2558
326,79.27,79.47,79.27,79.47,1000
327,79.04,79.28,78.99,79.28,18871
432,78.63,78.63,78.63,78.63,279
434,78.54,78.93,78.42,78.42,300
435,78.98,78.98,78.765,78.765,300
436,79.525,79.525,78.775,78.775,1200
437,79.41,79.43,79.275,79.38,600
438,79.395,79.395,79.16,79.25,1200
439,79.66,79.66,79.33,79.43,737
440,79.35,79.54,79.35,79.475,600
441,79.49,79.49,79.34,79.415,300
442,79.3,79.44,79.3,79.41,1400
443,79.65,79.65,79.4,79.4,400
444,79.45,79.75,79.41,79.5,1100
445,79.41,79.44,79.37,79.42,500
446,79.2,79.25,79.1,79.25,1600
447,78.845,79.2899,78.61,79.205,1570
448,78.77,78.98,78.77,78.98,700
449,78.91,79.01,78.72,78.97,1300
450,78.91,79.07,78.87,78.94,600
451,78.64,78.94,78.64,78.94,400
452,78.5,78.5,78.485,78.485,200
453,78.88,78.88,78.5,78.5,1200
454,78.35,78.8,78.35,78.79,1300
455,78.63,78.63,78.48,78.48,600
456,78.74,78.95,78.48,78.5,5500
457,78.36,78.62,78.36,78.62,1602
459,78.78,78.78,78.5,78.5,800
460,78.79,78.97,78.75,78.75,700
462,78.93,78.93,78.78,78.78,200
463,78.86,78.95,78.86,78.95,200
464,78.77,78.85,78.72,78.85,911
465,78.72,78.8185,78.71,78.8185,1455
466,78.56,78.8,78.56,78.65,732
467,78.63,78.63,78.61,78.62,500
468,78.53,78.67,78.52,78.52,1165
469,78.58,78.5999,78.46,78.48,1032
470,78.84,78.84,78.56,78.62,2828
471,78.485,78.88,78.46,78.855,14558
576,78.37,78.37,78.37,78.37,7288
577,78.55,78.55,78.48,78.48,784
578,78.511,78.52,78.511,78.52,230
579,78.82,78.95,78.82,78.95,200
581,78.86,78.94,78.73,78.9,2900
582,79.04,79.04,79.04,79.04,100
583,79.08,79.21,79.05,79.17,1700
584,79.2047,79.2047,79.06,79.06,300
585,79.07,79.09,78.95,78.95,300
586,78.94,79.1054,78.88,79,1210
587,78.67,78.86,78.67,78.86,600
588,78.6646,78.6646,78.64,78.65,674
589,78.62,78.62,78.5516,78.61,434
590,78.43,78.54,78.43,78.52,400
593,78.5,78.58,78.49,78.58,1042
594,78.54,78.54,78.54,78.54,100
595,78.44,78.44,78.44,78.44,100
596,78.65,78.76,78.5,78.5,1384
597,78.755,78.755,78.755,78.755,2027
598,78.78,78.83,78.78,78.82,1000
600,78.73,78.76,78.73,78.76,200
601,78.7,78.82,78.7,78.82,300
602,78.66,78.75,78.66,78.69,700
603,78.74,78.89,78.685,78.685,1200
604,78.69,78.74,78.69,78.71,1000
605,78.765,78.765,78.7,78.7,11900
606,78.96,78.96,78.71,78.7844,1913
607,79.2,79.27,78.93,78.975,2655
608,79.31,79.31,79.25,79.25,500
609,79.4,79.4,79.34,79.34,695
610,79.47,79.47,79.36,79.36,2402
611,79.33,79.47,79.33,79.38,1092
612,79.28,79.35,79.18,79.22,1200
613,79.15,79.24,79.0276,79.22,3000
614,79.2599,79.3,79.17,79.3,1819
615,79.04,79.29,78.96,79.26,19535
a1495459800,79.21,79.21,79.21,79.21,223
1,79.11,79.48,79.11,79.45,600
2,79.41,79.41,79.28,79.28,204
5,79.65,79.65,79.64,79.64,200
6,79.8782,79.8782,79.8782,79.8782,500
7,79.7,79.88,79.59,79.88,700
8,79.59,79.655,79.59,79.61,500
9,79.47,79.645,79.47,79.645,3300
10,79.64,79.695,79.47,79.53,986
11,79.4,79.66,79.36,79.66,1600
12,79.5,79.5,79.42,79.42,200
13,79.54,79.54,79.54,79.54,100
14,79.48,79.565,79.48,79.51,700
15,79.55,79.59,79.49,79.49,600
16,79.35,79.52,79.35,79.52,1100
19,79.8,79.8,79.56,79.705,1200
21,79.65,79.65,79.65,79.65,100
25,79.57,79.62,79.57,79.62,400
26,79.54,79.68,79.51,79.51,390
27,79.4,79.5,79.4,79.5,731
28,79.41,79.41,79.4,79.4,200
29,79.35,79.51,79.35,79.44,1618
30,79.25,79.415,79.24,79.25,800
31,79.21,79.3101,79.21,79.3101,999
33,79.19,79.25,79.19,79.25,600
34,79.32,79.32,79.04,79.04,300
35,79.13,79.16,79.13,79.16,485
36,79,79.12,79,79.12,500
37,79.21,79.21,79.105,79.105,384
38,79.58,79.59,79.21,79.21,1300
39,79.49,79.64,79.49,79.56,13250
144,79.73,79.73,79.73,79.73,795
147,79.3,79.41,79.1,79.38,1000
148,79.25,79.3,79.25,79.3,777
150,79.58,79.58,79.31,79.31,200
151,79.43,79.43,79.43,79.43,200
152,79.36,79.5,79.33,79.33,300
154,79.91,79.91,79.89,79.89,200
155,79.85,79.85,79.48,79.7701,1129
156,79.79,79.81,79.79,79.8,3000
157,79.81,79.82,79.75,79.8,1900
158,79.78,79.8,79.7,79.8,900
159,79.8,79.8,79.8,79.8,700
160,79.8,79.8,79.8,79.8,200
161,79.75,79.8,79.75,79.8,1240
162,79.55,79.75,79.55,79.75,500
163,79.52,79.52,79.52,79.52,200
165,79.31,79.48,79.31,79.48,600
166,79.47,79.65,79.4,79.4,800
168,79.61,79.61,79.61,79.61,100
169,79.38,79.59,79.38,79.4,880
171,79.59,79.59,79.59,79.59,100
172,79.63,79.63,79.59,79.59,629
173,79.49,79.6,79.49,79.6,1500
174,79.37,79.52,79.37,79.4982,1000
175,79.55,79.64,79.5,79.53,700
176,79.675,79.675,79.53,79.6,2289
177,79.56,79.6,79.56,79.6,559
178,79.66,79.66,79.57,79.605,1652
179,79.5,79.6,79.5,79.58,800
180,79.24,79.45,79.24,79.43,600
181,79.42,79.42,79.26,79.38,1330
182,79.54,79.54,79.4539,79.505,1300
183,79.54,79.6,79.52,79.6,18226
288,79.63,79.63,79.63,79.63,436
291,79.8,79.8,79.79,79.79,1665
292,79.81,79.895,79.76,79.8,4575
293,79.77,79.835,79.77,79.835,3500
294,79.8,79.82,79.8,79.81,1900
295,79.805,79.83,79.78,79.8,3700
296,79.795,79.8,79.78,79.8,500
297,79.76,79.76,79.76,79.76,100
298,79.6708,79.73,79.6708,79.73,200
299,79.8,79.8,79.8,79.8,500
300,79.77,79.77,79.73,79.73,300
301,79.645,79.83,79.645,79.77,2648
302,79.705,79.705,79.7,79.7,8300
303,79.32,79.68,79.32,79.68,1900
304,79.22,79.29,79.22,79.29,300
305,79.41,79.56,79.28,79.31,3100
306,79.37,79.68,79.37,79.61,500
307,79.32,79.4599,79.32,79.32,321
308,79.15,79.2,79.15,79.2,400
309,79.07,79.24,79.07,79.13,500
310,79.025,79.1699,79.025,79.07,647
311,79.01,79.128,79.01,79.128,500
312,78.915,78.985,78.88,78.985,800
313,79.08,79.09,78.92,78.92,1500
314,79.06,79.06,79.06,79.06,100
315,79.125,79.15,79.05,79.12,1400
316,79.23,79.25,79.07,79.07,1200
317,79.56,79.56,79.33,79.47,1300
318,79.5,79.63,79.4,79.47,800
319,79.4,79.65,79.4,79.65,1030
320,79.24,79.46,79.18,79.46,1032
321,79.41,79.58,79.3,79.32,1200
322,79.26,79.57,79.26,79.57,1300
323,79.28,79.37,79.22,79.25,1228
324,79.15,79.3,79.15,79.29,1000
325,79.75,79.75,79.31,79.31,1200
326,79.58,79.83,79.5,79.77,4456
327,79.46,79.82,79.39,79.52,27960
432,79.54,79.54,79.54,79.54,982
433,79.92,79.92,79.885,79.885,200
436,80,80,79.83,79.83,600
437,80.44,80.44,80.17,80.255,970
438,80.58,80.58,80.55,80.55,300
439,80.57,80.6,80.5508,80.59,1459
440,80.65,80.84,80.65,80.67,1000
441,80.66,80.66,80.66,80.66,100
442,80.56,80.625,80.54,80.62,1459
443,80.44,80.6,80.44,80.59,4600
444,80.34,80.34,80.34,80.34,100
445,79.995,80.26,79.995,80.26,600
446,79.78,80.03,79.78,79.9501,1681
447,79.64,79.77,79.6,79.77,1118
448,79.64,79.64,79.43,79.44,1000
449,79.6,79.65,79.6,79.65,400
450,79.6,79.6,79.6,79.6,500
451,79.39,79.61,79.39,79.61,1700
452,79.285,79.4699,79.285,79.4699,431
453,79.29,79.29,79.29,79.29,140
454,78.88,79.33,78.88,79.3,2784
455,79.25,79.25,78.925,78.94,1600
456,79.559,79.5699,79.44,79.44,1125
457,79.16,79.24,79.105,79.24,500
458,79.42,79.42,79.225,79.225,400
459,79.41,79.49,79.35,79.35,500
460,79.43,79.43,79.43,79.43,200
461,79.38,79.38,79.38,79.38,234
462,79.17,79.69,79.17,79.44,2640
463,79.35,79.53,79.35,79.41,800
464,79.39,79.47,79.35,79.455,700
465,79.29,79.39,79.29,79.39,200
466,79.43,79.43,79.3005,79.34,767
467,79.37,79.41,79.37,79.41,700
468,79.34,79.38,79.34,79.38,400
469,79.36,79.47,79.31,79.31,1500
470,79.42,79.48,79.38,79.479,1714
471,79.7,79.89,79.43,79.43,23599
576,79.6,79.6,79.6,79.6,570
578,79.63,79.8,79.465,79.752,1100
579,79.65,79.85,79.65,79.85,400
580,79.27,79.79,79.27,79.79,700
581,79.45,79.6,79.44,79.6,700
582,79.38,79.5011,79.38,79.445,818
583,79.495,79.495,79.345,79.345,400
584,79.52,79.52,79.52,79.52,100
585,79.576,79.64,79.52,79.52,2200
586,79.56,79.59,79.52,79.57,2212
587,79.56,79.68,79.56,79.61,800
589,79.54,79.6325,79.54,79.6,800
590,79.53,79.54,79.53,79.54,200
591,79.51,79.57,79.46,79.57,1095
592,79.475,79.475,79.475,79.475,100
593,79.595,79.6,79.49,79.49,955
596,79.7,79.7,79.7,79.7,200
598,80.06,80.07,79.72,79.79,900
599,80.03,80.03,80.03,80.03,100
600,80.07,80.145,80.03,80.145,900
601,79.97,80.065,79.97,80.05,1000
602,79.99,80.1,79.99,80.1,461
603,79.92,79.92,79.92,79.92,100
604,79.96,79.97,79.86,79.86,400
605,79.82,80.0199,79.82,79.92,1165
606,79.79,79.8858,79.79,79.8858,545
607,79.83,79.895,79.83,79.83,800
608,79.85,79.95,79.83,79.83,400
609,79.78,79.98,79.78,79.85,1400
610,79.94,79.94,79.94,79.94,100
611,80.015,80.03,79.85,79.895,900
612,79.98,80.12,79.98,80.05,400
613,79.94,80.23,79.94,80.23,2300
614,79.94,80.08,79.9,79.9,1740
615,79.98,80.03,79.73,79.96,14392
a1496151000,79.9,79.9,79.9,79.9,876
1,80.03,80.475,80.03,80.475,900
2,79.98,80.0225,79.89,79.9701,1100
3,79.82,79.82,79.81,79.81,300
4,79.55,79.67,79.55,79.67,536
5,79.24,79.56,79.2,79.47,1150
6,79.25,79.33,79.2071,79.25,1188
7,79.36,79.36,79.22,79.22,400
8,79.41,79.56,79.41,79.56,500
9,79.23,79.46,79.22,79.46,1221
10,79.255,79.255,79.2539,79.2539,300
11,79.22,79.31,79.22,79.31,400
12,78.945,79.29,78.945,79.29,600
13,78.97,78.97,78.97,78.97,100
14,78.815,78.99,78.75,78.99,900
15,78.88,79,78.88,79,400
16,78.86,78.94,78.86,78.94,200
17,79.05,79.24,79.05,79.09,1108
18,79.09,79.09,79.05,79.05,300
19,79.11,79.28,79.08,79.13,600
20,78.9,79.155,78.9,79.155,900
21,79.095,79.19,79,79.19,300
22,79.185,79.26,79.11,79.22,600
23,79.28,79.28,79.21,79.21,200
24,79.245,79.28,79.23,79.28,1310
26,79.27,79.35,79.27,79.35,200
27,79.175,79.35,79.1,79.35,725
28,79.12,79.23,79.12,79.23,1001
29,79.17,79.17,79.135,79.16,1107
31,79.145,79.1765,79.11,79.12,1666
32,79.19,79.23,79.13,79.13,658
33,79.315,79.36,79.27,79.27,800
34,79.4,79.48,79.345,79.4,1760
35,79.315,79.365,79.24,79.365,1500
36,79.345,79.345,79.25,79.25,300
37,79.29,79.37,79.245,79.37,641
38,79.295,79.34,79.25,79.32,900
39,79.24,79.41,79.18,79.41,8852
144,79.36,79.36,79.36,79.36,1450
147,79.09,79.68,79.09,79.66,700
148,79.06,79.16,78.81,79.07,600
149,78.48,79.01,78.48,79.01,1351
150,78.56,78.7,78.32,78.43,1600
151,78.64,78.91,78.64,78.78,1000
152,78.78,78.885,78.78,78.885,300
153,78.91,78.91,78.7,78.7,500
154,78.71,78.85,78.67,78.8,900
155,78.28,78.54,78.275,78.54,2194
156,78.19,78.19,78.19,78.19,200
157,78.02,78.22,77.96,78.22,1600
158,78.42,78.53,78.04,78.04,1500
159,78.85,78.85,78.61,78.61,300
160,78.95,79.12,78.95,79.12,519
162,78.68,78.81,78.68,78.81,200
163,78.815,78.815,78.75,78.75,300
165,78.8099,78.8325,78.73,78.82,1030
166,78.5901,78.63,78.5901,78.63,400
167,78.76,78.76,78.71,78.71,696
168,78.66,78.76,78.66,78.76,611
170,78.49,78.76,78.49,78.71,700
171,78.49,78.49,78.49,78.49,100
172,78.41,78.55,78.39,78.55,655
173,78.545,78.59,78.39,78.39,500
174,78.66,78.66,78.61,78.61,500
175,78.71,78.71,78.7,78.7,277
176,78.58,78.78,78.53,78.78,800
177,78.66,78.66,78.66,78.66,100
178,78.59,78.71,78.58,78.71,1343
179,78.65,78.65,78.65,78.65,200
180,78.61,78.71,78.59,78.65,1530
181,78.67,78.72,78.62,78.695,2200
182,78.7975,78.85,78.695,78.695,1700
183,78.72,78.8,78.68,78.8,18214
288,78.71,78.71,78.71,78.71,1350
290,79.485,79.485,79.38,79.47,500
291,79.14,79.29,79.14,79.29,300
292,78.94,79.12,78.8,79.12,1500
293,78.74,79.31,78.74,79.06,1400
294,78.91,79.05,78.7,78.86,2425
295,79.015,79.03,78.85,78.96,800
296,78.93,78.93,78.81,78.89,1000
298,78.935,79.039,78.86,79.039,600
299,79.15,79.17,78.94,79,2700
300,79.02,79.05,79.01,79.04,600
301,78.98,79.06,78.98,79.06,1000
302,79.02,79.085,79.02,79.075,1300
303,78.96,79.12,78.96,79.12,3214
304,78.995,79.03,78.91,78.95,1000
305,79.025,79.03,78.99,79.03,500
306,78.92,79.04,78.9,79.03,2700
307,79.015,79.02,78.95,79,600
308,78.95,79.02,78.95,79.01,1400
309,78.87,79.02,78.87,79.01,1300
310,78.93,78.99,78.92,78.94,1500
311,79.12,79.12,78.99,79,2900
312,79,79.14,79,79.14,2900
313,78.9462,78.9462,78.9462,78.9462,185
314,79.04,79.04,79.04,79.04,100
315,78.97,79.04,78.97,79.04,1175
316,79.03,79.11,79.01,79.04,2500
317,79.03,79.05,79,79.03,2400
318,79.01,79.09,79,79,3228
319,78.91,79.07,78.91,79.04,1400
320,78.97,79,78.9001,78.9001,845
321,78.97,79.005,78.97,79.005,600
322,78.97,79.04,78.96,79.04,700
323,78.97,79.03,78.97,79.03,1200
324,79,79.045,78.97,78.97,1167
325,79.43,79.465,79,79,3900
326,79.645,79.82,79.43,79.475,2800
327,79.98,79.99,79.52,79.58,26431
432,79.98,79.98,79.98,79.98,1410
433,81,81,80,80,1331
434,81.62,81.64,81.24,81.24,1624
435,81.925,81.97,81.57,81.64,1700
436,81.89,81.95,81.71,81.92,1500
437,82.4,82.4,81.9,81.9,950
438,82.555,82.65,82.26,82.31,1655
439,82.75,82.75,82.72,82.72,300
440,82.95,83.23,82.72,82.72,2504
441,82.86,83.15,82.86,83.11,900
442,82.71,83.19,82.65,83.05,1400
443,82.86,82.86,82.48,82.48,1027
444,82.98,83.08,82.49,82.81,2777
445,83.25,83.25,83.03,83.05,1000
446,83.97,83.97,83.37,83.4,1500
447,84.335,84.335,83.88,83.88,1190
448,84.03,84.21,84.03,84.21,1091
449,84.23,84.3,84.01,84.01,2035
450,84.23,84.23,84.23,84.23,300
451,84.06,84.2,83.85,84.2,3575
452,84.21,84.21,84.04,84.05,1300
453,84.22,84.4,84.22,84.4,284
454,84.09,84.23,84.03,84.23,1200
455,84.051,84.0868,84.0501,84.0868,5700
456,83.78,84.05,83.78,84.05,1700
457,83.9,83.9,83.8076,83.8076,600
458,83.36,83.71,83.36,83.71,800
459,82.97,83.31,82.92,83.31,1361
460,83,83.03,82.84,82.88,1600
461,83.08,83.14,82.9,82.9,1000
463,82.88,82.9323,82.88,82.89,1063
464,82.69,82.86,82.69,82.86,200
465,82.93,82.96,82.87,82.87,1000
466,83.11,83.11,83.0069,83.0069,1110
467,83.19,83.4225,83.17,83.17,800
468,83.22,83.22,83.06,83.09,700
469,83.16,83.28,83.13,83.23,1694
470,82.9,83.06,82.77,83.06,2862
471,82.88,83.4,82.87,82.93,24817
864,82.82,82.82,82.82,82.82,220
865,81.975,82.71,81.25,82.2525,500
868,82.41,82.4875,82.4,82.4875,958
869,82.135,82.3,82.135,82.3,900
870,82.11,82.27,82.11,82.17,1928
871,82.21,82.21,82.085,82.085,800
873,82.02,82.1799,82.02,82.1799,315
874,81.65,82.02,81.64,81.91,1316
876,81.61,81.61,81.61,81.61,300
877,81.72,81.72,81.47,81.47,200
878,81.7,81.73,81.66,81.66,1917
879,81.9,81.9,81.71,81.71,1200
880,82.295,82.295,82.03,82.03,500
881,82.135,82.14,82.135,82.14,600
882,82.26,82.26,82.24,82.24,200
883,82.31,82.31,82.31,82.31,100
884,82.36,82.36,82.36,82.36,100
885,82.42,82.42,82.38,82.38,300
887,82.38,82.38,82.38,82.38,100
889,82.23,82.23,82.23,82.23,200
890,81.875,82.22,81.875,82.22,600
891,81.99,81.99,81.98,81.98,200
892,81.82,81.87,81.82,81.87,300
893,81.82,81.82,81.7,81.7,466
894,81.85,81.87,81.85,81.85,400
895,81.8,81.95,81.8,81.95,296
896,81.9,81.94,81.86,81.86,400
897,81.89,81.89,81.78,81.78,200
898,81.8699,81.8699,81.8699,81.8699,118
900,81.67,81.67,81.58,81.625,600
901,81.75,81.75,81.63,81.72,500
902,81.49,81.64,81.49,81.64,1700
903,81.42,81.51,81.4,81.5,10696
a1496755800,81.2,81.2,81.2,81.2,730
1,81.3,81.32,80.91,81.32,1200
3,81.34,81.4,81.29,81.29,800
4,81.12,81.33,80.92,81.33,1749
5,81.02,81.02,80.99,81,700
6,80.9875,80.9875,80.9875,80.9875,100
7,81.045,81.16,80.91,80.95,1154
8,81.26,81.26,81.16,81.16,500
9,81.07,81.27,81.07,81.27,700
10,81.05,81.08,80.97,81.07,1001
11,81,81,81,81,100
12,80.8,80.935,80.8,80.935,200
13,80.84,80.84,80.84,80.84,200
14,81.03,81.03,80.98,80.98,200
15,81.275,81.275,80.92,81.05,1105
16,81.485,81.485,81.285,81.33,1075
17,82.0228,82.14,81.356,81.3771,6641
18,81.9,82.102,81.9,82.03,2874
19,81.7,81.98,81.7,81.98,625
20,81.9,81.9,81.81,81.81,200
21,81.745,81.84,81.745,81.785,300
22,81.735,81.8,81.735,81.79,400
23,81.79,81.79,81.79,81.79,100
24,81.79,81.79,81.79,81.79,500
25,81.65,81.7,81.65,81.7,500
27,81.66,81.66,81.66,81.66,200
28,81.64,81.71,81.6,81.67,600
29,81.71,81.79,81.67,81.67,500
30,81.7875,81.7875,81.7875,81.7875,100
31,81.93,81.96,81.86,81.86,300
32,82.41,82.41,81.9954,82.1,1154
33,82.27,82.27,82.14,82.21,945
34,82.33,82.34,82.16,82.16,400
35,82.34,82.34,82.34,82.34,300
36,82.5,82.52,82.38,82.38,800
37,82.28,82.49,82.205,82.49,1997
38,82.18,82.24,82.17,82.22,2234
39,81.98,82.19,81.95,82.19,16850
144,82.13,82.13,82.13,82.13,158
145,81.27,81.56,81.27,81.56,200
146,81.54,81.54,81.54,81.54,100
147,82.2116,82.2116,82.2116,82.2116,215
148,81.945,81.945,81.945,81.945,100
150,82.11,82.11,82.04,82.04,600
151,81.99,82.01,81.95,82,500
152,82,82.02,81.82,81.83,1400
153,82.2,82.2,81.98,81.98,800
154,82.58,82.58,82.44,82.44,400
155,82.29,82.62,82.29,82.62,800
156,82.25,82.26,82.24,82.26,700
157,82.17,82.265,82.095,82.265,1000
158,82.15,82.2,82.15,82.15,1129
159,82.31,82.36,82.29,82.29,700
160,82.3,82.3,82.3,82.3,300
161,82.105,82.24,82.105,82.24,300
162,82.23,82.32,82.19,82.32,1300
163,81.965,82.18,81.965,82.18,400
164,81.9,81.98,81.84,81.98,1185
165,81.88,81.91,81.82,81.82,840
166,81.82,81.87,81.82,81.87,600
167,81.55,81.55,81.53,81.53,200
168,81.55,81.7,81.55,81.66,1041
169,81.71,81.71,81.71,81.71,100
170,81.6695,81.6695,81.6695,81.6695,118
171,81.57,81.6075,81.57,81.59,800
172,81.324,81.605,81.324,81.605,3237
173,81.3025,81.3025,81.3025,81.3025,100
175,81.3,81.38,81.21,81.3,1979
176,81.33,81.43,81.33,81.34,2601
177,81.33,81.3944,81.31,81.31,820
178,81.28,81.28,81.26,81.26,300
179,81.24,81.32,81.24,81.27,1004
180,81.2853,81.2853,81.18,81.25,2100
181,81.0879,81.36,81.0879,81.295,1446
182,81,81.07,80.96,81,2100
183,80.93,81.025,80.84,81.025,15203
288,80.83,80.83,80.83,80.83,700
289,80.8,81.52,80.8,81.52,300
290,80.7,80.79,80.67,80.79,600
291,80.5374,80.57,80.5374,80.57,300
292,80.51,80.56,80.39,80.46,2101
293,80.71,80.71,80.47,80.51,1900
294,80.78,80.78,80.72,80.72,400
295,81.03,81.03,80.84,80.88,500
296,80.8,80.9,80.79,80.9,1600
297,80.89,81.04,80.84,80.87,7154
298,81.25,81.25,80.94,81,1300
299,81.5,81.5,81.44,81.44,500
300,81.5,81.55,81.5,81.55,400
301,81.2501,81.46,81.2501,81.46,500
302,81.65,81.65,81.4001,81.41,900
303,81.86,81.86,81.85,81.85,200
304,81.95,81.95,81.7301,81.87,836
305,82.12,82.12,82.1,82.1,300
306,81.8801,81.99,81.8801,81.99,400
307,81.605,81.89,81.605,81.885,1000
308,81.7001,81.84,81.635,81.635,1200
309,81.755,81.96,81.7,81.7,700
310,81.7001,81.86,81.7001,81.725,1400
311,81.8,81.83,81.655,81.72,1400
312,81.545,81.75,81.505,81.75,600
313,81.58,81.65,81.5401,81.5401,500
314,81.78,81.78,81.5601,81.561,800
315,81.65,81.7148,81.63,81.663,941
316,81.76,81.76,81.59,81.66,700
317,81.85,81.945,81.598,81.598,1300
318,81.5501,81.95,81.5501,81.94,1200
319,81.6301,81.795,81.6301,81.68,800
320,81.52,81.79,81.52,81.614,900
321,81.41,81.61,81.41,81.53,536
322,81.79,81.79,81.427,81.427,3244
323,81.82,81.88,81.82,81.84,428
324,81.79,81.87,81.78,81.87,859
325,81.7201,81.92,81.7201,81.755,860
326,81.91,81.92,81.75,81.78,1900
327,81.72,82.05,81.65,81.93,15418
432,81.82,81.82,81.82,81.82,361
433,81.4,81.695,81.4,81.695,200
434,82.0559,82.2699,81.49,81.58,800
435,82.46,82.5,82.15,82.19,2029
436,82.66,82.66,82.445,82.445,300
437,82.435,82.67,82.43,82.67,2800
438,82.35,82.5,82.3,82.42,1400
439,82.3,82.4,82.27,82.32,1000
440,82.1901,82.5625,82.1901,82.5,4035
441,82.35,82.47,82.35,82.45,600
442,82.77,82.77,82.41,82.5825,2100
443,82.91,83.05,82.83,82.84,1400
444,82.89,82.96,82.77,82.89,1316
445,82.98,82.98,82.89,82.9,1700
446,82.65,83.03,82.64,82.93,4594
447,82.53,82.705,82.53,82.62,400
448,82.74,82.74,82.6,82.6,1100
449,82.785,82.94,82.69,82.74,1000
450,82.81,82.91,82.81,82.91,400
451,83.14,83.14,82.85,82.85,600
452,82.9,83.13,82.9,83.13,2199
453,83.23,83.23,82.99,82.99,1000
454,83.58,83.58,83.3,83.3,776
455,83.23,83.23,83.23,83.23,100
456,83.4,83.44,83.2,83.24,1200
457,83.47,83.47,83.39,83.39,300
458,83.69,83.69,83.6,83.6,200
459,83.408,83.49,83.408,83.49,662
460,83.69,83.69,83.482,83.482,1000
461,83.89,83.9,83.57,83.68,1200
462,84,84,83.76,83.88,500
463,83.755,83.91,83.525,83.76,2210
464,83.56,83.7899,83.53,83.7899,600
465,83.6088,83.83,83.12,83.36,1745
466,83.93,83.93,83.695,83.75,1500
467,84.06,84.06,83.95,83.95,300
468,84.08,84.09,83.93,84.08,1488
469,83.83,83.99,83.775,83.95,2300
470,83.93,83.93,83.505,83.79,6348
471,83.63,83.83,83.49,83.76,38260
864,83.73,83.73,83.73,83.73,604
865,84.25,84.3,83.935,83.935,21904
866,84.2445,84.329,84.2445,84.29,900
867,84.7,84.7,84.04,84.26,6074
868,84.61,84.71,84.5,84.71,1000
869,85.3,85.3,84.5441,84.5441,1500
870,85.08,85.51,85.08,85.51,2360
871,84.78,84.78,84.67,84.77,400
872,84.87,84.97,84.44,84.44,600
873,85.005,85.01,84.65,85.01,900
874,85.015,85.1799,85,85,694
875,84.73,85.08,84.73,85.08,1100
876,84.5969,84.905,84.5969,84.89,1032
877,84.53,84.6,84.415,84.6,800
878,84.655,84.79,84.55,84.55,1600
879,84.9,84.9,84.52,84.64,900
880,84.89,84.9,84.85,84.86,500
881,84.9,84.93,84.7706,84.88,1000
882,84.8811,85.01,84.8811,85.01,262
883,84.92,84.97,84.79,84.97,700
884,84.93,85.05,84.93,85.05,200
885,84.87,85.0075,84.86,85.0075,1100
886,84.72,84.77,84.72,84.77,300
887,84.66,84.67,84.55,84.55,700
888,84.52,84.6098,84.52,84.605,700
889,84.62,84.64,84.585,84.585,600
890,84.65,84.69,84.65,84.69,200
891,84.59,84.7,84.5,84.69,1937
892,84.71,84.74,84.64,84.64,300
893,84.49,84.57,84.49,84.57,1073
894,84.23,84.49,84.14,84.48,2914
896,83.86,84.24,83.85,84.24,1500
898,83.855,83.855,83.7801,83.85,600
899,83.79,83.93,83.79,83.86,700
900,83.55,83.77,83.55,83.77,900
901,83.55,83.55,83.385,83.44,2722
902,83.38,83.555,83.38,83.405,2600
903,83.77,83.82,83.34,83.435,14563
a1497360600,83.75,83.75,83.75,83.75,646
1,83.72,83.72,83.72,83.72,200
2,83.79,83.79,83.74,83.74,1070
3,83.72,83.72,83.72,83.72,100
4,83.7,83.7,83.69,83.69,393
5,83.67,83.67,83.49,83.54,815
6,83.54,83.77,83.54,83.74,1700
7,83.22,83.46,83.06,83.46,1500
8,82.88,83.53,82.88,83.19,7715
9,82.91,83.21,82.91,83.18,700
10,83.53,83.56,83.24,83.24,1700
11,83.45,83.89,83.37,83.55,3100
12,83.37,83.55,83.36,83.37,900
13,83.425,83.49,83.3324,83.3324,850
14,83.22,83.48,83.14,83.48,1100
15,82.83,83.11,82.83,83.11,500
16,82.8,82.8,82.6,82.6926,800
17,82.45,82.8189,82.45,82.72,2352
19,82.38,82.38,82.38,82.38,100
20,82.55,82.61,82.47,82.56,800
21,82.57,82.71,82.54,82.57,1578
22,82.52,82.57,82.52,82.57,421
23,82.42,82.64,82.42,82.58,691
25,82.41,82.49,82.41,82.45,800
26,82.49,82.49,82.47,82.47,200
27,82.2,82.48,82.17,82.48,2621
28,82.48,82.48,82.27,82.39,1200
29,82.55,82.58,82.45,82.54,700
30,82.565,82.565,82.49,82.49,200
31,82.51,82.64,82.5,82.5,1323
32,82.57,82.65,82.57,82.6499,940
33,82.57,82.68,82.57,82.63,1800
34,82.57,82.5924,82.57,82.5924,402
35,82.665,82.665,82.54,82.59,908
36,82.47,82.65,82.47,82.64,800
37,82.57,82.72,82.535,82.58,2686
38,82.56,82.6,82.46,82.54,1363
39,82.9,82.93,82.44,82.52,9931
144,82.91,82.91,82.91,82.91,408
145,83,83.53,82.79,83,6499
146,83.12,83.12,82.5,82.67,1275
147,82.52,82.89,82.43,82.78,900
149,82.66,82.78,82.18,82.18,1700
151,82.23,82.34,82.23,82.33,800
152,82.39,82.4,82.04,82.1,1200
153,82.38,82.43,82.22,82.22,810
154,82.63,82.65,82.55,82.55,400
155,82.71,82.71,82.59,82.59,1708
156,82.745,82.89,82.6,82.6,2500
157,82.655,82.66,82.655,82.66,200
158,82.84,82.84,82.55,82.65,1527
159,82.34,82.47,82.24,82.47,717
160,82.36,82.36,82.36,82.36,200
161,82.37,82.42,82.12,82.24,1582
162,82.41,82.41,82.315,82.39,400
163,82.395,82.52,82.37,82.435,1200
164,82.29,82.44,82.29,82.365,518
165,82.32,82.32,82.32,82.32,100
166,82.28,82.81,82.28,82.4,1879
167,82.3,82.3,82.165,82.165,300
168,82.34,82.34,82.255,82.31,910
169,82.31,82.31,82.31,82.31,200
170,82.27,82.43,82.27,82.43,1200
171,82.175,82.27,82.175,82.2,800
172,82.33,82.37,82.175,82.175,1367
173,82.215,82.215,82.215,82.215,100
174,82.15,82.155,81.985,82.05,1300
175,82.07,82.07,82.07,82.07,200
176,81.955,82.25,81.74,82.11,2161
177,81.785,82.05,81.78,82.0137,700
178,81.96,81.97,81.9,81.9,500
179,81.94,81.94,81.88,81.89,1300
180,82,82,81.84,81.87,658
181,82.2,82.2,82.02,82.02,1206
182,82.11,82.27,82.11,82.21,3500
183,82.16,82.19,81.84,82.19,16963
288,81.25,81.25,81.25,81.25,477
290,81.3,81.45,81.24,81.45,500
291,81.61,81.61,81.38,81.38,547
294,81.48,81.48,81.23,81.38,1163
295,81.54,81.556,81.47,81.47,400
297,81.42,81.42,81.3,81.3,400
299,81.57,81.57,81.44,81.44,753
300,81.52,81.55,81.52,81.55,400
301,81.45,81.5,81.45,81.5,200
302,81.46,81.46,81.46,81.46,100
305,81.37,81.37,81.37,81.37,200
306,81.29,81.29,81.29,81.29,100
307,81.29,81.5,81.25,81.25,3800
308,81.28,81.4,81.21,81.3,3785
310,81.39,81.39,81.38,81.38,200
311,81.43,81.43,81.43,81.43,100
312,81.18,81.18,81.18,81.18,100
315,81.3,81.3,81.29,81.29,200
317,81.175,81.21,81.15,81.16,600
318,81.16,81.16,81.16,81.16,100
319,81.1,81.1,81.1,81.1,200
320,81.12,81.16,81.05,81.1074,2895
321,81,81.02,80.94,81.02,700
322,80.96,80.96,80.96,80.96,100
323,81.09,81.09,81.075,81.075,300
324,81.215,81.25,81.12,81.12,744
325,81.28,81.31,81.22,81.245,900
326,81.24,81.24,81.23,81.23,400
327,81.48,81.55,81.23,81.23,11299
432,80.96,80.96,80.96,80.96,54640
433,80.95,81.28,80.84,80.96,1814
434,80.87,81.2,80.75,80.93,2103
435,80.64,80.64,80.35,80.5,1399
436,80.45,80.63,80.26,80.52,1550
437,80.4,80.74,80.4,80.71,1797
438,80.45,80.45,80.19,80.19,200
439,80.27,80.47,80.27,80.47,600
440,80.1,80.24,80.1,80.18,710
441,79.76,80.11,79.67,80.11,3150
442,79.93,79.93,79.76,79.93,870
443,79.99,80.04,79.8,80.04,1500
444,79.8,79.95,79.8,79.95,500
445,79.805,79.88,79.8,79.8,500
446,79.8,79.8,79.74,79.8,400
447,79.8,79.87,79.67,79.72,1300
448,79.93,80.1299,79.8,79.92,1296
449,80.02,80.07,79.91,80.07,900
450,79.94,80.04,79.91,79.92,700
451,79.8,79.92,79.8,79.89,700
452,79.85,79.85,79.76,79.81,400
453,79.75,79.7501,79.75,79.7501,400
454,79.75,80,79.7,79.7,2037
455,79.82,79.82,79.77,79.77,300
456,79.87,79.87,79.59,79.81,1780
457,79.87,79.87,79.81,79.81,200
458,79.88,79.96,79.7801,79.96,500
459,79.8901,80.11,79.89,79.99,730
460,79.9,80.02,79.89,80.02,900
461,79.86,79.89,79.83,79.89,600
462,79.75,79.8,79.7,79.8,1616
463,79.75,79.865,79.75,79.79,1300
464,79.81,79.81,79.75,79.75,300
465,79.8,79.91,79.7801,79.8,900
466,79.77,79.96,79.76,79.93,2907
467,79.82,79.82,79.73,79.76,400
468,79.8,79.88,79.8,79.85,800
469,79.78,79.89,79.78,79.8,1100
470,80.04,80.04,79.84,79.92,3368
471,80.34,80.62,80.13,80.13,37494
864,80.63,80.63,80.63,80.63,457
865,81,81.01,80.94,81.01,400
866,80.965,81.01,80.965,81.01,200
867,81.255,81.28,80.8201,81,1000
868,81.1,81.3,80.98,81.09,400
869,80.965,81.19,80.95,81.19,677
870,80.71,80.955,80.62,80.955,1308
871,80.42,80.86,80.38,80.5201,1718
872,80.51,80.69,80.51,80.51,654
873,80.5078,80.5078,80.5078,80.5078,265
874,80.58,80.58,80.39,80.39,464
876,80.41,80.56,80.41,80.56,600
877,80.71,80.71,80.58,80.58,200
878,80.62,80.62,80.61,80.61,225
881,80.71,80.72,80.71,80.72,400
882,80.76,80.76,80.74,80.74,200
883,80.72,80.72,80.63,80.65,300
886,80.86,80.86,80.85,80.85,200
887,80.98,80.98,80.98,80.98,100
888,80.95,80.95,80.95,80.95,100
890,80.78,80.88,80.78,80.82,638
891,80.59,80.79,80.47,80.79,1600
892,80.46,80.46,80.46,80.46,100
893,80.4,80.505,80.4,80.47,400
894,80.4,80.4,80.4,80.4,100
895,80.405,80.5425,80.405,80.53,500
897,80.52,80.64,80.5,80.54,800
898,80.45,80.51,80.28,80.51,1491
899,80.6,80.6,80.456,80.456,351
900,80.49,80.59,80.33,80.5,624
901,80.49,80.54,80.41,80.53,1534
902,80.38,80.48,80.22,80.43,1500
903,80.41,80.65,80.35,80.44,12944
a1497965400,80.15,80.15,80.15,80.15,633
1,80,80.87,80,80.44,1324
2,80.4,80.46,80,80.28,902
3,80.075,80.081,80.075,80.081,300
4,79.97,80.12,79.83,80.03,1100
6,79.5,79.88,79.5,79.88,1000
8,79.71,79.79,79.525,79.59,600
10,79.88,80.06,79.58,79.64,3000
11,79.37,80.04,79.34,79.85,3455
12,79.93,79.93,79.46,79.49,1321
13,79.42,79.574,79.42,79.574,200
15,79.53,79.53,79.51,79.51,200
16,79.58,79.66,79.5,79.53,600
17,79.4,79.41,79.38,79.41,400
18,79.36,79.36,79.36,79.36,100
19,79.3212,79.3212,79.32,79.32,640
20,79.11,79.36,79.11,79.36,1300
21,79.25,79.25,79.2,79.2,248
22,79.18,79.46,79.18,79.345,1500
24,79.25,79.325,79.075,79.075,941
25,79.31,79.31,79.31,79.31,100
26,79.48,79.5,79.46,79.46,400
27,79.65,79.715,79.5,79.5,1693
28,79.6,79.965,79.5,79.7,1669
29,79.63,79.64,79.52,79.52,300
30,79.555,79.6285,79.555,79.6285,325
31,79.69,79.69,79.64,79.64,900
32,79.53,79.69,79.4,79.69,2300
33,79.27,79.4,79.27,79.35,1100
34,79.27,79.27,79.27,79.27,100
35,79.46,79.46,79.21,79.22,1709
36,79.01,79.32,79,79.215,3497
37,79,79.12,78.96,79.01,2703
38,79,79.14,78.89,78.99,2403
39,78.99,79.14,78.97,79.07,19184
144,79.25,79.25,79.25,79.25,437
145,79.46,79.46,79.46,79.46,100
146,79.13,79.24,79.09,79.11,800
147,79.08,79.3,78.9,78.9,4442
148,79.01,79.25,78.76,79.25,2200
150,78.8,79.04,78.8,79.04,800
151,79.2,79.2,78.92,78.92,200
152,79.36,79.36,79.05,79.22,1500
153,79.07,79.07,78.94,78.94,200
154,78.82,78.92,78.82,78.92,300
155,78.82,79.06,78.82,78.85,500
157,78.71,78.71,78.71,78.71,200
158,78.78,78.78,78.78,78.78,100
160,78.89,78.89,78.85,78.85,290
161,78.87,79.05,78.87,78.98,600
162,78.92,78.92,78.92,78.92,100
164,78.78,78.865,78.7,78.865,900
165,78.59,78.68,78.59,78.68,761
166,78.53,78.645,78.53,78.645,200
168,78.77,78.77,78.4464,78.54,1800
169,78.615,78.77,78.5,78.65,2500
170,78.695,78.91,78.6,78.73,2400
171,78.69,78.82,78.635,78.75,1570
172,78.66,78.69,78.6,78.69,2300
173,78.7,78.84,78.6,78.6,1998
175,78.79,78.79,78.625,78.625,246
176,78.61,78.82,78.61,78.65,900
177,78.6,78.82,78.6,78.82,200
178,78.47,78.625,78.47,78.625,400
179,78.45,78.65,78.45,78.5,900
180,78.48,78.48,78.34,78.37,400
181,78.14,78.3844,78.06,78.3844,529
182,78.09,78.21,77.94,77.99,1708
183,78.18,78.25,77.77,78.135,17747
288,78.2,78.2,78.2,78.2,529
289,78.155,78.16,78.155,78.16,300
290,78.02,78.16,78.02,78.06,506
291,78.55,78.57,78.19,78.19,300
294,78.25,78.3736,78.18,78.3736,800
296,78.2,78.2,78.08,78.08,200
297,78.35,78.35,78.1103,78.1103,750
298,78.27,78.5,78.24,78.38,1100
300,78.25,78.34,78.25,78.34,300
301,78.19,78.24,78.12,78.24,700
302,78.12,78.12,78.12,78.12,100
303,78.185,78.185,78.17,78.17,200
304,77.9901,78.29,77.9901,78.24,950
305,77.83,78.01,77.83,78.01,300
306,78.22,78.22,77.95,77.95,316
307,77.85,77.85,77.85,77.85,100
309,77.76,77.87,77.76,77.87,300
310,77.76,77.85,77.76,77.81,1200
312,77.78,77.78,77.64,77.64,300
313,77.76,77.78,77.76,77.77,334
314,77.825,77.825,77.66,77.66,500
315,77.7,77.81,77.69,77.81,300
316,77.63,77.8,77.6,77.7234,1189
317,77.68,77.68,77.67,77.67,200
318,77.72,77.72,77.66,77.67,1000
319,77.82,77.82,77.78,77.78,200
320,77.94,77.94,77.82,77.82,943
321,78.26,78.26,78.15,78.17,613
322,78.28,78.39,78.26,78.26,600
323,78.2225,78.2225,78.11,78.11,608
324,78.3,78.3,78.215,78.215,600
325,78.08,78.43,78.08,78.385,1200
326,78.1,78.145,78.04,78.04,1347
327,78.25,78.34,78.04,78.09,13336
432,78.29,78.29,78.29,78.29,511
433,78.5,78.5,78.5,78.5,300
434,78.49,78.5,78.23,78.42,600
435,78.5,78.5,78.29,78.5,1200
436,78.47,78.61,78.45,78.5,2205
437,78.51,78.55,78.5,78.5,500
438,78.85,78.85,78.74,78.77,548
439,78.88,78.98,78.88,78.94,981
441,78.99,79,78.99,79,400
442,78.87,78.89,78.87,78.89,1000
443,78.6,78.81,78.6,78.81,920
447,78.86,79.115,78.86,78.98,2600
448,78.82,78.82,78.82,78.82,100
451,78.72,78.815,78.71,78.815,10400
452,78.7502,78.7502,78.7502,78.7502,750
453,78.96,78.96,78.86,78.87,606
454,78.65,78.69,78.56,78.69,700
456,78.46,78.71,78.45,78.71,13000
457,78.45,78.56,78.45,78.51,500
458,78.68,78.68,78.68,78.68,100
459,78.74,78.91,78.74,78.91,200
460,78.66,78.76,78.52,78.76,1627
461,78.61,78.75,78.6,78.75,1600
462,78.545,78.66,78.545,78.62,3752
463,78.615,78.66,78.615,78.66,200
464,78.64,78.64,78.635,78.635,300
465,78.69,78.69,78.69,78.69,300
466,78.45,78.66,78.45,78.66,835
467,78.49,78.59,78.49,78.51,401
468,78.4,78.45,78.4,78.45,500
469,78.42,78.57,78.3,78.3,1849
470,78.46,78.52,78.36,78.36,1300
471,78.5,78.57,78.38,78.57,70635
864,78.65,78.65,78.65,78.65,957
865,79.16,79.16,78.58,79.02,700
866,79,79,79,79,100
867,79.55,79.585,78.62,79.48,5148
868,78.88,79.075,78.835,79,913
869,78.9,78.905,78.85,78.905,400
870,78.68,78.88,78.67,78.82,600
871,78.705,78.79,78.565,78.655,1600
872,78.655,78.77,78.57,78.69,2300
873,78.38,78.67,78.38,78.6,5807
874,78.295,78.33,78.09,78.33,1600
875,78.02,78.51,78.02,78.31,14300
876,78,78.065,78,78,1002
877,78.225,78.225,78.18,78.18,204
878,78.31,78.38,78.23,78.23,400
879,78.12,78.33,78.11,78.33,1800
880,78.03,78.19,77.95,78.1,2518
881,78.22,78.22,78.19,78.19,200
882,78.195,78.305,78.195,78.305,200
883,78.07,78.07,78.07,78.07,100
884,77.98,78.03,77.98,78.0214,503
885,77.815,77.815,77.815,77.815,100
887,78.0372,78.08,78,78,728
888,78.06,78.06,78.06,78.06,100
889,77.96,78.16,77.96,78.14,804
890,77.6,77.94,77.6,77.94,1600
891,77.86,77.86,77.82,77.82,200
892,77.86,77.98,77.78,77.87,1500
893,77.58,77.79,77.58,77.72,1006
894,77.81,77.81,77.62,77.62,300
895,77.56,77.7,77.54,77.66,1500
896,77.5,77.57,77.5,77.57,700
897,77.6525,77.72,77.58,77.65,800
898,77.64,77.77,77.64,77.77,1827
899,77.62,77.7,77.62,77.69,300
900,77.49,77.62,77.47,77.61,1600
901,77.6,77.66,77.52,77.66,1375
902,77.365,77.54,77.33,77.54,2124
903,77.32,77.65,77.24,77.43,44403
a1498570200,77.2,77.2,77.2,77.2,591
1,77.5029,77.5029,77.13,77.185,829
2,77.38,77.53,77.34,77.34,980
3,77.27,77.27,77.27,77.27,100
4,77.25,77.25,77.04,77.04,587
5,77.16,77.23,77.16,77.23,200
6,77.33,77.36,77.17,77.17,300
7,77.35,77.35,77.35,77.35,100
8,77.34,77.34,77.29,77.29,528
10,77.43,77.54,77.43,77.46,707
11,77.53,77.58,77.43,77.43,600
12,77.58,77.72,77.58,77.6,513
13,77.78,77.78,77.78,77.78,100
14,77.72,77.72,77.64,77.64,300
15,77.86,77.92,77.78,77.78,1300
16,78.02,78.02,77.9,77.9,400
17,78.02,78.04,78.02,78.04,200
18,77.84,77.87,77.78,77.87,900
19,77.85,77.88,77.73,77.75,1414
20,77.78,77.96,77.76,77.96,700
21,77.62,77.78,77.62,77.75,300
22,77.49,77.62,77.4,77.62,1220
23,77.49,77.7,77.18,77.18,800
24,77.36,77.47,77.2641,77.47,611
26,77.105,77.105,77.05,77.08,1029
27,77.17,77.25,77.17,77.25,300
28,77.13,77.34,77.13,77.335,4740
29,77.39,77.39,77.07,77.07,300
30,77.39,77.39,77.39,77.39,100
31,77.3899,77.42,77.3899,77.42,485
32,77.58,77.58,77.4,77.4,700
33,77.52,77.58,77.52,77.53,1500
34,77.43,77.51,77.42,77.51,775
35,77.58,77.58,77.395,77.395,500
36,77.49,77.57,77.47,77.57,700
37,77.26,77.5,77.26,77.5,1895
38,77.185,77.39,77.185,77.305,1200
39,77,77.27,76.98,77.21,16277
144,77.3,77.3,77.3,77.3,965
146,77.38,77.38,77.38,77.38,100
147,77.75,77.75,77.28,77.28,1700
148,77.48,77.5,77.48,77.5,200
149,77.54,77.765,77.5,77.65,2200
150,77.42,77.5,77.42,77.5,500
151,77.5,77.6,77.5,77.515,1212
152,77.5,77.55,77.46,77.505,800
153,77.38,77.53,77.38,77.51,1619
154,77.86,77.87,77.45,77.48,6188
155,77.43,77.84,77.43,77.84,2200
156,77.18,77.36,77.18,77.35,4066
157,77.32,77.5299,77.3,77.5,1592
158,77.235,77.38,77.2,77.38,1300
159,77.33,77.37,77.2,77.22,1500
160,77.385,77.39,77.28,77.3,3200
161,77.355,77.47,77.23,77.23,2200
162,77.3,77.3,77.3,77.3,100
163,77.43,77.51,77.37,77.37,1600
164,77.575,77.575,77.47,77.5499,700
165,77.42,77.54,77.42,77.54,2600
166,77.5,77.5,77.4,77.4,200
167,77.5,77.585,77.46,77.52,800
168,77.36,77.36,77.3566,77.3566,200
169,77.44,77.51,77.44,77.49,2215
170,77.42,77.49,77.25,77.25,1300
172,77.49,77.5,77.45,77.49,2600
173,77.38,77.465,77.38,77.465,2800
174,77.35,77.3524,77.35,77.3524,406
175,77.46,77.46,77.4245,77.4245,730
176,77.49,77.5,77.46,77.46,1700
177,77.38,77.465,77.38,77.465,700
178,77.49,77.5,77.45,77.45,1800
179,77.5,77.5,77.42,77.49,900
180,77.44,77.5,77.43,77.43,1100
181,77.33,77.38,77.26,77.38,1409
182,77.35,77.35,77.175,77.25,3666
183,77.15,77.49,77.08,77.36,43699
288,77.24,77.24,77.24,77.24,718
289,77.37,77.4,77.37,77.4,1100
290,77.43,77.615,77.3,77.38,3600
291,77.115,77.49,77.115,77.49,1400
292,77.155,77.28,77.155,77.28,200
293,76.755,77.24,76.755,77.18,3880
294,76.84,77.09,76.7,76.76,2570
295,77.02,77.02,76.81,77,500
296,77.19,77.19,77.19,77.19,100
297,76.9,77.21,76.9,77.21,1300
298,76.97,77.03,76.97,76.9888,555
299,76.78,76.83,76.76,76.82,600
300,76.59,76.82,76.5,76.82,900
301,76.64,76.75,76.32,76.51,1817
302,76.895,76.895,76.58,76.64,2036
303,76.86,77.02,76.84,76.91,2815
304,77.02,77.02,76.83,76.83,1000
305,77.05,77.05,77.05,77.05,200
306,77.01,77.125,77,77.05,2210
307,76.965,76.965,76.94,76.96,400
308,77.05,77.08,76.9431,76.9431,700
309,77,77.14,77,77.1,1300
310,76.895,76.945,76.85,76.91,1408
311,76.9,77,76.82,76.95,3500
312,76.74,76.9,76.74,76.805,2700
313,77,77.02,76.74,76.74,1619
314,77,77,76.91,76.95,1147
315,76.99,76.99,76.88,76.97,1500
316,76.94,77,76.93,76.93,300
317,76.96,77.01,76.96,76.99,1284
318,77.08,77.08,77,77.02,800
319,77.15,77.165,77.01,77.02,2400
320,77.32,77.33,77.15,77.16,2200
321,77.22,77.22,77.16,77.2199,1100
322,77.295,77.295,77.2,77.23,938
323,77.265,77.265,77.265,77.265,600
324,77.11,77.351,77.11,77.33,1315
325,77.35,77.35,77.26,77.26,900
326,77.5,77.5,77.3,77.38,1638
327,77.47,77.645,77.47,77.51,15405
432,77.77,77.77,77.77,77.77,488
433,77.94,77.94,77.94,77.94,100
434,77.45,77.72,77.44,77.71,1700
435,77.67,77.975,77.62,77.62,500
436,77.71,77.86,77.71,77.86,300
437,77.92,77.92,77.6,77.6,851
438,77.82,77.84,77.64,77.84,1420
439,78.125,78.125,77.99,78,900
440,78.16,78.3,78.16,78.3,3200
441,78.18,78.2,77.95,78.01,2500
442,78.17,78.18,78.17,78.18,200
443,78.12,78.14,78.12,78.14,200
444,78.23,78.32,78.18,78.18,600
445,78.25,78.25,78.045,78.045,800
446,78.19,78.26,78.19,78.26,300
447,78.31,78.34,78.21,78.21,800
448,78.29,78.29,78.255,78.27,600
449,78.22,78.22,78.22,78.22,100
450,78.23,78.23,78.19,78.19,500
451,78.31,78.31,78.31,78.31,200
452,78.17,78.17,78.16,78.17,400
453,78.09,78.09,78.03,78.03,200
454,78.14,78.19,78.14,78.14,500
455,78.17,78.17,78.17,78.17,300
456,78.19,78.22,78.19,78.22,200
457,78.19,78.24,78.12,78.22,1400
458,78.22,78.28,78.14,78.2,2430
459,78.17,78.225,78.17,78.225,600
460,78.21,78.26,78.17,78.26,1164
461,78.15,78.28,78.15,78.26,1420
462,78.224,78.224,78.14,78.14,625
463,78,78.27,78,78.17,3383
464,78.115,78.115,78.115,78.115,100
465,78.08,78.2,78.07,78.2,850
466,77.8701,78.145,77.8,78.145,1280
467,77.83,77.945,77.655,77.945,500
468,77.8,77.92,77.78,77.79,1200
469,77.86,78.02,77.86,77.95,2346
470,77.97,77.97,77.81,77.83,2711
471,77.71,78.2,77.62,78.02,31817
864,78.11,78.11,78.11,78.11,311
865,77.41,78.7,76.4,78.7,700
866,77.12,77.53,76.8,77.3,2600
867,77.52,77.625,77.52,77.59,500
868,77.83,77.83,77.66,77.73,1100
869,78.5501,78.5501,78.085,78.14,700
870,78.72,78.72,78.48,78.57,1217
871,78.39,78.725,78.22,78.725,2114
872,78.35,78.385,78.35,78.385,200
874,78.07,78.33,78.01,78.32,2300
875,78.21,78.21,78.1,78.11,800
876,78.23,78.26,78.23,78.25,1500
877,78.37,78.45,78.24,78.24,1099
878,78.455,78.455,78.375,78.41,944
879,78.5,78.55,78.5,78.55,1500
880,78.13,78.425,78.13,78.42,1300
881,77.95,78.06,77.95,78.02,1900
882,78.05,78.05,78.04,78.04,200
883,78.425,78.48,78.23,78.24,1600
884,78.48,78.5,78.37,78.37,3700
885,78.23,78.5,78.15,78.5,17178
