EXCHANGE%3DNASDAQ
MARKET_OPEN_MINUTE=570
MARKET_CLOSE_MINUTE=960
INTERVAL=600
COLUMNS=DATE,CLOSE,HIGH,LOW,OPEN,VOLUME
DATA=
TIMEZONE_OFFSET=-240
a1493127000,3.3,3.3,3.3,3.3,1200
1,3.33,3.33,3.2858,3.31,11624
2,3.55,3.6,3.34,3.34,41753
3,3.47,3.52,3.47,3.52,500
4,3.5148,3.5185,3.45,3.47,4920
5,3.501,3.501,3.5,3.5001,3267
6,3.48,3.53,3.48,3.53,6392
7,3.49,3.49,3.4562,3.4562,2070
8,3.52,3.52,3.51,3.51,713
9,3.5,3.52,3.5,3.52,700
10,3.53,3.53,3.5,3.52,2700
11,3.54,3.54,3.5,3.54,6700
12,3.54,3.54,3.5101,3.5101,11400
13,3.51,3.55,3.51,3.55,7400
14,3.54,3.54,3.52,3.52,1548
15,3.5363,3.55,3.5252,3.55,8400
16,3.55,3.55,3.53,3.5499,10580
17,3.53,3.55,3.53,3.53,2000
18,3.55,3.55,3.55,3.55,100
19,3.54,3.55,3.54,3.55,600
20,3.54,3.54,3.537,3.537,1300
21,3.54,3.56,3.54,3.54,6000
22,3.56,3.56,3.56,3.56,100
23,3.48,3.5301,3.48,3.5301,29598
24,3.48,3.48,3.465,3.48,1800
25,3.47,3.48,3.46,3.48,1700
26,3.53,3.53,3.47,3.47,3169
27,3.52,3.54,3.519,3.54,1300
28,3.57,3.58,3.549,3.549,19932
29,3.58,3.58,3.5633,3.5633,600
30,3.58,3.58,3.56,3.58,900
31,3.5554,3.58,3.5554,3.58,1600
32,3.565,3.58,3.565,3.58,200
33,3.55,3.58,3.55,3.58,3600
34,3.58,3.58,3.55,3.55,1700
35,3.57,3.58,3.56,3.58,6800
36,3.58,3.58,3.56,3.5626,600
37,3.56,3.58,3.55,3.56,23800
38,3.57,3.58,3.56,3.56,2100
39,3.57,3.5791,3.56,3.5791,15592
144,3.55,3.55,3.55,3.55,855
145,3.55,3.5989,3.55,3.5989,1623
146,3.54,3.55,3.52,3.5284,700
147,3.59,3.6,3.55,3.55,6000
148,3.59,3.6,3.5755,3.6,450
149,3.59,3.6,3.5736,3.59,2000
150,3.59,3.6,3.59,3.59,1000
151,3.59,3.59,3.57,3.59,400
152,3.58,3.59,3.57,3.59,500
153,3.59,3.6,3.58,3.58,2000
154,3.6,3.6,3.59,3.59,2200
155,3.72,3.72,3.6,3.6,17960
156,3.75,3.75,3.69,3.705,19126
157,3.78,3.79,3.75,3.75,7567
158,3.74,3.78,3.74,3.78,8698
159,3.75,3.76,3.72,3.76,8325
160,3.73,3.745,3.72,3.745,6621
161,3.76,3.77,3.76,3.76,400
162,3.84,3.84,3.76,3.76,20900
163,3.73,3.83,3.7,3.82,16318
164,3.76,3.76,3.71,3.71,3600
165,3.82,3.83,3.82,3.83,2487
166,3.84,3.84,3.81,3.81,1575
167,3.83,3.83,3.81,3.81,5800
168,3.84,3.84,3.8301,3.84,1300
169,3.83,3.84,3.83,3.83,400
170,3.8,3.84,3.8,3.84,4772
171,3.78,3.785,3.78,3.7817,1500
172,3.76,3.78,3.75,3.78,500
173,3.76,3.76,3.745,3.745,1700
174,3.8,3.8,3.75,3.76,2500
175,3.8,3.8,3.7817,3.8,600
176,3.75,3.81,3.75,3.8,10427
177,3.78,3.78,3.751,3.765,1800
178,3.79,3.79,3.79,3.79,400
179,3.8,3.8,3.76,3.79,8600
180,3.8,3.8,3.78,3.8,1800
181,3.78,3.8,3.78,3.8,1300
182,3.77,3.79,3.75,3.78,20321
183,3.78,3.78,3.75,3.76,23696
288,3.82,3.82,3.82,3.82,1974
289,3.76,3.8299,3.76,3.82,4036
290,3.78,3.78,3.78,3.78,500
292,3.76,3.79,3.75,3.75,1901
293,3.72,3.76,3.71,3.7569,11836
294,3.7048,3.78,3.7048,3.71,11262
295,3.7799,3.78,3.72,3.73,1785
296,3.77,3.77,3.77,3.77,200
297,3.78,3.78,3.78,3.78,100
298,3.77,3.78,3.77,3.77,840
299,3.77,3.785,3.77,3.785,300
300,3.77,3.7701,3.77,3.7701,500
301,3.77,3.7701,3.75,3.77,1400
302,3.77,3.77,3.75,3.75,900
305,3.75,3.76,3.75,3.76,300
306,3.74,3.76,3.74,3.7531,3724
307,3.75,3.75,3.75,3.75,200
308,3.74,3.74,3.74,3.74,100
309,3.75,3.76,3.74,3.74,300
310,3.7701,3.7701,3.77,3.77,1200
311,3.77,3.775,3.763,3.763,310
312,3.8,3.8,3.78,3.78,600
313,3.775,3.775,3.74,3.77,8300
314,3.765,3.78,3.75,3.77,400
315,3.76,3.78,3.76,3.78,200
316,3.74,3.74,3.74,3.74,100
317,3.75,3.75,3.73,3.74,3726
318,3.74,3.765,3.74,3.765,1300
319,3.75,3.75,3.745,3.745,300
320,3.74,3.75,3.74,3.75,200
321,3.74,3.75,3.74,3.74,2000
322,3.745,3.745,3.745,3.745,100
323,3.74,3.745,3.74,3.745,300
324,3.73,3.75,3.73,3.74,14041
325,3.72,3.73,3.72,3.73,2462
326,3.72,3.73,3.72,3.73,300
327,3.73,3.74,3.72,3.73,10630
432,3.72,3.72,3.72,3.72,468
433,3.73,3.73,3.68,3.68,800
434,3.62,3.69,3.58,3.67,9700
435,3.67,3.67,3.66,3.66,200
436,3.61,3.67,3.61,3.67,1650
437,3.65,3.66,3.63,3.66,7002
438,3.66,3.66,3.63,3.64,1570
439,3.6301,3.67,3.6301,3.67,3900
440,3.7,3.7,3.63,3.63,10300
441,3.71,3.71,3.7,3.7,900
442,3.72,3.72,3.72,3.72,100
443,3.7163,3.7163,3.7163,3.7163,300
444,3.68,3.68,3.68,3.68,100
445,3.7,3.7006,3.7,3.7006,700
446,3.71,3.71,3.71,3.71,100
447,3.6801,3.6801,3.6801,3.6801,300
448,3.68,3.68,3.68,3.68,100
449,3.69,3.69,3.66,3.6783,4200
450,3.69,3.69,3.69,3.69,100
451,3.66,3.69,3.66,3.69,300
453,3.65,3.65,3.65,3.65,100
456,3.67,3.67,3.65,3.66,500
458,3.7,3.7,3.7,3.7,100
459,3.6501,3.6673,3.65,3.6673,4300
460,3.65,3.65,3.65,3.65,200
461,3.65,3.65,3.65,3.65,100
462,3.63,3.63,3.63,3.63,600
463,3.64,3.64,3.6316,3.6316,1700
464,3.64,3.64,3.64,3.64,600
466,3.65,3.67,3.65,3.67,1200
467,3.64,3.66,3.64,3.6478,1200
468,3.63,3.6563,3.63,3.6563,1544
469,3.66,3.66,3.64,3.64,1118
470,3.67,3.67,3.66,3.66,200
471,3.64,3.66,3.63,3.66,11361
864,3.69,3.69,3.69,3.69,1315
865,3.68,3.68,3.68,3.68,100
866,3.6503,3.6503,3.63,3.642,2000
867,3.67,3.67,3.67,3.67,100
870,3.63,3.63,3.63,3.63,600
871,3.63,3.64,3.63,3.64,700
873,3.63,3.64,3.63,3.63,4800
874,3.63,3.64,3.63,3.64,2688
875,3.63,3.63,3.63,3.63,400
876,3.63,3.63,3.63,3.63,200
877,3.63,3.63,3.63,3.63,200
880,3.64,3.64,3.64,3.64,200
881,3.65,3.65,3.647,3.6486,7900
882,3.63,3.66,3.63,3.66,900
883,3.67,3.67,3.67,3.67,100
884,3.66,3.66,3.63,3.63,700
885,3.64,3.68,3.64,3.66,600
887,3.68,3.68,3.63,3.63,500
888,3.66,3.68,3.66,3.68,200
889,3.65,3.65,3.65,3.65,200
890,3.6459,3.6459,3.64,3.64,315
892,3.67,3.7,3.6598,3.66,7110
893,3.6799,3.6799,3.67,3.67,2200
894,3.69,3.7,3.68,3.68,2800
895,3.6601,3.69,3.66,3.6825,10100
896,3.63,3.66,3.63,3.66,500
897,3.67,3.67,3.67,3.67,100
898,3.65,3.67,3.65,3.67,600
899,3.65,3.65,3.65,3.65,500
901,3.65,3.65,3.65,3.65,300
902,3.65,3.65,3.63,3.65,800
903,3.66,3.66,3.65,3.66,5289
a1493731800,3.67,3.67,3.67,3.67,824
1,3.69,3.69,3.69,3.69,100
10,3.645,3.6655,3.63,3.6655,7500
12,3.63,3.66,3.63,3.66,2600
13,3.66,3.66,3.63,3.63,800
15,3.69,3.69,3.66,3.66,1580
16,3.69,3.69,3.6624,3.69,3700
17,3.7,3.7,3.69,3.69,6800
18,3.69,3.7,3.69,3.7,1900
19,3.74,3.74,3.6961,3.6961,3992
20,3.82,3.86,3.74,3.74,65714
21,3.86,3.9,3.83,3.84,41479
22,3.85,3.87,3.82,3.8601,12663
23,3.87,3.87,3.85,3.85,1699
24,3.86,3.87,3.86,3.87,1600
25,3.9,3.91,3.86,3.87,15597
26,3.91,3.92,3.8984,3.9,18072
27,3.89,3.915,3.881,3.91,16128
28,3.9,3.9,3.9,3.9,6600
29,3.9,3.9,3.89,3.9,7499
30,3.91,3.92,3.8945,3.895,10478
31,3.9,3.9,3.88,3.9,5974
32,3.91,3.91,3.9,3.9,500
33,3.8902,3.91,3.89,3.91,3264
34,3.9025,3.91,3.89,3.89,4700
35,3.91,3.91,3.9,3.9,600
36,3.86,3.91,3.86,3.91,4492
37,3.86,3.86,3.859,3.859,300
38,3.87,3.87,3.8542,3.86,6165
39,3.88,3.9,3.87,3.87,31482
144,3.82,3.82,3.82,3.82,1022
145,3.78,3.81,3.731,3.7648,2300
146,3.82,3.88,3.8129,3.8129,2100
147,3.84,3.88,3.84,3.88,8800
148,3.88,3.88,3.86,3.86,3000
149,3.8554,3.8554,3.85,3.85,454
150,3.7945,3.8326,3.7945,3.8326,1654
151,3.8,3.83,3.8,3.8147,5525
152,3.7606,3.8001,3.76,3.8,3100
153,3.77,3.77,3.76,3.76,300
154,3.78,3.78,3.76,3.76,900
155,3.8,3.8,3.78,3.78,700
156,3.8,3.8,3.8,3.8,626
157,3.83,3.83,3.82,3.82,300
158,3.82,3.82,3.82,3.82,250
159,3.823,3.86,3.82,3.83,1749
160,3.7891,3.8,3.7891,3.8,1500
161,3.79,3.8,3.78,3.8,500
162,3.81,3.81,3.8,3.8,200
163,3.75,3.81,3.74,3.81,13900
164,3.77,3.77,3.77,3.77,100
165,3.75,3.77,3.75,3.77,900
166,3.73,3.75,3.73,3.75,500
167,3.72,3.75,3.72,3.75,300
168,3.75,3.75,3.74,3.74,500
169,3.75,3.75,3.75,3.75,300
170,3.75,3.75,3.72,3.75,600
171,3.66,3.74,3.55,3.74,11426
172,3.6771,3.6771,3.66,3.66,920
173,3.74,3.75,3.68,3.68,800
174,3.74,3.75,3.7,3.74,16400
175,3.74,3.75,3.73,3.74,1500
176,3.74,3.75,3.73,3.75,1600
177,3.74,3.74,3.74,3.74,900
178,3.74,3.74,3.73,3.74,1183
179,3.735,3.74,3.735,3.735,500
180,3.67,3.74,3.66,3.735,10600
181,3.72,3.72,3.6564,3.6564,8300
182,3.73,3.75,3.73,3.75,8076
183,3.71,3.73,3.71,3.73,14483
288,3.65,3.65,3.65,3.65,4032
289,3.67,3.6748,3.65,3.65,528
290,3.7,3.7,3.65,3.67,3700
291,3.6501,3.67,3.65,3.67,5980
292,3.69,3.69,3.65,3.69,500
293,3.68,3.69,3.68,3.69,200
295,3.665,3.665,3.665,3.665,200
296,3.6614,3.6689,3.65,3.65,700
297,3.65,3.665,3.65,3.665,300
298,3.65,3.66,3.65,3.66,1600
299,3.67,3.67,3.6514,3.67,800
300,3.65,3.65,3.65,3.65,100
302,3.665,3.67,3.665,3.67,300
303,3.67,3.68,3.662,3.67,2200
304,3.67,3.67,3.665,3.67,900
305,3.66,3.67,3.65,3.67,2600
306,3.655,3.66,3.65,3.65,1100
307,3.65,3.66,3.65,3.66,1800
308,3.66,3.66,3.65,3.65,1000
309,3.65,3.65,3.65,3.65,200
311,3.6517,3.66,3.6517,3.66,400
312,3.65,3.65,3.65,3.65,200
313,3.65,3.66,3.65,3.66,800
314,3.65,3.67,3.65,3.65,1600
316,3.65,3.655,3.65,3.655,300
318,3.65,3.66,3.65,3.655,2200
320,3.66,3.66,3.65,3.65,400
321,3.66,3.66,3.66,3.66,200
322,3.66,3.66,3.66,3.66,600
323,3.66,3.66,3.65,3.66,400
324,3.66,3.66,3.65,3.65,400
325,3.66,3.67,3.65,3.65,1200
326,3.65,3.66,3.65,3.655,3500
327,3.66,3.69,3.65,3.66,22829
432,3.67,3.67,3.67,3.67,938
433,3.65,3.6799,3.65,3.6799,2400
434,3.66,3.67,3.66,3.67,600
435,3.66,3.66,3.65,3.66,4142
436,3.61,3.66,3.5953,3.66,7041
437,3.6,3.61,3.5896,3.5896,6100
438,3.59,3.59,3.59,3.59,578
439,3.54,3.59,3.54,3.59,2294
440,3.59,3.59,3.56,3.56,1371
441,3.59,3.59,3.56,3.56,3462
442,3.57,3.59,3.57,3.59,8716
443,3.6,3.62,3.57,3.57,24560
444,3.63,3.64,3.605,3.605,1989
445,3.63,3.63,3.61,3.62,500
446,3.63,3.64,3.63,3.63,900
447,3.61,3.61,3.61,3.61,100
448,3.61,3.62,3.61,3.62,400
449,3.58,3.6,3.58,3.6,700
450,3.58,3.58,3.58,3.58,200
451,3.57,3.58,3.57,3.57,800
453,3.61,3.61,3.575,3.58,3300
454,3.62,3.62,3.6,3.6,500
455,3.63,3.63,3.62,3.62,500
456,3.64,3.64,3.62,3.6252,700
457,3.64,3.64,3.64,3.64,300
458,3.59,3.64,3.59,3.64,1400
459,3.59,3.61,3.59,3.61,4400
460,3.61,3.61,3.6,3.6,200
461,3.61,3.61,3.59,3.6,1200
462,3.59,3.6,3.59,3.59,1800
463,3.59,3.6,3.59,3.6,400
464,3.59,3.61,3.59,3.61,200
465,3.58,3.59,3.58,3.58,700
466,3.57,3.59,3.57,3.58,4400
467,3.58,3.59,3.57,3.5774,3800
468,3.59,3.59,3.57,3.57,1900
469,3.57,3.58,3.57,3.58,2800
470,3.57,3.58,3.57,3.58,4446
471,3.57,3.59,3.57,3.57,15496
864,3.57,3.57,3.57,3.57,925
866,3.6281,3.6281,3.6281,3.6281,1300
868,3.59,3.59,3.57,3.58,600
871,3.58,3.59,3.57,3.57,2900
872,3.59,3.6,3.585,3.6,500
874,3.58,3.58,3.57,3.57,4200
875,3.57,3.57,3.57,3.57,100
876,3.57,3.58,3.57,3.57,1300
877,3.57,3.59,3.57,3.57,600
878,3.59,3.59,3.58,3.58,300
879,3.57,3.58,3.57,3.58,9575
880,3.57,3.59,3.57,3.57,1894
882,3.58,3.58,3.58,3.58,300
883,3.59,3.59,3.59,3.59,200
884,3.58,3.58,3.58,3.58,900
885,3.6,3.6,3.57,3.59,19173
886,3.59,3.59,3.575,3.58,1800
887,3.59,3.59,3.58,3.58,5100
888,3.58,3.59,3.58,3.59,200
889,3.5899,3.59,3.5899,3.59,2600
890,3.59,3.59,3.58,3.58,200
891,3.6,3.6,3.585,3.585,300
892,3.58,3.59,3.58,3.59,700
893,3.58,3.58,3.572,3.58,800
894,3.58,3.58,3.57,3.57,400
895,3.575,3.59,3.57,3.59,3927
896,3.5792,3.58,3.57,3.57,10855
897,3.58,3.59,3.58,3.5899,1600
898,3.6,3.6,3.58,3.6,2423
899,3.6079,3.6079,3.59,3.6,3000
900,3.62,3.62,3.59,3.6086,13858
901,3.61,3.62,3.61,3.6155,910
902,3.61,3.62,3.6,3.61,7456
903,3.6,3.61,3.58,3.61,4244
a1494336600,3.58,3.58,3.58,3.58,2450
1,3.57,3.5801,3.57,3.57,3926
2,3.57,3.58,3.57,3.58,1899
3,3.57,3.61,3.57,3.57,1800
4,3.6,3.6,3.57,3.57,2100
5,3.57,3.58,3.57,3.57,6198
6,3.57,3.575,3.57,3.57,2971
7,3.57,3.58,3.57,3.57,5669
8,3.57,3.58,3.57,3.57,2383
9,3.57,3.58,3.57,3.57,3000
10,3.57,3.58,3.57,3.58,2300
11,3.57,3.58,3.57,3.5701,20389
12,3.57,3.58,3.57,3.58,1493
13,3.57,3.58,3.57,3.57,1900
14,3.54,3.58,3.54,3.57,44930
15,3.54,3.55,3.53,3.53,2597
16,3.54,3.55,3.54,3.54,1300
17,3.5501,3.56,3.54,3.545,3636
18,3.63,3.63,3.55,3.55,32513
19,3.61,3.62,3.6,3.62,4525
20,3.69,3.69,3.61,3.61,13773
21,3.7,3.72,3.66,3.72,1700
22,3.65,3.67,3.65,3.67,800
23,3.63,3.65,3.63,3.65,1424
24,3.62,3.64,3.61,3.63,2877
25,3.6,3.63,3.6,3.6201,1987
26,3.6,3.63,3.6,3.6,1300
27,3.6,3.6001,3.6,3.6,1500
28,3.59,3.61,3.59,3.61,1700
29,3.58,3.5901,3.58,3.5901,2487
30,3.57,3.58,3.56,3.58,1800
31,3.5601,3.59,3.56,3.58,2600
32,3.57,3.58,3.56,3.58,2800
33,3.56,3.58,3.56,3.57,1700
34,3.55,3.5601,3.55,3.56,1500
35,3.55,3.57,3.55,3.57,2300
36,3.56,3.56,3.55,3.56,2300
37,3.5501,3.56,3.55,3.56,2597
38,3.55,3.56,3.55,3.553,12350
39,3.56,3.57,3.55,3.56,11128
144,3.55,3.55,3.55,3.55,2202
145,3.63,3.63,3.55,3.55,1100
146,3.56,3.63,3.56,3.5701,10000
147,3.56,3.584,3.56,3.584,2630
148,3.56,3.6,3.56,3.56,28300
149,3.57,3.61,3.56,3.59,6900
150,3.55,3.58,3.55,3.57,3400
151,3.56,3.5664,3.55,3.5664,12249
152,3.56,3.58,3.55,3.55,2980
153,3.56,3.56,3.55,3.56,2800
154,3.55,3.56,3.55,3.56,4384
155,3.55,3.5501,3.55,3.55,1500
156,3.5501,3.555,3.55,3.5501,1600
157,3.55,3.555,3.55,3.555,3500
158,3.5501,3.56,3.55,3.55,1500
159,3.55,3.5501,3.55,3.5501,800
160,3.55,3.56,3.55,3.55,3200
161,3.5501,3.5501,3.55,3.55,1200
162,3.55,3.56,3.55,3.55,1000
163,3.5501,3.5501,3.55,3.55,1100
164,3.55,3.56,3.55,3.55,900
165,3.55,3.56,3.55,3.55,1200
166,3.56,3.56,3.55,3.55,1600
167,3.55,3.56,3.55,3.55,800
168,3.56,3.56,3.55,3.55,1500
169,3.6,3.63,3.56,3.56,4954
170,3.63,3.66,3.6,3.6,16861
171,3.64,3.66,3.63,3.63,1000
172,3.64,3.66,3.62,3.6401,2300
173,3.63,3.6401,3.63,3.64,1400
174,3.63,3.67,3.62,3.62,3248
175,3.6201,3.6201,3.62,3.62,1200
176,3.62,3.6201,3.62,3.62,900
177,3.62,3.64,3.62,3.62,1116
178,3.62,3.64,3.62,3.62,1300
179,3.62,3.649,3.62,3.62,4696
180,3.63,3.65,3.62,3.62,12400
181,3.6201,3.632,3.62,3.62,2002
182,3.63,3.65,3.62,3.62,2688
183,3.62,3.64,3.6,3.63,15710
288,3.6,3.6,3.6,3.6,1355
289,3.57,3.66,3.56,3.66,5600
290,3.6,3.61,3.57,3.57,1700
291,3.6,3.65,3.59,3.6,5100
292,3.56,3.6,3.56,3.6,4721
293,3.57,3.57,3.55,3.55,3400
294,3.55,3.57,3.55,3.56,4687
295,3.5501,3.56,3.55,3.55,3600
296,3.55,3.56,3.55,3.56,1847
297,3.56,3.57,3.55,3.56,4200
298,3.56,3.57,3.56,3.565,2500
299,3.56,3.58,3.56,3.56,1800
300,3.55,3.58,3.55,3.55,2300
301,3.55,3.57,3.55,3.55,1500
302,3.55,3.56,3.55,3.55,1400
303,3.55,3.56,3.55,3.55,2800
304,3.55,3.56,3.55,3.55,5700
305,3.57,3.57,3.55,3.55,2200
306,3.57,3.6,3.57,3.6,900
307,3.6,3.615,3.59,3.6,2700
308,3.59,3.61,3.59,3.6,1600
309,3.5801,3.6001,3.58,3.59,1800
310,3.58,3.59,3.58,3.58,1400
311,3.62,3.62,3.58,3.6,2370
312,3.61,3.63,3.6,3.61,5353
313,3.6,3.63,3.6,3.6101,1300
314,3.6,3.63,3.6,3.6,1000
315,3.6001,3.63,3.6,3.6,1700
316,3.61,3.61,3.6,3.6,1200
317,3.61,3.63,3.6,3.61,3800
318,3.63,3.64,3.6,3.61,1600
319,3.68,3.68,3.63,3.63,27897
320,3.66,3.68,3.66,3.66,1100
321,3.65,3.68,3.64,3.66,3200
322,3.67,3.68,3.65,3.65,3000
323,3.69,3.7,3.67,3.68,15290
324,3.65,3.68,3.65,3.67,1900
325,3.72,3.73,3.66,3.66,4618
326,3.74,3.76,3.72,3.72,8600
327,3.79,3.82,3.73,3.76,72915
432,3.81,3.81,3.81,3.81,4200
433,3.77,3.82,3.66,3.66,4867
434,4,4,3.77,3.77,104417
435,3.881,4.0401,3.881,3.99,80476
436,3.9068,3.9472,3.84,3.87,45736
437,3.85,3.89,3.85,3.89,3947
438,3.93,3.93,3.85,3.85,34213
439,3.88,3.93,3.88,3.9042,15067
440,3.85,3.88,3.85,3.88,25613
441,3.8601,3.87,3.85,3.85,4147
442,3.85,3.87,3.85,3.8601,2500
443,3.86,3.885,3.85,3.85,3900
444,3.91,3.93,3.86,3.86,53488
445,3.97,4,3.9,3.9,27602
446,3.9601,4.02,3.96,3.97,25300
447,3.98,4,3.96,3.9601,6800
448,3.97,3.99,3.96,3.99,13200
449,3.9601,3.99,3.9601,3.9701,2900
450,3.96,3.99,3.96,3.965,2923
451,3.92,3.975,3.91,3.96,10825
452,3.91,3.96,3.91,3.96,3900
453,3.93,3.95,3.91,3.91,1964
454,3.935,3.95,3.9,3.93,9300
455,3.92,3.95,3.92,3.92,2000
456,3.94,3.94,3.92,3.92,3400
457,3.92,3.9497,3.92,3.93,3100
458,3.95,3.98,3.92,3.95,16140
459,3.9401,3.95,3.93,3.94,1900
460,3.9401,3.97,3.94,3.94,1100
461,3.9701,3.99,3.97,3.97,4500
462,3.99,3.99,3.97,3.9701,10300
463,3.95,3.985,3.95,3.985,9064
464,3.9501,3.97,3.95,3.95,3800
465,3.94,3.96,3.94,3.95,6100
466,3.91,3.96,3.91,3.9401,4580
467,3.935,3.94,3.91,3.91,4000
468,3.9798,3.98,3.93,3.94,14995
469,3.94,3.99,3.94,3.96,28918
470,3.95,3.954,3.94,3.9401,24512
471,3.95,3.97,3.94,3.95,35161
864,3.96,3.96,3.96,3.96,1857
865,3.966,4.04,3.966,3.97,12305
866,3.977,4.0399,3.977,4.038,9380
867,4,4.0104,3.97,4.0104,4400
868,3.99,4.03,3.97,4,10817
869,3.97,4,3.97,3.974,5200
870,3.925,4,3.89,4,50615
871,3.887,3.9,3.84,3.9,7000
872,3.811,3.93,3.8,3.89,16643
873,3.94,3.9456,3.807,3.807,8640
874,3.8664,3.95,3.8664,3.94,3200
875,3.87,3.875,3.86,3.87,1878
876,3.862,3.88,3.862,3.88,1000
877,3.86,3.87,3.86,3.863,1100
878,3.86,3.87,3.85,3.86,1100
879,3.85,3.86,3.85,3.85,1934
880,3.86,3.87,3.85,3.86,6500
881,3.8716,3.875,3.85,3.85,2270
882,3.86,3.86,3.85,3.86,1100
883,3.85,3.87,3.85,3.865,1500
884,3.86,3.88,3.86,3.87,800
885,3.855,3.86,3.85,3.85,2000
886,3.86,3.86,3.85,3.85,1100
887,3.85,3.87,3.85,3.86,3215
888,3.87,3.87,3.85,3.86,1205
889,3.85,3.86,3.85,3.855,700
890,3.85,3.87,3.85,3.862,2100
891,3.86,3.86,3.85,3.85,800
892,3.88,3.88,3.85,3.85,3200
893,3.86,3.86,3.85,3.86,1267
894,3.86,3.889,3.86,3.87,3700
895,3.855,3.87,3.85,3.85,1800
896,3.88,3.9,3.85,3.855,2000
897,3.86,3.88,3.85,3.88,1900
898,3.85,3.88,3.85,3.86,2400
899,3.85,3.86,3.85,3.852,5300
900,3.86,3.86,3.85,3.85,4000
901,3.85,3.86,3.85,3.851,2800
902,3.85,3.88,3.85,3.853,4412
903,3.86,3.86,3.85,3.85,9425
a1494941400,3.87,3.87,3.87,3.87,1197
1,3.85,3.88,3.85,3.86,3805
2,3.85,3.87,3.85,3.85,4100
3,3.88,3.88,3.85,3.85,3408
4,3.89,3.89,3.8774,3.8774,500
5,3.87,3.8832,3.85,3.86,3500
6,3.8842,3.9,3.86,3.88,3599
7,3.85,3.87,3.85,3.87,830
8,3.93,3.94,3.87,3.91,4850
9,3.87,3.91,3.87,3.91,2300
10,3.9,3.91,3.9,3.91,400
11,3.85,3.9,3.85,3.9,13625
12,3.89,3.9,3.87,3.88,2400
13,3.86,3.8785,3.86,3.87,4458
14,3.9,3.9,3.875,3.875,1500
15,3.87,3.91,3.87,3.91,2500
17,3.9,3.9,3.88,3.8929,1150
18,3.9,3.9,3.86,3.88,2500
19,3.9051,3.9051,3.89,3.8955,1300
20,3.87,3.91,3.87,3.91,2600
21,3.9,3.9,3.89,3.89,300
22,3.86,3.89,3.86,3.89,2000
23,3.885,3.9,3.885,3.9,200
24,3.86,3.9,3.86,3.9,1000
25,3.8653,3.87,3.86,3.86,800
26,3.86,3.88,3.85,3.87,5824
27,3.78,3.86,3.78,3.85,31843
28,3.74,3.8,3.74,3.7732,8807
29,3.74,3.76,3.74,3.741,7000
30,3.7824,3.79,3.76,3.76,2800
31,3.85,3.85,3.8,3.8,12700
32,3.82,3.86,3.8,3.86,2457
33,3.84,3.84,3.8372,3.8372,3400
34,3.8,3.84,3.8,3.83,2500
35,3.82,3.83,3.81,3.81,1400
36,3.82,3.83,3.8,3.83,4800
37,3.8,3.8489,3.8,3.83,9400
38,3.82,3.82,3.8,3.82,2369
39,3.81,3.8201,3.8,3.82,17791
144,3.8,3.8,3.8,3.8,10085
145,3.82,3.82,3.8,3.81,13598
146,3.81,3.829,3.81,3.829,900
147,3.8184,3.83,3.81,3.83,800
148,3.87,3.87,3.81,3.83,2500
149,3.8935,3.9,3.88,3.88,3200
150,3.91,3.92,3.9,3.9,2300
151,3.9,3.94,3.9,3.92,4900
152,3.92,3.93,3.9,3.9,3601
153,3.8601,3.91,3.8601,3.91,1725
154,3.89,3.89,3.8899,3.8899,300
155,3.88,3.89,3.88,3.89,700
156,3.93,3.94,3.87,3.8799,12570
157,3.93,3.93,3.92,3.9299,1000
158,3.96,3.96,3.93,3.93,1700
159,4.0321,4.05,3.9839,3.99,19390
160,4.032,4.05,4.03,4.0448,14338
161,3.9909,4.05,3.9909,4.03,11696
162,4,4.006,4,4,2900
163,4,4,3.98,3.99,2200
164,3.97,4.01,3.97,4.01,4500
165,3.96,3.97,3.95,3.97,2300
166,3.95,3.97,3.95,3.95,3154
167,3.95,3.96,3.94,3.95,2800
168,3.95,3.95,3.95,3.95,300
169,3.945,3.95,3.94,3.9499,5000
170,3.92,3.95,3.92,3.95,9140
171,3.92,3.94,3.92,3.92,5154
172,3.91,3.91,3.91,3.91,100
173,3.9108,3.93,3.9,3.91,2500
174,3.93,3.93,3.92,3.929,642
175,3.93,3.94,3.93,3.93,1100
176,3.9399,3.9399,3.92,3.93,3600
177,3.97,3.97,3.94,3.94,30541
178,3.97,3.97,3.96,3.97,800
179,3.97,3.98,3.95,3.97,6000
180,4,4,3.99,4,11261
181,3.96,4,3.96,4,14595
182,3.96,3.98,3.96,3.98,2000
183,3.96,3.98,3.96,3.96,29819
288,3.97,3.97,3.97,3.97,623
289,4.14,4.15,3.945,3.96,115003
290,4.1,4.14,4.06,4.14,23736
291,4.122,4.1294,4.09,4.0901,23219
292,4.13,4.14,4.12,4.12,14483
293,4.1127,4.2,4.0901,4.14,167132
294,4.1479,4.1899,4.1,4.129,30282
295,4.2161,4.23,4.15,4.15,50295
296,4.18,4.25,4.17,4.21,50870
297,4.2201,4.24,4.17,4.18,23455
298,4.25,4.29,4.23,4.23,62561
299,4.23,4.29,4.2214,4.2747,14566
300,4.2233,4.25,4.22,4.24,14506
301,4.1999,4.215,4.19,4.2031,16637
302,4.11,4.205,4.11,4.2,19655
303,4.12,4.15,4.11,4.1234,3472
304,4.1301,4.15,4.12,4.12,2910
305,4.13,4.15,4.12,4.12,1700
306,4.14,4.16,4.12,4.1258,3900
307,4.1692,4.19,4.12,4.15,4606
308,4.15,4.1844,4.15,4.17,3100
309,4.17,4.17,4.15,4.17,1700
310,4.15,4.1758,4.15,4.17,2656
311,4.18,4.18,4.14,4.15,500
312,4.17,4.19,4.162,4.165,12761
313,4.1864,4.19,4.15,4.18,2500
314,4.1714,4.19,4.1714,4.19,9291
315,4.2356,4.25,4.1899,4.19,26725
316,4.21,4.25,4.07,4.245,34043
317,4.21,4.22,4.19,4.21,15302
318,4.176,4.21,4.1223,4.2027,8969
319,4.19,4.21,4.17,4.17,9442
320,4.15,4.2,4.03,4.185,33500
321,4.14,4.18,4.12,4.18,9860
322,4.14,4.16,4.13,4.13,9800
323,4.1478,4.1622,4.13,4.15,5672
324,4.14,4.15,4.13,4.15,4300
325,4.13,4.152,4.13,4.152,1400
326,4.151,4.16,4.12,4.13,14699
327,4.16,4.19,4.14,4.14,26892
432,4.3,4.3,4.3,4.3,11666
433,4.3385,4.34,4.26,4.29,43653
434,4.38,4.42,4.32,4.321,39121
435,4.33,4.39,4.32,4.3834,18261
436,4.3,4.4,4.25,4.3234,41755
437,4.35,4.4,4.2903,4.2903,5386
438,4.28,4.39,4.28,4.375,20400
439,4.28,4.2998,4.28,4.29,3462
440,4.195,4.25,4.1867,4.25,17770
441,4.26,4.26,4.1901,4.195,5419
442,4.2,4.3,4.1963,4.2762,16481
443,4.2191,4.2299,4.21,4.2299,2739
444,4.24,4.26,4.22,4.22,1000
445,4.25,4.25,4.22,4.2209,1273
446,4.26,4.3,4.25,4.29,10319
447,4.27,4.27,4.257,4.257,600
448,4.25,4.27,4.25,4.25,2600
449,4.225,4.26,4.21,4.26,12255
450,4.27,4.27,4.2368,4.2368,1500
451,4.292,4.3,4.265,4.265,8788
452,4.27,4.2995,4.26,4.2995,7773
453,4.295,4.295,4.27,4.27,795
454,4.2599,4.2971,4.22,4.295,6843
455,4.25,4.25,4.24,4.25,895
456,4.26,4.26,4.26,4.26,100
457,4.255,4.255,4.255,4.255,200
458,4.25,4.255,4.25,4.25,800
459,4.2607,4.2607,4.25,4.25,1750
460,4.2499,4.27,4.24,4.27,8224
461,4.24,4.25,4.2201,4.24,13100
462,4.26,4.26,4.23,4.24,400
463,4.2454,4.25,4.24,4.24,618
464,4.24,4.25,4.23,4.25,2800
465,4.25,4.25,4.2393,4.2393,1300
466,4.27,4.27,4.25,4.25,12700
467,4.275,4.28,4.255,4.27,5729
468,4.25,4.29,4.25,4.28,3054
469,4.26,4.27,4.26,4.27,2900
470,4.24,4.27,4.23,4.26,3955
471,4.23,4.25,4.22,4.24,21720
864,4.31,4.31,4.31,4.31,6547
865,4.25,4.3276,4.25,4.3276,1064
866,4.16,4.24,4.12,4.23,12179
867,4.18,4.22,4.18,4.22,200
868,4.14,4.15,4.07,4.1432,17713
869,4.09,4.14,4.09,4.1264,5904
870,4.09,4.09,4.05,4.09,2875
871,4.1,4.1012,4.07,4.1012,1800
872,4.06,4.1,4.06,4.085,2000
873,3.9416,4.06,3.93,4.06,18861
874,3.9902,4,3.9413,3.9413,3896
875,3.95,3.9906,3.95,3.9906,2190
876,3.93,3.95,3.8801,3.95,14124
877,3.885,3.95,3.86,3.91,17550
878,3.85,3.87,3.83,3.862,2040
879,3.89,3.89,3.85,3.85,1900
880,3.886,3.886,3.85,3.87,2400
881,3.9,3.9,3.89,3.89,600
882,3.87,3.88,3.84,3.88,12351
883,3.86,3.86,3.84,3.855,800
884,3.84,3.84,3.82,3.84,5030
885,3.82,3.84,3.82,3.82,925
886,3.81,3.84,3.8,3.81,24967
887,3.84,3.84,3.81,3.815,7225
888,3.805,3.825,3.8,3.825,11253
889,3.81,3.8199,3.8,3.805,6640
890,3.82,3.82,3.805,3.81,3406
891,3.8092,3.83,3.8,3.8171,7473
892,3.808,3.82,3.8,3.81,5840
893,3.805,3.82,3.8,3.8,9682
894,3.8266,3.83,3.81,3.81,10778
895,3.84,3.84,3.825,3.825,800
896,3.8342,3.84,3.82,3.827,8079
897,3.825,3.84,3.82,3.83,1700
898,3.82,3.83,3.82,3.83,900
899,3.81,3.82,3.8,3.81,3820
900,3.8,3.82,3.8,3.81,10000
901,3.81,3.81,3.8,3.805,4700
902,3.81,3.81,3.8001,3.81,1100
903,3.84,3.84,3.8,3.81,38578
a1495546200,3.85,3.85,3.85,3.85,861
1,3.8,3.87,3.8,3.83,5289
2,3.84,3.84,3.8,3.8,1100
3,3.81,3.8351,3.81,3.8351,1214
4,3.8201,3.84,3.8105,3.8105,1200
5,3.8005,3.82,3.8,3.82,1400
6,3.8095,3.81,3.8,3.8,5332
7,3.8,3.81,3.8,3.8001,10380
8,3.825,3.825,3.7938,3.8001,13785
9,3.8201,3.84,3.82,3.8205,2500
10,3.84,3.84,3.8205,3.83,1600
11,3.8401,3.88,3.8401,3.8401,5325
12,3.8501,3.86,3.8401,3.8401,1000
13,3.8601,3.8601,3.8501,3.8501,900
14,3.8701,3.8701,3.8501,3.87,2126
15,3.87,3.8855,3.87,3.8701,700
16,3.8701,3.89,3.86,3.8605,1300
17,3.88,3.88,3.8701,3.8701,600
18,3.8701,3.88,3.87,3.8705,1700
19,3.8605,3.87,3.86,3.87,2500
20,3.8675,3.87,3.86,3.8605,9011
21,3.865,3.87,3.865,3.865,1470
22,3.865,3.87,3.86,3.865,2350
23,3.88,3.88,3.865,3.865,8764
24,3.8801,3.91,3.8701,3.8701,2230
25,3.9001,3.92,3.8801,3.8801,800
26,3.895,3.91,3.8801,3.91,4100
27,3.9001,3.92,3.8901,3.8901,1300
28,3.9001,3.94,3.9001,3.9001,3041
29,3.9001,3.91,3.9001,3.9001,925
30,3.9001,3.91,3.9001,3.9001,600
31,3.91,3.91,3.9001,3.9001,1300
32,3.9001,3.91,3.9001,3.9001,600
33,3.9001,3.91,3.9,3.9001,1800
34,3.9,3.91,3.9,3.9001,2568
35,3.87,3.9,3.87,3.8901,2820
36,3.8705,3.88,3.8701,3.8701,500
37,3.87,3.88,3.87,3.8705,1100
38,3.8201,3.8699,3.8101,3.8699,12069
39,3.84,3.85,3.83,3.84,29453
144,3.84,3.84,3.84,3.84,1275
145,3.8,3.84,3.8,3.83,3596
146,3.8,3.8,3.8,3.8,100
147,3.84,3.85,3.8003,3.8003,7200
148,3.82,3.83,3.82,3.83,2798
149,3.84,3.84,3.83,3.83,400
150,3.87,3.9,3.8596,3.8596,2000
151,3.9,3.9,3.89,3.89,300
152,3.89,3.92,3.89,3.9,1500
153,3.9,3.9,3.9,3.9,100
154,3.89,3.89,3.89,3.89,100
155,3.8668,3.8668,3.8668,3.8668,1000
156,3.88,3.88,3.87,3.87,300
158,3.86,3.88,3.86,3.88,1216
159,3.84,3.85,3.84,3.85,2600
160,3.84,3.84,3.84,3.84,300
161,3.85,3.85,3.85,3.85,200
162,3.86,3.86,3.845,3.85,630
163,3.841,3.86,3.8401,3.86,2600
164,3.86,3.86,3.86,3.86,200
165,3.84,3.84,3.84,3.84,100
166,3.8599,3.86,3.8599,3.86,500
167,3.88,3.88,3.86,3.86,1679
168,3.88,3.88,3.88,3.88,100
169,3.88,3.88,3.88,3.88,100
170,3.865,3.87,3.86,3.86,5500
171,3.84,3.86,3.84,3.86,939
172,3.82,3.82,3.81,3.82,1300
173,3.83,3.85,3.83,3.85,200
174,3.84,3.85,3.84,3.85,200
175,3.85,3.85,3.83,3.83,200
176,3.85,3.85,3.82,3.82,1900
177,3.83,3.85,3.83,3.8499,963
178,3.8499,3.8499,3.8499,3.8499,300
179,3.82,3.84,3.82,3.84,500
180,3.83,3.84,3.81,3.81,10806
181,3.815,3.83,3.815,3.83,1300
182,3.82,3.82,3.81,3.82,2000
183,3.83,3.83,3.81,3.83,12726
288,3.85,3.85,3.85,3.85,734
289,3.8565,3.8565,3.8221,3.85,1000
290,3.83,3.88,3.83,3.88,200
291,3.8101,3.845,3.81,3.83,2100
292,3.8211,3.8211,3.8,3.82,4200
293,3.83,3.83,3.82,3.83,1780
294,3.84,3.84,3.8121,3.84,3600
295,3.8299,3.84,3.829,3.84,1923
296,3.83,3.83,3.82,3.82,300
297,3.85,3.85,3.85,3.85,100
298,3.82,3.84,3.81,3.83,500
299,3.82,3.83,3.81,3.8299,5346
300,3.81,3.82,3.81,3.82,2300
301,3.82,3.83,3.8,3.81,2080
302,3.81,3.82,3.81,3.82,200
304,3.81,3.81,3.8,3.8,200
305,3.82,3.82,3.82,3.82,263
306,3.81,3.8201,3.81,3.8145,2169
307,3.81,3.81,3.81,3.81,200
310,3.82,3.82,3.8,3.82,1000
311,3.82,3.82,3.82,3.82,100
312,3.81,3.82,3.8,3.8,8570
313,3.82,3.82,3.8,3.81,1800
314,3.82,3.82,3.81,3.81,600
315,3.84,3.84,3.8,3.81,2119
316,3.82,3.85,3.81,3.85,1495
317,3.82,3.83,3.82,3.83,300
318,3.83,3.83,3.8299,3.8299,400
319,3.82,3.82,3.82,3.82,100
320,3.83,3.83,3.81,3.81,2000
321,3.85,3.85,3.82,3.82,300
322,3.8083,3.82,3.8083,3.82,4060
323,3.81,3.81,3.81,3.81,1200
324,3.8,3.81,3.8,3.8,5205
325,3.82,3.82,3.8,3.81,4070
326,3.82,3.83,3.81,3.82,1995
327,3.84,3.84,3.82,3.82,12552
432,3.82,3.82,3.82,3.82,360
433,3.81,3.84,3.81,3.84,1375
435,3.84,3.84,3.8043,3.8043,3322
436,3.8127,3.82,3.8127,3.82,1425
438,3.81,3.839,3.81,3.839,1400
439,3.8299,3.8299,3.8299,3.8299,1436
440,3.8271,3.8272,3.81,3.82,2500
441,3.815,3.84,3.815,3.83,2100
442,3.85,3.85,3.8101,3.82,5034
444,3.8701,3.88,3.84,3.84,3250
445,3.8951,3.8951,3.8951,3.8951,800
446,3.88,3.8961,3.88,3.8961,700
447,3.89,3.89,3.89,3.89,100
448,3.89,3.89,3.83,3.88,1800
449,3.89,3.89,3.8668,3.8668,300
450,3.92,3.92,3.8741,3.8741,3000
451,3.94,3.94,3.94,3.94,200
452,3.91,3.91,3.91,3.91,100
453,3.9098,3.9175,3.9098,3.9175,3855
454,3.94,3.94,3.91,3.91,400
455,3.94,3.94,3.94,3.94,100
456,3.94,3.94,3.94,3.94,100
457,3.91,3.95,3.9001,3.95,400
458,3.92,3.92,3.92,3.92,200
459,3.9178,3.92,3.9178,3.92,200
460,3.9,3.9,3.89,3.89,300
461,3.92,3.92,3.907,3.907,4400
462,3.91,3.92,3.91,3.92,500
463,3.92,3.92,3.92,3.92,100
465,3.89,3.9,3.89,3.9,1200
466,3.96,3.99,3.91,3.91,14314
468,3.99,3.99,3.98,3.99,1050
469,3.97,3.98,3.9699,3.98,1100
470,3.97,3.989,3.96,3.97,7964
471,3.95,3.98,3.95,3.96,7437
a1496151000,3.95,3.95,3.95,3.95,1897
1,3.95,3.95,3.95,3.95,22212
2,3.87,3.91,3.87,3.91,700
3,3.97,3.97,3.8841,3.89,6502
4,3.97,3.97,3.97,3.97,595
5,3.91,3.97,3.91,3.97,3550
6,3.875,3.875,3.875,3.875,100
7,3.94,3.97,3.8761,3.88,19728
8,3.92,3.925,3.901,3.901,1600
9,3.9199,3.92,3.91,3.91,1400
10,3.9,3.9,3.89,3.9,500
11,3.87,3.88,3.87,3.88,200
12,3.89,3.9,3.8841,3.8841,5458
14,3.88,3.88,3.88,3.88,300
15,3.88,3.88,3.88,3.88,400
16,3.8999,3.8999,3.8965,3.8965,360
17,3.9,3.9,3.88,3.88,500
19,3.9,3.93,3.8876,3.89,1094
20,3.93,3.93,3.93,3.93,300
23,3.9,3.93,3.9,3.93,200
24,3.9,3.9,3.9,3.9,100
25,3.9,3.92,3.9,3.92,1127
26,3.905,3.905,3.905,3.905,530
27,3.905,3.905,3.905,3.905,300
28,3.9,3.9199,3.9,3.905,1000
29,3.89,3.92,3.89,3.905,4100
30,3.87,3.895,3.87,3.88,900
31,3.87,3.9,3.87,3.88,800
32,3.9,3.9,3.8858,3.8858,3700
33,3.885,3.9,3.87,3.87,1100
34,3.88,3.9,3.87,3.87,600
35,3.9,3.9,3.88,3.88,5991
36,3.91,3.91,3.89,3.89,200
37,3.89,3.9,3.89,3.89,1111
38,3.89,3.92,3.89,3.92,6096
39,3.88,3.9,3.88,3.88,17707
144,3.89,3.89,3.89,3.89,525
146,3.97,3.97,3.97,3.97,100
147,3.96,3.96,3.96,3.96,100
148,3.93,3.93,3.93,3.93,400
149,3.95,3.95,3.93,3.93,200
150,3.8,3.95,3.8,3.93,59305
151,3.81,3.83,3.8,3.81,2512
152,3.83,3.83,3.8,3.8,1589
153,3.89,3.9,3.85,3.85,1900
154,3.87,3.88,3.85,3.88,8337
155,3.88,3.88,3.85,3.87,500
156,3.88,3.88,3.85,3.85,750
157,3.86,3.86,3.85,3.85,200
158,3.85,3.85,3.85,3.85,1050
159,3.83,3.8494,3.83,3.8494,5700
160,3.81,3.84,3.78,3.82,8989
161,3.83,3.83,3.818,3.83,1150
162,3.8272,3.8272,3.8,3.81,600
163,3.7968,3.7986,3.78,3.79,550
164,3.7373,3.785,3.71,3.7806,14020
165,3.67,3.74,3.6,3.74,19864
166,3.65,3.7,3.59,3.6766,29315
167,3.63,3.67,3.63,3.67,4763
168,3.62,3.66,3.62,3.63,2000
169,3.646,3.646,3.61,3.62,608
170,3.639,3.64,3.61,3.61,800
171,3.625,3.63,3.61,3.61,400
172,3.6114,3.62,3.61,3.61,477
173,3.62,3.66,3.61,3.64,12200
174,3.6327,3.66,3.62,3.62,1350
175,3.64,3.6445,3.62,3.63,3093
176,3.66,3.66,3.6399,3.64,6246
177,3.6155,3.64,3.61,3.62,82950
178,3.63,3.63,3.61,3.61,3060
179,3.63,3.63,3.63,3.63,100
180,3.62,3.63,3.62,3.62,1390
181,3.62,3.63,3.61,3.62,2988
182,3.6108,3.62,3.61,3.613,3550
183,3.61,3.64,3.61,3.62,18518
288,3.61,3.61,3.61,3.61,4572
289,3.63,3.64,3.62,3.6201,4160
290,3.69,3.69,3.6301,3.6301,1440
291,3.69,3.69,3.69,3.69,300
292,3.66,3.68,3.66,3.68,1100
293,3.67,3.67,3.6519,3.67,670
294,3.67,3.67,3.655,3.655,600
295,3.67,3.67,3.6689,3.6689,450
296,3.671,3.7,3.671,3.68,1000
297,3.69,3.69,3.67,3.69,7620
298,3.8,3.8,3.68,3.73,24443
299,3.76,3.76,3.71,3.73,1200
300,3.75,3.76,3.75,3.76,500
301,3.809,3.81,3.77,3.77,3500
302,3.8,3.82,3.8,3.82,551
303,3.82,3.82,3.7908,3.7908,5866
304,3.86,3.89,3.8301,3.8301,6803
305,3.8425,3.87,3.8425,3.87,500
306,3.831,3.85,3.831,3.84,1200
307,3.84,3.84,3.8306,3.8306,745
308,3.85,3.85,3.83,3.84,1000
309,3.83,3.83,3.83,3.83,100
310,3.82,3.84,3.82,3.84,1500
311,3.81,3.82,3.81,3.82,1445
313,3.84,3.84,3.82,3.82,1600
314,3.84,3.85,3.84,3.85,600
315,3.82,3.831,3.82,3.831,200
316,3.83,3.84,3.83,3.83,700
317,3.8255,3.8364,3.8255,3.8364,3300
318,3.84,3.84,3.83,3.84,720
320,3.85,3.85,3.85,3.85,100
321,3.85,3.85,3.84,3.84,200
322,3.83,3.83,3.816,3.816,250
323,3.82,3.82,3.82,3.82,100
324,3.83,3.84,3.83,3.83,500
325,3.83,3.83,3.812,3.82,4265
326,3.83,3.84,3.82,3.83,500
327,3.83,3.84,3.83,3.84,9720
432,3.8,3.8,3.8,3.8,3282
433,3.86,3.86,3.71,3.71,1218
434,3.91,3.91,3.8301,3.8306,8019
435,3.89,3.91,3.86,3.91,1163
436,3.88,3.89,3.87,3.88,2270
437,3.9,3.9,3.85,3.85,2030
438,3.94,3.94,3.93,3.93,1100
439,3.95,3.95,3.9488,3.95,1300
440,3.92,3.94,3.88,3.94,34561
441,3.9006,3.93,3.9,3.92,721
442,3.93,3.93,3.93,3.93,100
443,3.91,3.91,3.91,3.91,100
444,3.91,3.92,3.91,3.92,3236
445,3.93,3.93,3.91,3.91,2161
446,3.97,3.97,3.95,3.95,901
447,4.025,4.04,3.97,3.97,8676
448,4.0193,4.03,4.0193,4.03,4267
450,4.02,4.02,4.02,4.02,400
451,4.02,4.02,4.02,4.02,887
452,4.02,4.02,4.02,4.02,200
453,4.03,4.03,4.0289,4.03,8594
454,4.05,4.05,4.0399,4.0399,4911
455,4.03,4.041,4.0261,4.04,2320
456,4.0441,4.05,4.04,4.05,1351
457,4.03,4.04,4.03,4.04,400
458,4.02,4.04,4.02,4.04,1365
459,4.01,4.0227,3.97,4.0227,11111
460,4.01,4.049,4,4.0048,5600
461,4.02,4.02,4.02,4.02,200
462,4,4.02,4,4.02,500
463,4.04,4.05,4.01,4.01,4750
464,4.039,4.04,4.03,4.03,1000
465,4.02,4.04,4.02,4.04,400
466,4.02,4.03,4.02,4.03,5100
467,4.02,4.03,4.02,4.03,200
468,4.02,4.03,4,4,2682
469,4.04,4.04,4.03,4.03,2500
470,4.0198,4.04,4.0198,4.04,1700
471,4.02,4.03,4,4.0198,15045
864,4.02,4.02,4.02,4.02,1018
865,4.04,4.04,4.02,4.02,7727
866,4.035,4.035,4.032,4.032,275
867,4.115,4.16,4.03,4.03,13967
868,4.1437,4.1437,4.11,4.13,692
869,4.1,4.15,4.09,4.14,9700
870,4.07,4.0901,4.0501,4.0901,10907
871,4.06,4.09,4.06,4.08,11946
872,4.1,4.11,4.08,4.08,16772
873,4.05,4.11,4.05,4.11,28530
874,4.05,4.05,4.0459,4.0459,600
875,4.0878,4.0915,4.084,4.084,9473
876,4.08,4.08,4.07,4.0799,6300
877,4.11,4.11,4.1,4.1,200
878,4.11,4.12,4.1,4.12,5500
879,4.15,4.15,4.1,4.12,21800
880,4.11,4.131,4.11,4.131,10282
881,4.12,4.12,4.105,4.105,12391
882,4.12,4.12,4.12,4.12,200
883,4.1116,4.1116,4.1116,4.1116,5000
884,4.15,4.16,4.14,4.14,6800
885,4.15,4.1535,4.15,4.1535,450
886,4.14,4.15,4.14,4.15,400
887,4.15,4.15,4.14,4.15,2500
888,4.1501,4.1501,4.15,4.15,2400
889,4.15,4.18,4.15,4.18,800
890,4.15,4.18,4.15,4.17,7598
891,4.129,4.13,4.11,4.13,2700
892,4.12,4.13,4.12,4.13,3813
894,4.13,4.13,4.12,4.12,8900
895,4.15,4.15,4.1428,4.1428,1200
896,4.125,4.13,4.12,4.13,9792
897,4.1201,4.13,4.12,4.13,9592
898,4.08,4.129,4.08,4.129,3823
899,4.09,4.11,4.085,4.085,800
900,4.08,4.08,4.08,4.08,200
901,4.08,4.09,4.08,4.08,1500
902,4.09,4.09,4.08,4.08,6200
903,4.08,4.09,4.08,4.085,7383
a1496755800,4.05,4.05,4.05,4.05,1367
1,4.0701,4.08,4.07,4.08,3090
2,4.11,4.13,4.08,4.13,1670
3,4.105,4.14,4.08,4.08,2500
4,4.13,4.13,4.11,4.1276,7500
5,4.15,4.15,4.13,4.14,11300
6,4.181,4.181,4.143,4.15,18344
7,4.19,4.19,4.12,4.1775,8280
8,4.17,4.2,4.17,4.2,11889
9,4.16,4.19,4.16,4.17,3798
10,4.16,4.17,4.1108,4.16,16100
11,4.16,4.16,4.16,4.16,200
12,4.17,4.17,4.17,4.17,100
16,4.14,4.14,4.14,4.14,100
17,4.17,4.17,4.17,4.17,800
18,4.14,4.14,4.14,4.14,500
19,4.15,4.17,4.14,4.17,1300
20,4.15,4.17,4.15,4.15,1500
21,4.15,4.17,4.14,4.15,13016
22,4.13,4.13,4.13,4.13,500
23,4.1342,4.1342,4.13,4.1301,4147
24,4.12,4.1438,4.12,4.13,3000
25,4.13,4.13,4.12,4.12,1028
26,4.13,4.13,4.13,4.13,500
27,4.13,4.136,4.13,4.13,2200
28,4.13,4.1399,4.13,4.13,1500
29,4.15,4.15,4.13,4.13,1706
30,4.13,4.1393,4.13,4.13,700
31,4.13,4.13,4.13,4.13,600
32,4.16,4.17,4.13,4.15,22596
33,4.14,4.17,4.14,4.17,6600
34,4.17,4.17,4.14,4.14,3617
35,4.16,4.17,4.16,4.16,1600
36,4.1699,4.17,4.15,4.1699,2378
37,4.17,4.17,4.16,4.16,4000
38,4.17,4.17,4.15,4.1699,5605
39,4.19,4.2,4.1699,4.17,17391
144,4.2,4.2,4.2,4.2,475
145,4.3,4.3,4.24,4.25,15541
146,4.2984,4.3,4.2716,4.2716,523
147,4.29,4.3,4.2853,4.3,1925
148,4.321,4.33,4.305,4.305,17004
149,4.2822,4.33,4.2822,4.325,19816
150,4.29,4.29,4.29,4.29,600
152,4.31,4.31,4.2797,4.29,1280
153,4.29,4.31,4.28,4.31,6611
154,4.315,4.315,4.28,4.29,4787
155,4.32,4.32,4.3,4.315,9567
156,4.35,4.41,4.31,4.32,40697
157,4.4789,4.49,4.4001,4.4001,35621
158,4.49,4.5,4.4609,4.475,5767
159,4.47,4.49,4.4646,4.49,7334
160,4.4403,4.47,4.42,4.46,15977
161,4.42,4.47,4.41,4.4397,12169
162,4.44,4.447,4.41,4.42,7400
163,4.37,4.425,4.37,4.4201,5050
164,4.43,4.43,4.37,4.37,2830
165,4.405,4.42,4.4,4.42,4924
166,4.39,4.4052,4.39,4.405,4600
167,4.39,4.4,4.39,4.395,3070
168,4.39,4.4,4.39,4.395,8400
169,4.39,4.3999,4.39,4.39,25336
170,4.3,4.37,4.3,4.37,4918
171,4.31,4.32,4.3001,4.31,2105
172,4.2901,4.315,4.2901,4.31,3316
173,4.2901,4.3,4.29,4.29,2175
174,4.34,4.34,4.2901,4.2901,1100
175,4.35,4.37,4.34,4.34,1300
176,4.3599,4.36,4.3001,4.3486,12878
177,4.3001,4.355,4.3,4.35,3305
178,4.31,4.33,4.3001,4.3001,8700
179,4.31,4.32,4.3,4.31,3076
180,4.2801,4.31,4.2801,4.3085,1100
181,4.3,4.305,4.2901,4.3,1500
182,4.37,4.37,4.295,4.3,22812
183,4.37,4.39,4.36,4.37,35016
288,4.4,4.4,4.4,4.4,2576
289,4.42,4.43,4.37,4.4,3035
290,4.47,4.47,4.4002,4.42,8727
291,4.4399,4.47,4.41,4.47,12808
292,4.59,4.59,4.4333,4.44,52615
293,4.6,4.6,4.571,4.571,5400
294,4.5368,4.5964,4.53,4.5964,14350
295,4.55,4.59,4.5,4.53,14720
296,4.53,4.56,4.53,4.56,13398
297,4.525,4.53,4.525,4.53,600
298,4.52,4.56,4.5,4.5,28524
299,4.53,4.5478,4.5001,4.534,11646
300,4.53,4.535,4.53,4.53,800
301,4.5486,4.56,4.548,4.548,4000
302,4.555,4.56,4.5459,4.56,3985
303,4.64,4.64,4.56,4.56,13399
304,4.55,4.65,4.55,4.65,13838
305,4.6118,4.6118,4.55,4.55,1350
306,4.6,4.63,4.6,4.6139,18800
307,4.58,4.62,4.58,4.6,7813
308,4.5,4.57,4.5,4.57,29181
309,4.51,4.53,4.5,4.5,3100
310,4.51,4.54,4.51,4.52,800
311,4.52,4.54,4.51,4.52,1347
312,4.54,4.54,4.53,4.53,300
313,4.54,4.57,4.54,4.57,4397
314,4.5539,4.5539,4.5539,4.5539,150
315,4.525,4.55,4.5,4.54,11072
316,4.5229,4.55,4.515,4.515,7800
317,4.53,4.535,4.5,4.535,16470
318,4.53,4.58,4.51,4.5482,18090
319,4.49,4.52,4.49,4.5,1000
320,4.4221,4.5,4.42,4.5,5380
321,4.45,4.45,4.45,4.45,200
322,4.49,4.49,4.49,4.49,495
323,4.52,4.52,4.5,4.5,5228
324,4.5,4.53,4.5,4.52,2798
325,4.49,4.5,4.49,4.5,2800
326,4.49,4.5,4.46,4.47,22017
327,4.45,4.495,4.44,4.49,37014
432,4.45,4.45,4.45,4.45,1131
433,4.39,4.48,4.39,4.48,4882
434,4.44,4.442,4.38,4.42,2200
435,4.44,4.44,4.42,4.42,6900
436,4.5,4.5,4.5,4.5,100
437,4.49,4.49,4.48,4.48,600
438,4.47,4.49,4.44,4.48,10800
440,4.5,4.5,4.5,4.5,100
441,4.5462,4.55,4.49,4.49,7375
442,4.55,4.55,4.5272,4.5272,1800
443,4.58,4.6,4.5528,4.56,8796
444,4.63,4.63,4.568,4.568,2518
445,4.652,4.68,4.6235,4.65,3460
446,4.597,4.6694,4.58,4.6694,8400
447,4.65,4.68,4.6,4.6,16519
448,4.64,4.66,4.6167,4.6167,800
449,4.64,4.64,4.6399,4.6399,600
450,4.625,4.637,4.625,4.6274,4200
451,4.6,4.64,4.6,4.62,1000
452,4.62,4.63,4.6,4.6,7700
453,4.64,4.64,4.61,4.62,1800
454,4.6,4.625,4.6,4.61,6570
455,4.6,4.64,4.592,4.6,5100
456,4.59,4.62,4.58,4.6,21741
457,4.56,4.6,4.56,4.58,16360
458,4.56,4.6,4.56,4.6,1500
459,4.51,4.5555,4.51,4.5555,15505
460,4.5388,4.5388,4.51,4.52,2400
461,4.543,4.55,4.52,4.52,400
462,4.57,4.58,4.57,4.57,300
463,4.56,4.5732,4.56,4.5732,1320
464,4.5099,4.56,4.5,4.56,2939
465,4.48,4.49,4.47,4.47,2100
466,4.52,4.52,4.49,4.49,13400
467,4.5,4.54,4.5,4.51,3762
468,4.48,4.522,4.46,4.49,3198
469,4.46,4.481,4.44,4.46,9353
470,4.45,4.45,4.44,4.44,8326
471,4.43,4.45,4.42,4.45,39542
864,4.44,4.44,4.44,4.44,2160
865,4.45,4.51,4.45,4.47,5531
866,4.445,4.5,4.445,4.5,1600
867,4.495,4.495,4.475,4.48,1900
869,4.49,4.56,4.47,4.55,3400
870,4.5,4.5,4.476,4.476,800
871,4.51,4.51,4.44,4.485,5385
872,4.51,4.51,4.51,4.51,300
873,4.5,4.5,4.49,4.49,1300
874,4.51,4.51,4.49,4.49,6599
875,4.52,4.52,4.51,4.51,600
876,4.58,4.58,4.53,4.54,3000
877,4.64,4.67,4.5838,4.5838,10778
878,4.68,4.68,4.61,4.66,5105
879,4.72,4.72,4.66,4.662,2062
880,4.7678,4.78,4.69,4.7108,21128
881,4.75,4.77,4.73,4.77,3369
882,4.7298,4.75,4.72,4.75,2400
883,4.75,4.75,4.74,4.74,400
884,4.71,4.75,4.6968,4.7322,5110
885,4.71,4.74,4.691,4.691,7748
886,4.71,4.73,4.681,4.7112,2200
887,4.6895,4.71,4.6895,4.71,2480
888,4.61,4.74,4.59,4.7,19514
889,4.54,4.5878,4.49,4.58,14693
890,4.5,4.56,4.47,4.5101,10581
891,4.52,4.52,4.4878,4.5,7444
892,4.5,4.5,4.495,4.5,2253
893,4.5,4.52,4.4966,4.4966,1550
894,4.5,4.52,4.5,4.5,929
895,4.5,4.5,4.475,4.4953,3122
896,4.5,4.5,4.5,4.5,100
897,4.5,4.5,4.5,4.5,200
898,4.43,4.49,4.43,4.49,4255
899,4.45,4.45,4.44,4.44,1100
900,4.46,4.46,4.44,4.45,1700
901,4.46,4.47,4.44,4.45,7299
902,4.44,4.46,4.43,4.46,10621
903,4.47,4.47,4.41,4.43,25785
a1497360600,4.48,4.48,4.48,4.48,545
1,4.32,4.4,4.311,4.38,5127
2,4.3256,4.33,4.325,4.3275,1900
4,4.312,4.38,4.301,4.38,6800
5,4.23,4.34,4.15,4.33,26657
6,4.25,4.28,4.24,4.24,8198
7,4.3,4.3,4.2656,4.2698,7352
8,4.306,4.32,4.306,4.32,610
9,4.25,4.3,4.25,4.281,9607
10,4.27,4.3,4.26,4.26,2200
11,4.251,4.28,4.245,4.27,8048
12,4.27,4.27,4.27,4.27,200
13,4.27,4.28,4.27,4.28,200
14,4.269,4.288,4.25,4.279,8100
15,4.21,4.26,4.18,4.25,7513
16,4.22,4.27,4.22,4.27,3200
17,4.2,4.23,4.15,4.23,6344
18,4.17,4.17,4.17,4.17,100
19,4.2,4.2,4.18,4.2,12753
20,4.24,4.24,4.21,4.21,2000
21,4.2272,4.2272,4.2272,4.2272,1000
22,4.29,4.29,4.27,4.279,500
23,4.25,4.29,4.25,4.2684,2300
24,4.27,4.27,4.25,4.2646,457
25,4.24,4.255,4.2,4.24,9885
26,4.32,4.32,4.28,4.3,800
27,4.2401,4.2966,4.24,4.2966,1300
28,4.2301,4.3,4.22,4.23,3443
29,4.2001,4.25,4.2,4.23,2760
30,4.2001,4.22,4.2,4.2,3400
31,4.2001,4.23,4.2,4.2001,2800
32,4.2,4.2221,4.2,4.2,5800
33,4.2101,4.2101,4.2,4.2001,3000
34,4.2,4.24,4.2,4.21,3300
35,4.21,4.25,4.18,4.23,3100
36,4.2101,4.22,4.18,4.18,3800
37,4.22,4.25,4.18,4.21,3800
38,4.27,4.27,4.19,4.19,9792
39,4.32,4.32,4.26,4.29,22694
144,4.32,4.32,4.32,4.32,558
145,4.24,4.32,4.24,4.32,6367
146,4.24,4.24,4.23,4.23,1645
147,4.25,4.27,4.25,4.27,731
148,4.29,4.29,4.2799,4.29,2995
149,4.43,4.43,4.289,4.289,7466
150,4.41,4.41,4.3728,4.4,2400
151,4.41,4.42,4.41,4.41,1100
152,4.35,4.4,4.35,4.4,3475
154,4.4,4.4,4.38,4.4,800
155,4.3706,4.4,4.3706,4.4,2000
156,4.46,4.46,4.4,4.4,600
157,4.49,4.5,4.49,4.49,400
158,4.47,4.47,4.47,4.47,900
159,4.469,4.47,4.4564,4.4564,1600
160,4.63,4.63,4.45,4.5,5909
161,4.54,4.61,4.54,4.56,4700
162,4.4994,4.5199,4.4994,4.5199,400
163,4.52,4.55,4.52,4.52,1300
164,4.54,4.54,4.52,4.54,800
165,4.48,4.51,4.45,4.5,3500
166,4.54,4.54,4.49,4.49,2100
167,4.5575,4.58,4.5575,4.56,1600
168,4.6125,4.65,4.5829,4.6,3300
169,4.59,4.65,4.59,4.65,5300
170,4.53,4.53,4.49,4.49,1000
171,4.5594,4.57,4.53,4.53,2500
172,4.49,4.56,4.49,4.56,2100
173,4.45,4.53,4.45,4.53,930
174,4.45,4.48,4.45,4.48,651
175,4.49,4.5,4.45,4.45,1800
176,4.47,4.51,4.45,4.45,5100
177,4.47,4.49,4.446,4.469,8201
178,4.45,4.45,4.43,4.43,600
179,4.4404,4.45,4.44,4.45,3900
180,4.38,4.44,4.38,4.44,10090
181,4.4,4.4,4.37,4.38,2900
182,4.44,4.44,4.43,4.43,1600
183,4.42,4.44,4.37,4.44,31979
288,4.44,4.44,4.44,4.44,1005
290,4.39,4.42,4.39,4.42,2700
291,4.36,4.38,4.3,4.36,12700
292,4.39,4.39,4.35,4.37,1900
293,4.37,4.39,4.32,4.39,3885
294,4.42,4.45,4.39,4.39,4829
295,4.32,4.39,4.31,4.39,4650
296,4.34,4.34,4.33,4.33,5500
297,4.38,4.38,4.35,4.35,2810
298,4.35,4.355,4.34,4.355,700
299,4.34,4.35,4.34,4.35,300
300,4.33,4.33,4.3,4.33,13636
301,4.2504,4.35,4.2504,4.35,83297
302,4.31,4.31,4.16,4.25,13014
303,4.34,4.34,4.3,4.31,600
304,4.31,4.34,4.31,4.34,500
305,4.31,4.31,4.28,4.28,326
306,4.3336,4.3336,4.32,4.332,720
307,4.34,4.35,4.33,4.35,400
308,4.33,4.33,4.31,4.31,200
309,4.35,4.35,4.35,4.35,100
310,4.33,4.35,4.33,4.35,700
311,4.32,4.33,4.32,4.33,800
312,4.34,4.34,4.34,4.34,100
313,4.33,4.33,4.33,4.33,100
314,4.32,4.32,4.32,4.32,400
315,4.35,4.35,4.33,4.33,200
316,4.23,4.35,4.22,4.35,53189
317,4.3,4.3,4.2636,4.2636,2500
318,4.33,4.33,4.3,4.32,2200
319,4.3,4.3,4.3,4.3,700
320,4.26,4.33,4.22,4.32,31442
321,4.285,4.285,4.27,4.27,400
322,4.31,4.31,4.28,4.28,1200
323,4.3,4.33,4.24,4.33,6300
324,4.28,4.28,4.25,4.25,1300
325,4.3,4.3,4.29,4.29,2321
326,4.33,4.34,4.33,4.33,700
327,4.34,4.35,4.32,4.33,8985
432,4.26,4.26,4.26,4.26,61647
433,4.2524,4.26,4.23,4.2343,2281
434,4.35,4.35,4.25,4.27,2600
435,4.37,4.37,4.34,4.34,1050
436,4.33,4.3624,4.33,4.33,4746
437,4.33,4.33,4.33,4.33,600
438,4.28,4.31,4.28,4.31,1191
439,4.25,4.28,4.25,4.28,10757
440,4.23,4.24,4.23,4.24,1200
441,4.245,4.25,4.2264,4.2264,7700
442,4.25,4.26,4.24,4.26,7200
443,4.24,4.25,4.24,4.25,3041
444,4.17,4.25,4.17,4.2488,81489
445,4.18,4.19,4.17,4.19,5900
446,4.18,4.18,4.18,4.18,300
447,4.19,4.1921,4.19,4.19,2393
448,4.22,4.22,4.21,4.21,1600
449,4.2301,4.24,4.21,4.22,7031
450,4.25,4.25,4.25,4.25,300
451,4.28,4.28,4.2401,4.2599,2100
452,4.23,4.28,4.23,4.28,3800
453,4.2287,4.2399,4.22,4.22,3400
454,4.23,4.23,4.23,4.23,700
455,4.27,4.27,4.25,4.25,1400
456,4.27,4.3,4.2699,4.2699,1000
457,4.27,4.27,4.27,4.27,300
458,4.27,4.29,4.27,4.29,800
459,4.27,4.29,4.27,4.27,700
460,4.27,4.29,4.27,4.29,500
461,4.2756,4.28,4.25,4.27,3700
462,4.29,4.29,4.29,4.29,400
463,4.29,4.31,4.29,4.31,800
464,4.31,4.31,4.29,4.31,1200
465,4.31,4.31,4.29,4.3,1900
466,4.32,4.32,4.3065,4.3199,1100
467,4.32,4.32,4.2965,4.32,2800
468,4.31,4.32,4.3,4.3,1646
469,4.37,4.37,4.31,4.31,39347
470,4.4199,4.45,4.36,4.39,34243
471,4.43,4.45,4.405,4.41,93808
864,4.5,4.5,4.5,4.5,4555
865,4.45,4.45,4.45,4.45,100
866,4.475,4.53,4.44,4.44,600
867,4.52,4.52,4.42,4.44,8300
868,4.5146,4.5146,4.5146,4.5146,177
869,4.56,4.63,4.4501,4.53,13569
870,4.45,4.6,4.36,4.56,61166
871,4.5,4.52,4.45,4.45,8600
872,4.46,4.54,4.45,4.5101,5289
873,4.52,4.54,4.4501,4.48,10736
874,4.55,4.55,4.5001,4.53,3700
875,4.52,4.54,4.52,4.52,1200
876,4.5,4.53,4.5,4.5286,5400
877,4.5,4.5001,4.49,4.49,3500
878,4.56,4.56,4.54,4.54,200
879,4.57,4.57,4.57,4.57,100
880,4.6,4.6,4.56,4.56,4626
881,4.6,4.6,4.57,4.5999,1515
882,4.6,4.64,4.6,4.6,7800
883,4.62,4.65,4.62,4.6499,2146
884,4.6225,4.6225,4.62,4.62,4800
885,4.69,4.7,4.635,4.65,42464
886,4.69,4.69,4.6783,4.68,5750
887,4.72,4.75,4.7,4.7,17410
888,4.75,4.75,4.71,4.72,16469
889,4.7314,4.75,4.7314,4.75,2564
890,4.7301,4.75,4.7301,4.75,700
891,4.732,4.74,4.71,4.74,3482
892,4.71,4.74,4.71,4.7202,1803
893,4.73,4.74,4.71,4.71,2550
894,4.73,4.74,4.7299,4.7299,4895
895,4.7,4.74,4.7,4.7198,7400
896,4.71,4.74,4.71,4.72,1900
897,4.72,4.72,4.69,4.69,15678
898,4.7032,4.73,4.68,4.725,5500
899,4.7399,4.74,4.7101,4.73,1400
900,4.75,4.75,4.73,4.74,5600
901,4.69,4.75,4.69,4.73,9194
902,4.62,4.7,4.62,4.69,26185
903,4.62,4.64,4.6,4.64,29869
a1497965400,4.63,4.63,4.63,4.63,658
1,4.5,4.62,4.35,4.62,35508
2,4.53,4.53,4.375,4.46,2079
3,4.53,4.54,4.401,4.401,4400
4,4.47,4.5,4.47,4.49,2000
5,4.55,4.55,4.54,4.54,700
6,4.56,4.56,4.56,4.56,400
7,4.55,4.57,4.53,4.56,3000
8,4.57,4.57,4.55,4.57,1400
9,4.65,4.65,4.57,4.57,3316
10,4.68,4.68,4.63,4.63,5569
11,4.69,4.69,4.66,4.69,1000
13,4.7,4.7,4.68,4.69,1750
14,4.7,4.7,4.67,4.7,900
15,4.75,4.75,4.7,4.7,8100
16,4.73,4.735,4.7,4.73,1800
17,4.725,4.746,4.7148,4.7299,6100
18,4.72,4.74,4.7101,4.7101,2300
19,4.72,4.73,4.6866,4.73,5285
20,4.73,4.75,4.7101,4.7101,5542
21,4.75,4.75,4.7253,4.7271,2100
22,4.74,4.75,4.73,4.75,1700
23,4.75,4.75,4.74,4.75,13541
24,4.815,4.815,4.75,4.75,16343
25,4.82,4.82,4.76,4.8084,6282
26,4.8058,4.8137,4.79,4.81,3960
27,4.84,4.84,4.8227,4.83,4400
28,4.84,4.8692,4.84,4.84,1670
29,4.86,4.86,4.8383,4.8383,300
30,4.82,4.859,4.82,4.85,2800
31,4.84,4.85,4.8287,4.8287,12350
32,4.81,4.86,4.81,4.84,27644
33,4.87,4.87,4.83,4.83,23475
34,4.86,4.86,4.8301,4.85,7300
35,4.8401,4.87,4.8401,4.868,3836
36,4.84,4.85,4.82,4.85,17114
37,4.8506,4.8587,4.825,4.8543,4802
38,4.84,4.85,4.84,4.84,2082
39,4.84,4.855,4.83,4.85,21841
144,4.86,4.86,4.86,4.86,1016
145,4.85,4.85,4.82,4.84,2500
146,4.9,4.9,4.88,4.88,599
147,4.9,4.95,4.8913,4.9,17800
148,5,5,4.918,4.93,78703
149,4.9301,5.03,4.93,5,17383
150,4.99,4.99,4.9201,4.9201,17513
151,5.02,5.03,4.9896,5.0164,3738
152,4.95,5.04,4.95,5.03,15280
153,4.9725,4.99,4.9001,4.92,14277
154,4.91,4.9878,4.9,4.98,3844
155,4.84,4.92,4.84,4.92,5483
156,4.751,4.84,4.75,4.82,8993
157,4.7942,4.7942,4.75,4.75,8000
158,4.81,4.8193,4.8,4.81,3700
159,4.71,4.79,4.71,4.79,3600
160,4.72,4.7299,4.71,4.7299,2900
161,4.75,4.75,4.75,4.75,500
162,4.71,4.75,4.71,4.75,900
163,4.71,4.75,4.71,4.75,300
164,4.7113,4.74,4.7113,4.72,1595
165,4.71,4.74,4.7,4.71,1000
166,4.75,4.76,4.73,4.73,13870
167,4.73,4.76,4.72,4.74,800
168,4.72,4.7208,4.71,4.72,1400
169,4.71,4.7299,4.71,4.7299,5400
170,4.75,4.75,4.71,4.71,1900
171,4.78,4.81,4.77,4.78,800
172,4.78,4.81,4.77,4.77,400
173,4.78,4.78,4.78,4.78,100
174,4.79,4.82,4.78,4.78,400
175,4.82,4.82,4.82,4.82,1000
176,4.8183,4.83,4.79,4.79,500
177,4.81,4.8299,4.8,4.8299,1308
178,4.78,4.82,4.78,4.8118,1439
179,4.78,4.805,4.75,4.805,2000
180,4.7964,4.7964,4.77,4.78,1600
181,4.77,4.77,4.76,4.76,400
182,4.76,4.77,4.76,4.76,1357
183,4.79,4.8,4.76,4.76,12568
288,4.79,4.79,4.79,4.79,1523
289,4.7648,4.98,4.7648,4.84,1839
290,4.75,4.76,4.74,4.76,1795
291,4.84,4.84,4.82,4.84,11685
292,4.94,4.97,4.85,4.85,30400
293,4.875,4.94,4.8601,4.94,12887
294,4.85,4.875,4.75,4.875,5751
295,4.855,4.87,4.85,4.86,4568
296,4.8,4.86,4.8,4.84,5069
297,4.74,4.78,4.74,4.78,4739
298,4.7301,4.76,4.7301,4.75,2214
299,4.75,4.78,4.75,4.77,1200
300,4.72,4.74,4.72,4.7301,4109
301,4.73,4.75,4.71,4.75,850
302,4.704,4.74,4.69,4.73,10574
303,4.75,4.75,4.72,4.72,500
304,4.74,4.75,4.74,4.75,5522
305,4.74,4.75,4.7345,4.74,4100
306,4.75,4.75,4.7308,4.7308,500
307,4.775,4.79,4.75,4.75,8600
308,4.7928,4.8,4.78,4.78,12300
309,4.8,4.8,4.7968,4.8,19650
310,4.8,4.8,4.7901,4.791,3800
311,4.8,4.8,4.79,4.8,900
312,4.8,4.8,4.8,4.8,200
313,4.8,4.8,4.78,4.8,1250
314,4.8,4.8,4.8,4.8,400
315,4.84,4.84,4.79,4.79,2650
316,4.85,4.85,4.8301,4.8363,1435
317,4.84,4.85,4.84,4.85,1100
318,4.85,4.85,4.85,4.85,200
319,4.85,4.85,4.85,4.85,1300
320,4.85,4.85,4.845,4.845,800
321,4.86,4.86,4.86,4.86,300
322,4.8708,4.9,4.8708,4.9,1453
323,4.88,4.9,4.88,4.89,1200
324,4.9,4.9,4.88,4.88,2200
325,4.9,4.93,4.89,4.92,7326
326,4.88,4.9,4.88,4.89,2103
327,4.82,4.88,4.76,4.88,56010
432,4.8,4.8,4.8,4.8,1269
433,4.8368,4.8368,4.7801,4.81,1182
434,4.7464,4.8,4.73,4.8,7750
435,4.79,4.8,4.77,4.77,8830
436,4.83,4.83,4.8,4.8,8751
437,4.8499,4.8712,4.8403,4.8403,2500
438,4.83,4.85,4.78,4.85,4694
439,4.84,4.85,4.84,4.85,700
440,4.84,4.8499,4.8389,4.845,1400
441,4.8399,4.8399,4.8399,4.8399,100
442,4.8499,4.8499,4.8387,4.84,5600
443,4.83,4.8335,4.82,4.82,1520
444,4.81,4.82,4.81,4.82,2500
445,4.82,4.8299,4.8,4.8299,700
446,4.7899,4.7899,4.7899,4.7899,100
447,4.76,4.7824,4.76,4.7824,1100
448,4.76,4.775,4.72,4.72,5993
449,4.755,4.765,4.75,4.765,2305
450,4.76,4.79,4.76,4.77,1000
451,4.75,4.78,4.75,4.75,2020
452,4.76,4.76,4.76,4.76,100
453,4.79,4.79,4.79,4.79,200
454,4.83,4.83,4.8,4.8,5200
455,4.83,4.84,4.83,4.84,500
456,4.83,4.84,4.82,4.82,400
457,4.85,4.85,4.83,4.83,11611
458,4.85,4.85,4.85,4.85,100
459,4.84,4.84,4.825,4.825,300
460,4.845,4.8479,4.84,4.84,300
461,4.84,4.85,4.84,4.85,600
462,4.85,4.85,4.85,4.85,600
463,4.85,4.85,4.85,4.85,8450
464,4.88,4.9,4.86,4.86,950
465,4.88,4.9006,4.8201,4.86,2302
466,4.82,4.8904,4.82,4.8701,10639
467,4.79,4.83,4.79,4.8092,3614
468,4.79,4.82,4.79,4.8,1700
469,4.795,4.825,4.795,4.81,8400
470,4.85,4.86,4.79,4.8,11400
471,4.87,4.92,4.81,4.86,194313
864,4.89,4.89,4.89,4.89,2003
865,4.8,4.9145,4.8,4.89,3021
866,4.71,4.845,4.71,4.773,6647
867,4.88,4.94,4.71,4.78,9208
868,4.9,4.92,4.89,4.9053,2300
869,4.92,4.92,4.8877,4.8877,5700
870,4.91,4.935,4.8784,4.9,5000
871,4.87,4.88,4.87,4.88,200
872,4.84,4.88,4.81,4.88,1300
873,4.83,4.85,4.83,4.84,600
874,4.85,4.85,4.82,4.82,52623
875,4.84,4.87,4.84,4.85,18179
876,4.84,4.88,4.84,4.84,3000
877,4.86,4.88,4.86,4.88,200
878,4.9,4.9,4.86,4.86,3390
879,4.8659,4.9,4.8659,4.9,1000
880,4.9,4.9,4.9,4.9,100
881,4.92,4.92,4.88,4.9,16300
882,4.947,4.95,4.92,4.92,1350
883,4.95,4.95,4.95,4.95,4333
884,4.9254,4.95,4.9254,4.95,4200
885,4.95,4.95,4.92,4.92,668
886,4.95,4.95,4.95,4.95,100
887,4.92,4.97,4.92,4.96,3630
888,4.96,4.96,4.96,4.96,300
889,4.93,4.97,4.92,4.97,1800
890,4.91,4.93,4.91,4.92,996
891,4.93,4.94,4.9001,4.94,4000
892,4.9301,4.95,4.9301,4.95,11359
893,4.94,4.95,4.94,4.95,700
894,4.95,4.98,4.95,4.96,6756
895,5,5,4.97,4.97,23954
896,4.99,5,4.96,5,6600
897,4.9792,5.032,4.97,5,29660
898,4.99,4.99,4.9899,4.99,7100
899,5,5,4.995,4.995,2400
900,4.9901,5,4.99,5,3400
901,4.99,5,4.97,4.99,31553
902,4.97,5,4.95,5,8956
903,4.98,4.98,4.95,4.98,20438
a1498570200,5.05,5.05,5.05,5.05,32672
1,4.9,5.05,4.851,5.03,14804
2,4.85,4.9444,4.85,4.93,6115
3,4.91,4.96,4.8868,4.8927,6678
4,4.93,4.99,4.91,4.92,1700
5,4.86,4.91,4.85,4.9,5017
6,4.74,4.87,4.74,4.86,34075
7,4.85,4.85,4.67,4.73,10725
8,4.8499,4.88,4.76,4.85,107345
9,4.87,4.8751,4.8451,4.85,2818
10,4.84,4.86,4.81,4.86,1222
11,4.84,4.84,4.82,4.82,3600
12,4.84,4.85,4.83,4.84,3300
13,4.9,4.92,4.84,4.85,7700
14,4.89,4.92,4.89,4.92,600
15,4.9,4.92,4.89,4.9,2950
16,4.91,4.95,4.86,4.89,18160
17,4.91,5,4.9,4.9,23585
18,4.9,4.925,4.8883,4.925,5700
19,4.84,4.88,4.84,4.88,7000
20,4.87,4.9,4.82,4.85,20805
21,4.89,4.96,4.89,4.89,12274
22,4.89,4.9,4.89,4.9,1200
23,4.87,4.885,4.87,4.88,3600
24,4.89,4.92,4.88,4.88,1330
25,4.85,4.88,4.85,4.88,600
26,4.83,4.875,4.8,4.875,7116
27,4.82,4.84,4.8,4.83,28030
28,4.84,4.84,4.8,4.82,29351
29,4.82,4.82,4.801,4.81,7200
30,4.82,4.83,4.82,4.83,300
31,4.85,4.85,4.85,4.85,100
32,4.84,4.84,4.83,4.83,200
33,4.89,4.89,4.89,4.89,300
34,4.88,4.89,4.88,4.89,7023
35,4.89,4.89,4.88,4.89,300
36,4.88,4.88,4.88,4.88,200
37,4.82,4.86,4.81,4.86,1668
38,4.8499,4.8499,4.81,4.81,2063
39,4.81,4.83,4.8,4.83,45219
144,4.86,4.86,4.86,4.86,813
145,4.81,4.82,4.81,4.82,400
146,4.85,4.86,4.83,4.83,11384
147,4.85,4.86,4.8,4.82,19200
148,4.9,4.9,4.85,4.89,9902
149,4.94,4.95,4.91,4.91,5600
150,4.94,4.98,4.93,4.95,5764
151,4.94,4.96,4.92,4.93,4878
152,4.93,4.96,4.93,4.95,3700
153,4.88,4.94,4.87,4.92,12800
154,4.89,4.89,4.86,4.87,2300
155,4.89,4.9,4.86,4.87,1590
156,4.88,4.89,4.85,4.88,4500
157,4.84,4.85,4.84,4.85,10701
158,4.81,4.84,4.81,4.84,8899
159,4.84,4.84,4.8351,4.84,1700
160,4.85,4.87,4.85,4.87,1300
161,4.85,4.86,4.85,4.85,3200
162,4.83,4.87,4.83,4.86,4075
163,4.84,4.84,4.81,4.83,1300
164,4.87,4.87,4.84,4.84,800
165,4.89,4.89,4.86,4.89,900
166,4.87,4.89,4.84,4.89,1000
167,4.83,4.87,4.83,4.84,800
168,4.84,4.85,4.83,4.85,1664
169,4.89,4.89,4.88,4.88,3000
170,4.88,4.9,4.88,4.88,21100
171,4.86,4.9,4.84,4.89,3500
172,4.89,4.89,4.89,4.89,700
173,4.89,4.89,4.87,4.89,1800
174,4.855,4.9,4.84,4.9,2800
175,4.87,4.87,4.83,4.86,6880
176,4.87,4.89,4.87,4.89,837
177,4.9,4.9,4.87,4.87,2100
178,4.96,4.96,4.89,4.8999,39975
179,4.94,4.96,4.9249,4.955,9340
180,4.92,4.96,4.91,4.96,4145
181,4.91,4.93,4.91,4.91,5900
182,4.91,4.911,4.9,4.91,7469
183,4.9,4.92,4.89,4.91,50848
288,4.91,4.91,4.91,4.91,546
289,4.862,4.95,4.862,4.94,3465
290,4.84,4.84,4.805,4.805,1770
291,4.82,4.85,4.82,4.83,3000
292,4.83,4.85,4.83,4.84,4100
293,4.895,4.895,4.84,4.87,500
294,4.89,4.93,4.89,4.9,600
295,4.9,4.93,4.9,4.93,300
296,4.93,4.93,4.93,4.93,300
297,4.94,4.95,4.93,4.93,1800
298,4.92,4.94,4.92,4.94,1700
299,4.9,4.91,4.89,4.91,2442
300,4.91,4.91,4.9,4.91,1000
301,4.82,4.91,4.82,4.91,58589
302,4.79,4.8227,4.75,4.82,7975
303,4.7141,4.8,4.7,4.75,11755
304,4.73,4.77,4.69,4.73,5000
305,4.83,4.83,4.73,4.73,4987
306,4.83,4.85,4.76,4.81,20573
307,4.79,4.79,4.7263,4.78,61685
308,4.7572,4.85,4.7572,4.85,1700
309,4.77,4.79,4.77,4.79,300
311,4.7872,4.81,4.78,4.78,5200
312,4.84,4.8551,4.82,4.82,1400
313,4.85,4.85,4.83,4.84,1300
314,4.832,4.88,4.81,4.87,3600
315,4.75,4.86,4.75,4.86,4150
316,4.83,4.83,4.75,4.75,3189
317,4.84,4.88,4.83,4.83,400
318,4.82,4.82,4.82,4.82,200
319,4.8,4.83,4.8,4.83,1118
320,4.86,4.86,4.815,4.815,480
321,4.87,4.9,4.86,4.86,2600
322,4.87,4.88,4.87,4.87,1100
323,4.821,4.86,4.82,4.86,2600
324,4.855,4.88,4.761,4.82,4012
325,4.935,4.95,4.831,4.831,11420
326,4.95,4.96,4.92,4.95,11281
327,4.98,4.98,4.94,4.95,55351
432,4.98,4.98,4.98,4.98,5275
433,4.88,4.98,4.88,4.98,1247
434,4.88,4.94,4.86,4.94,4900
435,4.86,4.87,4.85,4.87,1643
436,4.87,4.87,4.85,4.86,1913
437,4.86,4.88,4.83,4.86,2841
438,4.84,4.87,4.83,4.86,9700
439,4.85,4.85,4.84,4.84,3028
440,4.85,4.85,4.84,4.85,500
441,4.845,4.85,4.84,4.84,8046
442,4.85,4.85,4.84,4.85,1500
443,4.8998,4.93,4.85,4.85,15468
444,4.9,4.92,4.9,4.91,2900
445,4.9,4.9,4.89,4.9,1018
446,4.86,4.89,4.85,4.89,3200
447,4.88,4.88,4.87,4.87,2000
448,4.84,4.89,4.84,4.87,6100
449,4.83,4.85,4.83,4.84,3600
450,4.85,4.85,4.84,4.8499,1225
451,4.84,4.86,4.84,4.84,500
452,4.86,4.86,4.86,4.86,500
453,4.83,4.8627,4.81,4.8627,22800
454,4.83,4.86,4.83,4.83,2770
455,4.8,4.84,4.8,4.84,4550
456,4.78,4.8,4.78,4.8,1100
457,4.79,4.79,4.78,4.79,2277
458,4.76,4.79,4.76,4.79,8676
459,4.78,4.78,4.78,4.78,300
460,4.78,4.8,4.78,4.79,900
461,4.79,4.79,4.7798,4.789,10154
462,4.79,4.8,4.7856,4.7856,1300
463,4.79,4.8,4.785,4.795,1500
464,4.8,4.8,4.79,4.79,300
465,4.8,4.8,4.79,4.79,800
466,4.78,4.8,4.78,4.8,9300
467,4.79,4.79,4.78,4.78,900
468,4.78,4.78,4.78,4.78,800
469,4.78,4.79,4.76,4.76,8115
470,4.76,4.78,4.75,4.78,2984
471,4.75,4.77,4.7499,4.76,17796
864,4.77,4.77,4.77,4.77,2206
865,4.755,4.78,4.7201,4.78,2241
866,4.73,4.76,4.7,4.76,4400
867,4.59,4.71,4.57,4.7,37325
868,4.67,4.67,4.63,4.63,900
869,4.65,4.65,4.62,4.62,500
870,4.6348,4.6348,4.6348,4.6348,100
871,4.6,4.65,4.6,4.65,1701
873,4.6,4.6,4.6,4.6,100
874,4.49,4.57,4.44,4.57,25329
875,4.5174,4.5174,4.49,4.49,300
876,4.57,4.57,4.5,4.505,2400
877,4.602,4.602,4.602,4.602,3845
878,4.64,4.64,4.6,4.6,2600
879,4.63,4.63,4.6,4.6297,3178
880,4.63,4.63,4.63,4.63,475
881,4.65,4.65,4.64,4.64,1200
883,4.64,4.64,4.64,4.64,100
884,4.66,4.67,4.63,4.63,1540
885,4.7,4.74,4.66,4.66,16072
a1499261400,4.64,4.64,4.64,4.64,1504
1,4.62,4.64,4.62,4.64,1700
2,4.51,4.6179,4.5,4.6,27792
3,4.55,4.58,4.53,4.54,900
4,4.54,4.56,4.53,4.54,4400
5,4.54,4.59,4.54,4.59,1200
6,4.54,4.6,4.54,4.58,10700
7,4.56,4.59,4.54,4.54,900
8,4.58,4.59,4.56,4.56,1100
9,4.605,4.605,4.56,4.56,800
10,4.61,4.61,4.57,4.58,7208
11,4.6,4.61,4.59,4.61,900
12,4.56,4.64,4.56,4.64,800
13,4.56,4.59,4.55,4.56,2200
14,4.63,4.63,4.56,4.56,900
15,4.54,4.57,4.51,4.57,6200
16,4.54,4.59,4.49,4.5,13239
17,4.54,4.54,4.52,4.54,2000
18,4.54,4.59,4.51,4.54,1000
19,4.56,4.575,4.53,4.53,1900
20,4.54,4.55,4.51,4.52,3593
21,4.56,4.58,4.55,4.55,2984
22,4.55,4.56,4.55,4.56,800
23,4.61,4.62,4.55,4.55,1000
24,4.53,4.59,4.53,4.59,800
25,4.55,4.5632,4.51,4.52,850
26,4.52,4.555,4.52,4.55,700
27,4.51,4.5264,4.51,4.51,890
28,4.51,4.56,4.51,4.52,900
29,4.52,4.55,4.51,4.51,800
30,4.52,4.54,4.51,4.51,800
31,4.52,4.54,4.51,4.51,900
32,4.54,4.56,4.51,4.51,5975
33,4.52,4.56,4.51,4.54,6000
34,4.54,4.56,4.51,4.51,600
35,4.53,4.58,4.51,4.51,1000
36,4.525,4.56,4.51,4.53,1250
37,4.59,4.59,4.55,4.55,1646
38,4.58,4.61,4.55,4.55,2200
39,4.61,4.65,4.58,4.58,56192
