EXCHANGE%3DNASDAQ
MARKET_OPEN_MINUTE=570
MARKET_CLOSE_MINUTE=960
INTERVAL=600
COLUMNS=DATE,CLOSE,HIGH,LOW,OPEN,VOLUME
DATA=
TIMEZONE_OFFSET=-240
a1493127000,54.7,54.7,54.7,54.7,989
1,54.7,55,54.6,54.9,2000
2,54.7,54.7,54.65,54.7,2100
3,54.7079,54.7079,54.7079,54.7079,220
4,54.725,54.75,54.65,54.725,2107
5,54.75,54.75,54.65,54.725,1100
6,54.55,54.7,54.5,54.7,3300
7,54.45,54.5,54.45,54.5,1600
8,54.15,54.3,54.15,54.3,1827
9,54,54.1,54,54.1,862
10,53.8,54.05,53.8,54,2400
11,54.15,54.15,53.825,53.9,4418
12,54.05,54.1,54,54.1,1700
13,54.05,54.15,54,54,2700
14,54.3,54.3,54.1,54.15,2110
15,54.3,54.3,54.25,54.3,300
16,54.3,54.35,54.2001,54.2001,7215
17,54.3,54.3,54.2,54.25,2999
18,54.3,54.35,54.25,54.3,5200
19,54.3,54.35,54.25,54.35,2100
20,54.4,54.45,54.35,54.35,7600
21,54.45,54.45,54.4,54.4,2500
22,54.5,54.55,54.45,54.45,2700
23,54.55,54.7,54.55,54.55,2906
24,54.75,54.75,54.55,54.55,6159
25,54.5,54.65,54.5,54.65,3757
26,54.55,54.55,54.5,54.5,756
27,54.625,54.675,54.55,54.55,7050
28,54.55,54.6,54.55,54.6,1888
29,54.55,54.625,54.5,54.55,5674
30,54.4001,54.55,54.4,54.5,2353
31,54.4,54.4375,54.4,54.4,1000
32,54.4875,54.5,54.4,54.4,3450
33,54.3,54.475,54.3,54.475,3200
34,54.45,54.45,54.4,54.4,2400
35,54.35,54.5,54.3,54.5,5917
36,54.25,54.35,54.25,54.35,1574
37,54.225,54.25,54.2,54.25,5430
38,54.175,54.25,54.1,54.2375,12624
39,54.1,54.2,54.05,54.175,44170
144,54.1,54.1,54.1,54.1,464
145,54.1,54.9,53.8,53.95,3900
146,53.8,54,53.8,54,1408
147,53.95,54,53.85,53.95,2049
148,53.85,54,53.85,54,3027
149,53.9,53.9,53.85,53.9,3926
150,54,54.05,53.85,53.925,6036
151,53.7,54,53.55,54,9103
152,53.65,53.75,53.6,53.75,3600
153,53.75,53.85,53.7,53.75,3722
154,53.85,53.8501,53.8,53.85,2000
155,53.75,53.85,53.65,53.8,9826
156,53.75,53.85,53.7,53.7,13723
157,53.7875,53.85,53.7,53.7,6821
158,53.75,53.8,53.65,53.75,5600
159,53.75,53.75,53.6,53.75,1400
160,53.75,53.75,53.7,53.7,800
161,53.7,53.8,53.7,53.75,3418
162,53.85,53.85,53.75,53.75,2400
163,53.75,53.85,53.75,53.85,4612
164,53.75,53.85,53.65,53.75,3822
165,53.8,53.85,53.75,53.75,4075
166,53.8,53.85,53.8,53.85,800
167,53.75,53.851,53.75,53.825,6499
168,53.8,53.85,53.75,53.75,11141
169,53.8,53.85,53.75,53.8,7152
170,53.75,53.85,53.75,53.8,11027
171,53.7,53.85,53.7,53.8,2600
172,53.65,53.775,53.65,53.7,2830
173,53.9,53.9,53.65,53.65,7200
174,53.85,53.9,53.75,53.85,15372
175,53.85,53.9,53.8,53.9,1431
176,53.9,53.95,53.8,53.9,17629
177,53.85,54,53.85,53.9,8705
178,53.8,53.9,53.75,53.85,12436
179,53.85,53.9,53.75,53.8,4640
180,53.9,53.9,53.8,53.85,5946
181,53.775,53.95,53.75,53.925,17553
182,53.7,53.75,53.6,53.75,11291
183,53.65,53.7,53.5,53.7,54103
288,53.85,53.85,53.85,53.85,1048
289,53.95,54.9,53.95,54.9,5220
290,54.125,54.2,53.8,53.95,21128
291,53.95,54.075,53.95,54.05,1700
292,54.3,54.3,54,54,12406
293,54.35,54.4,54.2,54.3,4544
294,54.25,54.4,54.15,54.4,5437
295,54.05,54.25,53.95,54.25,4306
296,53.9,54,53.9,54,2000
297,53.7551,54,53.75,53.95,5557
298,53.9,54,53.75,53.8,4500
299,53.8,53.95,53.7375,53.95,7250
300,53.6,53.8,53.6,53.8,4286
301,53.25,53.55,53.25,53.55,5683
302,52.865,53.25,52.75,53.2,31875
303,52.975,53,52.9,52.975,16200
304,52.9,53,52.9,52.95,10699
305,52.8,52.927,52.8,52.85,5750
306,52.8,52.9,52.7961,52.7961,4648
307,52.9,53,52.85,52.9,4987
308,53.15,53.15,52.85,52.95,7300
309,53.3,53.35,53.1,53.1,6159
310,53.05,53.3,53.05,53.3,7362
311,52.85,53.1,52.85,53.05,6700
312,53.1,53.1,52.95,53,3600
313,53,53.1,53,53.1,4980
314,53,53.1,52.95,53.1,5455
315,52.95,53.05,52.9,53,6498
316,52.95,52.95,52.9,52.95,2401
317,53,53.1,52.95,53,5661
318,52.9,53.1,52.9,53.05,7317
319,53,53,52.95,53,6100
320,53.15,53.2,52.95,53,23063
321,53.2,53.3,53.05,53.1,28314
322,53.225,53.25,53.15,53.2,16088
323,53.15,53.25,53.1,53.25,12247
324,53.025,53.2,53,53.1,14449
325,53.25,53.251,53,53,34944
326,53.35,53.35,53.25,53.25,22152
327,53.35,53.4,53.25,53.4,77039
432,53.4,53.4,53.4,53.4,1210
433,53.1,53.85,53.05,53.85,9370
434,53.3,53.3,53.1,53.1,3800
435,53.25,53.3,53.25,53.25,1950
436,52.8,53.2,52.65,53.2,6972
437,52.65,52.8,52.6,52.8,2800
438,52.25,52.6,52.25,52.6,5690
439,52.1,52.25,52.1,52.25,3500
440,51.95,52.15,51.95,52.1,2334
441,52,52.075,51.9,51.9001,6119
442,51.9,52.1,51.875,52,8221
443,51.6,51.95,51.575,51.875,12900
444,51.525,51.6,51.5,51.6,4800
445,51.4,51.5,51.35,51.45,5788
446,51.35,51.4,51.3,51.35,4367
447,51.6,51.6,51.3,51.35,10101
448,51.8,51.8999,51.6,51.6,2800
449,51.7777,51.85,51.7,51.7999,3375
450,51.8,51.9,51.75,51.75,1600
451,51.7,51.9,51.7,51.9,2600
452,51.9,51.9,51.65,51.7,3435
453,51.9,51.9,51.8,51.9,2546
454,52.05,52.1,51.85,51.95,4510
455,52.15,52.15,52,52.025,3969
456,52.25,52.25,52.1,52.15,13385
457,52.2,52.35,52.15,52.25,7100
458,52.1,52.2,52.1,52.175,4398
459,52.2,52.2,52,52.05,2900
460,52.066,52.2,52.066,52.2,7714
461,52.05,52.25,52.025,52.05,15543
462,52.075,52.1,52.05,52.05,3265
463,52.05,52.1,52.025,52.05,4875
464,52.1,52.125,52.05,52.05,5600
465,51.825,52.1,51.8,52.075,12419
466,51.75,51.875,51.75,51.8,7300
467,51.775,51.85,51.75,51.75,18039
468,51.9,51.9,51.75,51.75,12313
469,51.925,52.05,51.85,51.9,13514
470,52,52.15,51.825,51.9,27052
471,51.85,52.05,51.75,52,101920
864,52.1,52.1,52.1,52.1,1799
865,51.65,51.85,51.6,51.85,5100
866,51.525,51.75,51.45,51.65,5572
867,51.6,51.65,51.35,51.525,9234
868,51.525,51.65,51.5,51.6,7325
869,51.65,51.65,51.4,51.525,22136
870,51.7,51.725,51.55,51.65,4000
871,51.9,52.05,51.725,51.75,10848
872,52.0001,52.05,51.9,51.9,6100
873,51.85,51.95,51.8,51.95,5031
874,51.8,51.9,51.75,51.825,14047
875,51.8,51.9,51.75,51.8,5100
876,51.95,52,51.8,51.8,3280
877,51.65,51.9,51.65,51.9,5635
878,51.8,51.8,51.65,51.675,5542
879,51.8,51.85,51.65,51.75,3450
880,52,52,51.8,51.8,4800
881,51.9,52.0499,51.85,52.0499,3900
882,51.85,51.95,51.85,51.95,3213
883,51.825,51.825,51.8,51.8,2900
884,51.775,51.9,51.725,51.85,5870
885,51.85,51.9,51.675,51.725,9010
886,51.875,51.9,51.8,51.85,4276
887,51.9,51.95,51.85,51.875,6986
888,52.05,52.05,51.9,51.9,5000
889,52.0285,52.05,52,52.025,2966
890,52.1,52.2,52.05,52.05,8684
891,52.3,52.3,52.1,52.1,4126
892,52.05,52.25,52.05,52.25,19895
893,51.9,52.05,51.85,52.05,14024
894,52,52.025,51.9,51.925,3670
895,52.05,52.125,52.025,52.05,6490
896,51.9,52.05,51.875,52.05,6400
897,51.875,52,51.85,51.9,5904
898,52,52.05,51.85,51.875,6937
899,51.975,52.05,51.95,51.975,9400
900,51.925,51.975,51.9,51.975,6118
901,51.8,51.925,51.8,51.9,10910
902,51.9,51.9,51.75,51.75,25861
903,51.9,51.95,51.8,51.875,53111
a1493731800,52.05,52.05,52.05,52.05,503
1,51.95,52.1,51.85,51.85,3300
2,51.6984,51.9,51.6984,51.9,2310
3,51.3,51.7597,51.3,51.7,1905
4,51.25,51.45,51.25,51.3,4610
5,51.2,51.3,51.1,51.25,8013
6,51.25,51.3,51.1,51.15,6081
7,51.1767,51.25,51.15,51.2,4600
8,51.25,51.45,51.2,51.2,8063
9,51.2,51.25,51.175,51.25,4403
10,51.15,51.25,51.15,51.2,4322
11,51.15,51.2,51.15,51.15,10814
12,51.15,51.2,51.1,51.15,5893
13,51.45,51.45,51.125,51.15,6200
14,51.2,51.4,51.2,51.4,6892
15,51.25,51.25,51.15,51.225,5475
16,51.3,51.35,51.25,51.2908,5407
17,51.375,51.375,51.35,51.35,2499
18,51.45,51.45,51.4,51.4,3079
19,51.55,51.55,51.5,51.5,2019
20,51.55,51.575,51.55,51.55,2200
21,51.3,51.575,51.25,51.575,11387
22,51.25,51.35,51.25,51.35,4100
23,51.2,51.25,51.15,51.25,3901
24,51.2,51.225,51.15,51.2,5800
25,51.075,51.2,51.075,51.2,12244
26,51.125,51.15,51,51.1,8945
27,51,51.101,51,51.1,5901
28,51.1,51.15,51.05,51.1,4500
29,51.025,51.15,51,51.125,7803
30,50.8,51.05,50.8,51.025,12413
31,51.025,51.05,50.75,50.825,21989
32,51.025,51.1,51.0001,51.0158,8267
33,50.925,51.025,50.85,51.025,11627
34,50.85,50.975,50.7,50.9,47175
35,50.725,50.85,50.725,50.8,17641
36,50.625,50.75,50.6,50.75,14674
37,50.5,50.7,50.45,50.625,33618
38,50.7,50.7,50.475,50.525,27427
39,50.6,50.7,50.5,50.7,100492
144,50.3,50.3,50.3,50.3,2216
145,50.55,50.55,50.35,50.35,4400
146,50.55,50.75,50.4,50.55,12700
147,50.65,50.9,50.55,50.6,6933
148,50.7,50.75,50.6,50.65,3200
149,50.7,50.75,50.625,50.65,6664
150,50.725,50.725,50.625,50.7,10585
151,50.55,50.725,50.55,50.7,6536
152,50.65,50.65,50.55,50.55,2300
153,50.625,50.625,50.575,50.6,4056
154,50.65,50.65,50.5,50.65,5442
155,50.65,50.75,50.55,50.6,11162
156,50.7,50.7375,50.6,50.6,4243
157,50.725,50.8,50.7,50.75,6133
158,50.7,50.75,50.675,50.725,7400
159,50.675,50.725,50.65,50.725,9200
160,50.65,50.7,50.65,50.675,4600
161,50.6,50.65,50.6,50.65,3879
162,50.725,50.75,50.6,50.6,3750
163,50.7875,50.7875,50.75,50.75,2657
164,50.75,50.8,50.7,50.75,1900
165,50.775,50.8,50.75,50.8,2900
166,50.8,50.9,50.75,50.75,5480
167,51,51,50.8,50.8,5818
168,51.05,51.1,51.025,51.05,4167
169,51.175,51.2,51.05,51.1,2900
170,51.125,51.2,51.1,51.175,3600
171,51.35,51.4,51.075,51.1,17107
172,51.35,51.375,51.2,51.375,9400
173,51.3229,51.45,51.3,51.3,10716
174,51.2,51.3638,51.2,51.35,5147
175,51.05,51.25,51.05,51.25,11559
176,51.05,51.15,51,51.075,13678
177,51.05,51.15,51.05,51.075,10512
178,50.825,51.075,50.8,51.075,18675
179,50.85,50.85,50.7,50.825,18930
180,50.825,50.95,50.75,50.85,23780
181,50.875,50.9,50.7,50.825,26723
182,51.0375,51.05,50.8,50.875,45627
183,51.2,51.25,50.95,51.0375,74468
288,51.45,51.45,51.45,51.45,1073
289,52.1,52.575,51.7,51.85,15380
290,51.8,52.05,51.8,52,17700
291,51.5,51.85,51.5,51.75,6208
292,51.55,51.65,51.4,51.5,17082
293,51.5,51.6,51.4,51.55,13000
294,51.4,51.5,51.3,51.5,7365
295,51.35,51.5,51.35,51.45,2970
296,51.55,51.55,51.45,51.5,1861
297,51.55,51.6,51.45,51.5,2700
298,51.7,51.725,51.55,51.6,3241
299,51.7,51.75,51.65,51.75,7093
300,51.7,51.75,51.6,51.75,18297
301,51.6,51.65,51.6,51.65,300
302,51.6,51.6,51.6,51.6,500
303,51.5,51.6,51.5,51.6,300
304,51.5,51.5,51.4,51.45,2808
305,51.5,51.525,51.45,51.5,4327
306,51.55,51.55,51.55,51.55,100
307,51.55,51.55,51.5,51.55,1165
308,51.6,51.65,51.55,51.6,6770
309,51.65,51.7,51.6,51.7,5239
310,51.65,51.7,51.65,51.7,2642
311,51.65,51.7,51.65,51.675,3231
312,51.8,51.8,51.65,51.7,2400
313,51.8,51.8,51.7,51.8,3000
314,51.95,51.95,51.825,51.85,3617
315,51.85,51.9,51.8,51.9,2600
316,51.95,51.95,51.85,51.85,4000
317,51.9,52,51.85,51.925,23745
318,51.85,51.85,51.8,51.85,2800
319,51.85,51.85,51.8,51.85,6482
320,51.9,51.9,51.7874,51.85,5428
321,51.7,51.9,51.7,51.9,4114
322,51.75,51.8,51.7,51.7,5502
323,51.85,51.875,51.75,51.75,6551
324,51.9,51.925,51.875,51.875,13308
325,51.975,51.975,51.9,51.9,17285
326,52.3,52.3,52,52,15672
327,52.5,52.55,52.25,52.275,56723
432,52,52,52,52,9280
433,49.45,51.9,49.45,51.25,65262
434,50,50.25,48.95,49.4,79973
435,50.1,50.45,50,50,26314
436,49.75,50.2,49.7,50.05,37275
437,49.55,50,49.5,49.8,37439
438,49.2499,49.6,49.15,49.5,32682
439,49.2,49.3,48.85,49.25,19775
440,49.45,49.5,49.1499,49.1499,22536
441,49.75,49.85,49.425,49.425,22807
442,49.65,49.75,49.55,49.7,10750
443,49.6,49.65,49.55,49.6,5200
444,49.15,49.65,49.1,49.6,31408
445,49.25,49.25,49.125,49.15,12151
446,49.5,49.55,49.2,49.2,14665
447,49.6,49.6,49.45,49.45,34100
448,49.8,49.8,49.55,49.55,31600
449,50.05,50.05,49.7997,49.8,14200
450,49.925,50,49.9,50,7135
451,49.8,49.9,49.65,49.9,7451
452,49.85,49.85,49.6,49.8,8977
453,49.8,49.851,49.7,49.85,12115
454,49.988,50.05,49.85,49.85,6400
455,50.025,50.1,49.95,50,16082
456,50,50.025,49.95,50.025,5078
457,50.1,50.15,49.975,50,17958
458,50.15,50.15,50.05,50.1,10618
459,50.45,50.45,50.1,50.2,18447
460,50.35,50.475,50.25,50.45,10797
461,50.4842,50.5,50.3592,50.4,6041
462,50.4,50.55,50.3,50.5,35437
463,50.45,50.5,50.3,50.375,11700
464,50.4,50.45,50.35,50.45,2800
465,50.3,50.4,50.3,50.4,8621
466,50.425,50.6,50.35,50.35,41078
467,50.575,50.575,50.425,50.45,16200
468,50.6,50.6,50.425,50.575,19829
469,50.45,50.6,50.4,50.575,69246
470,50.65,50.675,50.4,50.45,114615
471,51.2,51.3,50.65,50.65,173629
864,51.15,51.15,51.15,51.15,2549
865,51.2,51.55,51.1,51.1,2200
866,51.45,51.45,51.25,51.25,2100
867,51.3,51.5,51.3,51.3434,6532
868,51.4,51.549,51.33,51.33,5588
869,51.3,51.358,51.2,51.358,1450
870,51.2,51.25,51.2,51.2,1300
871,51.18,51.3,51.15,51.2,3800
872,51.3,51.4,51.2,51.2,3331
873,51.5,51.55,51.25,51.25,4875
874,51.4,51.5,51.35,51.475,3200
875,51.25,51.35,51.2,51.35,6687
876,51.2,51.3,51.15,51.2,12461
877,51.25,51.25,51.2,51.2,2373
878,51.6,51.6,51.2734,51.2734,8200
879,51.55,51.625,51.55,51.575,3519
880,51.575,51.5875,51.525,51.55,2800
881,51.575,51.6,51.525,51.55,1300
882,51.575,51.625,51.55,51.5505,5606
883,51.6814,51.7,51.575,51.6,4513
884,51.725,51.775,51.675,51.675,3400
885,51.75,51.75,51.675,51.7,2803
886,51.65,51.775,51.6,51.775,9490
887,51.5375,51.65,51.5,51.625,27223
888,51.525,51.6,51.525,51.525,2400
889,51.525,51.55,51.525,51.525,2000
890,51.525,51.55,51.525,51.55,1761
891,51.475,51.55,51.475,51.525,3132
892,51.375,51.475,51.35,51.475,8182
893,51.25,51.3625,51.25,51.35,3989
894,51.5,51.5,51.275,51.275,11816
895,51.425,51.475,51.4,51.475,6982
896,51.4,51.55,51.375,51.425,7145
897,51.5,51.5,51.425,51.425,3010
898,51.6,51.6,51.435,51.5,9767
899,51.7,51.7,51.625,51.65,2700
900,51.7,51.725,51.65,51.675,7175
901,51.675,51.7,51.65,51.7,2336
902,51.65,51.75,51.65,51.7,16030
903,51.7,51.75,51.65,51.65,44042
a1494336600,51.9,51.9,51.9,51.9,1165
1,52.075,52.45,51.85,52.2,2900
2,52.1,52.235,51.8,51.9,4600
3,52.3,52.3,52,52.075,4035
4,52.1928,52.25,52.1928,52.25,3800
5,52.25,52.25,52.1,52.2,12332
6,52.25,52.275,52.1,52.25,13599
7,52.3,52.3,52.209,52.25,7578
8,52.36,52.5,52.35,52.35,22600
9,52.55,52.6,52.4,52.4,6588
10,52.575,52.6,52.5,52.575,6800
11,52.65,52.9,52.55,52.6,9404
12,52.775,52.85,52.7,52.7,5656
13,52.9,52.9,52.725,52.775,4800
14,52.94,52.94,52.85,52.85,4700
15,53.1,53.1,52.95,52.95,3032
16,53.295,53.3,53.075,53.075,15418
17,53.3,53.35,53.25,53.275,17403
18,53.15,53.3,53.15,53.25,27300
19,53.14,53.15,53.1,53.15,3000
20,53.1499,53.15,53.1,53.15,1600
21,53.2,53.2,53.1,53.125,5100
22,53.25,53.25,53.15,53.175,2400
23,53.3,53.35,53.225,53.25,21820
24,53.2,53.275,53.15,53.25,35578
25,53.1,53.2,53,53.175,15461
26,53.1,53.15,53.05,53.1,11311
27,53,53.025,52.975,53,4100
28,53,53.05,53,53.05,7000
29,53,53.0125,52.95,52.995,6700
30,53,53.025,52.9,52.95,9443
31,52.95,53.05,52.95,53,7300
32,53,53,52.945,52.95,9100
33,53.05,53.05,52.975,52.995,2568
34,53,53.1,53,53.05,26923
35,53,53.05,52.95,53,14700
36,53,53.05,52.95,53,20961
37,52.8,53,52.8,53,18748
38,52.75,52.85,52.65,52.825,32965
39,52.9,53.05,52.725,52.75,71365
144,52.6,52.6,52.6,52.6,1031
145,52.7,52.85,52.2,52.2,1100
146,52.6973,52.95,52.6973,52.85,2325
147,52.75,52.85,52.65,52.7,2900
148,53.1,53.1,52.7625,52.7625,2114
149,53.25,53.4,53,53,30101
150,52.975,53.25,52.95,53.25,4400
151,52.95,53.095,52.85,52.9,3683
152,53,53.15,52.95,52.95,3160
153,53.05,53.05,52.95,53,2915
154,53.1,53.1499,53,53.1,5882
155,53.15,53.15,53.1,53.1,1174
156,52.95,53.15,52.95,53.15,5000
157,53,53.05,52.9,52.9999,7646
158,53,53,52.9,52.9,3007
159,53,53,53,53,1700
160,52.8818,53,52.8818,53,2799
161,52.95,53,52.925,52.9499,3100
162,52.95,53,52.95,52.95,1925
163,52.95,53.025,52.95,53,4433
164,52.96,53.025,52.9,53,2872
165,53,53.05,52.95,53,2611
166,53,53.05,53,53,2222
167,53,53,53,53,1900
168,53,53,52.9,53,7457
169,52.85,53,52.85,53,4200
170,52.95,52.95,52.9,52.9,2718
171,52.95,53,52.925,52.925,3200
172,53,53.025,52.9,53,5700
173,53,53,52.9,53,6800
174,52.975,53,52.95,53,3700
175,53.05,53.075,53,53,4421
176,53.05,53.075,53.0499,53.05,5250
177,52.925,53.05,52.9,53,4800
178,53,53,52.925,52.95,4400
179,52.921,53,52.9,53,5263
180,52.95,53.025,52.925,52.95,12800
181,52.975,53.025,52.95,53,7882
182,53.025,53.05,52.95,53,18751
183,52.8,53,52.8,53,49045
288,52.6,52.6,52.6,52.6,356
289,52.15,52.45,51.9,52,3500
290,51.8,52,51.75,51.95,4400
291,51.45,51.6,51.35,51.6,1400
292,51.2,51.4,51.2,51.3,2462
293,51.25,51.4,51.15,51.15,3900
294,51.2,51.25,51.05,51.25,6900
295,51.1,51.25,51.05,51.25,8476
296,51.15,51.2,51.15,51.15,4410
297,51,51.1,50.975,51.1,9876
298,51.05,51.1,51,51,2800
299,51,51.1054,51,51.05,2200
300,51.05,51.05,51,51.05,3800
301,50.9835,51.05,50.95,51,12900
302,51.05,51.1,50.95,51.025,6488
303,51.05,51.1,51,51,11960
304,51,51.0999,51,51.05,14500
305,51.05,51.15,50.95,51,26224
306,51.1,51.1,51.05,51.075,2438
307,51.1,51.1,51.1,51.1,200
308,51.05,51.15,51.05,51.15,9647
309,51.1,51.15,51.05,51.05,3006
310,51.1,51.1,51.1,51.1,100
311,51.1,51.1,51.05,51.1,2034
312,51.05,51.1,51,51.1,2886
313,51.05,51.1,51,51.05,3224
314,51,51.05,51,51.05,10549
315,50.9,51,50.9,51,3665
316,51,51,50.9,50.95,4403
317,51,51.05,50.95,51,4514
318,51,51.05,51,51,2900
319,51,51.05,50.95,51,2800
320,51.025,51.05,51,51,4500
321,51,51.025,50.95,51.025,3288
322,50.95,51.025,50.9,51,16050
323,50.875,51,50.875,50.95,10269
324,50.75,50.95,50.7,50.9,11669
325,50.825,50.9,50.7,50.75,24864
326,50.65,50.8,50.65,50.8,25078
327,50.475,50.675,50.4,50.625,62464
432,50.45,50.45,50.45,50.45,1207
433,49.75,50.5,49.737,50.4,13300
434,50.1,50.1,49.8,49.8,8651
435,50.25,50.25,50,50.15,6250
436,50.05,50.2,50.05,50.2,3100
437,50.3,50.35,50.05,50.075,5100
438,50.25,50.45,50.2,50.3,5600
439,50.3,50.325,50.2,50.25,3400
440,50.2,50.25,50.19,50.25,4000
441,50.2,50.3,50.1,50.25,5400
442,50.4,50.45,50.25,50.25,2800
443,50.35,50.4,50.3,50.4,3897
444,50.4,50.45,50.35,50.3863,3000
445,50.45,50.5,50.425,50.425,2100
446,50.35,50.5,50.35,50.5,3090
447,50.35,50.4,50.35,50.4,900
448,50.35,50.5,50.35,50.35,4000
449,50.4,50.45,50.325,50.35,1400
450,50.35,50.45,50.35,50.45,1500
451,50.4,50.4,50.3,50.35,1600
452,50.375,50.45,50.375,50.45,2000
453,50.4,50.4,50.3,50.35,4314
454,50.35,50.4,50.35,50.3849,4100
455,50.325,50.4,50.3,50.375,3649
456,50.3,50.35,50.3,50.3,2500
457,50.4,50.4,50.3,50.35,4178
458,50.35,50.45,50.35,50.35,5289
459,50.425,50.45,50.35,50.35,5070
460,50.35,50.4,50.35,50.4,4060
461,50.25,50.35,50.25,50.3,7700
462,50.3,50.3,50.25,50.25,1355
463,50.3,50.35,50.3,50.35,3123
464,50.25,50.35,50.25,50.325,4798
465,50.325,50.35,50.25,50.25,2847
466,50.325,50.35,50.25,50.325,5564
467,50.275,50.35,50.25,50.3,5956
468,50.275,50.35,50.275,50.3,3800
469,50.325,50.35,50.25,50.25,7549
470,50.35,50.4,50.25,50.35,10374
471,50.4,50.45,50.35,50.375,39868
864,50.35,50.35,50.35,50.35,633
865,50.55,50.6,50.3,50.4,3400
866,50.35,50.6,50.35,50.5,8100
867,50.4,50.5,50.375,50.4,8029
868,50.9,50.9,50.35,50.45,19560
869,51.1,51.1,50.9,50.9,2045
870,51.15,51.2,51.1,51.2,2132
871,51.3,51.35,51.1,51.2,2472
872,51.35,51.4,51.3,51.3,3200
873,51.5,51.5,51.4,51.4,2503
874,51.65,51.65,51.5,51.5,2400
875,51.55,51.6,51.45,51.6,1600
876,51.55,51.6,51.501,51.501,700
877,51.475,51.6,51.475,51.55,1538
878,51.425,51.45,51.4,51.45,1500
879,51.375,51.5,51.375,51.45,2000
880,51.375,51.375,51.35,51.375,300
881,51.35,51.375,51.25,51.375,2377
882,51.45,51.45,51.375,51.3999,700
883,51.5,51.55,51.4,51.4,5052
884,51.45,51.5,51.45,51.5,500
885,51.45,51.5,51.45,51.4999,600
886,51.4,51.45,51.35,51.45,1254
887,51.5,51.5,51.4,51.4,5300
888,51.45,51.475,51.442,51.442,1260
889,51.45,51.4999,51.4,51.4,1219
890,51.4,51.5,51.4,51.45,5800
891,51.3999,51.4,51.35,51.4,600
892,51.25,51.3,51.25,51.3,1400
893,51.3,51.3,51.275,51.3,1700
894,51.1,51.2999,51.1,51.2999,2061
895,51.2,51.2,51.1,51.15,2300
896,51.15,51.2,51.1,51.1,2000
897,51.1,51.15,51.1,51.1,1400
898,51.25,51.25,51.1,51.15,3504
899,51.05,51.225,51.05,51.2,3200
900,51.15,51.25,51.075,51.075,3904
901,51.175,51.35,51.15,51.15,9866
902,51.3,51.3,51.15,51.175,4922
903,51.35,51.35,51.25,51.25,40658
a1494941400,51.5,51.5,51.5,51.5,370
1,51.175,51.25,51.05,51.25,1300
2,51,51.1,50.9,51.1,2101
3,51.15,51.15,50.95,51,4599
4,51.15,51.1999,51,51.1,1700
5,51.3,51.3,51.2,51.2,2300
6,51.15,51.25,51.1,51.2,3200
7,51.05,51.15,51.05,51.15,900
8,51.15,51.15,51,51.05,3000
9,51.05,51.15,51.05,51.1,1700
10,51.25,51.3,51.1,51.1,3040
11,51.3,51.35,51.3,51.35,3300
12,51.35,51.4,51.3,51.3,4096
13,51.35,51.35,51.25,51.3,2727
14,51.4,51.4499,51.35,51.35,2100
15,51.475,51.6,51.45,51.45,4350
16,51.5,51.55,51.45,51.55,1700
17,51.5,51.5,51.45,51.475,3300
18,51.6,51.6,51.55,51.55,2513
19,51.65,51.7,51.6,51.6,3632
20,51.6,51.65,51.55,51.65,2308
21,51.5,51.6,51.5,51.6,4267
22,51.4,51.5,51.4,51.5,3000
23,51.35,51.475,51.35,51.45,5000
24,51.35,51.4,51.3,51.3,7451
25,51.35,51.4,51.35,51.35,4800
26,51.35,51.4,51.3,51.35,4400
27,51.3,51.35,51.3,51.3,5040
28,51.325,51.35,51.3,51.3,2600
29,51.35,51.4,51.299,51.3,4955
30,51.3,51.4,51.3,51.35,9945
31,51.4,51.4,51.275,51.3,5600
32,51.3,51.375,51.2375,51.375,4374
33,51.225,51.325,51.2,51.275,4700
34,51.1,51.25,51.1,51.2,6856
35,51.05,51.15,51.05,51.1,7065
36,51.225,51.25,51.05,51.05,9800
37,51.3,51.35,51.2,51.25,7533
38,51.25,51.4,51.25,51.35,10798
39,51.4,51.4,51.25,51.275,47209
144,51,51,51,51,858
145,50.8,51.15,50.8,50.85,2253
146,50.9,51.15,50.7,51.05,3400
147,50.65,50.85,50.65,50.8,1700
148,50.7,50.7,50.55,50.55,1562
149,50.65,50.75,50.6,50.75,2800
150,50.6,50.7,50.6,50.7,1254
151,50.5,50.65,50.45,50.5,3137
152,50.65,50.7,50.6,50.6,1000
153,50.65,50.65,50.55,50.55,400
154,50.6,50.6,50.35,50.55,7406
155,50.5,50.6,50.5,50.5,2293
156,50.35,50.475,50.35,50.475,2400
157,50.3999,50.45,50.35,50.4096,1200
158,50.5,50.5,50.3,50.35,4700
159,50.4501,50.55,50.4501,50.5,600
160,50.3001,50.475,50.3,50.475,5200
161,50.2001,50.35,50.2001,50.3,2395
162,50.175,50.25,50.15,50.2,3200
163,50.25,50.3,50.15,50.2,5394
164,50.15,50.2,50.15,50.2,700
165,50.2,50.25,50.15,50.2,1900
166,50.15,50.15,50.125,50.15,1991
167,50.1,50.25,50.1,50.2,5498
168,50.1501,50.2,50.1,50.1,2700
169,50.15,50.25,50.15,50.25,1500
170,50.15,50.2,50.1,50.1,1500
171,50.1,50.2,50.1,50.15,1510
172,50,50.15,49.95,50.15,8643
173,49.9,50,49.85,49.95,6853
174,49.875,50,49.875,49.95,12732
175,49.85,50,49.85,49.875,13693
176,49.85,49.95,49.8,49.85,13398
177,49.975,50,49.875,49.9,7300
178,50.025,50.05,49.875,49.975,9265
179,50.3,50.3,49.9,50.025,24991
180,50.25,50.4,50.25,50.3,8137
181,50.45,50.45,50.2,50.25,22090
182,50.1,50.45,50.1,50.425,29570
183,50,50.2,49.95,50.05,92117
288,51,51,51,51,2699
289,50.5,50.6,49.4,49.805,11289
290,50.875,51.55,50,50.6,20884
291,50.15,50.7,49.9,50.6,20591
292,50.425,50.45,50.15,50.3,8035
293,50.425,50.75,50.3,50.575,6927
294,50.7,51.05,50.3,50.4,25655
295,50.9,50.9,50.6,50.775,3300
296,50.85,50.9,50.6,50.8,7749
297,50.85,50.9,50.8,50.8,7080
298,51.2,51.25,50.8,50.8,11440
299,51.5,51.5,51.2,51.3,11646
300,51.8001,51.85,51.4,51.4,16292
301,51.9,52,51.85,51.85,8686
302,51.85,51.95,51.8,51.85,6900
303,52.1,52.35,51.8,51.85,10071
304,52,52.45,51.9982,52.15,13270
305,51.85,52.075,51.8,51.9,9117
306,51.85,51.9,51.75,51.9,6400
307,51.7,51.8,51.55,51.8,26700
308,51.9,51.9,51.7,51.75,5400
309,52.2,52.2,51.9,51.9,6696
310,52.35,52.35,51.975,52.1,16200
311,52.2,52.35,52.15,52.3,13051
312,52.25,52.25,52.15,52.2,6300
313,52.6125,52.65,52.2,52.25,13185
314,52.55,52.65,52.5,52.65,4379
315,52.9,53,52.5,52.55,26439
316,52.5,52.95,52.475,52.95,7965
317,52.2,52.5,52.175,52.5,10865
318,52.4,52.4,52.225,52.225,13335
319,52.7,52.7,52.3342,52.4,46013
320,52.475,52.8,52.4,52.7,17845
321,52.3,52.5,52.1,52.5,56088
322,52.5,52.55,52.3,52.325,17645
323,52.7,52.75,52.55,52.55,9600
324,52.75,52.775,52.6205,52.675,7237
325,52.55,52.85,52.5,52.775,13112
326,52.5,52.6,52.45,52.55,23663
327,52.25,52.5,52.15,52.5,76323
432,52.1,52.1,52.1,52.1,8819
433,51.75,51.85,50.6,51.1,6083
434,50.55,51.85,50.45,51.775,16341
435,50.3,50.775,50.15,50.25,11616
436,50.05,50.6,50.05,50.275,11961
437,50.8,51.1,50,50,21823
438,50.95,50.95,50.75,50.85,2000
439,50.95,51.05,50.9,50.95,4230
440,50.95,51.2,50.95,51,4100
441,51.25,51.4,51,51,2900
442,51.25,51.3,51.15,51.3,2900
443,51,51.3,51,51.25,8002
444,51.1,51.1,50.95,51,3779
445,51.235,51.235,51.1,51.19,4073
446,51.05,51.19,51.05,51.19,7061
447,51.1,51.15,51.05,51.1,7407
448,51,51.2,50.9,51.15,11708
449,51.05,51.1,50.9875,51,6914
450,51.15,51.15,51.075,51.1,1500
451,51.125,51.2,51.125,51.2,3600
452,51.175,51.175,51.05,51.1,5402
453,51.2,51.25,51.15,51.2,3887
454,51.225,51.25,51.15,51.175,3700
455,51.275,51.3,51.225,51.225,9300
456,51.05,51.275,51.05,51.275,14079
457,50.5,51.05,50.5,51.05,24130
458,50.35,50.525,50.25,50.525,11816
459,50.5,50.65,50.4,50.4,5951
460,50.5,50.55,50.3,50.55,8794
461,50.2,50.55,50.2,50.5,37288
462,50.1,50.225,50,50.225,14432
463,50.35,50.4,50.1,50.1,17395
464,50.8,50.8,50.35,50.35,12683
465,50.75,50.95,50.6,50.7,23542
466,50.75,50.85,50.7,50.725,17636
467,50.55,50.75,50.5,50.75,14365
468,50.1,50.5,50.1,50.5,22030
469,50.175,50.35,50.05,50.1,29497
470,50.15,50.35,50,50.2,35688
471,50.35,50.55,50.1,50.1,226085
864,50.3,50.3,50.3,50.3,1859
865,50.75,50.8,49.9,49.9,6500
866,51.125,51.2,50.7,50.75,6070
867,51.4,51.7,51.09,51.15,11700
868,51.4,51.6,51.25,51.3,7450
869,51.45,51.5,51.25,51.3,6116
870,51.65,51.65,51.4,51.4,4121
871,51.75,51.8,51.45,51.65,8964
872,51.65,51.85,51.65,51.75,4300
873,51.7,51.75,51.6,51.6,1900
874,52.025,52.05,51.65,51.7,5955
875,51.9,52.05,51.85,51.95,5042
876,52,52.1,51.9,51.9,6078
877,52,52.05,51.95,51.95,3200
878,51.8,51.95,51.8,51.95,4400
879,51.9,51.9,51.7,51.75,9007
880,51.7214,52,51.7,52,7897
881,51.8,51.8,51.75,51.75,1600
882,51.7,51.8,51.7,51.7,1100
883,51.6,51.7,51.35,51.7,10301
884,51.5,51.65,51.5,51.65,1600
885,51.5,51.55,51.45,51.5,9474
886,51.75,51.75,51.5,51.5,10765
887,51.65,51.725,51.65,51.725,2571
888,51.75,51.8,51.65,51.65,2897
889,51.7,51.8,51.65,51.8,2486
890,51.7,51.75,51.7,51.7,1499
891,51.7,51.8,51.7,51.7,3600
892,51.75,51.8,51.725,51.75,1994
893,51.75,51.825,51.75,51.8,3900
894,51.75,51.85,51.75,51.8,2200
895,51.65,51.775,51.6,51.775,4460
896,51.6,51.75,51.6,51.625,3989
897,51.5875,51.625,51.55,51.6,5109
898,51.55,51.65,51.45,51.575,11157
899,51.45,51.6,51.45,51.6,4928
900,51.5,51.5,51.35,51.45,6885
901,51.5,51.55,51.4,51.5,9259
902,51.5,51.55,51.45,51.5,8569
903,51.45,51.65,51.45,51.45,78099
a1495546200,51.35,51.35,51.35,51.35,3917
1,50.65,51.35,50.5,51.35,4186
2,50.15,50.6484,50.15,50.6484,10061
3,50.225,50.4,50.2,50.3,2402
4,50.09,50.2,50.05,50.15,4000
5,49.85,50.05,49.85,50.05,10775
6,50.125,50.199,49.75,49.85,15600
7,50.15,50.25,50.125,50.15,2971
8,50.3,50.3,50.15,50.2,7318
9,50.05,50.25,49.95,50.25,9399
10,50.1,50.1,50.05,50.05,3900
11,49.8,50.05,49.8,50.05,5867
12,49.9,49.95,49.8,49.8,4525
13,49.975,50.05,49.95,49.95,500
14,49.9,50,49.9,49.9,600
15,49.9,49.95,49.85,49.9,1400
16,49.95,49.95,49.8,49.85,2100
17,49.75,49.9,49.75,49.9,5037
18,49.75,49.85,49.65,49.75,7172
19,49.7,49.8,49.7,49.75,900
20,49.65,49.7,49.65,49.65,1400
21,49.5,49.65,49.45,49.65,2900
22,49.5,49.6,49.45,49.55,4569
23,49.55,49.6,49.5,49.55,1201
24,49.5,49.6,49.475,49.6,2600
25,49.5,49.55,49.45,49.5,1650
26,49.5,49.6,49.5,49.55,3700
27,49.7,49.7,49.5,49.6,9037
28,49.7,49.7,49.6,49.7,2165
29,49.55,49.7,49.55,49.65,1200
30,49.45,49.6275,49.45,49.6,3733
31,49.425,49.5,49.4,49.5,1424
32,49.45,49.45,49.15,49.425,14673
33,49.4,49.5,49.4,49.45,3695
34,49.3,49.45,49.25,49.45,10026
35,49.15,49.3999,49.15,49.35,4731
36,49.25,49.275,49.2,49.2,5437
37,49.2,49.3,49.1,49.2,15856
38,49,49.225,48.95,49.2,25376
39,49,49.05,48.8,49.0125,78922
144,48.9,48.9,48.9,48.9,1399
145,49.1,49.3,48.55,48.85,12042
146,49.1,49.15,48.8,49.15,5882
147,49.087,49.4,49.087,49.1499,3008
148,49,49.15,48.95,49.15,8310
149,48.995,49.026,48.95,49.026,8514
150,49.2,49.2,48.95,49,7103
151,49.1,49.2,49,49.2,7662
152,49,49.15,49,49.1,5600
153,48.95,49,48.895,49,18575
154,48.9,49,48.9,49,4456
155,48.9,48.95,48.85,48.9,4917
156,48.925,48.95,48.9,48.9,3600
157,49,49.01,48.95,48.95,12400
158,48.95,49.05,48.95,49,9105
159,48.9,49,48.85,48.95,9183
160,48.95,48.95,48.8,48.9,7937
161,48.875,48.9,48.792,48.9,3700
162,48.95,48.95,48.8573,48.8573,1132
163,48.6,48.9375,48.55,48.9,13688
164,48.59,48.6,48.5,48.55,1752
165,48.4,48.575,48.4,48.55,5000
166,48.75,48.75,48.4,48.45,7338
167,48.5,48.7001,48.45,48.7,5800
168,48.475,48.5,48.4,48.5,3954
169,48.55,48.55,48.45,48.45,900
170,48.525,48.6,48.45,48.6,7089
171,48.75,48.75,48.5,48.55,9540
172,48.7,48.8,48.6,48.7,7800
173,48.7,48.825,48.65,48.75,5618
174,48.65,48.75,48.65,48.7,27200
175,48.5,48.65,48.5,48.65,3000
176,48.525,48.65,48.45,48.5,6784
177,48.6,48.7,48.5,48.5,8600
178,48.55,48.6,48.5,48.6,3000
179,48.525,48.65,48.45,48.6,8965
180,48.4,48.55,48.35,48.45,16270
181,48.4,48.5,48.4,48.45,8166
182,48.5,48.55,48.4,48.45,9034
183,48.4,48.5535,48.3,48.5535,115593
288,48.55,48.55,48.55,48.55,1508
289,48.825,48.8505,48.1,48.5,16574
290,49.1,49.3,48.8,48.8,7558
291,49,49.45,48.95,49.15,21009
292,48.8,49.05,48.8,49.05,9716
293,48.85,48.851,48.8,48.85,3378
294,48.85,48.85,48.7,48.85,4000
295,48.9,48.9,48.85,48.85,3700
296,48.9,48.925,48.85,48.9,3179
297,48.9,48.925,48.85,48.9,7151
298,48.95,49,48.9,48.9,6102
299,48.9,48.95,48.9,48.95,2322
300,48.75,48.95,48.75,48.95,18865
301,48.6,48.8,48.6,48.75,3600
302,48.55,48.7,48.55,48.7,7185
303,48.7,48.7,48.55,48.55,2838
304,48.8,48.8,48.6,48.6,5000
305,48.9,48.9,48.7,48.75,11300
306,48.9,48.925,48.8,48.85,7600
307,48.95,49,48.85,48.85,7620
308,48.95,49,48.85,48.95,12707
309,48.9,48.925,48.85,48.925,2900
310,48.9,48.925,48.8,48.85,8300
311,49,49.05,48.9,48.95,14286
312,49,49.05,48.95,49,5640
313,48.975,49.1,48.9,48.95,13197
314,49.35,49.35,49,49,14490
315,49.5,49.6,49.325,49.325,24805
316,49.1,49.6,49,49.475,32071
317,49.075,49.2,48.9,49.15,11658
318,49.1,49.1,49,49.075,7180
319,49.3,49.3,49.05,49.1,13310
320,49.325,49.425,49.25,49.3,14472
321,49.4,49.45,49.3,49.3,8620
322,49.1,49.45,49.0501,49.425,20498
323,49.05,49.1,49.05,49.1,3500
324,49.05,49.15,49.025,49.05,14660
325,48.9747,49.1,48.95,49.05,19668
326,49.1,49.15,48.9899,49,21965
327,49.2,49.2,49,49.05,49540
432,49.1,49.1,49.1,49.1,400
433,48.9,49,48.85,48.95,4200
434,48.855,48.855,48.7,48.75,2638
435,49.15,49.2,48.75,48.75,5799
436,49.05,49.15,49.05,49.15,1882
437,49.1,49.1,49.05,49.05,1900
438,49.3,49.3,49.15,49.15,4563
439,49.3,49.3,49.2,49.3,1201
440,49.4,49.495,49.35,49.35,8802
441,49.6,49.6,49.425,49.4258,7596
442,49.85,49.85,49.65,49.65,4928
443,49.8,49.825,49.8,49.8,1802
444,49.8,49.85,49.75,49.85,500
445,49.55,49.85,49.55,49.85,5491
446,49.5,49.575,49.45,49.55,4002
447,49.55,49.55,49.5,49.525,2700
448,49.6,49.65,49.6,49.6,3873
449,49.65,49.65,49.6,49.65,1200
450,49.8,49.825,49.65,49.65,6090
451,49.9,49.95,49.85,49.85,5628
452,50,50,49.85,49.9,2500
453,49.9,49.975,49.9,49.975,1300
454,49.925,49.925,49.85,49.9,1600
455,49.95,50.05,49.9,49.95,3074
456,50.05,50.05,49.9,49.95,3900
457,50.05,50.1,50.05,50.05,2600
458,50.1,50.1,50.05,50.075,1000
459,49.975,50.075,49.9,50.075,3442
460,50.05,50.05,49.95,49.975,6837
461,50.1,50.15,50,50.0378,5970
462,50.15,50.3,50.05,50.05,6876
463,50.175,50.2,50.15,50.175,900
464,50.25,50.25,50.15,50.175,5175
465,50.275,50.3,50.25,50.25,2560
466,50.2,50.3,50.1,50.25,8663
467,50.175,50.2,50.15,50.15,1400
468,50.325,50.35,50.175,50.175,9182
469,50.4,50.4,50.3,50.35,5995
470,50.45,50.45,50.35,50.4,11424
471,50.5,50.55,50.35,50.45,64048
a1496151000,50.45,50.45,50.45,50.45,495
1,50.3,50.35,50.1348,50.15,7761
2,50.3,50.5,50.3,50.3,6428
3,50.1,50.25,50.1,50.25,8134
4,49.9,50.05,49.75,50.05,2404
5,49.975,49.975,49.75,49.839,2846
6,50,50.2,50,50,5300
7,50.15,50.2,50.05,50.05,4333
8,50.125,50.225,50.125,50.2,1400
9,50.2,50.25,50.1,50.15,11501
10,50.15,50.225,50.15,50.2,7002
11,50.1,50.15,50.05,50.15,2221
12,50.15,50.15,50.1,50.15,600
13,50.125,50.15,50.05,50.15,5674
14,50.1,50.125,50.075,50.1,2433
15,50.15,50.2,50.125,50.125,1400
16,49.95,50.15,49.95,50.1,1901
17,49.9,49.95,49.85,49.95,2400
18,49.8,49.95,49.775,49.95,4929
19,49.8,49.9,49.8,49.85,1740
20,49.75,49.925,49.7,49.85,6000
21,49.65,49.75,49.65,49.7,3000
22,49.7,49.725,49.65,49.7,1900
23,49.75,49.75,49.65,49.7,2900
24,49.8,49.8,49.75,49.75,1700
25,49.9,49.925,49.85,49.85,1730
26,49.9,49.95,49.9,49.95,2800
27,49.975,50,49.9,49.95,2899
28,50,50,49.95,49.975,1660
29,49.95,49.9814,49.9,49.95,978
30,49.7,49.9,49.65,49.9,20233
31,49.55,49.725,49.55,49.7,3500
32,49.6,49.65,49.5,49.5,3200
33,49.7,49.7,49.65,49.65,2400
34,49.675,49.75,49.675,49.7,3748
35,49.475,49.7,49.475,49.7,6605
36,49.6,49.6,49.45,49.5,4600
37,49.65,49.7,49.6,49.6,8275
38,49.55,49.65,49.5,49.6,13465
39,49.4,49.575,49.4,49.525,47676
144,49.3,49.3,49.3,49.3,1546
145,49.05,49.7,48.95,49.25,3536
146,49.25,49.7,49.2,49.2,2700
147,48.85,49.2,48.85,49.1,5298
148,48.9,49.15,48.8,48.8,10224
149,49.2,49.3,48.887,48.887,10703
150,49.3,49.35,49.17,49.25,3208
151,49.4538,49.65,49.35,49.35,7509
152,49.45,49.5,49.3,49.4,7489
153,49.4,49.5,49.4,49.4,2300
154,49.4988,49.4988,49.4,49.4,2427
155,49.35,49.45,49.35,49.45,351
156,49.15,49.35,49.1,49.35,4907
157,49.1,49.15,49.05,49.15,2890
158,49.1,49.1,49.05,49.1,1500
159,49.05,49.15,49.05,49.15,3150
160,49.1,49.1,49,49.05,2300
161,49.1,49.1,49.05,49.05,1000
162,49.15,49.15,49.05,49.1,3600
163,49.1,49.2,49.1,49.1,4940
164,49.25,49.25,49.05,49.1,14733
165,49.2,49.275,49.2,49.25,1311
166,49.05,49.15,49.05,49.15,1700
167,48.95,49.05,48.95,49.05,3400
168,48.95,49,48.9,48.95,3500
169,48.95,49,48.9,48.9,3700
170,48.8,48.9547,48.8,48.95,3006
171,48.75,48.8,48.75,48.8,4873
172,48.75,48.7999,48.7,48.75,4355
173,48.9,48.9,48.75,48.8,5000
174,48.9,49.05,48.9,48.95,4200
175,48.9,48.95,48.9,48.925,5472
176,48.9,48.95,48.8,48.9,5264
177,48.95,48.95,48.8,48.95,5434
178,49.05,49.05,48.9,48.9,5600
179,49.1875,49.2,49,49.05,3600
180,49.05,49.1875,49.05,49.1875,7515
181,49.15,49.25,49.1,49.1,10459
182,49.3,49.3,49.15,49.2,8468
183,49.6,49.65,49.3,49.35,91247
288,49.95,49.95,49.95,49.95,3687
289,49.7,49.75,49.25,49.45,4722
290,50.1,50.1,49.7,49.7,1315
291,50.3,50.3,50.2,50.25,600
292,50.35,50.45,50.25,50.25,1700
293,50.45,50.6,50.45,50.45,2171
294,50.3,50.5,50.3,50.5,1780
295,50.25,50.35,50.2,50.35,4760
296,50.2,50.25,50.15,50.2,2500
297,50.25,50.25,50.15,50.2,3505
298,50.3,50.3,50.25,50.3,900
299,50.4,50.5,50.35,50.35,2764
300,50.35,50.5,50.35,50.5,6177
301,50.35,50.4,50.35,50.35,1700
302,50.25,50.4,50.2,50.4,11494
303,50.3,50.45,50.25,50.35,5830
304,50.3,50.3,50.2,50.25,1200
305,50.45,50.475,50.35,50.35,6600
306,50.3,50.5,50.3,50.45,4800
307,50.35,50.45,50.3,50.4,5940
308,50.545,50.545,50.35,50.4,2000
309,50.65,50.65,50.55,50.55,1600
310,50.65,50.7,50.55,50.65,3876
311,50.75,50.75,50.7,50.7,3200
312,50.75,50.85,50.75,50.775,3600
313,50.65,50.75,50.55,50.75,3400
314,50.8,50.8,50.6,50.6,4401
315,50.9,50.9,50.75,50.8,8274
316,50.8,50.85,50.75,50.8,1900
317,50.95,51.05,50.8,50.866,9434
318,51.05,51.1,51,51,5087
319,50.65,51.05,50.6,51.05,10836
320,50.8,50.8,50.65,50.65,6859
321,50.775,50.8,50.7,50.7,6075
322,50.65,50.795,50.65,50.75,5711
323,50.56,50.65,50.5,50.65,5980
324,50.525,50.6,50.45,50.55,12227
325,50.475,50.55,50.45,50.5,11659
326,50.4,50.5,50.4,50.5,14904
327,50.25,50.45,50.25,50.35,87244
432,50.5,50.5,50.5,50.5,2138
433,50,50.5,49.6,50.05,6192
434,50,50.525,50,50.075,9786
435,49.95,50.1,49.85,50.05,2200
436,49.75,49.975,49.65,49.975,3457
437,49.85,49.9,49.7,49.75,5300
438,49.8,49.95,49.8,49.875,7695
439,49.8,49.9,49.8,49.85,3900
440,49.65,49.9,49.65,49.8,1953
441,49.45,49.75,49.45,49.65,9917
442,49.35,49.5,49.35,49.4,7134
443,49.3,49.4,49.25,49.35,5912
444,49.4,49.4,49.3,49.3,5899
445,49.8,49.8,49.4,49.4,6600
446,49.75,49.9,49.7,49.8,13481
447,49.65,49.75,49.65,49.725,7100
448,49.4497,49.65,49.4497,49.65,4200
449,49.4,49.5,49.35,49.5,8700
450,49.625,49.65,49.375,49.4,10665
451,49.6,49.675,49.6,49.65,4999
452,49.8,49.8,49.625,49.625,4858
453,49.6,49.85,49.6,49.85,6935
454,49.45,49.6,49.45,49.6,4900
455,49.15,49.45,49.15,49.425,15516
456,49.25,49.2501,49.05,49.15,21760
457,49.4,49.45,49.25,49.25,8775
458,49.85,49.85,49.4,49.4,16020
459,49.9,49.9,49.75,49.8,9358
460,49.65,49.95,49.65,49.9,3626
461,49.7,49.7,49.65,49.7,2500
462,49.55,49.75,49.55,49.7,3100
463,49.55,49.55,49.5,49.55,2700
464,49.45,49.55,49.45,49.5,2200
465,49.45,49.5,49.4,49.45,3459
466,49.35,49.55,49.35,49.45,3895
467,49.2,49.405,49.2,49.4,5927
468,49.35,49.4,49.25,49.25,5700
469,49.5,49.5,49.35,49.375,7000
470,49.55,49.6,49.4,49.5,12734
471,49.6,49.65,49.45,49.55,51820
864,49.45,49.45,49.45,49.45,817
865,49.35,49.35,49.35,49.35,300
866,49.3,49.4,49.3,49.3,1932
867,49.25,49.4,49.15,49.4,2300
868,49.4,49.5,49.15,49.15,3845
869,49.3,49.3,49.15,49.25,2180
870,49.35,49.35,49.3,49.35,12567
871,49.425,49.425,49.35,49.35,2953
872,49.45,49.5,49.425,49.425,8110
873,49.5,49.575,49.479,49.479,2604
874,49.55,49.55,49.45,49.45,4660
875,49.55,49.55,49.55,49.55,1000
876,49.55,49.55,49.55,49.55,300
877,49.6,49.6,49.5,49.5,200
878,49.35,49.5,49.35,49.5,10717
879,49.45,49.5,49.375,49.4,5171
880,49.4,49.45,49.325,49.45,16653
881,49.35,49.4,49.35,49.4,12300
882,49.4,49.4,49.35,49.4,3826
883,49.55,49.55,49.375,49.4,1970
884,49.6,49.7001,49.55,49.55,15525
885,49.7,49.7,49.6,49.65,1800
886,49.7,49.75,49.55,49.725,6973
887,49.55,49.75,49.55,49.75,6120
888,49.625,49.625,49.55,49.55,2900
889,49.6,49.6,49.575,49.6,4800
890,49.6,49.65,49.6,49.6,3000
891,49.55,49.65,49.55,49.625,3700
892,49.55,49.625,49.525,49.625,3100
893,49.5,49.6,49.5,49.6,1900
894,49.45,49.5,49.425,49.475,4105
895,49.425,49.5,49.4,49.5,2400
896,49.4499,49.45,49.4,49.4,2496
897,49.4,49.45,49.375,49.45,2557
898,49.35,49.4,49.3,49.4,2791
899,49.225,49.35,49.225,49.35,4216
900,49.3,49.3,49.225,49.25,4702
901,49.25,49.25,49.175,49.2375,9044
902,49.15,49.35,49.15,49.25,15112
903,49.1,49.2,49.05,49.15,48897
a1496755800,49,49,49,49,2307
1,48.95,49,48.55,49,6900
2,49.05,49.1,48.75,48.9,5663
3,48.95,48.95,48.8,48.95,1387
4,48.85,48.9,48.75,48.75,1695
5,48.85,48.9,48.8,48.9,1000
6,48.9,48.9,48.8,48.85,1400
7,48.775,48.9,48.7,48.9,3349
8,48.85,48.85,48.8,48.8,300
9,48.75,48.8,48.7,48.8,7402
10,48.85,48.875,48.75,48.75,11749
11,48.8,48.8,48.775,48.8,3035
12,48.85,48.85,48.8,48.8,3812
13,48.75,48.85,48.75,48.8,800
14,48.9,48.95,48.8,48.8,6673
15,48.75,48.9,48.75,48.85,1710
16,48.75,48.8,48.75,48.8,950
17,48.75,48.8,48.75,48.8,1500
18,48.75,48.775,48.725,48.75,1600
19,48.85,48.9,48.75,48.75,4695
20,48.75,48.9,48.65,48.85,23739
21,48.75,48.75,48.75,48.75,3200
22,48.75,48.85,48.7,48.75,6500
23,48.8,48.85,48.75,48.8,3300
24,48.8,48.85,48.75,48.8,6100
25,48.6,48.825,48.6,48.8,13226
26,48.6,48.65,48.55,48.6,1100
27,48.65,48.75,48.6,48.65,6453
28,48.8,48.85,48.7,48.75,2800
29,48.85,48.85,48.7,48.75,5000
30,48.85,48.85,48.7,48.85,10259
31,48.85,48.975,48.8,48.85,11561
32,48.875,48.95,48.85,48.9,8287
33,48.9,48.9,48.85,48.875,11758
34,48.95,48.95,48.85,48.95,3101
35,48.8,48.95,48.75,48.9,12832
36,48.7,48.825,48.65,48.825,10824
37,48.8,48.85,48.675,48.7,11980
38,48.8,48.8,48.625,48.8,32000
39,48.75,48.8,48.65,48.8,37069
144,48.75,48.75,48.75,48.75,1060
145,48.475,48.75,48.3,48.55,11711
146,48.7,48.8,48.5,48.5,13672
147,48.65,48.75,48.6,48.7,7944
148,48.3,48.75,48.2,48.75,28669
149,48.55,48.55,48.3,48.35,7700
150,48.8,48.9,48.575,48.6,18201
151,48.55,48.8,48.55,48.75,11334
152,48.75,48.75,48.55,48.55,11937
153,48.85,48.9,48.7,48.75,5739
154,48.9,48.95,48.725,48.85,11360
155,48.95,49,48.85,48.925,6625
156,48.85,48.95,48.8,48.95,16943
157,49,49.1,48.95,48.95,1200
158,49.05,49.1,49,49.031,2682
159,49.05,49.05,48.95,49,5444
160,48.9,49,48.9,49,6200
161,49.0404,49.05,48.95,48.95,7381
162,49.15,49.15,49,49,2200
163,49.1,49.25,49.1,49.15,3400
164,49,49.125,49,49.1,5700
165,49,49,48.9,49,7569
166,48.875,49.025,48.8,49.025,3907
167,48.9,48.9,48.85,48.8875,7300
168,48.95,49,48.9,48.9,1509
169,48.8,48.95,48.8,48.95,1700
170,48.8,48.9,48.75,48.9,4255
171,48.7,48.85,48.7,48.81,3464
172,48.65,48.7,48.6,48.7,3100
173,48.75,48.85,48.7,48.7,5171
174,48.7,48.8,48.7,48.75,2018
175,48.75,48.85,48.75,48.825,23200
176,48.8,48.8,48.75,48.75,11778
177,48.8,48.8,48.75,48.8,4846
178,48.75,48.8,48.7,48.8,3800
179,48.75,48.8,48.7,48.75,3992
180,48.95,48.95,48.75,48.8,5200
181,48.75,48.9,48.75,48.9,6006
182,48.9,48.9,48.75,48.75,6878
183,48.8,48.9,48.75,48.825,38808
288,49.05,49.05,49.05,49.05,1909
289,48.9,49,48.75,48.85,825
290,49,49.1,48.9,49,5388
291,49.1,49.1,48.85,48.9501,5082
292,48.8,49,48.8,49,3679
293,48.55,48.8,48.5,48.75,6863
294,48.35,48.584,48.35,48.55,3710
295,48.25,48.4,48.15,48.375,13413
296,48.3,48.45,48.2,48.25,11183
297,48.56,48.6,48.3,48.3,9572
298,48.56,48.65,48.55,48.6,3900
299,48.5501,48.65,48.5501,48.65,4201
300,48.725,48.725,48.65,48.65,5216
301,48.625,48.75,48.6001,48.75,2334
302,48.75,48.8,48.65,48.65,4900
303,48.9,48.9,48.8,48.8,5325
304,48.85,48.85,48.7,48.8,4900
305,48.9116,48.9116,48.75,48.7501,32012
306,48.7,48.95,48.7,48.9,4400
307,48.475,48.75,48.475,48.7,7200
308,48.5,48.55,48.45,48.5,9006
309,48.425,48.55,48.25,48.55,21654
310,48.75,48.75,48.35,48.4,13410
311,48.8,48.85,48.65,48.75,5400
312,48.65,48.8,48.6,48.8,4319
313,48.85,48.9,48.7,48.7,8858
314,48.8,48.9,48.7,48.85,11400
315,48.7,48.85,48.65,48.8,6200
316,48.65,48.7,48.625,48.65,6300
317,48.55,48.65,48.5,48.649,7091
318,48.525,48.55,48.45,48.55,1800
319,48.4,48.55,48.4,48.525,5400
320,48.4,48.45,48.35,48.45,4600
321,48.55,48.55,48.445,48.445,6464
322,48.55,48.6,48.5,48.55,7063
323,48.55,48.595,48.525,48.545,5972
324,48.65,48.7,48.55,48.55,10047
325,48.55,48.65,48.55,48.65,11984
326,48.75,48.8,48.6,48.6,15005
327,48.8,48.8,48.7,48.775,58070
432,48.85,48.85,48.85,48.85,397
433,49.05,49.05,48.45,48.95,1772
434,48.8,48.95,48.75,48.75,2200
435,48.65,48.65,48.6,48.6,200
436,48.8,48.9,48.65,48.65,589
437,48.75,48.95,48.7,48.95,3039
438,48.9,48.95,48.75,48.75,5860
439,48.8,49,48.8,48.9,2335
440,48.95,48.95,48.8,48.9,2200
441,49.15,49.15,48.95,48.95,2145
442,49.25,49.275,49.2,49.2,700
443,49.4,49.45,49.35,49.35,1194
444,49.25,49.45,49.2,49.45,7950
445,49.35,49.35,49.15,49.25,2942
446,49.35,49.4,49.3085,49.3085,1500
447,49.3,49.35,49.2,49.3,15200
448,49.175,49.275,49.1,49.25,14196
449,49.2,49.25,49.15,49.175,10572
450,49.1,49.15,49.1,49.15,1409
451,49.15,49.25,49.1,49.1,4141
452,49.25,49.25,49.1,49.2,3810
453,49.2,49.25,49.15,49.25,2800
454,49.175,49.25,49.15,49.15,3900
455,49.275,49.3,49.15,49.175,6164
456,49.65,49.65,49.2,49.25,46140
457,49.95,50.05,49.65,49.7,5228
458,49.95,50.05,49.9,49.95,1200
459,49.8999,50.05,49.85,50,3651
460,49.75,49.85,49.75,49.85,5412
461,49.9,49.95,49.7,49.7,3605
462,50,50.05,49.9,49.9,9957
463,50.2,50.2,50.05,50.075,6300
464,50,50.25,49.9,50.2,10984
465,49.8,50,49.8,49.95,16474
466,49.775,49.85,49.7,49.8,9097
467,49.55,49.775,49.45,49.775,42082
468,49.65,49.65,49.4,49.55,33302
469,49.8,49.85,49.65,49.65,4831
470,49.945,49.945,49.8,49.8,7870
471,50.05,50.05,49.9,49.95,43673
864,49.9,49.9,49.9,49.9,685
865,50.725,50.75,49.65,49.7,3377
866,51.2,51.2,50.55,50.7,3298
867,51.3,51.4,51.05,51.1,4146
868,50.7,51.2,50.45,51.15,10456
869,50.4,50.7,50.15,50.7,7000
870,50.2,50.45,50,50.3,7610
871,50.25,50.35,50.15,50.25,5333
872,50.05,50.35,50.05,50.25,3800
873,50.05,50.2,50.05,50.05,3355
874,49.8625,50.05,49.85,50.05,3360
875,49.75,49.9,49.65,49.85,5200
876,49.9,49.9,49.75,49.75,2000
877,49.95,50.025,49.9,49.9,4428
878,50.125,50.2,49.9,49.9,4206
879,50.15,50.15,50.125,50.125,1769
880,50.05,50.2,50,50.15,5600
881,49.95,50.05,49.95,50.05,2300
882,49.95,50,49.9,49.95,3584
883,50.05,50.05,50,50,1500
884,50.05,50.1,50,50.05,3914
885,49.85,50.025,49.85,50.025,3600
886,49.8,49.85,49.75,49.85,2000
887,49.75,49.85,49.75,49.8,1241
888,49.85,49.85,49.8,49.8,1950
889,49.95,49.95,49.85,49.85,1355
890,49.95,49.95,49.925,49.95,2295
891,49.8,49.95,49.8,49.95,6591
892,49.9,49.9,49.8,49.8,3633
893,49.95,49.95,49.85,49.9,5320
894,49.8,49.95,49.8,49.95,3653
895,49.7,49.8,49.6,49.8,4021
896,49.5,49.75,49.5,49.7,7356
897,49.4,49.55,49.4,49.5,6973
898,49.4,49.5,49.35,49.4,7490
899,49.45,49.55,49.4,49.45,8104
900,49.3,49.5,49.3,49.4,10713
901,49.25,49.4,49.2,49.3,13707
902,49.2,49.3,49.1,49.2,18332
903,49.25,49.35,49.2,49.25,48535
a1497360600,49.35,49.35,49.35,49.35,918
1,48.9,49.4,48.9,49.4,1900
2,48.85,49.1,48.85,48.95,4012
3,48.95,49.05,48.75,48.75,2900
4,49.175,49.175,48.95,48.95,4167
5,49.2,49.2,49.1,49.15,2900
6,49.3,49.35,49.2,49.2,4901
7,49.2,49.3,49.2,49.3,1100
8,49.3,49.375,49.25,49.25,3800
9,49.099,49.4,49.099,49.325,15763
10,49.225,49.25,49.05,49.1,2223
11,49.2,49.25,49.1,49.25,8341
12,49.2,49.2,49.15,49.15,500
13,49.2,49.2,49.1,49.15,1986
14,48.95,49.25,48.95,49.2,3381
15,48.8,49,48.8,48.958,7000
16,48.75,48.85,48.7,48.8,4200
17,48.725,48.75,48.7,48.7,800
18,48.75,48.75,48.65,48.725,6015
19,48.7,48.725,48.7,48.725,5400
20,48.8,48.8,48.7,48.7,9100
21,48.725,48.8,48.725,48.8,6008
22,48.75,48.75,48.65,48.7,5219
23,48.65,48.75,48.65,48.75,3100
24,48.6,48.6,48.55,48.6,4101
25,48.7,48.7,48.65,48.7,600
26,48.65,48.725,48.575,48.7,8700
27,48.6,48.6,48.55,48.6,4202
28,48.65,48.65,48.6,48.65,6100
29,48.55,48.65,48.5,48.65,8447
30,48.65,48.65,48.55,48.55,3100
31,48.625,48.65,48.55,48.6,6200
32,48.625,48.65,48.6,48.65,4400
33,48.45,48.6,48.4,48.6,15883
34,48.575,48.6,48.45,48.45,8200
35,48.575,48.65,48.45,48.575,15304
36,48.525,48.575,48.45,48.575,18083
37,48.45,48.55,48.4,48.55,15633
38,48.375,48.475,48.35,48.45,32376
39,48.425,48.45,48.35,48.4,59224
144,48.85,48.85,48.6,48.6,909
145,48.35,49,48.3,49,3918
146,48.475,48.6,48.25,48.25,3805
147,48.2625,48.4,48.2,48.4,5432
148,48.1,48.2,48.1,48.15,1987
149,48.55,48.55,48.1,48.2,2902
150,48.65,48.65,48.5,48.55,1600
151,48.5,48.65,48.5,48.65,1125
152,48.45,48.55,48.35,48.55,2500
153,48.35,48.5,48.35,48.5,1400
154,48.45,48.6,48.3,48.4,32335
155,48.5,48.55,48.45,48.5,4755
156,48.45,48.625,48.45,48.5,3227
157,48.45,48.55,48.45,48.55,4001
158,48.55,48.55,48.45,48.45,4099
159,48.5,48.6,48.5,48.575,1100
160,48.6,48.6,48.5,48.55,900
161,48.6,48.6,48.5,48.6,1875
162,48.45,48.5,48.45,48.5,3224
163,48.45,48.45,48.45,48.45,2200
164,48.45,48.45,48.45,48.45,1000
165,48.45,48.5,48.45,48.5,2500
166,48.45,48.55,48.4,48.475,6205
167,48.425,48.475,48.4,48.475,2100
168,48.35,48.45,48.3,48.4,3500
169,48.4,48.45,48.3,48.3,2521
170,48.4,48.4,48.35,48.4,1600
171,48.45,48.5,48.4,48.45,1100
172,48.45,48.5,48.4,48.4,11912
173,48.325,48.45,48.325,48.45,4342
174,48.25,48.4,48.2,48.3,5200
175,48.35,48.4,48.3,48.35,3200
176,48.3,48.35,48.2,48.35,5760
177,48.3,48.35,48.25,48.3,4517
178,48.25,48.35,48.25,48.35,5174
179,48.3,48.375,48.15,48.25,5300
180,48.35,48.401,48.3,48.35,6100
181,48.25,48.4,48.25,48.35,9798
182,48.35,48.45,48.25,48.3022,16822
183,48.35,48.45,48.25,48.45,109274
288,48.05,48.05,48.05,48.05,1146
289,47.95,48.25,47.8,48.25,34360
290,48.15,48.254,48,48.05,7450
291,48.15,48.2,48.1,48.1,3857
292,48.2,48.25,48.15,48.15,7548
293,48.2,48.25,48.2,48.25,5792
294,48.1,48.2,48.05,48.2,1200
295,48.1,48.2,48.1,48.125,3300
296,47.95,48.1,47.9,48.1,7270
297,47.9,47.95,47.85,47.95,3300
298,47.9,47.925,47.8,47.9,3600
299,47.75,47.9,47.75,47.85,3738
300,47.95,47.95,47.75,47.75,6392
301,47.95,47.95,47.95,47.95,1240
302,48,48,47.95,47.95,4983
303,48,48.05,47.95,48,3207
304,48,48.025,47.95,48,1000
305,48.1,48.15,47.95,47.95,2500
306,48.1,48.15,48.075,48.15,4467
307,48.05,48.15,48.05,48.15,2200
308,47.95,48.15,47.95,48.1,5700
309,47.95,48,47.9,48,4300
310,47.85,48,47.85,48,4800
311,47.9,47.95,47.85,47.85,5400
312,47.8,47.85,47.8,47.85,965
313,47.85,47.875,47.825,47.85,9260
314,47.8,47.85,47.775,47.85,2400
315,47.85,47.85,47.8,47.85,3300
316,47.85,47.85,47.8,47.8,1000
317,47.825,47.85,47.8,47.825,2700
318,47.85,47.85,47.8,47.85,2500
319,47.85,47.85,47.775,47.8,6848
320,47.9,47.95,47.85,47.85,6869
321,48.05,48.05,47.925,47.95,6046
322,48.2,48.275,48.025,48.05,10118
323,48.1,48.225,48.1,48.2,11753
324,48,48.1,47.925,48.05,11688
325,48,48.075,47.95,48,15806
326,48.075,48.1,47.95,48,14030
327,47.95,48.1,47.9,48.075,82303
432,47.55,47.55,47.55,47.55,60483
433,47.15,47.55,46.9,47.55,7027
434,47.15,47.2,46.95,47.15,7191
435,46.7,47.1,46.65,47.1,3982
436,46.5,46.75,46.35,46.75,6841
437,46.6,46.6,46.4,46.5,4534
438,46.6,46.6,46.45,46.6,15100
439,46.55,46.6,46.475,46.55,8384
440,46.4,46.5752,46.35,46.55,4700
441,46.375,46.375,46.25,46.35,6426
442,46.45,46.45,46.3,46.375,6600
443,46.375,46.475,46.35,46.45,4700
444,46.325,46.375,46.25,46.375,6534
445,46.4,46.4,46.25,46.3,6970
446,46.35,46.425,46.35,46.4,10147
447,46.425,46.425,46.375,46.4,4828
448,46.5,46.5,46.35,46.45,15123
449,46.5,46.6,46.45,46.45,63082
450,46.45,46.45,46.3,46.45,4299
451,46.5,46.5,46.4001,46.45,3455
452,46.3501,46.5,46.35,46.475,6998
453,46.15,46.35,46.15,46.35,3365
454,46,46.15,45.95,46.15,5603
455,45.9,46,45.9,46,4568
456,45.85,45.9,45.85,45.9,5867
457,45.9,45.9,45.775,45.8,7202
458,45.801,45.9,45.75,45.9,28439
459,45.8,45.875,45.8,45.8,6770
460,45.75,45.851,45.75,45.8,8435
461,45.55,45.75,45.5,45.75,16543
462,45.5035,45.6,45.45,45.525,10004
463,45.85,45.85,45.45,45.55,12627
464,45.8042,45.85,45.775,45.8,11050
465,45.85,45.875,45.8,45.85,14449
466,45.85,46,45.8,45.85,24999
467,45.85,45.925,45.825,45.85,18085
468,45.8,45.925,45.8,45.875,15201
469,45.85,45.9,45.8,45.8,27575
470,45.975,46,45.8,45.875,47750
471,45.85,46.05,45.85,45.95,168209
864,45.95,45.95,45.95,45.95,1261
865,45.7,46.2,45.65,46.025,12937
866,46,46,45.8,45.8,2500
867,46.15,46.225,45.9,46,12900
868,46.2,46.2,46,46.05,2686
869,46.05,46.1,46.05,46.05,2441
870,46.05,46.125,46,46.05,5676
871,46.15,46.15,46,46.05,8417
872,46.1,46.15,46.1,46.125,1448
873,46.05,46.15,46,46.1,8236
874,46,46.1,46,46,2836
875,45.999,46.05,45.999,46,3405
876,45.9,45.95,45.85,45.95,2322
877,45.95,46,45.875,45.9,4944
878,46.05,46.1,45.9,46,9795
879,46.05,46.05,46.05,46.05,1514
880,46.05,46.05,46,46,200
881,46.05,46.1,46,46,900
882,45.95,46.05,45.95,46.05,1435
883,45.95,46,45.85,46,3785
884,46.075,46.1,46,46,2600
885,46.1,46.1,46,46.1,6652
886,46.15,46.15,46.07,46.1,6823
887,46.125,46.2,46.125,46.15,8509
888,46.15,46.2,46.1,46.15,38813
889,46.1,46.15,46.075,46.15,5160
890,46.05,46.125,46.05,46.1,4972
891,46.05,46.1,46.025,46.05,2900
892,46,46.05,45.925,46.05,5406
893,46,46,45.95,46,3214
894,46.05,46.05,45.95,46,5900
895,46.05,46.05,46,46,4219
896,46,46.075,46,46.05,4500
897,46,46.05,45.95,46,6210
898,45.9,46,45.85,45.95,5490
899,46.05,46.05,45.85,45.9,8110
900,46.05,46.1,45.95,46.05,16725
901,46.1,46.175,46.05,46.05,6195
902,46.2,46.2,46.1,46.1,9402
903,46.2,46.2,46.15,46.2,45401
a1497965400,45,45,45,45,7490
1,45,45.85,44.95,45.4,8714
2,45.1,45.25,44.95,44.975,14125
3,45.2,45.3,45.1,45.1,6718
4,45.3,45.3,45.05,45.15,9219
5,45.25,45.325,45.2,45.275,5763
6,45.05,45.25,45,45.25,7411
7,45,45.075,44.95,45.075,3600
8,45.05,45.05,45,45,600
9,45.15,45.2,45.05,45.05,7600
10,45.15,45.15,45.1,45.15,3702
11,45.1,45.125,45.1,45.1,3000
12,45,45.1,45,45.0501,2500
13,45,45.05,44.975,45,5727
14,45,45,44.975,45,4530
15,45.1,45.1,45.05,45.05,2432
16,45.15,45.15,45.05,45.05,2011
17,45.15,45.2,45.1,45.15,3799
18,45.15,45.15,45.1,45.1,3032
19,45.3,45.3,45.2,45.2,2300
20,45.35,45.35,45.3,45.3,1300
21,45.4,45.45,45.3682,45.4,3665
22,45.45,45.6,45.35,45.4,8000
23,45.275,45.5,45.275,45.5,5296
24,45.35,45.35,45.25,45.3,9000
25,45.25,45.3,45.25,45.3,2000
26,45.375,45.4,45.25,45.25,6600
27,45.3,45.375,45.3,45.35,12679
28,45.3,45.3,45.3,45.3,4686
29,45.225,45.325,45.2,45.3,6984
30,45.25,45.25,45.2,45.25,6273
31,45.275,45.35,45.2,45.3,7059
32,45.275,45.3,45.25,45.284,1000
33,45.225,45.3,45.2,45.3,3900
34,45.15,45.25,45.15,45.25,7475
35,45.15,45.175,45.1,45.175,18621
36,45.15,45.25,45.15,45.15,6308
37,45,45.2,45,45.2,8992
38,44.9,45,44.8,45,24081
39,44.95,44.95,44.85,44.9,62005
144,44.95,44.95,44.95,44.95,2213
145,44.775,45,44.7,45,1364
146,44.7,44.7,44.45,44.7,2299
147,44.85,44.95,44.75,44.75,3100
148,44.7,44.85,44.7,44.85,10012
149,44.7,44.75,44.65,44.75,4053
150,44.5,44.7,44.5,44.65,8524
151,44.7,44.7,44.45,44.5,3497
152,44.65,44.8,44.55,44.7467,1400
153,44.575,44.65,44.55,44.65,5743
154,44.5,44.55,44.475,44.55,6624
155,44.5,44.501,44.475,44.5,2476
156,44.4,44.55,44.35,44.55,3200
157,44.4,44.5,44.4,44.4,4400
158,44.5,44.5,44.4,44.4,3100
159,44.5,44.55,44.45,44.5,4807
160,44.225,44.5,44.2,44.5,5139
161,44.2,44.3,44.2,44.25,4900
162,44.15,44.275,44.15,44.2,4171
163,44,44.15,44,44.125,4955
164,43.95,44.05,43.95,44.05,3234
165,43.95,44,43.9,43.95,3399
166,43.85,44.05,43.85,44,12947
167,43.875,43.9,43.85,43.8819,3100
168,43.8,43.85,43.75,43.85,3989
169,43.8,43.91,43.8,43.85,2984
170,43.7,43.8,43.7,43.8,4300
171,43.55,43.7,43.55,43.7,7290
172,43.6,43.7,43.55,43.55,7256
173,43.65,43.7,43.6,43.6,8975
174,43.7748,43.8,43.55,43.6,27085
175,43.825,43.9,43.75,43.7747,14551
176,43.7,43.8,43.7,43.8,5570
177,43.6,43.7,43.575,43.675,11461
178,43.5,43.65,43.475,43.6,12166
179,43.5053,43.55,43.45,43.5,13133
180,43.4,43.5,43.35,43.5,12972
181,43.2,43.4,43.2,43.4,19658
182,43.15,43.25,43.125,43.25,13612
183,43.1,43.2,43.05,43.175,71284
288,43,43,43,43,2243
289,42.6375,43.1,42.55,43.1,6553
290,42.25,42.65,42.15,42.65,88268
291,42.5,42.6,42.15,42.275,62254
292,42.45,42.5,42.3,42.4,46135
293,42.5,42.55,42.3,42.45,60704
294,42.6,42.75,42.4,42.5,36593
295,42.65,42.75,42.55,42.65,15128
296,42.6,42.75,42.6,42.7,8828
297,42.65,42.75,42.45,42.5,15600
298,42.7,42.8,42.65,42.65,23223
299,42.7,42.75,42.7,42.7,3300
300,42.7,42.799,42.65,42.7,17363
301,42.968,42.968,42.75,42.75,4600
302,42.8,43,42.8,42.95,11130
303,42.975,42.975,42.75,42.75,1400
304,43.2,43.375,43,43,10616
305,43.475,43.5,43.3,43.3,6900
306,43.5,43.55,43.475,43.475,2800
307,43.6,43.625,43.525,43.525,4405
308,43.6,43.65,43.6,43.65,6200
309,43.75,43.75,43.65,43.65,1800
310,43.9,43.9,43.75,43.75,1889
311,43.8,44.05,43.8,43.9,16699
312,43.8,43.8,43.775,43.8,2957
313,43.775,43.8,43.7,43.75,3000
314,43.9,43.9,43.775,43.775,4472
315,43.8,43.875,43.8,43.85,6875
316,43.7,43.85,43.7,43.8,3408
317,43.6,43.725,43.6,43.7,6804
318,43.6,43.65,43.55,43.6,2686
319,43.75,43.75,43.575,43.65,4954
320,43.725,43.75,43.7,43.75,5900
321,43.775,43.8,43.7,43.75,4675
322,43.7,43.775,43.675,43.75,5876
323,43.7,43.75,43.675,43.75,5996
324,43.7,43.775,43.65,43.7,6598
325,43.6999,43.7,43.65,43.65,5585
326,43.8,43.8,43.65,43.7,15472
327,43.85,43.9,43.75,43.75,72111
432,43.85,43.85,43.85,43.85,647
434,44.2,44.2,43.65,43.7,11002
435,44.45,44.5,44.1,44.1,16848
436,44.45,44.55,44.35,44.5,16634
437,44.4,44.55,44.375,44.45,6094
438,44.4,44.425,44.35,44.4,6200
439,44.45,44.525,44.4,44.4,11122
440,44.5,44.7,44.5,44.5,5519
441,44.8,44.85,44.516,44.516,8400
442,44.783,44.8,44.75,44.8,6136
443,44.8,44.8,44.682,44.725,6300
444,44.85,44.9,44.8,44.8,3600
445,44.775,44.9,44.775,44.85,3200
446,44.7,44.775,44.7,44.75,1100
447,44.65,44.8,44.65,44.7,1800
448,44.675,44.7,44.675,44.7,300
449,44.7,44.7,44.65,44.65,3802
450,44.65,44.75,44.625,44.75,2500
451,44.65,44.6679,44.6,44.65,5600
452,44.65,44.675,44.6,44.65,25618
453,44.65,44.675,44.575,44.675,12789
454,44.65,44.65,44.6,44.65,5560
455,44.65,44.675,44.6,44.65,4810
456,44.75,44.75,44.6,44.65,4325
457,44.45,44.7198,44.45,44.7198,3011
458,44.5,44.55,44.35,44.45,10725
459,44.6,44.6,44.55,44.55,4664
460,44.55,44.55,44.5,44.5,2687
461,44.5,44.5,44.5,44.5,200
462,44.5,44.55,44.45,44.55,8030
463,44.5,44.5,44.5,44.5,400
464,44.55,44.6,44.45,44.5,8321
465,44.575,44.575,44.5,44.575,4600
466,44.475,44.55,44.45,44.55,5500
467,44.5,44.525,44.4,44.475,12300
468,44.5,44.5,44.425,44.45,12837
469,44.525,44.6,44.5,44.5,6571
470,44.7,44.75,44.5,44.5,16829
471,44.75,44.8,44.65,44.725,117234
864,45.05,45.05,45.05,45.05,1851
865,44.95,45.0499,44.85,45,2729
866,45,45.1,44.95,44.95,2649
867,45.0625,45.2,45,45,4250
868,45.25,45.45,45.05,45.15,5909
869,45.1,45.25,45.05,45.245,3522
870,45.25,45.25,45.125,45.15,3400
871,45.2,45.3,45.15,45.25,1618
872,45.3,45.45,45.25,45.25,4182
873,45.35,45.4,45.3,45.4,18655
874,45.35,45.35,45.3,45.3,6465
875,45.4,45.45,45.35,45.4,4998
876,45.35,45.45,45.35,45.4,2094
877,45.425,45.425,45.35,45.35,3810
878,45.45,45.55,45.45,45.45,3634
879,45.425,45.45,45.4,45.45,2849
880,45.45,45.45,45.35,45.45,4101
881,45.45,45.5,45.45,45.5,2674
882,45.55,45.55,45.4,45.4,3413
883,45.6999,45.7,45.55,45.55,7845
884,45.75,45.75,45.6,45.675,4688
885,45.75,45.8,45.7,45.8,5200
886,45.725,45.775,45.7,45.75,8479
887,45.7,45.725,45.65,45.7,2958
888,45.75,45.7999,45.7,45.75,2200
889,45.8,45.8,45.75,45.7999,4422
890,45.8,45.8,45.7,45.8,4433
891,45.8499,45.85,45.7,45.75,2100
892,45.8,45.85,45.75,45.8,2800
893,45.9,45.9,45.8,45.85,5767
894,45.9,45.925,45.85,45.9,3700
895,45.9,45.95,45.9,45.9,6279
896,45.95,45.975,45.9,45.9499,5507
897,45.9,45.95,45.85,45.9,3200
898,45.9,45.9125,45.85,45.9,2058
899,45.975,46,45.85,45.85,11700
900,45.9,46,45.85,46,11302
901,45.925,46,45.85,45.9,10772
902,45.95,45.975,45.85,45.9,18933
903,45.95,46.05,45.925,45.925,77462
a1498570200,45.5,45.5,45.5,45.5,7465
1,44.85,45.4,44.45,45.4,47780
2,44.7,45.15,44.5,44.85,24900
3,44.4,44.625,44.35,44.625,9458
4,44.3,44.45,44.05,44.4,21254
5,44.65,44.7,44.15,44.3,45277
6,44.75,44.9,44.6,44.7,17162
7,44.7,44.7,44.6,44.675,5165
8,44.8,44.8,44.675,44.7,5070
9,45,45,44.775,44.85,5200
10,44.9,45,44.85,45,10799
11,45.1,45.1,44.95,45,25714
12,45.15,45.175,45.1,45.1,7065
13,45.2499,45.25,45.15,45.2,6516
14,45.45,45.45,45.25,45.25,11200
15,45.15,45.5,45.15,45.4,31504
16,45.175,45.2,45.1,45.125,7320
17,45.1,45.225,45.1,45.2,4385
18,45.15,45.225,45.1,45.1497,8246
19,45.25,45.275,45.2,45.2,14111
20,45.225,45.225,45.175,45.2,11105
21,45.05,45.225,45,45.225,11383
22,45,45.15,44.9,45.125,45896
23,45,45.025,44.95,45,9727
24,45.05,45.1,45,45.05,13100
25,45.1,45.2,45,45.05,39539
26,45.05,45.1049,44.975,45.1,35486
27,45.35,45.4,45.1,45.1,13011
28,45.2,45.4,45.175,45.375,29507
29,45.15,45.2,45.1,45.15,8781
30,45.2,45.25,45.15,45.2,4311
31,45.275,45.275,45.2,45.2,4900
32,45.3151,45.35,45.25,45.25,6541
33,45.275,45.35,45.25,45.3,3617
34,45.35,45.4,45.25,45.25,14544
35,45.325,45.4,45.25,45.4,9812
36,45.3,45.35,45.275,45.325,8827
37,45.175,45.35,45.15,45.35,9824
38,45.05,45.2,44.95,45.15,19071
39,45.15,45.25,44.95,44.95,106256
144,45.3,45.3,45.3,45.3,2100
145,44.65,45.1,44.25,44.55,88767
146,44.525,44.9,44.45,44.8545,35901
147,44.5,44.7,44.275,44.6,47674
148,44.525,44.65,44.4,44.45,46837
149,44.45,44.6,44.425,44.55,24334
150,44.25,44.5,44,44.45,13248
151,44.05,44.25,43.975,44.25,8280
152,44,44.2,44,44.05,26760
153,44.025,44.15,43.95,44,26639
154,44.2,44.25,44,44.025,12171
155,44.375,44.45,44.25,44.25,6642
156,44.35,44.45,44.3,44.375,18054
157,44.275,44.35,44.275,44.325,12882
158,44.3,44.3,44.25,44.275,1708
159,44.3,44.35,44.25,44.25,7900
160,44.25,44.35,44.225,44.3,16156
161,44.2,44.25,44.175,44.25,3100
162,44.15,44.175,44.15,44.175,4159
163,43.95,44.15,43.95,44.15,20794
164,43.875,43.95,43.8,43.95,16502
165,43.65,43.875,43.65,43.875,10389
166,43.45,43.725,43.45,43.65,21089
167,43.4,43.525,43.4,43.45,6977
168,43.6,43.6,43.425,43.425,9315
169,43.55,43.6,43.5,43.575,9600
170,43.475,43.599,43.45,43.55,8215
171,43.35,43.475,43.35,43.475,10400
172,43.125,43.4,43.1,43.375,83976
173,42.8,43.2,42.8,43.1,33904
174,42.8646,42.9,42.8,42.85,11113
175,42.6,42.8715,42.45,42.8715,25267
176,42.5,42.65,42.25,42.55,129960
177,42.31,42.55,42.3,42.475,42279
178,42.45,42.7,42.35,42.35,71870
179,42.45,42.55,42.39,42.45,32289
180,41.9,42.45,41.9,42.45,38118
181,41.675,41.9,41.65,41.85,41568
182,41.55,41.75,41.5,41.675,89516
183,41.7,41.8,41.45,41.5,294193
288,41.3,41.3,41.3,41.3,6538
289,41.475,41.575,41.15,41.35,22961
290,41.5,41.7,41.2,41.4771,30755
291,41.2,41.6,41.2,41.55,32739
292,41.25,41.325,41.15,41.15,8270
293,41,41.25,40.975,41.25,22457
294,41.45,41.45,40.975,41,17481
295,41.65,41.75,41.45,41.45,8820
296,41.65,41.7,41.575,41.6284,4352
297,41.2,41.65,41.15,41.65,19964
298,41.3,41.35,41.2,41.2,19535
299,41.375,41.425,41.15,41.3,43805
300,41.4,41.4,41.25,41.4,15966
301,41.2,41.35,41.05,41.35,38170
302,41.175,41.25,41.1,41.2,18351
303,41.25,41.25,41.1,41.15,5698
304,41.4,41.45,41.15,41.2,5700
305,41.375,41.45,41.35,41.4,7310
306,41.4,41.45,41.25,41.4,28000
307,41.4,41.5,41.3,41.4,13100
308,41.3,41.4,41.3,41.4,15523
309,41.275,41.4,41.25,41.3,12908
310,41.275,41.4,41.15,41.275,11200
311,41.15,41.25,41.1,41.25,8871
312,41.2,41.3,41.15,41.2,13839
313,41.2,41.225,41.14,41.2,8247
314,41.2,41.25,41.1,41.2,14829
315,41.15,41.2,41.1,41.2,7867
316,41.2,41.3,41.125,41.125,27791
317,41.225,41.35,41.175,41.225,16607
318,41.25,41.3,41.2,41.2,10983
319,41.15,41.25,41.1,41.25,13302
320,41.15,41.2,41.1,41.15,20921
321,41.15,41.275,41.15,41.175,26808
322,41.25,41.3,41.175,41.175,8546
323,41.15,41.25,41.1,41.2,58609
324,41.05,41.15,40.95,41.125,50300
325,41.25,41.3,41.05,41.0714,26094
326,41.225,41.3,41.15,41.275,63917
327,41.05,41.3,41,41.25,180051
432,41.2,41.2,41.2,41.2,2943
433,41.1,41.5,41.05,41.4578,3475
434,40.825,41.075,40.55,41.075,59179
435,40.75,41,40.7,40.825,21799
436,40.7,40.75,40.55,40.75,6465
437,41.15,41.175,40.75,40.75,5600
438,41.25,41.35,40.95,41.175,32863
439,41.15,41.2,41.1,41.2,3500
440,41.25,41.3,41.15,41.15,3546
441,41,41.2001,41,41.2,11398
442,41.05,41.05,41,41,1300
443,40.95,41.05,40.85,41,101835
444,41,41.05,40.95,40.95,5847
445,41,41.05,40.95,41,2700
446,40.9,41.05,40.85,40.95,43718
447,40.95,41,40.85,41,3219
448,40.95,40.95,40.9,40.95,1400
449,40.9,41,40.8,40.95,86795
450,41.1,41.1,40.85,40.9,13628
451,41,41.05,40.95,41.05,8519
452,41.05,41.1,41,41,9888
453,41.1,41.1,41.05,41.05,1400
454,41.1,41.15,41.05,41.05,2463
455,41.05,41.1,41,41.1,4980
456,41,41.15,41,41,9856
457,40.95,41.1,40.9,41.1,107624
458,41,41.05,41,41,70800
459,41.35,41.4,40.95,41,17810
460,41.3,41.4,41.2,41.35,32027
461,41.1,41.35,41.1,41.35,14304
462,41.3,41.3,41.1,41.1,2100
463,41.3,41.35,41.2,41.275,5275
464,41.45,41.45,41.25,41.25,122069
465,41.45,41.75,41.45,41.5,13633
466,41.45,41.5253,41.4,41.45,8408
467,41.45,41.5,41.425,41.45,7589
468,41.575,41.6,41.45,41.5,13396
469,41.65,41.65,41.5,41.55,12721
470,41.8,41.85,41.6,41.65,33725
471,41.75,41.95,41.7,41.85,211469
864,42,42,42,42,1797
865,42,42.35,41.8,42.1,5402
866,42.1501,42.25,42.05,42.0751,9200
867,42.2,42.25,42.1,42.1246,3300
868,42.2,42.2,42.2,42.2,957
869,42.4,42.4,42.25,42.25,6262
870,42.3,42.35,42.3,42.35,1600
871,42.25,42.4,42.25,42.4,2400
872,42.3,42.3,42.2,42.2,2338
873,42.25,42.3,42.25,42.3,1169
874,42.3,42.35,42.275,42.3,2000
875,42.4,42.4,42.25,42.25,10049
876,42.5,42.5,42.35,42.35,3647
877,42.525,42.6,42.5,42.525,5982
878,42.7,42.75,42.525,42.525,7146
879,42.65,42.675,42.6,42.675,1258
880,42.675,42.7,42.6,42.6,4677
881,42.775,42.8,42.65,42.65,6991
882,42.8,42.9,42.8,42.8,6597
883,42.875,42.95,42.75,42.8,8821
884,43.025,43.05,42.875,42.875,7529
885,42.8,43.025,42.8,43,33340
a1499261400,42.35,42.35,42.35,42.35,6624
1,42.4,42.4,41.85,42.15,22729
2,41.975,42.475,41.85,42.35,64066
3,42,42.05,41.85,41.975,47653
4,42,42.1,41.9,42.05,38756
5,41.775,42,41.775,41.9,38282
6,41.85,41.9,41.8,41.85,41655
7,41.875,41.95,41.8,41.875,48129
8,42.15,42.2,41.85,41.875,33431
9,42.35,42.5,42.1,42.15,10676
10,42.05,42.275,42.05,42.275,8900
11,42.15,42.15,42.05,42.075,8738
12,42.075,42.3,42.05,42.125,29529
13,42.15,42.25,42.075,42.1,16127
14,42.15,42.35,42.125,42.15,9428
15,42.15,42.2,42.1,42.15,8400
16,42.2,42.2,42.1,42.15,9745
17,42.2,42.3,42.15,42.15,9689
18,42.3,42.3,42.2,42.2,7604
19,42.35,42.35,42.225,42.275,6548
20,42.25,42.35,42.25,42.35,3300
21,42.2,42.3,42.2,42.25,14853
22,42.175,42.25,42.15,42.25,3400
23,42.175,42.2,42.15,42.15,3652
24,42.15,42.2,42.15,42.175,2800
25,42.15,42.2,42.15,42.2,10144
26,42.25,42.25,42.15,42.175,6315
27,42.2,42.225,42.175,42.2,7317
28,42.125,42.2,42.1,42.2,12289
29,42.2,42.2,42.125,42.15,8472
30,42.25,42.3,42.2,42.25,8860
31,42.25,42.3,42.15,42.225,14248
32,42.225,42.4,42.2,42.25,39523
33,42.2,42.3,42.175,42.25,21479
34,42.2,42.25,42.175,42.175,11226
35,42.225,42.25,42.175,42.225,17538
36,42.225,42.25,42.1747,42.225,24510
37,42.225,42.275,42.15,42.25,33265
38,42.175,42.2625,42.15,42.215,41441
39,42.1,42.2,42.1,42.175,122158
