EXCHANGE%3DNASDAQ
MARKET_OPEN_MINUTE=570
MARKET_CLOSE_MINUTE=960
INTERVAL=600
COLUMNS=DATE,CLOSE,HIGH,LOW,OPEN,VOLUME
DATA=
TIMEZONE_OFFSET=-240
a1493040600,50.545,50.66,50.5,50.5,58472
1,50.59,50.71,50.44,50.65,302872
2,50.63,50.63,50.5308,50.5959,86474
3,50.61,50.64,50.51,50.635,72106
4,50.425,50.64,50.42,50.63,89062
5,50.46,50.54,50.38,50.42,97555
6,50.425,50.5,50.36,50.465,58652
7,50.435,50.48,50.42,50.425,40916
8,50.49,50.51,50.42,50.44,45590
9,50.415,50.4858,50.395,50.48,48058
10,50.5143,50.535,50.41,50.415,64285
11,50.42,50.515,50.42,50.51,51707
12,50.51,50.5175,50.4,50.42,39803
13,50.535,50.5457,50.49,50.51,44138
14,50.51,50.55,50.48,50.54,36243
15,50.55,50.55,50.5,50.51,39406
16,50.58,50.59,50.5444,50.55,35576
17,50.585,50.62,50.575,50.58,30993
18,50.585,50.6,50.56,50.59,74297
19,50.5762,50.595,50.57,50.585,49255
20,50.57,50.595,50.54,50.57,48881
21,50.57,50.595,50.53,50.58,38658
22,50.58,50.6,50.555,50.56,36969
23,50.59,50.6,50.57,50.58,29876
24,50.57,50.59,50.54,50.59,45155
25,50.63,50.635,50.56,50.57,52517
26,50.66,50.67,50.61,50.6334,60464
27,50.68,50.69,50.6,50.66,65485
28,50.69,50.715,50.67,50.67,63090
29,50.75,50.78,50.685,50.695,79874
30,50.76,50.78,50.71,50.76,40901
31,50.775,50.7899,50.73,50.76,63864
32,50.78,50.79,50.74,50.775,53157
33,50.79,50.81,50.77,50.78,84308
34,50.885,50.9,50.79,50.79,113525
35,50.82,50.91,50.81,50.89,84108
36,50.81,50.88,50.81,50.825,54066
37,50.81,50.82,50.78,50.815,77298
38,50.86,50.87,50.78,50.81,245876
39,50.88,50.91,50.835,50.865,688968
144,51,51.02,51,51.02,52453
145,51.48,51.5,51.02,51.06,189629
146,51.55,51.66,51.47,51.47,242257
147,51.41,51.6099,51.39,51.55,479864
148,51.51,51.54,51.37,51.41,267191
149,51.51,51.55,51.435,51.5,282150
150,51.495,51.51,51.4,51.51,174716
151,51.37,51.51,51.33,51.5,246958
152,51.42,51.47,51.37,51.37,95558
153,51.27,51.42,51.27,51.42,77804
154,51.32,51.36,51.26,51.27,69520
155,51.39,51.395,51.32,51.32,80174
156,51.335,51.4,51.3,51.39,220670
157,51.16,51.34,51.155,51.33,144452
158,51.205,51.21,51.145,51.16,84327
159,51.2435,51.25,51.2,51.21,160550
160,51.275,51.31,51.24,51.245,41691
161,51.26,51.28,51.225,51.275,52538
162,51.27,51.29,51.26,51.26,32110
163,51.23,51.27,51.205,51.27,38173
164,51.275,51.2866,51.23,51.23,49520
165,51.26,51.28,51.255,51.275,44561
166,51.315,51.32,51.26,51.26,48484
167,51.32,51.33,51.29,51.315,43229
168,51.27,51.32,51.265,51.3184,43577
169,51.275,51.294,51.255,51.27,54867
170,51.31,51.32,51.265,51.28,46088
171,51.27,51.32,51.26,51.3,50826
172,51.26,51.27,51.245,51.26,45872
173,51.2244,51.275,51.21,51.255,180930
174,51.2,51.23,51.175,51.23,105588
175,51.22,51.24,51.2,51.21,63322
176,51.235,51.26,51.2,51.225,64505
177,51.22,51.24,51.215,51.2301,62412
178,51.32,51.335,51.225,51.23,84603
179,51.275,51.32,51.25,51.32,64827
180,51.3,51.31,51.265,51.265,73546
181,51.275,51.3099,51.27,51.3,91194
182,51.275,51.28,51.25,51.275,186744
183,51.36,51.36,51.27,51.275,1218289
288,51.41,51.49,51.36,51.36,70652
289,51.465,51.5,51.1,51.39,260402
290,51.15,51.45,51.05,51.44,73389
291,51.06,51.27,51.02,51.16,71546
292,51.01,51.065,50.91,51.065,74535
293,51.08,51.115,51,51.01,72476
294,51.095,51.1,51.04,51.075,102457
295,51.16,51.16,51.045,51.1,103983
296,51.15,51.205,51.135,51.16,113527
297,51.19,51.24,51.14,51.145,87688
298,51.14,51.21,51.135,51.2,68868
299,51.15,51.165,51.12,51.15,58479
300,51.2,51.225,51.14,51.15,68414
301,51.225,51.25,51.2,51.201,51105
302,51.12,51.23,51.1,51.225,166188
303,51.12,51.155,51.1,51.12,55986
304,51.155,51.18,51.09,51.12,65620
305,51.165,51.2,51.16,51.16,43138
306,51.08,51.17,51.07,51.17,39071
307,51.03,51.09,51.02,51.08,40292
308,51,51.05,50.985,51.04,80273
309,51.06,51.11,51.005,51.01,72263
310,51.13,51.15,51.06,51.06,58148
311,51.18,51.22,51.115,51.12,50625
312,51.145,51.2,51.13,51.1801,31074
313,51.18,51.19,51.12,51.145,29338
314,51.14,51.2,51.105,51.18,106081
315,51.16,51.19,51.12,51.15,61040
316,51.19,51.19,51.115,51.15,108937
317,51.29,51.31,51.185,51.185,160644
318,51.347,51.3799,51.28,51.29,92690
319,51.315,51.385,51.31,51.34,106304
320,51.29,51.38,51.24,51.32,101968
321,51.225,51.29,51.21,51.29,58385
322,51.26,51.26,51.19,51.22,55765
323,51.34,51.36,51.25,51.25,57334
324,51.37,51.37,51.29,51.33,127253
325,51.335,51.39,51.33,51.36,154789
326,51.35,51.38,51.3,51.33,118202
327,51.36,51.39,51.27,51.35,667454
432,51.54,51.54,51.5,51.53,41580
433,51.66,51.67,51.41,51.59,139627
434,51.82,51.93,51.64,51.64,145198
435,51.81,51.86,51.79,51.83,102858
436,51.81,51.87,51.795,51.81,94275
437,51.9,51.9193,51.8,51.8057,78314
438,51.88,51.97,51.88,51.9,53983
439,51.955,51.965,51.85,51.88,46843
440,51.98,52.04,51.935,51.95,125938
441,52.18,52.19,51.9,51.99,371463
442,52.09,52.28,52.09,52.18,161957
443,52.055,52.115,52.04,52.095,112277
444,52.0521,52.095,52.05,52.055,60064
445,52.08,52.12,52.035,52.055,81922
446,52.065,52.125,52.04,52.07,76791
447,52.01,52.065,51.955,52.06,94603
448,52.03,52.04,51.985,52.01,92063
449,52,52.03,51.985,52.03,88525
450,51.89,52.01,51.89,52.01,52967
451,51.97,51.978,51.885,51.8943,48627
452,52.01,52.04,51.98,51.98,72449
453,52.09,52.095,52.01,52.02,51393
454,52.005,52.11,52,52.09,58221
455,52.01,52.03,51.97,52,54620
456,51.97,52.02,51.945,52.015,47294
457,51.97,52.01,51.97,51.975,54616
458,51.935,51.99,51.93,51.98,52632
459,51.94,51.95,51.9,51.94,32115
460,51.98,51.99,51.93,51.93,46549
461,51.97,52.01,51.965,51.98,67055
462,51.92,51.975,51.91,51.975,36360
463,51.9,51.96,51.9,51.93,43931
464,51.9201,51.93,51.87,51.9,48989
465,51.84,51.93,51.84,51.925,105859
466,51.77,51.86,51.75,51.84,61082
467,51.79,51.8,51.77,51.775,32517
468,51.9,51.9,51.77,51.79,105972
469,51.915,51.93,51.88,51.895,111004
470,51.86,51.915,51.86,51.915,90650
471,51.91,51.94,51.83,51.85,557558
576,52.02,52.12,51.88,51.9,95565
577,51.7,52.12,51.51,52,111906
578,51.61,51.77,51.58,51.69,116803
579,51.61,51.68,51.545,51.61,65051
580,51.65,51.75,51.6,51.6,106821
581,51.73,51.75,51.65,51.65,55513
582,51.75,51.77,51.685,51.73,46622
583,51.639,51.77,51.639,51.75,75043
584,51.69,51.72,51.635,51.64,48156
585,51.7,51.73,51.665,51.69,51887
586,51.885,51.91,51.7,51.7,146528
587,51.85,51.99,51.85,51.89,131508
588,51.91,51.91,51.825,51.85,43734
589,51.8975,51.99,51.89,51.91,84761
590,51.815,51.93,51.77,51.9,134994
591,51.77,51.83,51.75,51.82,68244
592,51.79,51.8,51.755,51.77,53419
593,51.82,51.84,51.77,51.8,84831
594,51.81,51.825,51.795,51.82,24711
595,51.815,51.82,51.8,51.81,24403
596,51.9,51.9,51.8032,51.815,50895
597,51.94,51.95,51.88,51.895,48930
598,51.99,52,51.93,51.935,17968
599,51.9568,52,51.95,51.995,33733
600,52,52,51.95,51.9592,32203
601,52.025,52.03,51.98,51.99,48094
602,52.04,52.07,52.02,52.025,55976
603,52.1,52.115,52.03,52.04,69123
604,52.07,52.11,52.07,52.1,59838
605,51.99,52.086,51.98,52.07,66040
606,52.005,52.02,51.96,51.995,66604
607,51.99,52.01,51.98,52,30951
608,52.04,52.07,51.9948,51.995,52452
609,52.07,52.12,52.015,52.04,72221
610,52.1,52.11,52.06,52.075,81897
611,52.16,52.16,52.09,52.095,92831
612,52.165,52.165,52.115,52.15,109187
613,52.1989,52.23,52.11,52.16,139136
614,52.215,52.27,52.16,52.19,250784
615,52.25,52.27,52.205,52.215,1598430
a1493645400,52.64,52.64,52.63,52.63,48588
1,52.3856,52.7,52.32,52.69,148524
2,52.43,52.5,52.33,52.39,200945
3,52.54,52.58,52.39,52.42,86990
4,52.58,52.68,52.5,52.54,145910
5,52.52,52.59,52.49,52.58,149435
6,52.55,52.56,52.46,52.5157,66771
7,52.65,52.67,52.5555,52.5555,63834
8,52.64,52.66,52.57,52.64,113386
9,52.7542,52.77,52.625,52.64,105999
10,52.73,52.81,52.695,52.755,104612
11,52.67,52.76,52.65,52.735,80990
12,52.625,52.71,52.61,52.68,47039
13,52.715,52.729,52.625,52.625,41283
14,52.805,52.81,52.71,52.72,64731
15,52.805,52.82,52.78,52.805,91722
16,52.85,52.86,52.77,52.8,92981
17,52.835,52.8834,52.8,52.85,64991
18,52.909,52.92,52.82,52.835,105064
19,52.995,53.03,52.9,52.905,106871
20,52.91,53,52.91,52.99,104902
21,52.8,52.91,52.7907,52.91,54479
22,52.805,52.86,52.75,52.7904,64673
23,52.84,52.84,52.74,52.8001,42699
24,52.835,52.86,52.825,52.845,27801
25,52.825,52.84,52.795,52.835,37308
26,52.845,52.85,52.82,52.83,25698
27,52.828,52.845,52.81,52.84,52395
28,52.83,52.87,52.8,52.82,57040
29,52.815,52.84,52.8,52.84,38120
30,52.8,52.82,52.78,52.815,60636
31,52.76,52.795,52.75,52.79,56523
32,52.71,52.77,52.7,52.765,79640
33,52.67,52.71,52.66,52.7,57617
34,52.735,52.74,52.67,52.675,77161
35,52.76,52.76,52.72,52.74,57029
36,52.7843,52.81,52.745,52.75,89172
37,52.765,52.82,52.765,52.78,116450
38,52.75,52.79,52.73,52.76,158476
39,52.7,52.76,52.7,52.74,1042009
144,53.19,53.19,53.17,53.17,55046
145,53.13,53.39,53.0838,53.19,243658
146,52.85,53.21,52.81,53.13,137585
147,52.9,52.97,52.8136,52.84,110005
148,52.99,53,52.77,52.9,122520
149,52.9299,52.99,52.9,52.98,64669
150,53.055,53.0699,52.92,52.92,66046
151,52.95,53.09,52.945,53.055,138881
152,52.96,52.99,52.91,52.94,134170
153,52.91,53,52.905,52.9564,70510
154,52.945,52.97,52.92,52.92,111063
155,52.959,53,52.9243,52.945,107615
156,52.99,53.03,52.95,52.9552,69594
157,52.995,53.04,52.98,52.99,114311
158,53.0771,53.08,52.99,53.005,73683
159,52.949,53.08,52.949,53.075,67712
160,52.96,52.98,52.94,52.95,64703
161,52.98,52.995,52.95,52.96,40573
162,52.9559,53.02,52.9559,52.98,58532
163,52.94,52.975,52.92,52.96,125052
164,52.98,53.04,52.94,52.94,77564
165,53.02,53.02,52.95,52.98,45001
166,53.04,53.05,53,53.02,43945
167,53.05,53.05,53.02,53.035,37484
168,53.01,53.05,52.98,53.05,48320
169,53.0058,53.06,53,53.02,52088
170,52.92,53.01,52.91,53.0033,40090
171,52.921,52.93,52.86,52.92,74509
172,52.9,52.925,52.84,52.92,112913
173,52.831,52.94,52.83,52.91,60128
174,52.79,52.87,52.78,52.83,95254
175,52.83,52.83,52.775,52.79,109976
176,52.82,52.89,52.81,52.82,77923
177,52.87,52.915,52.81,52.82,86258
178,52.95,52.96,52.875,52.875,73847
179,52.91,52.95,52.9,52.95,64195
180,52.97,52.97,52.9,52.9,116264
181,52.9499,52.99,52.92,52.97,130448
182,52.96,52.97,52.91,52.95,169772
183,53.03,53.035,52.97,52.97,758494
288,53.15,53.15,53.15,53.15,51181
289,52.9401,53.31,52.9,53.15,274176
290,52.95,53.02,52.9,52.95,71612
291,52.95,53,52.9,52.95,139518
292,52.845,52.96,52.8301,52.95,112949
293,52.96,53.02,52.845,52.85,140428
294,52.85,52.96,52.85,52.96,135614
295,52.735,52.94,52.73,52.855,135515
296,52.675,52.75,52.645,52.74,180548
297,52.76,52.765,52.645,52.68,110917
298,52.75,52.78,52.72,52.76,57836
299,52.79,52.79,52.71,52.75,34190
300,52.825,52.88,52.785,52.79,67846
301,52.81,52.83,52.795,52.83,38519
302,52.87,52.87,52.79,52.8,48981
303,52.8054,52.88,52.8,52.88,33912
304,52.76,52.81,52.735,52.8001,47171
305,52.77,52.8,52.74,52.7501,25005
306,52.75,52.785,52.73,52.77,99295
307,52.8201,52.83,52.74,52.75,45268
308,52.8353,52.851,52.82,52.82,35438
309,52.83,52.86,52.8,52.83,50412
310,52.865,52.88,52.76,52.8257,104928
311,52.82,52.88,52.81,52.86,26370
312,52.77,52.83,52.74,52.82,40409
313,52.7547,52.8,52.74,52.77,21329
314,52.73,52.77,52.72,52.755,41172
315,52.71,52.75,52.68,52.73,41460
316,52.7247,52.78,52.6956,52.7066,128268
317,52.635,52.73,52.62,52.73,124467
318,52.62,52.65,52.6,52.635,136009
319,52.58,52.67,52.57,52.62,86989
320,52.6501,52.659,52.55,52.59,114217
321,52.62,52.685,52.62,52.66,117258
322,52.68,52.71,52.6,52.63,60435
323,52.61,52.69,52.585,52.68,100917
324,52.58,52.61,52.57,52.6,91851
325,52.655,52.685,52.585,52.585,140131
326,52.84,52.89,52.655,52.655,188931
327,52.84,52.88,52.82,52.84,769977
432,53.02,53.04,52.97,52.97,44987
433,52.97,53.248,52.9001,53.03,105227
434,52.87,52.99,52.83,52.965,187629
435,52.825,52.89,52.77,52.88,118436
436,52.735,52.84,52.7153,52.83,200350
437,52.72,52.82,52.7,52.735,152779
438,52.735,52.79,52.46,52.73,325509
439,52.705,52.735,52.6,52.735,173850
440,52.83,52.88,52.64,52.7,156837
441,52.83,52.89,52.67,52.84,124302
442,52.7417,52.94,52.7417,52.84,181264
443,52.7,52.82,52.655,52.75,168321
444,52.7348,52.75,52.69,52.7,110619
445,52.76,52.8,52.69,52.74,194222
446,52.76,52.91,52.73,52.765,219480
447,52.77,52.88,52.74,52.755,122223
448,52.66,52.81,52.66,52.765,171888
449,52.57,52.75,52.56,52.66,205524
450,52.62,52.67,52.56,52.5643,85229
451,52.74,52.75,52.62,52.62,76177
452,52.81,52.815,52.69,52.745,63578
453,52.83,52.85,52.79,52.805,64286
454,52.845,52.855,52.8,52.82,88512
455,52.84,52.85,52.8,52.85,61196
456,52.86,52.92,52.82,52.83,77051
457,52.9,52.94,52.83,52.86,89539
458,53.02,53.03,52.86,52.895,140809
459,52.94,53.02,52.93,53.02,90342
460,53.06,53.07,52.94,52.95,96905
461,53.06,53.18,53.0501,53.0501,173363
462,53.095,53.12,52.99,53.05,124858
463,53.12,53.17,53.05,53.095,106627
464,53.15,53.175,53.09,53.12,101130
465,53.105,53.16,53.035,53.16,136544
466,53.1,53.15,53.065,53.1,187355
467,53.2,53.2,53.07,53.1,147725
468,53.16,53.23,53.16,53.205,153276
469,53.36,53.38,53.14,53.16,322641
470,53.17,53.36,53.12,53.36,471184
471,53.1,53.22,53,53.18,946782
576,54.2,54.2,54.005,54.005,130249
577,54.34,54.75,53.85,53.85,1132003
578,53.85,54.35,53.69,54.335,631315
579,53.94,54.2,53.75,53.84,684419
580,54.025,54.07,53.84,53.94,350087
581,53.75,54.08,53.71,54.025,223383
582,53.87,53.88,53.75,53.75,165527
583,53.7801,53.88,53.68,53.87,314041
584,53.55,53.8,53.485,53.79,264522
585,53.51,53.65,53.47,53.555,242006
586,53.44,53.52,53.34,53.51,322602
587,53.49,53.56,53.43,53.44,158894
588,53.27,53.5,53.26,53.5,224503
589,53.16,53.31,53.1,53.28,222578
590,53.1599,53.21,53.12,53.16,95946
591,53.2399,53.265,53.075,53.155,159818
592,53.3469,53.38,53.22,53.23,170818
593,53.35,53.4,53.34,53.35,64487
594,53.2183,53.35,53.215,53.35,84616
595,53.3,53.31,53.2,53.22,77059
596,53.43,53.47,53.29,53.3,124552
597,53.375,53.47,53.355,53.43,140536
598,53.355,53.425,53.35,53.375,129216
599,53.31,53.36,53.27,53.36,141703
600,53.215,53.34,53.21,53.31,57129
601,53.35,53.36,53.175,53.215,202496
602,53.425,53.5,53.33,53.35,123524
603,53.435,53.49,53.38,53.425,119425
604,53.43,53.47,53.415,53.435,87334
605,53.45,53.52,53.385,53.43,123695
606,53.52,53.57,53.44,53.45,86827
607,53.5,53.57,53.49,53.525,73911
608,53.61,53.645,53.49,53.495,110059
609,53.67,53.67,53.57,53.61,108710
610,53.78,53.79,53.61,53.665,228462
611,53.66,53.77,53.659,53.77,195744
612,53.69,53.69,53.6,53.655,227304
613,53.645,53.695,53.595,53.69,182095
614,53.75,53.77,53.64,53.645,265122
615,53.83,53.895,53.75,53.75,1076608
a1494250800,53.9508,54.03,53.91,53.96,122061
1,53.72,53.98,53.63,53.93,123913
2,53.53,53.73,53.52,53.7,164348
3,53.51,53.55,53.47,53.54,124768
4,53.39,53.54,53.38,53.51,114486
5,53.41,53.49,53.35,53.3899,70134
6,53.5882,53.595,53.41,53.41,72229
7,53.63,53.685,53.58,53.58,84036
8,53.7,53.7,53.58,53.64,73126
9,53.7593,53.82,53.7001,53.705,120067
10,53.76,53.845,53.745,53.76,93468
11,53.795,53.8,53.71,53.755,86029
12,53.9,53.91,53.8,53.8,63336
13,53.835,53.91,53.83,53.89,54060
14,53.84,53.865,53.79,53.83,83276
15,53.83,53.85,53.79,53.85,50333
16,53.815,53.8652,53.81,53.82,63728
17,53.845,53.88,53.81,53.8101,54151
18,53.87,53.895,53.83,53.85,46145
19,53.79,53.87,53.79,53.87,39800
20,53.7962,53.83,53.77,53.785,53834
21,53.81,53.85,53.795,53.8,32925
22,53.82,53.83,53.79,53.82,57880
23,53.84,53.85,53.805,53.815,47251
24,53.895,53.91,53.805,53.845,89959
25,53.955,53.955,53.86,53.89,65372
26,53.97,54,53.93,53.95,104633
27,53.93,54,53.91,53.98,138005
28,54.04,54.06,53.935,53.935,201639
29,54.04,54.045,54,54.03,76624
30,54.045,54.1,54.01,54.05,186053
31,54.03,54.07,54.01,54.045,131115
32,54.0675,54.075,54.02,54.025,171540
33,54.07,54.08,54.03,54.07,146838
34,53.99,54.08,53.985,54.08,102104
35,53.995,54,53.98,53.995,89392
36,53.93,54,53.92,53.995,179386
37,53.92,53.95,53.89,53.93,155327
38,53.99,53.99,53.9097,53.92,673210
143,53.94,53.94,53.94,53.94,84568
144,54.13,54.1499,53.76,53.92,180209
145,54.21,54.3,54.115,54.115,102735
146,54.37,54.37,54.2148,54.225,128501
147,54.4,54.42,54.31,54.37,113329
148,54.3,54.395,54.25,54.395,66841
149,54.24,54.335,54.2,54.3,55210
150,54.24,54.295,54.22,54.235,71623
151,54.285,54.3,54.18,54.25,76146
152,54.46,54.47,54.29,54.29,127024
153,54.57,54.57,54.44,54.47,114944
154,54.49,54.65,54.46,54.57,122765
155,54.56,54.57,54.439,54.49,64106
156,54.7,54.72,54.56,54.56,113708
157,54.75,54.7799,54.71,54.71,161371
158,54.75,54.79,54.72,54.75,168595
159,54.719,54.785,54.68,54.76,105546
160,54.63,54.72,54.59,54.72,58803
161,54.659,54.665,54.58,54.63,73580
162,54.67,54.67,54.58,54.65,100378
163,54.66,54.68,54.62,54.67,38647
164,54.705,54.72,54.65,54.66,60321
165,54.665,54.72,54.63,54.705,50983
166,54.635,54.67,54.62,54.66,42983
167,54.51,54.64,54.5,54.63,50888
168,54.575,54.59,54.49,54.515,52902
169,54.615,54.63,54.58,54.58,70483
170,54.67,54.68,54.61,54.61,58578
171,54.64,54.685,54.64,54.665,63230
172,54.64,54.68,54.62,54.64,45055
173,54.64,54.68,54.63,54.64,75155
174,54.65,54.67,54.61,54.64,75443
175,54.665,54.7,54.63,54.655,42976
176,54.63,54.67,54.61,54.66,40082
177,54.63,54.655,54.59,54.625,53645
178,54.5658,54.65,54.55,54.625,64889
179,54.59,54.61,54.56,54.56,57780
180,54.5,54.605,54.46,54.6,87637
181,54.525,54.54,54.49,54.505,174991
182,54.62,54.675,54.52,54.525,795961
287,55.2,55.26,55.14,55.26,106123
288,55.02,55.41,54.97,55.19,288655
289,55.65,55.65,54.96,55.01,312847
290,55.8,55.82,55.56,55.63,363230
291,55.815,56.03,55.705,55.795,320914
292,55.8,55.94,55.77,55.815,197709
293,55.9,55.92,55.78,55.8,158630
294,55.62,55.9,55.53,55.89,349129
295,55.385,55.73,55.315,55.64,203351
296,55.42,55.5,55.36,55.38,210049
297,55.54,55.57,55.39,55.42,155765
298,55.67,55.67,55.54,55.55,100993
299,55.75,55.82,55.68,55.68,138790
300,55.81,55.8168,55.65,55.75,136661
301,55.7,55.8001,55.65,55.8001,111983
302,55.92,55.93,55.69,55.7,157466
303,55.99,56,55.82,55.92,143495
304,55.9109,55.99,55.85,55.99,102051
305,56,56.05,55.91,55.91,140859
306,55.885,56.02,55.88,56,181864
307,56,56.005,55.88,55.88,129723
308,56,56.03,55.97,56,114346
309,55.92,56.049,55.89,56.005,101991
310,55.86,55.94,55.8,55.91,79751
311,55.989,55.989,55.85,55.86,63759
312,56.15,56.19,55.98,55.985,152528
313,56.195,56.23,56.13,56.155,165324
314,56.095,56.21,56.07,56.2,96645
315,56.05,56.11,56.03,56.09,78243
316,55.97,56.045,55.875,56.045,174589
317,55.945,56.01,55.945,55.97,101113
318,55.975,56.015,55.925,55.94,217480
319,56,56,55.95,55.97,118469
320,56.02,56.02,55.98,56.01,217647
321,56.05,56.06,56,56.025,197829
322,55.965,56.075,55.91,56.05,249384
323,55.995,56.03,55.95,55.96,175354
324,55.975,56.04,55.94,55.995,240842
325,56,56.01,55.95,55.9701,186655
326,55.99,56.01,55.95,56.01,672687
431,55.98,55.98,55.97,55.97,61137
432,55.56,55.984,55.46,55.95,257453
433,55.72,55.745,55.5,55.58,163464
434,55.59,55.75,55.57,55.72,95138
435,55.62,55.66,55.51,55.58,95415
436,55.655,55.69,55.58,55.625,82007
437,55.625,55.67,55.56,55.66,137270
438,55.495,55.63,55.455,55.625,255842
439,55.69,55.72,55.45,55.5,93171
440,55.65,55.705,55.59,55.705,129113
441,55.7085,55.71,55.61,55.645,71158
442,55.635,55.73,55.635,55.71,67982
443,55.605,55.6399,55.52,55.63,73069
444,55.56,55.67,55.54,55.61,43985
445,55.4542,55.56,55.45,55.55,55365
446,55.55,55.55,55.42,55.46,61186
447,55.465,55.57,55.46,55.55,50111
448,55.55,55.58,55.4699,55.47,63453
449,55.595,55.605,55.53,55.54,53713
450,55.54,55.59,55.51,55.59,51625
451,55.515,55.55,55.46,55.535,76668
452,55.48,55.53,55.46,55.52,61486
453,55.37,55.49,55.37,55.475,101749
454,55.41,55.4393,55.37,55.375,41778
455,55.32,55.419,55.32,55.405,58698
456,55.54,55.54,55.31,55.31,71409
457,55.58,55.58,55.505,55.54,64093
458,55.67,55.67,55.55,55.58,59463
459,55.6092,55.69,55.58,55.67,55857
460,55.66,55.67,55.545,55.605,56536
461,55.68,55.71,55.65,55.66,79447
462,55.62,55.69,55.6,55.68,99645
463,55.57,55.64,55.54,55.62,55199
464,55.63,55.64,55.52,55.57,75656
465,55.66,55.67,55.615,55.63,61988
466,55.65,55.69,55.6,55.65,112298
467,55.67,55.705,55.65,55.65,43771
468,55.665,55.69,55.65,55.675,94558
469,55.71,55.71,55.61,55.665,192584
470,55.75,55.79,55.7,55.705,634143
575,55.78,55.9,55.78,55.9,58479
576,55.5766,55.8,55.51,55.77,111683
577,55.66,55.74,55.57,55.5725,75180
578,55.57,55.7,55.54,55.68,55427
579,55.78,55.81,55.57,55.6,40523
580,55.8299,55.84,55.7,55.795,75065
581,55.85,55.95,55.8,55.82,90023
582,55.85,55.95,55.81,55.85,179659
583,55.9,55.91,55.8,55.85,113384
584,55.76,55.9,55.72,55.89,203959
585,55.83,55.875,55.76,55.76,187477
586,55.79,55.85,55.75,55.83,40883
587,55.76,55.8,55.75,55.78,39596
588,55.85,55.87,55.77,55.77,51412
589,55.86,55.885,55.85,55.855,40347
590,55.91,55.94,55.84,55.855,110025
591,55.909,55.92,55.8728,55.9001,63543
592,55.92,55.98,55.89,55.9,136429
593,55.99,55.99,55.91,55.92,88541
594,55.99,56.01,55.96,55.98,115108
595,55.925,56,55.92,55.99,76159
596,55.845,55.93,55.83,55.93,163342
597,55.85,55.86,55.7999,55.85,43182
598,55.8786,55.91,55.84,55.85,62552
599,55.925,55.93,55.845,55.875,31800
600,56.05,56.05,55.92,55.925,54939
601,56.05,56.095,56.03,56.04,49877
602,56.04,56.09,56.01,56.05,50166
603,55.99,56.055,55.99,56.05,40809
604,55.94,55.98,55.94,55.98,43646
605,55.93,55.96,55.92,55.95,48303
606,56,56,55.91,55.92,43982
607,55.995,56.015,55.96,55.9953,37142
608,55.995,56.015,55.98,55.99,48216
609,55.98,56.0264,55.965,55.995,64007
610,56.005,56.03,55.975,55.985,48675
611,56.02,56.035,56,56,68392
612,55.955,56.04,55.92,56.015,88294
613,56,56.02,55.95,55.955,102384
614,56.01,56.03,55.98,55.99,368504
a1494855000,56.05,56.1,56.01,56.01,88631
1,56.11,56.17,55.91,56.05,108414
2,56.18,56.22,56.085,56.105,94795
3,56.43,56.44,56.18,56.18,102003
4,56.44,56.55,56.36,56.44,125439
5,56.39,56.44,56.35,56.43,87535
6,56.4,56.41,56.33,56.39,104670
7,56.5,56.52,56.3901,56.4,85206
8,56.4441,56.5,56.38,56.495,115675
9,56.5,56.53,56.44,56.4499,84907
10,56.52,56.6,56.48,56.49,244179
11,56.33,56.52,56.33,56.52,88845
12,56.195,56.3501,56.155,56.32,378340
13,56.14,56.24,56.12,56.2,187625
14,56.1508,56.18,56.11,56.14,113546
15,56.17,56.18,56.1001,56.145,214903
16,56.16,56.27,56.16,56.17,107786
17,56.255,56.26,56.105,56.16,187112
18,56.2,56.35,56.18,56.255,192030
19,56.17,56.24,56.17,56.1999,69089
20,56.09,56.18,56.09,56.17,35916
21,56.105,56.11,56.06,56.1,85765
22,56.13,56.15,56.03,56.11,116539
23,56.16,56.215,56.1353,56.1385,61858
24,56.165,56.18,56.14,56.16,39903
25,56.265,56.28,56.1567,56.17,82593
26,56.284,56.31,56.2551,56.265,61800
27,56.35,56.365,56.285,56.285,52484
28,56.3366,56.35,56.29,56.35,44180
29,56.3,56.36,56.29,56.335,46670
30,56.23,56.305,56.23,56.305,51679
31,56.285,56.29,56.22,56.22,50103
32,56.3305,56.37,56.27,56.29,68141
33,56.285,56.37,56.28,56.315,48831
34,56.3064,56.336,56.28,56.28,38656
35,56.28,56.315,56.28,56.305,48682
36,56.34,56.35,56.27,56.28,64806
37,56.3347,56.35,56.31,56.33,81770
38,56.44,56.44,56.33,56.34,106031
39,56.41,56.47,56.39,56.44,1394815
144,56.68,56.71,56.68,56.71,59750
145,56.6701,56.755,56.46,56.68,122154
146,56.8,56.86,56.65,56.67,81362
147,56.9,56.91,56.71,56.81,119879
148,57.125,57.245,56.9,56.91,193642
149,57.25,57.299,57.09,57.12,99043
150,56.87,57.26,56.83,57.26,175395
151,56.97,56.975,56.82,56.8743,110805
152,56.99,57.045,56.9034,56.96,131422
153,56.935,56.99,56.87,56.99,122261
154,56.94,56.975,56.865,56.935,74776
155,56.88,56.945,56.85,56.94,76244
156,56.79,56.89,56.785,56.88,84178
157,56.72,56.805,56.71,56.79,121688
158,56.845,56.855,56.715,56.72,63963
159,56.8375,56.895,56.8249,56.845,67651
160,56.8075,56.835,56.75,56.835,67171
161,56.845,56.89,56.8,56.805,68554
162,56.835,56.895,56.8,56.84,51083
163,56.76,56.84,56.745,56.835,74426
164,56.775,56.78,56.72,56.75,69428
165,56.76,56.8,56.76,56.78,49387
166,56.785,56.79,56.75,56.765,100324
167,56.76,56.79,56.755,56.78,55392
168,56.765,56.81,56.735,56.76,121210
169,56.75,56.8,56.74,56.7699,123735
170,56.79,56.84,56.74,56.75,166576
171,56.76,56.83,56.715,56.796,97463
172,56.875,56.895,56.755,56.755,115321
173,56.895,56.895,56.825,56.876,69442
174,56.875,56.905,56.82,56.89,78296
175,56.945,56.95,56.86,56.87,94954
176,56.84,56.95,56.82,56.95,89399
177,56.855,56.86,56.76,56.835,110071
178,56.815,56.87,56.79,56.855,86181
179,56.705,56.81,56.705,56.81,137685
180,56.72,56.73,56.67,56.71,145481
181,56.69,56.73,56.63,56.725,160330
182,56.6775,56.71,56.63,56.7,214575
183,56.78,56.8,56.705,56.705,788859
288,56.06,56.1,56.05,56.1,141473
289,55.83,56.145,55.44,56.11,384011
290,55.78,56,55.77,55.82,256531
291,55.605,55.79,55.46,55.78,270460
292,55.57,55.65,55.35,55.61,128738
293,55.785,55.7905,55.51,55.57,91310
294,55.59,55.7893,55.54,55.785,129424
295,55.39,55.61,55.325,55.58,147915
296,55.41,55.53,55.31,55.39,173173
297,55.05,55.435,54.99,55.43,235331
298,54.78,55.075,54.77,55.06,276499
299,54.95,54.99,54.71,54.79,251146
300,54.809,54.965,54.68,54.945,226486
301,54.86,54.86,54.67,54.81,138100
302,54.81,54.92,54.805,54.8599,221103
303,54.83,54.87,54.79,54.805,200196
304,54.843,54.955,54.82,54.835,201502
305,54.86,54.94,54.845,54.85,88533
306,54.8,54.865,54.7769,54.86,223783
307,54.69,54.82,54.65,54.8035,308235
308,54.775,54.8,54.62,54.69,256093
309,55.025,55.07,54.75,54.78,183155
310,55.055,55.055,54.95,55.03,178158
311,55.08,55.12,54.93,55.0573,178061
312,55.05,55.1063,54.985,55.085,108792
313,55.05,55.09,54.96,55.045,102386
314,54.99,55.06,54.89,55.05,266163
315,54.935,55.04,54.895,54.99,145128
316,54.925,54.955,54.865,54.935,135815
317,54.79,54.925,54.75,54.92,122208
318,54.705,54.805,54.63,54.79,197130
319,54.64,54.76,54.6238,54.71,203350
320,54.4743,54.71,54.381,54.64,312492
321,54.555,54.62,54.43,54.474,162174
322,54.42,54.57,54.415,54.56,201241
323,54.44,54.46,54.225,54.43,361234
324,54.28,54.57,54.26,54.44,340260
325,54.3768,54.445,54.29,54.29,267735
326,54.3,54.44,54.22,54.38,375202
327,54.23,54.335,54.18,54.3,1131663
432,53.87,53.92,53.87,53.9,98596
433,54.595,54.62,53.66,53.93,373214
434,54.64,54.77,54.43,54.6,304730
435,54.8,54.855,54.6,54.63,227625
436,55.04,55.13,54.77,54.8,315160
437,55.01,55.15,54.98,55.045,257386
438,55.04,55.11,54.95,55.02,165998
439,55.08,55.27,54.99,55.04,308182
440,54.985,55.15,54.93,55.09,149205
441,54.98,55.04,54.94,54.985,129487
442,55.035,55.06,54.95,54.98,152970
443,55.125,55.16,54.99,55.03,97768
444,55.095,55.255,55.075,55.125,131791
445,54.975,55.135,54.97,55.1,85849
446,54.99,55.01,54.915,54.98,156774
447,54.82,55.005,54.8,54.98,117220
448,54.73,54.82,54.72,54.81,267250
449,54.905,54.93,54.725,54.73,95284
450,55.025,55.085,54.9,54.91,99808
451,55.06,55.08,54.97,55.02,98161
452,55.015,55.12,54.995,55.065,81063
453,55.055,55.08,54.98,55.0107,75431
454,55.01,55.055,54.96,55.055,242305
455,54.975,55.035,54.97,55.01,225881
456,55.025,55.03,54.935,54.98,182551
457,54.985,55.025,54.98,55.02,119751
458,54.995,55.09,54.985,54.985,123604
459,55.09,55.14,54.96,54.995,284042
460,55.28,55.385,55.075,55.095,200334
461,55.2,55.29,55.18,55.28,120816
462,55.22,55.255,55.19,55.195,139314
463,55.31,55.32,55.22,55.22,169711
464,55.185,55.31,55.16,55.305,110957
465,55.105,55.185,55.08,55.185,98074
466,55.085,55.11,55.06,55.105,175092
467,55.065,55.1,55.045,55.085,108511
468,55.085,55.2,55.05,55.0699,173040
469,55.105,55.12,55.05,55.08,219644
470,55.1575,55.22,55.06,55.1,338051
471,55.15,55.23,55.12,55.185,1321246
576,55.3,55.32,55.3,55.32,280259
577,55.26,55.3685,54.94,55.29,163032
578,55.145,55.35,55.145,55.25,115915
579,55.13,55.35,55.12,55.15,103890
580,55.27,55.29,55.13,55.13,57684
581,55.3498,55.405,55.14,55.2711,89251
582,55.46,55.475,55.28,55.34,90387
583,55.37,55.46,55.33,55.45,88524
584,55.36,55.42,55.33,55.37,120330
585,55.445,55.45,55.356,55.356,182807
586,55.59,55.67,55.445,55.45,198991
587,55.66,55.725,55.555,55.605,131136
588,55.57,55.665,55.565,55.665,99698
589,55.56,55.58,55.53,55.56,340005
590,55.45,55.56,55.4001,55.555,95095
591,55.61,55.61,55.4,55.45,96810
592,55.6899,55.69,55.6,55.6,84625
593,55.67,55.71,55.64,55.68,58443
594,55.75,55.75,55.67,55.68,65880
595,55.755,55.82,55.73,55.75,64570
596,55.685,55.76,55.68,55.7589,46204
597,55.845,55.88,55.68,55.685,92636
598,55.8,55.89,55.77,55.845,99119
599,55.865,55.8855,55.8,55.8,64573
600,55.84,55.87,55.795,55.865,91088
601,55.78,55.87,55.78,55.84,64020
602,55.84,55.86,55.75,55.78,83227
603,55.885,55.9,55.835,55.835,66118
604,55.775,55.96,55.74,55.89,133364
605,55.75,55.85,55.75,55.775,144559
606,55.77,55.785,55.68,55.755,84210
607,55.86,55.86,55.74,55.77,71938
608,55.865,55.905,55.83,55.87,94683
609,55.88,55.88,55.83,55.86,88563
610,55.8,55.94,55.79,55.88,162149
611,55.73,55.85,55.72,55.79,152061
612,55.79,55.86,55.73,55.73,162115
613,55.875,55.88,55.735,55.79,173353
614,55.95,55.975,55.76,55.87,322295
615,55.88,55.96,55.82,55.96,771294
a1495459800,56.125,56.2,56.125,56.2,87011
1,56.0314,56.24,55.98,56.23,110139
2,55.86,56.06,55.82,56.02,80574
3,55.95,55.97,55.76,55.84,92579
4,56.1,56.14,55.89,55.93,164725
5,56.26,56.27,56.07,56.105,86712
6,56.3,56.31,56.134,56.26,107258
7,56.485,56.52,56.28,56.3,129270
8,56.5,56.57,56.415,56.485,188802
9,56.57,56.63,56.47,56.5,107171
10,56.57,56.6,56.46,56.57,82830
11,56.62,56.63,56.505,56.57,77700
12,56.69,56.7,56.54,56.62,88589
13,56.71,56.735,56.665,56.69,112638
14,56.62,56.75,56.62,56.705,97252
15,56.685,56.69,56.6099,56.6208,60965
16,56.8138,56.83,56.67,56.68,202563
17,56.9,56.93,56.8,56.82,133029
18,56.9899,56.99,56.88,56.9,230189
19,57.015,57.03,56.97,56.98,125869
20,56.95,57.05,56.95,57.015,110471
21,56.825,56.965,56.82,56.95,112105
22,56.69,56.83,56.69,56.83,69241
23,56.655,56.74,56.65,56.695,85546
24,56.715,56.72,56.59,56.655,103096
25,56.85,56.85,56.715,56.72,168302
26,56.94,56.94,56.833,56.84,133872
27,57.0041,57.01,56.93,56.9473,148644
28,56.87,57.01,56.82,57,163378
29,56.94,56.95,56.86,56.875,146381
30,57.005,57.005,56.915,56.945,130769
31,57.01,57.04,56.97,57,144699
32,57.0808,57.09,56.99,57.015,110493
33,57.125,57.18,57.08,57.09,244373
34,57.16,57.16,57.11,57.12,116477
35,57.06,57.2,57.06,57.15,216716
36,57.09,57.09,57,57.06,137446
37,57.17,57.2,57.08,57.09,225553
38,57.16,57.23,57.14,57.175,279591
39,57.12,57.21,57.105,57.16,1200826
144,59.455,59.5,59.37,59.37,219008
145,58.1,60.03,58.02,59.48,1121127
146,57.9,58.1,57.73,58.1,693955
147,57.865,58.07,57.65,57.9,381819
148,57.65,57.98,57.65,57.86,176916
149,57.61,57.88,57.49,57.64,299692
150,57.51,57.72,57.38,57.56,126590
151,57.3,57.62,57.17,57.5082,277377
152,57.31,57.365,57.19,57.31,108698
153,57.35,57.45,57.14,57.32,175075
154,57.26,57.345,57.2,57.34,89589
155,57.31,57.365,57.2201,57.26,98940
156,57.4,57.43,57.29,57.31,109316
157,57.38,57.42,57.31,57.405,107398
158,57.45,57.455,57.27,57.38,81948
159,57.43,57.47,57.31,57.44,82364
160,57.39,57.42,57.31,57.41,77746
161,57.415,57.5,57.36,57.385,115479
162,57.42,57.47,57.42,57.42,152257
163,57.4,57.43,57.34,57.425,95269
164,57.495,57.51,57.39,57.405,131673
165,57.51,57.53,57.36,57.49,135792
166,57.61,57.62,57.46,57.51,126433
167,57.685,57.69,57.58,57.61,105109
168,57.85,57.95,57.68,57.6856,164360
169,57.825,57.985,57.81,57.84,146711
170,57.81,57.84,57.72,57.83,138330
171,57.87,57.89,57.75,57.8,126182
172,57.93,57.93,57.78,57.85,149252
173,57.775,57.93,57.695,57.9202,128123
174,57.76,57.84,57.7499,57.775,117783
175,57.81,57.82,57.705,57.75,152600
176,57.94,57.975,57.81,57.81,140227
177,57.97,57.97,57.86,57.93,132068
178,58.0115,58.08,57.94,57.97,186403
179,57.97,58.03,57.91,58.01,219778
180,58.04,58.11,57.93,57.97,209642
181,58.07,58.07,57.975,58.03,221895
182,57.755,58.09,57.67,58.06,595412
183,57.8,57.835,57.72,57.75,1324555
288,58,58.01,57.94,57.94,66441
289,57.625,58.065,57.42,58.02,266451
290,57.27,57.625,57.25,57.625,334802
291,57.15,57.31,56.88,57.265,422203
292,57.25,57.27,56.94,57.18,196922
293,56.98,57.28,56.93,57.26,141348
294,57.37,57.39,56.96,56.97,781524
295,57.31,57.5494,57.235,57.37,484842
296,57.5,57.54,57.3,57.3,161154
297,57.66,57.76,57.48,57.51,449791
298,57.6589,57.67,57.5,57.63,371460
299,58.04,58.07,57.65,57.66,351219
300,57.96,58.16,57.9,58.03,101265
301,58.08,58.14,57.965,57.965,65706
302,58.035,58.12,57.98,58.09,74437
303,57.97,58.06,57.89,58.03,101709
304,57.93,58.02,57.91,57.96,45663
305,57.89,57.9499,57.84,57.94,47753
306,57.8,57.896,57.78,57.896,37750
307,57.785,57.81,57.75,57.8,37952
308,57.76,57.8,57.72,57.785,50418
309,57.89,57.89,57.76,57.76,37400
310,57.86,57.9153,57.86,57.9,42147
311,57.9184,57.94,57.83,57.86,37580
312,57.91,57.92,57.85,57.91,38734
313,57.94,57.945,57.8754,57.91,32342
314,57.96,57.99,57.92,57.93,54089
315,58.01,58.0158,57.946,57.96,40802
316,57.995,58.04,57.9,58,96125
317,58.05,58.07,57.9742,57.9909,70936
318,58.07,58.12,58.04,58.05,57442
319,58.09,58.145,58.039,58.06,84936
320,58.075,58.1,58.045,58.08,62200
321,58.04,58.085,58.005,58.075,76879
322,58.12,58.125,58.01,58.045,98429
323,58.17,58.18,58.1,58.125,82132
324,58.245,58.27,58.145,58.17,142414
325,58.37,58.37,58.24,58.25,192846
326,58.4,58.41,58.335,58.37,245918
327,58.51,58.53,58.39,58.41,721143
432,59,59,58.97,58.97,64071
433,58.86,59.19,58.73,58.99,170027
434,59.176,59.23,58.74,58.86,147518
435,59.1799,59.22,59.07,59.17,161685
436,59.1,59.22,59.08,59.18,219415
437,59.11,59.205,59.04,59.1058,106920
438,59.0666,59.16,59.01,59.11,212760
439,59.125,59.2095,59.06,59.07,151159
440,58.965,59.16,58.945,59.1204,147158
441,59.04,59.0799,58.95,58.95,99418
442,59.22,59.23,59.01,59.04,156863
443,59.18,59.26,59.14,59.215,89792
444,59.085,59.23,59.085,59.19,81366
445,59.06,59.16,59.04,59.09,94328
446,59.0999,59.1,59.01,59.065,108319
447,59.064,59.12,59.025,59.09,72002
448,59.135,59.16,59.04,59.06,109244
449,59.16,59.17,59.095,59.13,72952
450,59.2161,59.22,59.12,59.16,87449
451,59.36,59.39,59.21,59.2151,117574
452,59.38,59.4299,59.34,59.355,113016
453,59.35,59.43,59.29,59.378,110387
454,59.3149,59.39,59.2601,59.35,96324
455,59.23,59.34,59.22,59.3151,79036
456,59.31,59.3166,59.22,59.236,49391
457,59.3,59.38,59.27,59.3,98968
458,59.27,59.36,59.26,59.3,59677
459,59.4,59.4,59.275,59.2799,67148
460,59.37,59.435,59.33,59.4,130872
461,59.34,59.41,59.31,59.38,61036
462,59.41,59.41,59.285,59.3435,768432
463,59.4,59.42,59.36,59.4,73715
464,59.335,59.405,59.335,59.4,72129
465,59.34,59.36,59.26,59.34,59645
466,59.355,59.365,59.28,59.345,1128665
467,59.18,59.36,59.17,59.355,125097
468,59.04,59.17,59.03,59.17,118572
469,59.06,59.095,59.01,59.05,132675
470,59.21,59.22,59.05,59.05,180719
471,59.22,59.28,59.15,59.21,636322
576,59.18,59.18,59,59.16,63553
577,58.58,59.2,58.32,59.18,311091
578,58.6797,58.68,58.4,58.553,153677
579,58.89,58.97,58.6161,58.68,160021
580,58.805,58.92,58.68,58.9,138085
581,58.83,58.895,58.74,58.82,55535
582,58.73,58.89,58.7,58.8301,148471
583,58.59,58.74,58.59,58.73,194057
584,58.71,58.79,58.58,58.59,210853
585,58.63,58.75,58.63,58.72,261012
586,58.58,58.68,58.51,58.64,94254
587,58.51,58.65,58.51,58.58,423815
588,58.46,58.57,58.38,58.51,97836
589,58.395,58.49,58.38,58.45,91697
590,58.43,58.45,58.331,58.41,101758
591,58.24,58.43,58.24,58.42,94708
592,58.29,58.2901,58.23,58.24,120693
593,58.27,58.31,58.22,58.29,142469
594,58.25,58.33,58.25,58.28,103910
595,58.21,58.26,58.17,58.255,106164
596,58.26,58.28,58.17,58.215,104155
597,58.2345,58.27,58.18,58.26,99267
598,58.21,58.25,58.15,58.23,100417
599,58.19,58.24,58.18,58.2,87930
600,58.185,58.21,58.175,58.19,72916
601,58.2144,58.22,58.175,58.18,69017
602,58.1893,58.22,58.16,58.22,79197
603,58.15,58.19,58.12,58.19,78923
604,58.07,58.17,58.07,58.15,97402
605,58.11,58.115,58.06,58.08,118124
606,58.04,58.11,58.01,58.105,133461
607,58.07,58.1,58.02,58.04,136392
608,58.09,58.11,58.04,58.076,100185
609,58.17,58.205,58.06,58.095,150815
610,58.09,58.205,58.08,58.165,303984
611,58.165,58.19,58.08,58.085,155364
612,58.165,58.17,58.13,58.165,90349
613,58.21,58.215,58.16,58.165,159517
614,58.25,58.28,58.2,58.21,224392
615,58.28,58.34,58.25,58.29,1005106
a1496151000,58.47,58.48,58.35,58.48,96991
1,58.3924,58.5,58.08,58.5,165308
2,58.24,58.67,58.23,58.4,152109
3,58.1899,58.38,58.18,58.25,135225
4,57.97,58.19,57.89,58.19,201868
5,58.01,58.0625,57.93,57.96,152473
6,58.07,58.21,58.015,58.02,117576
7,57.93,58.11,57.92,58.07,110797
8,57.89,58.01,57.83,57.93,131792
9,57.821,57.96,57.77,57.895,158380
10,57.97,58.005,57.83,57.83,115122
11,57.948,58,57.915,57.98,74171
12,57.82,57.97,57.78,57.9416,99807
13,58.075,58.075,57.8201,57.8201,104287
14,58.06,58.1,58,58.07,67654
15,58.13,58.15,58.05,58.055,98155
16,58.11,58.18,58.1,58.12,89114
17,58.105,58.15,58.06,58.115,60349
18,58.125,58.16,58.09,58.1,50355
19,58.08,58.19,58.07,58.13,53091
20,58.06,58.115,58.035,58.08,50787
21,58.1,58.1,58.01,58.05,41685
22,58.11,58.16,58.09,58.095,58172
23,58.12,58.14,58.06,58.11,36751
24,58.17,58.17,58.1,58.12,149981
25,58.19,58.21,58.15,58.17,49720
26,58.17,58.19,58.1127,58.185,63118
27,58.24,58.25,58.17,58.17,50747
28,58.285,58.29,58.22,58.24,60602
29,58.26,58.29,58.24,58.2857,53049
30,58.31,58.32,58.24,58.25,53328
31,58.325,58.36,58.2722,58.3,77514
32,58.315,58.33,58.26,58.32,91180
33,58.32,58.32,58.26,58.32,75262
34,58.4,58.41,58.26,58.32,112795
35,58.46,58.49,58.39,58.4,81080
36,58.46,58.48,58.43,58.46,80837
37,58.595,58.6,58.46,58.46,132224
38,58.61,58.62,58.5532,58.6,193989
39,58.58,58.655,58.57,58.605,838437
144,58.6,58.6,58.6,58.6,58940
145,58.4935,58.76,58.4201,58.62,176478
146,58.52,58.645,58.46,58.47,79118
147,58.22,58.53,58.14,58.51,174991
148,58.38,58.4,58.12,58.23,115853
149,58.28,58.4,58.28,58.399,125216
150,58.2675,58.37,58.22,58.26,84409
151,58.27,58.32,58.22,58.27,98898
152,58.245,58.4,58.22,58.275,100970
153,58.37,58.37,58.2,58.24,131460
154,58.47,58.54,58.38,58.38,102259
155,58.445,58.5,58.36,58.48,79229
156,58.36,58.46,58.33,58.44,78681
157,58.365,58.4,58.26,58.36,64601
158,58.455,58.46,58.33,58.36,58694
159,58.5,58.53,58.43,58.46,78821
160,58.415,58.51,58.405,58.495,71451
161,58.39,58.45,58.3608,58.42,80631
162,58.4226,58.46,58.38,58.39,84540
163,58.56,58.59,58.425,58.43,50740
164,58.525,58.57,58.51,58.55,142828
165,58.6,58.62,58.51,58.525,70973
166,58.56,58.66,58.56,58.61,77399
167,58.59,58.66,58.53,58.56,85811
168,58.575,58.6,58.54,58.59,63980
169,58.7289,58.73,58.58,58.58,71131
170,58.71,58.73,58.65,58.72,94728
171,58.75,58.81,58.6726,58.71,105983
172,58.66,58.78,58.65,58.74,143234
173,58.51,58.6757,58.45,58.66,167683
174,58.59,58.6,58.495,58.5071,87384
175,58.55,58.59,58.54,58.59,97561
176,58.51,58.59,58.49,58.555,111869
177,58.485,58.51,58.42,58.505,103844
178,58.43,58.51,58.39,58.49,138453
179,58.37,58.44,58.31,58.43,147465
180,58.37,58.42,58.36,58.375,160371
181,58.42,58.475,58.371,58.38,173386
182,58.49,58.53,58.415,58.42,219456
183,58.58,58.66,58.47,58.49,3585246
288,58.75,58.83,58.75,58.81,80710
289,58.97,59.07,58.7,58.8,659602
290,59.09,59.18,58.905,58.96,271359
291,59.14,59.2,59.06,59.09,404106
292,59.04,59.32,59.04,59.1374,423367
293,59.09,59.15,59.045,59.07,469280
294,59.16,59.18,59.06,59.09,195714
295,59.17,59.26,59.105,59.14,139786
296,59.24,59.28,59.17,59.17,162116
297,59.25,59.29,59.2099,59.24,282815
298,59.145,59.25,59.1,59.245,426724
299,59.18,59.23,59.135,59.145,131079
300,59.19,59.22,59.125,59.175,123153
301,59.1357,59.21,59.11,59.2,133620
302,59.28,59.29,59.14,59.14,139481
303,59.35,59.355,59.26,59.27,181345
304,59.285,59.45,59.28,59.35,224205
305,59.37,59.38,59.25,59.28,118099
306,59.365,59.41,59.32,59.3651,116957
307,59.38,59.43,59.365,59.365,508996
308,59.2,59.385,59.19,59.38,207898
309,59.25,59.29,59.19,59.195,195879
310,59.231,59.275,59.2,59.25,136867
311,59.18,59.24,59.16,59.24,70538
312,59.19,59.21,59.16,59.19,56943
313,59.16,59.21,59.1438,59.18,69450
314,59.17,59.18,59.14,59.15,90998
315,59.1,59.17,59.08,59.165,387803
316,59.11,59.13,59.09,59.1,388897
317,59.1501,59.17,59.1,59.105,107259
318,59.13,59.17,59.095,59.155,87113
319,59.105,59.16,59.07,59.13,90388
320,59.125,59.16,59.08,59.11,134185
321,59.15,59.175,59.115,59.12,140711
322,59.195,59.2,59.14,59.16,107679
323,59.27,59.27,59.19,59.2,97523
324,59.44,59.44,59.25,59.265,199944
325,59.405,59.45,59.35,59.44,340177
326,59.45,59.46,59.33,59.4,385959
327,59.56,59.57,59.44,59.455,1144260
432,59.68,59.68,59.65,59.65,69954
433,59.47,59.69,59.45,59.65,135642
434,59.32,59.51,59.24,59.485,108864
435,59.09,59.32,59.07,59.32,120154
436,59.19,59.29,59.09,59.09,134291
437,59.255,59.28,59.17,59.2,95992
438,59.24,59.27,59.15,59.2546,83396
439,59.28,59.29,59.2,59.24,70028
440,59.34,59.46,59.28,59.28,103025
441,59.47,59.51,59.34,59.34,77401
442,59.44,59.52,59.38,59.475,100718
443,59.47,59.51,59.39,59.44,146120
444,59.48,59.49,59.44,59.475,52810
445,59.484,59.5,59.45,59.47,101641
446,59.45,59.5,59.44,59.485,127276
447,59.45,59.49,59.41,59.45,73883
448,59.31,59.47,59.3,59.45,59310
449,59.3,59.33,59.27,59.31,35937
450,59.21,59.33,59.15,59.3085,58378
451,59.14,59.22,59.13,59.205,222173
452,59.05,59.15,59.02,59.14,71443
453,59.12,59.1434,59.05,59.05,68941
454,59.07,59.145,59.06,59.12,48438
455,59.155,59.16,59.05,59.08,52952
456,59.3199,59.325,59.155,59.155,75632
457,59.36,59.4,59.32,59.32,45265
458,59.355,59.39,59.34,59.36,32067
459,59.4089,59.41,59.325,59.35,55813
460,59.43,59.44,59.39,59.41,51943
461,59.5093,59.52,59.4,59.43,57550
462,59.47,59.55,59.47,59.51,82101
463,59.505,59.52,59.46,59.47,63825
464,59.5,59.51,59.46,59.5,55994
465,59.625,59.625,59.48,59.49,119307
466,59.73,59.74,59.62,59.63,115249
467,59.64,59.735,59.6,59.73,116659
468,59.59,59.63,59.59,59.63,96048
469,59.65,59.65,59.57,59.59,107015
470,59.58,59.65,59.52,59.65,173843
471,59.65,59.67,59.57,59.58,1025001
864,59.76,59.76,59.76,59.76,64598
865,60.09,60.15,59.7,59.78,209329
866,60.2182,60.22,59.98,60.09,152449
867,60.27,60.46,60.17,60.23,282659
868,59.92,60.275,59.92,60.273,138261
869,60.1576,60.16,59.902,59.92,146234
870,60.11,60.191,60.07,60.16,68027
871,60.0192,60.13,60,60.11,105475
872,60.015,60.09,60,60.02,75887
873,59.995,60.05,59.96,60.0147,76180
874,60.04,60.04,59.99,59.995,40411
875,60.065,60.12,60.035,60.04,84492
876,59.87,60.065,59.855,60.06,53262
877,59.9,59.925,59.81,59.88,66016
878,59.8,59.895,59.785,59.895,88136
879,59.8,59.86,59.79,59.82,55817
880,59.77,59.84,59.74,59.81,46270
881,59.73,59.79,59.7,59.768,57799
882,59.71,59.74,59.66,59.74,49268
883,59.67,59.73,59.65,59.7,57937
884,59.59,59.68,59.585,59.67,34786
885,59.6,59.63,59.56,59.59,79762
886,59.56,59.6111,59.56,59.6,47388
887,59.7466,59.765,59.56,59.56,67967
888,59.725,59.75,59.675,59.74,38708
889,59.7111,59.77,59.69,59.715,44976
890,59.74,59.76,59.7,59.72,43673
891,59.7292,59.755,59.69,59.7399,38758
892,59.81,59.82,59.72,59.72,43936
893,59.8625,59.875,59.755,59.81,92140
894,59.86,59.87,59.82,59.85,49903
895,59.85,59.905,59.815,59.85,60934
896,59.82,59.85,59.79,59.85,43724
897,59.78,59.83,59.77,59.815,45456
898,59.785,59.83,59.765,59.7719,50174
899,59.8,59.81,59.7633,59.78,50748
900,59.8167,59.82,59.775,59.8,55031
901,59.81,59.84,59.79,59.815,67555
902,59.805,59.82,59.78,59.805,96152
903,59.8,59.83,59.77,59.8,367462
a1496755800,60,60,59.92,59.93,55982
1,59.9,60.03,59.81,59.987,87371
2,59.97,60.0125,59.82,59.89,49880
3,59.97,60.005,59.95,59.9899,43136
4,60.03,60.09,59.95,59.98,65302
5,60.05,60.11,60.02,60.02,67926
6,60.135,60.16,60.01,60.05,88384
7,60.07,60.17,60.07,60.135,49117
8,60.135,60.17,60.055,60.08,57551
9,60.145,60.24,60.11,60.135,104611
10,60.19,60.2,60.06,60.14,91218
11,60.125,60.2,60.125,60.18,60850
12,60.105,60.16,60.07,60.13,75677
13,60.0757,60.13,60.06,60.105,81301
14,60.04,60.11,60.02,60.08,56591
15,60.0135,60.075,60.0089,60.05,44548
16,60.03,60.05,59.975,60.015,44515
17,60.01,60.06,60.01,60.0292,36255
18,60.09,60.09,60.01,60.015,44917
19,60.0437,60.095,60.04,60.09,40107
20,60.05,60.075,60.01,60.04,33958
21,60.03,60.06,60.02,60.05,38639
22,60.07,60.09,60.02,60.04,65550
23,59.9299,60.09,59.91,60.07,58359
24,59.86,59.92,59.84,59.92,54722
25,59.79,59.8654,59.7743,59.8654,44980
26,59.79,59.805,59.73,59.7858,56036
27,59.8,59.82,59.76,59.781,43994
28,59.8,59.85,59.78,59.795,50652
29,59.75,59.81,59.74,59.801,47699
30,59.82,59.835,59.74,59.75,59308
31,59.86,59.915,59.8,59.81,60321
32,59.881,59.91,59.85,59.87,46575
33,59.925,59.935,59.86,59.8887,52447
34,59.865,59.98,59.86,59.93,46970
35,59.835,59.87,59.81,59.86,53045
36,59.63,59.84,59.625,59.835,85973
37,59.68,59.69,59.441,59.63,225835
38,59.74,59.78,59.64,59.67,202703
39,59.84,59.9,59.73,59.74,859478
144,60.06,60.06,60.06,60.06,61789
145,60.25,60.56,60.02,60.1,357410
146,60.51,60.64,60.245,60.255,287621
147,60.32,60.53,60.29,60.52,175977
148,60.59,60.66,60.33,60.33,167544
149,60.535,60.585,60.49,60.58,86543
150,60.56,60.61,60.515,60.535,76195
151,60.39,60.65,60.39,60.55,131769
152,60.57,60.58,60.31,60.38,203758
153,60.56,60.67,60.56,60.565,129537
154,60.62,60.67,60.51,60.57,77970
155,60.73,60.76,60.615,60.625,131770
156,60.715,60.85,60.705,60.73,92658
157,60.645,60.76,60.64,60.715,220205
158,60.69,60.69,60.53,60.64,111461
159,60.725,60.78,60.66,60.69,114500
160,60.67,60.73,60.63,60.727,84574
161,60.61,60.7,60.61,60.6799,63370
162,60.55,60.66,60.55,60.615,47929
163,60.57,60.62,60.52,60.55,85234
164,60.51,60.64,60.51,60.56,83477
165,60.5,60.545,60.4,60.52,191400
166,60.43,60.52,60.43,60.5,58249
167,60.34,60.49,60.32,60.43,106045
168,60.3356,60.37,60.285,60.335,83958
169,60.31,60.36,60.3,60.335,64917
170,60.345,60.35,60.3,60.31,80850
171,60.38,60.42,60.32,60.345,66724
172,60.52,60.56,60.37,60.39,68586
173,60.475,60.53,60.445,60.52,95865
174,60.57,60.6,60.47,60.475,90961
175,60.65,60.65,60.545,60.56,92256
176,60.63,60.67,60.58,60.65,92942
177,60.51,60.645,60.48,60.64,101306
178,60.4715,60.52,60.44,60.515,111427
179,60.52,60.56,60.45,60.472,103142
180,60.57,60.5752,60.5,60.53,100611
181,60.52,60.61,60.49,60.58,144505
182,60.66,60.7,60.51,60.53,206856
183,60.53,60.67,60.49,60.67,1152676
288,60.65,60.65,60.65,60.65,67564
289,60.15,60.69,60.1144,60.6675,190482
290,60.24,60.31,60.11,60.14,178942
291,60.15,60.2512,60.02,60.2322,137536
292,59.9953,60.22,59.96,60.145,210616
293,59.822,60.05,59.822,60,148565
294,59.63,59.86,59.56,59.8282,160578
295,59.87,60,59.63,59.63,216995
296,59.84,59.87,59.75,59.87,174326
297,60.0101,60.065,59.84,59.84,134842
298,60.04,60.081,59.96,60.02,230711
299,60.205,60.24,60.05,60.05,194775
300,60.145,60.32,60.1,60.21,111895
301,60.19,60.2134,60.06,60.14,113387
302,60.06,60.23,60.03,60.18,132852
303,60.23,60.23,60.04,60.065,118941
304,60.23,60.285,60.19,60.23,112300
305,60.39,60.41,60.24,60.24,87178
306,60.24,60.4,60.24,60.395,91086
307,60.16,60.25,60.12,60.24,79535
308,60.19,60.2,60.16,60.16,69727
309,60.1782,60.2,60.17,60.19,66266
310,60.13,60.205,60.08,60.17,130706
311,60.1701,60.185,60.12,60.14,85092
312,60.06,60.21,60.055,60.17,83896
313,60.08,60.14,60.04,60.06,54672
314,60.13,60.14,60.06,60.07,50085
315,60.22,60.28,60.14,60.14,98104
316,60.06,60.235,60.03,60.22,106489
317,59.975,60.105,59.96,60.06,108982
318,59.9993,60,59.94,59.975,90570
319,60.195,60.2,59.97,59.99,155933
320,60.1358,60.2,60.07,60.2,95212
321,60.09,60.19,60.075,60.13,107596
322,60.26,60.26,60.09,60.1,113031
323,60.3,60.32,60.19,60.255,114196
324,60.31,60.34,60.27,60.3,104275
325,60.455,60.46,60.28,60.315,154936
326,60.48,60.49,60.4,60.45,210708
327,60.55,60.58,60.47,60.48,833210
432,60.675,60.675,60.61,60.63,76486
433,60.69,61.05,60.57,60.61,414756
434,60.83,60.85,60.63,60.68,197269
435,60.84,60.89,60.68,60.83,92030
436,60.8699,60.89,60.74,60.815,81781
437,61.075,61.0773,60.85,60.86,85568
438,60.975,61.08,60.96,61.0705,70257
439,61.0699,61.1,60.97,60.98,55670
440,60.9834,61.07,60.935,61.06,65096
441,60.855,60.97,60.78,60.97,67220
442,60.69,60.855,60.68,60.855,168223
443,60.65,60.73,60.64,60.69,281045
444,60.53,60.68,60.4,60.6475,187766
445,60.55,60.635,60.51,60.53,116879
446,60.63,60.75,60.53,60.54,94826
447,60.58,60.665,60.58,60.64,71505
448,60.54,60.58,60.495,60.58,145681
449,60.31,60.55,60.305,60.535,185388
450,60.15,60.321,60.08,60.3,188815
451,59.88,60.16,59.835,60.14,191011
452,59.82,59.94,59.67,59.88,256291
453,59.865,59.915,59.8,59.82,138024
454,59.68,59.8954,59.6301,59.8732,191630
455,58.97,59.68,58.82,59.68,571995
456,58.995,59.09,58.87,58.95,322179
457,58.82,59.08,58.657,59.005,365826
458,58.57,58.85,58.47,58.81,335165
459,58.28,58.66,58.28,58.57,434474
460,58.26,58.43,58.1741,58.27,457742
461,58.2115,58.33,58.16,58.27,320479
462,58.13,58.31,58.125,58.21,250555
463,58.03,58.23,57.79,58.12,419561
464,57,58.025,56.95,58.02,534903
465,57.58,57.74,56.96,57,378577
466,58.31,58.34,57.56,57.59,574000
467,58.4195,58.47,58.2,58.3,389145
468,58.045,58.44,58,58.43,360198
469,57.93,58.06,57.84,58.05,376857
470,57.785,57.93,57.7,57.93,643309
471,58.03,58.08,57.78,57.785,1723988
864,57.1,57.12,57.04,57.06,115725
865,55.8604,57.1689,55.81,57.08,1182766
866,55.82,56.61,55.78,55.88,873871
867,55.88,56.09,55.41,55.83,785448
868,55.6,56.34,55.58,55.87,828406
869,56.23,56.3608,55.5899,55.6099,546507
870,55.935,56.41,55.915,56.24,458705
871,56.38,56.49,55.925,55.935,576801
872,56.4959,56.56,56.2299,56.3732,401477
873,56.41,56.65,56.32,56.51,470402
874,56.63,56.75,56.34,56.41,381484
875,56.91,57.06,56.62,56.63,363110
876,56.94,57.09,56.67,56.91,381864
877,56.79,57.13,56.62,56.95,391877
878,56.45,56.84,56.41,56.79,297896
879,56.5,56.58,56.329,56.44,371508
880,56.54,56.59,56.36,56.5,339153
881,56.67,56.79,56.54,56.54,265323
882,56.3501,56.73,56.28,56.66,223899
883,56.47,56.53,56.305,56.36,200153
884,56.45,56.51,56.29,56.47,175943
885,56.43,56.56,56.32,56.45,134419
886,56.26,56.435,56.18,56.42,192755
887,56.43,56.471,56.26,56.26,151358
888,56.52,56.53,56.43,56.43,153172
889,56.43,56.61,56.42,56.53,220574
890,56.46,56.57,56.42,56.43,143701
891,56.4,56.5,56.37,56.45,185532
892,56.43,56.49,56.34,56.4,220209
893,56.555,56.62,56.4,56.42,184895
894,56.5,56.61,56.46,56.56,256564
895,56.66,56.74,56.455,56.5,373568
896,56.63,56.74,56.535,56.65,250257
897,56.62,56.65,56.48,56.64,188871
898,56.73,56.8,56.535,56.61,140671
899,56.615,56.75,56.59,56.74,127629
900,56.54,56.7,56.5,56.61,173480
901,56.59,56.74,56.525,56.55,231812
902,56.61,56.695,56.53,56.5944,371481
903,56.76,56.79,56.62,56.62,1204766
a1497360600,57.48,57.6,57.42,57.46,112110
1,57.42,58,57.41,57.48,520495
2,57.99,58,57.35,57.45,227316
3,57.41,58.05,57.3233,57.98,228758
4,57.36,57.63,57.29,57.41,212557
5,57.32,57.4,57.21,57.3664,203632
6,57.29,57.3212,57.21,57.3212,83876
7,57.355,57.4,57.25,57.29,111638
8,57.06,57.38,56.9362,57.36,149722
9,56.81,57.06,56.72,57.05,197482
10,56.98,57,56.69,56.79,126561
11,57.2,57.21,56.9155,56.96,101437
12,57.14,57.25,57.0975,57.2,68394
13,57.05,57.23,57.03,57.13,180536
14,57.38,57.38,57.03,57.048,94265
15,57.45,57.4516,57.27,57.38,109229
16,57.49,57.61,57.43,57.46,101247
17,57.3347,57.5199,57.305,57.49,62805
18,57.25,57.36,57.24,57.34,74897
19,57.42,57.43,57.24,57.25,97814
20,57.48,57.52,57.4,57.43,70235
21,57.52,57.53,57.39,57.47,77827
22,57.39,57.54,57.39,57.51,103157
23,57.66,57.67,57.38,57.38,138360
24,57.7,57.71,57.635,57.66,134293
25,57.64,57.74,57.56,57.7,102561
26,57.45,57.63,57.39,57.63,102383
27,57.47,57.5,57.395,57.46,140037
28,57.44,57.47,57.37,57.47,109408
29,57.425,57.46,57.37,57.4452,100694
30,57.43,57.45,57.33,57.42,103990
31,57.62,57.62,57.415,57.42,114492
32,57.59,57.645,57.53,57.62,108523
33,57.6,57.6499,57.49,57.58,119917
34,57.63,57.645,57.57,57.6,92963
35,57.61,57.64,57.58,57.62,109165
36,57.825,57.825,57.61,57.61,143248
37,57.87,57.91,57.74,57.82,265290
38,57.92,57.93,57.7549,57.85,323156
39,57.9,57.93,57.79,57.93,1023422
144,58.19,58.19,58.01,58.03,53806
145,58.4,58.74,58.05,58.15,278246
146,58.93,59.03,58.34,58.39,384041
147,58.82,58.95,58.61,58.94,307664
148,58.8,58.86,58.55,58.82,166608
149,58.54,58.86,58.425,58.8,189793
150,58.32,58.675,58.31,58.54,209321
151,58.475,58.52,58.24,58.32,115153
152,58.475,58.55,58.37,58.475,126599
153,58.39,58.55,58.31,58.49,111562
154,58.33,58.41,58.255,58.4,132515
155,58.5151,58.5303,58.28,58.32,105095
156,58.53,58.59,58.46,58.52,82961
157,58.66,58.72,58.51,58.53,120215
158,58.675,58.73,58.58,58.65,97274
159,58.705,58.73,58.55,58.6668,114519
160,58.74,58.84,58.67,58.7,129506
161,58.5099,58.7399,58.44,58.73,118025
162,58.54,58.57,58.459,58.51,77243
163,58.58,58.64,58.53,58.53,64402
164,58.67,58.72,58.58,58.58,57491
165,58.65,58.73,58.625,58.67,109564
166,58.65,58.71,58.645,58.65,61735
167,58.67,58.72,58.65,58.67,63177
168,58.68,58.74,58.64,58.66,60392
169,58.81,58.82,58.65,58.685,159160
170,58.82,58.85,58.79,58.815,87636
171,58.79,58.865,58.71,58.82,84244
172,58.91,59.03,58.68,58.795,146128
173,58.74,59.01,58.65,58.92,160784
174,58.76,58.815,58.67,58.735,99835
175,58.585,58.76,58.48,58.75,203542
176,58.03,58.625,58,58.595,363954
177,58.2,58.38,58,58.03,337762
178,57.89,58.26,57.89,58.21,249213
179,57.84,57.9,57.58,57.89,404192
180,58.14,58.175,57.76,57.83,405441
181,58.216,58.24,58.09,58.13,330722
182,58.32,58.32,58.155,58.22,183904
183,58.45,58.45,58.28,58.34,813514
288,57.41,57.5,57.4,57.4,61455
289,57.72,57.8,57.19,57.43,255522
290,57.46,57.9062,57.32,57.73,345995
291,57.63,57.76,57.46,57.46,173935
292,57.59,57.83,57.51,57.62,106987
293,57.59,57.61,57.3999,57.59,127403
294,57.52,57.59,57.3,57.58,117173
295,57.75,57.84,57.46,57.51,169626
296,57.865,57.87,57.7,57.76,389714
297,57.85,57.865,57.62,57.865,300212
298,57.96,57.99,57.78,57.84,142913
299,58.23,58.29,57.96,57.96,137843
300,58.43,58.43,58.24,58.24,174762
301,58.47,58.53,58.39,58.42,227735
302,58.43,58.59,58.32,58.47,107453
303,58.27,58.46,58.25,58.42,123640
304,58.26,58.2834,58.18,58.28,62134
305,58.51,58.54,58.23,58.26,109073
306,58.61,58.615,58.49,58.5264,124512
307,58.6,58.66,58.56,58.61,114373
308,58.68,58.7,58.56,58.59,160593
309,58.78,58.84,58.65,58.68,105149
310,58.6853,58.82,58.68,58.79,108964
311,58.97,58.97,58.68,58.68,182489
312,58.76,59.04,58.72,58.96,198702
313,58.845,58.845,58.6744,58.75,100147
314,58.665,58.86,58.6267,58.85,75253
315,58.77,58.83,58.67,58.67,106391
316,58.8,58.82,58.645,58.76,103958
317,58.98,58.985,58.75,58.8,111818
318,59.26,59.35,58.975,58.98,330381
319,59.19,59.35,59.14,59.25,217788
320,59.3543,59.3543,59.16,59.18,143366
321,59.2,59.47,59.14,59.35,307513
322,59.13,59.23,59.09,59.2,257625
323,59.03,59.135,58.99,59.13,410895
324,59.08,59.145,59.0303,59.0303,157520
325,58.89,59.08,58.855,59.075,166138
326,58.815,58.935,58.81,58.9,440785
327,58.91,58.94,58.8,58.81,954308
432,58.685,58.81,58.63,58.76,1154019
433,58.93,58.97,58.48,58.73,111723
434,59.06,59.09,58.81,58.95,133032
435,59.26,59.27,59,59.055,163688
436,59.375,59.38,59.07,59.27,164526
437,59.01,59.39,59.01,59.38,103723
438,59.11,59.25,58.99,59,169374
439,59.05,59.18,58.9737,59.12,74035
440,59.07,59.2499,59.02,59.04,87569
441,58.87,59.12,58.81,59.07,74606
442,58.745,58.95,58.71,58.87,86071
443,58.9099,58.9099,58.63,58.73,79310
444,58.88,58.93,58.75,58.9,74621
445,59.0522,59.07,58.84,58.88,75602
446,58.95,59.05,58.95,59.05,150447
447,59.1,59.13,58.96,58.96,98622
448,59.19,59.2,59.0808,59.11,74497
449,59.169,59.21,59.08,59.2,74692
450,59.22,59.26,59.15,59.17,87692
451,59.29,59.31,59.13,59.225,95358
452,59.26,59.33,59.25,59.28,76812
453,59.22,59.35,59.18,59.25,92253
454,59.24,59.27,59.18,59.22,64173
455,59.1,59.26,59.05,59.25,68862
456,59.09,59.15,59.045,59.11,60320
457,59.07,59.115,59.03,59.1,43639
458,59.035,59.1199,59.02,59.065,108407
459,59.11,59.12,59.03,59.04,57046
460,59.08,59.159,59.05,59.11,76737
461,59.05,59.1099,59.01,59.085,79424
462,59.085,59.14,59.05,59.06,79742
463,59.109,59.225,59.06,59.08,71818
464,59.175,59.19,59.11,59.11,58189
465,59.16,59.225,59.16,59.165,71890
466,59.175,59.21,59.13,59.16,84132
467,59.155,59.195,59.1,59.17,110671
468,59.015,59.16,58.975,59.15,142294
469,58.94,59.025,58.845,59.01,155650
470,58.78,58.965,58.64,58.93,335495
471,58.8,58.81,58.68,58.78,2234726
864,59.3,59.49,59.16,59.16,50551
865,59.8,59.82,59.17,59.43,183877
866,59.61,59.87,59.58,59.78,138047
867,59.47,59.66,59.42,59.62,80339
868,59.615,59.72,59.48,59.48,141618
869,59.46,59.63,59.42,59.6097,78451
870,59.43,59.54,59.3,59.46,85625
871,59.36,59.51,59.28,59.43,188756
872,59.5,59.51,59.36,59.37,70224
873,59.44,59.5,59.32,59.5,63162
874,59.45,59.46,59.37,59.43,69126
875,59.41,59.51,59.395,59.46,95111
876,59.51,59.52,59.42,59.42,121775
877,59.43,59.54,59.41,59.52,56390
878,59.5099,59.53,59.4,59.43,72525
879,59.59,59.62,59.495,59.5,71919
880,59.68,59.715,59.6,59.605,48857
881,59.71,59.75,59.66,59.68,51969
882,59.71,59.77,59.67,59.71,35298
883,59.67,59.735,59.63,59.71,48306
884,59.6655,59.7,59.64,59.67,34409
885,59.62,59.67,59.54,59.66,75200
886,59.58,59.66,59.53,59.62,52231
887,59.61,59.61,59.54,59.6,32188
888,59.655,59.68,59.58,59.62,49541
889,59.78,59.84,59.655,59.66,90234
890,59.805,59.865,59.76,59.775,128472
891,59.84,59.845,59.77,59.81,90537
892,59.945,59.95,59.83,59.84,94003
893,59.99,60.04,59.89,59.94,171298
894,59.93,60.025,59.88,59.99,139687
895,59.97,59.985,59.86,59.925,131953
896,59.97,60.09,59.97,59.975,227410
897,60.01,60.03,59.97,59.975,140708
898,60.045,60.06,59.96,60,89181
899,60.13,60.14,60.04,60.05,117695
900,60.18,60.19,60.12,60.13,122105
901,60.315,60.34,60.18,60.19,175905
902,60.36,60.38,60.3,60.31,209101
903,60.32,60.42,60.27,60.36,726102
a1497965400,60.47,60.52,60.47,60.49,58271
1,60.92,60.96,60.32,60.48,244297
2,60.7,61.1,60.672,60.94,143198
3,60.6199,60.83,60.56,60.7,93448
4,60.49,60.62,60.35,60.61,202221
5,60.7652,60.8052,60.49,60.49,248043
6,60.64,60.79,60.59,60.76,72231
7,60.76,60.83,60.63,60.635,92197
8,60.93,60.94,60.76,60.77,80352
9,60.735,60.92,60.72,60.915,166427
10,60.73,60.77,60.58,60.73,183421
11,60.76,60.76,60.62,60.73,106376
12,60.65,60.7847,60.565,60.76,165629
13,60.5457,60.6655,60.38,60.66,206256
14,60.66,60.66,60.545,60.545,65421
15,60.6,60.71,60.565,60.65,58594
16,60.57,60.61,60.52,60.61,97760
17,60.53,60.665,60.5,60.58,101146
18,60.31,60.525,60.251,60.525,113124
19,60.4,60.45,60.31,60.31,46403
20,60.39,60.465,60.32,60.39,51606
21,60.49,60.49,60.305,60.38,73530
22,60.53,60.58,60.43,60.49,185677
23,60.54,60.58,60.515,60.525,42210
24,60.56,60.6799,60.55,60.55,57428
25,60.55,60.58,60.49,60.56,77308
26,60.52,60.54,60.46,60.54,50814
27,60.57,60.6,60.51,60.52,49575
28,60.59,60.605,60.54,60.57,60538
29,60.415,60.6,60.41,60.6,67892
30,60.31,60.4,60.28,60.4,77387
31,60.35,60.395,60.3,60.31,69278
32,60.275,60.36,60.27,60.36,76610
33,60.34,60.41,60.275,60.28,74852
34,60.33,60.54,60.31,60.34,203361
35,60.325,60.43,60.295,60.32,102179
36,60.22,60.35,60.19,60.32,106697
37,60.16,60.25,60.085,60.22,193113
38,60.15,60.23,60.1,60.165,252821
39,60.15,60.22,60.12,60.16,669236
144,60.51,60.51,60.5,60.5,63501
145,60.805,60.94,60.45,60.5,92392
146,60.47,60.83,60.47,60.83,232102
147,60.37,60.55,60.33,60.46,172805
148,60.55,60.6,60.37,60.375,73800
149,60.445,60.55,60.37,60.55,91021
150,60.46,60.54,60.43,60.45,60642
151,60.34,60.52,60.27,60.47,114054
152,60.43,60.62,60.35,60.35,79239
153,60.23,60.445,60.14,60.43,209805
154,60.24,60.28,60.15,60.23,328577
155,60.21,60.3,60.14,60.25,124123
156,60.39,60.44,60.22,60.22,97890
157,60.38,60.445,60.31,60.4,85970
158,60.43,60.475,60.37,60.38,60374
159,60.58,60.59,60.33,60.42,219031
160,60.36,60.58,60.36,60.58,81217
161,60.29,60.38,60.28,60.36,42631
162,60.47,60.47,60.27,60.29,62135
163,60.51,60.54,60.46,60.47,75190
164,60.5,60.575,60.48,60.5,46334
165,60.3893,60.57,60.36,60.49,55548
166,60.49,60.49,60.335,60.39,47945
167,60.51,60.525,60.4,60.48,61455
168,60.62,60.63,60.52,60.53,58466
169,60.64,60.6908,60.6,60.62,46581
170,60.661,60.68,60.58,60.64,50388
171,60.64,60.7,60.57,60.663,59259
172,60.7043,60.71,60.57,60.63,53710
173,60.8,60.83,60.635,60.7,73186
174,60.57,60.79,60.56,60.79,62351
175,60.68,60.75,60.52,60.57,98933
176,60.78,60.79,60.65,60.68,67618
177,60.76,60.81,60.72,60.7967,56111
178,60.72,60.76,60.65,60.755,94697
179,60.74,60.74,60.67,60.72,68615
180,60.79,60.82,60.72,60.75,72158
181,60.63,60.795,60.6,60.795,158323
182,60.67,60.73,60.61,60.62,339801
183,60.68,60.73,60.62,60.68,617870
288,60.9,60.97,60.7,60.73,72705
289,60.46,61.03,60.45,60.88,224278
290,60.65,60.75,60.43,60.47,234422
291,60.46,60.73,60.39,60.66,245184
292,60.42,60.5132,60.34,60.48,83431
293,60.68,60.68,60.41,60.42,83152
294,60.69,60.76,60.59,60.68,78140
295,60.735,60.86,60.54,60.7,140738
296,61.01,61.02,60.72,60.73,210016
297,61.01,61.12,60.97,61.01,153189
298,61.02,61.065,60.97,61.02,71431
299,61.06,61.09,60.93,61.02,81148
300,61.09,61.18,61.03,61.05,80661
301,61.3255,61.33,61.06,61.09,130932
302,61.33,61.36,61.17,61.33,169733
303,61.41,61.42,61.3,61.32,107791
304,61.295,61.42,61.295,61.4,115666
305,61.38,61.405,61.29,61.3,82440
306,61.39,61.405,61.325,61.38,63874
307,61.37,61.4,61.355,61.39,116293
308,61.34,61.38,61.28,61.36,149152
309,61.38,61.52,61.34,61.34,201149
310,61.4314,61.47,61.3,61.37,82139
311,61.51,61.52,61.43,61.43,89058
312,61.425,61.5,61.385,61.5,55810
313,61.4964,61.5056,61.405,61.42,49974
314,61.545,61.55,61.49,61.495,64975
315,61.53,61.5767,61.52,61.54,57628
316,61.475,61.55,61.47,61.535,70044
317,61.525,61.55,61.46,61.47,57705
318,61.38,61.54,61.355,61.53,54067
319,61.34,61.41,61.3,61.36,52678
320,61.25,61.35,61.24,61.34,57425
321,61.215,61.27,61.17,61.26,49995
322,61.255,61.27,61.2,61.22,57513
323,61.29,61.305,61.2,61.2585,89993
324,61.285,61.31,61.27,61.296,64678
325,61.21,61.285,61.19,61.28,170360
326,61.1745,61.23,61.13,61.2,154677
327,61.16,61.2,61.11,61.175,465178
432,61.04,61.05,61,61.03,66642
433,60.33,61.09,60.28,61.06,226061
434,60.38,60.53,60.16,60.33,166331
435,60.48,60.59,60.34,60.37,187889
436,60.45,60.495,60.33,60.48,219824
437,60.42,60.48,60.36,60.45,75695
438,60.54,60.55,60.43,60.43,90117
439,60.65,60.66,60.53,60.535,123672
440,60.69,60.72,60.585,60.655,307764
441,60.62,60.76,60.61,60.6862,64845
442,60.63,60.65,60.525,60.61,80497
443,60.61,60.65,60.55,60.64,61991
444,60.7535,60.79,60.6,60.62,50566
445,60.74,60.775,60.66,60.76,45044
446,60.7839,60.79,60.6893,60.74,48548
447,60.84,60.85,60.7452,60.78,59204
448,60.72,60.845,60.72,60.845,63590
449,60.7137,60.755,60.69,60.72,66034
450,60.79,60.81,60.69,60.72,67089
451,60.81,60.8353,60.771,60.79,45251
452,60.85,60.895,60.78,60.81,54859
453,60.8,60.9,60.8,60.85,42119
454,60.8,60.85,60.79,60.81,44077
455,60.7762,60.88,60.745,60.8,90120
456,60.82,60.82,60.77,60.78,48826
457,60.76,60.82,60.73,60.815,61143
458,60.845,60.85,60.75,60.76,33145
459,60.79,60.86,60.775,60.85,45258
460,60.835,60.84,60.78,60.8,40573
461,60.85,60.91,60.8218,60.835,52623
462,60.83,60.88,60.83,60.85,51432
463,60.73,60.84,60.73,60.82,60718
464,60.66,60.74,60.615,60.73,79396
465,60.6621,60.69,60.645,60.66,69052
466,60.605,60.71,60.515,60.67,117828
467,60.605,60.65,60.545,60.605,86893
468,60.535,60.61,60.49,60.61,96710
469,60.56,60.66,60.53,60.54,125534
470,60.56,60.659,60.47,60.555,238867
471,60.44,60.57,60.33,60.57,6294527
864,60.69,60.69,60.68,60.68,48430
865,60.99,61.18,60.62,60.68,162065
866,60.96,60.99,60.78,60.99,185934
867,60.78,60.95,60.67,60.95,152074
868,60.49,60.83,60.47,60.79,167773
869,60.46,60.5001,60.38,60.5,273770
870,60.76,60.76,60.46,60.47,128297
871,60.38,60.77,60.38,60.75,65691
872,60.04,60.39,60.02,60.38,106055
873,59.94,60.09,59.86,60.02,167535
874,59.7,60.03,59.58,59.94,169430
875,59.81,59.82,59.62,59.71,74358
876,60,60.03,59.72,59.82,71868
877,59.92,60.01,59.75,59.99,72894
878,59.96,60.025,59.92,59.92,53374
879,60.05,60.055,59.89,59.955,86682
880,60.17,60.21,60.05,60.05,84272
881,60.06,60.1966,60.0443,60.18,134046
882,60.06,60.11,60.01,60.06,39000
883,60.2,60.21,60.06,60.06,33698
884,60.13,60.24,60.13,60.21,38360
885,60.19,60.27,60.128,60.13,62289
886,60.15,60.19,60.07,60.19,31437
887,60.05,60.16,60.05,60.16,40368
888,60.19,60.2,60.04,60.04,35313
889,60.315,60.32,60.175,60.19,49394
890,60.295,60.38,60.28,60.32,66551
891,60.34,60.36,60.25,60.28,38583
892,60.16,60.33,60.135,60.33,63569
893,60.18,60.19,60.04,60.16,56701
894,60.21,60.21,60.08,60.17,45677
895,60.29,60.32,60.19,60.21,45324
896,60.3,60.32,60.24,60.3,45058
897,60.22,60.355,60.19,60.31,56100
898,60.26,60.28,60.07,60.23,67205
899,60.27,60.29,60.17,60.27,52465
900,60.32,60.32,60.15,60.26,76278
901,60.34,60.385,60.29,60.315,121455
902,60.3,60.345,60.2,60.345,142329
903,60.22,60.37,60.16,60.305,471486
a1498570200,60.0072,60.11,60,60.11,66966
1,59.59,60.11,59.41,60.01,143265
2,59.51,60.02,59.51,59.585,190367
3,59.5091,59.75,59.41,59.52,135192
4,59.79,59.816,59.43,59.51,88133
5,59.61,59.88,59.595,59.8,99230
6,59.51,59.73,59.46,59.61,59155
7,59.6,59.62,59.46,59.51,77945
8,59.63,59.71,59.57,59.6,78281
9,59.53,59.66,59.52,59.64,59818
10,59.59,59.6966,59.54,59.54,71837
11,59.52,59.62,59.46,59.59,314767
12,59.485,59.56,59.42,59.53,74367
13,59.55,59.57,59.43,59.49,77493
14,59.495,59.56,59.47,59.5556,62422
15,59.41,59.505,59.29,59.495,82004
16,59.41,59.46,59.37,59.42,47564
17,59.27,59.42,59.261,59.415,52058
18,59.285,59.35,59.27,59.27,52270
19,59.13,59.31,59.055,59.285,128809
20,59.18,59.23,59.07,59.12,165005
21,58.96,59.18,58.95,59.18,257516
22,58.77,59.015,58.75,58.96,322531
23,58.71,58.81,58.53,58.765,207192
24,58.73,58.751,58.68,58.71,199581
25,58.535,58.75,58.47,58.73,179710
26,58.32,58.6575,58.3,58.53,339250
27,58.34,58.43,58.19,58.31,336496
28,58.305,58.46,58.2232,58.35,244546
29,58.26,58.31,58.06,58.31,245751
30,58.54,58.63,58.1867,58.265,208876
31,58.44,58.615,58.405,58.53,112784
32,58.56,58.61,58.43,58.46,100959
33,58.45,58.59,58.43,58.56,109241
34,58.37,58.57,58.36,58.46,148627
35,58.44,58.5,58.37,58.37,129575
36,58.39,58.4771,58.34,58.44,189429
37,58.33,58.445,58.28,58.4,159242
38,58.37,58.455,58.275,58.33,216359
39,58.29,58.38,58.29,58.37,764910
144,58.75,58.75,58.53,58.55,65189
145,57.96,58.8222,57.9201,58.76,228797
146,58.11,58.27,57.94,57.96,229086
147,57.8,58.12,57.8,58.11,230045
148,58.34,58.35,57.8,57.81,182885
149,58.48,58.48,58.24,58.335,361225
150,58.38,58.58,58.35,58.5,166647
151,58.39,58.5,58.31,58.39,172845
152,58.715,58.735,58.4,58.4,191839
153,58.69,58.8,58.62,58.72,135108
154,58.617,58.76,58.52,58.69,97670
155,58.67,58.75,58.59,58.62,80760
156,58.56,58.73,58.5301,58.68,100789
157,58.39,58.58,58.375,58.57,130691
158,58.4,58.44,58.345,58.4,151877
159,58.31,58.565,58.31,58.41,123784
160,58.32,58.39,58.235,58.32,151188
161,58.24,58.38,58.23,58.32,132701
162,58.3,58.35,58.21,58.235,115726
163,58.46,58.46,58.24,58.3099,113316
164,58.39,58.52,58.39,58.45,103308
165,58.435,58.45,58.35,58.395,87835
166,58.405,58.53,58.405,58.44,90028
167,58.43,58.48,58.38,58.41,78311
168,58.52,58.55,58.3579,58.43,80180
169,58.55,58.58,58.49,58.52,79683
170,58.46,58.54,58.44,58.54,79550
171,58.4,58.51,58.38,58.46,82953
172,58.375,58.445,58.33,58.4,113889
173,58.405,58.48,58.375,58.38,93936
174,58.375,58.425,58.34,58.4,89216
175,58.4,58.4,58.3265,58.37,100887
176,58.42,58.45,58.35,58.41,94426
177,58.415,58.42,58.37,58.41,119593
178,58.495,58.58,58.4,58.41,170897
179,58.52,58.57,58.42,58.49,145009
180,58.56,58.59,58.47,58.53,150129
181,58.57,58.6,58.5,58.57,201276
182,58.66,58.69,58.57,58.58,280121
183,58.81,58.83,58.66,58.665,1484152
288,58.5,58.5,58.4,58.4,73643
289,57.98,58.5,57.77,58.45,250544
290,57.51,58.01,57.48,57.98,268291
291,57.64,57.74,57.43,57.5,225821
292,57.79,57.91,57.58,57.645,178665
293,57.52,57.77,57.3701,57.77,145715
294,57.61,57.61,57.34,57.52,161223
295,57.61,57.67,57.53,57.62,82067
296,57.71,57.79,57.56,57.61,126114
297,57.58,57.725,57.55,57.71,113198
298,57.36,57.63,57.32,57.57,128813
299,57.32,57.35,57.2,57.35,120257
300,57.22,57.35,57.1014,57.33,133265
301,57.1,57.27,56.97,57.2,198338
302,56.95,57.13,56.885,57.1,287173
303,56.775,56.97,56.69,56.9342,212318
304,57.005,57.01,56.74,56.79,123216
305,57,57.02,56.89,57.015,159299
306,57.03,57.04,56.9,57.01,216755
307,56.94,57.08,56.93,57.03,255856
308,56.89,57,56.86,56.95,129750
309,56.67,56.89,56.65,56.88,151934
310,56.61,56.74,56.533,56.67,188697
311,56.59,56.62,56.48,56.6113,171262
312,56.28,56.59,56.22,56.59,182570
313,56.63,56.66,56.29,56.29,189124
314,56.5,56.645,56.43,56.64,147462
315,56.67,56.78,56.505,56.51,302985
316,56.63,56.73,56.45,56.6756,153522
317,56.68,56.88,56.62,56.635,149253
318,56.86,56.88,56.67,56.67,95350
319,56.85,56.88,56.74,56.84,94312
320,56.83,56.96,56.8,56.85,101102
321,56.94,56.955,56.81,56.83,127277
322,57.1058,57.12,56.95,56.95,237213
323,57.285,57.285,57.01,57.1046,185226
324,57.19,57.35,57.13,57.28,302541
325,57.54,57.57,57.16,57.19,264393
326,57.45,57.58,57.41,57.535,367120
327,57.58,57.6,57.475,57.48,1010445
432,57.77,57.93,57.77,57.93,214648
433,57.93,58,57.42,57.73,261892
434,57.66,58.04,57.63,57.91,280131
435,57.315,57.72,57.24,57.65,192693
436,57.395,57.49,57.29,57.315,192429
437,57.34,57.41,57.17,57.39,144645
438,57.61,57.68,57.33,57.34,108639
439,57.51,57.76,57.51,57.62,108091
440,57.49,57.62,57.46,57.52,79238
441,57.68,57.69,57.41,57.48,64663
442,57.67,57.67,57.55,57.67,60889
443,57.66,57.72,57.61,57.68,74849
444,57.6073,57.71,57.59,57.66,70467
445,57.585,57.66,57.51,57.605,57684
446,57.6499,57.7,57.58,57.59,54905
447,57.64,57.71,57.62,57.65,31963
448,57.66,57.67,57.6,57.64,61068
449,57.75,57.76,57.66,57.67,55522
450,57.68,57.74,57.65,57.74,43555
451,57.65,57.705,57.645,57.68,46623
452,57.66,57.72,57.64,57.66,85991
453,57.78,57.78,57.63,57.66,66443
454,57.83,57.85,57.775,57.775,66805
455,57.815,57.8699,57.78,57.84,48643
456,57.84,57.895,57.8,57.82,53914
457,57.87,57.895,57.79,57.84,74632
458,57.79,57.865,57.78,57.86,60878
459,57.83,57.85,57.78,57.79,67657
460,57.82,57.87,57.81,57.83,58843
461,57.88,57.9,57.81,57.82,73589
462,57.87,57.94,57.85,57.88,79259
463,57.96,57.97,57.845,57.87,59056
464,58.06,58.07,57.97,57.97,114561
465,58.04,58.115,58.0138,58.06,68212
466,58.0244,58.075,58,58.05,74800
467,57.96,58.02,57.92,58.02,151086
468,58.025,58.06,57.96,57.96,130370
469,57.935,58.025,57.93,58.02,146149
470,57.94,58,57.935,57.94,262937
471,57.57,57.945,57.565,57.935,1626687
864,57.77,57.77,57.77,57.77,168185
865,57.33,57.99,57.26,57.77,137506
866,57.46,57.52,57.1309,57.33,128324
867,57.45,57.69,57.2708,57.47,141883
868,57.489,57.49,57.225,57.46,119646
869,57.15,57.48,57.13,57.48,116102
870,57,57.22,56.92,57.13,153172
871,56.94,57.07,56.84,57,129973
872,56.92,56.95,56.82,56.93,106727
873,56.58,56.955,56.58,56.91,156215
874,56.57,56.7,56.46,56.58,140402
875,56.63,56.82,56.53,56.56,130259
876,56.695,56.805,56.62,56.6249,183963
877,56.66,56.81,56.56,56.7,115579
878,56.7,56.79,56.6,56.67,87925
879,56.81,56.825,56.57,56.7,92405
880,56.655,56.85,56.64,56.8,123975
881,56.445,56.675,56.43,56.6548,126829
882,56.565,56.595,56.4,56.44,86220
883,56.25,56.5679,56.24,56.5679,140741
884,56.25,56.32,56.15,56.24,246061
885,56.26,56.38,56.21,56.26,607535
