EXCHANGE%3DNASDAQ
MARKET_OPEN_MINUTE=570
MARKET_CLOSE_MINUTE=960
INTERVAL=600
COLUMNS=DATE,CLOSE,HIGH,LOW,OPEN,VOLUME
DATA=
TIMEZONE_OFFSET=-240
a1493127000,6.41,6.42,6.41,6.42,75591
1,6.4401,6.45,6.41,6.42,101657
2,6.42,6.45,6.42,6.4401,57491
3,6.43,6.435,6.42,6.42,25131
4,6.445,6.45,6.4303,6.44,28030
5,6.45,6.45,6.44,6.45,15693
6,6.44,6.45,6.44,6.441,15695
7,6.45,6.45,6.43,6.44,23303
8,6.45,6.46,6.445,6.449,77368
9,6.45,6.46,6.44,6.4478,58990
10,6.459,6.468,6.44,6.45,60696
11,6.461,6.4697,6.46,6.46,21394
12,6.4747,6.48,6.46,6.46,39339
13,6.48,6.48,6.46,6.475,24078
14,6.48,6.49,6.47,6.48,49753
15,6.4801,6.49,6.4704,6.4704,19534
16,6.49,6.49,6.48,6.48,11239
17,6.4901,6.495,6.48,6.481,60281
18,6.4761,6.5,6.46,6.4901,78524
19,6.48,6.48,6.47,6.48,3031
20,6.48,6.48,6.47,6.48,4902
21,6.49,6.4901,6.475,6.479,28693
22,6.48,6.49,6.47,6.487,38880
23,6.49,6.49,6.48,6.4852,5696
24,6.49,6.49,6.4801,6.49,4468
25,6.485,6.49,6.4801,6.4875,13674
26,6.48,6.49,6.47,6.4839,47320
27,6.49,6.49,6.48,6.48,7044
28,6.49,6.49,6.481,6.49,9051
29,6.5,6.5,6.48,6.4899,90373
30,6.49,6.5,6.49,6.5,28797
31,6.5,6.5,6.485,6.485,31088
32,6.5,6.5,6.48,6.49,21457
33,6.49,6.495,6.49,6.49,5250
34,6.49,6.4965,6.4801,6.49,28878
35,6.475,6.49,6.475,6.4801,26846
36,6.47,6.48,6.47,6.47,7800
37,6.46,6.48,6.45,6.4701,37227
38,6.48,6.48,6.46,6.47,38769
39,6.46,6.4701,6.45,6.4701,161178
144,6.46,6.47,6.46,6.46,15471
145,6.46,6.48,6.45,6.45,38351
146,6.4752,6.48,6.45,6.4646,9525
147,6.4953,6.5,6.48,6.48,12914
148,6.52,6.52,6.495,6.495,119021
149,6.515,6.52,6.51,6.515,13441
150,6.505,6.52,6.505,6.51,10452
151,6.5298,6.53,6.51,6.51,25110
152,6.545,6.55,6.525,6.5299,34537
153,6.5699,6.57,6.54,6.545,79998
154,6.56,6.57,6.55,6.565,40136
155,6.5699,6.57,6.56,6.565,7105
156,6.5799,6.58,6.5637,6.57,44948
157,6.565,6.58,6.55,6.5799,58132
158,6.55,6.565,6.54,6.565,24565
159,6.56,6.56,6.55,6.55,15993
160,6.56,6.56,6.55,6.555,5622
161,6.5525,6.56,6.535,6.55,42717
162,6.557,6.56,6.55,6.56,4954
163,6.55,6.56,6.54,6.55,34725
164,6.554,6.57,6.54,6.545,55630
165,6.5599,6.57,6.554,6.555,20991
166,6.5601,6.57,6.55,6.56,10524
167,6.5599,6.57,6.55,6.5601,19411
168,6.55,6.56,6.55,6.56,11317
169,6.57,6.57,6.5509,6.5599,9465
170,6.565,6.57,6.56,6.565,14994
171,6.57,6.57,6.56,6.5699,9062
172,6.565,6.57,6.56,6.57,12205
173,6.57,6.57,6.56,6.565,34917
174,6.5846,6.59,6.565,6.565,34323
175,6.59,6.59,6.585,6.59,5520
176,6.5838,6.59,6.58,6.5863,7414
177,6.59,6.59,6.58,6.59,3765
178,6.57,6.5895,6.57,6.5865,40001
179,6.56,6.5753,6.56,6.575,23880
180,6.555,6.565,6.55,6.56,30195
181,6.54,6.56,6.54,6.555,20460
182,6.54,6.55,6.54,6.542,15100
183,6.54,6.55,6.54,6.54,124152
288,6.52,6.52,6.52,6.52,15884
289,6.5149,6.54,6.51,6.52,56728
290,6.5562,6.57,6.515,6.515,27857
291,6.53,6.56,6.52,6.555,10643
292,6.54,6.549,6.53,6.53,17303
293,6.53,6.55,6.52,6.535,23308
294,6.535,6.54,6.525,6.53,11061
295,6.54,6.54,6.5301,6.54,16249
296,6.51,6.54,6.51,6.53,13420
297,6.49,6.5166,6.49,6.51,43749
298,6.495,6.5103,6.49,6.49,20755
299,6.5,6.5,6.495,6.495,2950
300,6.48,6.5,6.48,6.495,18605
301,6.48,6.4869,6.48,6.48,4100
302,6.48,6.4884,6.48,6.48,6460
303,6.47,6.48,6.47,6.48,4784
304,6.49,6.49,6.47,6.475,23484
305,6.485,6.5,6.47,6.49,33327
306,6.475,6.49,6.4702,6.4854,11263
307,6.49,6.495,6.48,6.48,7033
308,6.5,6.5,6.49,6.5,3400
309,6.51,6.51,6.48,6.49,27570
310,6.51,6.515,6.51,6.515,1620
311,6.52,6.52,6.51,6.51,2553
312,6.5,6.515,6.5,6.515,22529
313,6.505,6.51,6.5,6.505,3221
314,6.505,6.51,6.5,6.5,5208
315,6.5134,6.52,6.5,6.505,12737
316,6.525,6.53,6.515,6.515,11582
317,6.525,6.53,6.52,6.53,2841
318,6.519,6.5367,6.51,6.53,54996
319,6.51,6.517,6.51,6.515,4910
320,6.515,6.515,6.51,6.51,11994
321,6.5199,6.52,6.513,6.515,2805
322,6.5,6.515,6.5,6.515,39525
323,6.505,6.505,6.5,6.5,2200
324,6.52,6.52,6.5,6.5,25357
325,6.515,6.52,6.51,6.52,4600
326,6.54,6.54,6.515,6.52,50786
327,6.55,6.55,6.53,6.54,281600
432,6.55,6.55,6.55,6.55,8126
433,6.53,6.556,6.51,6.556,15542
434,6.5148,6.5201,6.5101,6.52,3424
435,6.54,6.55,6.52,6.52,12222
436,6.51,6.5366,6.5,6.53,10354
437,6.515,6.515,6.5,6.51,6740
438,6.48,6.515,6.47,6.515,18595
439,6.4921,6.495,6.4831,6.485,3350
440,6.495,6.5,6.4915,6.495,1169
441,6.495,6.5,6.49,6.5,5804
442,6.48,6.4999,6.48,6.4946,11754
443,6.465,6.485,6.46,6.48,14630
444,6.4501,6.47,6.45,6.465,29209
445,6.42,6.45,6.42,6.45,22497
446,6.4389,6.44,6.425,6.43,7991
447,6.435,6.44,6.43,6.435,2600
448,6.43,6.45,6.43,6.4307,16732
449,6.425,6.435,6.42,6.435,11760
450,6.4399,6.4399,6.425,6.425,7291
451,6.435,6.44,6.43,6.435,21037
452,6.441,6.45,6.435,6.44,27634
453,6.4401,6.45,6.4401,6.445,2050
454,6.43,6.45,6.43,6.4464,22088
455,6.415,6.4252,6.415,6.425,11374
456,6.42,6.43,6.41,6.4138,12040
457,6.42,6.43,6.42,6.4254,11947
458,6.43,6.43,6.42,6.43,4700
459,6.425,6.43,6.42,6.43,3240
460,6.42,6.42,6.41,6.42,33201
461,6.41,6.4199,6.41,6.41,8010
462,6.42,6.42,6.41,6.4135,6589
463,6.43,6.43,6.415,6.415,16013
464,6.435,6.44,6.42,6.425,21611
465,6.425,6.44,6.425,6.43,14262
466,6.43,6.435,6.42,6.43,31680
467,6.43,6.44,6.43,6.4354,6541
468,6.425,6.435,6.42,6.43,19221
469,6.41,6.425,6.41,6.42,18049
470,6.405,6.42,6.4,6.41,77020
471,6.41,6.42,6.4,6.41,241795
864,6.45,6.45,6.45,6.45,20682
865,6.47,6.5,6.43,6.45,18821
866,6.45,6.4739,6.445,6.4739,23231
867,6.46,6.47,6.44,6.44,11036
868,6.48,6.49,6.46,6.47,20241
869,6.465,6.48,6.46,6.48,19656
870,6.47,6.47,6.46,6.465,5338
871,6.49,6.4901,6.46,6.465,20806
872,6.5,6.5,6.49,6.49,6400
873,6.5,6.5,6.49,6.496,10700
874,6.495,6.5,6.48,6.495,25248
875,6.49,6.5,6.4801,6.5,9248
876,6.49,6.5,6.4841,6.49,8264
877,6.48,6.49,6.47,6.49,8632
878,6.485,6.49,6.475,6.48,6413
879,6.4962,6.5,6.48,6.49,26106
880,6.51,6.52,6.4901,6.4901,60118
881,6.52,6.52,6.5,6.505,5000
882,6.52,6.52,6.51,6.52,9600
883,6.52,6.52,6.51,6.52,9840
884,6.51,6.52,6.51,6.51,4200
885,6.51,6.52,6.505,6.515,13287
886,6.51,6.515,6.5042,6.51,1800
887,6.515,6.52,6.5001,6.51,2102
888,6.515,6.52,6.51,6.52,2182
889,6.52,6.53,6.51,6.515,28224
890,6.52,6.53,6.515,6.53,18930
891,6.53,6.53,6.5228,6.5228,4400
892,6.51,6.54,6.51,6.53,35802
893,6.51,6.52,6.51,6.5159,3825
894,6.5,6.5164,6.5,6.5164,13967
895,6.49,6.5,6.48,6.5,8024
896,6.49,6.49,6.48,6.4829,4610
897,6.47,6.4801,6.465,6.48,24144
898,6.46,6.4799,6.445,6.47,70508
899,6.475,6.48,6.455,6.46,16156
900,6.475,6.48,6.47,6.48,5991
901,6.47,6.48,6.47,6.48,16938
902,6.49,6.49,6.47,6.47,20560
903,6.5,6.5,6.485,6.49,101222
a1493731800,6.46,6.46,6.46,6.46,20944
1,6.47,6.48,6.45,6.46,7573
2,6.42,6.47,6.42,6.47,20278
3,6.41,6.43,6.41,6.42,20995
4,6.3999,6.42,6.39,6.41,40143
5,6.405,6.4099,6.39,6.4,15578
6,6.4049,6.41,6.39,6.405,9445
7,6.38,6.405,6.38,6.4,21100
8,6.39,6.3951,6.38,6.386,12581
9,6.405,6.41,6.39,6.39,22699
10,6.4,6.41,6.4,6.4,3721
11,6.41,6.4199,6.395,6.4048,22724
12,6.405,6.42,6.405,6.42,14496
13,6.405,6.405,6.395,6.4,6500
14,6.4,6.41,6.4,6.405,8161
15,6.4,6.4052,6.4,6.4052,2215
16,6.415,6.42,6.4,6.405,21676
17,6.41,6.42,6.41,6.415,13988
18,6.41,6.41,6.41,6.41,2350
19,6.405,6.41,6.4,6.41,9225
20,6.415,6.419,6.4,6.4,9464
21,6.41,6.4199,6.41,6.41,1550
22,6.415,6.419,6.405,6.41,15903
23,6.405,6.415,6.4034,6.41,14051
24,6.405,6.41,6.4,6.405,5508
25,6.4,6.409,6.4,6.4,4157
26,6.405,6.4062,6.4,6.4,5731
27,6.4,6.4083,6.4,6.405,2253
28,6.4099,6.41,6.4,6.4,10389
29,6.405,6.41,6.405,6.405,3635
30,6.4,6.41,6.4,6.405,10252
31,6.38,6.4,6.38,6.4,29123
32,6.38,6.389,6.38,6.38,2150
33,6.36,6.39,6.35,6.38,68369
34,6.355,6.3699,6.35,6.36,16841
35,6.35,6.359,6.35,6.355,10140
36,6.35,6.36,6.35,6.35,3900
37,6.34,6.35,6.34,6.35,22715
38,6.33,6.3461,6.32,6.34,57566
39,6.36,6.36,6.32,6.32,166925
144,6.34,6.34,6.34,6.34,5489
145,6.336,6.35,6.3124,6.35,12359
146,6.33,6.34,6.32,6.33,20820
147,6.315,6.3399,6.3101,6.33,12795
148,6.3,6.32,6.3,6.32,25681
149,6.34,6.34,6.3033,6.3033,16931
150,6.34,6.34,6.33,6.34,3900
151,6.3352,6.35,6.33,6.34,13286
152,6.34,6.34,6.33,6.33,2900
153,6.31,6.34,6.3,6.34,37684
154,6.33,6.335,6.315,6.32,18114
155,6.34,6.35,6.33,6.33,8647
156,6.336,6.34,6.335,6.335,2650
157,6.34,6.34,6.33,6.34,6000
158,6.335,6.345,6.333,6.3345,8764
159,6.34,6.34,6.33,6.34,1100
160,6.335,6.34,6.33,6.34,1225
161,6.335,6.34,6.33,6.34,8570
162,6.32,6.34,6.31,6.33,13574
163,6.31,6.32,6.31,6.31,1700
164,6.31,6.32,6.31,6.32,3886
165,6.32,6.32,6.31,6.317,4677
166,6.29,6.31,6.29,6.31,32971
167,6.2852,6.2995,6.28,6.29,22969
168,6.2891,6.29,6.28,6.285,12532
169,6.28,6.29,6.28,6.28,8172
170,6.27,6.28,6.27,6.28,20543
171,6.27,6.27,6.265,6.27,17368
172,6.275,6.2798,6.27,6.27,20327
173,6.265,6.2765,6.26,6.27,17747
174,6.25,6.27,6.25,6.27,20640
175,6.245,6.256,6.24,6.25,24178
176,6.2599,6.26,6.24,6.2499,14595
177,6.255,6.26,6.25,6.26,15951
178,6.275,6.3,6.2573,6.26,20851
179,6.2581,6.28,6.25,6.275,19551
180,6.26,6.27,6.25,6.2517,26624
181,6.27,6.27,6.26,6.27,9217
182,6.285,6.285,6.26,6.26,69258
183,6.28,6.29,6.26,6.285,143070
288,6.25,6.25,6.24,6.24,36094
289,6.24,6.28,6.17,6.25,145675
290,6.24,6.2701,6.23,6.24,67702
291,6.2,6.25,6.195,6.24,44250
292,6.15,6.2,6.14,6.2,101577
293,6.17,6.18,6.14,6.144,39933
294,6.155,6.17,6.15,6.17,36125
295,6.1549,6.16,6.15,6.15,31969
296,6.1739,6.18,6.15,6.1584,20061
297,6.19,6.19,6.16,6.17,19071
298,6.17,6.19,6.17,6.1859,12244
299,6.2,6.225,6.17,6.175,30464
300,6.19,6.205,6.19,6.2,15450
301,6.2,6.21,6.19,6.195,14100
302,6.2,6.21,6.19,6.2,13728
303,6.17,6.205,6.17,6.2,20420
304,6.15,6.1654,6.15,6.16,50928
305,6.14,6.159,6.14,6.157,32369
306,6.14,6.15,6.14,6.14,18720
307,6.14,6.1482,6.14,6.14,7400
308,6.15,6.15,6.14,6.14,22883
309,6.145,6.15,6.14,6.14,17462
310,6.14,6.15,6.14,6.1493,5250
311,6.145,6.15,6.14,6.14,14462
312,6.14,6.15,6.14,6.14,20913
313,6.125,6.145,6.12,6.14,68071
314,6.13,6.13,6.12,6.125,8028
315,6.12,6.14,6.12,6.125,18485
316,6.165,6.165,6.125,6.125,30344
317,6.16,6.175,6.15,6.17,19131
318,6.1632,6.1632,6.15,6.16,13376
319,6.17,6.18,6.17,6.17,8135
320,6.19,6.19,6.17,6.177,5910
321,6.19,6.19,6.18,6.185,12829
322,6.18,6.19,6.18,6.18,4050
323,6.16,6.18,6.16,6.18,26913
324,6.16,6.165,6.15,6.16,14725
325,6.13,6.16,6.13,6.15,52829
326,6.13,6.14,6.12,6.13,72513
327,6.13,6.14,6.12,6.135,199291
432,6.15,6.15,6.15,6.15,45372
433,6.13,6.1899,6.13,6.15,43842
434,6.15,6.155,6.13,6.13,31715
435,6.2,6.2,6.15,6.151,37129
436,6.24,6.24,6.19,6.195,33556
437,6.245,6.255,6.24,6.24,29888
438,6.24,6.25,6.22,6.245,22065
439,6.235,6.24,6.2301,6.24,4465
440,6.226,6.24,6.21,6.235,24387
441,6.225,6.23,6.22,6.225,13088
442,6.21,6.23,6.21,6.225,3886
443,6.205,6.22,6.2048,6.215,12724
444,6.2,6.21,6.2,6.21,4505
445,6.201,6.21,6.2,6.2,2709
446,6.22,6.22,6.204,6.205,9770
447,6.21,6.22,6.2,6.22,41375
448,6.215,6.22,6.2,6.2,9500
449,6.2,6.215,6.19,6.21,5921
450,6.195,6.2,6.19,6.1963,6791
451,6.195,6.2,6.19,6.19,3120
452,6.195,6.2,6.19,6.1962,3579
453,6.22,6.225,6.18,6.195,75629
454,6.22,6.23,6.22,6.23,2336
455,6.23,6.24,6.22,6.22,12391
456,6.2389,6.24,6.23,6.24,2293
457,6.235,6.24,6.23,6.235,8662
458,6.24,6.24,6.23,6.235,6569
459,6.265,6.27,6.23,6.2358,28079
460,6.26,6.27,6.25,6.265,5882
461,6.2647,6.27,6.25,6.25,7983
462,6.27,6.27,6.26,6.265,15400
463,6.2901,6.295,6.2647,6.2666,24620
464,6.295,6.3,6.29,6.295,12089
465,6.27,6.3,6.27,6.29,25089
466,6.28,6.28,6.27,6.27,22725
467,6.29,6.29,6.28,6.28,9123
468,6.3,6.3,6.28,6.285,8374
469,6.295,6.3,6.29,6.3,7599
470,6.27,6.3,6.26,6.295,46158
471,6.28,6.29,6.265,6.265,165896
865,6.28,6.3,6.28,6.29,6127
866,6.2805,6.2995,6.2805,6.29,3600
867,6.3,6.3,6.255,6.285,17256
868,6.29,6.2995,6.29,6.2901,11800
869,6.25,6.29,6.25,6.29,9875
870,6.235,6.2583,6.225,6.25,27623
871,6.235,6.2453,6.225,6.235,21885
872,6.24,6.25,6.22,6.235,15866
873,6.215,6.245,6.21,6.245,12087
874,6.21,6.219,6.205,6.215,16989
875,6.215,6.215,6.19,6.205,16872
876,6.21,6.2199,6.21,6.215,11900
877,6.22,6.23,6.21,6.215,23245
878,6.215,6.225,6.21,6.22,4898
879,6.2,6.216,6.2,6.21,12592
880,6.2,6.205,6.2,6.205,3299
881,6.21,6.21,6.2,6.205,16312
882,6.2141,6.23,6.2001,6.2093,15603
883,6.216,6.217,6.21,6.2102,8500
884,6.23,6.24,6.215,6.215,19666
885,6.2301,6.24,6.2301,6.2388,2500
886,6.25,6.25,6.239,6.2393,14004
887,6.245,6.25,6.2401,6.25,7101
888,6.245,6.25,6.24,6.245,6510
889,6.235,6.245,6.23,6.245,6545
890,6.23,6.235,6.23,6.235,1200
891,6.245,6.2462,6.23,6.23,7975
892,6.245,6.2463,6.24,6.245,4518
893,6.24,6.245,6.24,6.245,1200
894,6.235,6.245,6.23,6.24,5147
895,6.2363,6.24,6.235,6.24,1825
896,6.24,6.24,6.23,6.23,2550
897,6.235,6.24,6.23,6.23,10200
898,6.23,6.236,6.23,6.235,5096
899,6.235,6.2384,6.23,6.23,1552
900,6.23,6.2363,6.23,6.2347,7544
901,6.225,6.235,6.22,6.23,23751
902,6.225,6.23,6.22,6.22,16788
903,6.24,6.24,6.22,6.22,219103
a1494336600,6.27,6.27,6.27,6.27,16601
1,6.19,6.2701,6.19,6.27,24577
2,6.175,6.195,6.17,6.19,23313
3,6.16,6.175,6.155,6.175,32154
4,6.175,6.1799,6.16,6.1611,9160
5,6.175,6.18,6.16,6.17,22580
6,6.155,6.19,6.15,6.18,37296
7,6.1699,6.17,6.155,6.16,23536
8,6.17,6.17,6.16,6.17,6800
9,6.155,6.17,6.15,6.164,45936
10,6.15,6.1572,6.135,6.155,99076
11,6.13,6.15,6.13,6.145,29649
12,6.11,6.135,6.11,6.135,17300
13,6.12,6.13,6.11,6.113,19200
14,6.135,6.14,6.1225,6.1299,13488
15,6.16,6.17,6.13,6.13,31320
16,6.1402,6.17,6.14,6.1516,32535
17,6.145,6.146,6.145,6.145,500
18,6.1333,6.145,6.13,6.143,11734
19,6.14,6.14,6.13,6.135,7920
20,6.1384,6.14,6.13,6.135,3300
21,6.13,6.1399,6.13,6.135,23585
22,6.1324,6.135,6.13,6.1301,7085
23,6.14,6.14,6.13,6.135,1800
24,6.13,6.14,6.13,6.1365,36790
25,6.135,6.14,6.13,6.13,6900
26,6.135,6.14,6.13,6.13,4650
27,6.145,6.145,6.1336,6.1336,20884
28,6.125,6.145,6.125,6.14,17775
29,6.115,6.129,6.11,6.12,69487
30,6.12,6.125,6.11,6.115,34481
31,6.12,6.125,6.11,6.12,11547
32,6.135,6.1399,6.12,6.13,23176
33,6.1401,6.15,6.1316,6.1316,15835
34,6.1401,6.149,6.13,6.145,29786
35,6.149,6.15,6.1401,6.15,8642
36,6.1601,6.17,6.145,6.1458,23441
37,6.13,6.165,6.13,6.165,44076
38,6.14,6.14,6.11,6.13,57480
39,6.14,6.14,6.13,6.14,106716
144,6.14,6.14,6.14,6.14,15086
145,6.12,6.14,6.11,6.12,22820
146,6.12,6.13,6.12,6.13,1421
147,6.1501,6.165,6.12,6.12,40464
148,6.17,6.17,6.14,6.15,15713
149,6.14,6.16,6.135,6.16,7042
150,6.11,6.14,6.11,6.14,17500
151,6.1201,6.13,6.1,6.115,40479
152,6.14,6.14,6.12,6.12,29267
153,6.13,6.136,6.13,6.13,3400
154,6.16,6.16,6.125,6.13,24516
155,6.18,6.18,6.1501,6.16,17381
156,6.15,6.18,6.14,6.175,12216
157,6.145,6.1599,6.14,6.1599,7535
158,6.14,6.1466,6.14,6.14,2445
159,6.15,6.15,6.14,6.145,14990
160,6.135,6.145,6.13,6.145,25023
161,6.14,6.14,6.1318,6.135,5471
162,6.16,6.16,6.14,6.14,8200
163,6.16,6.17,6.16,6.16,1122
164,6.17,6.17,6.16,6.17,7092
165,6.165,6.17,6.16,6.165,1800
166,6.17,6.17,6.16,6.16,5070
167,6.16,6.17,6.16,6.16,8049
168,6.18,6.18,6.16,6.16,5418
169,6.18,6.18,6.17,6.18,6350
170,6.17,6.18,6.16,6.18,10899
171,6.18,6.18,6.16,6.16,5070
172,6.175,6.18,6.17,6.17,6660
173,6.18,6.19,6.1701,6.1701,9147
174,6.155,6.18,6.15,6.18,12802
175,6.15,6.16,6.15,6.16,843
176,6.1401,6.16,6.1401,6.16,9832
177,6.15,6.15,6.143,6.15,4729
178,6.16,6.16,6.15,6.15,9190
179,6.15,6.16,6.15,6.16,3300
180,6.16,6.16,6.15,6.1564,7424
181,6.141,6.16,6.14,6.15,15191
182,6.16,6.16,6.14,6.145,30287
183,6.16,6.17,6.15,6.16,157715
288,6.16,6.16,6.16,6.16,22823
289,6.11,6.19,6.11,6.16,48585
290,6.1,6.1158,6.1,6.115,19250
291,6.1,6.11,6.1,6.1,22015
292,6.09,6.1091,6.09,6.1,52867
293,6.095,6.11,6.09,6.0993,17456
294,6.095,6.1,6.08,6.1,46156
295,6.085,6.095,6.08,6.095,19304
296,6.105,6.11,6.085,6.085,27233
297,6.0971,6.106,6.09,6.105,7715
298,6.1343,6.14,6.1,6.1,15348
299,6.125,6.14,6.12,6.1301,20972
300,6.125,6.13,6.12,6.1285,5300
301,6.125,6.13,6.12,6.12,3500
302,6.1228,6.13,6.12,6.12,2029
303,6.13,6.13,6.1246,6.13,1300
304,6.13,6.13,6.1247,6.13,1060
305,6.13,6.14,6.11,6.13,12920
306,6.13,6.14,6.13,6.14,4182
307,6.13,6.14,6.12,6.1399,4331
308,6.1373,6.14,6.1208,6.13,6279
309,6.1262,6.1323,6.12,6.1323,7154
310,6.13,6.135,6.12,6.1236,6340
311,6.13,6.14,6.1199,6.14,25243
312,6.13,6.13,6.125,6.1284,1000
313,6.119,6.13,6.11,6.13,16436
314,6.13,6.13,6.11,6.1199,17991
315,6.1252,6.13,6.125,6.125,900
316,6.14,6.14,6.1248,6.1248,7080
317,6.155,6.16,6.139,6.139,15154
318,6.15,6.15,6.145,6.15,2393
319,6.115,6.145,6.115,6.145,14644
320,6.13,6.13,6.115,6.115,7092
321,6.11,6.125,6.11,6.125,11700
322,6.12,6.12,6.1138,6.115,3886
323,6.13,6.13,6.12,6.12,7700
324,6.105,6.13,6.1,6.13,14932
325,6.12,6.12,6.1,6.105,7015
326,6.12,6.13,6.1112,6.115,18572
327,6.11,6.13,6.11,6.12,140133
432,6.1,6.1,6.1,6.1,10856
433,6.119,6.12,6.09,6.12,21068
434,6.1347,6.14,6.11,6.1147,14828
435,6.15,6.15,6.13,6.14,8600
436,6.12,6.1476,6.12,6.14,12463
437,6.14,6.14,6.125,6.13,2148
438,6.11,6.14,6.11,6.135,13349
439,6.14,6.14,6.12,6.12,12875
440,6.1258,6.1379,6.12,6.135,16989
441,6.119,6.125,6.11,6.12,8179
442,6.125,6.13,6.11,6.11,14495
443,6.12,6.125,6.12,6.1201,3055
444,6.11,6.12,6.11,6.12,5356
445,6.115,6.12,6.11,6.1163,7100
446,6.12,6.12,6.1141,6.115,5700
447,6.12,6.125,6.1101,6.12,4829
448,6.125,6.125,6.12,6.125,3381
449,6.13,6.13,6.125,6.125,2200
450,6.1239,6.13,6.1201,6.1201,8150
451,6.135,6.14,6.125,6.125,29316
452,6.14,6.14,6.13,6.135,4900
453,6.13,6.135,6.13,6.135,10933
454,6.1292,6.13,6.12,6.1299,2375
455,6.13,6.13,6.115,6.125,12638
456,6.12,6.13,6.12,6.12,9622
457,6.125,6.1262,6.12,6.12,2212
458,6.11,6.13,6.11,6.13,13535
459,6.115,6.12,6.11,6.11,9250
460,6.115,6.1168,6.11,6.11,4050
461,6.115,6.116,6.11,6.11,1900
462,6.11,6.12,6.11,6.1136,3300
463,6.11,6.12,6.11,6.115,7352
464,6.11,6.12,6.11,6.11,11930
465,6.11,6.12,6.1,6.11,35305
466,6.11,6.11,6.1,6.105,16018
467,6.11,6.11,6.1,6.1,10314
468,6.105,6.11,6.1,6.105,11591
469,6.1001,6.11,6.1,6.1,2300
470,6.105,6.12,6.1,6.11,41805
471,6.1,6.11,6.1,6.105,93176
864,6.11,6.11,6.11,6.11,6806
865,6.1,6.13,6.1,6.12,16438
866,6.09,6.1021,6.085,6.1,42309
867,6.11,6.1199,6.09,6.095,22773
868,6.13,6.13,6.11,6.1153,18500
869,6.12,6.13,6.12,6.125,8231
870,6.125,6.13,6.12,6.13,14650
871,6.145,6.15,6.12,6.1201,38260
872,6.14,6.15,6.135,6.145,14629
873,6.155,6.16,6.145,6.145,13748
874,6.1535,6.16,6.15,6.15,14044
875,6.14,6.159,6.14,6.155,9224
876,6.14,6.146,6.13,6.14,9635
877,6.14,6.148,6.14,6.145,6580
878,6.13,6.1499,6.13,6.1499,5775
879,6.13,6.135,6.13,6.13,7680
880,6.12,6.136,6.12,6.13,4835
881,6.125,6.125,6.12,6.125,5550
882,6.12,6.129,6.11,6.12,10897
883,6.11,6.12,6.11,6.12,10347
884,6.105,6.1138,6.1,6.1138,16237
885,6.105,6.1073,6.1,6.105,18493
886,6.1,6.109,6.1,6.1,1400
887,6.1099,6.1099,6.1,6.1,13870
888,6.105,6.11,6.1,6.105,10351
889,6.105,6.11,6.1,6.1,6503
890,6.105,6.11,6.1,6.1,6921
891,6.105,6.11,6.1,6.1099,7794
892,6.1,6.105,6.1,6.1,1100
893,6.105,6.11,6.1,6.1,2850
894,6.09,6.11,6.09,6.105,36576
895,6.086,6.09,6.08,6.09,12968
896,6.08,6.09,6.08,6.085,4943
897,6.08,6.09,6.08,6.085,9524
898,6.1,6.1,6.085,6.085,25358
899,6.09,6.1,6.08,6.09,26374
900,6.0941,6.1,6.09,6.09,9445
901,6.085,6.1,6.08,6.095,12738
902,6.105,6.105,6.085,6.085,23951
903,6.12,6.12,6.09,6.1,148059
a1494941400,6.12,6.12,6.12,6.12,23807
1,6.13,6.15,6.09,6.12,51903
2,6.11,6.1299,6.105,6.12,14445
3,6.103,6.12,6.103,6.11,6801
4,6.11,6.11,6.1,6.11,2400
5,6.13,6.13,6.104,6.11,16512
6,6.12,6.13,6.11,6.125,14044
7,6.11,6.12,6.11,6.12,11745
8,6.11,6.115,6.1,6.11,13507
9,6.105,6.11,6.1001,6.11,1704
10,6.085,6.105,6.08,6.105,56758
11,6.08,6.09,6.08,6.08,12455
12,6.0966,6.0966,6.08,6.089,5770
13,6.095,6.0971,6.09,6.09,6300
14,6.09,6.1,6.09,6.09,3410
15,6.12,6.13,6.093,6.093,30820
16,6.11,6.12,6.11,6.12,11219
17,6.105,6.11,6.1,6.105,4400
18,6.1,6.11,6.09,6.105,9447
19,6.09,6.105,6.09,6.1,4623
20,6.09,6.1,6.09,6.095,6842
21,6.11,6.11,6.09,6.1,11980
22,6.1,6.11,6.1,6.11,4400
23,6.11,6.115,6.1,6.105,33986
24,6.12,6.12,6.11,6.11,14236
25,6.1,6.12,6.1,6.12,8700
26,6.1,6.105,6.09,6.1,10400
27,6.11,6.11,6.095,6.105,7490
28,6.1,6.11,6.095,6.11,5671
29,6.09,6.1,6.09,6.095,3778
30,6.095,6.1,6.09,6.09,5000
31,6.09,6.0966,6.09,6.09,13098
32,6.09,6.095,6.085,6.09,8234
33,6.095,6.0994,6.085,6.095,19881
34,6.11,6.11,6.095,6.1,24788
35,6.1,6.11,6.1,6.1,14217
36,6.103,6.11,6.1,6.105,7188
37,6.105,6.11,6.1,6.105,16850
38,6.115,6.14,6.105,6.105,62523
39,6.12,6.12,6.11,6.12,87514
144,6.09,6.09,6.09,6.09,12921
145,6.11,6.14,6.108,6.11,41131
146,6.11,6.11,6.08,6.105,35566
147,6.1,6.12,6.1,6.105,17783
148,6.105,6.105,6.09,6.1,16090
149,6.1,6.1001,6.09,6.1001,21006
150,6.084,6.1,6.08,6.1,15968
151,6.09,6.11,6.08,6.09,16427
152,6.09,6.1,6.08,6.09,19832
153,6.09,6.0999,6.09,6.0978,10541
154,6.1,6.1,6.09,6.095,16506
155,6.1,6.1,6.09,6.095,10451
156,6.09,6.1,6.09,6.1,21229
157,6.0853,6.0999,6.08,6.09,16533
158,6.085,6.09,6.08,6.0898,8189
159,6.1,6.1,6.085,6.085,4772
160,6.1,6.1,6.09,6.1,8924
161,6.0976,6.1,6.09,6.1,9342
162,6.08,6.1,6.08,6.0908,11178
163,6.09,6.1,6.09,6.09,2121
164,6.095,6.1,6.0908,6.0965,1730
165,6.1,6.1,6.09,6.09,6250
166,6.09,6.1,6.09,6.1,6000
167,6.09,6.095,6.085,6.095,19739
168,6.09,6.097,6.08,6.097,10991
169,6.09,6.09,6.085,6.09,1300
170,6.09,6.1,6.08,6.09,9371
171,6.09,6.09,6.085,6.09,5410
172,6.09,6.095,6.09,6.09,6524
173,6.0884,6.09,6.08,6.08,6053
174,6.09,6.095,6.08,6.09,15757
175,6.085,6.09,6.08,6.085,3100
176,6.06,6.085,6.06,6.085,99940
177,6.085,6.085,6.06,6.0699,16602
178,6.0754,6.085,6.0707,6.085,30282
179,6.09,6.09,6.07,6.08,13877
180,6.085,6.1,6.08,6.095,9800
181,6.085,6.09,6.08,6.08,5004
182,6.08,6.09,6.07,6.0854,18121
183,6.08,6.08,6.07,6.08,82140
288,6.08,6.08,6.08,6.08,4057
289,6.05,6.08,6.04,6.08,99498
290,6.06,6.06,6.04,6.0501,19763
291,6.055,6.06,6.045,6.05,4770
292,6.08,6.09,6.06,6.06,16616
293,6.075,6.09,6.07,6.09,9320
294,6.08,6.09,6.0701,6.08,24900
295,6.08,6.09,6.07,6.08,12012
296,6.08,6.09,6.0799,6.08,11836
297,6.099,6.106,6.07,6.08,32767
298,6.09,6.0999,6.09,6.09,2244
299,6.09,6.1,6.09,6.1,11332
300,6.08,6.09,6.08,6.09,12879
301,6.08,6.09,6.08,6.08,2715
302,6.1,6.1,6.08,6.09,4641
303,6.08,6.1,6.08,6.09,23772
304,6.0861,6.09,6.075,6.09,8859
305,6.085,6.085,6.08,6.08,24300
306,6.0801,6.09,6.0801,6.0843,8177
307,6.08,6.095,6.08,6.09,12270
308,6.09,6.09,6.08,6.08,1900
309,6.09,6.09,6.08,6.09,3930
310,6.0857,6.1,6.08,6.09,16255
311,6.08,6.0866,6.08,6.08,8934
312,6.075,6.086,6.075,6.08,6970
313,6.07,6.0773,6.07,6.07,1075
314,6.07,6.0771,6.07,6.07,7775
315,6.075,6.08,6.07,6.07,32092
316,6.08,6.08,6.07,6.0759,8776
317,6.08,6.08,6.07,6.08,8916
318,6.085,6.09,6.08,6.08,4860
319,6.08,6.0995,6.08,6.09,9660
320,6.08,6.0869,6.08,6.0869,8129
321,6.08,6.089,6.08,6.08,23857
322,6.08,6.09,6.08,6.0867,2000
323,6.085,6.0866,6.075,6.085,16467
324,6.085,6.0899,6.08,6.085,8600
325,6.085,6.0863,6.08,6.0863,6294
326,6.085,6.0899,6.08,6.085,20367
327,6.07,6.09,6.07,6.09,137271
432,6.07,6.07,6.07,6.07,20340
433,6.08,6.0888,6.07,6.07,12404
434,6.1,6.12,6.08,6.08,21335
435,6.11,6.12,6.11,6.11,7109
436,6.14,6.145,6.12,6.12,7454
437,6.14,6.145,6.13,6.145,9213
438,6.1146,6.14,6.11,6.1393,5048
439,6.119,6.12,6.1,6.12,4283
440,6.1,6.11,6.09,6.11,14499
441,6.1084,6.1084,6.09,6.1,3305
442,6.09,6.11,6.09,6.11,7200
443,6.08,6.1,6.08,6.1,14314
444,6.085,6.09,6.08,6.08,3432
445,6.095,6.095,6.075,6.08,14133
446,6.09,6.1,6.09,6.09,10293
447,6.11,6.11,6.1,6.1,1536
448,6.11,6.11,6.105,6.105,1300
449,6.1,6.11,6.1,6.11,4030
450,6.1,6.105,6.1,6.105,1700
451,6.1,6.11,6.1,6.1036,1400
452,6.11,6.11,6.105,6.105,2800
453,6.115,6.1182,6.11,6.1139,2100
454,6.11,6.12,6.11,6.11,800
455,6.1354,6.14,6.11,6.1188,32302
456,6.1347,6.14,6.13,6.14,2899
457,6.1371,6.14,6.1336,6.1399,12022
458,6.14,6.14,6.13,6.14,3175
459,6.15,6.15,6.1338,6.14,12653
460,6.14,6.15,6.14,6.15,6750
461,6.13,6.145,6.13,6.14,10834
462,6.125,6.13,6.12,6.125,5785
463,6.12,6.13,6.12,6.12,4340
464,6.11,6.12,6.11,6.12,10657
465,6.12,6.12,6.11,6.115,5559
466,6.101,6.115,6.1,6.11,7200
467,6.09,6.11,6.09,6.1,17768
468,6.08,6.095,6.08,6.091,16065
469,6.095,6.095,6.08,6.085,11925
470,6.0975,6.11,6.09,6.095,35531
471,6.11,6.11,6.1,6.11,123942
864,6.11,6.11,6.11,6.11,8968
865,6.13,6.135,6.1,6.135,20426
866,6.1319,6.14,6.13,6.1399,7766
867,6.13,6.1373,6.13,6.13,4022
868,6.14,6.14,6.12,6.1292,8038
869,6.14,6.15,6.135,6.14,8624
870,6.14,6.14,6.134,6.14,1075
871,6.135,6.145,6.13,6.1448,6694
872,6.15,6.15,6.1338,6.136,17595
873,6.17,6.17,6.15,6.15,25664
874,6.16,6.17,6.15,6.165,7063
875,6.156,6.16,6.15,6.16,7900
876,6.17,6.17,6.15,6.16,8316
877,6.17,6.17,6.16,6.16,4712
878,6.17,6.17,6.1637,6.17,3900
879,6.18,6.18,6.16,6.17,19946
880,6.16,6.18,6.16,6.18,21268
881,6.17,6.175,6.16,6.17,24104
882,6.165,6.17,6.161,6.1614,17192
883,6.165,6.17,6.1629,6.165,11005
884,6.17,6.17,6.165,6.1693,24794
885,6.165,6.17,6.16,6.17,2148
886,6.17,6.17,6.16,6.17,16950
887,6.17,6.17,6.163,6.163,4410
888,6.175,6.175,6.1602,6.17,18437
889,6.175,6.18,6.17,6.175,4200
890,6.177,6.18,6.17,6.1758,7130
891,6.175,6.178,6.17,6.175,4800
892,6.1766,6.1773,6.16,6.17,17060
893,6.1767,6.1767,6.17,6.1729,12986
894,6.165,6.18,6.16,6.1799,32918
895,6.155,6.17,6.15,6.165,10036
896,6.155,6.16,6.15,6.155,6381
897,6.135,6.16,6.135,6.155,23548
898,6.14,6.14,6.13,6.135,4983
899,6.15,6.15,6.135,6.1396,14361
900,6.15,6.16,6.15,6.15,5152
901,6.16,6.16,6.15,6.15,5587
902,6.15,6.165,6.15,6.15,54865
903,6.15,6.165,6.15,6.15,156277
a1495546200,6.18,6.18,6.18,6.18,23735
1,6.166,6.2,6.15,6.2,8083
2,6.16,6.17,6.16,6.16,11155
3,6.16,6.16,6.15,6.15,2180
4,6.154,6.16,6.15,6.15,2782
5,6.145,6.1593,6.14,6.15,19833
6,6.14,6.15,6.14,6.14,15819
7,6.13,6.15,6.13,6.14,10258
8,6.13,6.1361,6.13,6.13,5865
9,6.1393,6.1499,6.13,6.13,15789
10,6.135,6.14,6.13,6.135,23155
11,6.13,6.14,6.125,6.135,11729
12,6.14,6.15,6.135,6.135,6736
13,6.1607,6.17,6.145,6.145,9260
14,6.17,6.17,6.16,6.165,3168
15,6.166,6.17,6.16,6.165,2919
16,6.1649,6.17,6.16,6.16,6400
17,6.17,6.17,6.16,6.17,1800
18,6.16,6.17,6.16,6.165,7401
19,6.17,6.17,6.16,6.1601,5926
20,6.1736,6.1798,6.17,6.17,3531
21,6.165,6.17,6.16,6.17,6602
22,6.18,6.18,6.17,6.17,2606
23,6.1753,6.18,6.1753,6.18,1100
24,6.2,6.2,6.175,6.1786,29366
25,6.195,6.2,6.19,6.195,3900
26,6.2,6.2,6.195,6.195,700
27,6.195,6.2,6.195,6.195,600
28,6.2,6.2,6.19,6.2,4650
29,6.19,6.2,6.19,6.1901,8600
30,6.195,6.2,6.19,6.195,2963
31,6.195,6.199,6.19,6.195,4600
32,6.2,6.21,6.195,6.2,22866
33,6.195,6.205,6.19,6.205,16740
34,6.195,6.2,6.19,6.19,2999
35,6.19,6.195,6.19,6.195,3546
36,6.19,6.2,6.19,6.19,6091
37,6.185,6.19,6.18,6.19,11167
38,6.1984,6.2,6.18,6.19,11560
39,6.21,6.21,6.19,6.2,114910
144,6.23,6.23,6.23,6.23,7674
145,6.211,6.24,6.2,6.23,22844
146,6.22,6.2292,6.211,6.211,8883
147,6.2356,6.24,6.22,6.22,30832
148,6.24,6.25,6.235,6.235,14900
149,6.2413,6.25,6.24,6.2416,4942
150,6.235,6.2401,6.2301,6.2401,6056
151,6.24,6.25,6.235,6.24,12921
152,6.24,6.246,6.24,6.24,7639
153,6.2599,6.2599,6.24,6.24,12805
154,6.255,6.2551,6.245,6.255,13571
155,6.25,6.2501,6.245,6.25,7279
156,6.26,6.26,6.245,6.245,11209
157,6.25,6.26,6.25,6.26,3014
158,6.26,6.26,6.2501,6.2566,9198
159,6.245,6.25,6.23,6.25,16099
160,6.25,6.25,6.24,6.245,1700
161,6.25,6.25,6.244,6.2487,7810
162,6.25,6.25,6.245,6.25,4100
163,6.25,6.25,6.24,6.25,3554
164,6.245,6.25,6.24,6.25,7336
165,6.25,6.25,6.24,6.245,2900
166,6.245,6.25,6.24,6.245,8637
167,6.245,6.25,6.2424,6.25,3700
168,6.225,6.25,6.22,6.245,14740
169,6.24,6.24,6.22,6.225,7980
170,6.225,6.24,6.225,6.235,10632
171,6.226,6.23,6.22,6.22,2542
172,6.225,6.23,6.21,6.22,12064
173,6.235,6.24,6.22,6.221,2317
174,6.23,6.235,6.23,6.235,2546
175,6.235,6.235,6.23,6.231,1000
176,6.23,6.235,6.23,6.23,1700
177,6.21,6.2347,6.205,6.2329,15495
178,6.205,6.22,6.2,6.211,11412
179,6.201,6.205,6.2,6.2,3800
180,6.2,6.205,6.2,6.205,2564
181,6.205,6.2066,6.2,6.2,2782
182,6.215,6.215,6.2,6.205,9404
183,6.21,6.22,6.2,6.22,69343
288,6.25,6.25,6.25,6.25,12189
289,6.2537,6.26,6.23,6.24,5567
290,6.25,6.26,6.25,6.25,4274
291,6.26,6.265,6.25,6.2559,8254
292,6.2828,6.288,6.2662,6.27,18895
293,6.29,6.295,6.28,6.28,17154
294,6.29,6.29,6.282,6.285,14118
295,6.29,6.29,6.28,6.29,2900
296,6.285,6.29,6.2839,6.29,1500
297,6.2801,6.29,6.28,6.29,3990
298,6.2758,6.285,6.27,6.285,8945
299,6.28,6.28,6.27,6.28,2800
300,6.28,6.28,6.2701,6.28,2555
301,6.28,6.28,6.27,6.27,6278
302,6.26,6.27,6.26,6.27,9694
303,6.27,6.27,6.26,6.26,955
304,6.25,6.265,6.25,6.26,6200
305,6.235,6.25,6.23,6.25,10635
306,6.245,6.2499,6.23,6.235,2533
307,6.24,6.25,6.24,6.25,1400
308,6.24,6.25,6.24,6.245,4680
309,6.231,6.25,6.23,6.24,2874
310,6.22,6.235,6.22,6.23,6379
311,6.21,6.225,6.21,6.22,8596
312,6.21,6.2199,6.21,6.21,2221
313,6.209,6.21,6.2,6.21,10518
314,6.2199,6.2199,6.2,6.205,18206
315,6.21,6.2199,6.21,6.2158,9034
316,6.21,6.22,6.21,6.22,700
317,6.21,6.215,6.21,6.21,1200
318,6.21,6.215,6.21,6.21,1686
319,6.215,6.2169,6.21,6.21,1211
320,6.214,6.215,6.21,6.21,11371
321,6.21,6.2156,6.21,6.215,5279
322,6.22,6.23,6.21,6.21,10565
323,6.22,6.23,6.215,6.22,6939
324,6.225,6.23,6.2223,6.2294,3400
325,6.235,6.235,6.225,6.225,6386
326,6.245,6.25,6.2301,6.24,15823
327,6.23,6.25,6.23,6.25,44318
432,6.22,6.22,6.22,6.22,9316
433,6.22,6.24,6.2199,6.22,7557
434,6.21,6.23,6.21,6.23,6784
435,6.2,6.21,6.2,6.21,8777
436,6.19,6.22,6.19,6.2,14727
437,6.18,6.2,6.18,6.19,3200
438,6.165,6.19,6.165,6.18,11955
439,6.19,6.19,6.17,6.17,5600
440,6.21,6.23,6.2,6.2,37690
441,6.25,6.25,6.215,6.215,21597
442,6.25,6.26,6.245,6.25,8046
443,6.26,6.26,6.25,6.25,12662
444,6.26,6.27,6.25,6.26,6314
445,6.2453,6.26,6.245,6.26,6878
446,6.255,6.26,6.245,6.245,7421
447,6.2499,6.26,6.24,6.26,2276
448,6.25,6.25,6.245,6.25,400
449,6.2494,6.25,6.245,6.25,765
450,6.24,6.25,6.24,6.25,6264
451,6.25,6.25,6.245,6.245,800
452,6.25,6.27,6.25,6.25,9402
453,6.265,6.27,6.26,6.26,1200
454,6.2634,6.27,6.2634,6.265,800
455,6.255,6.2601,6.25,6.2601,2239
456,6.26,6.26,6.251,6.255,2650
457,6.255,6.26,6.2539,6.255,3125
458,6.26,6.26,6.25,6.2599,4600
459,6.26,6.26,6.25,6.25,800
460,6.26,6.26,6.25,6.255,1200
461,6.24,6.255,6.24,6.255,2600
462,6.2565,6.2565,6.245,6.245,4633
463,6.26,6.26,6.255,6.26,500
464,6.2568,6.2599,6.2505,6.2505,900
465,6.265,6.27,6.26,6.26,3787
466,6.26,6.265,6.255,6.26,3432
467,6.27,6.274,6.25,6.2506,12495
468,6.26,6.27,6.26,6.265,2700
469,6.265,6.27,6.26,6.26,4600
470,6.26,6.27,6.26,6.26,5390
471,6.26,6.27,6.26,6.27,45497
a1496151000,6.25,6.25,6.25,6.25,11863
1,6.26,6.26,6.25,6.25,3017
2,6.25,6.26,6.25,6.26,9262
3,6.22,6.2563,6.22,6.25,4450
4,6.22,6.23,6.2,6.224,13905
5,6.2,6.22,6.2,6.21,4590
6,6.2062,6.209,6.2,6.2,3770
7,6.22,6.225,6.2,6.2,7757
8,6.214,6.225,6.21,6.225,1875
9,6.225,6.225,6.21,6.22,12516
10,6.2261,6.2261,6.22,6.22,3475
11,6.22,6.23,6.22,6.22,2508
12,6.215,6.225,6.21,6.22,2925
13,6.2199,6.2199,6.219,6.219,336
14,6.2199,6.22,6.21,6.22,3324
15,6.2135,6.22,6.2101,6.22,6227
16,6.22,6.22,6.21,6.2135,2000
17,6.2137,6.22,6.21,6.21,19826
18,6.22,6.22,6.21,6.22,2800
19,6.23,6.23,6.22,6.22,4418
20,6.225,6.23,6.22,6.23,8477
21,6.2147,6.23,6.2147,6.225,10407
22,6.22,6.23,6.22,6.22,2700
23,6.22,6.23,6.22,6.23,4925
24,6.21,6.23,6.21,6.225,3859
25,6.215,6.22,6.21,6.21,2232
26,6.22,6.23,6.215,6.215,5860
27,6.225,6.23,6.22,6.23,1377
28,6.22,6.23,6.22,6.23,2990
29,6.229,6.23,6.225,6.225,1470
30,6.225,6.23,6.223,6.23,4202
31,6.2135,6.23,6.2135,6.22,4804
32,6.23,6.23,6.2136,6.215,16782
33,6.23,6.25,6.23,6.23,18870
34,6.24,6.25,6.23,6.24,9782
35,6.235,6.24,6.23,6.235,3061
36,6.23,6.24,6.23,6.235,9570
37,6.2259,6.23,6.2242,6.23,3494
38,6.21,6.23,6.21,6.22,12268
39,6.22,6.23,6.21,6.21,91762
144,6.24,6.24,6.24,6.24,10342
145,6.25,6.26,6.24,6.24,5182
146,6.24,6.26,6.24,6.24,16878
147,6.2199,6.2494,6.216,6.24,4517
148,6.18,6.22,6.18,6.21,17290
149,6.175,6.19,6.17,6.19,11941
150,6.18,6.18,6.16,6.17,6755
151,6.1767,6.19,6.175,6.18,16119
152,6.2,6.21,6.175,6.18,17137
153,6.19,6.2,6.1807,6.2,15999
154,6.1901,6.2,6.18,6.185,3050
155,6.17,6.195,6.17,6.195,4140
156,6.17,6.1799,6.17,6.1799,1147
157,6.16,6.18,6.16,6.17,15277
158,6.175,6.1786,6.15,6.16,9709
159,6.1766,6.1782,6.17,6.17,3525
160,6.2,6.2,6.171,6.175,7288
161,6.21,6.21,6.1938,6.195,1412
162,6.2032,6.21,6.2,6.205,2043
163,6.205,6.2088,6.2,6.205,3723
164,6.205,6.2066,6.2,6.2066,2700
165,6.2,6.205,6.2,6.205,600
166,6.22,6.22,6.21,6.21,3700
167,6.21,6.215,6.21,6.21,4519
168,6.225,6.225,6.2,6.21,27407
169,6.21,6.225,6.21,6.22,8604
170,6.2,6.2199,6.2,6.2199,3883
171,6.204,6.204,6.2,6.2032,2204
172,6.2,6.205,6.2,6.2001,3900
173,6.22,6.22,6.19,6.2,14302
174,6.22,6.23,6.22,6.22,10157
175,6.23,6.23,6.21,6.21,6679
176,6.2201,6.23,6.2201,6.2227,2487
177,6.205,6.225,6.2,6.22,7979
178,6.2,6.22,6.2,6.2,10322
179,6.21,6.21,6.2,6.205,7574
180,6.205,6.21,6.2,6.21,9989
181,6.23,6.23,6.205,6.21,27118
182,6.22,6.245,6.22,6.24,45690
183,6.22,6.24,6.215,6.225,145383
288,6.22,6.22,6.22,6.22,7095
289,6.21,6.235,6.2,6.22,9356
290,6.24,6.24,6.21,6.21,2430
291,6.24,6.2488,6.24,6.24,3954
292,6.23,6.24,6.225,6.24,5582
293,6.27,6.27,6.2437,6.248,48797
294,6.268,6.29,6.261,6.2697,18740
295,6.2658,6.2658,6.2524,6.2606,5596
296,6.27,6.29,6.269,6.27,45670
297,6.275,6.28,6.26,6.27,21241
298,6.28,6.28,6.2673,6.28,7225
299,6.29,6.3,6.2848,6.2848,9724
300,6.29,6.295,6.2832,6.285,9547
301,6.2948,6.295,6.29,6.29,2012
302,6.29,6.3,6.2885,6.29,22607
303,6.315,6.315,6.284,6.284,27779
304,6.3,6.33,6.3,6.32,34949
305,6.3,6.3,6.29,6.3,7600
306,6.29,6.295,6.29,6.295,1300
307,6.31,6.31,6.2947,6.2947,4263
308,6.3095,6.32,6.3095,6.31,15208
309,6.31,6.315,6.3047,6.31,4140
310,6.31,6.32,6.31,6.3139,6282
311,6.3226,6.33,6.32,6.32,17200
312,6.325,6.33,6.32,6.33,1900
313,6.315,6.325,6.31,6.325,12012
314,6.315,6.3166,6.314,6.314,8111
315,6.315,6.315,6.31,6.31,16002
316,6.315,6.32,6.31,6.315,8290
317,6.32,6.32,6.315,6.3176,2266
318,6.31,6.33,6.31,6.32,30124
319,6.3037,6.3067,6.3,6.305,979
320,6.3062,6.31,6.3,6.3,2306
321,6.315,6.32,6.31,6.31,13489
322,6.32,6.325,6.31,6.32,9411
323,6.31,6.32,6.31,6.31,5500
324,6.31,6.32,6.31,6.31,7780
325,6.32,6.32,6.31,6.315,16364
326,6.325,6.33,6.31,6.32,34019
327,6.32,6.33,6.32,6.33,84643
432,6.33,6.33,6.33,6.33,17205
433,6.35,6.42,6.28,6.28,166402
434,6.3338,6.3701,6.32,6.36,24860
435,6.3299,6.34,6.32,6.335,4850
436,6.3459,6.35,6.33,6.33,10548
437,6.36,6.36,6.345,6.345,10988
438,6.365,6.37,6.355,6.3584,13725
439,6.3901,6.3901,6.37,6.37,22130
440,6.39,6.3901,6.3816,6.39,10036
441,6.38,6.4,6.38,6.39,23952
442,6.39,6.398,6.37,6.38,28922
443,6.4,6.4,6.39,6.3999,5218
444,6.4,6.4,6.39,6.4,3854
445,6.41,6.41,6.39,6.39,22950
446,6.41,6.41,6.405,6.41,9472
447,6.4,6.41,6.4,6.405,21903
448,6.41,6.41,6.4,6.4,9920
449,6.4,6.41,6.39,6.41,28008
450,6.41,6.41,6.4,6.4,3142
451,6.39,6.41,6.39,6.405,20365
452,6.39,6.3964,6.385,6.39,24072
453,6.4,6.4,6.39,6.39,5499
454,6.4,6.4,6.395,6.4,3102
455,6.38,6.4,6.38,6.4,15912
456,6.39,6.39,6.38,6.3801,4119
457,6.39,6.39,6.385,6.39,3400
458,6.38,6.39,6.37,6.39,37061
459,6.38,6.385,6.3739,6.38,3535
460,6.37,6.39,6.36,6.39,12972
461,6.37,6.37,6.37,6.37,200
462,6.365,6.37,6.36,6.3632,2111
463,6.36,6.365,6.35,6.36,8121
464,6.355,6.36,6.3525,6.355,1750
465,6.362,6.38,6.36,6.36,17859
466,6.37,6.38,6.37,6.37,4526
467,6.37,6.37,6.365,6.37,1800
468,6.37,6.37,6.36,6.365,3900
469,6.365,6.37,6.36,6.37,12845
470,6.38,6.38,6.362,6.37,17953
471,6.36,6.375,6.35,6.37,85174
864,6.33,6.33,6.33,6.33,19163
865,6.34,6.36,6.33,6.33,7435
866,6.305,6.3401,6.305,6.339,20390
867,6.29,6.3199,6.2701,6.31,26703
868,6.3101,6.3299,6.29,6.29,18059
869,6.32,6.33,6.31,6.32,13179
870,6.315,6.32,6.3117,6.32,6333
871,6.325,6.3299,6.315,6.3187,7395
872,6.33,6.335,6.32,6.3225,9012
873,6.321,6.33,6.32,6.325,2800
874,6.31,6.32,6.31,6.32,1709
875,6.313,6.33,6.313,6.32,19891
876,6.301,6.31,6.3,6.31,15613
877,6.31,6.31,6.304,6.3065,2411
878,6.28,6.31,6.275,6.31,37905
879,6.2821,6.3,6.275,6.275,27433
880,6.2795,6.29,6.27,6.285,7266
881,6.2739,6.28,6.27,6.28,4473
882,6.27,6.27,6.27,6.27,100
883,6.271,6.28,6.27,6.27,2435
884,6.285,6.2895,6.2719,6.2751,6128
885,6.285,6.2899,6.285,6.285,600
886,6.305,6.31,6.2805,6.29,14700
887,6.32,6.32,6.3001,6.303,7291
888,6.315,6.3268,6.315,6.32,15441
889,6.315,6.32,6.31,6.315,4808
890,6.32,6.32,6.31,6.315,3425
891,6.32,6.3261,6.3136,6.315,4115
892,6.3264,6.33,6.32,6.3295,5760
893,6.33,6.33,6.325,6.33,5025
894,6.325,6.33,6.3234,6.33,9954
895,6.315,6.3275,6.315,6.325,4450
896,6.3141,6.32,6.314,6.315,1300
897,6.315,6.32,6.31,6.32,8550
898,6.305,6.315,6.3,6.315,5028
899,6.295,6.31,6.29,6.3095,31682
900,6.305,6.31,6.2927,6.295,27993
901,6.295,6.31,6.29,6.305,14600
902,6.28,6.3,6.27,6.295,38196
903,6.27,6.28,6.27,6.275,100731
a1496755800,6.25,6.25,6.25,6.25,12344
1,6.2356,6.25,6.2356,6.25,15409
2,6.2349,6.25,6.23,6.2337,21779
3,6.239,6.24,6.23,6.235,5600
4,6.23,6.235,6.22,6.2316,6216
5,6.2264,6.23,6.2,6.225,137987
6,6.25,6.25,6.225,6.23,4361
7,6.2524,6.26,6.25,6.255,5060
8,6.25,6.26,6.25,6.26,700
9,6.2599,6.26,6.25,6.25,2500
10,6.26,6.26,6.25,6.25,2860
11,6.25,6.26,6.25,6.255,15381
12,6.27,6.27,6.255,6.26,9549
13,6.28,6.28,6.27,6.27,1100
14,6.29,6.29,6.28,6.28,5346
15,6.29,6.29,6.2801,6.2801,3570
16,6.294,6.3,6.285,6.29,5017
17,6.295,6.3,6.2935,6.3,6200
18,6.295,6.3,6.295,6.2954,2450
19,6.3,6.3,6.2969,6.3,1700
20,6.3,6.3,6.2931,6.3,1222
21,6.2897,6.3,6.285,6.3,9539
22,6.285,6.29,6.28,6.28,12145
23,6.29,6.29,6.284,6.285,1400
24,6.28,6.29,6.28,6.29,2200
25,6.3,6.3,6.29,6.29,3600
26,6.2923,6.3,6.2923,6.295,625
27,6.293,6.3,6.29,6.3,2721
28,6.3,6.3,6.29,6.3,1526
29,6.3,6.3,6.29,6.295,7883
30,6.2923,6.3,6.29,6.2986,4425
31,6.31,6.31,6.295,6.3,8100
32,6.29,6.32,6.29,6.31,42348
33,6.3,6.3,6.29,6.29,4900
34,6.3,6.3,6.2919,6.3,5040
35,6.3,6.3,6.29,6.2909,12525
36,6.295,6.3,6.2901,6.299,16500
37,6.289,6.3,6.28,6.3,19734
38,6.275,6.29,6.27,6.28,21710
39,6.27,6.28,6.26,6.275,55997
144,6.27,6.27,6.27,6.27,20615
145,6.27,6.29,6.27,6.29,600
146,6.29,6.29,6.27,6.275,6031
147,6.295,6.31,6.29,6.29,9948
148,6.29,6.3,6.28,6.2905,8457
149,6.3,6.31,6.2801,6.29,7404
150,6.3,6.3,6.295,6.295,2112
151,6.275,6.29,6.27,6.29,32109
152,6.27,6.2795,6.27,6.27,4922
153,6.26,6.27,6.26,6.27,3716
154,6.28,6.28,6.27,6.27,4353
155,6.275,6.28,6.2736,6.28,5961
156,6.27,6.29,6.27,6.28,23003
157,6.2726,6.2782,6.27,6.2782,3500
158,6.275,6.28,6.27,6.28,3250
159,6.27,6.275,6.27,6.2737,2200
160,6.265,6.27,6.26,6.27,10873
161,6.27,6.27,6.26,6.26,400
162,6.265,6.265,6.26,6.26,400
163,6.26,6.27,6.26,6.26,3584
164,6.26,6.2674,6.255,6.26,8870
165,6.26,6.26,6.25,6.25,500
166,6.257,6.257,6.257,6.257,500
167,6.255,6.2576,6.25,6.25,3313
168,6.2438,6.25,6.24,6.25,18087
169,6.245,6.25,6.24,6.245,10012
170,6.24,6.24,6.23,6.24,21094
171,6.23,6.24,6.23,6.23,4230
172,6.224,6.23,6.22,6.23,4220
173,6.22,6.23,6.22,6.225,300
174,6.225,6.23,6.22,6.2201,9402
175,6.25,6.25,6.2301,6.238,17875
176,6.26,6.265,6.245,6.25,4150
177,6.245,6.26,6.245,6.26,9631
178,6.24,6.245,6.24,6.245,1200
179,6.245,6.25,6.2311,6.24,9538
180,6.245,6.25,6.245,6.245,1276
181,6.26,6.26,6.245,6.25,12700
182,6.255,6.26,6.25,6.255,7373
183,6.24,6.26,6.24,6.255,63240
288,6.22,6.22,6.22,6.22,15569
289,6.25,6.26,6.24,6.25,9520
290,6.265,6.27,6.26,6.26,3648
291,6.275,6.28,6.245,6.26,18777
292,6.28,6.28,6.269,6.2705,13936
293,6.3,6.3,6.28,6.29,12713
294,6.3,6.3,6.295,6.295,1200
295,6.3,6.31,6.29,6.3,7395
296,6.3,6.305,6.295,6.3,6740
297,6.32,6.32,6.3,6.3075,13931
298,6.3301,6.34,6.31,6.32,29974
299,6.33,6.34,6.3246,6.34,14619
300,6.33,6.34,6.32,6.33,15774
301,6.325,6.33,6.32,6.325,11420
302,6.33,6.335,6.32,6.33,16790
303,6.33,6.34,6.33,6.335,10600
304,6.33,6.35,6.33,6.335,35395
305,6.33,6.33,6.32,6.33,5600
306,6.3235,6.33,6.32,6.33,1450
307,6.35,6.35,6.33,6.33,17335
308,6.36,6.375,6.35,6.35,29850
309,6.377,6.38,6.36,6.37,32775
310,6.3864,6.4,6.38,6.38,27678
311,6.41,6.41,6.384,6.384,38720
312,6.3999,6.41,6.386,6.41,35632
313,6.4,6.4,6.39,6.4,28457
314,6.3866,6.41,6.38,6.3901,24642
315,6.36,6.39,6.35,6.39,37404
316,6.36,6.375,6.36,6.3604,11257
317,6.36,6.37,6.35,6.36,16241
318,6.36,6.37,6.355,6.36,15449
319,6.355,6.36,6.3536,6.36,17364
320,6.37,6.3701,6.355,6.36,34387
321,6.365,6.38,6.36,6.37,20661
322,6.39,6.41,6.37,6.37,35147
323,6.379,6.4,6.37,6.4,24771
324,6.385,6.39,6.371,6.375,41024
325,6.4,6.405,6.38,6.39,32574
326,6.4,6.41,6.39,6.4,43598
327,6.39,6.4,6.38,6.4,82240
432,6.4,6.4,6.4,6.4,15610
433,6.375,6.4,6.365,6.4,32421
434,6.39,6.395,6.38,6.38,4385
435,6.395,6.41,6.385,6.389,26159
436,6.41,6.41,6.38,6.39,6517
437,6.4,6.41,6.39,6.41,16101
438,6.395,6.4,6.39,6.4,6460
439,6.405,6.405,6.39,6.4,3500
440,6.404,6.41,6.39,6.405,15514
441,6.41,6.41,6.4,6.405,6080
442,6.39,6.415,6.39,6.41,44600
443,6.41,6.41,6.4,6.4,8410
444,6.41,6.41,6.391,6.4,9328
445,6.4001,6.41,6.3926,6.405,8124
446,6.4,6.41,6.4,6.4027,3669
447,6.39,6.41,6.39,6.4,6189
448,6.4,6.41,6.395,6.395,17867
449,6.405,6.41,6.4,6.405,1350
450,6.4005,6.4099,6.4,6.4,11993
451,6.405,6.41,6.4,6.405,7120
452,6.41,6.41,6.405,6.405,2800
453,6.405,6.41,6.405,6.405,2188
454,6.41,6.41,6.405,6.41,10700
455,6.41,6.42,6.405,6.41,41232
456,6.43,6.43,6.41,6.42,31380
457,6.43,6.44,6.42,6.42,21847
458,6.42,6.44,6.42,6.4335,15313
459,6.415,6.42,6.41,6.42,6500
460,6.4301,6.44,6.42,6.42,48651
461,6.43,6.4401,6.41,6.435,31433
462,6.42,6.44,6.42,6.43,5097
463,6.435,6.44,6.42,6.4201,11200
464,6.44,6.44,6.42,6.44,21656
465,6.43,6.44,6.42,6.43,14202
466,6.42,6.43,6.4,6.43,27037
467,6.42,6.4299,6.415,6.415,16600
468,6.43,6.43,6.4101,6.42,11309
469,6.42,6.43,6.42,6.43,5477
470,6.43,6.43,6.41,6.425,24398
471,6.43,6.435,6.42,6.43,90622
864,6.44,6.44,6.44,6.44,10693
865,6.44,6.46,6.42,6.43,52624
866,6.475,6.48,6.43,6.445,42432
867,6.455,6.48,6.45,6.48,26728
868,6.4401,6.46,6.44,6.45,35427
869,6.4501,6.46,6.44,6.45,18529
870,6.45,6.459,6.44,6.4501,15462
871,6.46,6.46,6.44,6.45,24424
872,6.46,6.47,6.45,6.45,9329
873,6.47,6.47,6.4517,6.4584,6513
874,6.47,6.47,6.46,6.47,19930
875,6.43,6.47,6.43,6.47,29804
876,6.42,6.44,6.41,6.44,13505
877,6.415,6.42,6.415,6.42,10875
878,6.42,6.4232,6.408,6.41,7024
879,6.43,6.435,6.42,6.42,13452
880,6.43,6.44,6.42,6.43,12374
881,6.43,6.4305,6.42,6.43,10938
882,6.46,6.46,6.43,6.43,9951
883,6.46,6.46,6.45,6.45,2100
884,6.448,6.46,6.44,6.46,4027
885,6.4468,6.4526,6.44,6.45,12102
886,6.455,6.46,6.44,6.44,12211
887,6.445,6.46,6.44,6.45,5534
888,6.45,6.45,6.4401,6.45,4000
889,6.45,6.455,6.445,6.45,5821
890,6.46,6.46,6.445,6.45,8209
891,6.4533,6.46,6.45,6.46,2664
892,6.4547,6.46,6.445,6.4514,8343
893,6.46,6.46,6.4501,6.455,3494
894,6.449,6.46,6.4331,6.46,20026
895,6.45,6.45,6.44,6.44,1461
896,6.44,6.45,6.4397,6.45,6083
897,6.445,6.45,6.44,6.44,8119
898,6.45,6.45,6.4401,6.45,5159
899,6.45,6.46,6.445,6.4465,10465
900,6.46,6.46,6.4501,6.455,12268
901,6.46,6.46,6.45,6.455,9344
902,6.455,6.46,6.45,6.455,6530
903,6.46,6.46,6.44,6.46,106916
a1497360600,6.44,6.44,6.44,6.44,12106
1,6.455,6.46,6.44,6.44,23679
2,6.425,6.46,6.415,6.45,64560
3,6.455,6.465,6.415,6.42,39507
4,6.465,6.47,6.46,6.46,18822
5,6.47,6.47,6.4536,6.465,15115
6,6.465,6.48,6.46,6.465,12591
7,6.465,6.47,6.465,6.47,2400
8,6.485,6.49,6.46,6.465,21804
9,6.485,6.49,6.48,6.48,5850
10,6.49,6.49,6.475,6.48,48946
11,6.49,6.49,6.4801,6.49,8030
12,6.49,6.49,6.48,6.485,6222
13,6.49,6.495,6.48,6.485,17147
14,6.475,6.49,6.4735,6.4801,29623
15,6.45,6.48,6.45,6.475,15832
16,6.44,6.45,6.43,6.45,19596
17,6.44,6.45,6.44,6.44,1400
18,6.45,6.45,6.44,6.445,8066
19,6.45,6.45,6.44,6.44,9600
20,6.445,6.45,6.44,6.45,10200
21,6.44,6.45,6.43,6.45,12543
22,6.45,6.45,6.44,6.44,6447
23,6.45,6.45,6.4425,6.45,800
24,6.445,6.45,6.44,6.445,4150
25,6.445,6.45,6.44,6.445,8950
26,6.435,6.45,6.43,6.44,13675
27,6.43,6.44,6.43,6.43,2092
28,6.435,6.44,6.43,6.44,3402
29,6.4499,6.4499,6.435,6.44,6094
30,6.44,6.445,6.43,6.445,4884
31,6.445,6.45,6.435,6.44,7745
32,6.45,6.45,6.44,6.445,5800
33,6.45,6.45,6.445,6.445,3130
34,6.45,6.45,6.44,6.45,5856
35,6.445,6.45,6.445,6.45,2338
36,6.47,6.47,6.44,6.4459,29828
37,6.45,6.47,6.45,6.47,13878
38,6.455,6.4586,6.45,6.45,15590
39,6.45,6.46,6.45,6.455,56482
144,6.47,6.47,6.47,6.47,5373
145,6.46,6.49,6.445,6.47,32935
146,6.46,6.47,6.46,6.47,9550
147,6.44,6.465,6.44,6.455,13112
148,6.435,6.44,6.43,6.44,5051
149,6.47,6.47,6.43,6.43,11915
150,6.48,6.48,6.465,6.47,13055
151,6.47,6.47,6.465,6.47,4902
152,6.48,6.48,6.47,6.47,8154
153,6.475,6.48,6.47,6.48,5976
154,6.4705,6.475,6.46,6.475,16626
155,6.48,6.48,6.4701,6.48,3366
156,6.4823,6.49,6.475,6.48,6891
157,6.485,6.49,6.4808,6.485,1950
158,6.49,6.49,6.485,6.49,3843
159,6.49,6.49,6.48,6.48,2020
160,6.475,6.49,6.475,6.48,7082
161,6.49,6.49,6.4733,6.48,4450
162,6.4961,6.5,6.49,6.49,41172
163,6.5,6.5,6.49,6.5,2400
164,6.495,6.5,6.49,6.49,1406
165,6.495,6.5,6.49,6.495,1094
166,6.49,6.5,6.49,6.5,4700
167,6.48,6.5,6.48,6.5,11514
168,6.48,6.485,6.48,6.485,3863
169,6.49,6.495,6.48,6.4858,9792
170,6.49,6.49,6.48,6.49,12819
171,6.485,6.49,6.48,6.485,4576
172,6.49,6.5,6.48,6.48,6473
173,6.49,6.5,6.48,6.49,7548
174,6.489,6.49,6.48,6.4847,18178
175,6.485,6.49,6.48,6.49,4500
176,6.4833,6.49,6.47,6.48,7351
177,6.49,6.49,6.485,6.485,5804
178,6.475,6.485,6.47,6.485,5458
179,6.49,6.49,6.47,6.475,4700
180,6.485,6.49,6.48,6.49,7100
181,6.49,6.49,6.48,6.49,7955
182,6.49,6.49,6.48,6.485,16073
183,6.48,6.49,6.48,6.49,53188
288,6.44,6.44,6.44,6.44,7664
289,6.49,6.5,6.44,6.44,25351
290,6.485,6.49,6.48,6.48,8925
291,6.4899,6.495,6.46,6.48,31602
292,6.4852,6.5,6.48,6.4899,10448
293,6.477,6.495,6.475,6.4848,19443
294,6.48,6.485,6.475,6.4753,14911
295,6.48,6.49,6.48,6.48,8420
296,6.48,6.4966,6.475,6.4899,27128
297,6.49,6.495,6.475,6.48,20858
298,6.49,6.5,6.4827,6.49,8452
299,6.49,6.5,6.4801,6.4967,17425
300,6.49,6.49,6.48,6.49,15700
301,6.49,6.4965,6.4802,6.49,9968
302,6.49,6.5,6.49,6.49,9712
303,6.49,6.5,6.49,6.495,18647
304,6.485,6.495,6.48,6.495,5108
305,6.48,6.49,6.48,6.49,17781
306,6.47,6.48,6.47,6.475,12731
307,6.4799,6.48,6.47,6.4735,8950
308,6.47,6.48,6.47,6.47,3450
309,6.49,6.49,6.47,6.475,8271
310,6.486,6.495,6.485,6.49,15090
311,6.4885,6.495,6.48,6.48,4142
312,6.485,6.49,6.48,6.485,3500
313,6.495,6.5,6.48,6.48,26788
314,6.49,6.5,6.49,6.49,10930
315,6.495,6.5,6.49,6.49,6086
316,6.51,6.53,6.49,6.49,97927
317,6.51,6.52,6.51,6.52,8144
318,6.52,6.53,6.515,6.52,14517
319,6.53,6.53,6.52,6.53,3418
320,6.525,6.55,6.525,6.53,44224
321,6.525,6.53,6.52,6.525,11675
322,6.5262,6.53,6.52,6.525,7564
323,6.51,6.53,6.51,6.53,15103
324,6.525,6.525,6.51,6.515,11560
325,6.525,6.53,6.52,6.53,5371
326,6.525,6.53,6.52,6.5211,20174
327,6.52,6.535,6.52,6.52,90420
432,6.5,6.5,6.5,6.5,185700
433,6.5451,6.5451,6.49,6.5,19236
434,6.555,6.57,6.54,6.5466,55002
435,6.5601,6.575,6.56,6.56,34804
436,6.525,6.57,6.525,6.56,38332
437,6.54,6.545,6.525,6.525,20582
438,6.545,6.545,6.53,6.54,7682
439,6.55,6.55,6.5439,6.55,5007
440,6.555,6.56,6.5401,6.55,12488
441,6.555,6.56,6.55,6.555,6197
442,6.56,6.56,6.55,6.5534,7189
443,6.57,6.57,6.5501,6.56,8246
444,6.565,6.57,6.5629,6.57,3663
445,6.57,6.57,6.5641,6.57,4500
446,6.565,6.57,6.563,6.57,7820
447,6.575,6.58,6.565,6.57,12959
448,6.566,6.58,6.565,6.58,19459
449,6.57,6.57,6.565,6.565,15196
450,6.565,6.575,6.56,6.569,24677
451,6.566,6.57,6.5624,6.57,12069
452,6.565,6.57,6.5601,6.57,3663
453,6.57,6.57,6.565,6.565,7315
454,6.545,6.57,6.545,6.565,43117
455,6.545,6.55,6.54,6.545,8158
456,6.545,6.55,6.54,6.5465,3450
457,6.55,6.55,6.54,6.55,23463
458,6.55,6.55,6.54,6.545,4650
459,6.55,6.56,6.5401,6.5451,21061
460,6.55,6.555,6.54,6.5464,9123
461,6.54,6.55,6.54,6.55,5200
462,6.535,6.54,6.53,6.54,18750
463,6.535,6.54,6.53,6.54,3225
464,6.55,6.555,6.53,6.54,21213
465,6.55,6.55,6.54,6.5467,11424
466,6.57,6.575,6.55,6.55,41348
467,6.58,6.58,6.565,6.565,7568
468,6.59,6.59,6.575,6.58,35108
469,6.59,6.59,6.58,6.59,17978
470,6.58,6.6,6.58,6.59,109134
471,6.59,6.6,6.58,6.59,566167
864,6.6,6.6,6.6,6.6,7471
865,6.61,6.635,6.57,6.59,135574
866,6.62,6.62,6.6025,6.6068,46913
867,6.61,6.63,6.6034,6.62,47025
868,6.63,6.64,6.61,6.615,34560
869,6.6501,6.655,6.63,6.635,50681
870,6.6,6.665,6.6,6.655,45053
871,6.604,6.61,6.6,6.6,5699
872,6.61,6.61,6.6,6.6,22550
873,6.62,6.63,6.6,6.6,19886
874,6.63,6.63,6.61,6.62,17377
875,6.63,6.64,6.625,6.63,19313
876,6.61,6.64,6.6,6.64,30479
877,6.609,6.61,6.6,6.609,8846
878,6.61,6.61,6.6,6.61,7969
879,6.605,6.615,6.6,6.605,14550
880,6.61,6.61,6.6018,6.6099,9950
881,6.635,6.64,6.605,6.61,38345
882,6.6301,6.64,6.63,6.6324,46833
883,6.63,6.64,6.62,6.64,13505
884,6.62,6.63,6.62,6.63,9385
885,6.635,6.64,6.625,6.629,12365
886,6.6726,6.68,6.631,6.635,82077
887,6.65,6.69,6.645,6.674,63606
888,6.655,6.66,6.64,6.645,24055
889,6.655,6.66,6.655,6.659,14144
890,6.645,6.66,6.645,6.66,14272
891,6.655,6.66,6.641,6.645,21973
892,6.66,6.66,6.65,6.6501,15100
893,6.645,6.66,6.645,6.66,16761
894,6.64,6.65,6.64,6.65,3000
895,6.61,6.65,6.61,6.646,57581
896,6.61,6.62,6.6,6.615,26959
897,6.62,6.62,6.604,6.61,25091
898,6.62,6.625,6.61,6.62,32654
899,6.61,6.625,6.61,6.62,35332
900,6.615,6.62,6.61,6.6199,37063
901,6.605,6.62,6.6,6.615,31773
902,6.615,6.615,6.6,6.6,19723
903,6.62,6.62,6.61,6.62,69432
a1497965400,6.59,6.59,6.59,6.59,26898
1,6.5982,6.62,6.59,6.6,27264
2,6.61,6.61,6.59,6.599,10800
3,6.6099,6.61,6.6,6.61,18489
4,6.605,6.6199,6.6,6.615,9836
5,6.605,6.61,6.6,6.605,12200
6,6.605,6.61,6.6,6.6,15202
7,6.58,6.61,6.58,6.6053,14677
8,6.58,6.59,6.58,6.58,11570
9,6.595,6.6,6.585,6.59,14703
10,6.6,6.6,6.59,6.6,600
11,6.599,6.6,6.59,6.5969,3400
12,6.587,6.595,6.58,6.594,9298
13,6.5868,6.5876,6.57,6.58,10046
14,6.6,6.6,6.58,6.58,16200
15,6.595,6.61,6.595,6.5967,24388
16,6.58,6.5999,6.58,6.595,7674
17,6.5622,6.5866,6.56,6.5866,14343
18,6.58,6.58,6.56,6.56,26793
19,6.5674,6.5757,6.56,6.575,8100
20,6.5586,6.5675,6.55,6.56,8382
21,6.5699,6.5699,6.55,6.55,14400
22,6.5657,6.57,6.565,6.565,1608
23,6.56,6.5668,6.55,6.565,15045
24,6.585,6.585,6.56,6.56,62801
25,6.59,6.59,6.58,6.585,1400
26,6.575,6.585,6.57,6.58,10792
27,6.56,6.576,6.56,6.576,7601
28,6.565,6.57,6.56,6.565,3074
29,6.57,6.57,6.565,6.57,1350
30,6.585,6.59,6.565,6.565,40760
31,6.58,6.59,6.58,6.5899,6600
32,6.59,6.59,6.58,6.585,6574
33,6.59,6.59,6.58,6.59,5464
34,6.585,6.6,6.58,6.59,14394
35,6.585,6.5867,6.58,6.5862,3627
36,6.5969,6.6,6.58,6.59,25400
37,6.58,6.59,6.57,6.59,35194
38,6.58,6.59,6.58,6.58,19546
39,6.59,6.59,6.58,6.585,80989
144,6.61,6.61,6.61,6.61,4485
145,6.5855,6.625,6.58,6.61,111340
146,6.575,6.61,6.575,6.585,44162
147,6.595,6.6,6.575,6.575,17441
148,6.6,6.63,6.5999,6.5999,68434
149,6.61,6.62,6.6,6.601,81129
150,6.64,6.65,6.605,6.605,79873
151,6.635,6.65,6.63,6.6492,12049
152,6.635,6.65,6.635,6.635,13109
153,6.64,6.64,6.63,6.6373,19569
154,6.6,6.64,6.6,6.635,60337
155,6.5799,6.61,6.57,6.605,30061
156,6.56,6.58,6.56,6.575,38665
157,6.55,6.57,6.55,6.565,20126
158,6.5664,6.57,6.55,6.56,15045
159,6.56,6.57,6.56,6.565,12971
160,6.5552,6.57,6.55,6.565,23231
161,6.565,6.57,6.5599,6.56,12700
162,6.555,6.5676,6.55,6.565,19766
163,6.57,6.58,6.555,6.555,15794
164,6.55,6.57,6.55,6.57,36727
165,6.55,6.559,6.54,6.55,11618
166,6.57,6.57,6.54,6.545,53749
167,6.555,6.57,6.555,6.565,10212
168,6.54,6.56,6.54,6.555,6510
169,6.535,6.55,6.52,6.54,30017
170,6.52,6.54,6.515,6.54,27358
171,6.515,6.53,6.514,6.52,22421
172,6.53,6.53,6.515,6.515,20903
173,6.51,6.525,6.51,6.52,22764
174,6.52,6.52,6.505,6.5199,56728
175,6.53,6.53,6.5159,6.52,11886
176,6.54,6.54,6.53,6.53,25804
177,6.5361,6.54,6.53,6.54,10275
178,6.53,6.535,6.525,6.535,22512
179,6.53,6.53,6.52,6.53,20035
180,6.515,6.53,6.515,6.525,30965
181,6.515,6.52,6.51,6.52,34113
182,6.505,6.52,6.5,6.51,52583
183,6.5,6.52,6.49,6.5,227134
288,6.26,6.28,6.25,6.25,71619
289,6.31,6.33,6.25,6.26,118875
290,6.36,6.36,6.31,6.315,36146
291,6.385,6.39,6.3604,6.3604,10082
292,6.3564,6.385,6.35,6.385,47100
293,6.33,6.35,6.33,6.35,24651
294,6.325,6.34,6.32,6.33,15458
295,6.345,6.35,6.325,6.325,27731
296,6.35,6.36,6.34,6.34,15732
297,6.37,6.37,6.35,6.355,7274
298,6.375,6.38,6.365,6.365,25019
299,6.38,6.38,6.37,6.3732,10300
300,6.38,6.38,6.37,6.38,40505
301,6.39,6.39,6.373,6.38,35430
302,6.4099,6.425,6.39,6.39,55843
303,6.405,6.41,6.4,6.4041,11950
304,6.39,6.41,6.39,6.4013,51787
305,6.39,6.3993,6.39,6.3993,6258
306,6.38,6.3987,6.37,6.395,19044
307,6.38,6.38,6.3733,6.3777,1435
308,6.38,6.38,6.371,6.38,3095
309,6.38,6.38,6.37,6.38,4900
310,6.38,6.38,6.37,6.38,15223
311,6.3751,6.38,6.37,6.3765,2548
312,6.38,6.38,6.37,6.38,1000
313,6.375,6.38,6.37,6.37,2939
314,6.38,6.38,6.37,6.38,3029
315,6.375,6.38,6.37,6.38,7785
316,6.38,6.38,6.37,6.3769,3325
317,6.37,6.38,6.36,6.37,14667
318,6.36,6.365,6.36,6.36,2050
319,6.37,6.37,6.36,6.36,871
320,6.37,6.38,6.36,6.36,9982
321,6.39,6.39,6.3733,6.38,9662
322,6.4,6.4,6.381,6.39,28283
323,6.375,6.399,6.37,6.395,22914
324,6.375,6.38,6.375,6.378,8700
325,6.37,6.38,6.37,6.375,4126
326,6.355,6.38,6.35,6.375,82653
327,6.35,6.36,6.35,6.36,217376
432,6.35,6.35,6.35,6.35,5752
433,6.37,6.3896,6.35,6.35,26433
434,6.3569,6.37,6.3569,6.361,13461
435,6.35,6.355,6.32,6.35,22172
436,6.36,6.365,6.3501,6.3501,4786
437,6.365,6.37,6.35,6.35,4350
438,6.3627,6.37,6.3627,6.365,2100
439,6.365,6.365,6.3537,6.3604,14033
440,6.395,6.4,6.37,6.37,30809
441,6.39,6.4,6.39,6.3941,18493
442,6.392,6.4,6.39,6.395,2179
443,6.4,6.4,6.395,6.4,10690
444,6.415,6.42,6.3995,6.3995,17658
445,6.41,6.42,6.4,6.415,14686
446,6.39,6.405,6.39,6.405,10545
447,6.39,6.39,6.3832,6.385,3500
448,6.382,6.39,6.382,6.39,1400
449,6.385,6.39,6.381,6.39,3670
450,6.385,6.39,6.3839,6.39,1377
451,6.395,6.4,6.385,6.3871,3981
452,6.395,6.4,6.395,6.395,5338
453,6.385,6.4,6.38,6.4,15334
454,6.376,6.39,6.375,6.389,20555
455,6.375,6.38,6.375,6.375,1100
456,6.38,6.38,6.37,6.375,3875
457,6.38,6.38,6.375,6.38,2300
458,6.4,6.4,6.3774,6.38,10560
459,6.4,6.4,6.395,6.4,3530
460,6.4,6.4,6.3916,6.4,5300
461,6.405,6.41,6.4,6.4,1474
462,6.3901,6.41,6.3901,6.41,13898
463,6.405,6.41,6.395,6.4,9815
464,6.41,6.41,6.4,6.41,9415
465,6.42,6.42,6.4036,6.4036,8415
466,6.419,6.42,6.41,6.42,8521
467,6.42,6.42,6.41,6.42,2250
468,6.4101,6.42,6.41,6.415,9500
469,6.385,6.42,6.385,6.42,82770
470,6.4,6.42,6.381,6.381,42790
471,6.41,6.42,6.4,6.4,445804
864,6.43,6.43,6.43,6.43,10292
865,6.43,6.44,6.408,6.44,23786
866,6.415,6.44,6.41,6.42,15407
867,6.45,6.46,6.4197,6.427,33843
868,6.46,6.46,6.43,6.45,17791
869,6.43,6.46,6.4299,6.46,42685
870,6.44,6.44,6.41,6.43,19981
871,6.415,6.435,6.41,6.43,19022
872,6.39,6.415,6.39,6.41,15682
873,6.38,6.395,6.38,6.385,9500
874,6.3801,6.389,6.38,6.385,8282
875,6.385,6.389,6.38,6.385,3150
876,6.4,6.4,6.38,6.38,2000
877,6.41,6.41,6.3901,6.3901,8074
878,6.43,6.43,6.41,6.41,9922
879,6.41,6.435,6.41,6.43,61269
880,6.415,6.415,6.41,6.4126,1100
881,6.4133,6.42,6.41,6.4104,1453
882,6.41,6.4174,6.4,6.4174,6400
883,6.385,6.41,6.37,6.41,36804
884,6.4,6.4,6.39,6.39,4450
885,6.3904,6.4,6.3901,6.4,1800
886,6.4,6.409,6.4,6.4,3667
887,6.4,6.4094,6.39,6.4,9398
888,6.405,6.4066,6.4,6.4,1400
889,6.405,6.41,6.4,6.4042,13221
890,6.4,6.41,6.4,6.405,1900
891,6.395,6.4,6.39,6.4,10200
892,6.395,6.4,6.395,6.395,1362
893,6.4,6.4,6.3901,6.4,911
894,6.3934,6.3999,6.3901,6.3901,4200
895,6.4,6.4,6.39,6.3999,3792
896,6.395,6.4,6.395,6.4,500
897,6.4,6.41,6.4,6.4,8058
898,6.41,6.41,6.405,6.405,1300
899,6.4062,6.41,6.4005,6.41,13083
900,6.4038,6.41,6.4,6.41,29562
901,6.4,6.41,6.4,6.41,8795
902,6.41,6.42,6.4,6.405,11861
903,6.41,6.415,6.4,6.415,109455
a1498570200,6.4,6.4,6.4,6.4,8848
1,6.38,6.4,6.37,6.4,54866
2,6.3742,6.3742,6.36,6.37,29393
3,6.36,6.3801,6.35,6.38,20229
4,6.33,6.38,6.32,6.37,34467
5,6.34,6.355,6.3301,6.3301,9095
6,6.35,6.36,6.335,6.3395,8635
7,6.36,6.36,6.34,6.35,14090
8,6.365,6.38,6.36,6.37,9500
9,6.375,6.38,6.365,6.3652,26546
10,6.36,6.3755,6.36,6.375,6693
11,6.35,6.36,6.35,6.36,1800
12,6.363,6.37,6.35,6.355,10479
13,6.365,6.365,6.36,6.36,6400
14,6.355,6.3635,6.35,6.36,8127
15,6.3501,6.355,6.35,6.3518,7519
16,6.36,6.36,6.35,6.355,3700
17,6.355,6.36,6.35,6.35,3700
18,6.33,6.36,6.33,6.35,29732
19,6.329,6.34,6.32,6.34,20258
20,6.32,6.33,6.32,6.32,8300
21,6.3359,6.3359,6.32,6.325,14140
22,6.335,6.34,6.3339,6.3356,1700
23,6.32,6.335,6.32,6.33,6248
24,6.315,6.3295,6.31,6.32,4669
25,6.3063,6.315,6.305,6.3137,6248
26,6.27,6.31,6.26,6.3,67960
27,6.265,6.28,6.26,6.265,19243
28,6.26,6.27,6.255,6.26,8136
29,6.26,6.26,6.2506,6.255,22193
30,6.26,6.26,6.25,6.26,8185
31,6.26,6.2699,6.255,6.255,10099
32,6.28,6.29,6.26,6.265,9469
33,6.305,6.31,6.27,6.2827,49427
34,6.29,6.31,6.2805,6.305,32215
35,6.295,6.2974,6.29,6.29,2320
36,6.285,6.299,6.28,6.295,7691
37,6.26,6.285,6.26,6.28,20235
38,6.27,6.275,6.26,6.26,38461
39,6.27,6.28,6.26,6.275,117938
144,6.28,6.28,6.245,6.245,10774
145,6.21,6.31,6.2,6.31,70185
146,6.21,6.24,6.2,6.205,31200
147,6.21,6.22,6.21,6.2101,9530
148,6.18,6.22,6.18,6.21,53002
149,6.18,6.19,6.17,6.18,32901
150,6.18,6.19,6.17,6.18,49123
151,6.1901,6.2,6.17,6.174,56287
152,6.22,6.23,6.19,6.196,19112
153,6.24,6.24,6.22,6.22,13510
154,6.25,6.275,6.23,6.24,16351
155,6.255,6.26,6.25,6.2501,10923
156,6.28,6.29,6.25,6.2581,35044
157,6.27,6.29,6.26,6.29,14021
158,6.275,6.28,6.27,6.27,6200
159,6.31,6.31,6.27,6.28,45793
160,6.33,6.33,6.305,6.31,44019
161,6.35,6.35,6.3214,6.33,18911
162,6.31,6.36,6.31,6.35,31173
163,6.32,6.32,6.31,6.31,3300
164,6.32,6.32,6.31,6.315,12950
165,6.315,6.32,6.31,6.31,11407
166,6.32,6.32,6.31,6.32,8155
167,6.29,6.32,6.29,6.32,23792
168,6.29,6.295,6.29,6.29,11357
169,6.275,6.295,6.26,6.29,39743
170,6.265,6.275,6.25,6.27,48575
171,6.26,6.2662,6.26,6.2662,4000
172,6.279,6.28,6.26,6.26,11997
173,6.27,6.28,6.27,6.275,4219
174,6.25,6.27,6.25,6.27,13103
175,6.24,6.2563,6.24,6.25,12807
176,6.24,6.25,6.24,6.24,10073
177,6.265,6.265,6.24,6.245,28904
178,6.27,6.27,6.26,6.2605,6803
179,6.255,6.28,6.25,6.26,104371
180,6.27,6.27,6.25,6.255,16410
181,6.26,6.265,6.26,6.265,5000
182,6.24,6.265,6.225,6.265,95108
183,6.27,6.28,6.235,6.235,129433
288,6.28,6.28,6.28,6.28,11932
289,6.23,6.28,6.23,6.28,38240
290,6.2301,6.24,6.22,6.22,19453
291,6.22,6.23,6.22,6.23,5318
292,6.23,6.23,6.22,6.23,4325
293,6.225,6.23,6.21,6.22,32952
294,6.26,6.26,6.22,6.23,19369
295,6.25,6.26,6.24,6.255,10755
296,6.2899,6.2899,6.24,6.245,34417
297,6.275,6.285,6.27,6.2801,6407
298,6.28,6.28,6.2705,6.28,1557
299,6.25,6.275,6.25,6.275,13436
300,6.2238,6.255,6.22,6.255,18754
301,6.2058,6.23,6.2,6.22,37198
302,6.2,6.21,6.19,6.2044,23289
303,6.185,6.2,6.18,6.19,34260
304,6.205,6.21,6.18,6.18,125819
305,6.205,6.21,6.205,6.21,1800
306,6.215,6.22,6.2069,6.21,13100
307,6.2,6.215,6.2,6.21,8004
308,6.2,6.21,6.2,6.21,3900
309,6.2093,6.21,6.2,6.2,3125
310,6.2,6.21,6.2,6.2,3000
311,6.1887,6.205,6.18,6.2,21275
312,6.17,6.19,6.17,6.18,12218
313,6.18,6.18,6.17,6.17,8827
314,6.195,6.2,6.17,6.17,30413
315,6.19,6.2,6.19,6.19,7800
316,6.22,6.22,6.19,6.19,33064
317,6.215,6.22,6.21,6.215,2810
318,6.225,6.23,6.21,6.21,11893
319,6.24,6.24,6.22,6.23,5153
320,6.225,6.24,6.22,6.24,7781
321,6.22,6.23,6.22,6.22,3400
322,6.22,6.228,6.22,6.22,7400
323,6.21,6.23,6.21,6.2211,9921
324,6.22,6.23,6.21,6.21,19960
325,6.21,6.225,6.21,6.22,13144
326,6.25,6.25,6.21,6.22,49525
327,6.25,6.255,6.24,6.255,69556
432,6.24,6.24,6.24,6.24,6460
433,6.25,6.28,6.2252,6.2252,21414
434,6.245,6.245,6.24,6.24,696
435,6.2202,6.245,6.2202,6.245,9960
436,6.25,6.25,6.23,6.23,2549
437,6.2461,6.25,6.245,6.2483,1272
438,6.245,6.25,6.245,6.25,1100
439,6.245,6.25,6.24,6.2452,3192
440,6.23,6.247,6.22,6.245,8869
441,6.22,6.23,6.21,6.23,2696
442,6.21,6.22,6.21,6.215,1466
443,6.2102,6.22,6.2102,6.22,7200
444,6.215,6.22,6.21,6.215,3750
445,6.2007,6.2182,6.2,6.2182,9761
446,6.205,6.21,6.2,6.2,2400
447,6.205,6.21,6.202,6.205,4200
448,6.21,6.21,6.2,6.21,2641
449,6.195,6.2,6.19,6.2,25708
450,6.195,6.1971,6.195,6.1971,1275
451,6.19,6.19,6.19,6.19,100
452,6.19,6.2,6.18,6.195,10516
453,6.195,6.2,6.185,6.19,21334
454,6.2,6.2,6.195,6.2,5713
455,6.22,6.22,6.1907,6.2,9549
456,6.215,6.22,6.215,6.22,354
457,6.225,6.23,6.215,6.215,4090
458,6.2227,6.2299,6.2202,6.2202,1182
459,6.225,6.23,6.225,6.225,1096
460,6.225,6.229,6.22,6.225,1619
461,6.235,6.235,6.225,6.23,2412
462,6.235,6.235,6.2332,6.2332,1200
463,6.225,6.24,6.22,6.24,8286
464,6.225,6.23,6.22,6.225,1150
465,6.235,6.235,6.225,6.225,12784
466,6.24,6.24,6.235,6.24,2400
467,6.2201,6.23,6.22,6.23,7075
468,6.2236,6.225,6.22,6.22,1900
469,6.215,6.225,6.21,6.2246,8100
470,6.23,6.23,6.2146,6.22,38894
471,6.22,6.23,6.21,6.23,147863
864,6.23,6.23,6.23,6.23,13875
865,6.24,6.27,6.22,6.23,22819
866,6.245,6.27,6.24,6.24,9443
867,6.24,6.245,6.21,6.245,37398
868,6.24,6.255,6.235,6.25,16276
869,6.25,6.26,6.22,6.23,25312
870,6.25,6.2569,6.24,6.2569,5608
871,6.25,6.25,6.24,6.25,12565
872,6.275,6.275,6.26,6.26,14669
873,6.25,6.27,6.231,6.27,21746
874,6.26,6.26,6.25,6.25,4391
875,6.26,6.26,6.25,6.2539,7240
876,6.275,6.275,6.255,6.26,5081
877,6.285,6.29,6.2701,6.2701,19647
878,6.3,6.3,6.285,6.29,10969
879,6.305,6.31,6.3,6.3,7233
880,6.265,6.305,6.265,6.3,15110
881,6.265,6.27,6.26,6.265,5300
882,6.29,6.29,6.27,6.27,15297
883,6.265,6.285,6.26,6.285,23134
884,6.31,6.315,6.27,6.27,46101
885,6.28,6.31,6.28,6.31,65936
a1499261400,6.32,6.32,6.32,6.32,11461
1,6.2649,6.32,6.26,6.32,25735
2,6.28,6.28,6.255,6.27,16788
3,6.3,6.3,6.26,6.27,13639
4,6.305,6.32,6.3,6.31,14272
5,6.295,6.31,6.289,6.3,9100
6,6.27,6.3,6.27,6.3,4808
7,6.29,6.29,6.275,6.275,3114
8,6.3,6.31,6.29,6.29,8704
9,6.3,6.3,6.295,6.3,800
10,6.2999,6.3,6.2901,6.3,10640
11,6.3,6.3,6.2916,6.295,1203
12,6.25,6.29,6.25,6.29,18346
13,6.26,6.26,6.2564,6.259,2806
14,6.2699,6.27,6.26,6.26,2590
15,6.26,6.275,6.25,6.27,18765
16,6.26,6.26,6.255,6.26,1591
17,6.2557,6.27,6.25,6.259,18684
18,6.27,6.27,6.259,6.26,13394
19,6.285,6.285,6.27,6.27,3703
20,6.295,6.3,6.29,6.29,8730
21,6.2915,6.3,6.2915,6.3,2800
22,6.3,6.3,6.2947,6.3,1920
23,6.3,6.3,6.29,6.3,758
24,6.28,6.3,6.28,6.3,4935
25,6.275,6.287,6.27,6.28,3939
26,6.2748,6.28,6.27,6.27,2423
27,6.27,6.28,6.26,6.28,12445
28,6.275,6.275,6.24,6.26,21580
29,6.275,6.28,6.27,6.28,4590
30,6.29,6.29,6.28,6.28,9828
31,6.2859,6.29,6.28,6.29,3330
32,6.275,6.3,6.27,6.2899,13400
33,6.275,6.28,6.27,6.275,10450
34,6.28,6.28,6.27,6.275,1000
35,6.29,6.29,6.275,6.275,3863
36,6.29,6.305,6.29,6.29,22809
37,6.3,6.3,6.29,6.295,4400
38,6.305,6.31,6.3,6.3,18938
39,6.3,6.3,6.28,6.3,61009
