EXCHANGE%3DNASDAQ
MARKET_OPEN_MINUTE=570
MARKET_CLOSE_MINUTE=960
INTERVAL=600
COLUMNS=DATE,CLOSE,HIGH,LOW,OPEN,VOLUME
DATA=
TIMEZONE_OFFSET=-240
a1493127000,34.8,34.8,34.8,34.8,333
1,34.95,35,34.85,34.9,1221
2,35.15,35.15,34.95,34.975,3500
3,35.05,35.1,35,35.1,600
4,34.95,35.0181,34.95,35.0181,705
5,34.9999,35.039,34.995,35.039,2602
6,34.9,34.975,34.9,34.955,1600
7,35.05,35.05,34.9,34.9,2047
8,35.05,35.05,35,35,400
9,35.05,35.1,35.05,35.05,1978
10,35.1,35.1,35.05,35.05,2200
11,35.1,35.1,35.1,35.1,800
12,35.025,35.1,35,35.1,800
13,35,35,35,35,100
14,34.925,34.95,34.9,34.95,800
15,34.95,34.95,34.95,34.95,300
16,34.95,34.95,34.95,34.95,778
17,35.1,35.1,35.1,35.1,100
18,35.1,35.1,35.1,35.1,200
19,34.95,35.075,34.95,35.075,1500
20,34.9,34.95,34.9,34.95,200
21,34.9,34.9,34.9,34.9,200
22,34.875,34.875,34.85,34.85,600
23,34.85,34.95,34.85,34.95,300
24,34.8,34.85,34.8,34.85,400
25,34.8,34.8,34.775,34.8,1500
26,34.9,34.9,34.8,34.8,1000
28,35.1,35.1,35,35,1400
29,34.95,35.1,34.95,35.075,1919
30,34.9,34.9,34.9,34.9,100
31,34.95,34.95,34.9,34.9,300
33,34.8,34.95,34.8,34.95,600
34,34.75,34.8,34.7,34.8,4620
35,34.55,34.7,34.45,34.7,2900
36,34.7,34.7,34.65,34.65,300
37,34.6,34.675,34.6,34.675,1300
38,34.4,34.6,34.4,34.55,1300
39,34.45,34.6,34.4,34.45,8361
144,32.45,32.45,32.45,32.45,1055
145,33.75,34.2,33.7,34.2,1230
146,35,35,34.6,34.6,900
147,35,35,34.4,35,2582
148,34.75,35.025,34.7,35,1800
149,34.85,34.85,34.85,34.85,400
150,35.2,35.2,34.95,34.95,700
151,35.25,35.25,35.2,35.2,653
152,35.125,35.35,35.05,35.25,2700
153,35.05,35.15,34.95,35.15,2915
154,35.05,35.05,35,35,500
155,34.9,34.95,34.9,34.95,200
156,34.9,34.9,34.8,34.9,2283
157,34.9,34.9,34.9,34.9,770
158,34.9,34.9,34.75,34.85,2208
159,34.75,34.75,34.75,34.75,1300
160,34.75,34.75,34.75,34.75,200
161,34.65,34.75,34.65,34.75,600
163,34.7,34.7,34.7,34.7,100
164,34.75,34.75,34.75,34.75,200
165,34.75,34.75,34.75,34.75,800
166,34.65,34.75,34.65,34.75,800
167,34.75,34.75,34.75,34.75,100
168,34.3,34.7,34.3,34.7,2600
169,34.25,34.4,34.25,34.4,4000
170,34.25,34.25,34.25,34.25,500
171,33.9,34.15,33.9,34.15,300
172,33.925,34.05,33.9,33.9,800
173,34.15,34.15,33.95,33.95,300
174,34.125,34.125,34.125,34.125,100
175,34.25,34.25,34.11,34.11,600
176,34.25,34.35,34.2,34.25,1478
177,34.2,34.25,34.15,34.25,500
178,34.05,34.1,34.05,34.1,600
179,34.15,34.15,34.15,34.15,600
180,34.1,34.125,34.1,34.1,618
181,34.15,34.15,34.05,34.05,500
182,34,34.15,34,34.15,400
183,33.95,34.1,33.9,34.1,7944
288,34.15,34.15,34.15,34.15,444
289,34.2,34.2,34.2,34.2,100
290,34.1,34.1,34,34,500
292,33.85,33.95,33.85,33.9,800
293,33.95,33.95,33.8,33.8,500
294,33.9,33.925,33.85,33.925,500
295,33.95,33.95,33.95,33.95,100
296,33.85,33.85,33.85,33.85,100
297,33.6,33.8,33.6,33.8,1000
298,33.75,33.75,33.575,33.65,1086
299,33.7,33.75,33.7,33.75,400
300,33.55,33.65,33.55,33.6,600
301,33.6,33.6,33.6,33.6,100
302,33.55,33.6,33.55,33.6,1014
303,33.45,33.45,33.45,33.45,100
304,33.8,33.8,33.65,33.65,700
305,33.85,33.85,33.85,33.85,100
306,33.8,33.8,33.8,33.8,100
307,33.8,33.8,33.75,33.75,300
308,33.825,33.825,33.825,33.825,100
309,34.05,34.05,33.9,33.9,300
310,34,34,34,34,200
311,34.05,34.05,34.05,34.05,100
312,34.1,34.1,34.1,34.1,100
313,34,34,34,34,100
315,33.95,34.0238,33.95,34.0238,1132
316,33.8,33.85,33.8,33.85,400
318,33.775,33.775,33.775,33.775,100
319,33.8,33.8,33.75,33.75,200
320,33.775,33.8,33.75,33.8,1400
321,33.85,33.85,33.75,33.75,1100
322,33.7437,33.8,33.7437,33.8,500
323,33.7,33.7,33.7,33.7,100
324,33.8,33.8,33.7,33.8,300
325,33.9,33.9,33.75,33.8,1416
326,33.85,33.95,33.85,33.9,2440
327,34,34,33.85,33.85,11420
432,33.95,33.95,33.95,33.95,400
433,34,34,33.95,33.95,383
435,34.25,34.25,34.2,34.2,1300
436,34.2,34.25,34.2,34.25,1052
437,34.1,34.1,34.1,34.1,100
438,34,34,34,34,200
439,34.1,34.1,34,34,800
441,33.95,34.1,33.95,34.1,200
442,33.975,33.975,33.95,33.95,200
444,33.85,33.85,33.85,33.85,100
445,33.8,33.85,33.8,33.85,200
448,33.85,33.85,33.85,33.85,100
451,33.75,33.85,33.75,33.85,300
452,33.65,33.7,33.65,33.7,600
455,33.65,33.65,33.65,33.65,100
458,33.65,33.65,33.65,33.65,100
460,33.575,33.6,33.5,33.55,500
461,33.5,33.5,33.5,33.5,100
463,33.45,33.45,33.45,33.45,300
464,33.45,33.5,33.45,33.5,600
465,33.5,33.5,33.4,33.475,800
466,33.45,33.5,33.45,33.5,200
468,33.4,33.45,33.4,33.45,600
469,33.55,33.6,33.5,33.5,700
470,33.55,33.55,33.55,33.55,600
471,33.5,33.6,33.5,33.55,13979
864,33.65,33.65,33.65,33.65,238
867,33.6,33.6,33.6,33.6,300
868,33.55,33.7,33.55,33.7,500
869,33.7,33.7,33.6,33.6,309
870,33.75,33.75,33.75,33.75,100
872,33.85,33.9,33.85,33.9,200
873,33.85,33.85,33.75,33.8,1104
875,33.85,33.85,33.85,33.85,100
876,33.9,33.9,33.9,33.9,100
877,33.85,33.85,33.75,33.75,700
881,34,34,34,34,100
882,34,34,34,34,100
883,33.9449,34,33.9449,34,200
885,33.85,34,33.85,34,1560
886,34,34,33.95,33.95,200
887,34,34,34,34,308
888,34.1,34.1,34,34,1113
889,34.2,34.2,34.2,34.2,300
890,34.25,34.25,34.2,34.2,1230
891,34.45,34.45,34.25,34.25,1400
892,34.35,34.4,34.35,34.4,300
893,34.35,34.35,34.35,34.35,200
894,34.2,34.3,34.15,34.3,1600
895,34.25,34.25,34.2,34.2,800
896,34.2,34.2,34.15,34.15,753
897,34.2,34.2,34.15,34.2,3000
898,34.05,34.2,34.05,34.15,4030
899,33.7,34.2,33.6436,33.81,16282
900,33.65,33.8,33.455,33.605,15456
901,33.2003,33.65,33.105,33.54,12932
902,33.45,33.5,33.1,33.15,9256
903,33.4,33.536,33.3,33.4,17872
a1493731800,32.1,32.1,32.1,32.1,22336
1,32.555,32.9,32.35,32.8426,10856
2,32.8428,33,32.51,32.625,9404
3,32.6,33,32.6,32.875,8317
4,32.6,32.7882,32.5,32.55,6789
5,32.9,32.95,32.65,32.65,3743
6,32.85,32.9385,32.8,32.85,2800
7,32.85,32.9,32.8,32.9,900
8,32.65,32.8,32.65,32.8,1900
9,32.7,32.8,32.65,32.65,1620
10,32.45,32.6587,32.3,32.65,3805
11,32.55,32.55,32.4,32.4,3956
12,32.65,32.65,32.55,32.6,2900
13,32.5615,32.7,32.5615,32.6,600
14,32.605,32.7,32.605,32.7,800
15,32.5,32.6,32.5,32.6,1600
16,32.6089,32.65,32.5,32.5,1786
17,32.5,32.575,32.5,32.575,1300
18,32.45,32.475,32.45,32.475,1100
19,32.405,32.45,32.4,32.45,2900
20,32.25,32.45,32.25,32.45,4161
21,32.3,32.3,32.2,32.2,3740
22,32.3,32.3,32.3,32.3,300
23,32.35,32.35,32.3077,32.35,1170
24,32.3,32.35,32.3,32.3,600
25,32.325,32.35,32.3,32.3,945
26,32.3,32.35,32.3,32.3,500
27,32.325,32.35,32.3,32.35,1400
28,32.35,32.35,32.3,32.3,1489
29,32.3,32.35,32.25,32.305,2600
30,32.375,32.375,32.3,32.3,400
31,32.4,32.4,32.35,32.35,850
32,32.4,32.4,32.2,32.4,2800
33,32.375,32.45,32.375,32.45,500
34,32.4,32.45,32.375,32.4,1469
35,32.55,32.55,32.425,32.45,600
36,32.5,32.55,32.5,32.5,1000
37,32.55,32.55,32.45,32.5,2450
38,32.65,32.65,32.5,32.55,1800
39,32.65,32.65,32.575,32.6,15803
144,31.95,32.2,31.95,32.2,8524
145,32.4,32.4,32.058,32.25,2418
146,32.55,32.6,32.255,32.255,4164
147,32.75,32.75,32.55,32.55,6505
148,32.836,32.9,32.75,32.75,1600
149,32.575,32.85,32.575,32.8,6712
150,32.65,32.65,32.6,32.65,900
151,32.7,32.7,32.625,32.675,2500
152,32.75,32.75,32.7,32.7,1100
153,32.75,32.9,32.75,32.8,3500
154,32.7,32.75,32.655,32.75,801
155,32.925,32.925,32.7,32.7,3690
157,33.05,33.05,32.925,32.925,3657
158,33.15,33.15,33.05,33.05,2496
159,33.15,33.15,33.1,33.15,2056
160,33.15,33.2,33.1,33.15,402
161,32.889,33.15,32.889,33.1,2624
162,33,33,32.95,32.95,617
163,33.05,33.05,33,33,500
164,33,33,32.968,32.968,300
165,32.95,33,32.95,32.95,2100
166,32.95,33,32.95,33,700
167,33,33,33,33,100
168,33,33,32.9,32.9,1000
169,32.95,32.975,32.9,32.95,2800
170,32.975,32.975,32.975,32.975,400
171,32.975,33,32.9742,33,701
172,33.1,33.15,33,33,3021
173,33.05,33.2,33.05,33.1,1436
174,33.1,33.1,33,33.005,875
175,33.15,33.15,33.1,33.1,1000
176,33.15,33.2,33.15,33.15,700
177,33.3,33.35,33.15,33.15,2973
178,33.3,33.35,33.25,33.325,2800
179,33.35,33.35,33.3,33.3,2156
180,33.35,33.4,33.3,33.35,2300
181,33.5,33.5,33.35,33.4,2294
182,33.55,33.55,33.5,33.5,1900
183,33.55,33.55,33.45,33.55,10074
288,33.55,33.55,33.55,33.55,2103
289,33.65,33.65,32.855,33.6,3651
290,33.7,33.725,33.45,33.5,1434
291,33.7,33.7,33.7,33.7,200
292,33.55,33.725,33.55,33.6499,7710
293,33.6,33.6,33.5201,33.55,2200
295,33.8,33.9,33.525,33.525,13923
296,33.65,33.75,33.65,33.75,1900
297,33.625,33.65,33.6,33.6,672
298,33.725,33.85,33.65,33.7,2342
299,33.75,33.75,33.65,33.65,1069
300,33.7,33.725,33.65,33.65,600
301,33.7,33.7,33.675,33.675,300
302,33.7,33.7,33.7,33.7,100
303,33.65,33.7,33.6,33.65,2200
304,33.55,33.6,33.55,33.6,1550
305,33.425,33.525,33.425,33.525,300
306,33.425,33.5,33.425,33.45,300
307,33.45,33.45,33.425,33.425,600
308,33.6,33.65,33.5,33.5,2906
309,33.675,33.675,33.625,33.625,800
310,33.6,33.65,33.6,33.6,522
311,33.55,33.6,33.55,33.555,1334
312,33.5,33.5,33.5,33.5,100
313,33.55,33.55,33.4935,33.4935,571
314,33.65,33.65,33.55,33.55,400
315,33.625,33.625,33.625,33.625,400
318,33.55,33.65,33.55,33.65,243
319,33.625,33.7,33.6,33.7,600
320,33.6,33.6,33.6,33.6,600
321,33.6,33.6,33.6,33.6,200
322,33.6,33.65,33.6,33.65,400
323,33.575,33.575,33.55,33.55,200
324,33.55,33.5579,33.55,33.55,850
325,33.65,33.65,33.6,33.6,300
326,33.55,33.55,33.5,33.5,200
327,33.4,33.55,33.35,33.5,15439
432,32.8,32.8,32.8,32.8,5184
433,33.65,33.65,33.175,33.175,748
434,33.525,33.55,33.425,33.425,525
435,33.25,33.55,33.19,33.55,1171
436,33.15,33.25,33.15,33.25,200
437,33.1,33.1,33.1,33.1,200
438,33.05,33.075,32.95,33.075,600
439,32.85,32.95,32.85,32.95,600
440,32.85,32.875,32.85,32.875,300
441,32.9,32.9,32.9,32.9,100
442,33,33,32.9,32.95,1640
443,33.15,33.15,33.1,33.1,200
444,33.155,33.2,33.155,33.2,200
445,33.25,33.25,33.15,33.15,820
446,33.25,33.25,33.25,33.25,100
447,33.2,33.2,33.2,33.2,100
448,33.2,33.2,33.2,33.2,100
449,33.25,33.25,33.15,33.15,1100
451,33.2,33.25,33.1,33.15,900
455,33.175,33.175,33.175,33.175,100
456,33.15,33.15,33.15,33.15,200
458,33.105,33.15,33.105,33.15,782
459,33.1304,33.1304,33.1304,33.1304,200
463,33.2,33.2,33.1,33.175,1005
464,33.35,33.45,33.2,33.2,1148
465,33.25,33.375,33.25,33.3,600
466,33.35,33.35,33.3,33.3,461
467,33.3,33.35,33.3,33.35,200
468,33.4,33.4,33.3,33.3,2703
469,33.354,33.4,33.35,33.4,750
470,33.4,33.45,33.35,33.375,2000
471,33.35,33.45,33.35,33.4,8077
864,33.3,33.3,33.3,33.3,746
865,33.4,33.55,33.276,33.5,2175
866,33.4,33.475,33.4,33.475,500
867,33.475,33.475,33.475,33.475,200
868,33.35,33.4,33.305,33.4,1310
869,33.35,33.35,33.35,33.35,364
870,33.25,33.325,33.25,33.3,300
871,33.375,33.375,33.25,33.25,700
872,33.35,33.35,33.35,33.35,100
873,33.35,33.35,33.35,33.35,100
874,33.4,33.4,33.3,33.3,1545
875,33.35,33.4,33.35,33.4,900
876,33.35,33.35,33.3,33.3,3500
877,33.4,33.4,33.35,33.35,300
878,33.325,33.4,33.325,33.4,200
879,33.4,33.4101,33.35,33.35,1490
880,33.35,33.35,33.35,33.35,200
882,33.25,33.25,33.25,33.25,100
883,33.3,33.3,33.3,33.3,200
884,33.4,33.4,33.35,33.35,505
885,33.5,33.5,33.5,33.5,200
887,33.45,33.5,33.45,33.5,507
888,33.4394,33.4394,33.4394,33.4394,493
889,33.45,33.45,33.4,33.4,200
891,33.55,33.55,33.55,33.55,410
892,33.6,33.6,33.6,33.6,600
893,33.575,33.575,33.55,33.55,400
894,33.45,33.525,33.45,33.525,300
895,33.35,33.4019,33.35,33.4019,515
896,33.35,33.35,33.3,33.3,800
898,33.3,33.375,33.255,33.375,2728
899,33.5,33.5,33.35,33.35,2195
900,33.5,33.5,33.5,33.5,100
901,33.5,33.5,33.45,33.468,600
902,33.55,33.55,33.475,33.475,1800
903,33.55,33.65,33.55,33.575,3814
a1494336600,33.45,33.45,33.45,33.45,542
3,33.55,33.55,33.55,33.55,100
4,33.6,33.6,33.6,33.6,100
5,33.65,33.65,33.65,33.65,300
6,33.5253,33.55,33.5253,33.55,238
7,33.35,33.4,33.305,33.4,600
8,33.5,33.5,33.4,33.4,1000
9,33.45,33.5,33.45,33.5,600
10,33.45,33.45,33.4,33.45,1200
11,33.25,33.4,33.25,33.4,700
12,33.35,33.35,33.35,33.35,100
13,33.35,33.35,33.35,33.35,400
14,33.4,33.4,33.35,33.35,300
15,33.425,33.45,33.305,33.45,400
16,33.425,33.425,33.425,33.425,300
18,33.4,33.4,33.4,33.4,202
19,33.4,33.4,33.4,33.4,100
21,33.3661,33.3661,33.35,33.35,200
23,33.35,33.4,33.35,33.35,400
24,33.45,33.45,33.35,33.35,1000
25,33.35,33.45,33.35,33.45,700
26,33.4,33.4,33.35,33.35,200
27,33.4,33.425,33.4,33.425,200
28,33.3617,33.3617,33.325,33.325,310
31,33.35,33.35,33.35,33.35,100
34,33.3,33.3,33.25,33.25,200
35,33.25,33.3,33.25,33.3,860
37,33.1,33.25,33.1,33.2,1227
38,33.125,33.15,33.05,33.1,2793
39,33.275,33.35,33.15,33.15,15751
144,33.15,33.15,33.15,33.15,336
145,33.2,33.2,33.1,33.15,500
147,33.3,33.3,33.3,33.3,600
148,33.2,33.2,33.2,33.2,171
149,33.15,33.25,33.15,33.2,400
150,33.05,33.15,33.05,33.15,500
151,32.95,32.95,32.95,32.95,264
152,33,33,33,33,100
153,33,33,33,33,100
155,33.15,33.15,33.15,33.15,529
156,33,33.15,33,33.1441,1850
157,33,33,33,33,200
158,33,33,33,33,100
159,32.95,32.95,32.95,32.95,100
160,33.1,33.1,33.05,33.05,200
162,33.1,33.1,33.1,33.1,200
163,33.1,33.1,33.1,33.1,300
164,33.2,33.2,33.2,33.2,100
166,33.2,33.2,33.2,33.2,100
167,33.2,33.2,33.2,33.2,100
170,33.3,33.3,33.25,33.25,2825
171,33.25,33.25,33.2,33.2,400
172,33.2,33.2,33.2,33.2,381
174,33.15,33.15,33.15,33.15,672
175,33.175,33.175,33.175,33.175,100
176,33.2,33.2,33.2,33.2,100
177,33.15,33.15,33.1,33.1,800
178,33.2,33.2,33.2,33.2,100
179,33.15,33.15,33.15,33.15,300
180,33.15,33.15,33.1,33.1,2150
181,33.15,33.15,33.15,33.15,600
182,33.15,33.2,33.15,33.2,1900
183,33.2,33.25,33.125,33.175,7994
288,32.95,32.95,32.95,32.95,467
289,32.99,32.99,32.99,32.99,316
290,32.925,33,32.9,32.95,500
291,32.95,32.95,32.8,32.85,500
292,32.8,32.875,32.8,32.875,1100
293,32.8,32.8,32.75,32.75,400
294,32.55,32.55,32.5,32.5,618
295,32.4,32.45,32.4,32.45,900
296,32.65,32.65,32.5,32.5,400
297,32.725,32.725,32.6,32.6,2021
298,32.84,32.84,32.8,32.8,900
299,33,33,32.8,32.8,2000
300,33.05,33.05,32.95,33.05,1100
301,33,33.05,32.95,33,1600
302,33.1,33.1,32.95,33,2800
303,33.275,33.275,33.1,33.1,2621
304,32.975,33.25,32.975,33.25,2200
305,33,33,32.9,32.9,1400
306,33,33.05,32.975,33.05,400
307,32.95,33.1,32.95,33,900
308,33,33,32.9,33,705
309,32.925,33,32.8611,32.95,700
310,32.925,32.925,32.925,32.925,400
311,32.9,32.95,32.85,32.925,1400
312,32.95,32.95,32.95,32.95,200
313,32.95,32.95,32.9,32.9,1000
314,32.9,32.95,32.9,32.95,500
315,33,33,32.95,32.95,1000
316,32.9,32.95,32.9,32.9,600
317,32.95,32.95,32.9,32.9,1000
318,33,33,33,33,100
319,32.975,33.05,32.975,33,700
320,32.95,33,32.95,32.95,500
321,33,33.05,32.9,32.95,2857
322,33,33.05,33,33.05,200
323,33,33,33,33,500
324,33,33,32.95,33,1800
325,33,33.05,32.975,32.975,2236
326,33,33,33,33,1300
327,32.95,33,32.95,33,9141
432,32.65,32.65,32.65,32.65,1328
434,32.65,32.65,32.55,32.55,300
435,32.55,32.65,32.55,32.55,1200
436,32.45,32.55,32.45,32.55,700
437,32.45,32.5,32.45,32.5,200
438,32.5,32.6,32.4,32.4,1800
439,32.45,32.5,32.4,32.5,1000
440,32.45,32.45,32.45,32.45,2055
441,32.48,32.5,32.45,32.5,600
442,32.6,32.6,32.5,32.5,1176
443,32.65,32.7,32.6,32.65,976
444,32.7,32.7,32.7,32.7,300
445,32.8,32.8,32.8,32.8,200
446,32.8,32.8,32.8,32.8,200
447,32.8,32.8,32.8,32.8,100
448,32.8,32.8,32.8,32.8,300
449,32.9,32.9,32.85,32.85,300
450,32.95,32.95,32.95,32.95,900
451,33.05,33.05,33,33,200
452,33.05,33.05,33.05,33.05,200
453,32.85,32.95,32.8,32.95,902
454,32.825,32.85,32.8,32.85,500
455,32.85,32.85,32.85,32.85,100
456,32.9,32.9,32.85,32.85,500
457,32.95,32.95,32.95,32.95,100
458,32.9,32.9,32.85,32.85,500
459,32.85,32.9,32.81,32.81,900
460,32.95,32.95,32.9,32.9,900
461,32.85,32.9,32.85,32.85,700
462,32.8,32.8,32.8,32.8,200
463,32.85,32.9,32.75,32.8,2100
464,32.9,32.9,32.85,32.85,967
465,32.9,32.95,32.9,32.9,500
466,32.95,33,32.875,32.875,1729
467,32.95,32.95,32.9,32.95,900
468,32.95,32.95,32.9,32.9,1575
469,32.85,32.95,32.8,32.95,2350
470,33.05,33.05,32.9,33,3200
471,32.95,33.025,32.9,33.025,10584
864,32.9,32.9,32.9,32.9,821
865,33.1,33.1,32.9,32.9,1666
866,33.025,33.05,32.955,32.955,500
867,33.2,33.2,33.0785,33.1,1000
868,33.15,33.15,33.05,33.15,2000
869,33.1,33.1,33.05,33.05,500
870,33.1336,33.2,33.1,33.1,638
871,33.2,33.2,33.15,33.15,500
872,33.2,33.2,33.2,33.2,500
873,33.2,33.2,33.175,33.2,8100
874,33.355,33.4,33.2,33.25,4948
875,33.3,33.315,33.25,33.3,1479
876,33.3,33.3,33.2,33.2,500
878,33.4,33.4,33.375,33.4,800
879,33.25,33.45,33.25,33.45,500
880,33.25,33.25,33.225,33.225,700
881,33.2,33.2,33.2,33.2,100
882,33.25,33.275,33.25,33.25,500
883,33.25,33.25,33.25,33.25,100
884,33.2,33.25,33.2,33.25,500
885,33.35,33.4,33.3,33.3,734
886,33.25,33.3,33.25,33.3,900
887,33.3,33.3,33.275,33.275,434
888,33.3,33.3,33.3,33.3,300
891,33.25,33.275,33.2,33.275,700
892,33.25,33.25,33.2,33.2,800
893,33.3,33.35,33.225,33.225,1100
894,33.35,33.35,33.35,33.35,100
895,33.25,33.25,33.185,33.185,500
896,33.25,33.25,33.225,33.225,200
897,33.3,33.35,33.25,33.25,1100
898,33.3,33.35,33.3,33.3,600
899,33.35,33.35,33.275,33.3,1100
900,33.35,33.4,33.35,33.35,500
901,33.35,33.35,33.35,33.35,600
902,33.4,33.4,33.35,33.35,700
903,33.4,33.4,33.325,33.35,4951
a1494941400,33.05,33.05,33.05,33.05,2280
1,32.9,32.9,32.3,32.85,1668
2,33.05,33.05,32.8,32.8,453
3,32.85,33,32.85,33,800
4,32.9,32.9,32.85,32.85,1337
5,32.9,32.9,32.9,32.9,100
6,32.8,32.9,32.8,32.9,2221
7,32.75,32.775,32.7,32.75,2633
8,32.75,32.75,32.725,32.75,400
9,32.7,32.7,32.7,32.7,200
10,32.7,32.7,32.65,32.65,400
11,32.7,32.7,32.7,32.7,100
12,32.55,32.65,32.5,32.65,2395
13,32.5,32.5,32.5,32.5,200
14,32.475,32.475,32.45,32.45,400
15,32.5,32.5,32.5,32.5,100
17,32.55,32.55,32.5,32.5,300
18,32.75,32.75,32.5968,32.6,1140
20,32.65,32.65,32.65,32.65,100
22,32.675,32.7,32.675,32.7,400
23,32.65,32.675,32.65,32.6666,1771
24,32.65,32.65,32.65,32.65,100
25,32.65,32.65,32.61,32.61,1000
26,32.55,32.625,32.455,32.625,5600
27,32.45,32.525,32.45,32.505,2400
28,32.525,32.6,32.45,32.45,4027
30,32.45,32.5,32.45,32.5,400
32,32.55,32.55,32.55,32.55,394
33,32.525,32.525,32.525,32.525,700
34,32.55,32.55,32.55,32.55,676
35,32.55,32.55,32.5,32.5,353
36,32.525,32.55,32.5154,32.55,1350
37,32.5,32.55,32.5,32.55,1000
38,32.5,32.55,32.475,32.5,5479
39,32.45,32.5,32.4,32.45,5898
144,31.9,31.9,31.9,31.9,3660
145,31.9,32.5,31.65,31.7,16707
146,31.75,32.15,31.7,32,5717
147,32.075,32.1,31.85,31.85,1500
148,32.15,32.15,32,32.15,5388
149,32.125,32.15,32.05,32.1,1100
151,31.85,32.1,31.85,32.1,1889
152,31.7294,31.8,31.7294,31.8,2418
153,31.65,31.8,31.6,31.75,2512
154,31.6,31.65,31.6,31.65,420
155,31.7,31.7,31.65,31.65,300
156,31.6,31.6,31.5,31.6,1500
157,31.45,31.55,31.45,31.55,300
158,31.5,31.55,31.4,31.45,2376
159,31.6,31.6,31.5,31.5,800
160,31.65,31.65,31.55,31.6,600
161,31.65,31.7,31.6,31.7,1200
162,31.6,31.625,31.6,31.6,707
163,31.6,31.6,31.6,31.6,500
164,31.5,31.6,31.5,31.6,1000
165,31.4,31.5,31.4,31.5,400
166,31.45,31.45,31.45,31.45,200
167,31.45,31.5,31.4,31.4,1206
168,31.35,31.45,31.35,31.425,2400
169,31.45,31.5,31.375,31.375,2394
170,31.4,31.45,31.4,31.45,370
171,31.25,31.35,31.25,31.35,950
172,31.35,31.35,31.25,31.25,200
173,31.2,31.4,31.2,31.35,3036
174,31.25,31.25,31.15,31.25,600
175,31.4,31.4,31.3,31.3,300
176,31.3,31.4,31.3,31.4,759
177,31.5,31.5,31.3,31.3,1400
178,31.5,31.5,31.41,31.45,1854
179,31.5,31.5,31.375,31.4662,1100
180,31.5,31.55,31.5,31.5,1900
181,31.7,31.7,31.55,31.55,3000
182,31.525,31.65,31.45,31.65,4169
183,31.8,31.95,31.5,31.55,33649
288,31.55,31.55,31.55,31.55,328
289,31.8,31.8,31.8,31.8,959
290,31.8415,31.8415,31.8415,31.8415,400
292,31.9,31.9,31.8,31.8,400
293,31.85,31.85,31.85,31.85,200
294,31.9,31.9,31.85,31.85,200
295,31.9,31.9,31.9,31.9,200
296,31.85,31.85,31.85,31.85,500
297,31.85,31.85,31.85,31.85,200
298,31.95,31.95,31.9,31.9,900
299,31.85,31.9,31.85,31.9,400
300,31.9,31.95,31.9,31.95,972
302,31.85,31.925,31.85,31.925,489
303,31.9,31.95,31.85,31.9,1000
304,31.85,31.9,31.85,31.9,842
305,31.95,31.95,31.8,31.8,400
306,32,32.15,31.9473,31.9473,2419
307,31.975,32,31.95,32,1100
308,31.9,31.975,31.9,31.95,1700
309,32,32,31.9,31.9,1085
310,32,32.05,32,32.05,300
311,31.85,31.95,31.85,31.95,1157
312,31.86,31.86,31.86,31.86,300
313,31.85,31.85,31.85,31.85,100
314,31.85,31.85,31.85,31.85,100
315,31.8,31.825,31.8,31.825,300
316,31.9,31.95,31.855,31.855,2890
317,31.85,31.85,31.85,31.85,242
318,31.9,31.9,31.9,31.9,200
319,31.8454,31.95,31.8454,31.9,600
321,31.6,31.8,31.55,31.8,5597
322,31.725,31.75,31.65,31.65,2512
323,31.55,31.675,31.55,31.65,1600
324,31.55,31.55,31.55,31.55,500
325,31.6,31.6,31.6,31.6,100
326,31.55,31.55,31.55,31.55,933
327,31.5,31.65,31.45,31.6,8733
432,31.45,31.45,31.45,31.45,2830
433,31.45,31.75,31.45,31.75,300
435,31.9,31.95,31.6,31.6,1600
436,31.7,31.8,31.65,31.775,1400
437,31.8,31.8,31.7,31.7,700
438,31.8,31.85,31.8,31.8,2238
439,31.8,31.825,31.75,31.8,4087
440,31.7,31.8,31.7,31.75,8109
441,31.7,31.7,31.65,31.7,3481
442,31.625,31.65,31.625,31.65,2000
443,31.55,31.625,31.55,31.6,3398
444,31.65,31.65,31.55,31.55,400
445,31.6,31.6,31.6,31.6,777
446,31.6,31.6,31.6,31.6,400
447,31.6,31.6,31.575,31.6,2444
448,31.6,31.65,31.575,31.6,2300
449,31.6,31.6,31.6,31.6,600
450,31.6,31.65,31.6,31.6,600
451,31.55,31.55,31.55,31.55,1315
452,31.5,31.55,31.5,31.55,700
453,31.5,31.5,31.5,31.5,500
454,31.475,31.4827,31.475,31.475,844
455,31.5,31.5,31.475,31.5,858
456,31.5,31.5,31.5,31.5,200
458,31.5,31.5,31.45,31.45,607
459,31.505,31.55,31.475,31.475,1270
460,31.5,31.5,31.5,31.5,200
462,31.55,31.6,31.4605,31.5,1607
463,31.575,31.6,31.575,31.6,200
464,31.5,31.65,31.5,31.55,400
465,31.55,31.55,31.55,31.55,300
466,31.5,31.51,31.5,31.51,900
467,31.3,31.45,31.3,31.4,2318
468,31.25,31.25,31.2,31.25,1200
469,31.3,31.35,31.25,31.3,1400
470,31.25,31.35,31.225,31.35,1017
471,31.3,31.4,31.25,31.3,15453
864,31.35,31.35,31.35,31.35,250
866,31.55,31.55,31.35,31.4,900
868,31.35,31.55,31.25,31.5,1905
869,31.25,31.25,31.25,31.25,100
870,31.25,31.25,31.15,31.2,1094
871,31.1,31.3,31.1,31.3,1200
873,31.05,31.1,31.05,31.05,1700
874,31.1,31.1,31,31,1200
875,31,31.25,31,31.15,2634
876,31.05,31.05,31,31,365
877,31,31,31,31,100
878,31.0487,31.1,31,31.1,400
879,31.05,31.05,30.95,30.95,300
880,31,31.05,31,31.05,300
881,31.25,31.25,31.05,31.05,600
882,31.225,31.225,31.2,31.2,200
883,31.25,31.25,31.15,31.25,400
884,31.2,31.2,31.2,31.2,100
885,31.05,31.25,31.05,31.25,2245
886,31.15,31.15,31.15,31.15,100
887,31.1,31.125,31.05,31.05,1700
888,31.05,31.1,31.05,31.1,400
890,31.15,31.15,31.075,31.075,200
891,31.1,31.1,31.1,31.1,200
892,31.15,31.15,31.15,31.15,400
893,31.2,31.2,31.2,31.2,300
894,31.15,31.2,31.15,31.2,300
896,31.25,31.25,31.25,31.25,100
897,31.1,31.275,31.05,31.275,6546
898,31.15,31.15,31.05,31.1,2986
899,31.15,31.175,31.15,31.175,433
900,31.15,31.15,31.15,31.15,100
901,31.2501,31.3,31.2,31.2,2000
902,31.2,31.3,31.1,31.275,3202
903,31.3,31.3,31.25,31.25,3031
a1495546200,31.4,31.4,31.4,31.4,525
1,31.1,31.1,31.1,31.1,300
2,31.15,31.15,31.15,31.15,700
3,31.1,31.1,31.1,31.1,300
5,31.2,31.2,31.2,31.2,400
6,31.25,31.25,31.2,31.2,500
7,31.3,31.3,31.25,31.25,1295
8,31.2,31.25,31.15,31.25,716
10,31.3,31.3,31.25,31.25,300
12,31.25,31.3,31.25,31.25,800
13,31.25,31.25,31.25,31.25,200
14,31.25,31.3,31.25,31.3,1900
15,31.3,31.3,31.3,31.3,200
16,31.325,31.35,31.3,31.3,1400
18,31.2,31.3,31.2,31.3,500
19,31.2,31.2,31.2,31.2,100
21,31.1089,31.2,31.1,31.2,673
23,31.2,31.3,31.1,31.15,5718
24,31.21,31.25,31.1,31.25,2673
27,31.25,31.25,31.25,31.25,300
28,31.3,31.3,31.3,31.3,4400
30,31.25,31.3,31.25,31.3,300
31,31.275,31.3,31.25,31.25,1052
32,31.3,31.35,31.3,31.3,5524
33,31.3,31.3,31.3,31.3,500
34,31.35,31.35,31.3,31.3,1000
35,31.45,31.45,31.375,31.375,300
36,31.45,31.45,31.45,31.45,200
37,31.35,31.5,31.35,31.5,1488
38,31.35,31.375,31.3,31.3,1150
39,31.3,31.4,31.3,31.35,5694
144,31.3,31.3,31.3,31.3,400
145,31.4,31.4,31.4,31.4,100
146,31.35,31.35,31.35,31.35,200
148,31.35,31.35,31.3,31.3,898
149,31.4,31.4,31.2,31.35,700
150,31.35,31.35,31.35,31.35,100
151,31.45,31.45,31.45,31.45,200
152,31.25,31.4,31.25,31.4,700
153,31.15,31.25,31.15,31.25,800
154,31.25,31.25,31.2,31.25,300
155,31.25,31.25,31.25,31.25,100
156,31.25,31.275,31.2,31.25,700
158,31.2,31.25,31.2,31.2,1700
159,31.05,31.2,31,31.2,1900
160,31.1,31.15,31.05,31.15,1400
161,31.15,31.25,31.05,31.15,7814
163,31.25,31.25,31.25,31.25,100
164,31.2,31.25,31.2,31.25,900
165,31.25,31.25,31.15,31.15,500
166,31.2,31.225,31.15,31.225,2100
167,31.3,31.3,31.225,31.225,800
168,31.15,31.3,31.15,31.3,1138
169,31.25,31.25,31.2,31.2,1300
170,31.25,31.25,31.25,31.25,3300
171,31.2,31.2,31.2,31.2,100
172,31.15,31.25,31.15,31.25,899
173,31.25,31.25,31.15,31.15,500
174,31.15,31.2,31.15,31.2,600
175,31.2,31.2,31.2,31.2,200
176,31.25,31.3,31.25,31.3,200
177,31.21,31.25,31.21,31.25,355
178,31.2,31.3,31.2,31.25,700
179,31.25,31.25,31.15,31.15,1700
180,31.3,31.3,31.25,31.25,400
181,31.3,31.3,31.25,31.25,600
182,31.4,31.4,31.35,31.35,1200
183,31.25,31.45,31.25,31.4,4269
288,31.3,31.3,31.3,31.3,170
289,31.1,31.1,31.1,31.1,100
290,31.3,31.3,31.3,31.3,100
291,31.4,31.4,31.3,31.3,400
292,31.3,31.3,31.3,31.3,400
293,31.45,31.45,31.4,31.4,200
294,31.45,31.5,31.45,31.45,300
295,31.5,31.5,31.5,31.5,200
296,31.6,31.6,31.55,31.55,200
297,31.4,31.5,31.4,31.5,685
298,31.35,31.35,31.35,31.35,100
300,31.3,31.35,31.3,31.35,300
301,31.15,31.225,31.15,31.225,1200
302,31.125,31.15,31.125,31.15,400
303,31.125,31.125,31.125,31.125,100
304,31.3,31.3,31.15,31.15,1300
305,31.3,31.3,31.2,31.25,1000
306,31.4,31.4,31.275,31.3,800
307,31.45,31.45,31.45,31.45,100
308,31.4,31.4,31.4,31.4,300
309,31.35,31.45,31.35,31.45,300
311,31.2,31.3,31.2,31.3,400
312,31.2,31.25,31.2,31.25,200
313,31.15,31.15,31.075,31.1,700
314,31.15,31.15,31.15,31.15,400
315,31.2,31.2,31.125,31.138,1038
316,31.25,31.25,31.2,31.2,320
317,31.1,31.15,31.1,31.15,300
318,31.15,31.15,31.15,31.15,300
319,31.1,31.1,31.1,31.1,100
320,31.2,31.2,31.175,31.2,1700
321,31.3,31.3,31.225,31.225,400
322,31.3,31.3,31.25,31.3,500
323,31.225,31.3,31.225,31.3,700
324,31.1,31.15,31.1,31.15,500
325,31.35,31.35,31.125,31.15,1021
326,31.3,31.35,31.3,31.35,400
327,31.15,31.3,31.15,31.275,3874
434,31,31.248,31,31.248,225
435,31.05,31.1,31.05,31.1,497
436,31.05,31.05,31.05,31.05,770
437,30.95,31,30.95,31,600
438,30.85,30.85,30.85,30.85,200
439,31,31,30.95,30.95,2076
440,31,31,31,31,100
441,30.95,30.95,30.95,30.95,300
442,30.95,31,30.95,31,300
444,31.1,31.1,31.1,31.1,300
445,31.1,31.1,31.1,31.1,100
446,31.1,31.1,31.1,31.1,716
447,31.05,31.15,31.05,31.15,900
448,31.05,31.05,31.05,31.05,100
449,31.1,31.1,31.05,31.05,700
450,31.15,31.15,31.15,31.15,100
452,31.15,31.15,31.15,31.15,200
456,31.15,31.2,31.15,31.2,200
459,31.15,31.15,31.15,31.15,100
460,31.2,31.2,31.2,31.2,200
461,31.25,31.25,31.25,31.25,793
462,31.15,31.15,31.15,31.15,100
463,31.2,31.25,31.175,31.25,300
464,31.15,31.15,31.15,31.15,300
465,31.05,31.1,31.05,31.1,700
466,31.1,31.1,31.1,31.1,400
467,31.2,31.2,31.2,31.2,100
468,31.25,31.25,31.25,31.25,500
469,31.25,31.25,31.25,31.25,300
470,31.15,31.25,31.1,31.25,800
471,31.1,31.1,31.05,31.1,4530
a1496151000,30.85,30.85,30.85,30.85,492
1,30.94,30.94,30.75,30.75,1169
2,30.85,30.85,30.85,30.85,200
3,30.9,30.95,30.85,30.85,1300
5,30.9,30.9,30.9,30.9,100
6,30.8,30.9,30.75,30.85,1500
8,30.8,30.8,30.8,30.8,881
9,30.75,30.75,30.75,30.75,100
10,30.9,30.9,30.8,30.8,300
12,30.8,30.8,30.8,30.8,200
13,30.75,30.8,30.75,30.8,600
14,30.8,30.8,30.8,30.8,100
15,30.7,30.7,30.7,30.7,300
16,30.75,30.75,30.75,30.75,100
18,30.75,30.8,30.75,30.8,200
20,30.775,30.775,30.75,30.75,232
21,30.775,30.775,30.75,30.75,200
22,30.7,30.75,30.7,30.7,300
23,30.8,30.8,30.75,30.75,800
24,30.8,30.8,30.75,30.75,400
25,30.75,30.8,30.75,30.75,500
26,30.8,30.8,30.75,30.75,400
27,30.8,30.8,30.75,30.75,200
28,30.75,30.75,30.75,30.75,200
29,30.75,30.7675,30.75,30.75,990
30,30.75,30.775,30.75,30.7675,1379
31,30.75,30.75,30.75,30.75,200
32,30.775,30.8,30.75,30.75,1800
33,30.75,30.8,30.75,30.8,200
34,30.95,30.95,30.85,30.85,2915
35,30.975,31.05,30.975,30.98,910
36,30.875,30.975,30.85,30.95,2000
37,30.875,30.875,30.85,30.875,1400
38,30.9,30.95,30.85,30.85,2107
39,30.8,30.925,30.8,30.85,7525
144,30.8,30.8,30.8,30.8,318
146,30.95,30.95,30.85,30.85,300
147,30.51,30.7,30.51,30.7,308
148,30.5,30.54,30.4,30.5,1787
149,30.3957,30.4,30.155,30.4,3151
150,30.45,30.45,30.45,30.45,200
151,30.4,30.55,30.4,30.5,1000
152,30.4,30.4,30.4,30.4,100
153,30.45,30.45,30.45,30.45,200
154,30.45,30.6,30.45,30.5,565
155,30.4,30.5,30.4,30.45,1200
156,30.45,30.45,30.4,30.4,300
157,30.4,30.4,30.35,30.4,900
158,30.45,30.45,30.45,30.45,500
160,30.45,30.45,30.45,30.45,500
161,30.55,30.55,30.55,30.55,100
162,30.55,30.55,30.5,30.5,400
163,30.45,30.5,30.45,30.5,290
164,30.5,30.5,30.45,30.45,1560
165,30.65,30.65,30.55,30.55,300
166,30.65,30.65,30.55,30.55,400
167,30.6,30.6,30.6,30.6,100
168,30.7,30.7,30.6,30.6,801
169,30.75,30.75,30.75,30.75,100
170,30.65,30.7,30.65,30.7,1300
171,30.65,30.65,30.65,30.65,200
172,30.7,30.75,30.6,30.6,270697
173,30.7,30.75,30.65,30.7,1000
174,30.8,30.9,30.7,30.8,4200
175,30.8,30.825,30.75,30.75,4400
176,30.7,30.75,30.7,30.7,600
177,30.65,30.75,30.6,30.7,2140
178,30.7,30.7,30.7,30.7,100
179,30.75,30.75,30.7,30.7,3800
180,30.7,30.75,30.555,30.7,22028
181,30.75,30.8,30.7,30.7,1200
182,30.75,30.8,30.7,30.8,6889
183,30.65,30.75,30.6,30.75,9300
288,30.85,30.85,30.85,30.85,123
289,30.65,30.8,30.65,30.75,1300
290,30.8,30.8,30.6,30.7,800
291,30.7,30.8,30.7,30.8,500
292,30.6,30.7,30.6,30.7,300
293,30.75,30.75,30.65,30.65,1400
294,30.8,30.8,30.725,30.75,800
295,30.7,30.8,30.65,30.8,700
296,30.65,30.75,30.65,30.7,1100
298,30.7,30.75,30.65,30.65,1000
299,30.75,30.75,30.725,30.75,600
300,30.75,30.75,30.75,30.75,200
301,30.85,30.85,30.85,30.85,100
302,30.95,30.95,30.85,30.85,200
303,30.95,31,30.9,30.9,1600
304,30.905,30.905,30.905,30.905,219
305,31,31,31,31,1200
306,31,31,31,31,600
307,31.1,31.1,31.05,31.05,500
308,31.1,31.1,31.1,31.1,200
309,31,31.05,31,31.05,2729
310,31,31.05,31,31,1100
311,31,31,30.95,31,1200
312,31.05,31.05,31.05,31.05,400
313,31.025,31.025,31.025,31.025,100
314,31,31,30.975,31,1000
315,31,31,30.975,30.975,800
316,30.95,30.95,30.95,30.95,100
318,31.025,31.05,31,31.05,1200
319,31.025,31.05,31.025,31.05,1100
320,31.05,31.05,31,31.025,4600
321,30.95,31.025,30.95,31.025,1300
322,30.95,30.95,30.95,30.95,500
323,30.975,30.975,30.95,30.95,400
324,30.95,30.975,30.9,30.975,1945
325,31,31.025,30.975,31,1300
326,31.05,31.05,31,31.025,4510
327,31,31.05,30.95,31.05,13056
432,30.85,30.85,30.85,30.85,352
433,31,31.15,31,31,1700
434,30.85,31,30.85,30.95,900
435,31,31,30.8,30.8,1000
436,31,31.05,30.95,31,700
437,31,31.05,31,31.05,700
438,31,31,31,31,200
439,31.05,31.05,31.025,31.05,1900
440,31.1,31.1,31.05,31.05,700
441,31.1,31.1,31.05,31.1,3200
442,31.125,31.125,31.1,31.1,400
443,31.075,31.1,31.025,31.075,1805
444,31.1,31.1,31.05,31.05,500
445,31.05,31.1,31.05,31.1,800
446,31.2,31.2,31,31,4321
447,31.2,31.2,31.15,31.15,2500
449,31.2,31.2,31.2,31.2,1100
450,31.25,31.25,31.225,31.25,2614
451,31.2,31.25,31.2,31.25,924
452,31.15,31.2,31.15,31.2,200
453,31.15,31.15,31.15,31.15,600
454,31.15,31.15,31.15,31.15,300
455,31.15,31.15,31.1,31.15,500
457,31.15,31.15,31.15,31.15,800
458,31.125,31.15,31.125,31.15,700
460,31.1,31.125,31.1,31.125,906
461,31.1,31.1,31,31.05,2000
462,31.125,31.125,31.1,31.1,200
463,31.1,31.1,31.1,31.1,200
464,30.95,31,30.95,31,800
465,30.925,30.95,30.9,30.95,1000
466,30.95,30.95,30.925,30.925,937
467,30.85,30.975,30.8,30.95,3313
468,30.925,30.95,30.875,30.9,1700
469,30.95,30.95,30.95,30.95,300
470,30.85,30.9,30.85,30.9,1973
471,30.8,30.8,30.65,30.8,10829
864,30.6,30.6,30.6,30.6,956
865,30.85,30.85,30.6,30.6,1900
866,30.95,31,30.75,30.8,1000
868,31.05,31.05,30.95,30.95,600
869,30.8,30.85,30.8,30.85,1187
871,30.8,30.8,30.8,30.8,683
872,30.86,30.9,30.85,30.9,485
874,30.85,30.9,30.85,30.9,800
875,30.85,30.85,30.85,30.85,446
876,30.9,30.9,30.9,30.9,200
878,30.9,30.9,30.85,30.85,1800
879,30.85,30.9,30.85,30.9,300
881,30.9,30.9,30.9,30.9,200
884,31,31,30.9,30.9,400
885,30.9,30.95,30.9,30.95,300
888,30.9,30.9,30.9,30.9,900
889,30.825,30.85,30.825,30.85,700
890,30.825,30.825,30.825,30.825,100
891,30.85,30.85,30.8,30.8,500
892,30.85,30.85,30.8,30.8,1335
893,30.9,30.9,30.85,30.85,400
894,30.875,30.875,30.85,30.85,300
895,30.85,30.85,30.85,30.85,200
896,30.825,30.85,30.825,30.85,1700
897,30.75,30.8,30.7,30.8,900
898,30.65,30.7,30.6,30.7,1400
899,30.6,30.65,30.6,30.65,300
900,30.6,30.6,30.575,30.575,700
901,30.5,30.55,30.475,30.55,1700
902,30.375,30.45,30.35,30.45,3476
903,30.4,30.45,30.3,30.35,12117
a1496755800,30.25,30.25,30.25,30.25,183
1,30.1,30.375,30.1,30.375,900
2,30.05,30.055,30.05,30.05,850
3,30.2,30.25,30.1,30.1,600
4,30.1,30.1,30.1,30.1,837
5,30.05,30.1,30.05,30.1,400
6,30.05,30.1,30.025,30.025,800
7,30.05,30.1,30.05,30.1,200
9,30.05,30.1,30.05,30.05,300
10,30.011,30.05,29.95,30.05,2900
11,30.025,30.05,30,30.025,1500
13,30.1,30.1,30.05,30.05,600
14,30.1,30.1,30.1,30.1,500
16,30.15,30.15,30.15,30.15,200
17,30.2,30.2,30.2,30.2,100
18,30.25,30.25,30.25,30.25,100
20,30.3,30.3,30.25,30.25,400
21,30.35,30.35,30.35,30.35,100
23,30.2,30.3,30.2,30.3,969
24,30.25,30.25,30.25,30.25,500
25,30.3,30.3,30.3,30.3,100
26,30.3,30.3,30.3,30.3,300
27,30.25,30.25,30.25,30.25,100
28,30.3,30.3,30.3,30.3,274
29,30.4,30.4,30.3279,30.3279,726
30,30.4,30.4,30.4,30.4,200
31,30.45,30.45,30.4,30.4,988
32,30.475,30.475,30.45,30.45,900
33,30.4,30.41,30.4,30.41,375
34,30.426,30.426,30.426,30.426,500
35,30.45,30.45,30.45,30.45,300
36,30.55,30.55,30.45,30.45,1500
37,30.5,30.55,30.5,30.55,490
38,30.4,30.4,30.35,30.4,1711
39,30.35,30.4,30.3,30.4,5718
144,30.5,30.5,30.5,30.5,183
145,30.4,30.4,30.2425,30.2425,3300
146,30.35,30.4,30.35,30.4,1100
147,30.35,30.35,30.35,30.35,700
148,30.35,30.4,30.325,30.35,17974
149,30.5,30.5,30.35,30.35,1700
150,30.5,30.5,30.5,30.5,1200
151,30.475,30.5,30.45,30.5,1300
152,30.5,30.5,30.45,30.45,900
153,30.5,30.5,30.5,30.5,600
154,30.6,30.6,30.55,30.55,500
155,30.6,30.6,30.5,30.55,1600
156,30.45,30.5,30.45,30.5,1200
158,30.4,30.45,30.375,30.45,1400
159,30.4,30.4,30.4,30.4,100
160,30.375,30.375,30.375,30.375,400
161,30.375,30.375,30.375,30.375,500
162,30.375,30.4,30.375,30.375,700
163,30.4,30.4,30.375,30.375,1100
164,30.35,30.35,30.325,30.35,2300
165,30.25,30.25,30.25,30.25,600
166,30.4,30.4,30.3,30.3,200
167,30.35,30.4,30.35,30.4,600
168,30.4,30.4,30.35,30.4,700
169,30.375,30.4,30.375,30.4,1000
170,30.375,30.4,30.375,30.4,200
171,30.4,30.4,30.375,30.4,1100
172,30.4,30.4,30.375,30.4,1400
173,30.4,30.4,30.4,30.4,100
174,30.4,30.4,30.375,30.375,799
175,30.4,30.4,30.4,30.4,500
176,30.4,30.45,30.4,30.4,4200
177,30.3,30.35,30.3,30.35,500
178,30.35,30.375,30.3,30.375,400
179,30.4,30.4,30.35,30.35,818
180,30.433,30.45,30.4,30.4,2431
181,30.35,30.45,30.35,30.45,1451
182,30.4,30.4,30.3,30.3,1700
183,30.35,30.4,30.35,30.4,7603
289,30.35,30.5,30.345,30.35,1900
290,30.35,30.35,30.35,30.35,100
291,30.35,30.35,30.35,30.35,900
292,30.4,30.4,30.35,30.35,3620
293,30.4,30.4,30.35,30.4,2600
294,30.35,30.4,30.35,30.4,986
295,30.3,30.35,30.3,30.35,600
297,30.325,30.325,30.3,30.325,1490
298,30.4,30.4,30.4,30.4,1500
299,30.4,30.4,30.39,30.39,900
300,30.4,30.4,30.4,30.4,400
301,30.4,30.4,30.4,30.4,400
302,30.4,30.4,30.375,30.4,700
303,30.4,30.4,30.375,30.4,1710
304,30.4,30.4,30.35,30.375,5477
305,30.4,30.4,30.4,30.4,2200
306,30.4,30.4,30.4,30.4,500
307,30.45,30.45,30.4,30.4,1100
308,30.45,30.45,30.425,30.45,2700
309,30.5,30.5,30.4,30.45,900
310,30.5,30.5,30.5,30.5,1100
311,30.55,30.55,30.5,30.5,2791
312,30.55,30.55,30.55,30.55,2151
313,30.6,30.6,30.55,30.55,2400
314,30.6,30.6,30.575,30.575,2600
315,30.5,30.575,30.5,30.575,2726
316,30.55,30.55,30.55,30.55,700
317,30.525,30.55,30.5,30.55,1140
318,30.4,30.55,30.4,30.525,2000
319,30.5,30.55,30.45,30.45,1900
320,30.5,30.5,30.5,30.5,200
321,30.55,30.55,30.55,30.55,1798
322,30.45,30.55,30.45,30.55,4403
323,30.35,30.5,30.35,30.45,4478
324,30.425,30.45,30.375,30.4,1200
325,30.35,30.425,30.35,30.425,2809
326,30.4,30.4,30.375,30.375,600
327,30.35,30.4,30.3,30.4,9054
432,30.55,30.55,30.55,30.55,547
433,30.4,30.4,30.35,30.35,4200
434,30.45,30.45,30.45,30.45,1500
435,30.6,30.6,30.45,30.45,6000
436,30.6,30.65,30.575,30.6,2200
437,30.6,30.6,30.6,30.6,500
438,30.65,30.65,30.6,30.6,3714
439,30.65,30.65,30.6337,30.65,375
440,30.65,30.65,30.65,30.65,100
441,30.55,30.65,30.55,30.65,3900
442,30.6,30.6,30.575,30.575,1800
443,30.575,30.6,30.575,30.575,900
444,30.525,30.55,30.475,30.55,5274
445,30.575,30.6,30.55,30.55,2710
446,30.575,30.6,30.575,30.6,1714
447,30.6,30.6,30.575,30.6,500
448,30.525,30.6,30.525,30.6,2500
449,30.575,30.6,30.575,30.6,4086
450,30.45,30.55,30.45,30.55,2700
451,30.6,30.6,30.45,30.5,3305
452,30.6,30.6,30.6,30.6,3890
453,30.6,30.6,30.55,30.6,1394
454,30.65,30.65,30.6,30.6,2428
455,30.65,30.65,30.6,30.6,1948
456,30.65,30.65,30.65,30.65,2000
457,30.7,30.7,30.65,30.65,2600
458,30.625,30.7,30.6,30.7,2400
459,30.625,30.625,30.625,30.625,200
460,30.65,30.65,30.6,30.65,5600
461,30.7,30.7,30.7,30.7,1200
462,30.6624,30.7,30.6624,30.7,2770
463,30.65,30.65,30.65,30.65,3200
464,30.65,30.725,30.65,30.7,1980
465,30.75,30.75,30.65,30.65,1200
466,30.75,30.75,30.7,30.75,2170
467,30.75,30.75,30.725,30.75,2100
468,30.75,30.75,30.75,30.75,1400
469,30.65,30.7,30.625,30.7,9058
470,30.65,30.65,30.6,30.65,5300
471,30.65,30.75,30.6,30.675,20686
864,30.4,30.4,30.4,30.4,464
865,30.6,30.9,30.6,30.8,4300
866,30.75,30.75,30.7,30.75,3800
867,30.7,30.75,30.7,30.75,3200
868,30.75,30.75,30.7,30.7,2305
869,30.8,30.8,30.75,30.75,1800
870,30.75,30.8,30.75,30.8,2606
871,30.8,30.8,30.8,30.8,1800
872,30.85,30.85,30.775,30.8,1432
873,30.85,30.85,30.8,30.8,1900
874,30.825,30.85,30.8,30.85,3801
875,30.7,30.825,30.7,30.825,2240
876,30.3,30.7,30.3,30.7,2089
877,30.1947,30.35,30.1947,30.35,1126
878,30.35,30.35,30.2,30.2,1474
879,30.45,30.45,30.35,30.4,700
880,30.45,30.45,30.45,30.45,600
881,30.5,30.5,30.4,30.4,1000
882,30.55,30.55,30.475,30.5,900
883,30.525,30.55,30.5,30.5,1100
884,30.55,30.55,30.55,30.55,1200
885,30.55,30.55,30.5,30.55,1960
886,30.55,30.55,30.525,30.55,1200
887,30.55,30.55,30.55,30.55,100
888,30.55,30.55,30.55,30.55,200
889,30.55,30.55,30.525,30.525,200
890,30.6,30.6,30.55,30.55,600
891,30.6,30.6,30.55,30.55,8700
892,30.625,30.65,30.55,30.55,3400
893,30.625,30.65,30.55,30.625,2300
894,30.55,30.55,30.55,30.55,1765
895,30.5,30.55,30.5,30.5,4100
896,30.5,30.5,30.475,30.5,1300
897,30.5,30.5,30.5,30.5,400
898,30.5,30.5,30.475,30.5,2100
899,30.5,30.5,30.5,30.5,900
900,30.55,30.55,30.475,30.475,5004
901,30.525,30.55,30.5,30.55,6529
902,30.525,30.55,30.5,30.55,5351
903,30.5,30.55,30.45,30.5,20059
a1497360600,30.5,30.5,30.5,30.5,1411
1,30.65,30.65,30.6,30.6,1000
2,30.55,30.65,30.5,30.5,880
3,30.5,30.5,30.3,30.4,500
4,30.55,30.55,30.5,30.55,520
5,30.5,30.55,30.5,30.55,1100
6,30.525,30.55,30.45,30.45,800
7,30.5,30.55,30.45,30.5,900
8,30.55,30.55,30.55,30.55,700
9,30.55,30.55,30.518,30.518,1250
10,30.55,30.55,30.525,30.525,627
11,30.55,30.55,30.525,30.55,794
12,30.65,30.7,30.6,30.6,1200
13,30.7,30.7,30.7,30.7,600
14,30.7,30.7,30.625,30.7,800
15,30.65,30.65,30.65,30.65,600
16,30.65,30.65,30.6,30.6,200
17,30.65,30.65,30.6191,30.65,1752
18,30.6,30.65,30.6,30.65,1201
19,30.55,30.6,30.55,30.55,1800
21,30.6,30.6,30.6,30.6,300
22,30.575,30.6,30.575,30.6,300
23,30.55,30.6,30.55,30.6,1615
25,30.55,30.55,30.55,30.55,300
26,30.55,30.6,30.55,30.6,400
27,30.55,30.6,30.55,30.6,2300
28,30.55,30.55,30.55,30.55,500
29,30.6,30.6,30.55,30.55,600
30,30.55,30.55,30.55,30.55,818
31,30.5,30.55,30.5,30.55,731
32,30.55,30.55,30.5,30.5,400
33,30.55,30.6,30.55,30.55,900
34,30.575,30.6,30.55,30.55,600
35,30.5,30.55,30.5,30.55,800
36,30.575,30.575,30.52,30.52,608
37,30.575,30.6,30.575,30.6,2100
38,30.55,30.575,30.525,30.575,2200
39,30.5,30.55,30.5,30.525,5398
144,30.35,30.35,30.35,30.35,123
145,30.05,30.06,30,30,700
148,30.3,30.3,30.25,30.25,550
149,30.45,30.45,30.4,30.4,300
150,30.35,30.4,30.35,30.4,300
152,30.25,30.25,30.2,30.2,300
153,30.15,30.25,30.15,30.2,900
154,30.15,30.15,30.1,30.1,200
155,30.15,30.15,30.15,30.15,400
156,30.25,30.25,30.25,30.25,300
157,30.25,30.25,30.25,30.25,100
158,30.15,30.25,30.15,30.2,601
159,30.1,30.2,30.1,30.2,200
160,30.1,30.15,30.1,30.15,1049
161,30.1,30.1,30.05,30.05,200
162,30.25,30.25,30.15,30.15,1400
163,30.25,30.25,30.25,30.25,500
165,30.2,30.2,30.2,30.2,775
166,30.2,30.25,30.2,30.25,800
167,30.25,30.25,30.25,30.25,300
168,30.25,30.25,30.25,30.25,1000
169,30.25,30.25,30.225,30.25,1100
170,30.275,30.3,30.25,30.25,900
171,30.3,30.3,30.3,30.3,100
172,30.35,30.35,30.3,30.35,800
173,30.275,30.275,30.25,30.25,200
174,30.325,30.325,30.25,30.25,1211
175,30.35,30.4,30.35,30.35,900
176,30.3,30.3,30.25,30.3,1100
177,30.35,30.35,30.3,30.35,1132
178,30.35,30.35,30.35,30.35,200
179,30.4,30.425,30.35,30.35,900
180,30.4,30.4,30.4,30.4,500
181,30.5,30.5,30.45,30.45,1100
182,30.5,30.5,30.475,30.5,2100
183,30.45,30.5,30.45,30.475,6129
288,30.25,30.25,30.25,30.25,322
289,30.5,30.5,30.3,30.3,2900
290,30.5,30.5,30.5,30.5,1000
291,30.525,30.55,30.475,30.475,5702
292,30.55,30.6,30.525,30.55,1600
293,30.45,30.5,30.45,30.5,1200
294,30.4,30.45,30.4,30.45,400
295,30.45,30.45,30.4,30.4,400
296,30.4,30.4,30.4,30.4,1200
297,30.5,30.5,30.3,30.35,2000
299,30.5,30.5,30.5,30.5,100
300,30.5,30.5,30.5,30.5,900
301,30.5,30.5,30.5,30.5,600
302,30.5,30.5,30.475,30.475,400
304,30.5,30.5,30.5,30.5,100
305,30.475,30.475,30.475,30.475,100
306,30.45,30.45,30.45,30.45,1271
308,30.5,30.5,30.45,30.455,600
309,30.5,30.5,30.5,30.5,100
310,30.5,30.5,30.475,30.5,1800
312,30.45,30.45,30.45,30.45,200
313,30.5,30.5,30.5,30.5,1300
314,30.45,30.45,30.45,30.45,200
315,30.5,30.5,30.5,30.5,500
316,30.5,30.5,30.5,30.5,300
317,30.425,30.45,30.425,30.45,1200
318,30.4,30.4,30.4,30.4,400
319,30.4,30.4,30.4,30.4,300
320,30.4,30.4,30.4,30.4,2200
321,30.35,30.35,30.35,30.35,900
322,30.4,30.4,30.4,30.4,2294
323,30.45,30.45,30.45,30.45,400
324,30.45,30.45,30.45,30.45,100
325,30.5,30.5,30.45,30.45,400
326,30.45,30.475,30.4,30.475,2295
327,30.5,30.55,30.475,30.475,9364
432,30.3,30.3,30.3,30.3,23949
433,30.35,30.35,30.1,30.3,1203
434,30.2,30.3,30.2,30.3,600
435,30.2,30.4,30.2,30.25,1827
437,30.25,30.25,30.25,30.25,100
438,30.21,30.25,30.21,30.25,368
439,30.2,30.2,30.2,30.2,100
440,30.4,30.4,30.3,30.3,700
441,30.35,30.35,30.3,30.35,1120
442,30.275,30.3,30.275,30.3,300
443,30.35,30.35,30.175,30.2,700
444,30.25,30.35,30.25,30.3,800
445,30.25,30.25,30.25,30.25,400
448,30.4,30.45,30.3,30.3,1115
449,30.3,30.4,30.25,30.35,1543
450,30.25,30.25,30.25,30.25,100
451,30.25,30.3,30.2,30.2,500
452,30.25,30.275,30.25,30.25,600
453,30.25,30.25,30.25,30.25,200
456,30.3,30.3,30.25,30.25,800
457,30.3,30.3,30.3,30.3,1156
458,30.3,30.3,30.275,30.275,618
459,30.3,30.3,30.3,30.3,500
460,30.35,30.35,30.2904,30.35,529
461,30.325,30.35,30.3,30.35,1206
462,30.3,30.325,30.3,30.325,600
463,30.25,30.3,30.25,30.3,1000
465,30.25,30.3,30.25,30.3,200
466,30.35,30.35,30.275,30.3,2800
467,30.35,30.35,30.35,30.35,258
468,30.35,30.35,30.35,30.35,1194
469,30.35,30.4,30.35,30.4,1644
470,30.425,30.45,30.4,30.4,3307
471,30.5,30.525,30.45,30.45,17491
864,30.5,30.5,30.5,30.5,501
865,30.45,30.5,30.3,30.3,942
866,30.4,30.45,30.4,30.45,601
868,30.5,30.5,30.5,30.5,100
869,30.45,30.45,30.437,30.437,490
870,30.5,30.525,30.45,30.45,4996
871,30.45,30.5,30.45,30.5,500
872,30.4679,30.5,30.4679,30.5,227
873,30.45,30.45,30.45,30.45,700
874,30.35,30.45,30.35,30.4,2400
875,30.35,30.4,30.3,30.3,900
876,30.3,30.3,30.25,30.25,1600
878,30.35,30.4,30.35,30.35,1100
879,30.35,30.375,30.35,30.35,400
880,30.4,30.4,30.4,30.4,100
882,30.45,30.5,30.45,30.5,400
884,30.45,30.45,30.45,30.45,600
885,30.5,30.5,30.475,30.5,2400
886,30.5,30.5,30.5,30.5,100
887,30.45,30.5,30.45,30.5,1004
888,30.4,30.425,30.4,30.4,700
889,30.45,30.5,30.4,30.4,900
890,30.4,30.425,30.4,30.425,300
892,30.4,30.4,30.4,30.4,501
893,30.3,30.3,30.3,30.3,800
894,30.25,30.25,30.25,30.25,200
895,30.3,30.3,30.3,30.3,2420
896,30.3,30.3,30.3,30.3,100
897,30.35,30.35,30.35,30.35,100
898,30.35,30.35,30.35,30.35,600
899,30.35,30.35,30.3,30.3,516
900,30.35,30.4,30.3,30.3,4600
901,30.4,30.4,30.35,30.35,300
902,30.5,30.5,30.375,30.4,2356
903,30.5,30.55,30.35,30.475,18390
a1497965400,30.35,30.35,30.35,30.35,179
1,30.25,30.25,30.25,30.25,100
2,30.4,30.45,30.275,30.275,700
3,30.4,30.45,30.4,30.4,700
4,30.35,30.35,30.25,30.25,205
5,30.3,30.3,30.3,30.3,100
6,30.3,30.35,30.3,30.35,1200
7,30.35,30.35,30.3,30.35,3858
9,30.475,30.5,30.4,30.4,3497
10,30.4,30.475,30.4,30.475,1800
11,30.375,30.4,30.375,30.4,585
12,30.4,30.4,30.4,30.4,300
13,30.35,30.35,30.35,30.35,1000
14,30.45,30.45,30.4,30.4,1260
15,30.45,30.45,30.45,30.45,100
16,30.4,30.4,30.4,30.4,300
17,30.35,30.35,30.35,30.35,700
18,30.35,30.35,30.35,30.35,500
19,30.325,30.325,30.325,30.325,200
20,30.3,30.3,30.3,30.3,767
21,30.3,30.3,30.25,30.255,3100
22,30.275,30.3,30.275,30.275,800
23,30.25,30.275,30.25,30.275,200
24,30.275,30.3,30.275,30.3,200
25,30.325,30.35,30.275,30.275,1540
26,30.275,30.325,30.275,30.3,1500
27,30.3,30.35,30.3,30.3,600
28,30.275,30.3,30.275,30.275,700
29,30.25,30.25,30.25,30.25,1630
30,30.25,30.25,30.2,30.2,600
31,30.25,30.25,30.25,30.25,200
32,30.25,30.25,30.25,30.25,100
33,30.225,30.25,30.225,30.25,1000
34,30.1,30.2,30.1,30.2,1100
35,30.05,30.1,30.025,30.1,1800
36,30.025,30.0339,30,30,1799
37,30.025,30.025,30.025,30.025,500
38,30.075,30.075,30.025,30.025,7071
39,30,30.1,30,30.1,8451
144,30.15,30.15,30.15,30.15,370
145,30,30,29.9,29.95,300
146,29.9,29.95,29.85,29.95,1500
148,29.85,30,29.85,30,1935
149,29.8,29.8,29.8,29.8,100
150,29.725,29.8,29.725,29.8,500
151,29.65,29.8,29.625,29.75,5144
152,29.8,29.8,29.7,29.7,3500
153,29.775,29.775,29.725,29.775,7100
154,29.7,29.75,29.7,29.75,1257
155,29.55,29.65,29.55,29.65,800
156,29.65,29.65,29.6,29.6,400
157,29.65,29.6998,29.625,29.625,300
158,29.7,29.7,29.65,29.7,16900
159,29.7,29.75,29.675,29.75,1700
160,29.6,29.675,29.6,29.65,1000
161,29.6548,29.7,29.65,29.65,725
162,29.7,29.7,29.7,29.7,100
163,29.6,29.6,29.55,29.6,900
164,29.6,29.6,29.6,29.6,261
165,29.55,29.65,29.55,29.65,500
166,29.525,29.525,29.45,29.5,1603
167,29.5,29.5,29.5,29.5,200
168,29.525,29.55,29.525,29.55,400
169,29.5,29.5,29.5,29.5,100
170,29.45,29.5,29.45,29.45,774
171,29.45,29.45,29.45,29.45,300
172,29.4,29.5,29.4,29.45,2810
173,29.3,29.45,29.3,29.4,5249
175,29.375,29.4,29.375,29.4,300
176,29.5,29.5,29.355,29.355,1500
177,29.425,29.5,29.425,29.5,900
178,29.45,29.5,29.45,29.45,900
179,29.5,29.5,29.5,29.5,200
180,29.5,29.5,29.5,29.5,200
181,29.45,29.525,29.45,29.5,1000
182,29.45,29.45,29.4,29.45,1300
183,29.35,29.45,29.35,29.4,9886
288,29.4,29.4,29.4,29.4,181
289,29.325,29.4,29.3,29.4,325
290,29.3984,29.5,29.3984,29.5,800
291,29.45,29.5105,29.45,29.5105,972
292,29.4,29.4,29.4,29.4,500
293,29.4,29.4,29.4,29.4,200
294,29.4,29.4,29.35,29.35,200
295,29.25,29.3,29.25,29.3,1200
296,29.2,29.2,29.2,29.2,500
297,29.35,29.35,29.35,29.35,100
298,29.4,29.45,29.375,29.375,1000
301,29.45,29.45,29.45,29.45,600
303,29.3508,29.45,29.3508,29.45,1571
306,29.35,29.35,29.35,29.35,100
307,29.45,29.45,29.4,29.4,500
308,29.325,29.325,29.3,29.3,200
310,29.35,29.35,29.35,29.35,100
312,29.35,29.35,29.35,29.35,100
314,29.4,29.4,29.4,29.4,400
315,29.4,29.4,29.4,29.4,500
318,29.4,29.4,29.35,29.35,700
319,29.45,29.45,29.355,29.355,494
320,29.45,29.45,29.4,29.4,700
321,29.5,29.525,29.4,29.4,1000
322,29.475,29.5,29.475,29.5,300
323,29.4,29.475,29.4,29.45,1923
324,29.45,29.45,29.4,29.4,400
325,29.425,29.425,29.4,29.4,1613
326,29.45,29.45,29.425,29.425,500
327,29.4,29.5,29.4,29.45,3428
432,29.35,29.35,29.35,29.35,668
433,29.45,29.525,29.4,29.4,700
434,29.35,29.45,29.35,29.45,900
435,29.5,29.5,29.5,29.5,100
436,29.45,29.45,29.425,29.425,700
437,29.3,29.4,29.3,29.4,757
439,29.4,29.4,29.4,29.4,100
440,29.3,29.35,29.3,29.35,400
441,29.4,29.4,29.4,29.4,100
443,29.35,29.35,29.35,29.35,300
444,29.4,29.45,29.35,29.35,1810
446,29.275,29.275,29.275,29.275,100
447,29.275,29.275,29.275,29.275,100
448,29.25,29.275,29.2,29.255,2300
450,29.2,29.2,29.2,29.2,400
451,29.2,29.225,29.2,29.225,500
452,29.155,29.25,29.15,29.155,1775
453,29.15,29.2,29.15,29.2,807
454,29.1,29.15,29.1,29.1,1126
455,29.15,29.15,29.15,29.15,200
456,29.089,29.1437,29.089,29.105,2462
457,29.1753,29.1753,29.1101,29.1101,673
458,29.15,29.18,29.15,29.15,700
459,29.25,29.25,29.1129,29.1257,974
460,29.2335,29.25,29.2335,29.25,2365
461,29.225,29.25,29.225,29.25,914
462,29.2438,29.2488,29.2,29.2488,800
464,29.25,29.3,29.25,29.3,473
465,29.25,29.25,29.25,29.25,301
466,29.24,29.24,29.24,29.24,174
467,29.25,29.25,29.25,29.25,400
468,29.25,29.25,29.2,29.25,300
469,29.15,29.225,29.15,29.2,1300
470,29.25,29.3,29.2,29.2,2500
471,29.35,29.4,29.25,29.25,38319
864,29.35,29.35,29.35,29.35,203
865,29.3,29.55,29.25,29.55,1000
866,29.425,29.5,29.4,29.5,808
867,29.55,29.55,29.5,29.5,207
868,29.65,29.65,29.5,29.55,2150
869,29.6,29.7,29.6,29.7,1756
870,29.45,29.5,29.45,29.5,1696
871,29.5,29.5,29.5,29.5,100
872,29.5,29.55,29.5,29.5,1100
873,29.5,29.5,29.45,29.5,1700
874,29.4,29.5,29.35,29.5,1600
875,29.45,29.5,29.45,29.45,300
876,29.5,29.55,29.5,29.55,200
877,29.65,29.65,29.6,29.6,1700
878,29.65,29.75,29.65,29.7,1505
879,29.6,29.7,29.55,29.7,600
880,29.65,29.65,29.65,29.65,300
881,29.7,29.75,29.7,29.75,954
882,29.75,29.8,29.7,29.7,300
883,29.7,29.75,29.7,29.75,200
884,29.8,29.825,29.8,29.8,600
885,29.75,29.75,29.75,29.75,200
886,29.8,29.8,29.8,29.8,300
887,29.65,29.85,29.65,29.85,1289
888,29.7,29.7,29.7,29.7,600
889,29.725,29.75,29.725,29.75,200
890,29.7,29.75,29.675,29.75,2700
891,29.75,29.75,29.7,29.7,700
892,29.825,29.85,29.775,29.8,723
893,29.8,29.85,29.8,29.85,500
894,29.85,29.875,29.85,29.85,500
895,29.825,29.9,29.825,29.9,500
896,29.9,29.95,29.85,29.85,1300
897,29.95,29.95,29.875,29.875,300
898,29.95,29.95,29.85,29.925,1100
899,29.95,30,29.95,29.95,1600
900,29.975,30,29.95,29.95,1000
901,30,30.05,29.975,30,2000
902,30.025,30.025,29.975,29.975,1100
903,29.95,30.025,29.85,30.025,12364
a1498570200,29.95,29.95,29.95,29.95,209
1,29.8,29.95,29.8,29.85,1700
2,29.8,29.8,29.8,29.8,300
3,29.95,29.95,29.85,29.85,800
4,29.9,29.95,29.9,29.95,785
5,29.95,29.95,29.95,29.95,100
6,29.9,29.925,29.875,29.9,700
7,29.85,29.85,29.8,29.85,800
8,30.05,30.1,29.9,29.9,1633
9,30.025,30.025,30,30.025,400
10,30.1,30.1,30.05,30.05,400
11,30.1,30.15,30.1,30.15,200
13,30.15,30.15,30.1448,30.1448,625
14,30.2,30.2,30.175,30.175,400
16,30.225,30.225,30.225,30.225,100
18,30.25,30.25,30.2,30.225,900
19,30.25,30.3,30.25,30.25,900
20,30.15,30.2,30.1,30.2,703
21,30.2,30.2,30.125,30.125,800
22,30.05,30.2,30.05,30.2,700
24,30.1,30.1,30.05,30.05,1250
25,30.05,30.15,30.05,30.15,659
26,30.1,30.1,30.05,30.05,400
28,29.95,30.05,29.95,30.05,800
29,30,30,29.875,29.9,2084
30,30.1,30.1,30.05,30.05,2132
31,30.15,30.15,30.15,30.15,346
32,30.15,30.15,30.125,30.15,1426
33,30.15,30.2,30.15,30.2,1100
34,30.125,30.15,30.1,30.15,1200
35,30.175,30.2,30.15,30.15,900
36,30.2,30.2,30.15,30.175,700
37,29.975,30.175,29.95,30.175,4500
38,29.975,30,29.95,29.95,1600
39,29.95,30,29.875,29.975,13469
144,30.1,30.1,30.1,30.1,184
145,30.125,30.125,30,30,1385
146,30.25,30.25,30.15,30.15,1900
147,30.2,30.25,30.2,30.25,1100
148,30.15,30.2,30.15,30.2,1878
149,30.075,30.1,30,30.1,1990
150,30.1,30.15,30.1,30.1,2100
151,30.075,30.1,30.025,30.05,2100
152,30.1,30.1,30.05,30.05,800
153,30.05,30.1,30.025,30.1,1521
154,30.2,30.2,30,30.05,6200
155,30.1,30.125,30.1,30.1,1487
156,30.2,30.2,30.1,30.1,2700
157,30.05,30.15,30.05,30.15,2904
158,30.05,30.1,30.05,30.1,1400
159,30,30.075,30,30.05,3563
160,30.05,30.125,30,30,4876
161,30.05,30.15,30.05,30.05,1800
162,30.1,30.1,30.05,30.05,800
163,30.05,30.05,30.05,30.05,700
164,30,30.05,30,30,1200
165,30.05,30.05,30,30,1375
166,30.05,30.05,30.05,30.05,400
167,30,30.025,30,30,1030
168,29.9,30,29.9,30,1860
169,30,30,29.975,30,500
170,30,30.05,30,30,500
171,30.05,30.05,30,30,1498
172,30,30.05,29.95,30,1525
173,30,30.1,30,30.05,2522
174,30.05,30.05,30,30,6560
175,30,30,30,30,1200
176,30,30.05,30,30.05,500
177,29.85,29.95,29.85,29.95,4775
178,29.9,29.9,29.85,29.875,1000
179,29.975,29.975,29.925,29.925,800
180,29.925,29.95,29.925,29.95,1307
181,29.8,29.925,29.8,29.925,1815
182,29.875,29.9,29.825,29.825,2700
183,29.95,29.95,29.9,29.9,7176
288,30.3,30.3,30.3,30.3,1655
289,30.25,30.45,30.25,30.45,500
290,30.3,30.45,30.3,30.35,2220
291,30.3,30.3,30.25,30.3,1800
292,30.2,30.25,30.175,30.25,800
293,30.025,30.2,30,30.2,4800
294,30.15,30.15,30.025,30.05,1893
295,30.05,30.1,30,30.1,3277
296,30.1,30.1,29.975,30,2486
297,30,30.1,30,30.05,2624
298,30.075,30.1,30,30,2200
299,30,30.05,29.975,30.05,2200
300,29.9,30,29.9,29.975,1200
301,29.7,29.85,29.7,29.85,1200
302,29.75,29.75,29.725,29.725,5000
303,29.7,29.8,29.7,29.8,900
305,29.8,29.8,29.75,29.75,300
306,29.75,29.75,29.75,29.75,1100
307,29.85,29.85,29.85,29.85,100
308,29.85,29.85,29.8,29.8,300
309,29.85,29.9,29.85,29.9,900
310,29.925,29.95,29.9,29.95,500
311,29.925,29.925,29.925,29.925,200
312,29.7,29.85,29.7,29.85,1100
313,29.85,29.85,29.85,29.85,100
314,29.9,29.9,29.85,29.9,1396
315,29.9,29.9,29.9,29.9,200
316,29.95,29.95,29.9,29.9,2300
317,29.9,29.9,29.9,29.9,800
318,29.925,29.925,29.9,29.9,2300
319,29.9,29.9,29.9,29.9,1200
320,29.9,29.925,29.875,29.9,1299
321,29.9,29.925,29.875,29.9,1500
322,29.9,29.95,29.9,29.9,2109
323,29.9,29.9101,29.85,29.9,3204
324,29.85,29.9,29.85,29.9,1121
325,29.85,29.9,29.825,29.875,1675
326,29.9,29.95,29.85,29.875,5044
327,29.85,29.925,29.825,29.925,7750
432,29.9,29.9,29.9,29.9,415
434,29.8,29.9,29.75,29.75,610
435,29.8,29.85,29.8,29.85,600
436,29.7,29.7,29.55,29.7,537
437,29.7,29.7,29.7,29.7,8500
438,29.7,29.75,29.65,29.75,1400
439,29.9,29.9,29.7,29.7,700
440,29.7,29.85,29.7,29.85,700
441,29.65,29.7,29.65,29.7,400
444,29.75,29.75,29.75,29.75,200
445,29.7,29.7,29.65,29.7,1100
446,29.725,29.725,29.7,29.7,4300
447,29.8001,29.8001,29.8001,29.8001,108
448,29.8,29.825,29.8,29.8,1000
451,29.895,29.895,29.85,29.85,273
453,29.85,29.85,29.85,29.85,800
454,29.7,29.75,29.7,29.75,700
455,29.8,29.8,29.75,29.75,598
456,29.85,29.85,29.85,29.85,300
457,29.85,29.85,29.85,29.85,200
458,29.9,29.95,29.9,29.9,1900
459,29.85,29.85,29.825,29.85,500
460,29.75,29.825,29.75,29.8,700
461,29.8,29.85,29.75,29.75,3100
462,29.9,29.9,29.9,29.9,200
463,29.9,29.95,29.9,29.9,1434
464,29.85,29.85,29.85,29.85,100
465,29.9,29.9,29.9,29.9,400
466,29.9,29.95,29.9,29.95,1200
467,29.9,29.9,29.9,29.9,100
468,29.875,29.9,29.875,29.9,1275
469,29.9,29.95,29.9,29.9,900
470,29.9,29.95,29.85,29.95,2200
471,29.8,29.9,29.7,29.9,16619
864,29.9,29.9,29.9,29.9,495
865,30.1,30.1,29.98,29.98,650
866,30,30.15,29.95,30.1,1057
867,29.9,30,29.8962,30,1260
868,30.1,30.1,30.05,30.05,500
869,30.05,30.05,30.05,30.05,100
870,30.15,30.2,30.15,30.15,600
871,30.3,30.3,30.25,30.25,500
873,30.35,30.35,30.35,30.35,200
874,30.4,30.4,30.4,30.4,600
875,30.45,30.45,30.45,30.45,100
876,30.4,30.45,30.4,30.45,1000
877,30.45,30.45,30.45,30.45,2872
879,30.45,30.5,30.45,30.45,2928
880,30.4,30.475,30.4,30.475,2320
881,30.5,30.5,30.45,30.45,400
882,30.45,30.45,30.45,30.45,1290
883,30.45,30.45,30.45,30.45,300
884,30.45,30.5,30.425,30.475,8763
885,30.45,30.45,30.35,30.45,7656
a1499261400,30.45,30.45,30.45,30.45,427
1,29.9,30.3,29.85,30.25,1206
2,30.05,30.275,30,30,1300
3,30.15,30.15,30.15,30.15,400
4,30.15,30.22,30.1,30.22,1371
5,30.2,30.2,30.1,30.1,2199
6,30.2,30.25,30.2,30.25,1200
8,30.25,30.25,30.2,30.2,1900
9,30.25,30.25,30.25,30.25,200
10,30.15,30.25,30.15,30.25,1099
11,30,30.15,30,30.15,1200
12,29.9,29.95,29.8,29.95,1310
14,29.95,29.95,29.95,29.95,100
16,29.8,29.8,29.8,29.8,300
17,29.85,29.85,29.8,29.8,400
19,29.95,29.95,29.9,29.9,665
20,29.975,30,29.95,30,1200
21,29.975,29.975,29.975,29.975,200
23,30.05,30.05,30,30,600
24,30.025,30.025,30.025,30.025,400
25,30,30,30,30,300
26,30.05,30.05,30,30.025,800
27,30,30.05,30,30.05,3202
28,30,30,30,30,600
29,30.05,30.05,30,30,3058
30,30,30,30,30,1000
31,30,30,30,30,1100
34,30,30,29.95,30,1296
35,30,30,29.95,29.95,200
36,30,30,30,30,1100
37,30,30,30,30,1900
38,30,30,30,30,2096
39,30,30,29.95,29.95,4935
