EXCHANGE%3DNASDAQ
MARKET_OPEN_MINUTE=570
MARKET_CLOSE_MINUTE=960
INTERVAL=600
COLUMNS=DATE,CLOSE,HIGH,LOW,OPEN,VOLUME
DATA=
TIMEZONE_OFFSET=-240
a1493127000,18.87,18.87,18.87,18.87,2921
1,18.75,19.06,18.6321,18.985,5421
2,18.56,18.8,18.5524,18.77,32259
3,18.313,18.6,18.29,18.5959,12976
4,18.5,18.501,18.33,18.35,24310
5,18.48,18.6505,18.47,18.57,6624
6,18.19,18.48,18.16,18.475,29131
7,18.19,18.315,18.16,18.16,30390
8,18.15,18.25,18.14,18.25,7624
9,18.17,18.205,18.15,18.15,8376
10,18.07,18.21,18.05,18.18,25943
11,18.01,18.09,17.99,18.07,27738
12,18.045,18.13,18,18.04,30403
13,18,18.07,17.9,18.05,42408
14,17.93,18.01,17.93,17.97,15845
15,17.97,18.03,17.96,17.96,18970
16,18.005,18.015,17.87,17.99,11900
17,18.0163,18.03,17.96,18,3000
18,18.02,18.04,17.958,18.0183,22900
19,18,18.02,17.96,18.01,4500
20,17.95,18.02,17.9,18,7674
21,17.95,18,17.94,17.99,10267
22,18.07,18.13,17.95,18,32778
23,18.12,18.12,17.97,18.05,20059
24,18.03,18.125,18.03,18.03,10025
25,17.98,18.07,17.98,18.07,8663
26,18,18.04,18,18.01,3707
27,18,18.02,17.97,18,36000
28,18.07,18.07,17.97,18,90038
29,18.1,18.11,17.98,18.07,73499
30,18.05,18.12,18,18.07,58779
31,18.08,18.1,17.99,18.05,39892
32,18.035,18.1,18.03,18.075,24693
33,18.06,18.11,18.03,18.1,34233
34,18.45,18.45,18.03,18.09,52589
35,18.43,18.45,18.34,18.44,22839
36,18.41,18.45,18.37,18.41,13628
37,18.44,18.455,18.3399,18.41,25107
38,18.45,18.46,18.41,18.45,39586
39,18.55,18.59,18.42,18.45,116784
144,18.51,18.51,18.51,18.51,5460
145,18.59,18.84,18.54,18.62,5200
146,18.777,18.777,18.4,18.5796,8150
147,18.88,18.9009,18.71,18.8,12900
148,18.85,18.89,18.77,18.8318,6000
149,18.86,18.94,18.8,18.85,6404
150,18.98,19.04,18.84,18.86,6628
151,18.97,19.01,18.85,18.99,7091
152,19.06,19.08,18.91,18.97,5772
153,19.15,19.28,19.03,19.03,14993
154,19.03,19.16,19.02,19.13,3100
155,19.12,19.19,19.01,19.0494,17999
156,19.31,19.31,19.16,19.16,7750
157,19.275,19.365,19.21,19.27,28243
158,19.03,19.36,19.03,19.3,19604
159,19.07,19.125,18.989,19.08,10008
160,18.98,19.1,18.88,19.1,7600
161,19.065,19.075,18.97,18.97,2000
162,19.03,19.1,19.03,19.08,3300
163,19.03,19.04,18.96,19.04,4200
164,18.94,19,18.94,18.96,1200
165,19.01,19.01,18.93,18.99,1300
166,18.96,18.98,18.91,18.97,5500
167,18.84,18.98,18.84,18.96,6880
168,18.7,18.89,18.665,18.89,8418
169,18.87,18.87,18.67,18.715,14468
170,18.91,19,18.86,18.87,25797
171,18.86,18.95,18.84,18.89,15000
172,18.78,18.85,18.71,18.85,8150
173,18.8,18.84,18.78,18.8,3625
174,18.815,18.887,18.78,18.81,18535
175,18.86,18.87,18.8,18.845,12264
176,18.8,18.87,18.78,18.86,30545
177,18.73,18.83,18.73,18.81,18530
178,18.78,18.82,18.7,18.72,8411
179,18.815,18.83,18.79,18.8,7079
180,19.01,19.01,18.83,18.83,19837
181,19.05,19.055,18.995,18.9986,29587
182,19.03,19.05,18.94,19.05,65819
183,19.05,19.13,19.015,19.04,126931
288,19.05,19.05,19.05,19.05,2543
289,18.73,19.06,18.6303,18.95,16724
290,18.965,19.029,18.69,18.8272,15295
291,18.845,18.96,18.771,18.771,7000
292,18.77,18.8725,18.75,18.8,6761
293,18.705,18.75,18.62,18.73,9500
294,18.75,18.75,18.6,18.731,9397
295,18.575,18.8,18.51,18.71,54128
296,18.61,18.646,18.52,18.585,11300
297,18.51,18.6399,18.45,18.6399,14084
298,18.58,18.71,18.465,18.495,15112
299,18.6,18.7,18.56,18.59,11300
300,18.54,18.61,18.49,18.61,2602
301,18.53,18.61,18.47,18.56,9349
302,18.56,18.61,18.4601,18.565,2869
303,18.54,18.64,18.49,18.6,7500
304,18.525,18.59,18.5,18.54,4023
305,18.54,18.58,18.51,18.54,5000
306,18.48,18.57,18.46,18.54,5100
307,18.54,18.54,18.41,18.46,6540
308,18.7,18.7,18.545,18.56,10295
309,18.64,18.7,18.56,18.6997,9300
310,18.705,18.733,18.64,18.64,3700
311,18.75,18.75,18.62,18.71,5805
312,18.73,18.81,18.65,18.81,10300
313,18.65,18.715,18.645,18.7069,2900
314,18.69,18.74,18.67,18.7,2719
315,18.6,18.71,18.6,18.69,1700
316,18.505,18.66,18.505,18.635,2689
317,18.44,18.54,18.39,18.515,20929
318,18.39,18.51,18.35,18.48,10673
319,18.39,18.47,18.35,18.39,11316
320,18.35,18.42,18.3,18.4074,13593
321,18.365,18.39,18.33,18.36,6400
322,18.225,18.38,18.19,18.365,10917
323,18.28,18.28,18.21,18.23,6418
324,18.28,18.29,18.23,18.28,5952
325,18.265,18.31,18.25,18.28,8928
326,18.36,18.36,18.25,18.265,15866
327,18.37,18.41,18.31,18.35,67266
432,18.34,18.34,18.34,18.34,1376
433,18.449,18.599,18.449,18.599,500
434,18.64,18.64,18.4,18.45,15095
435,18.42,18.74,18.42,18.66,6696
436,18.72,18.735,18.47,18.47,5495
437,18.655,18.74,18.61,18.7,3429
438,18.7,18.81,18.61,18.7,5140
439,18.77,18.81,18.69,18.7,3600
440,18.72,18.82,18.7,18.775,12400
441,18.9,18.95,18.73,18.73,5700
442,18.92,19.02,18.789,18.95,13032
443,18.86,19,18.73,18.93,10572
444,18.84,18.9,18.78,18.9,13000
445,18.72,18.85,18.7,18.83,10032
446,18.68,18.8199,18.66,18.72,7436
447,18.67,18.81,18.65,18.716,15011
448,18.81,18.83,18.67,18.67,2100
449,18.782,18.83,18.75,18.83,2900
450,18.75,18.78,18.73,18.73,4200
451,18.71,18.77,18.68,18.75,5840
452,18.7,18.71,18.65,18.68,2300
453,18.6799,18.711,18.62,18.68,1500
454,18.76,18.76,18.6348,18.645,4500
455,18.79,18.793,18.74,18.745,2100
456,18.73,18.75,18.71,18.75,1500
457,18.745,18.78,18.72,18.725,2452
458,18.7,18.77,18.7,18.77,1000
459,18.735,18.74,18.715,18.715,2500
460,18.7,18.75,18.69,18.715,2766
461,18.74,18.76,18.705,18.715,1500
462,18.735,18.765,18.72,18.74,1400
463,18.71,18.76,18.71,18.74,2920
464,18.76,18.786,18.7,18.755,3500
465,18.795,18.806,18.75,18.76,2300
466,18.775,18.807,18.75,18.79,5175
467,18.8799,18.8799,18.77,18.78,5593
468,18.83,18.85,18.805,18.83,2840
469,18.8,18.84,18.79,18.8,3100
470,18.77,18.8,18.75,18.8,10949
471,18.69,18.78,18.66,18.77,38395
864,18.78,18.78,18.78,18.78,2674
865,18.75,18.81,18.64,18.64,2200
866,18.75,18.78,18.75,18.758,4659
867,18.8,18.8218,18.7,18.8,3604
868,18.67,18.78,18.67,18.78,700
869,18.43,18.63,18.39,18.63,12223
870,18.35,18.4,18.26,18.39,3100
871,18.235,18.31,18.1798,18.31,9986
872,18.2,18.28,18.16,18.28,24858
873,18.18,18.21,18.1532,18.2,7435
874,18.34,18.35,18.23,18.23,9344
875,18.33,18.38,18.31,18.34,3587
876,18.34,18.37,18.29,18.33,3824
877,18.33,18.36,18.32,18.35,1600
878,18.29,18.35,18.29,18.35,4063
879,18.31,18.34,18.27,18.29,3800
880,18.42,18.42,18.27,18.3,3200
881,18.46,18.48,18.38,18.38,1000
882,18.46,18.47,18.4,18.46,2583
883,18.55,18.58,18.41,18.46,4140
884,18.69,18.69,18.545,18.56,4788
885,18.67,18.69,18.59,18.63,4380
886,18.81,18.83,18.65,18.66,6949
887,18.75,18.82,18.671,18.82,3966
888,18.86,18.8758,18.78,18.78,6918
889,18.92,18.95,18.87,18.88,3600
890,18.94,18.96,18.85,18.91,2900
891,18.95,18.96,18.9,18.95,4537
892,18.99,18.99,18.91,18.94,1900
893,18.86,18.99,18.76,18.97,6700
894,18.93,18.94,18.86,18.86,4199
895,18.96,18.97,18.89,18.92,6060
896,18.86,18.96,18.84,18.94,3600
897,18.74,18.86,18.74,18.86,4300
898,18.77,18.78,18.725,18.75,3035
899,18.84,18.84,18.78,18.78,3100
900,18.8343,18.85,18.78,18.85,7534
901,18.84,18.87,18.79,18.81,5800
902,18.9,18.9,18.81,18.82,12691
903,18.86,18.92,18.85,18.89,25478
a1493731800,18.87,18.87,18.87,18.87,2166
1,19.25,19.42,18.7601,18.7601,14910
2,19.45,19.465,19.09,19.31,7717
3,19.23,19.4,19.06,19.39,8605
4,18.97,19.14,18.9384,19.14,4200
5,18.94,19,18.79,18.93,8347
6,19.05,19.07,18.92,18.93,4567
7,18.91,19.17,18.91,19.05,20434
8,19.1,19.16,18.92,18.93,8637
9,18.91,19.09,18.9,19.05,10340
10,18.7799,18.93,18.72,18.92,10586
11,18.78,18.81,18.74,18.765,1900
12,18.83,18.9,18.77,18.77,4906
13,18.855,18.9,18.8,18.82,7205
14,18.84,18.855,18.81,18.855,1900
15,18.76,18.8675,18.76,18.86,2100
16,18.77,18.805,18.73,18.79,4800
17,18.54,18.755,18.54,18.75,7682
18,18.51,18.58,18.46,18.58,5325
19,18.56,18.57,18.5141,18.515,1100
20,18.65,18.65,18.55,18.55,5900
21,18.65,18.79,18.64,18.66,7415
22,18.66,18.68,18.64,18.64,2443
23,18.55,18.66,18.55,18.65,4478
24,18.39,18.57,18.39,18.55,5741
25,18.475,18.475,18.39,18.39,3100
26,18.36,18.45,18.3,18.45,2300
27,18.34,18.345,18.31,18.345,3552
28,18.33,18.34,18.24,18.33,12587
29,18.31,18.33,18.23,18.33,8201
30,18.41,18.429,18.315,18.32,7915
31,18.39,18.41,18.345,18.4,1700
32,18.345,18.41,18.32,18.39,2375
33,18.3,18.345,18.23,18.345,4693
34,18.23,18.295,18.22,18.29,14226
35,18.24,18.2584,18.16,18.22,12950
36,18.01,18.24,18,18.23,36151
37,18.04,18.1,17.93,18.0183,54086
38,18.15,18.21,17.982,18.06,26190
39,18.05,18.21,18,18.11,133231
144,18.01,18.01,18.01,18.01,4655
145,18.31,18.81,18.1,18.81,10580
146,18.58,18.74,18.2,18.25,14747
147,18.36,18.63,18.27,18.63,5400
148,18.23,18.46,18.23,18.37,5871
149,18.3,18.35,18.16,18.26,11886
150,18.3,18.31,18.23,18.26,3300
151,18.26,18.3,18.22,18.27,8165
152,17.89,18.25,17.89,18.24,19400
153,17.9201,18,17.88,17.99,5400
154,18.1,18.1,17.9357,17.97,7511
155,18.09,18.1,18.05,18.09,7281
156,18.04,18.11,18.04,18.09,15423
157,18.01,18.06,17.96,18.03,4600
158,17.9837,18.05,17.96,18.04,2861
159,17.98,17.98,17.94,17.98,7152
160,17.95,17.98,17.92,17.98,4159
161,17.94,17.96,17.86,17.96,12430
162,17.87,17.94,17.85,17.9,4900
163,17.74,17.91,17.72,17.91,6500
164,17.83,17.83,17.76,17.76,4227
165,17.82,17.84,17.79,17.83,6300
166,17.815,17.83,17.79,17.81,4050
167,17.93,17.93,17.81,17.81,12543
168,17.96,18,17.92,17.93,16730
169,17.95,18,17.95,17.96,1600
170,17.94,17.99,17.93,17.99,4400
171,17.99,17.99,17.88,17.96,7210
172,18.055,18.08,17.91,17.99,38575
173,17.93,18.07,17.91,18.05,5741
174,17.87,18.03,17.87,17.95,6300
175,17.725,17.89,17.71,17.88,10700
176,17.8,17.83,17.73,17.73,15011
177,17.8,17.88,17.8,17.8126,7600
178,17.81,17.89,17.8,17.82,7140
179,17.89,17.91,17.83,17.86,5444
180,17.98,17.98,17.875,17.9,7805
181,17.925,17.97,17.87,17.955,6829
182,17.75,18.04,17.73,17.92,37566
183,17.72,17.81,17.685,17.73,60082
288,18.2,18.2,18.2,18.2,2164
289,18.455,18.88,17.775,18.8611,1400
290,17.35,17.935,17.111,17.84,28704
291,17.16,17.52,16.96,17.35,28984
292,17.01,17.5,16.82,17.32,23355
293,16.56,17.09,16.505,17.03,17423
294,16.36,16.74,16.26,16.63,68744
295,16.5,16.54,16.06,16.37,50828
296,16.1,16.5,16.1,16.5,13129
297,16.3,16.38,16.11,16.14,114182
298,16.3924,16.43,16.1,16.335,41691
299,16.43,16.58,16.25,16.42,28551
300,16.34,16.57,16.3,16.42,42952
301,16.52,16.62,16.31,16.34,47754
302,16.825,16.925,16.4,16.47,20700
303,16.62,16.81,16.55,16.81,19426
304,16.91,17.08,16.59,16.625,25715
305,16.99,17.07,16.78,16.89,20006
306,16.46,16.98,16.45,16.88,22744
307,16.63,16.63,16.45,16.49,12655
308,16.68,16.85,16.53,16.61,14507
309,16.71,16.81,16.55,16.68,12843
310,16.72,16.81,16.65,16.76,10025
311,16.87,17.07,16.65,16.69,23884
312,16.82,16.93,16.73,16.82,14611
313,16.8035,16.95,16.74,16.85,9931
314,16.88,16.88,16.78,16.8,7704
315,16.9199,17.02,16.86,16.86,19100
316,17.2,17.21,16.88,16.88,13256
317,17.35,17.46,17.16,17.19,20710
318,17.51,17.61,17.33,17.39,14366
319,17.6174,17.71,17.33,17.55,23191
320,17.72,17.79,17.52,17.58,19757
321,17.8,17.83,17.53,17.73,28654
322,17.82,17.93,17.7728,17.8,22336
323,17.76,17.85,17.7,17.77,14377
324,17.78,17.81,17.7,17.76,27904
325,17.44,17.79,17.42,17.77,58341
326,17.45,17.46,17.22,17.42,47469
327,17.5,17.56,17.39,17.45,94603
432,17.51,17.56,17.51,17.51,4473
433,17.31,18.08,16.86,18.08,4387
434,16.94,17.43,16.89,17.37,16171
435,16.92,17.05,16.8,16.975,6900
436,16.88,16.93,16.78,16.92,17384
437,16.76,16.96,16.76,16.86,7024
438,16.63,16.92,16.36,16.76,18573
439,16.65,16.75,16.56,16.64,7001
440,16.59,16.66,16.55,16.65,7107
441,16.52,16.5864,16.5,16.57,7377
442,16.51,16.57,16.48,16.52,7235
443,16.51,16.57,16.5,16.51,10958
444,16.42,16.5405,16.42,16.5405,7150
445,16.4,16.45,16.35,16.42,7610
446,16.31,16.42,16.31,16.41,13403
447,16.37,16.38,16.31,16.31,7422
448,16.425,16.43,16.28,16.3426,17663
449,16.66,16.69,16.44,16.44,16155
450,16.83,16.91,16.685,16.75,18821
451,16.725,16.82,16.71,16.8,3500
452,16.75,16.79,16.73,16.73,2651
453,16.64,16.79,16.59,16.78,5700
454,16.65,16.65,16.58,16.6,6072
455,16.66,16.68,16.635,16.68,3000
456,16.57,16.66,16.55,16.645,4900
457,16.52,16.58,16.4901,16.56,13363
458,16.54,16.57,16.465,16.51,7496
459,16.41,16.57,16.41,16.57,7535
460,16.42,16.48,16.36,16.41,8950
461,16.37,16.46,16.35,16.46,7933
462,16.31,16.36,16.2875,16.36,7371
463,16.302,16.35,16.295,16.3,8695
464,16.27,16.33,16.27,16.3,10760
465,16.34,16.38,16.27,16.29,7674
466,16.47,16.49,16.33,16.39,15551
467,16.69,16.69,16.47,16.47,16553
468,16.82,16.87,16.62,16.68,30737
469,16.94,17,16.83,16.83,19535
470,16.97,17,16.93,16.95,21653
471,16.95,16.98,16.91,16.98,77983
864,16.9,16.9,16.9,16.9,1985
865,16.7,16.9393,16.62,16.9,5212
866,16.74,16.98,16.735,16.82,5210
867,16.67,16.75,16.63,16.71,700
868,16.675,16.675,16.59,16.67,1050
869,16.71,16.75,16.67,16.73,1700
870,16.71,16.75,16.65,16.73,8550
871,16.66,16.68,16.59,16.645,5683
872,16.7,16.74,16.61,16.62,2900
873,16.6,16.65,16.58,16.65,1600
874,16.56,16.59,16.42,16.59,10396
875,16.63,16.72,16.59,16.59,7200
876,16.51,16.6,16.5,16.6,2869
877,16.47,16.59,16.47,16.49,3049
878,16.6,16.65,16.5299,16.53,6050
879,16.67,16.67,16.56,16.61,7402
880,16.6502,16.715,16.63,16.67,9199
881,16.675,16.69,16.57,16.57,3600
882,16.64,16.69,16.6,16.68,5020
883,16.67,16.73,16.64,16.645,1800
884,16.66,16.68,16.64,16.68,8444
885,16.69,16.69,16.63,16.66,2937
886,16.65,16.69,16.58,16.69,5725
887,16.635,16.64,16.57,16.6,4487
888,16.64,16.64,16.58,16.62,3400
889,16.59,16.64,16.58,16.64,1357
890,16.62,16.6434,16.6,16.62,3050
891,16.59,16.64,16.59,16.62,4403
892,16.59,16.63,16.59,16.61,6003
893,16.59,16.65,16.58,16.58,8818
894,16.48,16.58,16.48,16.58,8120
895,16.49,16.5,16.46,16.47,1407
896,16.5,16.503,16.47,16.49,3336
897,16.47,16.53,16.47,16.49,3000
898,16.4,16.5,16.4,16.48,6728
899,16.43,16.48,16.38,16.38,5566
900,16.4201,16.44,16.38,16.41,5438
901,16.3661,16.43,16.3,16.43,13129
902,16.395,16.42,16.36,16.37,19427
903,16.41,16.49,16.37,16.43,73165
a1494336600,16.48,16.48,16.48,16.48,2548
1,16.35,16.58,16.35,16.52,900
2,16.5,16.603,16.41,16.41,5317
3,16.66,16.67,16.44,16.5,4500
4,16.69,16.8,16.66,16.67,9681
5,16.7,16.8,16.6701,16.711,8670
6,16.68,16.775,16.64,16.725,2800
7,16.7,16.75,16.67,16.7,5700
8,16.7,16.71,16.65,16.705,3900
9,16.78,16.8,16.68,16.71,14186
10,16.965,16.9799,16.72,16.76,14194
11,16.78,16.972,16.7,16.972,5850
12,16.72,16.81,16.68,16.75,6277
13,16.72,16.78,16.72,16.74,3300
14,16.8608,16.8608,16.71,16.71,8608
15,16.88,16.88,16.79,16.85,5500
16,17.032,17.06,16.915,16.915,4420
17,17.08,17.14,17.05,17.05,5900
18,17.05,17.15,16.99,17.15,7448
19,17.12,17.14,17.03,17.04,8554
20,17.2341,17.28,17.11,17.12,3599
21,17.16,17.27,17.15,17.27,3200
22,17.17,17.24,17.17,17.1958,3100
23,17.05,17.15,17.016,17.15,7867
24,17.07,17.16,16.99,17.06,13963
25,16.92,17.05,16.88,17.05,5819
26,16.77,16.92,16.73,16.88,5400
27,16.66,16.81,16.62,16.726,30025
28,16.7,16.74,16.6,16.64,7000
29,16.69,16.795,16.68,16.72,16196
30,16.84,16.89,16.68,16.68,18953
31,16.79,16.89,16.77,16.89,6100
32,16.74,16.79,16.69,16.79,9102
33,16.61,16.77,16.57,16.74,8517
34,16.71,16.725,16.64,16.65,7506
35,16.73,16.795,16.66,16.71,7998
36,16.71,16.8,16.63,16.73,14387
37,16.72,16.748,16.59,16.7,11768
38,16.82,16.82,16.7,16.72,14879
39,16.72,16.84,16.7,16.82,75486
144,16.62,16.62,16.62,16.62,5043
145,16.647,16.73,16.54,16.603,5152
146,16.63,16.63,16.58,16.62,1100
147,16.8232,16.8232,16.53,16.66,11135
148,16.8,16.84,16.66,16.77,4400
149,16.96,16.97,16.82,16.82,3456
150,16.71,16.92,16.71,16.92,7200
151,16.769,16.84,16.6,16.64,10300
152,16.6,16.76,16.6,16.76,5511
153,16.69,16.7,16.56,16.603,4700
154,16.7,16.7,16.62,16.68,2350
155,16.685,16.72,16.643,16.72,2589
156,16.7,16.72,16.66,16.66,4915
157,16.65,16.75,16.62,16.73,7590
158,16.6,16.66,16.6,16.66,1700
159,16.69,16.71,16.55,16.56,8832
160,16.72,16.74,16.63,16.69,10700
161,16.77,16.78,16.73,16.75,1362
162,16.86,16.9,16.81,16.81,4052
163,16.83,16.88,16.82,16.87,1800
164,16.9,16.9,16.88,16.88,900
165,17.08,17.08,16.8778,16.9,12386
166,17.02,17.15,17.0101,17.11,5500
167,17.2,17.2,16.965,17.01,2056
168,17.28,17.28,17.14,17.15,2411
169,17.2199,17.4,17.19,17.27,9510
170,17.37,17.37,17.22,17.22,2130
171,17.375,17.38,17.31,17.3301,5472
172,17.29,17.4199,17.26,17.35,3150
173,17.23,17.31,17.16,17.26,2900
174,17.175,17.25,17.17,17.246,4200
175,17.2,17.215,17.18,17.19,1900
176,17.12,17.22,17.07,17.22,9902
177,17.17,17.2099,17.11,17.15,1935
178,17.16,17.22,17.12,17.22,1444
179,17.24,17.27,17.2,17.2,5142
180,17.16,17.24,17.15,17.24,2114
181,17.12,17.169,17.091,17.16,8748
182,17.16,17.2,17.12,17.12,5600
183,17.16,17.17,17.12,17.16,30211
288,17.08,17.08,17.08,17.08,661
289,16.97,17.285,16.9183,17.27,3000
290,16.86,16.93,16.78,16.9,3690
291,16.71,16.87,16.71,16.86,35800
292,16.88,16.88,16.73,16.765,15800
293,16.82,16.91,16.8,16.91,4353
294,16.74,16.82,16.66,16.82,8872
295,16.75,16.785,16.7,16.77,900
296,16.81,16.81,16.68,16.71,7000
297,16.76,16.82,16.76,16.8,2700
298,16.83,16.95,16.81,16.81,10730
299,16.83,16.92,16.83,16.83,3269
300,16.83,16.855,16.69,16.83,5522
301,16.76,16.8404,16.76,16.83,3822
302,16.75,16.7859,16.7,16.75,11011
303,16.83,16.83,16.73,16.74,2277
304,16.87,16.8951,16.81,16.83,3200
305,16.92,16.92,16.83,16.8921,2600
306,16.91,16.95,16.88,16.91,4999
307,16.9,16.95,16.9,16.91,1800
308,16.79,16.95,16.79,16.94,3046
309,16.8432,16.85,16.79,16.8,3321
310,16.84,16.85,16.79,16.82,6700
311,16.93,16.93,16.77,16.83,8781
312,16.929,17.01,16.91,16.93,2200
313,16.91,16.95,16.88,16.95,2000
314,16.9,16.92,16.86,16.91,2000
315,16.96,16.97,16.9,16.9,1600
316,16.92,17,16.91,16.97,2600
317,16.93,16.94,16.9,16.93,3000
318,16.94,17.01,16.94,16.95,3934
319,16.99,17,16.96,16.98,1200
320,16.88,16.9777,16.87,16.9777,5687
321,16.8,16.86,16.79,16.85,4767
322,16.8,16.81,16.71,16.79,3687
323,16.74,16.84,16.74,16.81,4200
324,16.76,16.77,16.725,16.75,5624
325,16.78,16.82,16.75,16.75,4032
326,16.84,16.86,16.81,16.81,7866
327,16.84,16.9,16.81,16.81,29900
432,16.86,16.86,16.86,16.86,801
434,17.134,17.134,16.8695,16.93,6350
435,17.58,17.58,17.15,17.15,30560
436,17.25,17.58,17.25,17.58,15612
437,17.39,17.43,17.28,17.28,5966
438,17.28,17.64,17.227,17.36,19715
439,17.3,17.32,17.21,17.3,7425
440,17.42,17.42,17.28,17.28,10381
441,17.27,17.4245,17.27,17.4245,5792
442,17.42,17.5,17.265,17.265,15168
443,17.275,17.49,17.26,17.42,7234
444,17.39,17.4099,17.25,17.25,17757
445,17.44,17.5,17.36,17.37,14075
446,17.39,17.44,17.37,17.44,5677
447,17.44,17.46,17.38,17.4,5100
448,17.39,17.4253,17.38,17.4253,1722
449,17.27,17.43,17.21,17.41,15222
450,17.28,17.31,17.24,17.26,3100
451,17.335,17.43,17.28,17.28,11633
452,17.35,17.39,17.32,17.32,5947
453,17.37,17.41,17.37,17.37,6655
454,17.36,17.4,17.35,17.3664,2716
455,17.38,17.4052,17.36,17.37,5500
456,17.34,17.364,17.34,17.34,2679
457,17.3459,17.37,17.32,17.32,3654
458,17.33,17.38,17.3,17.34,5808
459,17.32,17.325,17.29,17.325,3331
460,17.33,17.385,17.32,17.345,6012
461,17.37,17.43,17.33,17.33,9118
462,17.36,17.39,17.34,17.35,3265
463,17.37,17.4,17.33,17.36,6900
464,17.35,17.38,17.35,17.38,3800
465,17.38,17.38,17.34,17.35,3996
466,17.3,17.39,17.27,17.38,7363
467,17.289,17.3206,17.26,17.3127,4700
468,17.27,17.29,17.25,17.26,3480
469,17.275,17.29,17.21,17.27,7401
470,17.41,17.45,17.27,17.29,15362
471,17.42,17.48,17.38,17.43,62224
864,17.14,17.14,17.14,17.14,13138
865,17.27,17.41,17.27,17.3235,4565
866,17.17,17.503,17.17,17.18,7813
867,17.21,17.3391,17.17,17.17,14525
868,17.3,17.36,17.22,17.24,40844
869,17.38,17.47,17.22,17.26,32648
870,17.33,17.34,17.26,17.34,2767
871,17.43,17.455,17.38,17.38,2100
872,17.4,17.54,17.3901,17.48,8862
873,17.39,17.444,17.371,17.42,3300
874,17.4,17.51,17.39,17.39,4950
875,17.41,17.44,17.39,17.44,7400
876,17.33,17.46,17.33,17.4,9757
877,17.28,17.3,17.28,17.3,1100
878,17.2764,17.38,17.24,17.26,8527
879,17.34,17.34,17.2,17.24,9699
880,17.21,17.34,17.21,17.34,1461
881,17.2,17.22,17.19,17.2,2000
882,17.2,17.2,17.11,17.17,2900
883,17.32,17.33,17.25,17.25,3506
884,17.3,17.33,17.24,17.3,6447
885,17.26,17.33,17.21,17.32,13666
886,17.38,17.4,17.25,17.2617,7574
887,17.38,17.45,17.37,17.39,11770
888,17.38,17.38,17.31,17.38,2900
889,17.34,17.38,17.34,17.38,1500
890,17.34,17.39,17.32,17.39,2100
891,17.4,17.4,17.32,17.36,8288
892,17.31,17.38,17.29,17.38,3230
893,17.24,17.31,17.24,17.31,2800
894,17.16,17.25,17.15,17.24,6200
895,17.13,17.1771,17.1,17.1771,3960
896,17.15,17.15,17.12,17.12,2285
897,17,17.12,16.98,17.12,4288
898,17.05,17.09,17,17,9006
899,16.98,17.05,16.98,17.04,12985
900,17.01,17.06,16.965,16.989,7910
901,16.98,17.05,16.94,17.04,6371
902,16.96,16.97,16.91,16.95,11133
903,17,17.01,16.95,16.965,39738
a1494941400,17,17,17,17,2647
1,16.9853,17.24,16.9,17.24,4242
2,16.81,17.12,16.81,16.93,17404
3,16.7115,16.934,16.67,16.85,22737
4,16.645,16.71,16.48,16.71,24061
5,16.4346,16.67,16.4194,16.66,22866
6,16.43,16.59,16.36,16.43,27599
7,16.39,16.43,16.33,16.42,3550
8,16.26,16.39,16.245,16.39,6919
9,16.32,16.335,16.27,16.27,6285
10,16.52,16.52,16.31,16.33,10432
11,16.53,16.62,16.42,16.58,6875
12,16.39,16.53,16.39,16.53,1875
13,16.5,16.53,16.345,16.38,7022
14,16.535,16.54,16.49,16.52,6598
15,16.58,16.59,16.53,16.53,3127
16,16.51,16.565,16.45,16.565,5382
17,16.49,16.54,16.49,16.52,2707
18,16.48,16.52,16.48,16.5022,2500
19,16.4,16.48,16.4,16.48,3919
20,16.37,16.41,16.27,16.41,14997
21,16.38,16.42,16.37,16.39,6119
22,16.3815,16.395,16.36,16.37,5000
23,16.5,16.52,16.39,16.39,10500
24,16.445,16.52,16.43,16.502,3757
25,16.44,16.47,16.42,16.43,2900
26,16.45,16.45,16.39,16.435,4400
27,16.39,16.49,16.39,16.47,3800
28,16.41,16.47,16.39,16.43,4525
29,16.36,16.44,16.36,16.42,2821
30,16.32,16.4,16.32,16.4,6583
31,16.39,16.43,16.355,16.355,7277
32,16.38,16.42,16.33,16.4,16610
33,16.39,16.41,16.34,16.4,12916
34,16.37,16.41,16.33,16.4,7135
35,16.38,16.44,16.34,16.37,16919
36,16.28,16.4,16.28,16.38,12390
37,16.295,16.35,16.27,16.28,11717
38,16.32,16.33,16.265,16.29,16900
39,16.35,16.36,16.29,16.33,50239
144,15.7,15.92,15.7,15.92,9431
145,15.9197,16.1191,15.71,15.92,13275
146,15.77,16.04,15.72,15.9802,13218
147,15.68,15.8,15.68,15.78,16325
148,15.93,15.93,15.65,15.68,6425
149,15.845,15.97,15.82,15.95,4500
150,15.84,15.91,15.84,15.8538,5416
151,15.7,15.89,15.7,15.84,4850
152,15.828,15.87,15.69,15.714,21304
153,15.76,15.815,15.7,15.815,12976
154,15.7564,15.7564,15.71,15.74,7300
155,15.83,15.87,15.76,15.76,6150
156,16.1,16.1,15.83,15.83,18280
157,16.1074,16.18,16.07,16.1392,9800
158,16.25,16.4,16.09,16.1399,10270
159,16.41,16.5,16.15,16.26,29131
160,16.34,16.44,16.23,16.44,12200
161,16.25,16.31,16.25,16.31,2300
162,16.28,16.34,16.22,16.235,8400
163,16.18,16.2175,16.18,16.2175,3156
164,16.2162,16.31,16.17,16.17,9386
165,16.13,16.219,16.13,16.2,3503
166,16.155,16.22,16.135,16.14,7990
167,16.14,16.15,16.09,16.14,7234
168,16.08,16.15,16.08,16.12,900
169,16,16.1,15.99,16.1,4091
170,16,16,15.96,15.99,5454
171,16,16.01,15.945,16.01,4230
172,15.97,16.03,15.96,16.005,5803
173,15.9,15.95,15.86,15.95,2612
174,15.94,15.95,15.86,15.91,7004
175,16.02,16.16,15.93,15.93,16075
176,15.86,16.04,15.86,16,6675
177,15.98,16.01,15.86,15.86,6100
178,15.99,16.03,15.95,15.95,8559
179,15.99,16.05,15.94,16,13099
180,15.99,16.09,15.97,16,10353
181,16.18,16.21,15.97,16.03,26132
182,16.14,16.23,16.11,16.18,13577
183,16.1,16.16,15.96,16.13,102674
288,15.06,15.17,15.06,15.17,12289
289,14.6925,15.32,14.5575,15.3,129053
290,14.28,14.95,14.28,14.81,92468
291,14.38,14.39,14.0001,14.3299,70878
292,14.01,14.302,14,14.302,63043
293,14.208,14.25,13.9,14.035,57793
294,14.42,14.4999,14.22,14.22,87599
295,14.34,14.45,14.25,14.4,48371
296,14.2,14.35,14.17,14.3202,32975
297,14.52,14.52,14.18,14.185,29318
298,14.4216,14.66,14.42,14.507,148279
299,14.62,14.62,14.37,14.42,15819
300,14.61,14.78,14.59,14.595,33722
301,14.53,14.66,14.46,14.66,16821
302,14.44,14.54,14.37,14.54,11805
303,14.38,14.44,14.34,14.44,26996
304,14.32,14.37,14.26,14.37,15200
305,14.41,14.47,14.3,14.3,13432
306,14.45,14.48,14.35,14.4,107958
307,14.54,14.63,14.45,14.45,34715
308,14.65,14.65,14.45,14.53,17540
309,14.7525,14.79,14.655,14.655,16731
310,14.79,14.85,14.715,14.7525,41709
311,14.83,14.87,14.73,14.76,37607
312,14.82,14.87,14.75,14.84,15585
313,14.73,14.95,14.72,14.82,37621
314,14.8999,14.92,14.73,14.73,19763
315,14.9,14.93,14.69,14.885,55728
316,14.88,14.9,14.83,14.89,6410
317,14.9,14.94,14.85,14.855,30612
318,14.97,14.97,14.8301,14.9,17614
319,14.91,15,14.85,14.97,24889
320,14.8,14.92,14.75,14.91,10581
321,14.61,14.81,14.57,14.81,21408
322,14.7,14.7,14.54,14.62,18003
323,14.64,14.7,14.44,14.7,25438
324,14.6,14.74,14.565,14.59,29454
325,14.61,14.65,14.59,14.61,41399
326,14.65,14.67,14.59,14.61,62530
327,14.64,14.68,14.59,14.65,172161
432,14.62,14.62,14.62,14.62,7550
433,14.54,15.03,14.43,15.02,7792
434,14.91,14.92,14.58,14.59,9223
435,14.86,15,14.83,14.8976,22326
436,14.76,14.89,14.5751,14.84,14647
437,14.715,14.8,14.715,14.75,8295
438,14.775,14.775,14.64,14.7,3312
439,14.5646,14.75,14.5646,14.75,8090
440,14.593,14.66,14.56,14.566,5750
441,14.585,14.64,14.575,14.62,8526
442,14.57,14.62,14.56,14.59,6367
443,14.575,14.63,14.57,14.571,12034
444,14.665,14.69,14.5675,14.575,11216
445,14.73,14.76,14.65,14.66,3500
446,14.65,14.8,14.64,14.73,9335
447,14.8,14.8,14.655,14.655,9000
448,14.68,14.78,14.68,14.775,4100
449,14.69,14.76,14.6853,14.6853,8168
450,14.81,14.82,14.7,14.7,6576
451,14.54,14.81,14.54,14.81,27593
452,14.61,14.61,14.5,14.55,17420
453,14.7148,14.73,14.59,14.627,6166
454,14.71,14.72,14.66,14.72,3751
455,14.7,14.74,14.67,14.68,3900
456,14.72,14.73,14.67,14.7,3296
457,14.67,14.72,14.66,14.72,3439
458,14.63,14.7,14.63,14.685,2180
459,14.6,14.66,14.6,14.62,3304
460,14.55,14.61,14.54,14.61,5378
461,14.5819,14.6,14.55,14.56,3290
462,14.57,14.6,14.57,14.6,2800
463,14.59,14.62,14.58,14.59,9586
464,14.5901,14.63,14.57,14.59,4297
465,14.62,14.62,14.55,14.6,7200
466,14.51,14.59,14.5,14.59,4900
467,14.5,14.54,14.5,14.509,7000
468,14.51,14.54,14.5,14.51,9746
469,14.51,14.52,14.455,14.5,16753
470,14.7,14.71,14.52,14.52,29994
471,14.78,14.84,14.69,14.7,82384
864,14.77,14.77,14.77,14.77,3686
865,14.94,14.9499,14.745,14.94,14300
866,14.8199,14.94,14.74,14.805,3371
867,14.92,14.92,14.68,14.71,6533
868,15.21,15.38,14.925,14.93,35930
869,15.37,15.55,15.21,15.21,42140
870,15.44,15.615,15.361,15.522,35328
871,15.38,15.53,15.35,15.39,20338
872,15.369,15.51,15.3,15.36,15510
873,15.33,15.38,15.2,15.35,11150
874,15.5,15.59,15.28,15.2998,13026
875,15.32,15.48,15.27,15.465,8367
876,15.2,15.39,15.18,15.28,6800
877,15.08,15.26,15.08,15.2,13863
878,15.06,15.164,15,15.0999,4700
879,15.06,15.272,15,15.06,12349
880,15.12,15.208,15.01,15.083,5500
881,15.31,15.3415,15.1,15.13,4485
882,15.29,15.34,15.26,15.3,4300
883,15.23,15.29,15.17,15.23,4853
884,15.244,15.29,15.22,15.23,6189
885,15.17,15.246,15.08,15.246,3800
886,15.225,15.244,15.18,15.18,7293
887,15.23,15.26,15.19,15.25,5246
888,15.17,15.2,15.17,15.18,3061
889,15.11,15.2,15.08,15.17,5868
890,15.17,15.32,15.1,15.11,18510
891,15.12,15.21,15.12,15.15,11600
892,15.14,15.23,15.14,15.17,10448
893,15.14,15.19,15.015,15.15,21570
894,15.07,15.19,15,15.14,19990
895,15.04,15.18,14.96,15.092,20716
896,15.08,15.15,14.97,15.04,21641
897,15.03,15.12,15.01,15.1,11664
898,15.05,15.08,14.98,15.03,18527
899,15.03,15.09,14.94,15.0525,14322
900,15,15.09,14.97,15.04,17253
901,15.08,15.08,14.91,14.99,27890
902,15.09,15.15,15.025,15.1,28796
903,15.11,15.16,15.08,15.12,52077
a1495546200,15.16,15.16,15.16,15.16,3630
1,14.965,15.41,14.83,15.105,11380
2,14.945,15.05,14.93,14.94,15900
3,14.99,15.13,14.93,14.95,15797
4,14.955,15.14,14.9,14.99,18782
5,14.67,14.95,14.67,14.95,26351
6,14.7,14.76,14.5977,14.5977,13393
7,14.69,14.71,14.64,14.7,5150
8,14.68,14.87,14.6101,14.68,5476
9,14.8899,14.89,14.75,14.75,2300
10,14.8801,14.92,14.85,14.87,3897
11,14.91,14.95,14.9,14.905,2090
12,14.92,14.95,14.91,14.93,2010
13,14.93,15,14.91,14.91,6452
14,15.12,15.16,14.94,14.965,11557
15,15.17,15.18,15.06,15.18,4100
16,15.09,15.16,14.97,15.14,10799
17,15.1,15.11,15.09,15.09,3266
18,15.03,15.15,15.03,15.1,6298
19,15,15.03,14.95,15.03,2800
20,15.04,15.04,14.95,14.98,2700
21,15.02,15.06,15.01,15.06,5100
22,15.11,15.11,15,15.03,5265
23,15.1,15.15,15.09,15.09,2910
24,15.14,15.16,15.09,15.1,3100
25,15.22,15.24,15.15,15.15,4300
26,15.23,15.24,15.18,15.24,2967
27,15.32,15.35,15.23,15.235,12327
28,15.36,15.4,15.305,15.305,12180
29,15.28,15.4,15.27,15.4,9646
30,15.32,15.33,15.3,15.3,4856
31,15.44,15.44,15.34,15.34,4703
32,15.48,15.52,15.39,15.41,12994
33,15.5,15.54,15.44,15.4901,15351
34,15.48,15.54,15.365,15.5,19310
35,15.39,15.46,15.33,15.46,9700
36,15.42,15.46,15.33,15.41,8696
37,15.475,15.52,15.41,15.41,11267
38,15.49,15.53,15.47,15.475,15635
39,15.5,15.52,15.47,15.5,42617
144,15.5,15.5,15.5,15.5,1543
145,15.25,15.45,15.04,15.37,16977
146,15.1,15.25,15.07,15.25,31408
147,15.06,15.21,14.93,15.08,32745
148,15.03,15.14,14.97,15.08,19796
149,15.105,15.13,14.95,15.05,14650
150,15.055,15.28,15,15.1,31749
151,15.26,15.31,15.12,15.12,4200
152,15.35,15.35,15.24,15.24,2131
153,15.45,15.46,15.36,15.41,8105
154,15.31,15.45,15.27,15.45,22000
155,15.375,15.435,15.26,15.32,7672
156,15.49,15.6,15.375,15.375,4611
157,15.315,15.57,15.315,15.47,8000
158,15.39,15.47,15.34,15.355,4400
159,15.3,15.38,15.29,15.36,7225
160,15.38,15.39,15.31,15.35,4300
161,15.47,15.48,15.39,15.39,7700
162,15.45,15.45,15.39,15.42,2205
163,15.46,15.57,15.4201,15.4201,5400
164,15.5,15.51,15.485,15.485,2307
165,15.5101,15.56,15.47,15.495,7900
166,15.5,15.54,15.45,15.51,4170
167,15.49,15.56,15.48,15.5,3902
168,15.26,15.4872,15.235,15.45,19541
169,15.2999,15.395,15.25,15.26,16609
170,15.34,15.48,15.25,15.25,7898
171,15.34,15.46,15.31,15.33,6411
172,15.36,15.43,15.26,15.43,4900
173,15.42,15.43,15.365,15.365,2200
174,15.4,15.45,15.33,15.42,9129
175,15.39,15.44,15.35,15.39,7448
176,15.33,15.43,15.33,15.39,4174
177,15.4,15.47,15.31,15.38,15700
178,15.39,15.45,15.36,15.4,7700
179,15.3353,15.43,15.31,15.43,6817
180,15.38,15.4,15.34,15.34,5630
181,15.38,15.41,15.32,15.37,18984
182,15.425,15.44,15.36,15.4,19772
183,15.37,15.45,15.35,15.43,86120
288,15.54,15.54,15.54,15.54,3905
289,15.42,15.48,15.345,15.345,700
290,15.07,15.43,15.06,15.43,20820
291,15.05,15.185,15.01,15.145,12467
292,15.18,15.21,15.05,15.05,8150
293,15.24,15.26,15.15,15.175,3639
294,15.16,15.2,15.12,15.19,1915
295,15.25,15.34,15.13,15.13,17160
296,15.26,15.29,15.23,15.26,6700
297,15.37,15.4,15.27,15.27,5965
298,15.29,15.4,15.24,15.4,14813
299,15.3,15.32,15.24,15.3091,20732
300,15.2501,15.37,15.25,15.295,7568
301,15.28,15.32,15.255,15.26,3800
302,15.34,15.36,15.26,15.285,8146
303,15.34,15.38,15.275,15.345,7407
304,15.415,15.415,15.32,15.35,3288
305,15.37,15.4,15.33,15.4,4060
306,15.39,15.4,15.345,15.38,4200
307,15.37,15.4,15.35,15.375,3900
308,15.35,15.43,15.33,15.37,9700
309,15.36,15.37,15.34,15.35,1900
310,15.3,15.355,15.3,15.34,2409
311,15.32,15.35,15.27,15.29,6614
312,15.34,15.35,15.307,15.307,2523
313,15.3,15.36,15.3,15.335,5700
314,15.38,15.38,15.31,15.325,2705
315,15.38,15.39,15.36,15.39,1100
316,15.34,15.39,15.33,15.39,5395
317,15.34,15.38,15.34,15.37,4800
318,15.33,15.36,15.32,15.34,3100
319,15.34,15.35,15.32,15.32,13400
320,15.31,15.38,15.285,15.335,20938
321,15.3,15.34,15.29,15.305,6500
322,15.29,15.3,15.24,15.3,5800
323,15.28,15.3,15.25,15.29,17560
324,15.27,15.34,15.26,15.3,18273
325,15.3,15.305,15.26,15.275,12846
326,15.295,15.33,15.26,15.29,43415
327,15.24,15.3,15.22,15.295,60589
432,15.16,15.2,15.16,15.2,2386
433,15.05,15.2448,14.811,15.06,16059
434,15.01,15.15,14.97,15.05,7912
435,14.851,15.07,14.85,15.07,18645
436,14.61,14.87,14.58,14.85,35178
437,14.675,14.79,14.59,14.62,14559
438,14.725,14.78,14.65,14.675,12029
439,14.695,14.72,14.605,14.68,18204
440,14.6,14.675,14.5,14.66,14823
441,14.54,14.6,14.53,14.6,10243
442,14.55,14.575,14.51,14.535,22326
443,14.59,14.62,14.56,14.56,7200
444,14.49,14.575,14.45,14.575,14747
445,14.33,14.4899,14.2,14.48,22052
446,14.285,14.4,14.285,14.34,5662
447,14.23,14.32,14.23,14.27,10965
448,14.17,14.29,14.16,14.2397,8266
449,14.295,14.33,14.175,14.175,7819
450,14.44,14.455,14.32,14.32,6363
451,14.43,14.49,14.4104,14.43,5800
452,14.44,14.45,14.36,14.42,8968
453,14.4,14.44,14.35,14.44,5297
454,14.41,14.41,14.34,14.41,3925
455,14.405,14.41,14.35,14.405,7400
456,14.54,14.54,14.4,14.401,40167
457,14.4648,14.57,14.44,14.555,19332
458,14.38,14.45,14.38,14.44,8955
459,14.31,14.39,14.31,14.39,20032
460,14.25,14.3,14.2362,14.3,9327
461,14.16,14.275,14.16,14.275,20425
462,14.06,14.19,13.88,14.165,50252
463,14.02,14.09,14.01,14.08,14417
464,14.11,14.12,14.03,14.03,18628
465,14.25,14.25,14.11,14.12,17248
466,14.33,14.46,14.2161,14.25,22600
467,14.24,14.31,14.2101,14.31,7100
468,14.23,14.24,14.19,14.22,8075
469,14.21,14.32,14.15,14.23,24680
470,14.29,14.31,14.1958,14.23,22323
471,14.34,14.35,14.28,14.3,94410
a1496151000,14.32,14.32,14.32,14.32,4917
1,14.05,14.31,14.0361,14.28,2050
2,13.96,14.185,13.96,14.1,11894
3,13.775,13.96,13.74,13.9301,16367
4,13.635,13.85,13.56,13.78,33468
5,13.6399,13.685,13.56,13.66,13257
6,13.71,13.74,13.55,13.6104,16760
7,13.78,13.835,13.6301,13.7,10441
8,13.85,13.9787,13.8,13.8,7668
9,13.72,13.83,13.72,13.83,6217
10,13.7,13.73,13.68,13.72,7861
11,13.65,13.69,13.6,13.68,7600
12,13.5699,13.69,13.55,13.68,3100
13,13.605,13.68,13.54,13.555,16745
14,13.62,13.63,13.55,13.62,14832
15,13.595,13.63,13.57,13.62,5700
16,13.74,13.74,13.56,13.605,21163
17,13.7,13.75,13.67,13.75,2300
18,13.8,13.8,13.693,13.693,6250
19,13.73,13.8,13.73,13.79,8199
20,13.55,13.71,13.55,13.69,7091
21,13.54,13.57,13.52,13.56,13271
22,13.55,13.6,13.49,13.53,12668
23,13.45,13.53,13.44,13.53,4900
24,13.449,13.4745,13.42,13.44,5337
25,13.34,13.43,13.34,13.42,14980
26,13.26,13.36,13.26,13.335,9524
27,13.24,13.29,13.24,13.27,14039
28,13.18,13.235,13.16,13.235,10217
29,13.096,13.19,13.04,13.19,14402
30,13.04,13.1,13.02,13.08,9603
31,13.07,13.155,13.06,13.06,11360
32,13.03,13.08,13.02,13.075,11989
33,13.09,13.1,13.02,13.0383,15209
34,13.09,13.1299,13.08,13.1,14104
35,13.1,13.12,13.0814,13.1,11441
36,13.05,13.1099,13.04,13.1099,21072
37,13.0608,13.08,13.02,13.0594,28519
38,13.08,13.1,13.03,13.08,31980
39,13.02,13.1,13.01,13.08,95053
144,13.16,13.16,13.16,13.16,4588
145,12.88,13.51,12.863,13.18,14112
146,12.88,13,12.795,12.851,18782
147,12.7529,12.96,12.72,12.89,14065
148,12.7091,12.7309,12.57,12.62,10365
149,12.4494,12.74,12.416,12.705,30791
150,12.415,12.52,12.327,12.47,22200
151,12.47,12.5712,12.38,12.43,15528
152,12.5276,12.6,12.46,12.47,10780
153,12.6,12.67,12.51,12.53,19792
154,12.759,12.759,12.59,12.6,17746
155,12.83,13.06,12.73,12.73,14930
156,12.8,12.85,12.73,12.84,5561
157,12.53,12.8,12.45,12.77,33609
158,12.455,12.52,12.35,12.51,36913
159,12.51,12.545,12.43,12.45,11843
160,12.47,12.5,12.42,12.5,5411
161,12.47,12.5,12.46,12.48,5723
162,12.31,12.48,12.3,12.47,28138
163,12.39,12.41,12.32,12.32,13500
164,12.41,12.44,12.4,12.4,5000
165,12.39,12.418,12.38,12.4,8490
166,12.38,12.41,12.35,12.39,8741
167,12.46,12.5,12.372,12.38,11393
168,12.47,12.49,12.46,12.46,7696
169,12.46,12.5,12.46,12.47,5100
170,12.48,12.5,12.455,12.455,8700
171,12.45,12.47,12.43,12.465,4700
172,12.54,12.59,12.45,12.46,10217
173,12.6,12.6,12.5101,12.54,9217
174,12.67,12.73,12.62,12.63,12711
175,12.67,12.75,12.66,12.68,9003
176,12.62,12.68,12.62,12.67,9310
177,12.61,12.66,12.59,12.6,8018
178,12.71,12.72,12.6,12.6,16052
179,12.695,12.74,12.69,12.7,8499
180,12.67,12.71,12.67,12.71,11351
181,12.73,12.74,12.66,12.68,27989
182,12.76,12.78,12.73,12.73,27996
183,12.76,12.77,12.73,12.76,76022
288,12.83,12.83,12.83,12.83,2010
289,12.49,12.79,12.47,12.741,2223
290,12.835,12.91,12.48,12.48,13871
291,12.79,12.9,12.7,12.85,5625
292,12.73,12.82,12.7,12.76,5033
293,12.52,12.7645,12.51,12.74,21273
294,12.55,12.59,12.5,12.55,6800
295,12.7,12.72,12.56,12.56,5944
296,12.77,12.83,12.625,12.687,9398
297,12.78,12.82,12.76,12.76,10458
298,12.855,12.89,12.75,12.75,9710
299,12.87,12.925,12.845,12.855,4694
300,12.87,12.92,12.85,12.9,8447
301,12.8,12.93,12.76,12.88,9100
302,12.85,12.88,12.79,12.79,5500
303,12.92,12.93,12.85,12.855,5596
304,12.8703,12.92,12.84,12.92,6434
305,12.87,12.9,12.85,12.88,9200
306,12.88,12.91,12.855,12.88,12453
307,12.87,12.89,12.86,12.865,4500
308,12.8,12.91,12.8,12.91,3007
309,12.81,12.89,12.79,12.85,22900
310,12.87,12.89,12.81,12.815,7740
311,12.8,12.87,12.8,12.84,5860
312,12.86,12.89,12.82,12.82,3200
313,12.86,12.91,12.85,12.86,8250
314,12.91,12.91,12.84,12.84,2200
315,12.89,12.94,12.87,12.88,14128
316,12.87,12.91,12.78,12.9,19588
317,12.83,12.9,12.83,12.9,9711
318,12.86,12.88,12.84,12.85,3000
319,12.86,12.88,12.845,12.86,5607
320,12.82,12.88,12.82,12.8708,3675
321,12.86,12.89,12.8346,12.85,4810
322,12.85,12.88,12.82,12.87,3227
323,12.86,12.86,12.82,12.83,7397
324,12.75,12.85,12.75,12.85,4314
325,12.78,12.8,12.75,12.75,6420
326,12.79,12.79,12.71,12.785,20754
327,12.75,12.79,12.72,12.79,76996
432,12.76,12.76,12.76,12.76,1479
433,12.75,13.0706,12.75,12.76,3903
434,12.899,12.93,12.64,12.66,19150
435,12.7,12.84,12.55,12.84,11563
436,12.54,12.68,12.44,12.68,9013
437,12.59,12.72,12.52,12.56,6708
438,12.66,12.69,12.5749,12.61,5445
439,12.66,12.7,12.61,12.65,20322
440,12.55,12.66,12.52,12.66,4336
441,12.66,12.67,12.58,12.58,7825
442,12.79,12.83,12.69,12.69,18620
443,12.78,12.9228,12.73,12.8299,31860
444,12.76,12.78,12.65,12.78,8200
445,12.8,12.82,12.73,12.77,5899
446,12.8,12.85,12.75,12.78,8306
447,12.75,12.8,12.73,12.78,3000
448,12.73,12.75,12.67,12.74,4600
449,12.62,12.72,12.58,12.72,7316
450,12.69,12.7,12.625,12.63,6040
451,12.69,12.72,12.65,12.68,3300
452,12.66,12.72,12.65,12.72,1445
453,12.5599,12.72,12.54,12.6673,38385
454,12.52,12.68,12.5,12.5526,16790
455,12.52,12.55,12.47,12.52,7608
456,12.54,12.5587,12.52,12.53,3286
457,12.6,12.61,12.55,12.55,1800
458,12.649,12.649,12.58,12.58,3804
459,12.56,12.62,12.53,12.62,9023
460,12.47,12.57,12.47,12.56,6899
461,12.47,12.5,12.45,12.5,4321
462,12.497,12.62,12.475,12.475,3728
463,12.55,12.55,12.5,12.51,3887
464,12.55,12.56,12.49,12.53,8257
465,12.64,12.65,12.52,12.54,23471
466,12.685,12.73,12.65,12.66,11779
467,12.63,12.7,12.59,12.68,5534
468,12.68,12.7,12.62,12.64,6391
469,12.69,12.7,12.67,12.69,6600
470,12.56,12.7,12.56,12.7,25258
471,12.59,12.6,12.55,12.59,52762
864,12.105,12.21,12,12.06,25310
865,12.09,12.48,11.98,12,98990
866,11.7775,12.18,11.5701,12.1,81035
867,11.45,11.77,11.35,11.75,50614
868,11.13,11.46,11.11,11.425,48794
869,11.1,11.25,11.0405,11.115,110944
870,11.07,11.2153,11.05,11.13,53796
871,10.97,11.1378,10.8901,11.07,78283
872,10.9675,11.06,10.91,11,29153
873,11.11,11.12,10.95,10.95,20535
874,11.2,11.2004,10.99,11.0974,43409
875,11.245,11.37,11.12,11.18,62685
876,11.19,11.24,11.13,11.24,12830
877,11.03,11.185,11.02,11.185,39520
878,11.01,11.065,11.005,11.03,5098
879,11.12,11.14,11.04,11.04,8276
880,11.135,11.2,11.11,11.13,7281
881,11.43,11.49,11.13,11.13,25011
882,11.2499,11.42,11.19,11.42,10880
883,11.18,11.25,11.1501,11.25,7608
884,11.205,11.235,11.18,11.18,9546
885,11.13,11.21,11.12,11.205,11799
886,11.21,11.23,11.145,11.145,4508
887,11.22,11.23,11.18,11.2124,5586
888,11.19,11.23,11.17,11.21,27246
889,11.185,11.21,11.18,11.205,7450
890,11.14,11.19,11.135,11.18,5441
891,11.12,11.16,11.12,11.135,2931
892,11.15,11.2,11.1,11.11,12231
893,11.12,11.1504,11.11,11.14,6690
894,11.12,11.12,11.1,11.11,18041
895,11.12,11.2,11.11,11.15,10130
896,11.11,11.12,11.1,11.11,14477
897,11.11,11.121,11.1,11.11,16287
898,11.11,11.12,11.1,11.1,10153
899,11.16,11.25,11.1138,11.12,71537
900,11.035,11.18,11.01,11.16,21652
901,11.07,11.13,11,11.035,67726
902,11.055,11.085,11.03,11.07,30873
903,11.03,11.07,10.96,11.065,100224
a1496755800,11.34,11.34,11.34,11.34,8866
1,10.98,11.4,10.97,11.21,16125
2,10.77,11.005,10.7,11.005,18170
3,10.81,10.81,10.66,10.77,26458
4,10.94,11.041,10.81,10.81,31488
5,10.98,11.01,10.965,10.97,12900
6,11,11.02,10.9633,10.97,16870
7,10.95,11.03,10.92,11,20807
8,10.91,10.98,10.86,10.95,8431
9,10.945,10.96,10.91,10.91,7682
10,10.99,10.9999,10.94,10.95,12015
11,11.1,11.12,11,11,27767
12,11,11.1,11,11.07,25730
13,10.96,11.04,10.96,11,13250
14,10.94,11,10.93,10.99,8963
15,10.915,10.92,10.89,10.91,3400
16,10.9,10.92,10.88,10.91,9210
17,10.89,10.9268,10.89,10.8984,20023
18,10.8779,10.9025,10.87,10.89,16997
19,10.835,10.9,10.83,10.875,10678
20,10.84,10.85,10.84,10.845,3798
21,10.9,10.9,10.84,10.84,9641
22,10.87,10.9,10.86,10.9,7750
23,10.85,10.9,10.85,10.865,7900
24,10.88,10.882,10.85,10.85,3455
25,10.9,10.9,10.8831,10.89,7790
26,10.9,10.9,10.89,10.9,3700
27,10.905,10.91,10.89,10.9,8825
28,11.04,11.04,10.9,10.905,13218
29,11.1,11.1,11.01,11.0411,8494
30,11.06,11.0954,11.01,11.095,12743
31,11.09,11.1,11.06,11.06,1525
32,11.1201,11.18,11.08,11.09,11425
33,11.07,11.14,11.07,11.121,8442
34,11.08,11.13,11.065,11.07,11799
35,11.017,11.06,11,11.06,7855
36,11.065,11.12,11,11.015,13751
37,11.06,11.065,11.02,11.06,15859
38,11.035,11.07,11.03,11.0689,13140
39,11.03,11.05,11.02,11.035,47061
144,11.03,11.03,11.03,11.03,2025
145,11.11,11.1724,11.04,11.04,2945
146,10.9,11.13,10.85,11.13,15078
147,10.735,10.9,10.67,10.9,20985
148,10.77,10.81,10.69,10.74,8956
149,10.78,10.79,10.7,10.77,9858
150,10.71,10.8,10.71,10.8,6899
151,10.6,10.8,10.6,10.72,27931
152,10.57,10.62,10.53,10.595,20312
153,10.6317,10.67,10.55,10.615,7423
154,10.755,10.8,10.63,10.63,45189
155,10.76,10.8075,10.72,10.7471,20458
156,10.79,10.79,10.75,10.77,6790
157,10.76,10.8,10.73,10.77,9148
158,10.74,10.79,10.72,10.79,4673
159,10.78,10.82,10.77,10.77,10976
160,10.78,10.78,10.75,10.78,6806
161,10.745,10.805,10.74,10.75,13080
162,10.72,10.79,10.72,10.7696,8175
163,10.65,10.71,10.63,10.71,11867
164,10.57,10.63,10.57,10.63,6150
165,10.59,10.59,10.55,10.57,5243
166,10.53,10.605,10.52,10.58,14994
167,10.52,10.56,10.51,10.555,5238
168,10.46,10.51,10.42,10.51,20898
169,10.4,10.47,10.4,10.47,8533
170,10.33,10.42,10.33,10.4,40465
171,10.33,10.3826,10.27,10.33,12858
172,10.41,10.41,10.33,10.33,3400
173,10.47,10.48,10.41,10.4149,5029
174,10.48,10.54,10.48,10.5,26133
175,10.422,10.485,10.42,10.48,4865
176,10.4,10.44,10.39,10.42,6222
177,10.4,10.43,10.38,10.3805,12400
178,10.46,10.46,10.39,10.4,10750
179,10.57,10.57,10.46,10.47,19553
180,10.605,10.62,10.56,10.6,14767
181,10.62,10.64,10.59,10.605,19719
182,10.69,10.6999,10.62,10.62,34598
183,10.62,10.68,10.62,10.68,92664
288,7.3003,7.35,7.3003,7.35,29172
289,7.75,7.85,7.3,7.35,459672
290,7.89,8.23,7.71,7.7708,460373
291,7.7625,7.91,7.72,7.88,203775
292,7.57,7.98,7.52,7.765,294434
293,7.555,7.63,7.53,7.5601,106314
294,7.4075,7.58,7.4,7.555,168891
295,7.44,7.6223,7.37,7.405,208507
296,7.365,7.46,7.36,7.4466,91291
297,7.4,7.49,7.3,7.365,169033
298,7.105,7.39,7.1,7.39,224407
299,7.185,7.25,7.1,7.11,334721
300,7.28,7.28,7.15,7.19,193860
301,7.18,7.29,7.15,7.29,90545
302,7.155,7.21,7.15,7.18,195422
303,7.14,7.16,7.11,7.155,83854
304,7.33,7.33,7.1407,7.145,145487
305,7.27,7.42,7.23,7.34,165602
306,7.1901,7.29,7.19,7.26,94902
307,7.13,7.34,7.13,7.1901,248323
308,7.11,7.14,7.11,7.13,63569
309,7.13,7.19,7.11,7.115,58633
310,7.14,7.19,7.11,7.12,112623
311,7.01,7.15,7.01,7.12,263654
312,6.9379,7.015,6.88,7.015,241541
313,6.97,7.03,6.93,6.93,104573
314,6.98,7.05,6.94,6.99,98131
315,6.875,6.97,6.87,6.97,154374
316,6.8022,6.8874,6.75,6.875,156942
317,6.83,6.92,6.77,6.804,94748
318,6.81,6.88,6.78,6.81,66199
319,6.77,6.82,6.75,6.815,135710
320,6.75,6.81,6.75,6.77,137489
321,6.625,6.76,6.58,6.76,366378
322,6.525,6.68,6.52,6.63,181563
323,6.395,6.62,6.36,6.525,361775
324,6.24,6.4,6.2301,6.3964,310856
325,6.26,6.35,6.21,6.24,256838
326,6.2,6.29,6.13,6.26,251984
327,6.24,6.29,6.18,6.21,474736
432,6.37,6.37,6.35,6.35,22852
433,6.04,6.38,6.03,6.38,247094
434,6.2,6.27,6.03,6.035,210477
435,6.07,6.2,6.05,6.2,73968
436,6.221,6.34,6.07,6.07,117754
437,6.25,6.25,6.21,6.2301,69475
438,6.49,6.49,6.23,6.25,220571
439,6.36,6.59,6.31,6.475,136951
440,6.26,6.38,6.23,6.36,96365
441,6.33,6.37,6.25,6.2525,49914
442,6.2899,6.325,6.27,6.325,30564
443,6.44,6.49,6.285,6.285,77447
444,6.44,6.47,6.3501,6.435,81576
445,6.48,6.5,6.39,6.435,136785
446,6.5901,6.6,6.465,6.48,125214
447,6.76,6.76,6.55,6.581,205107
448,6.6801,6.76,6.66,6.76,98692
449,6.66,6.79,6.65,6.67,115475
450,6.725,6.75,6.65,6.66,65918
451,6.77,6.79,6.715,6.73,55930
452,6.8165,6.84,6.75,6.76,114321
453,6.845,6.86,6.801,6.8161,49620
454,6.73,6.85,6.71,6.845,137406
455,6.685,6.73,6.67,6.73,82225
456,6.575,6.695,6.55,6.685,61950
457,6.54,6.5798,6.54,6.57,41704
458,6.515,6.54,6.505,6.525,43698
459,6.57,6.62,6.515,6.52,50940
460,6.575,6.66,6.565,6.565,42679
461,6.51,6.5751,6.51,6.57,42762
462,6.525,6.54,6.51,6.51,26365
463,6.52,6.53,6.51,6.525,24601
464,6.545,6.55,6.515,6.515,40851
465,6.525,6.61,6.52,6.54,45747
466,6.545,6.5676,6.52,6.5201,54439
467,6.575,6.59,6.54,6.545,45031
468,6.6,6.621,6.575,6.58,68342
469,6.47,6.61,6.425,6.6,192945
470,6.425,6.49,6.41,6.47,132897
471,6.46,6.46,6.42,6.43,215793
864,6.55,6.55,6.55,6.55,10724
865,6.3576,6.55,6.29,6.53,47439
866,6.152,6.3599,6.01,6.3599,117841
867,6.08,6.17,6.02,6.16,103830
868,5.9799,6.08,5.9,6.04,82304
869,6.03,6.08,5.98,5.98,67156
870,6.03,6.0699,6,6.04,59628
871,6.04,6.09,6.01,6.02,38749
872,6.0499,6.07,6,6.03,46788
873,6.15,6.16,6.03,6.03,39805
874,6.14,6.16,6.11,6.15,23410
875,6.16,6.18,6.1101,6.1392,21996
876,6.26,6.28,6.13,6.1402,114503
877,6.27,6.3,6.22,6.26,59589
878,6.18,6.27,6.17,6.26,25293
879,6.175,6.2439,6.17,6.2199,10265
880,6.15,6.24,6.15,6.18,17995
881,6.171,6.225,6.125,6.13,22287
882,6.13,6.1801,6.11,6.18,11620
883,6.17,6.2,6.11,6.13,15097
884,6.09,6.15,6.08,6.15,31171
885,6.07,6.1081,6.05,6.09,34953
886,6.11,6.11,6.05,6.08,11824
887,6.06,6.13,6.06,6.08,9510
888,6.0676,6.09,6.05,6.07,23640
889,6.07,6.08,6.05,6.08,29122
890,6.13,6.15,6.07,6.08,16518
891,6.18,6.22,6.1218,6.13,20901
892,6.24,6.28,6.16,6.17,25862
893,6.21,6.24,6.21,6.23,18427
894,6.18,6.24,6.18,6.21,7578
895,6.1732,6.2,6.16,6.195,5468
896,6.2,6.23,6.15,6.19,21041
897,6.15,6.23,6.14,6.21,26625
898,6.2,6.221,6.17,6.17,17720
899,6.19,6.21,6.17,6.2,8063
900,6.18,6.2093,6.15,6.19,15026
901,6.195,6.23,6.1501,6.16,30939
902,6.2,6.2,6.1501,6.19,37613
903,6.2,6.2,6.17,6.19,114593
a1497360600,6.18,6.18,6.18,6.18,15076
1,6.1405,6.2,6.05,6.2,23600
2,6.1114,6.15,6.07,6.115,14321
3,6.0839,6.13,6.01,6.13,39192
4,6.11,6.12,6.06,6.0822,65449
5,6.13,6.16,6.08,6.1,15049
6,6.14,6.16,6.11,6.13,16583
7,6.19,6.21,6.13,6.13,13476
8,6.17,6.21,6.16,6.2,19971
9,6.18,6.19,6.14,6.19,33171
10,6.2001,6.225,6.17,6.17,22108
11,6.3,6.3105,6.2,6.21,39215
12,6.2863,6.31,6.24,6.3,10866
13,6.27,6.3027,6.24,6.3027,11597
14,6.24,6.27,6.24,6.265,12631
15,6.24,6.245,6.2,6.245,5937
16,6.24,6.24,6.21,6.22,12515
17,6.215,6.24,6.21,6.24,5640
18,6.2,6.21,6.19,6.21,5837
19,6.18,6.21,6.15,6.21,13587
20,6.14,6.18,6.14,6.171,18891
21,6.16,6.17,6.11,6.14,21983
22,6.1592,6.18,6.15,6.15,10717
23,6.16,6.16,6.15,6.16,6340
24,6.05,6.16,6.02,6.1507,27600
25,6.095,6.12,6.0599,6.0599,36769
26,6.08,6.1088,6.06,6.09,16114
27,6.16,6.18,6.08,6.08,38659
28,6.14,6.16,6.13,6.141,6743
29,6.17,6.18,6.13,6.15,16631
30,6.16,6.18,6.16,6.16,13450
31,6.1999,6.2,6.16,6.17,10189
32,6.15,6.21,6.14,6.19,39788
33,6.125,6.17,6.11,6.15,33680
34,6.12,6.14,6.1,6.13,14127
35,6.11,6.12,6.1,6.12,5350
36,6.17,6.17,6.1,6.105,19196
37,6.16,6.21,6.16,6.16,19797
38,6.1499,6.19,6.1499,6.16,24783
39,6.14,6.15,6.1201,6.14,110149
144,6.11,6.11,6.11,6.11,6150
145,6.15,6.23,6.06,6.14,21260
146,6.05,6.1,6.025,6.08,87964
147,5.99,6.0409,5.96,6.0409,50229
148,6.03,6.05,5.97,5.99,29193
149,6.11,6.11,6.03,6.03,25014
150,6.13,6.1501,6.0919,6.0919,11383
151,6.1616,6.177,6.11,6.11,21232
152,6.07,6.15,6.03,6.15,16258
153,6.065,6.09,6.065,6.0666,7207
154,6.1,6.1,6.06,6.06,9696
155,6.17,6.17,6.09,6.09,11830
156,6.17,6.1899,6.165,6.17,9218
157,6.14,6.18,6.135,6.18,14612
158,6.17,6.18,6.13,6.14,21263
159,6.2,6.22,6.16,6.19,11400
160,6.2196,6.24,6.21,6.21,10275
161,6.21,6.23,6.21,6.23,13461
162,6.2501,6.265,6.195,6.225,20027
163,6.26,6.27,6.23,6.25,9705
164,6.28,6.31,6.25,6.26,30236
165,6.3063,6.32,6.26,6.29,15124
166,6.405,6.42,6.2901,6.305,51532
167,6.365,6.41,6.3401,6.3901,28807
168,6.4299,6.44,6.37,6.37,30306
169,6.42,6.43,6.4,6.41,11945
170,6.3193,6.4204,6.3,6.4204,20234
171,6.291,6.34,6.2795,6.32,11337
172,6.29,6.32,6.26,6.29,9500
173,6.27,6.33,6.26,6.31,11320
174,6.3,6.3,6.25,6.28,11602
175,6.28,6.32,6.28,6.3,8879
176,6.27,6.305,6.2499,6.29,13898
177,6.32,6.33,6.275,6.275,11600
178,6.28,6.34,6.26,6.32,17585
179,6.28,6.3,6.26,6.2768,12321
180,6.239,6.3,6.23,6.28,16460
181,6.1801,6.235,6.16,6.23,41467
182,6.225,6.225,6.17,6.19,34275
183,6.22,6.24,6.21,6.22,126804
288,6.22,6.22,6.22,6.22,11337
289,6.1683,6.2389,6.01,6.23,28086
290,6.13,6.2,6.08,6.18,26504
291,6.14,6.2,6.09,6.199,7050
292,6.15,6.19,6.1101,6.1101,3453
293,6.14,6.17,6.12,6.15,8270
294,6.27,6.28,6.12,6.16,19420
295,6.24,6.27,6.21,6.27,8086
296,6.2,6.26,6.18,6.23,25467
297,6.21,6.25,6.2,6.21,8494
298,6.21,6.24,6.21,6.218,4663
299,6.125,6.21,6.12,6.21,18966
300,6.18,6.19,6.1028,6.12,11966
301,6.1303,6.171,6.1,6.16,7140
302,6.1202,6.15,6.11,6.11,2875
303,6.1,6.16,6.1,6.15,11860
304,6.11,6.13,6.1,6.11,3900
305,6.145,6.145,6.1,6.11,11648
306,6.13,6.155,6.12,6.15,9496
307,6.11,6.12,6.1,6.12,12900
308,6.07,6.12,6.07,6.11,19736
309,6.08,6.08,6.04,6.08,11495
310,6.07,6.2,6.06,6.08,25636
311,6.0952,6.16,6.06,6.07,24628
312,6.1,6.15,6.04,6.0948,17190
313,6.1,6.1088,6.06,6.1088,13477
314,6.05,6.1,6.04,6.08,12200
315,6.08,6.08,6.041,6.041,1988
316,6.07,6.09,6.059,6.06,3696
317,6.095,6.11,6.07,6.07,4300
318,6.13,6.13,6.09,6.09,6690
319,6.07,6.13,6.07,6.13,28459
320,6.06,6.1,6.06,6.07,11568
321,6.04,6.065,6.03,6.065,11752
322,6,6.04,5.99,6.03,40708
323,6,6,5.95,6,19719
324,6.02,6.04,6.005,6.005,14901
325,6.055,6.055,6.0201,6.0201,11162
326,6.06,6.11,6.055,6.055,67946
327,6.07,6.09,6.05,6.05,112027
432,6.03,6.03,6.03,6.03,40687
433,6.059,6.1599,5.9828,6.03,8358
434,6.0835,6.09,6.01,6.06,5400
435,6.04,6.11,6.02,6.1,7776
436,6.08,6.1,6.02,6.03,4699
437,6.04,6.1,6.04,6.05,12620
438,6.08,6.1,6.04,6.05,12693
439,6.08,6.09,6.06,6.08,2630
440,6.0576,6.08,6.03,6.07,5635
441,6.01,6.05,5.98,6.05,12144
442,5.992,6,5.98,5.99,4462
443,5.99,6.01,5.98,5.99,5194
444,6,6.02,5.95,5.99,21188
445,5.985,6.02,5.985,6.01,11700
446,6.07,6.0771,5.97,5.98,14710
447,6.07,6.09,6.07,6.07,9319
448,6.07,6.11,6.05,6.07,16158
449,6.09,6.0999,6.06,6.06,1700
450,6.08,6.08,6.05,6.05,1200
451,6.1006,6.11,6.07,6.085,6850
452,6.1,6.111,6.094,6.105,6540
453,6.07,6.11,6.07,6.1072,3400
454,6.08,6.12,6.07,6.07,6400
455,6.09,6.09,6.07,6.07,1200
456,6.15,6.16,6.07,6.07,21077
457,6.09,6.15,6.07,6.15,4600
458,6.12,6.14,6.09,6.1,15535
459,6.12,6.13,6.11,6.12,1500
460,6.13,6.16,6.12,6.12,8153
461,6.1001,6.149,6.07,6.13,11723
462,6.12,6.14,6.1,6.12,18412
463,6.16,6.19,6.12,6.13,28895
464,6.16,6.18,6.15,6.15,7700
465,6.12,6.17,6.12,6.16,12800
466,6.17,6.18,6.13,6.13,5377
467,6.16,6.1799,6.11,6.17,9708
468,6.145,6.17,6.14,6.16,10629
469,6.13,6.15,6.11,6.145,21824
470,6.11,6.14,6.09,6.14,12150
471,6.12,6.14,6.1,6.11,125906
864,6.1,6.1,6.1,6.1,7417
865,6.2105,6.24,6.08,6.1,14381
866,6.114,6.2,6.085,6.2,4699
867,6.22,6.23,6.11,6.1198,14320
868,6.1907,6.21,6.17,6.21,6388
869,6.24,6.24,6.15,6.2,10200
870,6.35,6.35,6.2346,6.2346,30051
871,6.34,6.3535,6.3,6.33,11186
872,6.37,6.41,6.35,6.36,20134
873,6.3,6.39,6.3,6.35,7097
874,6.34,6.37,6.3048,6.32,11750
875,6.21,6.36,6.16,6.34,40516
876,6.25,6.29,6.21,6.21,5700
877,6.3098,6.31,6.25,6.2799,6600
878,6.3,6.3,6.25,6.29,14501
879,6.27,6.3,6.25,6.29,3800
880,6.28,6.29,6.27,6.27,3728
881,6.29,6.31,6.28,6.29,5417
882,6.31,6.32,6.29,6.3,5188
883,6.21,6.3,6.2,6.29,12743
884,6.24,6.24,6.2109,6.24,5110
885,6.25,6.26,6.2291,6.23,4493
886,6.2,6.259,6.2,6.259,6804
887,6.23,6.23,6.2,6.2,5618
888,6.23,6.24,6.22,6.22,3450
889,6.25,6.26,6.2201,6.2201,7529
890,6.28,6.28,6.22,6.25,16159
891,6.25,6.29,6.25,6.28,7900
892,6.28,6.29,6.25,6.25,6600
893,6.29,6.32,6.285,6.285,14551
894,6.26,6.3,6.26,6.29,12605
895,6.28,6.31,6.26,6.26,10339
896,6.28,6.31,6.27,6.28,12599
897,6.25,6.3,6.25,6.28,14147
898,6.25,6.26,6.24,6.25,20321
899,6.28,6.31,6.25,6.26,11083
900,6.29,6.29,6.25,6.28,10994
901,6.28,6.3,6.275,6.29,20802
902,6.28,6.3,6.28,6.285,30223
903,6.32,6.32,6.26,6.28,110444
a1497965400,6.3,6.3,6.3,6.3,6570
1,6.35,6.35,6.23,6.297,10850
2,6.4,6.43,6.32,6.33,17176
3,6.4092,6.429,6.3754,6.38,13073
4,6.45,6.45,6.36,6.41,13382
5,6.5,6.53,6.47,6.48,22217
6,6.52,6.54,6.49,6.5,15157
7,6.5,6.57,6.5,6.5201,18490
8,6.6001,6.63,6.5,6.5001,46467
9,6.75,6.77,6.62,6.62,60869
10,6.7303,6.9,6.73,6.75,101508
11,6.7499,6.8499,6.73,6.7301,36173
12,6.66,6.75,6.63,6.736,23427
13,6.63,6.6968,6.63,6.66,16256
14,6.72,6.76,6.63,6.63,30580
15,6.75,6.77,6.69,6.7169,28740
16,6.76,6.77,6.73,6.73,13903
17,6.8,6.81,6.76,6.77,62141
18,6.75,6.8,6.75,6.7714,15876
19,6.82,6.8301,6.75,6.77,28742
20,6.83,6.84,6.8,6.8132,26835
21,6.86,6.86,6.81,6.84,30305
22,6.86,6.86,6.82,6.85,10866
23,6.87,6.9,6.8497,6.86,27427
24,6.874,6.8931,6.85,6.8601,12259
25,6.86,6.89,6.86,6.86,7300
26,6.82,6.87,6.82,6.86,25828
27,6.86,6.86,6.82,6.8287,12335
28,6.85,6.8755,6.83,6.85,9781
29,6.97,7.02,6.85,6.855,197346
30,7,7.02,6.9001,6.9686,44984
31,7.03,7.04,6.95,7.005,44164
32,6.93,7.03,6.93,7.02,34083
33,6.94,6.98,6.92,6.93,15756
34,6.93,6.94,6.8801,6.93,19612
35,6.85,6.93,6.84,6.925,24346
36,6.84,6.86,6.824,6.85,26230
37,6.87,6.9,6.845,6.8489,58602
38,6.79,6.88,6.75,6.87,63798
39,6.75,6.8,6.75,6.79,147119
144,6.82,6.82,6.82,6.82,7157
145,7.15,7.17,6.82,6.88,82487
146,7.2899,7.4,7.14,7.15,130646
147,7.339,7.38,7.24,7.29,79123
148,7.495,7.55,7.32,7.32,155842
149,7.2406,7.55,7.23,7.5,105316
150,7.27,7.338,7.25,7.2501,51243
151,7.31,7.38,7.25,7.27,38829
152,7.17,7.3004,7.12,7.3,49068
153,7.12,7.2,7,7.2,73300
154,7.05,7.15,6.99,7.12,58806
155,6.96,7.08,6.92,7.0599,45953
156,7.065,7.11,6.98,6.985,51343
157,7.1,7.14,7.04,7.07,16220
158,7.2608,7.285,7.09,7.1,42418
159,7.2,7.4,7.2,7.2564,92734
160,7.35,7.37,7.21,7.25,33400
161,7.4603,7.4603,7.35,7.36,39420
162,7.38,7.48,7.37,7.442,18226
163,7.2998,7.39,7.25,7.39,30689
164,7.3,7.33,7.2801,7.3,8300
165,7.32,7.34,7.3,7.3,9711
166,7.23,7.33,7.21,7.32,22646
167,7.2198,7.2546,7.16,7.24,20340
168,7.17,7.21,7.1,7.2,35763
169,7.2237,7.2237,7.18,7.18,19826
170,7.27,7.2999,7.22,7.23,24771
171,7.36,7.37,7.275,7.275,21198
172,7.34,7.37,7.31,7.36,11169
173,7.3992,7.435,7.32,7.34,31584
174,7.425,7.46,7.3703,7.3703,18350
175,7.4472,7.49,7.42,7.4273,25591
176,7.36,7.4476,7.34,7.4476,29544
177,7.34,7.389,7.32,7.37,6019
178,7.3624,7.38,7.311,7.34,20560
179,7.375,7.38,7.34,7.359,7736
180,7.4,7.44,7.375,7.375,20910
181,7.39,7.42,7.36,7.4,36415
182,7.41,7.43,7.4,7.4,30104
183,7.36,7.4,7.35,7.38,130847
288,7.41,7.49,7.41,7.49,9890
289,7.34,7.6,7.31,7.4,61200
290,7.42,7.5,7.21,7.3,79009
291,7.6324,7.65,7.42,7.473,86856
292,7.61,7.73,7.59,7.63,65081
293,7.5,7.62,7.46,7.61,35721
294,7.5499,7.57,7.495,7.5,32255
295,7.56,7.5898,7.495,7.55,15692
296,7.495,7.54,7.49,7.54,22131
297,7.5,7.52,7.4601,7.495,45344
298,7.5,7.54,7.48,7.53,34191
299,7.53,7.53,7.49,7.5025,22414
300,7.53,7.63,7.5,7.54,17400
301,7.44,7.54,7.43,7.525,39571
302,7.44,7.48,7.43,7.43,7875
303,7.43,7.44,7.36,7.42,75968
304,7.46,7.47,7.4364,7.4364,13120
305,7.53,7.55,7.45,7.45,16808
306,7.57,7.575,7.5,7.5,13336
307,7.53,7.5999,7.53,7.5637,7772
308,7.56,7.57,7.53,7.53,10543
309,7.59,7.62,7.56,7.57,19036
310,7.59,7.61,7.57,7.6,7328
311,7.5,7.595,7.5,7.595,15978
312,7.5,7.5099,7.49,7.5,4331
313,7.5213,7.5299,7.46,7.495,22485
314,7.53,7.54,7.51,7.51,2780
315,7.5,7.5499,7.49,7.53,14760
316,7.52,7.53,7.49,7.5,14552
317,7.469,7.525,7.45,7.52,30603
318,7.419,7.49,7.419,7.465,38296
319,7.395,7.5,7.39,7.4076,40115
320,7.385,7.3993,7.32,7.39,27327
321,7.44,7.47,7.389,7.39,21947
322,7.43,7.45,7.41,7.44,10438
323,7.48,7.49,7.43,7.44,23305
324,7.5,7.5,7.47,7.47,29431
325,7.51,7.53,7.48,7.49,37299
326,7.41,7.51,7.41,7.5,43226
327,7.4,7.52,7.39,7.41,119205
432,7.41,7.41,7.41,7.41,6651
433,7.48,7.62,7.41,7.6,76028
434,7.5,7.53,7.4201,7.49,70700
435,7.5,7.54,7.46,7.475,65222
436,7.53,7.55,7.4799,7.5092,43000
437,7.51,7.5699,7.46,7.5219,58121
438,7.5,7.65,7.49,7.52,45704
439,7.505,7.54,7.4875,7.5,12819
440,7.51,7.5401,7.5,7.5,8414
441,7.48,7.51,7.48,7.51,93570
442,7.3765,7.48,7.36,7.465,37419
443,7.35,7.385,7.285,7.37,61034
444,7.295,7.36,7.27,7.35,34721
445,7.3,7.36,7.27,7.3033,28577
446,7.24,7.2999,7.21,7.29,39818
447,7.29,7.3576,7.25,7.25,19872
448,7.275,7.3,7.24,7.3,12325
449,7.38,7.4,7.27,7.27,11639
450,7.3,7.39,7.3,7.38,2800
451,7.34,7.3757,7.3,7.3,5000
452,7.375,7.38,7.35,7.35,27178
453,7.38,7.47,7.34,7.37,56618
454,7.36,7.39,7.34,7.39,13353
455,7.405,7.41,7.36,7.36,11231
456,7.44,7.452,7.41,7.41,7200
457,7.44,7.48,7.44,7.44,11500
458,7.35,7.45,7.31,7.44,5000
459,7.37,7.41,7.36,7.365,6695
460,7.39,7.41,7.36,7.36,11400
461,7.37,7.4,7.36,7.38,6158
462,7.375,7.4,7.37,7.375,4916
463,7.36,7.41,7.36,7.36,7875
464,7.4,7.4,7.33,7.37,8675
465,7.4,7.4,7.36,7.39,7475
466,7.37,7.41,7.36,7.37,7700
467,7.4,7.42,7.37,7.375,13853
468,7.38,7.41,7.321,7.41,28126
469,7.38,7.41,7.37,7.38,36593
470,7.42,7.43,7.3801,7.39,49646
471,7.36,7.46,7.35,7.43,243731
864,7.41,7.41,7.41,7.41,2430
865,7.251,7.5099,7.25,7.35,40989
866,7.3927,7.3927,7.2609,7.2609,9728
867,7.37,7.39,7.27,7.33,6329
868,7.5651,7.57,7.39,7.4386,61641
869,7.48,7.57,7.48,7.55,18484
870,7.52,7.5332,7.45,7.48,15270
871,7.4001,7.53,7.4,7.52,15350
872,7.42,7.44,7.4,7.42,15318
873,7.4431,7.46,7.41,7.43,5025
874,7.3602,7.44,7.33,7.44,6161
875,7.37,7.39,7.35,7.36,5849
876,7.42,7.439,7.36,7.37,4058
877,7.39,7.4446,7.36,7.41,5846
878,7.44,7.45,7.39,7.4,4325
879,7.4,7.44,7.39,7.44,6496
880,7.4,7.43,7.4,7.42,6100
881,7.42,7.4421,7.38,7.41,3800
882,7.47,7.4722,7.41,7.42,8643
883,7.47,7.495,7.46,7.47,3850
884,7.46,7.51,7.46,7.47,33633
885,7.46,7.49,7.46,7.47,2136
886,7.43,7.46,7.35,7.46,11138
887,7.4,7.44,7.3703,7.44,5800
888,7.43,7.46,7.39,7.39,6100
889,7.44,7.44,7.41,7.44,3100
890,7.41,7.44,7.41,7.42,5300
891,7.33,7.4,7.33,7.3932,40390
892,7.3099,7.34,7.27,7.34,8826
893,7.34,7.34,7.28,7.29,13568
894,7.34,7.34,7.31,7.34,7200
895,7.37,7.37,7.34,7.34,5100
896,7.34,7.36,7.332,7.36,17547
897,7.3201,7.35,7.3,7.33,16584
898,7.35,7.35,7.32,7.34,3634
899,7.35,7.36,7.3201,7.341,13442
900,7.33,7.35,7.32,7.35,6425
901,7.32,7.3399,7.3,7.3226,21551
902,7.33,7.33,7.3,7.31,18677
903,7.31,7.34,7.29,7.335,69733
a1498570200,7.31,7.31,7.31,7.31,4933
1,7.37,7.415,7.21,7.31,11420
2,7.34,7.39,7.33,7.369,7934
3,7.27,7.3221,7.24,7.3221,11950
4,7.313,7.313,7.26,7.275,5659
5,7.28,7.34,7.26,7.34,12160
6,7.22,7.27,7.2,7.27,20288
7,7.21,7.3,7.21,7.2355,20107
8,7.25,7.25,7.2,7.21,19586
9,7.29,7.29,7.23,7.25,6380
10,7.32,7.36,7.28,7.28,12556
11,7.35,7.365,7.31,7.3299,9238
12,7.37,7.3811,7.33,7.35,6742
13,7.415,7.42,7.38,7.38,7301
14,7.37,7.42,7.35,7.41,8150
15,7.39,7.39,7.325,7.35,9500
16,7.35,7.4,7.35,7.38,7080
17,7.31,7.35,7.31,7.33,5633
18,7.31,7.33,7.3,7.315,4900
19,7.26,7.32,7.2475,7.31,17610
20,7.27,7.28,7.24,7.25,13795
21,7.255,7.27,7.23,7.27,8219
22,7.23,7.26,7.22,7.25,10406
23,7.155,7.23,7.1122,7.23,37958
24,7.24,7.25,7.15,7.15,9041
25,7.159,7.235,7.14,7.23,10059
26,7.11,7.16,7.11,7.16,8095
27,7.08,7.11,7.05,7.11,15470
28,7.07,7.11,7.07,7.1,6742
29,7.055,7.08,7,7.0799,18737
30,7.09,7.12,7.05,7.07,16970
31,7.085,7.11,7.08,7.1,15355
32,7.13,7.17,7.08,7.08,29073
33,7.16,7.25,7.12,7.12,19630
34,7.15,7.175,7.14,7.15,12732
35,7.1,7.16,7.1,7.14,14403
36,7.135,7.15,7.09,7.11,10652
37,7.105,7.15,7.1,7.15,45938
38,7.09,7.13,7.09,7.105,55808
39,7.1,7.13,7.05,7.09,132024
144,7.09,7.1,7.09,7.1,7866
145,7.18,7.239,7.1,7.1,3024
146,7.1892,7.25,7.18,7.1918,12422
147,7.08,7.21,7.02,7.179,39717
148,7.13,7.13,7.03,7.03,2638
149,7.18,7.2,7.09,7.12,8039
150,7.19,7.23,7.18,7.19,11738
151,7.2,7.2557,7.2,7.21,5381
152,7.261,7.36,7.22,7.22,34329
153,7.3,7.305,7.195,7.275,19550
154,7.4,7.4,7.28,7.31,19401
155,7.296,7.41,7.296,7.41,21170
156,7.2508,7.31,7.23,7.3001,40449
157,7.3,7.3,7.2,7.27,9358
158,7.26,7.31,7.24,7.31,4778
159,7.32,7.35,7.27,7.27,8664
160,7.32,7.321,7.29,7.31,4778
161,7.425,7.43,7.31,7.325,30920
162,7.38,7.47,7.36,7.43,44255
163,7.45,7.45,7.3801,7.3801,6890
164,7.48,7.5,7.44,7.44,27568
165,7.44,7.4801,7.371,7.48,9346
166,7.4,7.4307,7.3701,7.42,11940
167,7.379,7.41,7.379,7.4,9000
168,7.4,7.428,7.36,7.37,6162
169,7.4,7.41,7.39,7.4,6100
170,7.41,7.43,7.39,7.39,4305
171,7.435,7.45,7.4,7.4,8800
172,7.44,7.45,7.422,7.44,3566
173,7.42,7.46,7.4,7.435,23271
174,7.39,7.445,7.3791,7.43,5000
175,7.36,7.41,7.36,7.38,7331
176,7.4,7.405,7.36,7.37,5526
177,7.39,7.41,7.39,7.39,4609
178,7.41,7.43,7.39,7.39,8339
179,7.3748,7.42,7.37,7.42,6452
180,7.35,7.39,7.35,7.38,8082
181,7.33,7.36,7.29,7.35,27369
182,7.3,7.3301,7.27,7.3301,24648
183,7.29,7.3117,7.28,7.31,92884
288,7.28,7.28,7.28,7.28,8474
289,7.3108,7.395,7.23,7.23,5199
290,7.41,7.45,7.3,7.3376,30527
291,7.45,7.47,7.41,7.42,29666
292,7.44,7.47,7.41,7.42,3679
293,7.39,7.435,7.36,7.42,18500
294,7.35,7.39,7.29,7.39,20978
295,7.28,7.35,7.28,7.3332,16856
296,7.33,7.359,7.3,7.3,23900
297,7.35,7.36,7.28,7.33,4250
298,7.2599,7.341,7.25,7.33,10050
299,7.25,7.3069,7.22,7.2401,14471
300,7.2141,7.26,7.205,7.25,15158
301,7.1903,7.23,7.11,7.2141,74769
302,7.19,7.2,7.15,7.19,4032
303,7.14,7.21,7.14,7.2,3800
304,7.15,7.15,7.11,7.14,8229
305,7.19,7.1904,7.16,7.17,4500
306,7.18,7.19,7.16,7.18,3022
307,7.1798,7.19,7.15,7.19,4600
308,7.2,7.21,7.16,7.161,14250
309,7.2,7.205,7.17,7.19,10296
310,7.26,7.32,7.195,7.2,19653
311,7.285,7.32,7.26,7.261,20233
312,7.1825,7.28,7.1604,7.26,22914
313,7.17,7.22,7.17,7.2086,5756
314,7.2,7.22,7.17,7.19,3490
315,7.24,7.24,7.17,7.2018,5545
316,7.27,7.27,7.19,7.23,12076
317,7.27,7.2799,7.24,7.26,9700
318,7.3199,7.32,7.27,7.27,15335
319,7.28,7.31,7.25,7.31,7419
320,7.27,7.32,7.27,7.28,17915
321,7.29,7.29,7.27,7.28,3200
322,7.275,7.32,7.275,7.29,12186
323,7.29,7.31,7.27,7.27,4900
324,7.33,7.34,7.3,7.31,14988
325,7.4,7.4,7.31,7.32,25209
326,7.35,7.39,7.34,7.39,22256
327,7.35,7.37,7.34,7.345,78660
432,7.36,7.36,7.36,7.36,6316
433,7.2902,7.35,7.2444,7.35,13186
434,7.34,7.36,7.26,7.3,12000
435,7.32,7.32,7.26,7.3178,10452
436,7.3,7.31,7.27,7.295,3975
437,7.28,7.31,7.265,7.31,6100
438,7.34,7.37,7.28,7.28,3143
439,7.3,7.36,7.3,7.33,12537
440,7.29,7.34,7.27,7.31,12509
441,7.29,7.33,7.28,7.2801,4845
442,7.25,7.3,7.22,7.3,21066
443,7.25,7.29,7.25,7.255,13822
444,7.25,7.27,7.25,7.26,8576
445,7.24,7.255,7.21,7.25,14700
446,7.27,7.32,7.24,7.24,8746
447,7.25,7.26,7.24,7.26,1300
448,7.25,7.26,7.2,7.24,13500
449,7.24,7.27,7.22,7.2549,14099
450,7.22,7.26,7.215,7.2599,3700
451,7.201,7.24,7.201,7.22,10600
452,7.24,7.25,7.2,7.22,7303
453,7.275,7.275,7.24,7.24,3000
454,7.32,7.32,7.27,7.27,2498
455,7.32,7.34,7.3,7.32,16252
456,7.31,7.31,7.2814,7.3,4452
457,7.29,7.3,7.26,7.3,5100
458,7.295,7.3,7.29,7.3,1800
459,7.31,7.32,7.29,7.295,7252
460,7.34,7.34,7.29,7.31,6932
461,7.33,7.36,7.32,7.34,7819
462,7.34,7.34,7.29,7.32,4913
463,7.33,7.355,7.33,7.35,4000
464,7.34,7.35,7.33,7.35,6423
465,7.375,7.39,7.33,7.33,7124
466,7.39,7.41,7.36,7.38,16600
467,7.4,7.41,7.3764,7.38,8500
468,7.4,7.41,7.37,7.38,12186
469,7.38,7.42,7.38,7.4,14956
470,7.385,7.4,7.38,7.385,37793
471,7.35,7.42,7.35,7.385,125263
864,7.35,7.35,7.35,7.35,4029
865,7.3999,7.41,7.35,7.37,2000
866,7.475,7.56,7.31,7.39,18152
867,7.36,7.505,7.36,7.4566,12782
868,7.45,7.5,7.4,7.4,850
869,7.5,7.64,7.45,7.46,34942
870,7.45,7.4801,7.42,7.48,3385
871,7.5,7.54,7.45,7.46,9212
872,7.4698,7.51,7.44,7.505,17500
873,7.42,7.465,7.42,7.45,5462
874,7.4,7.44,7.37,7.41,4600
875,7.5,7.5,7.39,7.39,2349
876,7.54,7.55,7.49,7.5,17110
877,7.5,7.58,7.5,7.54,17078
878,7.51,7.54,7.4867,7.5,5800
879,7.48,7.5,7.46,7.5,1000
880,7.5,7.51,7.46,7.47,3224
881,7.47,7.52,7.45,7.52,2796
882,7.47,7.49,7.47,7.48,2500
883,7.4539,7.47,7.39,7.47,11008
884,7.5,7.51,7.4,7.44,9239
885,7.5,7.55,7.48,7.5,42692
a1499261400,7.51,7.51,7.51,7.51,3450
1,7.51,7.5375,7.45,7.5,5772
2,7.4696,7.52,7.45,7.45,12697
3,7.47,7.535,7.47,7.48,10511
4,7.45,7.53,7.43,7.49,6100
5,7.5,7.53,7.45,7.45,21865
6,7.5,7.55,7.47,7.51,15288
7,7.55,7.55,7.48,7.5,16392
8,7.53,7.551,7.505,7.55,20798
9,7.49,7.55,7.45,7.53,14809
10,7.49,7.51,7.455,7.4856,8170
11,7.51,7.55,7.48,7.48,13057
12,7.5,7.51,7.465,7.51,14670
13,7.44,7.51,7.44,7.5,6313
14,7.44,7.465,7.41,7.44,6589
15,7.41,7.46,7.4,7.44,5603
16,7.42,7.44,7.41,7.41,5494
17,7.45,7.49,7.43,7.43,11627
18,7.43,7.45,7.43,7.45,4500
19,7.48,7.5,7.44,7.44,6810
20,7.51,7.51,7.48,7.48,14288
21,7.49,7.52,7.47,7.52,4763
22,7.5,7.53,7.49,7.49,9115
23,7.51,7.51,7.48,7.5,3422
24,7.54,7.55,7.51,7.51,17560
25,7.53,7.55,7.53,7.54,7058
26,7.5,7.52,7.49,7.52,7665
27,7.5,7.51,7.5,7.505,1700
28,7.52,7.55,7.51,7.52,7542
29,7.54,7.551,7.53,7.53,14031
30,7.54,7.55,7.53,7.53,9976
31,7.54,7.555,7.53,7.54,23341
32,7.48,7.54,7.48,7.53,12262
33,7.48,7.5,7.4769,7.49,7155
34,7.475,7.485,7.45,7.48,13498
35,7.5,7.51,7.47,7.475,14364
36,7.5,7.5075,7.48,7.49,14126
37,7.49,7.505,7.47,7.505,12900
38,7.49,7.5,7.47,7.49,18358
39,7.5,7.51,7.48,7.49,97733
