EXCHANGE%3DNASDAQ
MARKET_OPEN_MINUTE=570
MARKET_CLOSE_MINUTE=960
INTERVAL=600
COLUMNS=DATE,CLOSE,HIGH,LOW,OPEN,VOLUME
DATA=
TIMEZONE_OFFSET=-240
a1493127000,237.09,237.09,237.09,237.09,3007
1,236.69,237.12,236.29,237.12,1893
2,236.59,236.7914,236.59,236.73,1686
3,236.67,236.67,236.46,236.66,500
4,237.05,237.059,236.67,236.67,800
5,236.9204,237.12,236.8348,236.9242,2000
6,236.9312,237.0983,236.9,237.0983,1189
8,236.971,237.1,236.8,237.05,3247
11,236.95,237.02,236.8018,236.8018,1500
12,237.1,237.1,237.1,237.1,100
14,236.9,237.05,236.9,237.05,200
15,237.1317,237.1317,237.1317,237.1317,110
16,237.2,237.2,237.0997,237.1935,325
17,237.1423,237.2078,237.1423,237.2078,400
18,237.055,237.3,237.055,237.3,899
19,237.02,237.27,237.02,237.27,300
20,237.22,237.23,236.9787,237.23,300
21,237.15,237.26,237.13,237.26,450
22,237.275,237.275,237.24,237.24,200
23,237.14,237.33,237.14,237.33,200
24,237.3351,237.42,237.18,237.33,1350
26,237.3952,237.3952,237.35,237.35,325
27,237.29,237.45,237.29,237.3766,1020
30,237.39,237.48,237.3,237.39,800
31,237.3897,237.48,237.3,237.3,1010
32,237.4098,237.4098,237.4098,237.4098,228
33,237.46,237.46,237.46,237.46,100
34,237.7123,237.72,237.4355,237.4355,1172
35,237.4811,237.71,237.4811,237.71,594
36,237.6331,237.76,237.5944,237.76,825
37,237.4002,237.41,237.4002,237.4093,1150
38,237.46,237.735,237.37,237.37,1783
39,237.38,237.49,237.07,237.4497,3480
144,238.13,238.13,238.13,238.13,2174
145,237.5,237.87,237.4938,237.87,2050
146,237.313,237.5852,237.3,237.5,950
147,237.67,237.67,237.3,237.67,1295
148,237.67,237.67,237.2,237.2,400
149,237.2,237.67,237.2,237.3,1355
150,237.37,237.49,237.22,237.48,1698
151,237.395,237.44,237.23,237.23,8497
152,237.265,237.395,237.26,237.2767,400
153,237.39,237.76,237.38,237.435,968
154,237.3,237.43,237.3,237.39,400
155,237.37,237.6897,237.37,237.37,2000
156,237.5642,237.6209,237.5642,237.6209,310
157,237.7764,238.01,237.7764,237.8827,582
158,237.2,237.98,237.2,237.98,600
162,237.715,237.715,237.3591,237.3591,200
163,237.705,237.705,237.5223,237.5297,1640
164,237.4,237.73,237.4,237.6176,518
165,237.8268,237.8268,237.8268,237.8268,300
166,237.8151,237.828,237.8151,237.828,411
167,237.95,237.95,237.7997,237.7997,200
169,237.8189,237.8189,237.6,237.6,350
170,237.42,237.812,237.42,237.64,1200
171,237.42,237.609,237.42,237.609,410
172,237.37,237.76,237.37,237.76,1300
173,237.3838,237.3898,237.3838,237.3898,400
174,237.5415,237.5765,237.5415,237.5765,700
175,237.54,237.54,237.53,237.54,300
176,237.91,237.91,237.6016,237.6016,1000
178,237.925,237.925,237.59,237.7458,560
179,237.935,237.935,237.935,237.935,100
180,237.9,237.9,237.89,237.89,505
181,237.4,237.845,237.4,237.7,509
182,237.4,237.71,237.4,237.71,200
183,237.66,237.66,237.27,237.4,1848
288,238.57,238.57,238.57,238.57,1710
289,237.9464,238.18,237.66,238.055,1720
290,237.69,237.86,237.69,237.86,700
291,238.0747,238.197,238.0747,238.197,325
292,238.06,238.22,238.06,238.22,500
293,238.1871,238.1871,238.0875,238.0875,300
294,238.06,238.19,238.06,238.17,1100
296,238,238.21,238,238.21,200
297,237.8923,238,237.73,237.73,550
298,238,238,238,238,100
299,238.06,238.06,238.04,238.04,200
300,237.91,238.04,237.91,238.04,300
301,237.9,237.9,237.9,237.9,100
302,237.898,237.898,237.8898,237.8898,1112
303,237.889,237.889,237.6886,237.6886,705
304,237.87,237.87,237.87,237.87,300
305,237.87,237.88,237.86,237.86,400
306,237.95,237.95,237.85,237.85,300
307,237.89,237.89,237.872,237.872,310
308,237.93,237.93,237.91,237.91,200
309,238.1464,238.16,237.856,238.16,985
310,238.1485,238.23,238.1485,238.23,500
311,238.23,238.23,238.1464,238.1464,600
312,238.24,238.24,238.24,238.24,255
313,238.21,238.23,238.21,238.23,300
314,238.1945,238.225,237.97,238.21,1999
315,238.2,238.2,238.2,238.2,100
316,238.17,238.17,238.17,238.17,500
318,238.1,238.1,238.1,238.1,500
319,238.249,238.249,238.21,238.21,206
320,238.21,238.22,238.21,238.21,400
321,238.25,238.25,238.1454,238.24,400
322,237.89,238.02,237.89,238.02,300
323,238.19,238.19,238.18,238.18,600
324,238.22,238.22,237.94,238.18,300
325,238.19,238.24,238.02,238.02,2709
326,238.225,238.232,238.22,238.232,800
327,238.26,238.26,238.05,238.14,3916
432,239.03,239.03,239.03,239.03,1462
433,238.8724,239,238.8724,239,800
434,238.6,238.6572,238.6,238.6572,1069
435,238.55,238.84,238.55,238.84,612
436,238.3,238.87,238.3,238.87,1100
437,238.8258,238.8299,238.25,238.5,1000
438,238.0018,238.0018,237.9801,238,500
439,238.14,238.47,238.14,238.2247,510
440,238.35,238.5,238.35,238.5,400
441,238.558,238.558,238.555,238.555,200
442,238.31,238.45,238.31,238.4323,1215
443,238.3,238.3,238.3,238.3,100
444,238.2,238.33,238.0511,238.0511,5641
445,238.045,238.2269,238.01,238.15,444
446,238,238.12,238,238.12,595
447,238.2748,238.2748,237.76,237.76,300
448,238.43,238.43,238.43,238.43,100
449,238.1819,238.5,238.1819,238.5,442
450,238.49,238.49,238.49,238.49,200
451,238.1931,238.48,238.1773,238.48,1600
453,238.5,238.5,238.49,238.49,200
454,238.455,238.476,238.255,238.47,1700
456,238.25,238.25,238.25,238.25,300
458,238.1716,238.4,238.16,238.385,1344
459,238.4879,238.4899,238.3918,238.3918,900
460,238.25,238.42,238.25,238.42,305
463,238.15,238.2182,238.15,238.205,340
464,238.025,238.025,238.025,238.025,190
465,238.03,238.03,238.03,238.03,100
468,238.28,238.3172,238.28,238.3172,317
470,238.26,238.26,238.26,238.26,300
471,238.3,238.33,238.15,238.33,1281
864,239.08,239.08,239.08,239.08,4586
865,239.28,239.28,239,239,810
866,239.1161,239.4972,239.1161,239.4972,1821
867,239.25,239.305,239.06,239.2577,1958
868,239.1192,239.25,239.02,239.02,400
870,239.1563,239.1563,239,239,200
871,239.1726,239.1726,239.08,239.08,410
872,239.041,239.041,239.041,239.041,200
873,239.36,239.36,239.36,239.36,100
874,239.42,239.42,239.42,239.42,500
875,239.43,239.532,239.328,239.5,3500
876,239.34,239.34,239.3335,239.3335,300
877,239.3,239.3244,239.3,239.3244,200
878,239.3,239.3,239.3,239.3,100
879,239.3961,239.3961,239.3961,239.3961,311
880,239.516,239.52,239.4069,239.4069,2706
881,239.47,239.7838,239.47,239.56,2188
882,239.7432,239.91,239.501,239.865,4463
883,239.4565,239.83,239.4565,239.81,1195
884,239.7137,239.7137,239.7137,239.7137,275
885,239.441,239.6089,239.441,239.45,500
886,239.628,239.6916,239.628,239.6916,225
887,239.885,239.894,239.535,239.535,6457
888,239.9,239.9,239.89,239.89,800
889,239.94,239.94,239.9,239.9,400
890,239.89,239.89,239.89,239.89,600
891,239.999,240,239.999,240,354
892,240.22,240.22,240,240,755
893,240.3676,240.37,240.25,240.25,720
894,240.236,240.236,240.236,240.236,124
895,240,240.04,239.79,239.79,700
896,240.06,240.218,240.0326,240.19,5100
897,240.0019,240.21,239.62,240.19,1368
898,239.9655,239.9655,239.8339,239.8339,428
899,240.0614,240.235,240.0614,240.235,200
901,240.22,240.22,240.22,240.22,100
902,240.21,240.21,240.21,240.21,200
903,240.11,240.22,239.8,240.22,2642
a1493731800,241.17,241.17,241.17,241.17,4599
1,240.4497,241.02,240.2,241.02,2775
2,240.16,240.31,239.92,240.14,2152
3,239.6,240.077,239.6,239.76,2502
4,239.69,239.7,239.5,239.5,400
5,239.88,239.88,239.3966,239.69,1780
6,239.8549,239.92,239.8549,239.88,300
7,239.96,240,239.7,239.96,900
8,239.5709,239.93,239.54,239.57,400
9,239.85,240.11,239.85,240.11,700
10,239.5,240.05,239.5,240.05,225
11,240.03,240.072,239.8892,240.04,506
12,239.87,240.03,239.87,240.03,300
13,240.07,240.07,240.02,240.02,200
14,240.1,240.1,239.905,240.07,442
15,239.8793,239.91,239.87,239.91,501
16,239.94,240.09,239.925,239.98,600
17,239.9656,240.1,239.9656,239.99,500
18,240.1713,240.26,240.1,240.1,300
19,240.28,240.309,240.1696,240.26,422
20,240.28,240.28,240.151,240.27,400
21,240.106,240.24,240,240.24,1040
22,240.26,240.27,240.26,240.27,200
23,240.0607,240.23,239.95,240.01,1450
24,239.94,239.94,239.91,239.91,500
25,240.23,240.23,239.9,239.9,304
26,240.2,240.2,240,240,400
27,240.075,240.21,240.075,240.21,200
28,240.11,240.178,239.9725,240.11,2260
29,240.0647,240.12,239.85,240.12,800
30,240.08,240.08,239.95,239.95,400
31,239.9,239.95,239.9,239.95,200
32,240.0275,240.04,239.7242,240,737
33,239.5948,239.935,239.5948,239.935,1493
34,239.602,239.804,239.6,239.7955,1413
35,239.73,239.9999,239.6001,239.9999,1084
38,239.59,239.9082,239.59,239.75,1557
39,240.08,240.08,239.59,239.61,1231
144,240.21,240.21,240.21,240.21,2933
145,239.7912,240.05,239.18,240.05,2790
146,239.375,239.396,239.375,239.396,1266
147,239.52,239.52,239.21,239.22,300
148,239.165,239.25,238.72,239.25,2256
149,238.57,239.0127,238.57,239.0127,1510
150,239.0199,239.0199,238.5444,238.5444,1561
151,239.184,239.184,239.0519,239.0519,800
152,238.83,239.1125,238.83,239.0114,1009
153,238.785,238.785,238.5,238.709,1618
154,238.54,238.54,238.54,238.54,100
156,238.7823,238.7823,238.7823,238.7823,390
157,238.7121,238.7122,238.7121,238.7122,200
158,238.8796,239.017,238.7121,239.017,625
159,238.829,238.829,238.829,238.829,100
160,238.72,238.72,238.72,238.72,100
161,238.8682,238.8682,238.8682,238.8682,111
163,238.7,238.7,238.7,238.7,100
164,238.8,238.8,238.8,238.8,225
165,238.9064,238.9064,238.8521,238.8521,345
166,239.0899,239.0899,238.7,238.7,270
167,238.8996,238.8996,238.8996,238.8996,100
170,238.841,238.841,238.7,238.7,200
172,239.0978,239.1,239.0978,239.1,400
173,238.9519,238.9519,238.9519,238.9519,154
174,239.015,239.0778,238.875,238.875,6133
176,238.75,238.79,238.75,238.7746,1200
177,239,239,239,239,100
178,238.81,238.85,238.81,238.85,1000
179,238.88,238.979,238.88,238.979,711
180,238.995,239.01,238.995,239.01,500
181,238.85,238.85,238.85,238.85,200
183,238.86,239.1,238.86,239.1,3188
288,239.81,239.81,239.81,239.81,2264
289,238.99,238.99,238.99,238.99,100
290,238.9,238.9831,238.9,238.96,740
291,238.73,238.9958,238.73,238.9958,400
292,238.9478,238.9478,238.9478,238.9478,100
295,239.2632,239.5199,239.1537,239.1537,325
296,239.114,239.114,239.114,239.114,270
297,239.25,239.25,239.25,239.25,200
299,239.245,239.25,239.0703,239.0703,1150
300,239.1591,239.32,239.1572,239.32,800
302,239.4095,239.61,239.4095,239.61,200
303,239.31,239.31,239.31,239.31,100
304,239.2141,239.2141,239.21,239.21,200
305,238.5,238.995,238.5,238.8171,1200
306,238.735,238.735,238.6245,238.6245,714
309,239.09,239.09,238.9089,238.9089,300
312,239.23,239.23,239.115,239.2252,800
313,239.21,239.21,239,239.15,500
314,239.2,239.2,239.05,239.05,718
315,239.206,239.206,239.206,239.206,153
316,239.22,239.22,239.1057,239.1057,350
317,239.22,239.22,239.22,239.22,400
318,239,239.04,239,239.04,200
319,239.1878,239.1878,239.1878,239.1878,100
320,239.2546,239.2962,239.1882,239.1882,431
323,239.0461,239.0461,239.0461,239.0461,109
324,239.07,239.07,239.07,239.07,100
327,239.4,239.4,239.4,239.4,633
432,240.9,240.9,240.9,240.9,1557
433,239.7897,240.1283,239.7897,240.1283,1200
434,239.6,239.8835,239.6,239.79,708
435,239.77,239.77,239.6738,239.6738,591
436,239.4,239.47,239.2816,239.4001,1100
437,239.1062,239.555,239.1062,239.555,3288
438,239.125,239.125,239.125,239.125,200
439,238.9505,239.2227,238.9505,239.2227,830
440,239.15,239.15,239.15,239.15,100
443,239.1766,239.1766,239,239.01,789
447,239.3369,239.3369,239.3369,239.3369,100
448,239.613,239.66,239.613,239.66,300
450,239.5796,239.5995,239.5796,239.5995,1100
451,239.3641,239.6344,239.33,239.33,500
452,239.56,239.56,239.25,239.25,500
453,239.4122,239.4122,239.3941,239.3941,663
454,239.4023,239.4515,239.4023,239.4515,263
455,239.4047,239.4449,239.355,239.4449,1020
456,239.557,239.557,239.3824,239.51,700
457,239.5573,239.5573,239.5573,239.5573,200
458,239.5553,239.66,239.41,239.66,808
459,239.5629,239.5629,239.5629,239.5629,167
461,239.62,239.62,239.62,239.62,100
462,239.62,239.67,239.62,239.67,300
463,239.5798,239.6904,239.5798,239.6904,400
464,239.6836,239.6836,239.6836,239.6836,117
465,239.76,239.76,239.725,239.725,308
466,239.7328,239.87,239.7,239.7,540
468,239.93,239.93,239.6994,239.6994,500
471,240.39,240.46,239.9,239.9071,11463
865,240.1,241.37,240.08,241.37,8851
866,240.61,240.61,240.21,240.21,300
867,240.15,240.29,240.15,240.29,550
868,240.05,240.15,240.05,240.15,2500
869,240.0301,240.0301,240,240,1355
870,240.15,240.1711,239.95,240.1711,600
871,240,240,240,240,200
872,240.275,240.282,240.265,240.27,600
873,240.02,240.02,240.0112,240.0112,400
874,240.06,240.06,239.904,240.06,970
875,240.22,240.22,240.22,240.22,150
876,239.7652,239.8312,239.69,239.8312,966
877,239.941,239.941,239.941,239.941,371
879,239.7469,239.7469,239.6218,239.6218,485
880,239.7087,239.87,239.7087,239.87,200
881,239.75,239.7944,239.75,239.7553,600
883,239.89,239.89,239.795,239.795,265
884,240.22,240.22,239.87,240,916
885,240.25,240.25,240.01,240.01,1750
886,240,240,240,240,500
887,240.0576,240.0576,240.0576,240.0576,150
888,240.1897,240.1897,240.1897,240.1897,208
889,240.12,240.2,240,240,720
892,240.33,240.33,240.1962,240.1962,200
894,240.29,240.3,240.1677,240.3,754
896,240.2021,240.2021,240.2021,240.2021,176
897,240.26,240.26,240.26,240.26,241
898,240.195,240.25,240.04,240.04,1928
900,240,240.09,240,240.09,600
901,240.1105,240.15,239.9,240.11,1220
902,239.9706,239.9706,239.9706,239.9706,100
903,240.19,240.19,239.92,239.95,2955
a1494336600,241.66,241.66,241.66,241.66,3261
1,240.87,240.87,240.7079,240.7079,492
2,241.2354,241.2354,240.95,240.95,300
3,241.22,241.2499,240.98,241.07,1052
4,241.49,241.49,241.3,241.3,700
5,241.4264,241.4264,241.4075,241.4075,201
6,241.395,241.5442,241.3919,241.3919,424
7,241.3781,241.5384,241.3781,241.5384,200
8,241.3705,241.495,241.2,241.2,837
9,241.3704,241.499,241.3704,241.499,250
11,241,241.3596,241,241.3596,4200
12,241.0305,241.0305,241.0305,241.0305,200
13,240.8987,240.8987,240.8987,240.8987,100
14,241.1079,241.1278,240.94,240.94,507
16,241.225,241.225,241.11,241.11,400
17,241.063,241.063,241.063,241.063,2854
18,241.245,241.3264,241.2125,241.3264,1360
19,241.03,241.1812,241.03,241.1812,200
20,241.31,241.32,241.3,241.3,300
21,241.08,241.149,241.05,241.08,750
22,241.15,241.15,241.15,241.15,300
24,240.78,241.05,240.78,241.05,808
25,240.9805,240.9805,240.78,240.78,1009
29,241.0058,241.0058,241.0058,241.0058,125
31,240.8484,240.9268,240.8484,240.9268,318
32,241.0067,241.0067,241.0067,241.0067,310
35,241.03,241.215,241.03,241.215,300
36,241.02,241.07,241.02,241.07,1100
37,240.6,240.9348,240.6,240.92,2026
38,240.48,240.48,240.48,240.48,100
39,241.11,241.15,240.6528,240.6528,1780
144,241.29,241.29,241.29,241.29,1690
145,241.4194,241.4194,241.4194,241.4194,200
149,241,241,241,241,100
150,240.9706,240.9706,240.9706,240.9706,641
151,240.51,240.57,240.51,240.57,400
153,240.61,240.61,240.61,240.61,250
154,240.7,240.7,240.7,240.7,100
156,240.9171,240.9869,240.9,240.9,730
157,240.72,240.9684,240.72,240.9684,324
158,240.8968,240.8968,240.8968,240.8968,100
160,240.9068,241.01,240.7926,240.7926,483
163,241.192,241.192,241.0222,241.0222,466
165,241.1175,241.1175,241.1175,241.1175,300
166,241.11,241.34,241.11,241.34,748
167,241.2542,241.2542,241.254,241.254,350
169,241.36,241.36,241.36,241.36,100
171,241.41,241.41,241.41,241.41,100
175,241.198,241.37,241.0037,241.3123,1965
176,241.1541,241.1541,241.1541,241.1541,1671
177,241.344,241.344,241.344,241.344,104
178,241.38,241.38,241.319,241.319,540
179,241.3309,241.35,241.3309,241.35,854
180,241.2973,241.46,241.2442,241.3184,667
181,241.2286,241.2286,241.2286,241.2286,205
182,241.175,241.175,241.175,241.175,100
183,241.5,241.5,241.1919,241.1919,697
288,241.29,241.29,241.29,241.29,2370
289,240.84,240.92,240.84,240.92,480
290,240.29,240.7,240.29,240.7,1920
291,239.9,240.3432,239.9,240.17,1802
292,239.643,240.0076,239.643,239.9796,3054
293,239.8439,239.8439,239.8439,239.8439,300
294,239.6294,239.6294,239.5,239.51,440
295,239.4,239.48,239.4,239.4,684
296,239.7196,239.72,239.5808,239.72,300
297,239.7655,239.7655,239.7655,239.7655,120
298,239.95,239.95,239.7641,239.7641,450
299,240.0926,240.0926,240,240,1687
300,240.24,240.24,240.1,240.1,379
302,240.24,240.24,240.24,240.24,100
303,240.1748,240.1748,240.1748,240.1748,130
304,240.34,240.34,240.34,240.34,100
305,240.635,240.635,240.19,240.19,300
307,240.405,240.405,240.405,240.405,225
308,240.4382,240.4382,240.4382,240.4382,300
309,240.3734,240.3734,240.3734,240.3734,416
313,240.67,240.835,240.67,240.835,600
316,241.22,241.22,241.22,241.22,100
319,241.174,241.21,241.174,241.2,2021
322,240.71,240.78,240.71,240.78,200
323,240.9232,241.0913,240.9232,241.0913,300
324,240.73,240.9062,240.62,240.9062,604
325,241.105,241.105,241.105,241.105,125
326,241,241,240.97,240.97,280
327,241.15,241.205,240.9633,240.9633,793
432,241.14,241.15,241.14,241.15,1569
433,241,241.0803,241,241.0803,465
435,240.91,241.0526,240.91,241.0526,621
437,240.84,241.11,240.84,241.1,2553
438,240.77,240.8,240.77,240.8,600
439,240.75,240.75,240.71,240.71,1555
440,240.8499,240.8499,240.8499,240.8499,264
441,240.5,240.51,240.5,240.51,300
444,240.744,240.744,240.744,240.744,100
446,240.8889,240.8889,240.8889,240.8889,125
447,240.9387,241.25,240.9387,241.25,400
448,241.25,241.25,241.25,241.25,100
449,241.19,241.1999,241.1215,241.1999,1162
450,241.01,241.25,241.01,241.0281,1185
451,241.0729,241.0729,240.9467,240.9467,356
453,241,241,241,241,1100
456,240.85,240.85,240.85,240.85,120
458,241,241.03,241,241.03,368
460,241.13,241.13,241.13,241.13,200
461,241.03,241.03,241.03,241.03,200
464,241.1947,241.1947,241.1947,241.1947,200
465,241.148,241.33,241.148,241.33,350
467,241.09,241.09,241.09,241.09,100
468,240.95,240.98,240.92,240.9266,1016
470,241.0285,241.19,240.9,241.19,759
471,241.2,241.2,241.18,241.18,525
864,241.5,241.5,241.5,241.5,5713
865,241.49,241.5,241.49,241.5,210
866,241.66,242,241.33,241.455,900
867,241.8001,242.0939,241.8001,241.9,575
868,242.01,242.01,242,242,600
870,242,242.09,242,242.09,355
871,241.99,242.08,241.99,242.08,595
873,242.37,242.37,242.01,242.01,200
874,242.3,242.35,242.3,242.35,450
877,242.04,242.36,242.04,242.36,200
878,241.9971,242.08,241.9971,242.08,700
879,242.1656,242.1656,241.95,241.95,300
880,241.9862,242.28,241.9862,242.28,300
881,241.8205,241.8205,241.8205,241.8205,900
882,242.207,242.207,241.8,241.92,1110
883,241.9873,241.9873,241.9873,241.9873,205
885,241.995,241.995,241.995,241.995,200
887,241.9872,241.9872,241.9872,241.9872,170
888,242.1903,242.1903,242.1903,242.1903,100
889,241.88,241.88,241.88,241.88,179
890,242.3476,242.35,242.3476,242.35,200
892,242.1001,242.1001,242.1001,242.1001,928
893,242.35,242.35,242.35,242.35,100
894,242.1254,242.1743,242,242.09,662
896,242.0203,242.0203,242.0203,242.0203,169
897,242.1842,242.1842,241.99,242.1526,1100
901,242.1217,242.1217,242.09,242.09,430
902,242.06,242.1,242.06,242.07,675
903,242.35,242.35,242.09,242.2,977
a1494941400,243.18,243.18,243.18,243.18,2203
1,242.72,242.72,242.72,242.72,100
2,242.52,242.59,242.52,242.59,1300
3,242.49,242.7542,242.49,242.7542,231
5,242.6,242.7792,242.6,242.7792,447
6,242.174,242.6,242,242.6,1997
7,242.2941,242.2941,242.2257,242.2257,328
8,242.133,242.2556,242.133,242.2556,1392
10,242.37,242.37,242.37,242.37,100
11,242.28,242.47,242.28,242.47,200
12,242.4,242.598,242.4,242.57,600
13,242.36,242.36,242.36,242.36,100
15,242.729,242.729,242.729,242.729,368
16,242.6262,242.6262,242.6262,242.6262,100
17,242.62,242.99,242.62,242.99,1100
18,242.7778,242.7778,242.6787,242.6787,762
19,242.774,242.774,242.75,242.75,300
20,242.68,242.68,242.68,242.68,100
21,242.93,242.93,242.8574,242.8574,300
22,242.8232,242.8232,242.8232,242.8232,208
24,242.83,242.83,242.8,242.8,1400
25,242.83,242.83,242.83,242.83,500
26,242.8,242.92,242.8,242.92,305
27,242.68,242.68,242.68,242.68,100
28,242.72,242.87,242.72,242.87,465
29,242.8496,242.89,242.7,242.87,500
30,242.7,242.81,242.7,242.81,800
31,242.71,242.71,242.71,242.71,200
32,242.7736,242.7736,242.7736,242.7736,300
33,242.812,242.9499,242.812,242.94,1082
37,243.08,243.08,243.05,243.05,353
39,243.3,243.3,243.27,243.27,411
144,241,241,241,241,2146
145,241.6285,241.6285,240.4901,241.0001,5463
146,241.3453,241.5582,241.0001,241.5582,907
147,240.3625,241.1,240.3625,241,1899
148,239.9801,240.2908,239.89,240.25,1826
149,240.2088,240.2088,240.1808,240.1808,450
150,240.0189,240.36,239.7808,240.36,1412
151,239.441,240.0988,239.441,239.9957,1500
152,239.453,239.6,239.4514,239.501,875
153,238.8076,239.02,238.75,239.02,9334
154,238.76,238.8,238.74,238.8,500
155,239.0768,239.0768,238.8335,238.8335,610
156,239.08,239.1856,239.08,239.1334,400
157,239.0462,239.0462,239.0462,239.0462,200
158,239.3306,239.4544,239.0982,239.0982,3704
159,239.4,239.4,239.4,239.4,1175
160,239.1,239.4397,239.1,239.4397,400
161,239.3532,239.3532,239.2836,239.2836,300
162,239.27,239.27,239.263,239.263,427
163,239,239.2178,239,239.1792,792
164,239.3632,239.3632,239,239.0345,2115
165,239.2646,239.2646,239.2646,239.2646,125
166,239.29,239.29,239.286,239.286,317
167,239.2798,239.2798,239.1,239.187,1088
168,239.2,239.232,239.2,239.232,400
169,238.9718,239.1268,238.9,239.1,1432
170,238.75,238.75,238.75,238.75,100
171,238.5,238.8942,238.5,238.75,4227
172,238.824,238.824,238.7733,238.7733,300
173,238.0184,238.763,238.0184,238.763,2289
174,237.99,238.12,237.99,238.0275,1100
175,237.79,238,237.79,238,400
176,237.631,238.0507,237.5399,238.0507,4724
177,237.52,237.649,237.42,237.649,1787
178,237.9,237.95,237.8433,237.8433,650
179,238.0354,238.1204,237.5,237.8,1719
180,238.2208,238.2208,238.053,238.0926,510
181,238.066,238.1479,238.0085,238.0085,870
182,237.2,238.0906,237.2,238.0906,4310
183,236.88,237.4552,236.63,237.4194,2830
288,237.62,237.62,237.62,237.62,5218
289,237.4511,237.5808,236.89,237.5808,1222
290,237.583,237.583,237.2133,237.31,846
291,237.5822,237.6456,237.5822,237.6456,375
292,238.1361,238.299,237.6371,237.86,4540
293,238.7886,238.7886,238.4614,238.4614,1074
294,238.64,238.6603,238.47,238.6603,1986
295,239.1574,239.1574,238.7,238.7,1389
296,238.94,239.2,238.6301,238.7,10214
297,238.5696,238.785,238.28,238.28,526
298,238.4927,238.694,238.4927,238.694,480
299,238.5119,238.6376,238.13,238.13,1439
300,238.6188,238.6189,238.1701,238.1701,1303
301,238.828,238.8467,238.73,238.8467,970
302,238.16,238.44,238.15,238.15,800
303,238.15,238.17,238.15,238.17,1135
304,237.602,237.804,237.602,237.804,300
305,237.692,237.692,237.692,237.692,200
308,237.88,238.1199,237.88,238.1199,700
310,238.1717,238.1717,238.1104,238.1104,1524
311,238.2771,238.32,237.98,238.16,2273
312,238.2224,238.2224,238.2224,238.2224,400
313,238.1373,238.1373,238.1373,238.1373,300
314,238.2268,238.2903,238.2268,238.2903,250
315,238.275,238.275,238.275,238.275,100
316,238.9423,238.9423,238.7296,238.7296,713
317,238.9437,238.9437,238.8434,238.8434,218
318,239,239.1157,238.675,238.675,2988
319,239.2906,239.5,239.2906,239.46,1840
320,239.1,239.3484,239.1,239.1,550
321,239,239,239,239,600
322,238.8441,238.8441,238.8441,238.8441,200
323,238.9734,238.9734,238.85,238.85,2289
324,238.7,238.72,238.7,238.72,300
325,238.7632,238.7632,238.7632,238.7632,100
326,238.6,238.8162,238.598,238.8162,1914
327,238.81,238.9221,238.53,238.9221,871
432,240.62,240.62,240.62,240.62,4010
433,240,240,240,240,708
434,240.26,240.26,239.9103,240,600
435,240.1,240.3208,240.1,240.27,1320
436,240.47,240.47,240.08,240.1,1198
437,240.4699,240.4699,240.39,240.41,540
438,240.2974,240.2974,240.2974,240.2974,375
439,240.39,240.4584,240.25,240.4584,750
440,240.43,240.43,240.4,240.4,575
441,240.4844,240.5299,240.4844,240.5299,477
442,240.562,240.562,240.3,240.3,280
443,240.4716,240.5599,240.4716,240.543,620
444,240.43,240.4748,240.3783,240.4748,842
446,240.315,240.35,240.315,240.35,300
447,240.31,240.31,240.31,240.31,283
450,240.59,240.59,240.55,240.565,411
451,240.6,240.6,240.3538,240.59,600
453,240.7242,240.91,240.7242,240.88,554
454,240.73,240.73,240.58,240.58,438
455,240.6,240.6,240.6,240.6,100
456,240.68,240.72,240.65,240.72,690
457,240.67,240.67,240.67,240.67,311
459,240.59,240.59,240.4607,240.4607,500
461,240.6,240.6,240.6,240.6,100
462,240.5629,240.67,240.5629,240.67,327
463,240.55,240.55,240.55,240.55,128
464,240.7384,240.74,240.4608,240.4608,322
466,240.2,240.5,240.08,240.5,1587
467,240,240.2,240,240.2,500
468,240.145,240.145,240.145,240.145,200
469,239.75,239.75,239.75,239.75,100
470,239.875,240.11,239.875,240.11,230
471,239.87,239.88,239.72,239.88,609
864,241.31,241.31,241.31,241.31,6124
865,240.9688,241.33,240.9,241.31,2863
866,241.14,241.14,240.95,240.95,1575
867,241.01,241.33,241.01,241.16,1025
868,241.2,241.2,241.1376,241.2,550
869,241.11,241.165,241.11,241.165,214
870,240.9687,240.9687,240.7417,240.915,1103
871,241.2,241.2,241.2,241.2,100
872,241.1447,241.1447,241.1447,241.1447,125
873,241,241.165,241,241.165,2211
874,241.04,241.125,241.04,241.12,823
875,241.0316,241.145,241.0316,241.145,561
876,241.213,241.213,241.1809,241.1809,300
877,241.2153,241.32,241.2153,241.32,1380
879,241.3328,241.3328,241.145,241.1684,715
881,241.34,241.34,241.34,241.34,100
882,241.67,241.67,241.5091,241.51,650
883,241.7499,241.7499,241.7499,241.7499,122
886,241.35,241.5704,241.35,241.5704,415
889,241.3382,241.51,241.24,241.24,350
890,241.2344,241.5657,241.2344,241.5252,1052
891,241.2401,241.2401,241.2401,241.2401,100
892,241.415,241.415,241.31,241.31,300
893,241.468,241.48,241.468,241.48,566
895,241.3001,241.3001,241.3001,241.3001,800
897,241.5985,241.5985,241.5985,241.5985,100
898,241.44,241.4444,241.44,241.4444,550
899,241.699,241.699,241.699,241.699,210
900,241.5863,241.6356,241.5233,241.6356,750
901,241.75,241.75,241.58,241.5801,382
903,241.8,241.8,241.75,241.78,900
a1495546200,243.36,243.36,243.36,243.36,1914
1,242.3753,242.3753,242.3753,242.3753,100
2,241.45,242.1,241.45,242.1,1313
3,241.75,241.75,241.45,241.585,600
4,241.4726,241.8,241.4726,241.8,978
6,241.718,241.72,241.565,241.5775,1160
7,241.6059,241.71,241.4801,241.71,1460
8,241.575,241.575,241.5,241.5,200
13,241.696,241.696,241.696,241.696,220
16,242.0582,242.0582,242.0582,242.0582,1100
17,242.18,242.238,242.08,242.08,542
18,242.08,242.08,242.08,242.08,100
19,241.7,241.7,241.6708,241.6708,800
20,241.75,242.037,241.75,241.8847,1265
21,241.582,241.582,241.58,241.58,330
23,241.7313,241.82,241.73,241.81,900
25,241.56,241.56,241.56,241.56,300
26,241.5901,241.5901,241.5901,241.5901,200
27,241.76,241.76,241.76,241.76,100
28,241.5,241.7707,241.5,241.77,635
29,241.5019,241.51,241.5,241.51,1100
31,241.88,241.88,241.88,241.88,200
34,242.035,242.035,242.018,242.018,327
37,241.85,241.85,241.85,241.85,100
38,241.6,241.6,241.6,241.6,100
39,242.12,242.12,241.61,241.9459,1074
144,242.99,242.99,242.99,242.99,1936
145,242.18,242.36,242.18,242.36,500
146,242.2316,242.4596,242.2316,242.4596,200
147,242.36,242.41,242.3113,242.3113,560
148,242.31,242.495,242.31,242.495,500
149,242.495,242.5,241.9292,242.35,910
153,242.1694,242.4843,242.1694,242.4843,550
155,242.5353,242.5353,242.5353,242.5353,400
156,242.55,242.55,242.548,242.548,1046
158,242.4606,242.4606,242.4606,242.4606,200
159,242.1403,242.1403,242.1403,242.1403,180
160,242.16,242.47,242.15,242.47,2038
161,242.071,242.071,242.0701,242.0701,1068
162,242.47,242.47,242.4,242.4,205
165,242.475,242.4857,242.4683,242.4683,342
167,242.4412,242.4412,242.4412,242.4412,1000
168,242.37,242.5347,242.23,242.5347,400
169,242.4135,242.4135,242.4135,242.4135,257
171,242.22,242.22,242.22,242.22,100
173,242.4616,242.4616,242.42,242.42,400
175,242.462,242.6254,242.46,242.6254,675
176,242.6618,242.6618,242.6618,242.6618,100
177,242.5986,242.6,242.5986,242.6,600
180,242.5101,242.7052,242.5101,242.7052,217
181,242.93,242.93,242.93,242.93,100
183,243.05,243.05,242.99,242.99,1373
288,244.31,244.31,244.31,244.31,2250
289,243.56,244.1522,243.56,243.8653,2057
290,243.805,244.0199,243.56,243.95,1420
291,244.075,244.13,243.86,243.86,1230
292,244.0481,244.13,243.87,244.13,683
293,244.48,244.5,244.2724,244.2724,1919
294,244.4,244.41,244.1666,244.41,1224
295,244.5,244.5,244.38,244.38,913
296,244.5,244.5,244.5,244.5,200
297,244.53,244.53,244.51,244.51,500
298,244.539,244.5399,244.539,244.5399,200
299,244.5783,244.633,244.5783,244.633,709
300,244.6,244.6,244.6,244.6,250
301,244.41,244.7499,244.41,244.7499,1112
302,244.27,244.27,244.27,244.27,100
304,244.3251,244.4284,244.3251,244.4284,394
305,244.41,244.4335,244.41,244.4335,300
308,244.575,244.6,244.575,244.6,310
309,244.6,244.6,244.6,244.6,107
311,244.42,244.6,244.42,244.585,400
312,244.5161,244.5161,244.5161,244.5161,600
313,244.47,244.47,244.47,244.47,157
315,244.6,244.6,244.5454,244.5454,200
316,244.6,244.6,244.6,244.6,1742
317,244.6015,244.6015,244.6001,244.6001,200
319,244.9187,244.98,244.67,244.68,1500
322,244.8947,244.8947,244.8947,244.8947,221
323,245,245,244.86,244.86,800
324,244.7,244.7,244.7,244.7,122
325,244.79,244.79,244.79,244.79,200
327,244.74,244.82,244.56,244.78,2405
432,245.31,245.31,245.31,245.31,2798
433,244.7024,244.86,244.36,244.36,5248
434,244.5,244.69,244.5,244.6343,1884
435,244.81,244.81,244.74,244.74,800
436,244.875,244.94,244.81,244.81,1400
437,244.6514,244.755,244.4,244.755,1625
439,244.65,244.66,244.65,244.66,200
440,244.5531,244.5531,244.5531,244.5531,102
441,244.7,244.7,244.6801,244.6801,417
443,244.81,244.81,244.81,244.81,280
445,244.89,244.89,244.71,244.71,250
446,244.77,244.77,244.75,244.75,300
447,244.55,244.55,244.53,244.53,200
448,244.7,244.7,244.7,244.7,511
449,244.84,244.84,244.84,244.84,100
451,244.85,244.85,244.85,244.85,100
453,244.6088,244.87,244.6088,244.87,880
454,244.77,244.8,244.77,244.8,450
455,244.7701,244.7701,244.7701,244.7701,100
456,244.77,244.8,244.77,244.8,453
461,244.7636,244.7636,244.7636,244.7636,100
462,244.75,244.75,244.7492,244.7492,699
464,244.7,244.7,244.7,244.7,100
467,244.65,244.77,244.65,244.71,404
468,244.8199,244.8199,244.8199,244.8199,100
470,244.78,244.78,244.65,244.65,489
471,244.88,244.88,244.6507,244.6507,1119
a1496151000,245.91,245.91,245.91,245.91,3638
1,244.885,244.965,244.88,244.965,646
2,245.28,245.28,245,245,852
3,244.97,245.2799,244.77,244.77,613
4,244.95,244.98,244.92,244.98,677
5,244.565,244.755,244.565,244.755,200
6,244.6535,244.6535,244.5101,244.5101,300
7,244.74,244.74,244.5,244.5,600
8,244.7501,244.765,244.7501,244.765,300
10,244.9999,244.9999,244.9999,244.9999,100
11,244.9569,244.9569,244.9569,244.9569,165
12,244.755,244.775,244.755,244.775,400
13,244.76,244.76,244.76,244.76,413
14,244.58,244.75,244.58,244.75,593
16,244.79,244.79,244.79,244.79,100
17,244.5821,244.61,244.58,244.61,1500
18,244.6672,244.74,244.6672,244.74,350
20,244.734,244.762,244.6636,244.6636,545
21,244.7075,244.7075,244.7075,244.7075,100
22,244.8794,244.8794,244.8794,244.8794,325
23,244.81,244.81,244.778,244.778,200
25,244.81,244.82,244.81,244.82,1665
27,244.77,244.77,244.77,244.77,100
28,244.7781,244.7781,244.74,244.75,835
29,244.6968,244.7254,244.6968,244.7254,913
30,244.6015,244.75,244.6001,244.75,612
31,244.6015,244.6015,244.6001,244.6001,320
32,244.61,244.861,244.6,244.7009,930
33,244.6007,244.72,244.6,244.63,1500
34,244.6576,244.74,244.6576,244.74,368
35,244.78,244.8155,244.78,244.8155,315
36,244.745,244.8042,244.745,244.8042,235
37,244.8,244.8,244.78,244.78,304
38,244.84,244.89,244.82,244.876,3850
39,244.64,244.71,244.64,244.6848,935
144,245.59,245.59,245.59,245.59,1716
145,245.1811,245.1811,245.1101,245.1101,529
146,244.64,245.2534,244.64,245.17,1262
147,243.2043,244.7,243.2001,244.7,5451
148,242.7519,243.2448,242.75,243.2448,845
149,243.58,243.58,243.06,243.06,620
150,243.1523,243.4228,243.1501,243.4228,1000
151,243.24,243.605,243.24,243.465,300
152,243.9471,243.9499,243.9471,243.9499,300
155,243.93,243.93,243.7593,243.7593,519
156,243.93,244.1,243.93,243.98,1525
157,243.84,243.9,243.84,243.9,200
158,244,244,243.5001,243.5001,772
160,244.0031,244.0031,244.0031,244.0031,416
161,244.1112,244.1112,243.98,243.98,400
162,244.19,244.323,244.19,244.323,1309
164,244.13,244.48,244.13,244.4499,974
165,244.03,244.03,244.03,244.03,100
166,244.005,244.01,243.96,243.96,477
167,244.134,244.134,244.134,244.134,277
168,243.965,244,243.965,244,500
170,244.3799,244.3799,244.3799,244.3799,100
171,244.005,244.005,244.005,244.005,100
173,243.041,243.91,243.041,243.75,1907
175,243.8572,243.86,243.845,243.85,861
176,243.8574,243.86,243.8574,243.86,342
177,243.6476,243.8929,243.6476,243.8929,638
178,243.57,243.57,243.55,243.55,200
179,243.5058,243.5058,243.5058,243.5058,100
180,244.0347,244.0347,244.0347,244.0347,119
181,244.0846,244.0846,244.0846,244.0846,160
183,244.58,244.58,244.1838,244.305,1168
288,244.61,244.61,244.61,244.61,1256
289,245.01,245.09,244.67,244.77,3952
290,244.8,244.8,244.8,244.8,100
291,244.8001,244.8001,244.8001,244.8001,900
292,244.82,244.82,244.81,244.81,200
293,244.6,244.8399,244.6,244.8399,1036
297,244.7188,244.8199,244.6,244.7211,1222
299,244.64,244.64,244.64,244.64,200
300,245.02,245.02,245.02,245.02,250
301,245.01,245.01,245.0083,245.0083,400
303,245.472,245.48,245.1,245.1,1008
305,245.47,245.5,245.47,245.5,400
307,245.1124,245.48,245.1124,245.48,200
308,245.296,245.296,245.296,245.296,400
311,245.5,245.5,245.5,245.5,100
313,245.3601,245.3601,245.3601,245.3601,538
314,245.582,245.582,245.4855,245.4855,200
319,245.83,245.83,245.83,245.83,100
320,245.86,245.86,245.7,245.8399,1000
322,245.7291,245.89,245.6145,245.86,600
323,245.9,245.9,245.37,245.7796,11904
324,245.52,245.52,245.52,245.52,100
325,245.83,245.83,245.83,245.83,100
326,245.7039,245.7039,245.7039,245.7039,208
327,246.29,246.29,245.8193,245.83,2235
432,248,248,248,248,8040
433,247.2,247.53,246.8398,247.53,4530
434,246.97,247.06,246.97,247.06,590
436,246.928,246.93,246.88,246.92,1400
437,247.05,247.05,247.05,247.05,138
438,247.2499,247.2499,247.2499,247.2499,100
439,246.9127,247.39,246.9101,247.39,544
440,247.3287,247.44,247.11,247.44,2063
441,247.4479,247.55,247.2563,247.2563,1004
442,247.59,247.59,247.59,247.59,800
443,247.66,247.66,247.6005,247.6005,598
444,247.715,247.715,247.668,247.67,600
445,247.75,247.75,247.75,247.75,100
446,248,248,247.98,247.98,200
447,248.0979,248.0979,248.0497,248.0497,335
448,248.3204,248.3204,247.8989,247.8989,500
449,248.18,248.18,248.18,248.18,100
450,248.0324,248.0324,248.0324,248.0324,200
451,248.1965,248.1965,248.1965,248.1965,100
452,248.03,248.3,248.03,248.1611,1644
453,248.06,248.26,248.0025,248.0025,555
454,248.2082,248.2082,248.2082,248.2082,150
455,248.3,248.3,248.3,248.3,150
456,248.24,248.24,248.21,248.21,600
457,248.3,248.3,248.2398,248.24,881
458,248.22,248.22,248.22,248.22,130
459,248.6024,248.6024,248.4376,248.4376,588
461,248.58,248.58,248.58,248.58,100
462,248.57,248.59,248.57,248.59,357
463,248.525,248.56,248.525,248.56,320
464,248.2318,248.54,248.23,248.54,875
465,248.455,248.5343,248.455,248.5343,200
466,248.4927,248.4927,248.4927,248.4927,550
467,248.515,248.515,248.515,248.515,300
469,248.88,248.88,248.801,248.801,400
470,248.59,248.805,248.59,248.755,920
471,248.7,248.7,248.6,248.6,481
864,248.92,248.92,248.92,248.92,6731
865,248.6,248.935,248.4,248.935,1125
867,248.7262,248.7453,248.6,248.6,1844
869,248.89,248.89,248.7,248.7566,746
870,248.89,248.89,248.89,248.89,250
871,248.8014,248.89,248.8014,248.89,570
872,248.8,248.804,248.73,248.804,400
873,248.6,248.85,248.6,248.85,1415
874,248.55,248.645,248.51,248.54,782
875,248.555,248.555,248.555,248.555,200
876,248.38,248.45,248.375,248.45,800
877,248.48,248.48,248.3978,248.3978,621
878,248.618,248.618,248.618,248.618,344
879,248.323,248.323,248.323,248.323,681
881,248.55,248.55,248.3479,248.3479,1729
883,248.3542,248.3542,248.3542,248.3542,342
884,248.45,248.45,248.45,248.45,100
885,248.55,248.55,248.48,248.48,411
886,248.5683,248.5683,248.5683,248.5683,161
887,248.457,248.5252,248.457,248.5252,630
888,248.5753,248.5753,248.525,248.525,400
889,248.4,248.4,248.4,248.4,100
890,248.56,248.56,248.45,248.45,803
893,248.5014,248.56,248.5014,248.56,747
897,248.5735,248.5765,248.5735,248.5765,345
899,248.575,248.58,248.5,248.575,779
900,248.425,248.58,248.3841,248.5,800
903,248.15,248.42,248.15,248.42,2167
a1496755800,248,248,248,248,4152
1,247.736,247.755,247.5,247.755,1500
2,248.045,248.1166,247.7866,247.7866,582
3,247.9755,247.9755,247.9326,247.9666,865
4,248.0587,248.358,248.021,248.085,902
6,248.4339,248.4339,248.3505,248.3548,932
7,248.3169,248.3169,248.3169,248.3169,200
8,248.314,248.4626,248.314,248.4626,488
9,248.3481,248.3481,248.3481,248.3481,100
10,248.14,248.14,248.14,248.14,200
11,248.06,248.1,248.06,248.1,400
18,248.158,248.158,248.06,248.06,329
19,248.1766,248.1766,248.1766,248.1766,100
20,248.1464,248.1464,248.1464,248.1464,125
21,248.3,248.3,248.2085,248.2085,321
22,248.32,248.33,248.31,248.31,300
23,248.12,248.31,248.1,248.31,1205
24,248.05,248.27,248.05,248.27,1895
29,248.415,248.415,248.415,248.415,113
31,248.412,248.412,248.1501,248.1501,446
32,248.412,248.412,248.412,248.412,552
33,248.425,248.425,248.15,248.15,200
35,248.4234,248.4234,248.15,248.1501,700
36,247.88,248.429,247.88,248.285,4600
37,247.3935,247.55,247.18,247.55,800
38,247.4006,247.6,247.16,247.21,700
39,247.47,247.62,247.07,247.62,1142
144,248.46,248.46,248.46,248.46,1492
146,248.2471,248.2471,248.2471,248.2471,160
147,248.041,248.28,248.041,248.05,300
148,248.45,248.45,248.3,248.3,933
149,248.25,248.45,248.0018,248.2774,500
150,248.14,248.39,248,248.1952,800
151,248.1759,248.1759,248.1759,248.1759,150
152,247.96,247.97,247.7182,247.97,780
153,247.7486,248.12,247.7486,248.12,200
154,248.063,248.25,248.063,248.25,326
156,248.2,248.2,248.2,248.2,100
158,248.1961,248.1961,248.1961,248.1961,267
160,248.309,248.309,248.1017,248.1017,750
161,247.995,248.0642,247.995,248.0642,400
162,248.0406,248.0406,248.0406,248.0406,175
163,248.1,248.1,247.9224,248.1,500
164,247.5,248.1,247.5,247.96,2445
165,247.3,247.45,247.3,247.45,200
166,247.4077,247.4419,247.4077,247.4419,720
167,247.4572,247.4572,247.4572,247.4572,110
168,247.396,247.396,247.31,247.31,500
169,247.3093,247.3093,247.3093,247.3093,200
170,247.3541,247.3541,247.3541,247.3541,800
172,247.9195,247.9195,247.7184,247.7184,1960
173,247.9324,247.9324,247.9324,247.9324,111
174,247.8727,247.8727,247.8483,247.8483,490
176,248.15,248.15,247.9902,247.9902,430
177,248.1477,248.15,248.1477,248.15,200
178,248.15,248.15,248.15,248.15,600
180,248.14,248.14,248.14,248.14,100
182,248.0646,248.0646,248.0646,248.0646,200
183,248.38,248.3999,248,248.3999,1468
288,249.26,249.26,249.26,249.26,3526
289,248.1,248.6968,248.1,248.6968,797
290,248.49,248.49,248.03,248.4774,1502
291,247.7583,248.1,247.7583,248.1,650
293,248.2007,248.2767,248.2007,248.205,1100
294,247.5,247.94,247.5,247.94,1100
296,248.3421,248.3421,248.2986,248.2986,222
300,248.253,248.7853,248.253,248.6468,554
302,248.53,248.53,248.53,248.53,100
303,248.5499,248.55,248.5499,248.55,248
305,248.672,248.672,248.672,248.672,105
306,248.811,248.811,248.811,248.811,157
307,248.812,249,248.812,248.828,680
308,249,249,249,249,100
311,248.9999,248.9999,248.9999,248.9999,300
313,248.89,248.922,248.89,248.922,240
314,248.9,248.9,248.768,248.768,500
316,248.97,248.97,248.8518,248.8518,200
317,248.87,248.98,248.87,248.98,400
318,248.8447,248.8447,248.8447,248.8447,301
319,248.85,248.85,248.85,248.85,100
320,248.6,248.6,248.6,248.6,355
321,248.47,248.6625,248.47,248.6625,260
323,248.55,248.55,248.3605,248.475,671
324,248.5,248.5,248.5,248.5,900
325,249.1394,249.1394,248.98,248.98,500
326,249.26,249.26,249.26,249.26,800
327,249.28,249.335,249.2,249.2,1271
432,250.25,250.25,250.25,250.25,4136
433,249.3,250.25,249.3,250.24,1968
434,249.69,249.69,249.3,249.3,1700
435,249.6138,249.6138,249.4149,249.4149,965
436,249.61,249.79,249.61,249.79,500
438,250.0654,250.0654,249.65,249.8362,700
439,249.98,249.98,249.98,249.98,100
440,250.1769,250.1769,250.1769,250.1769,100
441,250.21,250.21,250,250.03,527
442,250.25,250.25,250,250,400
443,249.9143,250.1514,249.9143,250.0025,700
444,249.5,249.65,249.5,249.65,2600
445,249.6028,249.6028,249.6028,249.6028,200
446,249.504,249.504,249.504,249.504,200
447,249.3,249.6,249.3,249.6,600
448,249.25,249.25,249.25,249.25,100
449,247.94,249,247.94,249,745
450,247.86,248.3,247.86,248.25,3848
451,247.85,247.94,247.85,247.9,301
454,247.3829,247.3829,247.3829,247.3829,400
455,246.1925,247.1653,246.1925,247.08,2997
456,246.7702,246.902,246.4396,246.5061,752
457,245.9,247.1,245.9,247.1,1579
458,245.9,246.2047,245.9,246.0989,948
459,245.37,246.0308,245.37,245.9245,1075
460,245.6283,245.6283,245.248,245.248,1051
461,245.3014,245.6344,245.3014,245.4942,590
462,245.3522,245.625,245.33,245.33,4130
463,244.3537,245.18,244.3537,245.18,2822
464,242.04,244.4676,242.04,244.4676,6069
465,243.5427,243.67,242.1208,242.1208,4512
466,244.1773,244.63,243.9656,244.63,943
467,244.7158,244.9999,244.39,244.6008,2728
468,245.0491,245.354,244.8808,244.8808,2523
469,244.65,245,244.65,245,2095
470,244,244.3,244,244.3,992
471,244.93,244.93,244,244,2440
864,243.57,243.57,243.57,243.57,3634
865,242.52,243.25,241.985,243.25,6435
866,241.5712,242.1369,241.2696,242.06,5337
867,241.1507,241.4999,241,241.25,3877
868,241.1127,242.06,241.1101,241.3,4764
869,242.7345,242.7345,241.587,241.587,819
870,242.12,242.5,242.12,242.5,490
871,242.027,242.3434,241.82,242.3434,1200
872,242.7,242.7,242.2437,242.2437,300
873,242.94,242.9699,242.62,242.9699,1000
874,242.76,242.76,242.53,242.66,1535
875,243.15,243.32,242.76,242.76,604
876,243.13,243.16,243.13,243.16,1019
878,242.9862,243.2313,242.6603,243.15,1321
879,242.993,243.15,242.85,242.85,381
880,242.9742,242.9742,242.9742,242.9742,100
881,242.6716,242.7003,242.6701,242.6828,879
882,242.8,242.8766,242.8,242.8766,550
883,242.4142,242.4142,242.4142,242.4142,100
884,242.977,242.98,242.35,242.5,760
885,242.92,242.92,242.06,242.25,4935
887,242.0011,242.0011,242,242,200
888,242.17,242.192,242.16,242.1665,1328
889,242.5,242.5,242.42,242.42,300
890,242.86,242.87,242.32,242.41,3981
891,242.42,242.8,242.42,242.8,300
895,242.49,242.49,242.49,242.49,100
896,242.96,242.96,242.96,242.96,100
897,242.874,242.874,242.874,242.874,300
898,242.975,242.975,242.975,242.975,100
899,243.1108,243.1108,243.08,243.08,550
900,242.936,242.936,242.936,242.936,100
902,243,243,243,243,100
903,243.01,243.2703,242.7963,243.09,951
a1497360600,244.91,244.91,244.91,244.91,2037
1,245.095,245.19,244.6132,244.9799,2205
2,245.35,245.35,245.125,245.1699,900
3,244.955,245.1454,244.955,245.1454,543
4,244.86,244.86,244.86,244.86,450
5,244.4925,244.732,244.4925,244.7014,704
6,244.37,244.7099,244.37,244.5542,1075
8,244.3935,244.6022,244.3935,244.6001,1478
9,244,244.56,244,244.56,500
10,244.39,244.39,243.4906,243.57,700
12,244.4147,244.4147,244.4147,244.4147,100
14,244.29,244.315,244.26,244.29,800
17,244.87,244.88,244.7502,244.88,7866
21,244.62,245.1799,244.5201,244.5201,3834
22,245.18,245.18,244.9002,244.9002,207
23,244.8082,244.8082,244.78,244.78,245
24,245.0573,245.0599,244.568,244.568,300
25,244.655,244.655,244.52,244.52,400
27,244.765,244.765,244.55,244.55,350
28,244.92,244.92,244.5101,244.5101,623
29,244.95,244.95,244.95,244.95,100
30,244.86,244.9,244.5732,244.9,625
31,244.8881,244.8899,244.8881,244.8899,200
32,244.8999,244.8999,244.7067,244.7067,645
35,244.79,244.79,244.79,244.79,143
36,244.99,244.99,244.988,244.988,400
37,245,245,244.75,245,479
38,245.2574,245.26,245.2574,245.26,611
39,245.23,245.23,245.23,245.23,304
144,246.29,246.29,246.29,246.29,996
145,245.5723,246,245.5,245.99,965
146,245.5311,245.5311,245.5311,245.5311,250
147,245.75,245.75,245.5516,245.57,1200
148,245.45,245.65,245.45,245.65,500
149,245.14,245.27,244.8504,245.27,680
150,245.35,245.35,244.9801,244.9801,1400
151,245.19,245.19,245.19,245.19,100
152,245.1466,245.25,245.1466,245.25,500
153,245.07,245.07,245.07,245.07,100
154,245.147,245.1499,244.55,244.96,2204
155,245.2,245.2,245.13,245.13,305
156,245.49,245.5,245.2488,245.25,1700
157,245.2014,245.46,245.2,245.46,795
159,245.65,245.65,245.4265,245.4999,1921
161,245.14,245.5,245.14,245.5,296
162,245.4578,245.4599,245.225,245.225,300
163,245.54,245.54,245.54,245.54,100
164,245.56,245.56,245.56,245.56,100
165,245.56,245.56,245.56,245.56,100
166,245.2687,245.51,245.2687,245.51,265
167,245.3221,245.3221,245.3221,245.3221,400
168,245.52,245.52,245.52,245.52,100
169,245.325,245.392,245.325,245.392,200
170,245.3985,245.3985,245.335,245.38,491
171,245.25,245.27,245.25,245.27,200
172,245.6371,245.64,245.25,245.25,400
173,245.01,245.63,245.01,245.63,400
174,245.176,245.176,245.176,245.176,204
175,244.8,245.035,244.8,245.035,500
176,243.47,244.29,243.47,244.29,904
177,243.895,243.895,243.56,243.56,1100
178,243.8412,243.8412,243.8412,243.8412,105
179,243.1474,243.16,242.55,243,610
180,242.9875,242.9875,242.9875,242.9875,200
181,243.459,243.459,243.459,243.459,100
182,243.7374,243.755,243.7374,243.755,300
183,244.54,244.54,243.9423,243.9423,1225
288,242.31,242.31,242.31,242.31,1355
289,242.09,242.477,242.09,242.31,1505
290,241.06,242.27,241.06,242.27,1357
291,241.69,241.69,241.486,241.486,1200
292,241.74,241.8074,241.74,241.8074,230
293,241.2816,241.6,241.21,241.6,2300
294,240.9644,241.3232,240.78,241.3232,1542
295,241.1401,241.1401,241.1401,241.1401,425
296,241.08,241.4053,241.05,241.05,1475
297,241.76,241.76,241.2594,241.2594,400
298,241.7,241.7,241.7,241.7,100
299,241.8202,241.9358,241.8202,241.8415,1239
300,241.9076,241.9076,241.9076,241.9076,200
301,242.18,242.18,241.92,241.92,400
302,242.12,242.12,242.106,242.106,400
304,241.9,241.9,241.9,241.9,187
305,241.7217,241.7217,241.67,241.67,500
310,242.2921,242.2921,242.06,242.06,975
311,242.6,242.6,242.6,242.6,100
313,242.54,242.54,242.54,242.54,100
314,242.37,242.38,242.37,242.38,300
315,242.2126,242.2126,242.1171,242.1171,421
316,242.4444,242.4444,242.3,242.3,563
317,242.3908,242.3908,242.39,242.39,400
318,242.8,243.025,242.551,242.551,600
319,243.005,243.04,242.7964,242.92,2000
320,242.83,242.83,242.83,242.83,200
321,242.87,242.87,242.85,242.85,600
326,242.94,242.94,242.94,242.94,100
327,243.21,243.21,242.8761,242.8761,330
432,243.14,243.14,243.14,243.14,805
433,241.79,242.58,241.31,242.58,811
434,241.7745,241.7745,241.7745,241.7745,100
435,241.79,242.175,241.76,242.175,5700
436,242.089,242.1137,241.8745,242.1045,530
438,241.23,241.44,241.23,241.44,250
440,241.05,241.2616,241.05,241.2616,600
441,240.7745,241,240.7745,241,468
442,241.0132,241.0132,241.0132,241.0132,103
444,240.8849,241.1483,240.8849,240.9986,505
448,241.5041,241.5041,241.5041,241.5041,1000
449,241.5511,241.7299,241.5511,241.7299,371
452,241.523,241.523,241.523,241.523,150
454,241.6321,241.6321,241.6276,241.6276,707
455,241.655,241.7078,241.655,241.7078,1590
457,241.6229,241.76,241.6229,241.76,200
458,241.8377,241.8377,241.8377,241.8377,169
462,241.7177,241.7177,241.7177,241.7177,210
464,241.8975,241.9047,241.8975,241.9047,239
465,241.9903,241.9903,241.9903,241.9903,346
467,241.8685,241.8685,241.8685,241.8685,280
468,241.71,241.71,241.71,241.71,556
469,241.454,241.664,241.454,241.5,504
470,241.5342,241.5342,241.5342,241.5342,100
471,242.08,242.08,241.6378,241.6378,965
864,244.6,244.6,244.6,244.6,2858
865,243.8,243.81,243.8,243.81,200
866,244.36,244.49,244.1061,244.42,1369
868,244.98,244.98,244.451,244.451,1016
869,244.7223,244.7223,244.6334,244.6791,526
870,244.672,244.672,244.672,244.672,200
871,244.5446,244.633,244.5446,244.633,465
872,244.7281,244.7281,244.371,244.45,1320
873,244.6614,244.6614,244.6614,244.6614,500
874,244.5975,244.6483,244.5806,244.6483,610
875,244.7299,244.7299,244.6385,244.6385,411
877,244.3668,244.3668,244.3668,244.3668,383
878,244.5999,244.6,244.5995,244.5995,300
879,244.6649,244.6649,244.6649,244.6649,100
880,244.7702,244.7962,244.7702,244.7962,400
881,244.8036,244.8036,244.72,244.72,1207
883,244.69,244.69,244.69,244.69,100
884,244.65,244.65,244.65,244.65,100
886,244.8082,244.8402,244.8082,244.8402,613
887,244.9,244.9,244.9,244.9,200
888,244.75,244.9999,244.75,244.9999,400
889,245.2583,245.2583,245.2583,245.2583,300
890,245.094,245.094,245.094,245.094,220
891,245.1614,245.1614,245.1614,245.1614,180
892,245.0875,245.0875,245.0875,245.0875,150
893,244.9745,244.9745,244.9745,244.9745,200
894,245.0799,245.0799,245.0799,245.0799,250
895,244.737,244.8648,244.737,244.8648,494
896,244.812,244.812,244.812,244.812,100
899,244.525,244.65,244.51,244.65,400
900,244.5301,244.69,244.5301,244.5589,1292
901,244.9636,244.9636,244.8589,244.8589,563
902,245.0992,245.0992,244.85,244.85,500
903,245.34,245.34,245.2519,245.2519,804
a1497965400,245.11,245.11,245.11,245.11,1814
1,244.8321,244.9011,244.8321,244.9011,1050
2,244.403,245.21,244.403,244.84,1912
3,244.9084,244.9263,244.9084,244.9263,200
4,244.6221,244.6221,244.5,244.515,1170
5,244.7207,244.7244,244.7207,244.7244,1347
6,244.72,245.0712,244.72,244.7917,1154
7,244.68,244.68,244.68,244.68,102
15,244.2456,244.2456,244.2456,244.2456,329
18,244,244,244,244,100
20,243.93,243.94,243.93,243.94,200
23,244.288,244.288,244.171,244.171,545
24,244.2478,244.2478,244.2478,244.2478,172
25,244.2152,244.2152,244.2152,244.2152,108
26,244.2444,244.2444,244.2147,244.2147,1264
28,244.0999,244.3349,244.0999,244.3349,379
29,244.0761,244.0958,244.0761,244.0958,503
30,244.2355,244.2355,244.2355,244.2355,300
31,243.9,243.9,243.9,243.9,394
32,243.42,243.8006,243.42,243.8,579
35,244.0568,244.0568,244.0568,244.0568,139
37,243.4643,243.6002,243.4643,243.6002,305
38,243.3699,243.3807,243.3699,243.3807,241
39,243.47,243.47,243.45,243.45,1336
144,243.37,243.37,243.2,243.2,3786
145,243.9201,243.98,243.39,243.39,4334
146,243.8988,243.92,243.8988,243.92,200
147,243.7815,244,243.7815,244,541
148,244.22,244.22,244.22,244.22,100
149,243.9743,244.1863,243.9743,244.1863,371
150,244.3089,244.3089,244.018,244.018,558
151,244.3206,244.539,244.3206,244.539,635
152,244.81,244.81,244.76,244.76,800
153,244.81,244.8748,244.81,244.8748,530
154,244.499,244.829,244.499,244.829,294
155,244.125,244.18,244.125,244.18,272
158,244.4812,244.56,244.4812,244.56,533
159,244.69,244.69,244.69,244.69,100
160,244.4237,244.6,244.4237,244.6,200
161,244.65,244.65,244.5443,244.5443,275
162,244.3858,244.3858,244.3858,244.3858,100
164,244.55,244.55,244.55,244.55,100
165,244.65,244.65,244.306,244.306,800
167,244.669,244.669,244.669,244.669,100
168,244.5527,244.5527,244.5527,244.5527,100
170,244.699,244.699,244.699,244.699,100
171,244.4895,244.5335,244.4895,244.49,914
172,244.56,244.56,244.56,244.56,100
173,244.57,244.57,244.57,244.57,100
174,244.6999,244.7,244.6999,244.7,200
175,244.7,244.7,244.6217,244.6217,1035
176,244.7782,244.9023,244.56,244.56,400
177,244.9354,245.01,244.9354,245.01,530
178,244.8786,245.025,244.8786,245.025,609
179,244.9722,244.9722,244.9722,244.9722,100
181,245,245,244.97,244.97,236
182,245.02,245.02,244.8781,244.8885,429
183,245.02,245.02,244.86,245,1324
288,245.72,245.72,245.72,245.72,1221
289,244.9,245.2547,244.9,245.2547,506
290,244.9957,245.017,244.71,244.89,1220
292,244.79,244.81,244.67,244.81,500
295,244.7874,244.7874,244.7874,244.7874,244
296,245.0148,245.0148,245.0148,245.0148,123
297,245.3,245.3,245.3,245.3,100
298,245.205,245.47,245.157,245.157,790
299,245.09,245.3257,245.09,245.3257,400
300,245.3721,245.3721,245.2828,245.2828,200
301,245.2448,245.2448,245.2448,245.2448,100
302,245.2052,245.2052,245.2052,245.2052,200
307,245.4524,245.4524,245.4124,245.4124,610
308,245.66,245.66,245.4301,245.4301,2843
309,245.9,245.9,245.9,245.9,100
311,245.9939,245.9939,245.9939,245.9939,123
312,245.88,245.88,245.88,245.88,100
313,245.926,245.9968,245.84,245.84,977
316,245.98,245.99,245.98,245.99,500
317,245.97,245.97,245.97,245.97,400
318,245.75,245.75,245.75,245.75,141
319,245.47,245.5,245.47,245.5,500
323,245.6443,245.7112,245.6443,245.7112,266
324,245.83,245.83,245.83,245.83,100
325,245.48,245.48,245.48,245.48,200
326,245.48,245.555,245.48,245.555,200
327,245.31,245.31,245.2014,245.2014,1296
432,245.43,245.43,245.43,245.43,744
433,244.7568,245.28,244.7568,245.28,718
434,244.7999,244.7999,244.7999,244.7999,200
435,244.54,244.54,244.4,244.4,400
436,244.6677,244.6677,244.6677,244.6677,324
437,245.0488,245.0499,245.0488,245.0499,200
438,245.46,245.46,245.46,245.46,100
439,245.1896,245.1896,245.1896,245.1896,130
441,245.293,245.293,245.293,245.293,100
443,245.6382,245.6399,245.6382,245.6399,330
445,245.6529,245.77,245.6529,245.77,200
446,245.5212,245.5212,245.52,245.52,444
448,246.04,246.04,245.86,245.86,300
450,246.1913,246.1913,246.1913,246.1913,100
452,246.1389,246.1389,246.1389,246.1389,982
456,246.289,246.289,246.2299,246.2299,1000
457,246.156,246.156,246.156,246.156,100
461,246.2644,246.2644,246.2644,246.2644,500
463,246.1835,246.1835,246.1835,246.1835,195
464,246.0246,246.0246,246.0246,246.0246,100
465,246.0638,246.0638,246.0638,246.0638,140
466,245.5334,245.8,245.5334,245.8,1082
467,245.7,245.7,245.7,245.7,100
468,245.6716,245.8393,245.66,245.8393,904
470,245.98,246,245.82,246,516
471,246.45,246.45,245.94,245.99,1560
864,248.31,248.31,248.31,248.31,2993
865,247.6,248.32,247.04,248.32,1580
866,247.7175,247.72,247.505,247.6,1100
867,247.58,247.6317,247.51,247.6317,2000
868,247.1003,247.58,247.1003,247.58,1018
869,246.75,246.75,246.75,246.75,140
870,246.9624,246.9624,246.95,246.95,538
871,246.07,246.75,246.07,246.75,896
872,246.1999,246.1999,246,246.18,527
875,245.2,245.2,245.2,245.2,100
876,245.0228,245.23,245.0228,245.23,500
877,245.2,245.639,245.13,245.639,401
878,245.6987,245.6987,245.53,245.53,370
879,245.5467,245.7684,245.5467,245.7684,650
880,245.8118,245.8118,245.8118,245.8118,350
882,245.695,246.019,245.695,245.9898,1611
883,245.85,245.9008,245.54,245.6642,4103
884,246.0313,246.35,246.0313,246.35,400
885,246.1341,246.1341,246.1341,246.1341,119
886,246.0391,246.0391,245.9514,246.02,303
887,245.9745,245.9745,245.9745,245.9745,100
888,245.9696,246.01,245.9696,246.01,223
889,246,246,246,246,100
891,245.8645,245.8645,245.8645,245.8645,110
892,246.04,246.04,246.04,246.04,100
893,245.8,245.8,245.8,245.8,100
894,245.8007,245.8007,245.8007,245.8007,122
895,245.8086,245.8086,245.8086,245.8086,200
898,245.8183,245.8183,245.65,245.66,600
900,245.8011,245.8011,245.8011,245.8011,200
901,245.8184,245.8184,245.8184,245.8184,100
902,245.58,245.69,245.58,245.69,300
903,245.68,245.92,245.56,245.92,1085
a1498570200,244.74,244.74,244.74,244.74,1057
1,244.3441,244.7204,244.3175,244.7204,825
2,244.4096,244.4096,244.4,244.4,338
3,244.4155,244.45,244.4155,244.45,388
4,244.47,244.5084,244.47,244.5084,200
5,244.5404,244.5404,244.48,244.48,200
6,244.44,244.44,244.44,244.44,100
7,244.48,244.672,244.48,244.672,600
8,244.9408,244.9408,244.6406,244.72,608
9,244.83,244.8638,244.83,244.8638,388
10,244.93,244.93,244.93,244.93,200
12,244.775,244.81,244.768,244.81,1200
13,244.77,244.77,244.7647,244.7647,450
15,244.674,244.75,244.674,244.75,383
16,244.7787,244.7787,244.7787,244.7787,100
17,244.66,244.7875,244.66,244.7875,681
18,244.665,244.665,244.5,244.5,200
19,244.2,244.5127,244.2,244.5127,930
20,244.09,244.1,244.09,244.1,400
21,243.63,244.0983,243.63,244.0983,609
22,243.69,244.02,243.69,243.69,400
23,243.5,243.5001,243.188,243.5001,1354
25,242.9361,243.1001,242.85,243.1,1838
26,242.5971,242.8681,242.5971,242.8681,1185
27,242.7811,242.7811,242.52,242.603,935
28,242.497,242.74,242.41,242.74,870
29,242.32,242.63,242.32,242.63,300
30,242.6708,242.6708,242.4569,242.4569,260
31,242.8753,242.895,242.8753,242.895,300
32,242.54,242.54,242.5313,242.5313,265
33,242.86,242.86,242.8401,242.8401,200
34,242.8,242.8,242.8,242.8,200
35,242.4001,242.6269,242.4001,242.5427,995
36,242.4198,242.5,242.4198,242.5,1047
37,242.12,242.4085,242.12,242.16,905
38,242.157,242.3323,242.0625,242.2986,1417
39,241.76,242,241.63,242,2119
144,242.67,242.67,241.83,241.83,1499
145,242.496,242.78,242.3651,242.77,603
146,242.06,242.06,242.0001,242.0001,200
147,241.71,242.0001,241.71,242,1115
148,241.82,241.82,241.81,241.81,300
150,242.5265,242.5265,242.5265,242.5265,100
151,242.6301,243,242.53,242.53,925
152,243.2765,243.415,243.2765,243.34,400
153,243.49,243.49,243.49,243.49,200
154,243.53,243.53,243.425,243.425,600
156,243.5624,243.5624,243.5624,243.5624,400
157,243.3941,243.3941,243.3941,243.3941,200
158,243.268,243.268,243.268,243.268,171
159,243.77,243.77,243.68,243.68,300
161,243.5333,243.5333,243.5333,243.5333,300
162,243.77,243.77,243.77,243.77,100
163,243.77,243.77,243.77,243.77,219
165,244.3025,244.3025,244.021,244.021,360
169,244.54,244.54,244.54,244.54,750
172,244.2902,244.2902,244.2902,244.2902,422
174,244.3311,244.55,244.3311,244.55,855
177,244.3384,244.3384,244.3384,244.3384,153
178,244.1837,244.1837,244.1837,244.1837,100
179,244.6879,244.6879,244.5934,244.6624,628
180,244.795,244.795,244.795,244.795,200
182,244.82,244.82,244.796,244.796,200
183,244.98,244.98,244.8,244.9116,1403
288,244.66,244.66,244.66,244.66,1619
289,244.04,244.424,243.8,244.424,1762
290,243.06,243.8,243.06,243.8,463
291,243.1942,243.28,243.1898,243.28,535
292,243,243.36,243,243.2196,1398
293,242.39,242.9,242.32,242.9,500
294,242.8075,242.8075,242.8075,242.8075,200
295,242.6163,242.6163,242.6163,242.6163,100
297,243.075,243.075,243.02,243.02,200
298,242.25,242.8565,242.25,242.815,1586
299,241.8581,242.13,241.7,242.13,600
300,241.37,241.7,241.37,241.7,995
301,241.4216,241.4216,240.59,241.17,2897
302,241.6184,241.8199,241.415,241.415,578
303,240.751,241.295,240.751,241.295,500
304,241.2076,241.2076,241,241,240
305,241.2185,241.58,241.1485,241.51,400
306,241.25,241.3259,241.25,241.3259,514
308,241.2361,241.2361,241.2361,241.2361,100
309,240.86,240.86,240.75,240.75,370
310,240.15,240.8126,240.13,240.8126,1712
311,240.51,240.51,240.15,240.2532,885
312,239.48,240.2617,239.47,240.03,4268
313,240.1616,240.1616,239.48,239.49,1730
314,240.1,240.1,240.1,240.1,100
315,240,240,239.9378,239.9378,410
316,239.96,240.33,239.96,240.33,725
317,240.5613,240.5613,240.4897,240.4897,300
318,240.9879,240.989,240.5392,240.5392,1170
319,240.9,240.9555,240.625,240.9555,2975
320,240.69,241.0352,240.69,240.9,3025
321,240.7079,240.7079,240.54,240.54,200
322,241.482,241.482,240.975,240.975,730
323,240.9866,241.32,240.9866,241.32,200
324,241.5393,241.555,241.531,241.555,507
325,241.923,241.965,241.5278,241.5278,1700
326,241.66,241.883,241.65,241.8409,960
327,241.78,241.8832,241.52,241.8108,2084
432,240.84,240.84,240.84,240.84,1541
433,242,242,241.75,241.75,1200
434,242.102,242.3,242.102,242.3,200
436,241.2414,241.4817,241.2414,241.4817,575
437,240.9736,241.16,240.9736,241.16,500
439,241.2865,241.2865,241.2865,241.2865,400
441,241.673,241.673,241.673,241.673,142
443,241.3801,241.3801,241.3801,241.3801,100
444,241.7645,241.7645,241.7645,241.7645,100
445,241.749,241.749,241.2983,241.31,600
446,241.5004,241.5004,241.5004,241.5004,121
448,241.7654,241.8667,241.6917,241.6917,940
450,242.1,242.1,242.1,242.1,150
451,242.06,242.06,242.06,242.06,100
452,241.56,241.57,241.56,241.57,200
453,241.53,241.54,241.53,241.54,300
454,241.6647,241.675,241.6647,241.675,240
455,241.7943,241.7943,241.7943,241.7943,155
461,242.058,242.058,241.86,241.92,1000
463,242.09,242.09,242.09,242.09,123
464,242.0088,242.0088,242.0088,242.0088,100
466,242.234,242.234,242.2302,242.2302,411
467,242,242.23,242,242.23,1532
468,241.96,241.96,241.96,241.96,318
470,241.9992,242,241.9113,241.996,1570
471,241.55,241.9,241.36,241.9,920
864,242.66,242.66,242.66,242.66,2129
865,242.29,242.535,242.29,242.535,300
866,242.29,242.29,242.29,242.29,300
867,242.1316,242.1316,242.1316,242.1316,100
868,242.0432,242.0835,242.0432,242.0593,916
869,242.0044,242.29,242.0044,242.0938,3545
870,241.55,241.57,241.55,241.57,200
871,241.5192,241.77,241.5192,241.6541,2478
872,241.515,241.515,241.515,241.515,100
873,240.9752,241.4019,240.9752,241.4019,668
874,240.22,240.9475,240.22,240.9475,1313
875,240.2932,240.2932,240.2932,240.2932,1000
876,240.8338,240.8338,240.6,240.6,878
877,240.9279,240.9279,240.925,240.925,468
878,240.956,240.956,240.9229,240.9229,200
880,240.91,241.18,240.91,241.18,470
881,240.43,240.54,240.43,240.54,500
882,240.48,240.48,240.3,240.3,700
883,240.31,240.53,240.31,240.31,1823
884,240.3741,240.3741,240.23,240.23,700
885,240.46,240.62,240.28,240.53,1228
a1499261400,241.02,241.02,241.02,241.02,1975
1,240.9991,241.02,240.72,241.02,623
2,240.5,240.8718,240.5,240.7882,1209
4,240.044,240.4366,239.82,240.4366,585
5,240.01,240.108,240.01,240.108,400
6,239.8,239.8,239.7991,239.8,364
7,240.5,240.5,239.88,239.88,595
9,241.136,241.136,241.136,241.136,100
11,241.035,241.035,241.035,241.035,280
14,240.9014,240.9641,240.9014,240.9014,636
16,240.9201,240.9201,240.9201,240.9201,200
17,241.28,241.28,241.28,241.28,100
19,241.29,241.29,241.29,241.29,100
20,241.2904,241.42,241.2904,241.35,636
22,241.39,241.39,241.39,241.39,100
26,241.7621,241.7621,241.7621,241.7621,775
27,241.615,241.615,241.615,241.615,120
28,241.76,241.76,241.76,241.76,100
30,241.76,241.76,241.5,241.5,981
31,242.1258,242.1258,241.9388,241.9388,313
32,242.1295,242.14,242.1295,242.14,200
33,241.65,241.6725,241.65,241.6725,212
34,241.3663,241.3663,241.3663,241.3663,600
35,241.4501,241.4501,241.3959,241.3959,408
36,241.4064,241.4196,241.4064,241.4196,721
37,241.25,241.425,241.24,241.425,1251
38,241.65,241.6844,241.28,241.28,6863
39,241.85,241.85,241.48,241.665,611
