EXCHANGE%3DNASDAQ
MARKET_OPEN_MINUTE=570
MARKET_CLOSE_MINUTE=960
INTERVAL=600
COLUMNS=DATE,CLOSE,HIGH,LOW,OPEN,VOLUME
DATA=
TIMEZONE_OFFSET=-240
a1493127000,59.27,59.27,59.27,59.27,2561
1,59.3005,59.3005,59.3005,59.3005,716
2,59.4823,59.4823,59.3975,59.43,1972
4,59.5765,59.5765,59.4806,59.4806,412
5,59.55,59.64,59.55,59.64,300
6,59.5092,59.555,59.48,59.555,952
7,59.499,59.499,59.478,59.478,660
8,59.449,59.469,59.43,59.45,1442
9,59.396,59.42,59.396,59.42,455
10,59.429,59.44,59.429,59.44,333
11,59.4625,59.48,59.4625,59.48,1319
12,59.45,59.46,59.4174,59.4174,741
13,59.425,59.428,59.3446,59.3446,1280
14,59.398,59.41,59.3881,59.395,797
16,59.4021,59.4021,59.4021,59.4021,101
17,59.4,59.4,59.4,59.4,100
18,59.439,59.439,59.43,59.43,979
20,59.385,59.385,59.385,59.385,196
21,59.3778,59.3778,59.3778,59.3778,100
22,59.429,59.429,59.38,59.38,1597
23,59.435,59.435,59.3975,59.3975,452
24,59.45,59.45,59.4142,59.4142,542
25,59.425,59.425,59.3784,59.3784,674
26,59.4068,59.4068,59.4068,59.4068,135
27,59.46,59.468,59.4116,59.4206,855
28,59.49,59.49,59.49,59.49,100
29,59.4701,59.4701,59.4701,59.4701,586
30,59.4427,59.4774,59.4375,59.4774,1711
31,59.463,59.4718,59.463,59.4718,3316
33,59.4001,59.43,59.4001,59.43,29751
34,59.43,59.43,59.43,59.43,100
35,59.4519,59.4519,59.43,59.43,5876
36,59.4456,59.4456,59.4456,59.4456,171
37,59.4331,59.4497,59.4331,59.4497,269
38,59.4361,59.4361,59.4206,59.4206,638
39,59.29,59.4,59.29,59.4,2434
144,59.29,59.29,59.29,59.29,610
145,58.98,59.5038,58.98,58.98,2081
146,59.3307,59.3308,59.27,59.29,1652
151,59.42,59.42,59.42,59.42,100
152,59.3519,59.3519,59.3519,59.3519,508
154,59.4401,59.4401,59.4401,59.4401,125
156,59.51,59.51,59.51,59.51,100
158,59.52,59.52,59.52,59.52,100
159,59.4671,59.4671,59.4671,59.4671,525
160,59.5244,59.5244,59.5244,59.5244,120
164,59.54,59.54,59.54,59.54,460
165,59.65,59.65,59.65,59.65,400
166,59.7037,59.7037,59.7037,59.7037,125
167,59.7168,59.7168,59.7168,59.7168,190
168,59.7087,59.7087,59.7087,59.7087,200
169,59.64,59.64,59.64,59.64,400
170,59.662,59.662,59.662,59.662,200
173,59.5601,59.5912,59.5601,59.5912,1887
175,59.66,59.66,59.6347,59.6347,400
177,59.672,59.672,59.672,59.672,141
179,59.7071,59.7071,59.7071,59.7071,563
180,59.6586,59.7041,59.6586,59.7041,1861
182,59.4889,59.544,59.4889,59.544,352
183,59.43,59.5,59.43,59.4894,581
288,59.57,59.57,59.57,59.57,389
289,59.57,59.57,59.57,59.57,230
290,59.631,59.64,59.43,59.5192,2475
293,59.6807,59.6807,59.6807,59.6807,123
294,59.5703,59.5703,59.5703,59.5703,211
295,59.5331,59.6,59.49,59.49,487
297,59.4083,59.4083,59.4083,59.4083,629
298,59.48,59.48,59.48,59.48,100
300,59.4701,59.4712,59.459,59.4712,1150
301,59.3987,59.44,59.398,59.44,450
302,59.35,59.35,59.3101,59.3101,220
303,59.27,59.3297,59.27,59.3297,765
304,59.3969,59.3969,59.334,59.334,1396
305,59.41,59.41,59.41,59.41,100
306,59.419,59.419,59.3968,59.3968,725
307,59.43,59.43,59.356,59.3854,1219
308,59.5099,59.5099,59.4115,59.4115,462
309,59.59,59.59,59.5128,59.5292,697
311,59.5761,59.5891,59.537,59.537,701
312,59.5672,59.5672,59.5672,59.5672,339
313,59.57,59.57,59.57,59.57,100
314,59.5557,59.5636,59.5557,59.5636,216
315,59.531,59.531,59.531,59.531,275
316,59.55,59.55,59.55,59.55,100
317,59.5399,59.5399,59.5399,59.5399,513
318,59.53,59.55,59.5,59.5,1199
319,59.5666,59.61,59.5666,59.61,331
320,59.6,59.6,59.6,59.6,100
321,59.5707,59.571,59.5163,59.571,1051
322,59.51,59.53,59.4907,59.4907,325
323,59.5779,59.5779,59.5779,59.5779,116
324,59.5654,59.5654,59.5654,59.5654,1134
325,59.559,59.56,59.559,59.56,868
326,59.51,59.51,59.4872,59.4872,400
327,59.5,59.5,59.463,59.47,1005
432,59.57,59.57,59.57,59.57,1419
433,59.3839,59.57,59.2688,59.57,4494
434,59.3289,59.3289,59.3289,59.3289,394
435,59.369,59.369,59.28,59.28,307
436,59.2456,59.3,59.2456,59.3,218
437,59.22,59.24,59.22,59.24,200
438,59.1247,59.128,59.1247,59.128,454
439,59.031,59.05,59.031,59.05,1380
440,59.07,59.09,59.07,59.09,300
441,58.9945,58.9945,58.9945,58.9945,340
442,58.9901,59.06,58.9901,59.06,231
443,58.966,58.9786,58.9037,58.9786,1145
444,58.93,58.965,58.93,58.965,644
446,58.84,58.9011,58.84,58.9011,580
450,58.9656,58.9656,58.9656,58.9656,232
451,58.9135,58.9135,58.9135,58.9135,170
452,58.88,58.9,58.88,58.9,595
453,58.92,58.95,58.92,58.95,619
454,58.9335,58.9335,58.9335,58.9335,350
455,58.92,58.92,58.92,58.92,100
457,58.8901,58.8901,58.8901,58.8901,109
458,58.9122,58.9275,58.89,58.92,1990
459,58.9013,58.916,58.89,58.916,763
460,58.8893,58.93,58.8893,58.9115,3095
461,58.88,58.88,58.87,58.8799,504
462,58.8406,58.8406,58.8406,58.8406,224
463,58.8605,58.8732,58.8605,58.8732,2504
464,58.8899,58.8899,58.8899,58.8899,171
465,58.8372,58.8372,58.8372,58.8372,160
466,58.8809,58.8809,58.8809,58.8809,174
467,58.8901,58.8901,58.8901,58.8901,225
469,58.87,58.87,58.87,58.87,100
471,58.77,58.9165,58.77,58.9165,1499
864,59.02,59.02,59.02,59.02,651
865,58.836,58.8708,58.836,58.8708,299
866,58.98,59.0008,58.8592,59.0008,1698
867,58.83,58.876,58.83,58.876,604
868,58.71,58.74,58.71,58.7204,438
869,58.636,58.67,58.636,58.67,348
871,58.8099,58.8099,58.8099,58.8099,1685
873,58.8279,58.84,58.8279,58.84,580
874,58.8699,58.8699,58.8699,58.8699,117
875,58.894,58.894,58.894,58.894,101
876,58.8684,58.874,58.837,58.837,649
877,58.7804,58.82,58.7804,58.7926,626
878,58.84,58.84,58.8238,58.8238,206
880,58.9464,58.9464,58.9464,58.9464,228
881,58.975,58.975,58.975,58.975,359
885,58.87,58.87,58.87,58.87,100
887,58.854,58.854,58.854,58.854,300
889,58.9835,58.9835,58.9797,58.9797,318
891,59.06,59.06,59.06,59.06,284
893,59.08,59.08,59.08,59.08,100
894,59.01,59.035,59.01,59.0101,1142
895,59.0004,59.0004,59.0004,59.0004,288
896,58.97,58.9737,58.97,58.9737,679
897,58.9196,58.9196,58.9196,58.9196,151
898,58.929,58.975,58.929,58.975,939
899,58.9896,58.9896,58.9896,58.9896,174
900,59,59,59,59,719
901,58.943,58.943,58.943,58.943,118
902,59.02,59.02,59.004,59.0137,2300
903,59.03,59.03,59.03,59.03,249
a1493731800,59.08,59.08,59.08,59.08,389
1,59.08,59.08,59.08,59.08,623
2,58.8801,59.03,58.8801,59.03,927
3,58.7842,58.7842,58.7842,58.7842,202
4,58.785,58.788,58.686,58.686,1100
5,58.72,58.75,58.704,58.704,499
6,58.8403,58.8403,58.789,58.789,428
7,58.819,58.86,58.815,58.84,913
8,58.7367,58.7367,58.7367,58.7367,483
9,58.79,58.79,58.79,58.79,100
10,58.785,58.8,58.7829,58.7829,2507
13,58.8199,58.8199,58.7606,58.7606,1770
14,58.7972,58.7972,58.7972,58.7972,187
15,58.775,58.775,58.737,58.737,1904
16,58.8146,58.8146,58.7601,58.7952,688
17,58.815,58.823,58.815,58.823,697
18,58.81,58.81,58.81,58.81,143
19,58.86,58.86,58.86,58.86,189
21,58.85,58.85,58.7996,58.7996,905
22,58.83,58.83,58.83,58.83,331
24,58.775,58.775,58.775,58.775,122
25,58.8041,58.8041,58.7929,58.7929,669
27,58.79,58.808,58.7836,58.808,1059
28,58.78,58.78,58.78,58.78,200
29,58.7967,58.8499,58.7967,58.8499,854
30,58.77,58.82,58.77,58.8082,1154
31,58.73,58.77,58.7179,58.769,1671
32,58.75,58.75,58.75,58.75,100
33,58.72,58.72,58.72,58.72,100
34,58.74,58.74,58.74,58.74,500
35,58.7401,58.7572,58.681,58.681,387
36,58.77,58.77,58.7333,58.77,718
37,58.76,58.7603,58.7484,58.76,4392
38,58.79,58.79,58.7636,58.7793,1375
39,58.86,58.86,58.827,58.8296,3907
144,58.69,58.69,58.69,58.69,716
145,58.63,58.63,58.63,58.63,400
146,58.71,58.75,58.71,58.75,800
147,58.636,58.7196,58.636,58.7196,823
149,58.5059,58.553,58.45,58.45,769
150,58.5262,58.5262,58.5262,58.5262,141
151,58.41,58.41,58.41,58.41,136
152,58.46,58.46,58.46,58.46,100
153,58.3336,58.337,58.3336,58.337,218
155,58.45,58.45,58.45,58.45,100
156,58.469,58.469,58.469,58.469,443
157,58.43,58.461,58.43,58.461,840
158,58.47,58.47,58.435,58.435,2905
160,58.4503,58.4503,58.3814,58.3814,797
161,58.3977,58.3977,58.3977,58.3977,180
164,58.425,58.462,58.42,58.462,2166
167,58.484,58.484,58.484,58.484,262
168,58.4893,58.4893,58.4893,58.4893,356
170,58.4399,58.4399,58.4399,58.4399,600
171,58.47,58.47,58.4629,58.47,1000
173,58.3899,58.446,58.3899,58.446,480
174,58.3997,58.3997,58.3997,58.3997,1939
175,58.4275,58.4275,58.4275,58.4275,347
177,58.4691,58.4691,58.4358,58.4358,1687
178,58.49,58.49,58.49,58.49,100
180,58.4927,58.4927,58.44,58.44,378
181,58.4945,58.51,58.4945,58.51,802
182,58.5632,58.5632,58.535,58.54,791
183,58.5,58.58,58.5,58.58,322
288,58.64,58.64,58.64,58.64,993
289,58.692,58.692,58.692,58.692,283
291,58.4589,58.5165,58.44,58.5,5355
292,58.5099,58.5099,58.5099,58.5099,140
293,58.482,58.482,58.44,58.44,288
295,58.458,58.4899,58.4496,58.4496,802
296,58.4205,58.4205,58.4205,58.4205,157
298,58.44,58.44,58.38,58.38,608
300,58.4493,58.4493,58.4493,58.4493,425
301,58.366,58.366,58.366,58.366,443
302,58.43,58.487,58.43,58.487,1520
303,58.467,58.467,58.467,58.467,149
304,58.34,58.3905,58.34,58.3871,382
305,58.1922,58.1922,58.1922,58.1922,100
306,58.19,58.19,58.19,58.19,258
307,58.2367,58.2367,58.2367,58.2367,119
308,58.2852,58.2852,58.2852,58.2852,149
309,58.3355,58.3355,58.3355,58.3355,124
311,58.3553,58.3553,58.3553,58.3553,100
313,58.28,58.3154,58.28,58.3154,825
314,58.3907,58.3907,58.3529,58.3529,684
317,58.4676,58.4676,58.4676,58.4676,187
318,58.455,58.455,58.455,58.455,200
319,58.5063,58.5063,58.4365,58.47,441
320,58.5407,58.5407,58.4652,58.4652,1255
321,58.482,58.5272,58.482,58.5272,574
322,58.4924,58.4924,58.4924,58.4924,400
323,58.4304,58.4304,58.4304,58.4304,1225
324,58.4938,58.4938,58.4938,58.4938,129
325,58.4837,58.4837,58.4292,58.4292,486
326,58.4916,58.51,58.4762,58.5,14652
327,58.54,58.54,58.54,58.54,131
432,58.71,58.71,58.71,58.71,1808
433,58.77,58.77,58.77,58.77,485
434,58.732,58.732,58.68,58.68,1458
435,58.6392,58.7356,58.6392,58.7356,921
436,58.6604,58.6604,58.581,58.581,511
438,58.58,58.58,58.58,58.58,100
439,58.5299,58.5299,58.481,58.4926,815
441,58.668,58.668,58.654,58.654,645
442,58.742,58.76,58.73,58.76,338
443,58.748,58.748,58.748,58.748,237
444,58.71,58.8299,58.71,58.8299,417
447,58.835,58.835,58.8063,58.8063,499
448,58.82,58.8303,58.8152,58.83,775
449,58.769,58.769,58.769,58.769,144
452,58.697,58.697,58.697,58.697,102
453,58.7545,58.7545,58.7545,58.7545,1150
454,58.79,58.79,58.79,58.79,100
458,58.7809,58.8023,58.7809,58.8023,1102
461,58.854,58.854,58.854,58.854,245
463,58.8544,58.88,58.8544,58.88,1895
464,58.8924,58.91,58.869,58.8899,3465
465,58.9,58.9,58.9,58.9,165
466,58.95,58.95,58.95,58.95,718
467,58.8999,58.93,58.8999,58.93,243
468,58.97,58.97,58.88,58.89,90126
470,58.9589,58.9589,58.9589,58.9589,169
471,58.98,58.98,58.98,58.98,100
865,59.062,59.062,58.96,58.96,487
866,58.8484,58.97,58.8484,58.8776,939
867,58.8788,58.8788,58.8788,58.8788,265
868,58.92,58.92,58.8836,58.8836,588
870,58.7705,58.78,58.72,58.78,1323
872,58.816,58.816,58.7248,58.7248,1050
873,58.75,58.75,58.75,58.75,100
876,58.59,58.59,58.59,58.59,200
877,58.6062,58.6062,58.6062,58.6062,235
879,58.582,58.63,58.582,58.63,200
880,58.6174,58.6174,58.6174,58.6174,483
882,58.57,58.5985,58.5615,58.5985,1451
889,58.7653,58.7653,58.7653,58.7653,170
890,58.797,58.797,58.797,58.797,839
892,58.8437,58.8443,58.8071,58.8071,2265
893,58.858,58.858,58.858,58.858,1514
895,58.7196,58.797,58.7196,58.797,880
896,58.7341,58.76,58.7341,58.7364,913
898,58.6864,58.735,58.6864,58.735,352
899,58.732,58.732,58.732,58.732,130
900,58.7242,58.7283,58.72,58.72,800
902,58.698,58.698,58.6649,58.6649,737
903,58.76,58.76,58.6801,58.6801,232
a1494336600,58.82,58.82,58.82,58.82,978
1,58.82,58.82,58.82,58.82,646
2,58.7499,58.764,58.68,58.764,2544
3,58.7076,58.7076,58.6615,58.7006,935
6,58.5982,58.5982,58.5982,58.5982,157
7,58.6856,58.7599,58.6856,58.7599,321
9,58.71,58.71,58.6748,58.6748,321
10,58.6819,58.6819,58.68,58.68,1871
11,58.65,58.65,58.65,58.65,100
12,58.569,58.569,58.569,58.569,127
13,58.6553,58.6553,58.57,58.57,500
15,58.7555,58.7799,58.7555,58.7799,344
16,58.7483,58.7483,58.7483,58.7483,300
17,58.7552,58.7666,58.7552,58.7666,808
18,58.7225,58.7439,58.7225,58.7439,293
19,58.6999,58.6999,58.6675,58.6894,772
20,58.66,58.68,58.66,58.666,919
23,58.6899,58.6899,58.6899,58.6899,210
24,58.57,58.6882,58.57,58.6882,998
25,58.625,58.6399,58.625,58.6399,440
26,58.6575,58.6638,58.64,58.6537,1768
27,58.6996,58.6996,58.6996,58.6996,178
28,58.6755,58.702,58.6755,58.702,1004
33,58.661,58.6637,58.661,58.6637,436
35,58.6703,58.699,58.6702,58.699,990
37,58.5103,58.5103,58.5103,58.5103,253
39,58.58,58.61,58.54,58.54,423
144,58.49,58.49,58.49,58.49,561
145,58.5614,58.5614,58.5614,58.5614,116
146,58.616,58.6499,58.5343,58.6499,598
148,58.774,58.774,58.74,58.74,456
149,58.69,58.69,58.69,58.69,200
151,58.4904,58.54,58.4852,58.4852,705
152,58.5399,58.54,58.5399,58.54,1735
154,58.5501,58.5878,58.5501,58.5878,316
155,58.6505,58.67,58.6505,58.66,1409
156,58.643,58.643,58.623,58.623,334
157,58.6334,58.6596,58.583,58.6596,845
158,58.6475,58.6475,58.6475,58.6475,1024
159,58.6683,58.6683,58.6451,58.6451,982
160,58.6348,58.67,58.6223,58.6223,868
161,58.6996,58.6996,58.677,58.677,378
163,58.7072,58.7072,58.7072,58.7072,431
164,58.7058,58.7058,58.7058,58.7058,185
165,58.7599,58.7599,58.745,58.745,204
166,58.82,58.82,58.7958,58.7958,1124
167,58.7418,58.7418,58.7418,58.7418,1732
170,58.81,58.81,58.775,58.775,624
171,58.77,58.77,58.77,58.77,280
173,58.7801,58.7801,58.7801,58.7801,358
174,58.7929,58.8142,58.7929,58.8142,543
176,58.8412,58.8599,58.8412,58.8599,321
177,58.8106,58.8499,58.8106,58.8499,3424
179,58.8526,58.8612,58.8526,58.8612,376
180,58.8326,58.8326,58.8326,58.8326,215
181,58.8121,58.8121,58.8048,58.8048,540
182,58.77,58.77,58.77,58.77,2078
183,58.87,58.89,58.87,58.89,800
288,58.74,58.74,58.74,58.74,782
289,58.92,58.92,58.92,58.92,302
290,58.4432,58.54,58.4432,58.54,380
291,58.362,58.362,58.362,58.362,169
292,58.1927,58.1927,58.1927,58.1927,194
293,58.22,58.2204,58.22,58.2203,344
294,58.1196,58.17,58.0871,58.17,537
295,58.07,58.143,58.07,58.143,569
296,58.2,58.2,58.2,58.2,100
298,58.4096,58.4199,58.362,58.362,368
299,58.52,58.52,58.496,58.52,338
300,58.5033,58.5033,58.5033,58.5033,300
301,58.513,58.513,58.513,58.513,186
302,58.465,58.465,58.4401,58.4401,399
303,58.4953,58.4953,58.4953,58.4953,600
306,58.5618,58.5618,58.5618,58.5618,358
307,58.5504,58.5504,58.5504,58.5504,500
308,58.57,58.57,58.57,58.57,699
309,58.4944,58.505,58.4701,58.505,1440
311,58.5376,58.5376,58.5376,58.5376,241
312,58.53,58.53,58.53,58.53,281
313,58.4985,58.5064,58.4985,58.5064,261
315,58.6,58.6,58.56,58.5644,980
316,58.5853,58.5853,58.5853,58.5853,100
317,58.54,58.54,58.5,58.51,1825
318,58.65,58.65,58.6316,58.6316,795
319,58.5501,58.6,58.5501,58.6,2046
321,58.5552,58.5635,58.55,58.55,1074
322,58.5577,58.5774,58.5577,58.5774,8657
326,58.5858,58.5858,58.5858,58.5858,221
327,58.58,58.58,58.491,58.5,1365
432,58.43,58.43,58.43,58.43,692
433,58.31,58.34,58.3,58.34,592
434,58.2794,58.2794,58.22,58.22,246
436,58.2835,58.2835,58.2835,58.2835,1000
438,58.1217,58.2272,58.09,58.16,804
439,58.15,58.15,58.128,58.128,1236
440,58.1438,58.1438,58.1438,58.1438,100
442,58.2393,58.2393,58.2393,58.2393,114
444,58.1819,58.1819,58.174,58.174,739
445,58.2,58.2,58.2,58.2,400
446,58.2166,58.2499,58.2063,58.2248,2194
447,58.19,58.19,58.19,58.19,100
448,58.1915,58.2296,58.17,58.17,629
449,58.171,58.171,58.171,58.171,261
450,58.21,58.21,58.21,58.21,200
451,58.2597,58.2597,58.2597,58.2597,515
453,58.2296,58.2299,58.2273,58.2273,889
455,58.1736,58.1736,58.16,58.16,427
457,58.2,58.2,58.2,58.2,200
458,58.1974,58.1974,58.177,58.177,595
459,58.2312,58.2312,58.2312,58.2312,275
460,58.1628,58.1873,58.1628,58.1873,578
461,58.182,58.182,58.161,58.161,850
462,58.1529,58.1529,58.138,58.138,995
463,58.1474,58.1474,58.1361,58.1361,400
464,58.1514,58.1514,58.12,58.12,365
465,58.17,58.17,58.17,58.17,200
471,58.13,58.13,58.13,58.13,426
865,58.5251,58.5251,58.5251,58.5251,103
866,58.54,58.54,58.54,58.54,100
867,58.64,58.64,58.64,58.64,240
868,58.65,58.7187,58.65,58.69,6216
869,58.65,58.6937,58.65,58.6937,400
871,58.6957,58.6957,58.6957,58.6957,382
872,58.695,58.7,58.6686,58.69,4327
874,58.7501,58.7681,58.7501,58.7681,662
875,58.7475,58.76,58.7001,58.75,1498
876,58.7372,58.7372,58.7201,58.7201,478
877,58.7866,58.7866,58.7866,58.7866,129
878,58.7052,58.75,58.7052,58.7342,1337
880,58.74,58.74,58.74,58.74,100
881,58.6629,58.6629,58.65,58.66,1236
882,58.6208,58.692,58.6208,58.692,555
883,58.683,58.683,58.6313,58.6313,359
884,58.6896,58.7,58.6896,58.7,662
885,58.71,58.71,58.71,58.71,100
887,58.66,58.6768,58.66,58.6768,424
889,58.746,58.746,58.746,58.746,176
892,58.7146,58.7146,58.7146,58.7146,105
893,58.6701,58.6701,58.6701,58.6701,290
894,58.5253,58.6441,58.5253,58.6441,1896
895,58.528,58.528,58.528,58.528,375
896,58.5145,58.5145,58.5145,58.5145,171
897,58.5069,58.5069,58.5,58.5,325
898,58.52,58.52,58.5056,58.5056,200
900,58.548,58.548,58.49,58.54,319
901,58.5086,58.51,58.5086,58.51,917
902,58.63,58.63,58.5497,58.5497,9497
903,58.6,58.64,58.6,58.64,1730
a1494941400,58.67,58.67,58.67,58.67,200
1,58.6799,58.7,58.6,58.7,538
2,58.461,58.5346,58.461,58.5346,1358
3,58.45,58.5428,58.45,58.5428,647
6,58.32,58.32,58.32,58.32,100
7,58.2824,58.3962,58.2824,58.3962,227
8,58.27,58.27,58.25,58.2628,900
9,58.265,58.3299,58.2423,58.2423,2936
14,58.4065,58.4065,58.3872,58.3872,290
16,58.41,58.42,58.41,58.42,400
18,58.47,58.47,58.47,58.47,1100
19,58.4136,58.4136,58.4136,58.4136,140
20,58.438,58.438,58.4173,58.4173,391
22,58.4347,58.4347,58.3986,58.3986,928
23,58.4554,58.4554,58.4456,58.4456,1285
24,58.42,58.425,58.42,58.425,200
26,58.445,58.445,58.394,58.394,687
27,58.4269,58.468,58.4269,58.4665,995
28,58.4446,58.458,58.4324,58.458,770
29,58.4405,58.4405,58.4,58.41,2969
30,58.3935,58.4199,58.37,58.4199,956
32,58.4,58.46,58.4,58.44,2676
34,58.4705,58.4705,58.46,58.46,444
35,58.46,58.46,58.46,58.46,307
37,58.48,58.48,58.48,58.48,300
38,58.5,58.5,58.5,58.5,227
39,58.48,58.505,58.48,58.505,340
144,57.78,57.78,57.78,57.78,1915
145,57.62,57.62,57.34,57.34,291
147,57.5676,57.71,57.5676,57.71,442
149,57.67,57.67,57.66,57.66,429
150,57.6057,57.6057,57.6057,57.6057,200
151,57.629,57.629,57.629,57.629,134
153,57.4428,57.49,57.4428,57.49,473
154,57.3672,57.4185,57.3672,57.3952,816
155,57.39,57.39,57.39,57.39,100
157,57.422,57.422,57.422,57.422,255
159,57.4688,57.48,57.4688,57.48,394
161,57.442,57.48,57.4404,57.4404,605
162,57.36,57.4264,57.36,57.4264,1301
163,57.4104,57.4104,57.4104,57.4104,262
164,57.47,57.47,57.47,57.47,100
165,57.4658,57.48,57.459,57.4799,1110
166,57.4642,57.4742,57.4642,57.4742,221
167,57.4528,57.4528,57.44,57.44,200
171,57.35,57.4499,57.35,57.4499,327
172,57.4499,57.4499,57.4499,57.4499,225
173,57.32,57.32,57.28,57.28,364
174,57.265,57.2799,57.2,57.25,2192
175,57.2647,57.2647,57.18,57.21,4220
176,57.132,57.203,57.132,57.203,810
177,57.2401,57.2401,57.2,57.2,875
178,57.2683,57.2683,57.205,57.205,3740
179,57.2526,57.253,57.187,57.253,1038
180,57.34,57.34,57.34,57.34,100
181,57.34,57.3744,57.33,57.37,482
182,57.3199,57.32,57.3199,57.32,245
183,57.06,57.2094,57.06,57.2094,1400
288,57.01,57.01,57.01,57.01,768
290,56.9561,56.9561,56.95,56.95,484
291,56.87,56.876,56.86,56.86,600
293,57.0601,57.13,57.0601,57.08,1090
294,57.0606,57.0934,57.0606,57.0934,521
295,57.21,57.28,57.1867,57.1867,1377
296,57.1799,57.219,57.175,57.219,1214
297,57.18,57.18,57.16,57.16,1100
298,57.29,57.29,57.24,57.24,428
299,57.2639,57.2639,57.2639,57.2639,104
300,57.2904,57.34,57.2716,57.2716,472
301,57.3219,57.3219,57.3219,57.3219,680
302,57.1949,57.1949,57.1949,57.1949,186
303,57.1593,57.1593,57.1593,57.1593,250
304,57.12,57.12,57.12,57.12,600
305,57.0994,57.0994,57.0994,57.0994,164
306,57.24,57.24,57.24,57.24,488
308,57.1207,57.1207,57.1101,57.1101,387
309,57.135,57.135,57.135,57.135,267
310,57.112,57.112,57.1001,57.1001,2660
311,57.14,57.14,57.1239,57.1239,219
317,57.33,57.33,57.33,57.33,100
318,57.3772,57.3772,57.3772,57.3772,470
320,57.37,57.4098,57.37,57.4001,1202
321,57.293,57.37,57.293,57.37,2252
322,57.2899,57.3074,57.2899,57.3074,507
323,57.26,57.2607,57.26,57.2607,885
324,57.26,57.3199,57.26,57.3,2301
325,57.3,57.31,57.288,57.31,19141
326,57.3905,57.3905,57.29,57.29,1217
327,57.2,57.37,57.2,57.36,876
432,57.41,57.41,57.41,57.41,621
434,57.6062,57.6062,57.5128,57.55,804
435,57.6301,57.6301,57.6173,57.6173,783
436,57.5962,57.5962,57.5962,57.5962,122
437,57.736,57.736,57.7019,57.7019,524
438,57.6553,57.69,57.6553,57.69,588
439,57.775,57.775,57.7541,57.7541,416
440,57.7386,57.7386,57.7288,57.7288,520
441,57.76,57.76,57.76,57.76,100
442,57.7262,57.75,57.7262,57.734,669
443,57.691,57.7428,57.691,57.7222,1357
444,57.6999,57.6999,57.6301,57.6301,486
446,57.6847,57.6847,57.6847,57.6847,190
448,57.7445,57.7445,57.7445,57.7445,378
449,57.7272,57.789,57.7272,57.7446,1247
451,57.771,57.771,57.771,57.771,380
452,57.83,57.83,57.82,57.82,4300
453,57.8529,57.8529,57.8529,57.8529,232
454,57.836,57.836,57.836,57.836,103
455,57.8246,57.845,57.8246,57.83,438
456,57.826,57.878,57.826,57.878,982
457,57.8439,57.8439,57.8439,57.8439,280
459,57.8899,57.8899,57.8899,57.8899,120
460,57.8738,57.8738,57.8738,57.8738,500
461,57.894,57.894,57.8903,57.8903,578
464,57.93,57.93,57.93,57.93,200
465,57.9159,57.9287,57.9159,57.9287,449
466,57.8927,57.91,57.8927,57.91,322
467,57.8186,57.8186,57.8186,57.8186,137
468,57.76,57.78,57.7,57.78,1155
469,57.63,57.63,57.63,57.63,100
470,57.72,57.72,57.72,57.72,145
471,57.74,57.74,57.68,57.695,532
864,57.92,57.92,57.92,57.92,942
865,57.9374,57.9374,57.9374,57.9374,156
867,57.9541,57.9799,57.9541,57.9715,547
868,58.01,58.01,58.01,58.01,100
869,57.9622,57.9622,57.9622,57.9622,250
870,57.97,57.97,57.97,57.97,627
871,57.9202,57.9202,57.9202,57.9202,263
873,57.8442,57.8442,57.8442,57.8442,100
874,57.92,57.92,57.92,57.92,200
875,57.9301,57.9301,57.9301,57.9301,120
876,58.007,58.007,57.9801,57.9801,229
877,58.0093,58.0093,58.0093,58.0093,100
878,57.9729,57.9729,57.9626,57.9626,200
881,58.0528,58.08,58.0528,58.08,674
882,58.047,58.047,58.047,58.047,767
883,57.98,57.98,57.98,57.98,345
884,58.0053,58.0053,58.0053,58.0053,100
885,57.9561,57.9561,57.9561,57.9561,106
887,57.95,58.0005,57.95,58.0005,627
889,58.0124,58.02,57.9852,57.9852,1198
890,57.9442,57.9999,57.9442,57.9999,261
891,57.9697,57.97,57.9318,57.9318,1420
892,57.97,57.97,57.8908,57.9,1992
893,57.9671,57.9918,57.9671,57.9899,1557
895,57.9758,57.9758,57.9758,57.9758,621
896,58.0168,58.0168,58.0168,58.0168,240
897,57.98,58.0168,57.98,58.0168,270
898,57.96,57.96,57.96,57.96,176
899,58.04,58.04,58,58.02,918
900,58.0002,58.0002,58.0002,58.0002,400
901,58.08,58.08,58.01,58.01,1200
903,58.03,58.1,58.03,58.1,772
a1495546200,58.22,58.22,58.22,58.22,225
1,58.03,58.03,58.03,58.03,100
2,58.0541,58.0588,58.0541,58.0588,236
5,57.88,57.88,57.88,57.88,529
7,57.9,57.9,57.895,57.895,521
9,58.05,58.05,58.0163,58.0163,1310
10,58.0592,58.0592,58.0592,58.0592,136
12,58.11,58.11,58.11,58.11,201
13,58.16,58.16,58.16,58.16,115
14,58.21,58.257,58.21,58.23,664
16,58.24,58.25,58.24,58.25,216
18,58.1801,58.1801,58.1801,58.1801,2453
20,58.1236,58.18,58.1236,58.15,1042
21,58.083,58.083,58.083,58.083,132
26,58.105,58.14,58.105,58.14,601
27,58.073,58.073,58.073,58.073,204
28,58.13,58.13,58.0825,58.0825,462
30,58.1,58.1,58.1,58.1,100
31,58.0836,58.103,58.0836,58.103,459
32,58.16,58.22,58.13,58.13,588
33,58.17,58.17,58.17,58.17,100
34,58.18,58.18,58.166,58.166,210
35,58.16,58.1904,58.16,58.1904,458
37,58.0614,58.12,58.0614,58.12,611
38,58.05,58.13,58.05,58.13,1509
39,58.0901,58.11,58.09,58.11,808
144,58.08,58.08,58.08,58.08,293
145,58.04,58.04,58.04,58.04,100
147,58.2099,58.2099,58.2099,58.2099,531
148,58.19,58.19,58.19,58.19,100
149,58.23,58.23,58.1891,58.22,315
150,58.19,58.23,58.19,58.23,203
151,58.29,58.2993,58.29,58.2993,404
152,58.27,58.27,58.24,58.24,1181
153,58.2499,58.2499,58.2499,58.2499,117
156,58.19,58.2235,58.19,58.2235,500
157,58.2104,58.2104,58.2104,58.2104,124
158,58.19,58.19,58.19,58.19,1126
160,58.1269,58.1269,58.1269,58.1269,624
161,58.1245,58.1245,58.1245,58.1245,344
162,58.1756,58.1756,58.1756,58.1756,617
163,58.1201,58.1201,58.1201,58.1201,180
164,58.04,58.04,58.04,58.04,235
166,58.072,58.072,58.072,58.072,160
168,58.029,58.029,58.029,58.029,947
171,58.0454,58.0454,58.0163,58.0163,642
172,57.9738,57.9738,57.83,57.83,722
174,58.097,58.1221,58.097,58.1073,1512
175,58.104,58.104,58.0884,58.0884,653
176,58.1007,58.1007,58.1007,58.1007,402
179,58.1,58.1,58.099,58.099,1709
180,58.17,58.17,58.17,58.17,200
182,58.18,58.18,58.1732,58.1732,865
183,58.2,58.2101,58.1907,58.2101,750
288,58.41,58.41,58.41,58.41,1801
289,58.3854,58.3854,58.3854,58.3854,165
290,58.4605,58.4605,58.4428,58.4428,443
291,58.54,58.54,58.54,58.54,100
294,58.558,58.5899,58.558,58.579,795
295,58.57,58.57,58.55,58.55,300
296,58.5705,58.59,58.54,58.55,1516
297,58.5368,58.582,58.5368,58.582,504
299,58.5323,58.5323,58.4801,58.4801,350
300,58.4741,58.51,58.4741,58.51,200
301,58.3571,58.4502,58.3571,58.4502,912
302,58.2701,58.2701,58.2701,58.2701,150
305,58.2641,58.2641,58.2641,58.2641,111
307,58.3036,58.3036,58.3036,58.3036,505
312,58.2606,58.3043,58.26,58.26,1823
313,58.2501,58.2501,58.2501,58.2501,934
314,58.2604,58.2604,58.2451,58.2451,2717
315,58.2971,58.2994,58.2971,58.2994,530
316,58.29,58.29,58.27,58.27,300
317,58.2695,58.2695,58.2695,58.2695,360
318,58.307,58.307,58.277,58.277,219
319,58.3405,58.3563,58.34,58.35,744
320,58.39,58.43,58.39,58.39,1501
323,58.4017,58.4017,58.4017,58.4017,162
324,58.335,58.37,58.3301,58.37,450
325,58.365,58.365,58.365,58.365,300
326,58.42,58.42,58.42,58.42,500
327,58.32,58.36,58.32,58.36,300
432,58.32,58.32,58.32,58.32,596
433,58.1857,58.24,58.1857,58.24,257
434,58.26,58.26,58.26,58.26,108
436,58.202,58.202,58.1768,58.1768,753
437,58.1658,58.1658,58.1658,58.1658,185
438,58.15,58.15,58.138,58.138,540
439,58.2699,58.2699,58.2699,58.2699,137
442,58.23,58.23,58.23,58.23,100
443,58.2295,58.2295,58.2295,58.2295,715
444,58.2272,58.2272,58.2272,58.2272,300
445,58.2698,58.2698,58.2698,58.2698,121
446,58.2396,58.2396,58.2396,58.2396,120
447,58.13,58.13,58.13,58.13,100
448,58.1629,58.1629,58.1629,58.1629,560
449,58.21,58.21,58.21,58.21,400
451,58.26,58.26,58.26,58.26,100
452,58.325,58.34,58.325,58.34,745
453,58.323,58.3264,58.323,58.3264,300
455,58.3729,58.3729,58.32,58.32,359
458,58.29,58.29,58.29,58.29,300
459,58.2989,58.2989,58.2989,58.2989,100
460,58.3,58.3,58.3,58.3,300
461,58.3076,58.3076,58.2834,58.2834,545
464,58.2642,58.2642,58.2642,58.2642,177
466,58.3,58.3296,58.3,58.3296,967
467,58.2801,58.2801,58.2801,58.2801,200
468,58.38,58.38,58.33,58.33,1986
471,58.3233,58.3233,58.3233,58.3233,175
a1496151000,58.24,58.24,58.24,58.24,640
1,58.1783,58.1783,58.0079,58.0079,259
2,58.2422,58.2422,58.2422,58.2422,153
4,58.022,58.0805,58.022,58.0796,872
5,57.9972,57.9972,57.9893,57.9893,553
6,58.025,58.025,58.007,58.007,1256
7,58.0201,58.0505,57.9762,57.9762,566
8,58.1101,58.1796,58.1101,58.1796,871
9,58.09,58.1416,58.09,58.1385,1294
10,58.2,58.2,58.19,58.19,200
11,58.1537,58.1537,58.12,58.12,1177
12,58.11,58.1572,58.11,58.1572,550
14,58.0408,58.0573,58.0408,58.0573,583
16,58.0348,58.0995,58.0348,58.0995,544
20,58.06,58.13,58.06,58.08,1700
21,58.0624,58.0624,58.0624,58.0624,159
22,58.0303,58.0303,58.0303,58.0303,1368
23,58.074,58.074,58.074,58.074,326
24,58.0637,58.08,58.0637,58.08,308
25,58.0873,58.0873,58.04,58.05,1346
26,58.1296,58.1296,58.08,58.08,920
29,58.0987,58.0987,58.06,58.06,538
30,58.0861,58.1,58.0861,58.1,11297
32,58.03,58.03,58.03,58.03,370
33,58.1095,58.1095,58.1095,58.1095,205
34,58.1201,58.1589,58.1201,58.1299,428
35,58.1,58.14,58.1,58.14,1668
36,58.033,58.0962,58.033,58.0962,452
37,58.0868,58.0868,58.0868,58.0868,590
38,58.1096,58.1096,58.09,58.09,416
39,58.03,58.12,58.03,58.12,2092
144,58.17,58.17,58.17,58.17,633
145,58.1,58.1,58.1,58.1,100
146,57.83,58.0164,57.83,58.0164,11829
147,57.52,57.74,57.52,57.68,583
148,57.49,57.49,57.49,57.49,305
149,57.46,57.46,57.46,57.46,400
152,57.6216,57.6216,57.6216,57.6216,152
153,57.71,57.71,57.71,57.71,132
155,57.7382,57.7382,57.7382,57.7382,200
156,57.684,57.7209,57.684,57.7209,823
158,57.6948,57.6948,57.6948,57.6948,542
159,57.7527,57.7527,57.7527,57.7527,104
160,57.7725,57.79,57.7395,57.7395,955
161,57.7817,57.7817,57.7817,57.7817,890
162,57.72,57.72,57.72,57.72,815
163,57.738,57.7577,57.738,57.7577,606
164,57.74,57.741,57.74,57.74,665
165,57.7627,57.7627,57.7627,57.7627,235
166,57.7596,57.7596,57.7596,57.7596,174
167,57.7609,57.7609,57.7609,57.7609,148
168,57.7936,57.7936,57.7936,57.7936,1236
171,57.73,57.73,57.73,57.73,300
172,57.7414,57.7414,57.7414,57.7414,335
173,57.8299,57.83,57.6906,57.7305,1894
174,57.81,57.8496,57.81,57.8496,997
175,57.8717,57.8717,57.8345,57.8345,639
178,57.83,57.83,57.83,57.83,100
179,57.92,57.92,57.881,57.881,212
181,57.9753,57.9753,57.9451,57.9451,1472
183,57.98,58.0185,57.98,58.0185,404
288,58.24,58.24,58.24,58.24,1329
289,58.12,58.24,58.12,58.24,355
291,58.401,58.401,58.401,58.401,400
293,58.449,58.449,58.449,58.449,201
295,58.3408,58.3408,58.3101,58.33,800
297,58.3128,58.3128,58.2997,58.2997,364
298,58.356,58.37,58.356,58.36,1092
299,58.4233,58.4692,58.4233,58.4692,932
300,58.3801,58.43,58.3801,58.43,922
301,58.48,58.48,58.48,58.48,100
302,58.4999,58.4999,58.4999,58.4999,170
303,58.56,58.56,58.56,58.56,150
304,58.6101,58.6101,58.5801,58.5801,622
306,58.65,58.65,58.6453,58.6453,1281
308,58.6528,58.6528,58.6,58.6,589
309,58.76,58.76,58.76,58.76,266
312,58.7712,58.775,58.741,58.775,2187
313,58.765,58.79,58.731,58.7638,1624
314,58.74,58.765,58.73,58.731,1800
316,58.8349,58.8349,58.8349,58.8349,112
317,58.8318,58.8318,58.8318,58.8318,199
318,58.94,58.94,58.94,58.94,147
319,58.8592,58.9193,58.8474,58.9193,531
321,58.8785,58.8785,58.8785,58.8785,300
322,58.8399,58.8399,58.8252,58.8252,273
323,58.8101,58.8151,58.8101,58.8151,801
324,58.8366,58.85,58.81,58.81,500
325,58.82,58.82,58.82,58.82,172
326,58.841,58.855,58.821,58.821,624
327,59.02,59.02,58.9001,58.9001,300
432,59.06,59.06,59.06,59.06,594
434,58.91,58.9675,58.91,58.9675,378
437,58.89,58.89,58.89,58.89,5714
438,58.98,58.98,58.98,58.98,5814
440,59.1185,59.1215,59.1185,59.1215,726
441,59.26,59.26,59.2061,59.2061,6161
444,59.2159,59.2277,59.1,59.1001,722
445,59.2776,59.2776,59.17,59.2388,94333
446,59.401,59.401,59.31,59.31,368
447,59.3816,59.3816,59.3718,59.3718,575
448,59.3692,59.42,59.3692,59.42,789
451,59.3314,59.3447,59.31,59.33,2140
452,59.2982,59.3391,59.25,59.3391,471
453,59.26,59.3391,59.26,59.306,966
454,59.2772,59.3292,59.2772,59.3191,845
455,59.26,59.33,59.26,59.2962,6995
456,59.2301,59.3191,59.23,59.3191,689
457,59.3299,59.3299,59.28,59.28,411
458,59.31,59.3292,59.2851,59.2851,1194
459,59.3101,59.3299,59.3101,59.3292,471
460,59.24,59.296,59.24,59.296,1241
461,59.2862,59.3,59.2,59.22,26876
462,59.296,59.3399,59.2673,59.2673,2014
463,59.2798,59.3,59.26,59.3,892
464,59.24,59.26,59.1501,59.26,15929
466,59.2107,59.2107,59.2107,59.2107,188
469,59.23,59.23,59.23,59.23,241
470,59.17,59.22,59.17,59.22,441
471,59.07,59.1491,59.07,59.13,1084
864,59.09,59.09,59.09,59.09,744
865,59.07,59.2988,59.07,59.2988,672
866,59.0899,59.11,59.0899,59.11,660
868,58.9901,58.9901,58.9901,58.9901,129
870,59.1436,59.1632,59.1346,59.1346,1863
871,59.1049,59.1049,59.1049,59.1049,102
872,59.1064,59.1064,59.1064,59.1064,155
874,59.0115,59.0115,59.0115,59.0115,194
875,59.0417,59.0417,59.0417,59.0417,136
877,58.9384,58.9384,58.9159,58.9159,320
878,58.8406,58.8406,58.8406,58.8406,231
879,58.9163,58.9163,58.9163,58.9163,446
881,58.9712,58.9712,58.9712,58.9712,200
882,58.99,58.99,58.99,58.99,200
886,59.0515,59.0515,58.9993,58.9993,580
888,59.009,59.009,58.9828,58.9828,978
891,58.9754,58.9754,58.9754,58.9754,1000
894,58.93,58.94,58.93,58.94,213
895,58.996,58.996,58.996,58.996,220
896,58.9602,58.9602,58.9602,58.9602,270
897,58.9955,59,58.9955,59,2349
898,58.941,59.0226,58.941,59.0226,15296
899,58.996,58.996,58.9602,58.9602,475
900,58.9581,58.9581,58.9109,58.9109,833
903,58.79,58.8506,58.79,58.8389,879
a1496755800,58.61,58.61,58.61,58.61,1595
1,58.748,58.748,58.748,58.748,139
2,58.49,58.49,58.49,58.49,200
4,58.6755,58.7391,58.6755,58.7391,493
5,58.672,58.672,58.6645,58.6645,741
7,58.6859,58.6928,58.6859,58.6928,200
8,58.6755,58.69,58.6755,58.69,470
11,58.6069,58.6069,58.603,58.603,392
12,58.5454,58.5454,58.5454,58.5454,381
13,58.6226,58.6226,58.54,58.54,1696
15,58.6694,58.6694,58.6694,58.6694,107
17,58.7199,58.7199,58.7199,58.7199,240
20,58.6159,58.6159,58.6159,58.6159,150
21,58.647,58.647,58.647,58.647,703
22,58.68,58.68,58.68,58.68,318
24,58.6682,58.6682,58.6682,58.6682,120
26,58.6498,58.6498,58.6347,58.6347,361
27,58.6402,58.6402,58.6402,58.6402,126
28,58.6853,58.6853,58.6853,58.6853,530
29,58.8068,58.8068,58.7525,58.7525,3409
31,58.82,58.82,58.82,58.82,100
34,58.9,58.9,58.9,58.9,100
35,58.86,58.86,58.85,58.85,1350
37,58.779,58.779,58.779,58.779,288
38,58.7478,58.7478,58.7478,58.7478,249
39,58.7,58.713,58.66,58.713,1072
144,58.87,58.87,58.87,58.87,1788
145,58.9259,59.2221,58.7311,59.2221,531
146,58.862,58.862,58.77,58.78,1635
147,58.92,58.92,58.9192,58.9192,428
148,58.8706,58.8706,58.87,58.87,950
149,58.884,58.884,58.884,58.884,232
151,58.7768,58.7768,58.7768,58.7768,170
152,58.8092,58.8092,58.7662,58.7662,499
153,58.9162,58.9162,58.9162,58.9162,184
154,58.88,58.88,58.88,58.88,130
155,58.91,58.91,58.886,58.886,287
156,58.8289,58.8882,58.8289,58.8882,624
157,58.8867,58.8867,58.8101,58.8101,488
158,58.8246,58.8793,58.816,58.8793,934
159,58.8192,58.846,58.7996,58.7996,645
160,58.8599,58.8599,58.7601,58.7601,965
161,58.837,58.837,58.837,58.837,188
162,58.8762,58.8762,58.8762,58.8762,340
163,58.81,58.81,58.81,58.81,300
164,58.71,58.71,58.71,58.71,100
167,58.6932,58.6932,58.6932,58.6932,354
170,58.6463,58.6587,58.6463,58.6587,265
171,58.7599,58.7599,58.693,58.71,724
172,58.7138,58.7138,58.7137,58.7137,1329
173,58.7096,58.7252,58.7096,58.7252,600
174,58.695,58.695,58.695,58.695,477
175,58.7254,58.7254,58.7254,58.7254,200
176,58.87,58.87,58.78,58.78,400
177,58.83,58.83,58.81,58.81,300
178,58.79,58.79,58.75,58.75,200
180,58.8243,58.8243,58.8243,58.8243,126
181,58.818,58.818,58.818,58.818,100
182,58.8532,58.8532,58.7769,58.7769,800
183,58.77,58.77,58.77,58.77,100
288,58.91,58.91,58.91,58.91,1175
289,58.91,58.91,58.91,58.91,900
290,58.87,58.87,58.87,58.87,100
291,58.8809,58.8809,58.784,58.784,490
292,58.89,58.89,58.89,58.89,170
293,59.01,59.01,58.9444,58.9444,979
294,58.89,58.9599,58.89,58.9599,1290
295,58.96,58.97,58.96,58.97,200
296,58.9994,59.0046,58.9994,59.0046,696
297,59.0599,59.0599,59.0599,59.0599,107
298,59.1062,59.12,59.05,59.0526,2640
299,59.18,59.18,59.17,59.18,300
300,59.1628,59.1628,59.1628,59.1628,101
301,59.11,59.19,59.11,59.19,229
302,59.2,59.2,59.2,59.2,200
304,59.2634,59.2634,59.2634,59.2634,1276
305,59.3645,59.3645,59.3645,59.3645,204
307,59.3799,59.3799,59.3734,59.3734,614
309,59.3638,59.3638,59.3638,59.3638,151
313,59.4374,59.4374,59.4374,59.4374,326
315,59.4984,59.4984,59.4984,59.4984,100
316,59.5081,59.5081,59.5081,59.5081,729
318,59.3109,59.3109,59.3109,59.3109,353
319,59.39,59.4056,59.39,59.4056,1489
323,59.38,59.38,59.38,59.38,200
324,59.4096,59.4096,59.32,59.38,1479
325,59.3881,59.3882,59.3881,59.3882,471
326,59.4,59.4,59.4,59.4,231
327,59.37,59.3895,59.37,59.3895,640
432,59.52,59.52,59.52,59.52,521
433,59.6004,59.6004,59.6004,59.6004,163
434,59.55,59.55,59.4,59.4,502
435,59.648,59.648,59.5528,59.5528,1565
438,59.77,59.77,59.74,59.74,310
440,59.86,59.912,59.86,59.87,773
441,59.8638,59.8638,59.8638,59.8638,170
443,60,60,60,60,100
444,59.9746,59.9746,59.9746,59.9746,100
445,60.0258,60.0258,59.99,59.99,440
447,59.9737,59.9737,59.9737,59.9737,123
448,60.0013,60.0013,60.0013,60.0013,104
449,60,60,59.9832,59.9832,746
450,59.882,59.882,59.882,59.882,165
453,59.9,59.91,59.8306,59.8306,600
457,59.8009,59.8009,59.7606,59.7606,548
458,59.6857,59.7799,59.6857,59.7799,409
460,59.6,59.61,59.584,59.584,1348
462,59.54,59.54,59.51,59.51,356
464,59.25,59.25,59.25,59.25,100
465,59.37,59.37,59.37,59.37,143
466,59.35,59.35,59.35,59.35,100
468,59.56,59.56,59.5448,59.5462,301
471,59.49,59.49,59.48,59.48,351
864,59.46,59.46,59.46,59.46,496
865,59.33,59.33,59.33,59.33,534
866,59.4272,59.5638,59.4272,59.5638,444
867,59.3863,59.3863,59.3863,59.3863,593
868,59.2735,59.2735,59.2735,59.2735,458
869,59.4239,59.4239,59.2675,59.2675,570
870,59.3529,59.3529,59.3101,59.3101,658
873,59.498,59.498,59.498,59.498,162
874,59.4728,59.6099,59.4728,59.6099,2585
878,59.32,59.32,59.32,59.32,229
879,59.2704,59.28,59.27,59.28,390
880,59.298,59.298,59.298,59.298,125
882,59.4,59.4,59.3301,59.3301,680
884,59.3537,59.4004,59.3537,59.4004,200
885,59.3942,59.4175,59.3942,59.4175,786
886,59.3439,59.3507,59.3439,59.3507,235
890,59.4202,59.44,59.4202,59.4248,623
891,59.3638,59.38,59.3638,59.38,1207
893,59.3945,59.3945,59.3945,59.3945,128
894,59.2786,59.2786,59.2786,59.2786,150
895,59.339,59.341,59.339,59.341,304
897,59.3636,59.3636,59.3636,59.3636,133
898,59.3827,59.39,59.3827,59.39,300
900,59.4,59.4,59.4,59.4,224
901,59.3501,59.351,59.3501,59.351,2321
902,59.339,59.3599,59.3057,59.3057,2595
903,59.37,59.37,59.37,59.37,272
a1497360600,59.57,59.57,59.57,59.57,435
2,59.6452,59.6452,59.6452,59.6452,107
3,59.551,59.551,59.551,59.551,130
4,59.6226,59.6226,59.6226,59.6226,180
5,59.6107,59.6107,59.6107,59.6107,128
7,59.6505,59.6505,59.6505,59.6505,419
8,59.68,59.68,59.6158,59.6158,238
10,59.6349,59.6349,59.6349,59.6349,141
11,59.7448,59.7527,59.7448,59.7527,499
13,59.7406,59.7406,59.71,59.71,282
14,59.7759,59.8298,59.7752,59.7752,1075
15,59.7665,59.7665,59.7612,59.7612,397
16,59.7099,59.7206,59.6619,59.7206,955
17,59.7098,59.7098,59.7098,59.7098,418
18,59.6708,59.6865,59.6708,59.6865,729
19,59.64,59.71,59.64,59.6563,747
20,59.6816,59.6816,59.6816,59.6816,932
21,59.7044,59.7407,59.7044,59.7407,1501
22,59.7199,59.7199,59.7199,59.7199,480
25,59.6552,59.6552,59.6552,59.6552,196
26,59.6995,59.7018,59.6659,59.7018,1017
27,59.754,59.754,59.6301,59.6301,901
28,59.76,59.76,59.76,59.76,600
29,59.7,59.76,59.7,59.76,12321
30,59.7389,59.7508,59.7389,59.7508,440
31,59.7076,59.7076,59.6803,59.6803,471
32,59.65,59.65,59.65,59.65,117
35,59.64,59.66,59.64,59.66,8983
36,59.68,59.72,59.67,59.69,13101
37,59.7544,59.7544,59.7544,59.7544,1415
38,59.8,59.8,59.7301,59.7524,644
39,59.82,59.82,59.71,59.71,451
144,59.87,59.87,59.87,59.87,602
146,59.7237,59.7237,59.7237,59.7237,115
147,59.6993,59.6993,59.6993,59.6993,123
148,59.6744,59.6744,59.6744,59.6744,170
149,59.7768,59.7768,59.6696,59.6696,1300
150,59.7564,59.7616,59.7529,59.7616,849
152,59.599,59.599,59.599,59.599,228
154,59.599,59.599,59.5599,59.5599,514
157,59.55,59.55,59.55,59.55,566
159,59.61,59.61,59.61,59.61,176
160,59.5102,59.59,59.5102,59.5755,1719
161,59.419,59.419,59.419,59.419,137
163,59.5434,59.5434,59.5434,59.5434,169
166,59.64,59.64,59.64,59.64,134
169,59.4995,59.5245,59.4995,59.5195,1552
170,59.4401,59.4999,59.4401,59.4999,1117
172,59.62,59.62,59.53,59.53,692
173,59.59,59.59,59.59,59.59,100
174,59.5392,59.5392,59.5392,59.5392,153
176,59.45,59.45,59.45,59.45,200
177,59.3512,59.3876,59.3512,59.3876,709
178,59.4412,59.4412,59.4412,59.4412,189
180,59.341,59.341,59.341,59.341,278
181,59.3994,59.3994,59.3832,59.3832,527
182,59.4838,59.4838,59.4838,59.4838,926
183,59.57,59.57,59.4901,59.4901,300
288,59.1,59.1,59.1,59.1,683
289,59.1458,59.1458,59.0084,59.1,805
290,59.14,59.14,59.14,59.14,100
291,59.3431,59.3431,59.3431,59.3431,119
292,59.409,59.409,59.3379,59.3379,547
293,59.211,59.211,59.2071,59.2071,483
294,59.1271,59.1271,58.97,59.0765,5145
297,59.07,59.07,58.93,58.9845,350
298,59.1016,59.1016,59.08,59.08,740
300,59.12,59.12,59.12,59.12,100
302,59.1779,59.2241,59.1598,59.21,574
303,59.1401,59.15,59.1401,59.15,457
305,59.1528,59.1528,59.1528,59.1528,250
308,59.17,59.17,59.17,59.17,300
317,59.2258,59.2258,59.2258,59.2258,300
318,59.2328,59.2328,59.2328,59.2328,146
319,59.2242,59.2242,59.2242,59.2242,126
320,59.2663,59.2663,59.2663,59.2663,500
323,59.3001,59.3001,59.3001,59.3001,600
324,59.363,59.363,59.363,59.363,300
327,59.31,59.31,59.29,59.29,307
432,59.31,59.31,59.31,59.31,886
434,59.11,59.2252,59.07,59.1216,1031
435,59.2374,59.2374,59.09,59.09,612
436,59.21,59.21,59.16,59.16,285
440,59.07,59.07,59.07,59.07,100
441,59.054,59.054,59.054,59.054,498
442,59.0525,59.0525,59.0202,59.0202,405
443,59.0513,59.0513,59.0513,59.0513,170
445,59.02,59.06,58.99,59.0226,1851
446,59.0768,59.0894,59.0768,59.0894,641
450,59.121,59.121,59.121,59.121,252
454,59.0632,59.0632,59.0632,59.0632,100
455,59.0508,59.0508,59.0508,59.0508,300
460,59.061,59.061,59.061,59.061,925
462,59.0795,59.0878,59.0627,59.0627,883
463,59.0991,59.0991,59.0991,59.0991,100
464,59.086,59.086,59.086,59.086,169
465,59.1091,59.1508,59.1091,59.1508,218
466,59.1415,59.1708,59.118,59.118,623
467,59.1054,59.1054,59.1003,59.1003,200
468,59.0947,59.0947,59.0947,59.0947,153
469,59.0915,59.0915,59.0915,59.0915,179
470,59.1755,59.1784,59.1466,59.1466,448
471,59.29,59.29,59.24,59.24,300
864,59.59,59.59,59.59,59.59,448
866,59.68,59.68,59.522,59.522,1536
867,59.68,59.68,59.68,59.68,200
868,59.7,59.7,59.6899,59.6988,383
869,59.6544,59.6544,59.6544,59.6544,227
870,59.6905,59.6905,59.56,59.655,540
871,59.65,59.65,59.65,59.65,200
872,59.65,59.65,59.65,59.65,100
873,59.65,59.65,59.65,59.65,100
874,59.57,59.57,59.567,59.567,420
876,59.5806,59.643,59.5806,59.6073,4040
877,59.61,59.61,59.53,59.53,200
878,59.682,59.682,59.682,59.682,2455
879,59.6268,59.6268,59.56,59.6211,3268
880,59.6757,59.7096,59.6757,59.7096,382
882,59.7214,59.7214,59.7214,59.7214,414
886,59.8252,59.8252,59.8252,59.8252,104
887,59.83,59.83,59.83,59.83,200
888,59.805,59.805,59.805,59.805,350
892,59.8,59.8,59.8,59.8,225
893,59.7158,59.7158,59.7158,59.7158,503
894,59.68,59.68,59.68,59.68,100
895,59.7137,59.7196,59.7137,59.7196,378
897,59.6501,59.6565,59.6501,59.6565,339
898,59.6947,59.73,59.6947,59.6988,1325
900,59.6901,59.6901,59.6901,59.6901,217
901,59.7507,59.7507,59.7507,59.7507,143
902,59.77,59.77,59.77,59.77,100
903,59.82,59.82,59.777,59.777,400
a1497965400,59.71,59.71,59.71,59.71,238
1,59.4401,59.71,59.4401,59.71,591
2,59.607,59.607,59.584,59.584,327
3,59.5594,59.5874,59.5447,59.5822,1209
6,59.48,59.5485,59.43,59.5485,2295
7,59.3802,59.477,59.37,59.477,1131
8,59.4455,59.4455,59.4455,59.4455,154
9,59.4553,59.4553,59.4553,59.4553,182
10,59.45,59.45,59.45,59.45,100
12,59.2943,59.2943,59.2943,59.2943,601
16,59.29,59.29,59.29,59.29,100
21,59.2622,59.2622,59.2416,59.2416,543
22,59.36,59.36,59.36,59.36,263
24,59.31,59.31,59.28,59.31,300
25,59.31,59.31,59.29,59.29,300
26,59.369,59.369,59.31,59.31,455
28,59.306,59.3317,59.306,59.3317,692
29,59.3035,59.3035,59.3035,59.3035,100
31,59.2906,59.2906,59.2906,59.2906,100
34,59.2414,59.28,59.2414,59.28,2183
35,59.2442,59.27,59.21,59.27,958
37,59.1705,59.1705,59.1705,59.1705,150
38,59.1712,59.1772,59.1704,59.1704,834
39,59.11,59.1644,59.11,59.1315,962
144,59.26,59.26,59.26,59.26,510
145,59.1526,59.26,59.1526,59.26,235
146,59.23,59.23,59.22,59.22,200
147,59.2069,59.2221,59.2069,59.2221,4654
149,59.16,59.16,59.15,59.15,200
150,59.2498,59.2498,59.2,59.216,1163
151,59.271,59.271,59.271,59.271,916
152,59.33,59.4329,59.33,59.4126,909
154,59.14,59.2422,59.14,59.2422,273
156,59.04,59.04,59.04,59.04,200
157,59.0996,59.1008,59.04,59.1008,1079
158,59.1358,59.1358,59.1219,59.1219,777
159,59.14,59.14,59.14,59.14,100
160,59.1528,59.1528,59.1241,59.1241,977
161,59.108,59.108,59.1,59.1,234
162,59.0553,59.0553,59.0553,59.0553,289
163,59.102,59.102,59.102,59.102,862
164,59,59,59,59,200
166,58.916,58.94,58.8934,58.8934,1639
167,58.9241,58.937,58.9241,58.937,480
169,58.97,58.97,58.97,58.97,100
171,58.86,58.89,58.86,58.89,300
172,58.82,58.83,58.8001,58.83,430
173,58.9044,58.9044,58.89,58.89,525
175,58.89,58.89,58.8672,58.8672,583
176,58.953,58.953,58.881,58.881,453
177,58.9073,58.9073,58.9073,58.9073,168
179,58.83,58.83,58.83,58.83,100
182,58.8315,58.8315,58.82,58.82,234
183,58.83,58.88,58.78,58.8001,1224
288,58.42,58.42,58.42,58.42,8746
289,58.64,58.69,58.38,58.42,4281
290,58.72,58.72,58.72,58.72,100
291,58.67,58.74,58.66,58.69,1843
293,58.6115,58.6115,58.6115,58.6115,850
294,58.5506,58.5506,58.5506,58.5506,102
295,58.565,58.565,58.5616,58.5616,2110
296,58.6748,58.6748,58.6322,58.6599,490
297,58.7332,58.7332,58.7289,58.7289,1057
299,58.8034,58.839,58.8034,58.839,1151
300,58.7672,58.79,58.7672,58.79,400
301,58.73,58.73,58.73,58.73,100
303,58.86,58.86,58.774,58.774,1158
304,58.8401,58.8443,58.8401,58.8443,1192
305,58.856,58.856,58.856,58.856,360
306,58.87,58.87,58.87,58.87,100
307,58.903,58.903,58.903,58.903,388
310,58.9035,58.9035,58.9035,58.9035,169
311,58.8855,58.8855,58.8855,58.8855,250
314,58.87,58.9128,58.87,58.9128,202
315,58.87,58.8958,58.86,58.87,842
316,58.93,58.93,58.8788,58.9,710
317,58.8707,58.8895,58.8707,58.8895,581
319,58.85,58.88,58.85,58.88,69918
320,58.85,58.86,58.85,58.86,4905
321,58.9241,58.9241,58.88,58.88,5120
322,58.91,58.91,58.91,58.91,4915
323,58.85,58.86,58.85,58.86,2118
324,58.9212,58.9212,58.889,58.889,466
325,58.868,58.868,58.868,58.868,203
326,58.7755,58.8352,58.74,58.76,1423
327,58.77,58.8,58.75,58.7925,1757
432,58.71,58.71,58.71,58.71,531
435,58.77,58.77,58.7343,58.7343,548
436,58.8868,58.909,58.8868,58.909,245
438,58.9483,58.9483,58.9483,58.9483,140
439,59.0399,59.0399,59.0399,59.0399,153
441,59.1126,59.1188,59.1126,59.1188,683
442,59.07,59.1579,59.05,59.1579,600
443,59.0797,59.08,59.0797,59.08,475
444,59.11,59.1387,59.11,59.1387,1341
445,59.0985,59.0985,59.0985,59.0985,170
447,59.1131,59.1131,59.1131,59.1131,343
449,59.04,59.04,59.04,59.04,100
451,59.07,59.137,59.07,59.137,369
456,59.0963,59.0963,59.085,59.085,548
457,59.1399,59.1399,59.1399,59.1399,1470
458,59.07,59.0926,59.07,59.0926,206
459,59.1398,59.1398,59.1398,59.1398,271
461,59.1187,59.1204,59.0929,59.1204,1237
463,59.1024,59.1024,59.1024,59.1024,505
465,59.0751,59.0938,59.0648,59.0934,1708
466,59.06,59.06,59.0405,59.0405,650
468,59.0162,59.0162,59.0162,59.0162,592
469,59.047,59.047,59.047,59.047,104
471,59.03,59.11,59.03,59.08,874
864,59.18,59.18,59.18,59.18,504
865,59.3483,59.3483,59.18,59.18,424
866,59.44,59.44,59.44,59.44,200
867,59.416,59.416,59.416,59.416,354
869,59.46,59.46,59.46,59.46,112
870,59.3687,59.38,59.3687,59.37,519
871,59.359,59.359,59.35,59.35,4607
872,59.1605,59.2253,59.1605,59.2253,741
874,59.0034,59.0506,58.9756,59.0506,760
875,59.0772,59.0772,58.9801,58.9801,1244
877,59.1597,59.1597,59.1597,59.1597,104
879,59.23,59.23,59.23,59.23,100
882,59.2118,59.215,59.2118,59.215,473
885,59.2138,59.2138,59.2138,59.2138,110
886,59.2414,59.2414,59.2414,59.2414,210
891,59.2294,59.2294,59.2294,59.2294,297
892,59.2525,59.2525,59.2525,59.2525,324
893,59.2393,59.2393,59.1801,59.1801,651
894,59.2097,59.2097,59.2097,59.2097,101
896,59.2905,59.2905,59.2905,59.2905,250
897,59.32,59.32,59.32,59.32,100
898,59.3201,59.3201,59.3201,59.3201,125
899,59.3643,59.3643,59.3641,59.3641,524
900,59.281,59.2901,59.281,59.2901,357
903,59.2,59.22,59.19,59.22,400
a1498570200,59.3,59.3,59.3,59.3,546
1,59.2,59.2,59.2,59.2,400
2,59.1215,59.17,59.1215,59.17,752
4,59.1469,59.1469,59.1469,59.1469,200
6,59.29,59.3,59.236,59.25,13200
8,59.3375,59.3375,59.32,59.32,200
12,59.32,59.32,59.32,59.32,600
13,59.2837,59.3,59.2837,59.3,200
14,59.3421,59.358,59.3421,59.358,432
15,59.37,59.37,59.37,59.37,295
16,59.38,59.399,59.38,59.399,365
17,59.34,59.34,59.34,59.34,100
19,59.32,59.3398,59.32,59.33,541
21,59.2,59.28,59.2,59.278,3947
22,59.21,59.21,59.21,59.21,100
23,59.1703,59.21,59.1703,59.21,390
25,59.1114,59.19,59.1114,59.19,743
26,59.0513,59.0513,59.0513,59.0513,112
27,59.01,59.01,59.01,59.01,1000
28,58.97,58.9903,58.97,58.9903,295
29,58.94,58.94,58.94,58.94,100
31,59.04,59.04,59.04,59.04,100
32,59.0641,59.0641,59.0197,59.0197,451
33,59.07,59.0847,59.0698,59.0847,806
34,59.0181,59.0181,59.0181,59.0181,127
36,58.9803,59.02,58.9803,59.02,600
38,58.9,58.92,58.9,58.92,213
39,58.83,58.84,58.7798,58.7924,1140
144,59.14,59.14,59.14,59.14,206
145,59.1746,59.3527,59.1746,59.3527,255
147,59.124,59.124,59.124,59.124,261
148,59.2739,59.2739,59.2,59.2,985
149,59.46,59.46,59.37,59.37,457
150,59.3442,59.46,59.261,59.46,2241
151,59.4187,59.4187,59.345,59.35,413
153,59.4398,59.4398,59.43,59.43,300
154,59.5401,59.5401,59.5401,59.5401,100
155,59.5714,59.6331,59.5714,59.6331,249
158,59.57,59.58,59.5421,59.5731,2247
159,59.6044,59.605,59.6044,59.605,521
161,59.679,59.679,59.679,59.679,100
163,59.5835,59.5835,59.55,59.5793,593
164,59.5975,59.5975,59.5975,59.5975,174
165,59.6169,59.6169,59.58,59.6108,640
168,59.6106,59.6106,59.6106,59.6106,413
169,59.5822,59.5822,59.58,59.58,600
171,59.6308,59.6308,59.62,59.62,500
172,59.6201,59.6201,59.62,59.62,300
173,59.601,59.65,59.601,59.65,325
175,59.5433,59.6199,59.5433,59.61,2012
176,59.554,59.5702,59.554,59.5702,357
179,59.6154,59.6154,59.6154,59.6154,168
180,59.55,59.55,59.55,59.55,150
181,59.6193,59.6193,59.6193,59.6193,195
182,59.58,59.5896,59.55,59.5896,452
183,59.5837,59.5837,59.5837,59.5837,107
288,59.71,59.71,59.71,59.71,1237
289,59.71,59.71,59.71,59.71,100
290,59.419,59.419,59.419,59.419,539
291,59.5,59.5036,59.5,59.5036,286
292,59.3826,59.47,59.3826,59.47,330
293,59.3,59.3,59.3,59.3,100
294,59.2923,59.37,59.2549,59.2549,2105
295,59.367,59.367,59.367,59.367,969
296,59.5599,59.5599,59.3582,59.3582,2287
297,59.471,59.49,59.471,59.49,427
298,59.4,59.4513,59.4,59.45,584
299,59.2301,59.39,59.2301,59.39,225
300,59.1632,59.3,59.1632,59.3,400
301,59.0977,59.12,59.0977,59.1,776
304,58.943,58.943,58.943,58.943,174
305,58.9804,59.0699,58.9804,59.05,1485
306,58.9601,59.03,58.9601,59.02,736
308,58.8809,58.9,58.8809,58.9,200
309,58.971,58.9889,58.971,58.9889,665
310,58.88,58.9078,58.88,58.9078,267
311,58.818,58.818,58.818,58.818,245
312,58.66,58.76,58.66,58.76,323
313,58.73,58.73,58.5921,58.5921,417
314,58.7972,58.7972,58.76,58.76,200
316,58.8062,58.8062,58.8062,58.8062,316
317,58.885,58.885,58.885,58.885,1078
318,58.906,58.906,58.906,58.906,845
319,58.933,58.9719,58.9305,58.9719,748
320,58.95,58.95,58.95,58.95,200
324,59.0326,59.07,59.0326,59.0471,769
325,59.06,59.06,58.951,58.951,444
327,59.16,59.17,59.16,59.17,217
432,59.28,59.28,59.28,59.28,2174
436,59.19,59.19,59.19,59.19,251
437,59.2,59.2,59.1728,59.1728,820
439,59.1338,59.1338,59.1338,59.1338,294
440,59.1916,59.1916,59.1916,59.1916,161
441,59.23,59.23,59.1101,59.1328,5724
442,59.2001,59.28,59.2001,59.2132,8785
443,59.189,59.19,59.189,59.19,474
444,59.1503,59.16,59.15,59.16,1100
445,59.22,59.22,59.15,59.15,2300
446,59.21,59.22,59.21,59.22,450
447,59.263,59.263,59.1901,59.1901,957
448,59.2861,59.3099,59.2775,59.2775,594
449,59.28,59.3099,59.28,59.281,845
452,59.2205,59.2205,59.2205,59.2205,510
454,59.2442,59.2442,59.1932,59.1932,294
455,59.3,59.3,59.3,59.3,200
456,59.281,59.2829,59.281,59.2829,692
459,59.2901,59.2901,59.2901,59.2901,125
460,59.2979,59.2979,59.2979,59.2979,137
461,59.26,59.2611,59.26,59.2611,589
462,59.32,59.37,59.2825,59.351,1377
463,59.33,59.3662,59.33,59.3662,312
464,59.3469,59.3469,59.3469,59.3469,200
465,59.3898,59.42,59.3898,59.42,300
467,59.38,59.38,59.38,59.38,200
468,59.36,59.36,59.36,59.36,100
470,59.3786,59.3786,59.3786,59.3786,150
471,59.19,59.43,59.19,59.43,1698
864,59.48,59.48,59.48,59.48,1187
865,59.59,59.9,59.5078,59.9,344
867,59.63,59.63,59.615,59.615,503
869,59.6909,59.6909,59.6909,59.6909,119
870,59.69,59.69,59.69,59.69,420
873,59.6552,59.6552,59.59,59.64,17377
874,59.6116,59.6116,59.5708,59.5708,249
875,59.6392,59.6392,59.58,59.59,400
877,59.68,59.709,59.68,59.709,312
878,59.749,59.749,59.749,59.749,223
879,59.64,59.72,59.63,59.65,26523
881,59.5253,59.5253,59.51,59.51,369
882,59.54,59.5755,59.54,59.5755,365
883,59.61,59.61,59.6,59.6,400
884,59.61,59.61,59.61,59.61,100
885,59.58,59.63,59.57,59.61,1809
a1499261400,59.54,59.54,59.54,59.54,585
3,59.3936,59.3936,59.3936,59.3936,120
4,59.31,59.4385,59.31,59.4385,8624
6,59.28,59.307,59.28,59.307,981
9,59.37,59.37,59.37,59.37,200
12,59.4486,59.4486,59.4486,59.4486,336
13,59.3391,59.379,59.3391,59.379,665
14,59.2968,59.345,59.2968,59.345,324
15,59.3292,59.3292,59.3292,59.3292,156
16,59.21,59.3089,59.21,59.3089,437
18,59.26,59.26,59.26,59.26,145
24,59.52,59.52,59.4542,59.4542,400
25,59.5489,59.5489,59.5489,59.5489,206
26,59.5265,59.5265,59.4377,59.4377,555
27,59.4882,59.4882,59.44,59.4401,1855
28,59.4501,59.4501,59.4501,59.4501,483
29,59.54,59.54,59.54,59.54,200
30,59.5118,59.5118,59.5118,59.5118,110
31,59.5,59.5,59.5,59.5,100
32,59.5194,59.5194,59.5194,59.5194,121
33,59.4106,59.4326,59.3946,59.3946,1312
34,59.39,59.39,59.39,59.39,100
35,59.4427,59.4427,59.4427,59.4427,100
36,59.49,59.49,59.49,59.49,262
37,59.4242,59.4242,59.4242,59.4242,207
39,59.5,59.52,59.4662,59.52,10636
