EXCHANGE%3DNASDAQ
MARKET_OPEN_MINUTE=570
MARKET_CLOSE_MINUTE=960
INTERVAL=600
COLUMNS=DATE,CLOSE,HIGH,LOW,OPEN,VOLUME
DATA=
TIMEZONE_OFFSET=-240
a1493040600,14.32,14.32,14.32,14.32,861
1,14.315,14.48,14.2,14.2,10739
2,14.29,14.36,14.25,14.25,7100
3,14.31,14.35,14.251,14.28,3645
4,14.27,14.35,14.27,14.3,9600
5,14.32,14.375,14.29,14.29,4500
6,14.31,14.375,14.3,14.32,7400
7,14.35,14.43,14.315,14.315,8000
8,14.41,14.42,14.36,14.36,7050
9,14.44,14.5,14.35,14.4,15183
10,14.43,14.48,14.43,14.43,6698
11,14.4,14.44,14.39,14.43,6200
12,14.4,14.42,14.39,14.39,5700
13,14.4,14.43,14.4,14.41,4700
14,14.3873,14.415,14.38,14.405,3800
15,14.47,14.47,14.385,14.385,1300
16,14.61,14.68,14.45,14.48,15615
17,14.46,14.63,14.42,14.62,6270
18,14.5,14.66,14.455,14.455,17225
19,14.46,14.5,14.45,14.47,5750
20,14.51,14.52,14.36,14.45,16366
21,14.44,14.52,14.435,14.52,4000
22,14.44,14.44,14.4,14.435,5400
23,14.41,14.49,14.41,14.4747,4700
24,14.41,14.44,14.41,14.41,2200
25,14.42,14.42,14.385,14.41,19500
26,14.39,14.405,14.39,14.405,1400
27,14.38,14.405,14.38,14.39,5400
28,14.31,14.37,14.31,14.37,2000
29,14.26,14.31,14.26,14.31,2700
30,14.47,14.5,14.28,14.3,13500
31,14.39,14.455,14.39,14.455,2800
32,14.44,14.46,14.39,14.39,4200
33,14.42,14.44,14.4,14.43,7000
34,14.42,14.49,14.42,14.435,5200
35,14.43,14.45,14.42,14.43,7400
36,14.44,14.45,14.42,14.43,6100
37,14.5,14.5,14.42,14.42,12200
38,14.43,14.5,14.43,14.485,38344
39,14.43,14.49,14.39,14.43,49213
144,14.5,14.5,14.5,14.5,122
145,14.405,14.525,14.35,14.455,5900
146,14.405,14.49,14.37,14.49,6914
147,14.41,14.45,14.35,14.39,3881
148,14.39,14.46,14.335,14.445,6200
149,14.31,14.4,14.295,14.34,5300
150,14.42,14.42,14.295,14.295,5481
151,14.355,14.44,14.33,14.4,7833
152,14.28,14.36,14.28,14.355,4601
153,14.305,14.32,14.29,14.295,10029
154,14.32,14.32,14.3,14.305,3400
155,14.31,14.36,14.3,14.32,5753
156,14.33,14.345,14.3,14.305,7000
157,14.39,14.4,14.3,14.335,7900
158,14.39,14.48,14.37,14.42,3600
159,14.4634,14.5,14.37,14.37,9610
160,14.51,14.52,14.42,14.46,4910
161,14.49,14.525,14.49,14.515,3800
162,14.49,14.5,14.48,14.5,1900
163,14.5,14.525,14.49,14.5,5306
164,14.51,14.53,14.5,14.505,1500
165,14.46,14.53,14.46,14.5056,2700
166,14.51,14.51,14.46,14.5,2600
167,14.5,14.56,14.5,14.5168,27058
168,14.5,14.515,14.49,14.5,1700
169,14.51,14.51,14.49,14.5,16495
170,14.59,14.64,14.515,14.515,3700
171,14.99,14.99,14.6084,14.6084,4960
172,14.92,15.07,14.92,14.9656,16678
173,15.03,15.03,14.93,14.93,2950
174,14.9,15.1,14.9,15.035,8066
175,14.9,14.905,14.89,14.9,1750
176,14.9075,14.92,14.89,14.895,2500
177,14.81,14.9027,14.745,14.9,5850
178,15,15.105,14.8,14.805,7515
179,14.91,15.03,14.9,15.03,9100
180,14.88,14.92,14.87,14.91,6100
181,14.84,14.96,14.79,14.92,10000
182,14.67,14.8723,14.43,14.84,21625
183,14.81,14.9,14.6,14.82,101616
288,15.1,15.1,14.79,14.79,733
289,14.55,14.825,14.5,14.77,3400
290,14.99,15.06,14.53,14.5328,5845
291,14.995,15.08,14.87,15,4400
292,15.1,15.19,14.98,15.03,4800
293,15.09,15.1,15.01,15.08,3000
294,15.21,15.35,15.065,15.07,13552
295,15.2,15.3007,15.11,15.11,5125
296,15.5,15.5,15.22,15.22,7600
297,15.5221,15.66,15.4527,15.5,6805
298,15.43,15.68,15.39,15.53,8196
299,15.58,15.62,15.44,15.48,6400
300,15.56,15.59,15.51,15.51,3700
301,15.62,15.63,15.44,15.55,8067
302,15.63,15.77,15.53,15.53,13518
303,15.6034,15.675,15.6,15.63,3500
304,15.78,15.78,15.5,15.6,7650
305,15.86,15.88,15.8,15.88,2600
306,15.805,15.86,15.775,15.86,3400
307,15.88,15.88,15.805,15.84,2200
308,16.09,16.2,15.89,15.89,20888
309,15.9,16.06,15.9,16.06,1800
310,15.9,15.97,15.86,15.86,25528
311,15.85,15.93,15.75,15.915,7900
312,15.85,15.86,15.775,15.78,9400
313,15.85,15.85,15.81,15.82,1225
314,15.64,15.83,15.64,15.825,3005
315,15.755,15.755,15.595,15.645,4900
316,15.79,15.79,15.65,15.755,2900
317,15.66,15.7796,15.66,15.7796,5500
318,15.66,15.7,15.66,15.695,1602
319,15.7,15.75,15.66,15.685,6000
320,15.73,15.75,15.7,15.715,6300
321,15.62,15.79,15.62,15.75,6999
322,15.68,15.72,15.635,15.6521,8820
323,15.72,15.77,15.72,15.74,5400
324,15.73,15.73,15.64,15.71,6300
325,15.65,15.76,15.605,15.73,18205
326,15.42,15.68,15.42,15.68,13650
327,15.47,15.59,15.425,15.425,21024
432,15.74,15.74,15.65,15.65,2167
433,15.64,15.78,15.64,15.77,1900
434,15.76,15.875,15.63,15.63,3200
435,16.09,16.1,15.83,15.84,8386
436,15.7975,16.45,15.7975,16.09,25187
437,15.82,15.95,15.715,15.78,9688
438,15.86,15.99,15.82,15.85,5950
439,15.7,15.855,15.59,15.855,13592
440,15.73,15.82,15.6,15.705,7700
441,15.71,15.78,15.69,15.75,3400
442,15.7,15.74,15.69,15.705,12600
443,15.84,15.84,15.7,15.7,7600
444,15.83,15.91,15.8,15.91,2600
445,15.68,15.8525,15.68,15.83,3400
446,15.6,15.725,15.6,15.7,4600
447,15.66,15.74,15.4707,15.5,5292
448,15.685,15.7,15.66,15.67,1000
449,15.715,15.72,15.66,15.67,3000
450,15.69,15.73,15.69,15.715,2600
451,15.7,15.71,15.68,15.69,2900
452,15.51,15.7075,15.4,15.7075,6535
453,15.6675,15.6875,15.53,15.53,3800
454,15.69,15.695,15.48,15.64,3400
455,15.65,15.69,15.645,15.69,3300
456,15.5,15.665,15.5,15.665,2200
457,15.62,15.62,15.52,15.555,1700
458,15.6525,15.685,15.65,15.66,3000
459,15.5,15.654,15.5,15.6,800
460,15.56,15.58,15.49,15.5,1200
461,15.625,15.7,15.56,15.56,5000
462,15.58,15.645,15.565,15.565,2600
463,15.61,15.665,15.6,15.6,3800
464,15.65,15.66,15.61,15.61,2050
465,15.6,15.65,15.5,15.65,6366
466,15.5,15.58,15.5,15.57,2200
467,15.47,15.565,15.23,15.46,9442
468,15.37,15.54,15.36,15.45,17421
469,15.46,15.57,15.32,15.405,10690
470,15.42,15.5492,15.4,15.46,5998
471,15.48,15.57,15.44,15.49,24051
576,15.35,15.35,15.35,15.35,900
577,15.39,15.4,15.265,15.265,1159
578,15.49,15.49,15.37,15.3875,2650
579,15.25,15.53,15.25,15.49,3840
580,15.2,15.27,15.07,15.075,1000
581,15.06,15.285,15,15.235,4510
582,15.2,15.2,14.975,14.975,3300
583,15.25,15.315,15.0801,15.2,5164
584,15.39,15.43,15.29,15.29,1200
585,15.47,15.47,15.28,15.39,2700
586,15.35,15.58,15.34,15.49,4060
587,15.27,15.36,15.27,15.36,2995
588,15.535,15.535,15.27,15.28,3700
589,15.42,15.48,15.42,15.48,800
590,15.39,15.425,15.34,15.37,2650
591,15.39,15.39,15.39,15.39,300
592,15.38,15.4,15.27,15.365,17600
593,15.31,15.42,15.31,15.34,6586
594,15.3,15.37,15.175,15.33,2200
595,15.38,15.39,15.3424,15.37,1200
596,15.32,15.36,15.31,15.325,700
597,15.375,15.41,15.32,15.34,1700
598,15.3,15.33,15.185,15.33,1200
599,15.27,15.3,15.16,15.3,2700
600,15.2775,15.31,15.26,15.26,400
601,15.33,15.34,15.32,15.32,400
602,15.33,15.395,15.3,15.32,4800
603,15.27,15.3429,15.27,15.3292,3616
604,15.34,15.36,15.26,15.295,1200
605,15.35,15.36,15.35,15.35,900
606,15.31,15.37,15.31,15.37,1720
607,15.36,15.37,15.34,15.34,1800
608,15.31,15.38,15.31,15.37,2400
609,15.35,15.44,15.23,15.23,4600
610,15.365,15.39,15.35,15.37,2000
611,15.365,15.38,15.35,15.38,1300
612,15.4,15.43,15.3346,15.38,5100
613,15.36,15.46,15.34,15.45,5306
614,15.41,15.49,15.21,15.35,6900
615,14.9,15.24,14.9,15.24,350806
a1493645400,15.16,15.16,15.16,15.16,3770
1,15.22,15.27,15.05,15.09,10386
2,15.275,15.3,15.2,15.2,5200
3,15.15,15.28,15.15,15.28,5555
4,15.265,15.265,15.1,15.13,10700
5,15.18,15.265,15.17,15.265,4400
6,14.96,15.15,14.93,15.15,11161
7,14.65,15.0409,14.58,14.98,16600
8,14.8499,14.8499,14.5,14.66,4800
9,15.19,15.19,14.825,14.825,3800
10,15.1364,15.21,14.95,15.17,21360
11,15.15,15.2,15.105,15.15,7860
12,15.08,15.15,15.08,15.14,2600
13,15.11,15.15,15.09,15.1,3900
14,15.1225,15.13,15.11,15.11,1575
15,15.14,15.17,15.125,15.125,2500
16,15.1,15.17,15.1,15.145,4769
17,15,15.1,15,15.1,2797
18,15.01,15.01,15.005,15.01,400
19,15.15,15.15,14.98,15.01,3500
20,15.12,15.155,15.12,15.14,3700
21,15.1037,15.12,15.08,15.1,950
22,15.155,15.155,15.13,15.15,2500
23,15.1201,15.15,15.1201,15.15,25100
24,15.16,15.17,15.13,15.14,1800
25,15.14,15.17,15.13,15.15,1700
26,15.15,15.17,15.08,15.15,11000
27,15.16,15.18,15.16,15.17,1400
28,15.17,15.22,15.13,15.15,9103
29,15.15,15.16,15.13,15.16,1000
30,15.14,15.15,15.14,15.15,1000
31,15.25,15.25,15.15,15.155,4800
32,15.14,15.235,15.14,15.235,2900
33,15.15,15.16,15.13,15.15,1800
34,15.15,15.2,15.15,15.15,6275
35,15.17,15.25,15.17,15.2,4800
36,15.13,15.2,15.12,15.2,2200
37,15.205,15.25,15.14,15.14,8794
38,15.24,15.24,15.15,15.24,9284
39,15.25,15.46,15.205,15.24,43508
144,15.31,15.31,15.31,15.31,1001
145,15.35,15.7,15.35,15.49,2379
146,15.31,15.415,15.25,15.35,3400
147,15.3,15.35,15.3,15.3,3550
148,15.0001,15.3,15,15.3,10250
149,15.1105,15.1105,15.1105,15.1105,165
150,15.0432,15.0432,15,15,200
151,14.98,15,14.901,15,1831
152,14.9016,15.0099,14.9016,15.0099,1200
153,14.9,14.9,14.78,14.78,847
155,15.02,15.124,14.9922,15,5300
156,14.96,15.0022,14.96,15.0022,2000
157,14.99,14.99,14.92,14.95,2120
158,15.01,15.01,14.94,14.94,1962
159,15.04,15.1,15.04,15.06,1000
160,15.06,15.06,15.06,15.06,300
161,15.1,15.1,15.09,15.09,700
162,15.14,15.14,15.11,15.11,400
164,15.1,15.1,15.1,15.1,100
165,15.1,15.14,15.1,15.14,675
166,15.03,15.09,15,15.09,1100
167,15.06,15.1,15.03,15.03,2532
168,15.0899,15.0899,15.06,15.06,600
169,15.0744,15.08,15.0744,15.08,300
170,15.09,15.09,15.08,15.08,200
171,15.01,15.1,15.01,15.1,600
172,15.1,15.1,15.0333,15.06,1120
173,15.09,15.14,15.08,15.11,1200
174,15.105,15.13,15.105,15.12,600
175,15.15,15.15,15.11,15.14,400
176,15.1,15.21,15.1,15.16,4195
177,15.1,15.14,15.08,15.08,2000
178,15.11,15.15,15.1,15.1,1900
179,15.105,15.12,15.065,15.1,1200
180,15.05,15.13,15.05,15.13,1800
181,15.22,15.22,15.02,15.02,6900
182,15.35,15.35,15.23,15.23,11435
183,15.2,15.4,15.2,15.34,53768
288,15.11,15.11,15.11,15.11,1495
290,15.58,15.58,15.23,15.25,900
291,15.33,15.53,15.33,15.52,900
292,15.155,15.33,15.155,15.33,500
293,15,15.14,15,15.14,1100
294,15.05,15.05,15,15,6000
295,14.99,15.06,14.99,15.06,700
296,15.03,15.03,14.98,14.9949,1250
297,14.9034,15.01,14.9034,15.01,400
298,14.94,14.94,14.88,14.88,400
299,14.925,14.925,14.925,14.925,100
300,14.96,14.96,14.95,14.95,600
301,14.96,14.97,14.92,14.95,900
302,14.96,14.96,14.96,14.96,400
303,15,15,14.96,14.97,600
304,14.98,15.02,14.97,15,800
305,14.96,14.97,14.94,14.94,1000
306,15.01,15.01,14.9495,14.9495,400
307,15.02,15.02,15.01,15.01,400
308,15,15.02,14.94,14.9859,800
309,15.005,15.05,14.95,14.98,1900
311,14.97,15,14.97,15,400
312,15,15,14.93,14.9384,1600
314,14.94,14.97,14.9379,14.9379,500
315,15.08,15.08,14.93,14.97,400
316,15.04,15.08,15,15.08,500
317,15.07,15.07,15.04,15.04,500
318,15.08,15.08,15.01,15.04,600
319,15.08,15.12,15.05,15.0553,1150
320,15.09,15.13,15.06,15.09,2060
321,15.11,15.15,15.1,15.13,4240
322,15.13,15.17,15.065,15.065,2800
323,15.09,15.11,15.06,15.11,700
324,15.1318,15.16,15.07,15.07,1400
325,15.02,15.16,14.9975,15.16,1800
326,14.98,15,14.93,15,5365
327,15.02,15.06,14.96,14.99,14630
432,15.05,15.05,15.05,15.05,100
433,14.91,14.93,14.89,14.89,700
434,14.92,15,14.92,15,200
435,15,15,15,15,100
436,15.02,15.07,14.96,15.01,604
437,14.95,14.96,14.95,14.96,1000
438,14.9226,14.96,14.9,14.9101,2355
439,14.96,14.98,14.95,14.96,1129
440,14.932,14.95,14.93,14.95,800
441,14.88,14.93,14.79,14.93,1723
442,14.87,14.88,14.84,14.85,1445
443,14.9,14.9,14.86,14.87,1765
444,14.93,14.94,14.9,14.92,1500
445,14.91,14.91,14.85,14.85,300
446,14.89,14.89,14.85,14.85,600
447,14.87,14.94,14.84,14.84,1900
448,14.87,14.87,14.87,14.87,100
449,14.9,14.94,14.86,14.87,3300
450,14.91,14.915,14.8733,14.8733,750
451,14.91,14.91,14.87,14.905,2400
453,14.91,14.91,14.89,14.9,700
454,14.94,14.94,14.94,14.94,300
456,14.92,14.9255,14.9,14.9255,1120
458,14.89,14.89,14.89,14.89,200
459,14.92,14.92,14.875,14.88,1300
460,14.94,14.94,14.91,14.92,300
461,14.99,14.99,14.925,14.925,700
462,14.94,14.97,14.93,14.97,700
464,14.9899,14.9899,14.956,14.956,507
466,14.97,14.99,14.97,14.99,400
468,14.96,14.96,14.94,14.945,900
469,14.94,14.97,14.93,14.96,2000
470,14.99,14.99,14.93,14.93,700
471,14.99,15.01,14.96,14.97,9772
577,15,15,15,15,2800
578,15,15,15,15,4300
580,14.8135,15.0001,14.81,15,3850
581,14.84,14.84,14.81,14.81,800
582,14.725,14.83,14.725,14.83,7200
583,14.745,14.745,14.675,14.74,1100
584,14.73,14.7573,14.73,14.74,400
585,14.56,14.72,14.56,14.72,1400
586,14.655,14.77,14.5801,14.5801,1500
587,14.68,14.68,14.68,14.68,100
588,14.74,14.78,14.736,14.76,1625
589,14.77,14.77,14.7252,14.74,1510
590,14.86,14.89,14.85,14.85,2000
591,14.82,14.83,14.82,14.83,200
592,14.7,14.82,14.67,14.82,2600
594,14.67,14.73,14.67,14.73,500
595,14.68,14.68,14.68,14.68,300
596,14.73,14.73,14.72,14.72,200
597,14.72,14.75,14.72,14.75,500
598,14.6501,14.6501,14.6501,14.6501,190
599,14.6,14.6645,14.6,14.6645,600
600,14.6,14.6,14.56,14.6,500
601,14.62,14.6336,14.62,14.63,600
602,14.58,14.59,14.58,14.59,200
603,14.61,14.66,14.58,14.5801,900
604,14.65,14.69,14.6,14.61,700
605,14.59,14.63,14.59,14.63,500
606,14.57,14.58,14.52,14.58,5283
607,14.56,14.5969,14.53,14.5969,2600
608,14.53,14.54,14.53,14.53,500
609,14.445,14.5499,14.4,14.52,16676
610,14.43,14.47,14.43,14.455,890
611,14.44,14.45,14.44,14.45,200
612,14.49,14.5,14.445,14.4525,1025
613,14.54,14.55,14.47,14.48,700
614,14.52,14.54,14.51,14.51,600
615,14.53,14.55,14.49,14.49,10350
a1494250200,14.48,14.48,14.48,14.48,162
1,14.5,14.5,14.2324,14.2324,900
4,14.39,14.54,14.39,14.54,500
5,14.495,14.54,14.38,14.41,3222
6,14.34,14.44,14.32,14.41,1300
7,14.42,14.42,14.3,14.3,1548
8,14.515,14.58,14.35,14.35,3400
9,14.5,14.56,14.455,14.53,1300
10,14.54,14.54,14.45,14.5,1900
11,14.5,14.53,14.39,14.46,2400
12,14.51,14.53,14.5,14.5,2200
13,14.5,14.52,14.49,14.52,800
14,14.49,14.5,14.48,14.5,900
15,14.5,14.5,14.48,14.5,1800
16,14.47,14.5,14.47,14.49,4300
17,14.53,14.53,14.48,14.48,1300
18,14.55,14.55,14.5374,14.5374,500
19,14.53,14.53,14.52,14.53,700
20,14.55,14.55,14.54,14.54,400
21,14.6,14.6,14.6,14.6,100
23,14.53,14.56,14.53,14.5501,1100
24,14.52,14.52,14.48,14.5,1000
26,14.525,14.525,14.51,14.51,200
27,14.52,14.53,14.51,14.52,600
28,14.51,14.51,14.51,14.51,200
29,14.49,14.53,14.49,14.51,2000
30,14.53,14.54,14.48,14.53,1000
31,14.49,14.525,14.47,14.525,2100
32,14.49,14.49,14.49,14.49,100
33,14.4421,14.4421,14.4421,14.4421,275
34,14.44,14.44,14.41,14.41,500
35,14.43,14.45,14.39,14.4,1000
36,14.42,14.45,14.42,14.45,600
37,14.34,14.42,14.31,14.37,1700
38,14.39,14.4,14.32,14.32,900
39,14.49,14.49,14.42,14.43,21223
144,14.49,14.49,14.49,14.49,183
146,14.5,14.55,14.36,14.36,2600
147,14.5,14.5,14.5,14.5,400
148,14.44,14.44,14.44,14.44,100
149,14.45,14.45,14.38,14.38,600
150,14.45,14.45,14.43,14.43,800
151,14.49,14.49,14.46,14.46,2789
152,14.46,14.465,14.46,14.465,300
153,14.47,14.49,14.47,14.475,1000
154,14.4,14.4,14.4,14.4,100
155,14.435,14.44,14.42,14.435,1200
156,14.49,14.49,14.45,14.45,2000
157,14.49,14.49,14.48,14.49,300
158,14.5,14.5,14.48,14.49,1300
159,14.51,14.51,14.51,14.51,200
160,14.49,14.51,14.46,14.5,3300
161,14.48,14.51,14.46,14.46,400
162,14.49,14.5,14.47,14.485,800
163,14.52,14.52,14.52,14.52,100
164,14.5,14.5,14.5,14.5,100
165,14.53,14.53,14.5,14.5,1700
166,14.54,14.56,14.5,14.51,1600
167,14.5,14.55,14.5,14.55,1400
168,14.51,14.52,14.5,14.5,3378
169,14.51,14.51,14.51,14.51,200
170,14.49,14.52,14.47,14.5,3578
171,14.52,14.52,14.495,14.5,900
172,14.51,14.51,14.495,14.51,1399
173,14.51,14.52,14.48,14.495,1100
174,14.51,14.51,14.51,14.51,100
175,14.495,14.52,14.48,14.51,1400
176,14.495,14.51,14.48,14.495,1405
177,14.5,14.5,14.495,14.495,1100
178,14.48,14.5,14.48,14.5,500
179,14.51,14.55,14.49,14.5,1700
180,14.52,14.52,14.5,14.5,400
181,14.475,14.51,14.4606,14.51,1290
182,14.47,14.49,14.44,14.465,7202
183,14.66,14.7,14.49,14.49,12204
288,14.65,14.65,14.65,14.65,406
290,14.5929,14.5929,14.5929,14.5929,200
291,14.9,14.9,14.6,14.65,4890
292,14.9499,14.9499,14.9499,14.9499,100
293,14.87,14.87,14.71,14.7902,2700
294,14.98,14.98,14.72,14.87,1700
295,14.765,14.92,14.71,14.82,2270
296,14.7999,14.83,14.67,14.73,2200
297,14.73,14.78,14.69,14.75,1400
298,14.795,14.8,14.74,14.74,900
299,14.84,14.9599,14.79,14.79,2600
300,14.81,14.82,14.78,14.82,1400
301,14.97,14.97,14.75,14.75,1000
302,14.96,14.96,14.75,14.75,1426
303,14.91,14.91,14.76,14.82,1501
304,14.82,14.91,14.765,14.91,1454
305,14.79,14.92,14.78,14.92,1400
306,14.86,14.95,14.748,14.82,1600
307,14.84,14.84,14.84,14.84,200
308,14.8,14.8799,14.7131,14.7131,400
309,14.88,14.88,14.82,14.82,700
310,14.91,14.97,14.9,14.91,700
311,14.99,14.99,14.71,14.91,3300
312,15.12,15.13,14.96,14.96,6500
313,15.14,15.14,15.13,15.13,200
314,15.35,15.35,15.24,15.24,1400
315,15.36,15.41,15.36,15.405,700
316,15.27,15.33,15.2,15.2,300
317,15.19,15.255,15.16,15.255,800
318,15.215,15.22,15.15,15.15,800
319,15.24,15.24,15.18,15.18,900
320,15.26,15.28,15.2,15.22,12800
321,15.37,15.37,15.27,15.27,5300
322,15.29,15.37,15.29,15.36,10700
323,15.235,15.32,15.235,15.29,2300
324,15.12,15.27,15.09,15.23,3825
325,15.225,15.25,15.05,15.135,5050
326,15.1,15.37,15,15.2,42080
327,15.13,15.2,14.97,15.085,24531
432,14.91,14.91,14.91,14.91,946
433,14.9,14.91,14.9,14.91,1700
434,14.71,14.77,14.7,14.75,3500
435,14.565,14.63,14.5,14.63,3022
436,14.5,14.51,14.5,14.51,15400
437,14.65,14.65,14.54,14.54,1300
438,14.58,14.61,14.58,14.61,297
439,14.5,14.5,14.5,14.5,900
440,14.57,14.57,14.55,14.55,300
441,14.5,14.53,14.5,14.53,2300
442,14.53,14.55,14.52,14.52,1400
443,14.62,14.62,14.56,14.56,500
444,14.59,14.59,14.57,14.57,200
445,14.54,14.57,14.54,14.57,200
446,14.56,14.56,14.51,14.56,6100
447,14.5856,14.69,14.58,14.58,6700
449,14.61,14.61,14.6,14.6,200
450,14.555,14.59,14.555,14.59,200
451,14.58,14.63,14.58,14.59,2600
452,14.64,14.64,14.56,14.58,800
453,14.6,14.65,14.6,14.637,2200
454,14.57,14.57,14.57,14.57,100
456,14.79,14.82,14.6179,14.6179,6460
457,14.87,14.87,14.87,14.87,100
458,14.9,15,14.85,14.87,1200
459,14.97,14.99,14.875,14.875,600
460,15.02,15.02,14.94,14.98,4300
461,15.06,15.095,15.05,15.05,2300
462,15.1,15.1,15.08,15.1,1988
463,15.125,15.15,15.1,15.11,1650
464,15.12,15.13,15.11,15.13,1200
465,15.095,15.12,15.095,15.12,1500
466,15.03,15.1,15.03,15.075,2455
467,15.05,15.05,15.03,15.03,600
468,14.99,15.025,14.99,15.02,1200
469,15.085,15.085,14.995,15,28800
470,15.075,15.1,15.075,15.1,4900
471,15.13,15.2,15.07,15.08,13508
576,16.38,16.38,16.38,16.38,6000
577,15.05,15.05,15.05,15.05,100
578,15.31,15.92,15.11,15.11,10687
579,15.18,15.56,15.15,15.3,6600
580,15.115,15.3,15.115,15.27,1700
581,15.21,15.21,15.095,15.18,700
582,15.3,15.32,15.23,15.23,2811
583,15.2,15.275,15.18,15.275,900
584,15.2028,15.25,15.2,15.2,1500
585,15.25,15.27,15.24,15.24,700
586,15.25,15.31,15.25,15.28,3915
587,15.23,15.24,15.23,15.24,300
588,15.225,15.25,15.225,15.25,300
589,15.23,15.28,15.2279,15.25,2500
591,15.27,15.34,15.25,15.29,2700
592,15.22,15.27,15.22,15.27,800
593,15.21,15.21,15.21,15.21,100
595,15.22,15.26,15.11,15.11,700
596,15.265,15.265,15.265,15.265,100
597,15.21,15.26,15.19,15.26,1400
598,15.165,15.165,15.07,15.16,800
600,15.18,15.2,15.15,15.15,2000
601,15.18,15.2,15.16,15.19,1300
602,15.17,15.19,15.17,15.19,200
603,15.14,15.22,15.11,15.21,1000
604,15.25,15.25,15.22,15.22,700
605,15.24,15.27,15.235,15.235,1700
606,15.1,15.24,15.05,15.24,12730
607,15.12,15.24,15.06,15.13,27054
608,15.14,15.15,15.09,15.15,600
609,15.09,15.1,15.0101,15.1,1200
610,15.06,15.13,15.05,15.13,4500
611,15.07,15.09,15.06,15.08,1600
612,15.01,15.08,15.01,15.075,4400
613,15.05,15.1,14.94,15.02,4291
614,15,15.13,15,15.05,13362
615,15,15.09,14.98,15,26549
a1494855000,15.05,15.05,15.05,15.05,200
1,14.8513,15.105,14.8513,15.06,1700
2,14.8849,14.885,14.8701,14.8701,700
3,14.97,14.98,14.94,14.98,400
4,14.94,14.94,14.94,14.94,100
5,14.9314,14.9314,14.9314,14.9314,175
7,15,15,15,15,300
9,15.0627,15.0627,15,15.005,1225
10,15.11,15.15,15.1,15.1,2600
11,14.96,15.12,14.92,15.09,1600
12,14.94,14.98,14.94,14.9751,700
13,14.99,14.99,14.97,14.97,500
14,15.02,15.02,14.96,14.98,20700
15,15.05,15.06,14.99,14.99,1200
16,15,15.05,15,15.05,2700
17,14.97,15.01,14.97,15.01,1400
18,14.95,14.98,14.94,14.98,1800
19,14.94,14.94,14.93,14.94,600
20,14.98,14.98,14.98,14.98,100
21,14.97,14.98,14.97,14.98,300
22,14.95,14.97,14.93,14.97,1200
23,14.9,14.91,14.89,14.91,8297
24,14.91,14.91,14.86,14.86,1600
25,14.98,14.99,14.98,14.99,790
26,14.96,14.99,14.94,14.99,300
27,14.96,14.98,14.96,14.98,400
28,14.93,15.02,14.91,14.985,2200
29,14.93,14.94,14.93,14.94,250
30,14.91,14.91,14.87,14.9,1000
31,14.92,14.92,14.905,14.905,10400
32,14.95,14.95,14.9,14.905,1800
33,15,15.01,15,15,700
34,14.99,15.03,14.99,15.015,396
35,14.97,15,14.97,14.98,1000
36,14.99,15,14.96,14.97,1800
37,15.01,15.01,14.99,14.99,800
38,14.955,15.015,14.95,15,6200
39,14.97,15.05,14.95,14.985,39455
144,15,15,15,15,211
145,14.9,15,14.9,15,800
146,14.92,14.93,14.8351,14.84,2000
147,14.99,15,14.92,14.95,62000
148,14.96,14.9625,14.96,14.9625,742
149,15,15,15,15,100
150,14.87,14.92,14.84,14.92,600
152,14.86,14.88,14.84,14.84,500
153,14.82,14.82,14.82,14.82,100
154,14.93,14.93,14.93,14.93,100
155,14.94,14.94,14.94,14.94,300
156,14.79,14.8773,14.74,14.84,1500
157,14.84,14.84,14.79,14.79,300
158,14.83,14.83,14.82,14.82,200
159,14.82,14.82,14.82,14.82,250
160,14.98,14.98,14.98,14.98,100
161,14.914,14.914,14.914,14.914,200
162,14.91,14.91,14.91,14.91,100
163,14.8814,14.8814,14.8814,14.8814,700
164,14.9,14.94,14.9,14.94,200
165,14.92,14.92,14.92,14.92,100
170,14.85,14.9,14.85,14.9,200
171,14.81,14.8247,14.81,14.8247,850
173,14.8403,14.91,14.8403,14.91,800
174,14.82,14.88,14.81,14.86,1580
175,14.91,14.91,14.84,14.89,1200
178,14.8703,14.8703,14.85,14.85,600
179,14.94,14.94,14.94,14.94,100
180,14.97,14.97,14.97,14.97,100
181,14.95,14.965,14.88,14.88,1000
182,14.98,14.98,14.93,14.93,1183
183,14.92,14.98,14.88,14.98,9661
288,14.73,14.73,14.73,14.73,201
289,14.75,14.81,14.75,14.75,6600
290,14.75,14.75,14.75,14.75,540
291,14.89,14.89,14.89,14.89,100
292,14.75,14.8,14.75,14.77,1700
293,14.75,14.8,14.75,14.79,6000
294,14.75,14.76,14.75,14.75,2400
295,14.83,14.83,14.75,14.75,6300
296,14.92,14.93,14.82,14.83,5300
297,14.82,14.92,14.82,14.92,800
298,14.86,14.86,14.86,14.86,100
299,14.8345,14.85,14.81,14.82,1600
300,14.89,14.89,14.81,14.83,1191
301,14.87,14.87,14.86,14.87,600
302,14.85,14.88,14.85,14.87,1100
303,14.89,14.89,14.84,14.84,1600
304,14.92,14.97,14.89,14.97,1800
305,14.9,14.96,14.81,14.93,4700
306,14.98,14.99,14.86,14.91,6900
307,14.95,14.99,14.92,14.99,2413
308,14.99,14.99,14.9475,14.9475,500
309,14.99,15,14.99,15,200
310,15.16,15.2036,15,15,4918
311,15.16,15.25,15.043,15.25,4223
312,15.15,15.205,15.15,15.2,2100
313,15.2,15.23,15.13,15.15,17406
314,15.22,15.23,15.2,15.23,1000
315,15.22,15.22,15.17,15.2,7496
316,15.37,15.42,15.37,15.42,2100
317,15.314,15.362,15.29,15.362,1700
318,15.3,15.31,15.248,15.29,1600
319,15.29,15.3,15.29,15.3,300
320,15.2,15.33,15.17,15.33,3300
321,15.29,15.31,15.2,15.24,1900
322,15.3,15.32,15.25,15.29,2704
323,15.345,15.345,15.267,15.3,3450
324,15.4031,15.48,15.3,15.34,2695
325,15.32,15.45,15.32,15.39,16400
326,15.4,15.42,15.39,15.4,4031
327,15.49,15.63,15.38,15.4,17064
432,15.39,15.39,15.39,15.39,778
433,15.549,15.6,15.518,15.518,300
434,15.71,15.75,15.53,15.5656,1500
436,15.84,15.85,15.62,15.69,4800
437,15.67,15.76,15.655,15.71,26500
438,15.82,15.96,15.7,15.7,15600
439,15.98,15.98,15.655,15.87,3500
440,16.11,16.15,15.92,15.9658,3854
441,15.84,15.957,15.84,15.957,17724
442,16.13,16.2974,15.905,15.905,4100
444,16,16.1,16,16.1,600
445,16.24,16.24,16.09,16.09,2430
446,16.5,16.5,16.25,16.29,4331
447,16.31,16.4399,16.2,16.4217,6520
448,16.21,16.26,16.08,16.26,4100
449,16.21,16.22,16.21,16.22,800
450,16.3,16.33,16.26,16.26,1800
451,16.25,16.28,16.245,16.28,1900
452,16.24,16.29,16.18,16.24,1000
453,16.26,16.26,16.17,16.238,2400
454,16.3,16.31,16.3,16.3,500
455,16.3,16.3342,16.3,16.3342,1364
456,16.2635,16.2635,16.2635,16.2635,100
457,16.34,16.345,16.33,16.33,2000
458,16.48,16.48,16.3,16.32,1900
459,16.55,16.58,16.48,16.48,4625
460,16.5148,16.57,16.47,16.55,5500
461,16.53,16.53,16.43,16.53,3000
462,16.485,16.5,16.45,16.5,2400
463,16.5,16.52,16.48,16.52,825
464,16.5,16.52,16.48,16.52,2800
465,16.78,16.78,16.49,16.5099,7615
466,16.85,16.85,16.74,16.79,600
467,16.89,16.945,16.83,16.855,5122
468,17.06,17.2,16.86,16.86,10128
469,17,17.16,16.95,17.08,6700
470,17,17.07,16.935,16.98,3750
471,16.96,17.01,16.92,17,10547
576,16.92,16.92,16.92,16.92,1659
577,17.3,17.3,17.045,17.229,1200
578,17.25,17.33,17.25,17.33,500
579,17.3,17.3,17,17.21,41108
580,17.315,17.39,17,17.39,72837
581,17.614,17.65,17.355,17.355,5321
582,17.655,17.67,17.52,17.63,11850
583,17.515,17.65,17.515,17.65,5100
584,17.72,17.72,17.52,17.52,600
585,17.54,17.59,17.5,17.59,2500
586,17.4479,17.56,17.4479,17.56,2065
587,17.71,17.73,17.52,17.52,1000
588,17.65,17.7,17.65,17.66,600
589,17.72,17.72,17.58,17.66,1300
590,17.63,18,17.63,17.715,10762
591,17.51,17.61,17.51,17.61,500
592,17.81,17.81,17.54,17.57,2900
593,17.56,17.79,17.54,17.75,4100
594,17.72,17.72,17.55,17.55,1250
595,17.57,17.83,17.57,17.83,2900
596,17.54,17.56,17.54,17.55,1200
597,17.46,17.52,17.42,17.52,300
598,17.485,17.515,17.41,17.455,4100
599,17.59,17.59,17.5,17.5,1900
600,17.71,17.71,17.56,17.56,1600
601,17.52,17.66,17.45,17.66,1300
602,17.57,17.57,17.525,17.525,200
603,17.56,17.575,17.5,17.5,11800
604,17.56,17.575,17.56,17.575,400
605,17.66,17.66,17.56,17.56,2693
606,17.65,17.65,17.58,17.65,1100
607,17.63,17.65,17.62,17.65,1000
608,17.65,17.65,17.61,17.62,1500
609,17.69,17.69,17.66,17.69,600
610,17.485,17.77,17.48,17.77,8549
611,17.57,17.6,17.4744,17.4744,3100
612,17.56,17.56,17.51,17.53,700
613,17.32,17.55,17.3,17.55,2000
614,17.41,17.41,17.29,17.32,2450
615,17.43,17.46,17.34,17.41,16591
a1495459800,17.48,17.48,17.48,17.48,109
1,17.0016,17.37,16.101,17.37,4886
2,17.02,17.03,17.018,17.018,1450
3,16.845,16.9441,16.7858,16.941,5100
4,16.83,16.97,16.76,16.97,2000
5,16.9,16.9,16.9,16.9,100
6,16.77,16.87,16.77,16.87,700
8,16.8072,16.8072,16.72,16.77,300
9,16.87,16.87,16.72,16.72,400
10,16.815,16.815,16.76,16.76,200
11,16.93,16.94,16.93,16.94,400
12,16.91,16.96,16.91,16.96,800
13,16.9269,16.9269,16.9269,16.9269,100
14,17.07,17.07,17.07,17.07,100
15,17.08,17.09,16.99,16.99,600
17,17.01,17.1,17.01,17.1,200
18,16.9,17,16.9,17,1300
19,16.83,17.0204,16.81,17.0204,2494
20,16.83,16.87,16.83,16.87,200
21,16.78,16.78,16.78,16.78,500
23,16.77,16.82,16.77,16.82,300
24,16.77,16.77,16.74,16.75,300
26,16.636,16.636,16.636,16.636,150
27,16.55,16.68,16.55,16.68,3000
30,16.6,16.6,16.585,16.6,1600
31,16.72,16.72,16.6,16.62,1500
32,16.66,16.71,16.66,16.71,200
34,16.64,16.66,16.64,16.66,500
35,16.66,16.68,16.66,16.68,900
36,16.69,16.7,16.66,16.66,500
37,16.88,16.88,16.71,16.71,2400
38,16.89,16.94,16.85,16.94,3318
39,16.9,16.95,16.84,16.89,14418
144,16.87,16.87,16.87,16.87,401
146,16.835,16.85,16.755,16.85,7800
147,16.85,16.85,16.74,16.82,2300
148,16.935,16.935,16.8,16.84,6401
149,16.86,16.93,16.84,16.93,1300
150,16.77,16.85,16.77,16.85,300
151,16.77,16.79,16.75,16.79,300
152,16.83,16.84,16.71,16.79,1001
153,16.85,16.85,16.7901,16.85,2000
154,16.885,16.97,16.85,16.85,1025
155,17.05,17.07,16.99,17.07,1300
156,17.18,17.18,17.09,17.1,800
157,17.205,17.27,17.17,17.17,8800
158,17.14,17.205,17.14,17.205,1700
159,17.22,17.285,17.2,17.2,1500
160,17.18,17.21,17.18,17.21,400
161,17.12,17.17,17.12,17.17,400
162,17.08,17.08,17.08,17.08,100
163,17.01,17.03,16.98,17.03,600
164,17.09,17.1,17.01,17.01,1000
165,17.11,17.15,17.08,17.14,700
166,17.15,17.15,17.15,17.15,100
167,17.19,17.2,17.18,17.18,400
168,17.3,17.3,17.141,17.185,600
169,17.27,17.27,17.225,17.26,500
170,17.29,17.29,17.27,17.29,400
171,17.34,17.34,17.22,17.22,700
172,17.17,17.39,17.17,17.39,1700
173,17.19,17.2,17.175,17.2,300
174,17.2,17.21,17.13,17.19,800
175,17.09,17.32,17.09,17.18,1900
176,17.11,17.15,17.0861,17.0861,1525
177,17.26,17.42,17.16,17.16,2405
178,17.2475,17.35,17.2,17.28,1200
179,17.16,17.28,17.16,17.28,600
180,17.12,17.1369,17.11,17.11,950
181,17.11,17.16,17.08,17.15,1329
182,17.13,17.13,17.11,17.1225,539
183,17.16,17.2,17.12,17.17,5437
289,17.13,17.13,16.8357,16.8357,400
291,17.07,17.11,17.07,17.11,600
292,17.23,17.23,17.14,17.14,400
293,17.2,17.2,17.17,17.19,1800
294,16.915,17.16,16.915,17.16,950
295,17.0154,17.0154,16.98,17.0094,740
296,16.98,16.98,16.98,16.98,100
297,16.85,16.85,16.85,16.85,100
298,16.96,16.96,16.96,16.96,100
299,17.07,17.1,17.07,17.1,300
301,17.12,17.19,17.12,17.19,700
303,17.1,17.13,17.1,17.13,500
304,17.13,17.13,17.1,17.1,400
305,17.082,17.14,17.03,17.14,900
306,17.01,17.04,17.01,17.04,200
307,17.03,17.03,16.99,16.99,200
308,17.04,17.04,17.04,17.04,200
309,16.98,17,16.91,17,5200
310,17,17,16.93,16.93,900
312,16.92,16.92,16.92,16.92,100
314,17.0155,17.016,16.98,17,800
315,16.99,16.99,16.99,16.99,100
316,16.96,17.05,16.96,17.05,900
317,16.9,16.95,16.87,16.95,400
318,16.945,16.95,16.89,16.95,700
319,16.94,16.99,16.94,16.99,1200
320,16.89,16.94,16.89,16.94,400
321,16.89,16.9,16.84,16.89,600
323,16.74,16.94,16.72,16.94,1400
324,16.84,16.84,16.83,16.83,600
325,16.75,16.94,16.745,16.84,3500
326,16.8,16.81,16.74,16.74,4577
327,16.77,16.87,16.67,16.87,6029
432,16.82,16.82,16.82,16.82,127
434,16.75,16.76,16.75,16.76,243
435,16.64,16.9,16.59,16.66,9602
436,16.74,16.8428,16.74,16.8428,863
437,16.8761,16.94,16.72,16.79,1700
438,16.57,16.8,16.57,16.8,1350
439,16.5,16.53,16.5,16.53,673
440,16.3,16.42,16.25,16.42,3296
441,16.37,16.38,16.285,16.315,2700
442,16.3,16.34,16.25,16.3,2500
443,16.28,16.6,16.24,16.25,8124
444,16.2,16.27,16.2,16.2,1000
445,16.24,16.25,16.24,16.25,900
446,16.2,16.2,16.1621,16.19,850
447,16.15,16.2,16.15,16.2,826
448,16.18,16.2,16.17,16.17,800
449,16,16.24,15.99,16.17,2126
450,16.02,16.1,16.02,16.1,1100
451,16.09,16.1,16.09,16.1,900
453,16.09,16.09,16.09,16.09,100
454,15.91,16.08,15.9019,16.08,1550
456,15.9,15.9507,15.85,15.9507,1595
458,15.79,15.91,15.79,15.89,1000
459,15.87,15.9,15.76,15.87,1800
460,15.88,15.8999,15.79,15.8999,1000
461,15.84,15.885,15.81,15.885,2722
462,15.8,15.85,15.8,15.82,1300
463,15.68,15.85,15.66,15.85,1807
464,15.75,15.77,15.68,15.68,1100
465,15.77,15.85,15.77,15.8428,1600
466,15.85,15.85,15.76,15.76,1200
467,15.8243,15.85,15.8,15.85,1237
468,15.59,15.8,15.56,15.8,4600
469,15.77,15.7795,15.6,15.6,2697
470,15.85,15.85,15.76,15.785,1797
471,15.73,15.83,15.7,15.83,6194
576,15.68,15.68,15.68,15.68,200
578,15.78,15.78,15.78,15.78,100
579,15.73,15.73,15.7,15.71,1000
580,15.66,15.7,15.66,15.7,200
581,15.61,15.61,15.61,15.61,100
582,15.66,15.66,15.64,15.65,300
585,15.6,15.6,15.6,15.6,100
586,15.56,15.5934,15.56,15.57,400
588,15.6,15.6,15.6,15.6,500
590,15.57,15.59,15.56,15.56,1062
592,15.53,15.54,15.49,15.54,2988
593,15.54,15.54,15.49,15.53,1900
594,15.52,15.64,15.515,15.59,1100
595,15.45,15.46,15.45,15.46,200
596,15.4,15.41,15.4,15.41,400
597,15.29,15.33,15.26,15.32,1200
598,15.36,15.37,15.33,15.33,800
599,15.35,15.35,15.35,15.35,200
600,15.33,15.4,15.33,15.35,300
601,15.43,15.44,15.42,15.42,500
602,15.56,15.56,15.38,15.38,300
603,15.38,15.53,15.38,15.46,700
604,15.345,15.35,15.345,15.35,300
605,15.305,15.305,15.305,15.305,100
606,15.32,15.48,15.32,15.32,300
610,15.33,15.35,15.31,15.32,400
611,15.29,15.3,15.29,15.3,200
612,15.41,15.41,15.305,15.305,300
613,15.36,15.36,15.36,15.36,200
614,15.32,15.43,15.32,15.36,1800
615,15.32,15.35,15.31,15.32,4642
a1496151600,15.2,15.25,15.2,15.25,1492
1,15.11,15.23,15.1,15.15,1300
4,15.04,15.1129,15.04,15.1129,1100
5,14.92,15.07,14.91,15.07,3500
6,14.93,14.93,14.92,14.92,200
7,14.9439,15,14.94,14.97,1900
8,14.94,14.94,14.94,14.94,100
9,14.95,14.97,14.94,14.96,1200
10,14.9,14.95,14.86,14.95,1400
11,14.9,14.9,14.9,14.9,100
12,14.82,14.92,14.82,14.9,2827
13,14.85,14.85,14.85,14.85,100
14,14.83,14.83,14.81,14.81,200
15,14.785,14.835,14.76,14.835,1690
17,14.7501,14.8,14.75,14.8,1300
18,14.76,14.77,14.75,14.77,400
19,14.6,14.75,14.6,14.75,4300
20,14.61,14.61,14.6,14.6,300
21,14.5872,14.605,14.5872,14.605,837
22,14.67,14.68,14.67,14.68,300
23,14.72,14.72,14.61,14.65,817
24,14.63,14.68,14.63,14.65,600
25,14.55,14.6,14.55,14.6,600
26,14.535,14.55,14.535,14.55,900
27,14.57,14.67,14.56,14.56,4616
28,14.59,14.605,14.57,14.57,963
29,14.52,14.52,14.52,14.52,900
30,14.54,14.55,14.46,14.52,7189
31,14.58,14.625,14.58,14.58,2500
32,14.6,14.6,14.56,14.56,800
33,14.63,14.635,14.61,14.63,2000
34,14.65,14.65,14.6,14.61,700
35,14.575,14.62,14.56,14.62,800
36,14.64,14.64,14.56,14.56,1700
37,14.65,14.67,14.62,14.62,1700
38,14.63,14.67,14.62,14.62,6311
143,14.6,14.6,14.6,14.6,731
144,14.73,14.73,14.64,14.64,300
145,14.87,14.92,14.75,14.75,5642
146,14.53,14.85,14.53,14.81,5744
147,14.7,14.7,14.5218,14.5218,1000
148,14.455,14.84,14.455,14.84,2589
149,14.565,14.565,14.38,14.4126,2078
150,14.37,14.445,14.37,14.42,2083
151,14.4,14.4,14.39,14.39,400
152,14.45,14.55,14.37,14.55,900
153,14.41,14.47,14.41,14.45,1100
154,14.455,14.455,14.4201,14.4201,1300
155,14.5,14.5,14.44,14.46,600
156,14.5299,14.5299,14.47,14.52,2100
157,14.5,14.515,14.5,14.515,200
159,14.52,14.52,14.5,14.5,300
160,14.54,14.54,14.54,14.54,200
161,14.545,14.545,14.545,14.545,100
162,14.5418,14.5418,14.5418,14.5418,200
163,14.54,14.565,14.54,14.565,500
164,14.5,14.54,14.5,14.54,200
165,14.51,14.51,14.46,14.46,200
167,14.49,14.49,14.49,14.49,100
168,14.45,14.45,14.45,14.45,1096
169,14.36,14.4,14.36,14.4,664
170,14.27,14.31,14.27,14.31,627
171,14.26,14.31,14.26,14.29,2400
172,14.26,14.3,14.26,14.26,1063
173,14.28,14.28,14.26,14.26,1100
174,14.26,14.29,14.26,14.275,600
175,14.27,14.275,14.26,14.275,800
176,14.26,14.27,14.26,14.27,2841
177,14.27,14.275,14.26,14.27,1500
178,14.27,14.28,14.27,14.27,300
179,14.25,14.27,14.25,14.26,3175
180,14.24,14.265,14.24,14.25,1202
181,14.24,14.245,14.24,14.245,1402
182,14.27,14.3,14.24,14.3,7101
287,14.36,14.36,14.36,14.36,500
288,14.36,14.36,13.8979,13.981,700
289,14.35,14.4464,14.18,14.355,1288
290,14.21,14.382,14.11,14.3785,2900
291,14.25,14.25,14.19,14.21,1300
292,14.22,14.245,14.22,14.24,700
293,14.21,14.24,14.18,14.19,1200
294,14.31,14.31,14.18,14.2101,1500
295,14.32,14.32,14.31,14.31,300
296,14.31,14.31,14.31,14.31,100
297,14.42,14.42,14.33,14.35,2569
298,14.405,14.44,14.36,14.4096,1500
299,14.53,14.53,14.38,14.405,2918
300,14.525,14.55,14.51,14.53,1440
301,14.5,14.53,14.26,14.52,106837
302,14.43,14.5489,14.43,14.47,2124
303,14.465,14.465,14.43,14.4517,300
304,14.48,14.48,14.41,14.44,2400
305,14.57,14.61,14.49,14.49,1300
306,14.5662,14.58,14.52,14.565,1863
307,14.56,14.6,14.56,14.59,1000
308,14.63,14.665,14.595,14.595,1357
309,14.63,14.63,14.63,14.63,400
310,14.84,14.84,14.66,14.66,1781
311,14.855,14.855,14.845,14.845,400
312,14.8,14.87,14.8,14.87,1300
313,14.81,14.81,14.79,14.79,1059
314,14.72,14.8086,14.72,14.79,2500
315,14.7,14.72,14.67,14.67,2600
316,14.665,14.69,14.63,14.685,2236
317,14.68,14.69,14.65,14.67,1959
318,14.63,14.69,14.63,14.65,2803
319,14.51,14.6164,14.51,14.6164,1380
320,14.575,14.59,14.51,14.52,2510
321,14.58,14.65,14.58,14.65,800
322,14.655,14.66,14.57,14.58,3253
323,14.63,14.69,14.63,14.64,4416
324,14.62,14.64,14.62,14.63,1900
325,14.6075,14.64,14.56,14.61,5806
326,14.57,14.62,14.54,14.57,23780
431,14.59,14.59,14.59,14.59,219
432,14.52,14.55,14.52,14.55,500
433,14.64,15.28,14.48,14.54,2786
434,14.18,14.5273,14.18,14.5,2752
435,14.28,14.4,14.06,14.16,1700
436,14.31,14.35,14.19,14.2,2500
437,14.42,14.42,14.3,14.3,600
438,14.38,14.42,14.38,14.42,300
439,14.49,14.5,14.37,14.41,1000
440,14.525,14.6,14.4721,14.5,11300
441,14.52,14.55,14.5,14.53,1400
442,14.5,14.54,14.49,14.5,1900
443,14.5,14.55,14.5,14.55,700
444,14.5,14.55,14.5,14.55,2500
445,14.5,14.53,14.49,14.5,2907
446,14.49,14.56,14.49,14.49,1000
447,14.51,14.51,14.45,14.5,1200
448,14.41,14.46,14.41,14.46,500
449,14.44,14.46,14.2,14.46,10068
450,14.49,14.57,14.42,14.43,1160
451,14.5,14.51,14.5,14.5,600
453,14.47,14.53,14.47,14.5,2114
454,14.4,14.41,14.4,14.41,200
455,14.33,14.44,14.26,14.4,4967
456,14.34,14.34,14.27,14.27,200
457,14.39,14.39,14.37,14.37,400
458,14.48,14.48,14.43,14.43,800
459,14.48,14.5,14.48,14.5,2316
460,14.5,14.53,14.46,14.48,6500
461,14.505,14.52,14.5,14.52,900
462,14.5,14.52,14.49,14.52,1408
463,14.46,14.5,14.46,14.5,1800
464,14.52,14.525,14.47,14.4844,3300
465,14.515,14.56,14.49,14.52,7200
466,14.42,14.55,14.42,14.5,6198
467,14.49,14.53,14.4,14.43,4127
468,14.5386,14.58,14.44,14.5,3150
469,14.58,14.61,14.5,14.565,5063
470,14.75,14.78,14.53,14.56,17236
863,14.67,14.67,14.67,14.67,328
864,15.83,16.38,15.18,15.23,4495
865,15.3643,15.3643,15.3643,15.3643,100
867,15.64,16.57,15.5,15.5,400
868,15.71,16.32,15.65,16.04,2300
869,15.095,15.69,15.095,15.69,8101
870,15.09,15.18,15.09,15.17,800
871,15.07,15.1,15.07,15.1,200
872,15,15.02,15,15.02,300
873,15,15.11,15,15.02,2500
874,15.13,15.27,15,15,3600
875,15.14,15.26,15.09,15.09,2000
876,15.15,15.26,15.15,15.16,600
877,15.14,15.14,15.04,15.13,800
878,15.05,15.11,15.02,15.086,1750
879,15.03,15.1027,15.03,15.1027,650
880,15.09,15.09,15.055,15.09,400
881,15.14,15.19,15.09,15.09,1707
882,15.11,15.15,15.05,15.13,800
883,15.239,15.239,15.03,15.14,400
884,15.16,15.2,15.16,15.2,500
885,15.1,15.18,15.1,15.15,500
886,15.22,15.22,15.1,15.1,300
887,15.1,15.11,15.1,15.11,300
888,15.15,15.15,15.15,15.15,200
889,15.1,15.16,15.1,15.12,600
890,15.1,15.22,15.1,15.17,900
891,15.11,15.23,15.08,15.12,600
892,15.04,15.04,15.04,15.04,100
893,15.04,15.18,15,15.05,1000
894,15.06,15.15,15.02,15.085,1300
895,15.11,15.2073,15.05,15.05,3700
896,15.19,15.19,15.11,15.11,1230
897,15.19,15.22,15.14,15.16,1200
898,15.23,15.23,15.17,15.17,500
899,15.09,15.175,15.07,15.16,1400
900,15.15,15.2,15.08,15.08,1400
901,15.09,15.16,15.04,15.16,3790
902,15.06,15.1,15.01,15.02,9664
a1496755800,15,15,15,15,235
1,14.98,15.31,14.95,15.31,9437
2,14.94,15.01,14.72,14.74,6900
3,15.12,15.12,14.735,14.94,3100
4,15.04,15.13,15.04,15.13,700
5,15.108,15.108,15.045,15.045,400
6,15.185,15.185,15.01,15.04,2100
7,15.115,15.419,15.115,15.19,2200
8,15.17,15.24,15.11,15.15,800
9,15.1,15.2,15.04,15.15,1200
10,15.127,15.17,15.02,15.17,700
11,15.02,15.05,14.99,15.04,2100
12,15.04,15.04,14.99,14.99,1848
13,15.04,15.11,15.02,15.02,500
14,15.13,15.17,15.1,15.1,930
15,15.1,15.143,15.06,15.09,700
16,15.01,15.09,15,15.07,1300
17,15.0418,15.07,15,15,1600
18,14.98,15.04,14.97,15,2000
19,14.98,15.04,14.98,14.99,800
20,14.92,14.97,14.85,14.97,6178
21,14.87,14.9,14.87,14.9,1300
22,14.87,14.9,14.85,14.89,1900
23,14.89,14.89,14.87,14.87,1200
24,15,15.05,14.95,14.95,1100
25,15.085,15.17,15.03,15.04,1800
26,15.046,15.15,14.95,15.14,800
27,14.95,14.995,14.9,14.995,2400
28,15,15.045,14.945,14.945,1500
29,15.055,15.08,15.02,15.045,1100
30,14.98,15.02,14.96,15.02,3467
31,14.98,15.04,14.98,14.98,2500
32,14.955,14.98,14.885,14.945,1700
33,14.95,15,14.94,14.955,2600
34,15.06,15.08,14.92,14.92,1500
35,15.05,15.06,15.01,15.06,1100
36,15.24,15.24,15.08,15.08,1300
37,15.14,15.22,15.08,15.2,2000
38,15.13,15.17,15.1285,15.14,1850
39,15.24,15.24,15.14,15.15,8283
144,15.32,15.32,15.32,15.32,1100
145,15.125,15.32,14.68,15.25,800
146,15.1,15.15,14.84,14.84,500
147,15.39,15.39,14.88,15.085,1600
148,15.375,15.54,15.32,15.46,5100
149,15.57,15.58,15.4516,15.47,4092
150,15.62,15.62,15.423,15.423,500
151,15.5,15.6,15.5,15.6,2053
152,15.57,15.57,15.49,15.5,2174
153,15.5,15.51,15.465,15.5,1200
154,15.56,15.56,15.55,15.55,400
155,15.5592,15.6,15.51,15.6,1300
156,15.5,15.52,15.5,15.52,200
157,15.46,15.56,15.46,15.5,7500
158,15.415,15.48,15.415,15.47,700
159,15.415,15.47,15.415,15.425,1073
160,15.4,15.45,15.34,15.43,1200
161,15.361,15.46,15.34,15.4177,830
162,15.255,15.45,15.15,15.37,4900
163,15.12,15.22,15.09,15.22,3300
164,15.09,15.12,15.08,15.12,1098
165,14.91,15.07,14.88,15.07,11100
166,14.935,14.98,14.89,14.95,2400
167,14.88,14.99,14.88,14.99,4574
168,14.81,14.87,14.81,14.87,400
169,14.59,14.95,14.53,14.84,22865
170,14.54,14.55,14.53,14.53,500
171,14.5,14.5992,14.5,14.56,2100
172,14.42,14.5,14.36,14.5,3100
173,14.4192,14.43,14.35,14.43,948
174,14.41,14.42,14.31,14.32,1900
175,14.5,14.5,14.42,14.45,4700
176,14.75,14.94,14.4,14.48,21312
177,14.8,14.805,14.72,14.74,1300
178,14.677,14.79,14.677,14.79,1500
179,14.71,14.84,14.7,14.74,13190
180,14.8,14.8441,14.71,14.71,3300
181,14.75,14.88,14.735,14.88,2300
182,14.75,14.8,14.701,14.7472,1700
183,14.81,14.89,14.715,14.72,11942
288,14.53,14.83,14.53,14.83,339
289,14.69,14.69,14.69,14.69,100
290,14.865,14.91,14.695,14.91,1600
291,14.89,14.89,14.7252,14.8,2624
292,14.965,14.965,14.88,14.89,2100
293,14.9,14.9324,14.9,14.91,950
294,14.83,14.84,14.83,14.84,1088
295,14.815,14.85,14.72,14.72,700
296,15.065,15.065,14.85,14.85,700
297,15.15,15.15,14.9735,15.02,712
298,14.99,15.085,14.97,15.085,12400
299,15.095,15.095,14.92,14.92,2166
300,14.96,15.135,14.9,15.13,6793
302,15,15.05,14.96,14.96,2003
303,15.03,15.105,15.03,15.105,300
304,15.01,15.01,15.01,15.01,100
305,15.15,15.15,15.03,15.03,400
306,15.06,15.24,15.045,15.24,1111
307,15,15.045,14.94,14.94,1900
308,15,15,14.98,14.98,1797
309,14.935,15,14.92,15,400
310,14.94,14.94,14.86,14.91,2395
311,14.995,14.995,14.88,14.88,400
312,14.8,15.04,14.8,15.04,1520
313,14.87,14.87,14.8,14.87,300
314,14.81,14.81,14.81,14.81,100
315,14.8,14.82,14.77,14.815,500
316,14.94,14.94,14.85,14.85,1600
317,15.18,15.18,15.03,15.055,1300
318,15.11,15.11,15.05,15.09,1000
319,15.0403,15.07,15.0403,15.07,500
320,15.06,15.12,15.04,15.09,1577
321,15.09,15.11,15.04,15.08,1700
322,15.07,15.08,15.02,15.08,700
323,15.02,15.02,15.01,15.01,240
324,14.9503,15.03,14.9503,15.02,1200
325,15.095,15.095,14.91,14.95,2400
326,15.05,15.075,15.05,15.07,1300
327,15,15.08,14.9,15.06,15211
432,14.89,14.89,14.89,14.89,500
433,14.74,14.74,14.74,14.74,100
434,14.99,15.17,14.94,14.985,2050
435,14.975,15.05,14.965,15.05,800
436,14.97,14.985,14.97,14.975,300
437,14.99,15.11,14.92,15,3700
438,15.13,15.13,14.945,14.99,1000
439,15.01,15.07,14.95,14.95,6998
440,15,15.04,15,15.01,4000
441,15.05,15.05,14.99,14.99,2200
442,15.02,15.04,15.005,15.03,2400
443,15.04,15.06,15,15,2800
444,15.02,15.105,15,15.05,2500
445,15.05,15.13,15.02,15.035,2700
446,15.03,15.03,15.015,15.03,500
447,15.03,15.06,15.03,15.05,1698
448,15.02,15.07,15.01,15.03,700
449,15,15.075,15,15.02,400
450,15.035,15.035,14.97,15,3000
451,15.05,15.05,15.04,15.04,494
452,15.05,15.05,15.05,15.05,300
453,15.07,15.1,15.07,15.1,300
454,15.04,15.07,15.04,15.07,600
455,15.04,15.07,15.01,15.07,1500
456,15.09,15.09,15.05,15.05,400
457,15.02,15.06,15.02,15.06,1400
458,14.97,15.045,14.97,15.045,1000
459,15,15.015,14.99,15.015,800
460,14.82,14.98,14.81,14.92,2400
461,14.9,14.9,14.81,14.81,4094
462,15.01,15.075,14.83,14.84,8512
463,14.95,15.12,14.95,15.02,7644
464,14.81,14.955,14.81,14.95,6770
465,15.015,15.015,14.82,14.86,4200
466,15.03,15.075,14.99,15,2600
467,15.035,15.15,15,15.15,1000
468,15.01,15.075,14.92,15,6792
469,15.04,15.09,14.97,15.09,3700
470,14.945,15.035,14.9,15.03,4300
471,15.02,15.1,14.93,14.95,22778
864,15.17,15.17,15.17,15.17,1133
865,15.25,15.25,14.95,14.97,1300
866,14.96,15.13,14.95,15.13,2041
867,14.73,14.97,14.71,14.97,1900
868,14.62,14.8,14.62,14.8,2920
869,14.57,14.645,14.4,14.6,4321
870,14.365,14.56,14.33,14.55,2000
871,14.555,14.5778,14.16,14.33,3764
872,14.53,14.573,14.46,14.573,1800
873,14.48,14.56,14.48,14.55,1300
874,14.74,14.74,14.53,14.53,2600
875,14.68,14.73,14.61,14.7,1200
876,14.79,14.79,14.57,14.66,1500
877,14.84,15.01,14.83,14.84,2800
878,14.87,14.87,14.78,14.78,600
879,14.74,14.95,14.74,14.875,3873
880,14.84,14.93,14.75,14.93,2100
881,14.81,14.84,14.81,14.84,200
882,14.65,14.895,14.65,14.81,1605
883,14.57,14.68,14.57,14.68,1400
884,14.7,14.7,14.54,14.54,2461
885,14.665,14.68,14.62,14.68,600
886,14.64,14.71,14.63,14.675,500
887,14.51,14.7,14.5,14.7,700
888,14.46,14.6,14.4,14.51,5113
889,14.55,14.55,14.4601,14.5,500
890,14.55,14.59,14.55,14.55,1200
891,14.5,14.56,14.5,14.55,600
892,14.51,14.515,14.4991,14.4991,900
893,14.5,14.53,14.46,14.53,1046
894,14.54,14.54,14.46,14.5,400
895,14.45,14.545,14.45,14.54,3198
896,14.42,14.48,14.42,14.43,900
897,14.34,14.44,14.31,14.43,2142
898,14.34,14.3669,14.33,14.3669,1630
899,14.28,14.355,14.28,14.34,1800
900,14.3,14.31,14.25,14.25,1932
901,14.34,14.34,14.26,14.26,6933
902,14.63,14.72,14.35,14.35,12254
903,14.7,14.74,14.595,14.67,15649
a1497360600,14.73,14.73,14.73,14.73,300
1,14.57,14.805,14.47,14.805,2300
2,14.88,14.88,14.67,14.67,1600
3,14.71,14.72,14.69,14.69,800
4,14.71,14.79,14.68,14.79,1200
5,14.7,14.715,14.67,14.71,1000
6,14.72,14.75,14.69,14.74,1200
7,14.82,14.82,14.75,14.775,7534
8,15.325,15.325,14.86,14.86,9600
9,14.99,15.37,14.99,15.26,2300
10,15.39,15.39,15.1292,15.1292,2450
11,15.4,15.4,15.28,15.28,900
12,15.7,15.7,15.4365,15.48,10800
13,15.5422,15.91,15.48,15.7,5900
14,15.4384,15.53,15.32,15.5,2500
15,15.47,15.57,15.38,15.3941,2573
16,15.51,15.69,15.48,15.54,2135
17,15.57,15.58,15.4,15.4,400
18,15.57,15.57,15.45,15.5,1100
19,15.48,15.505,15.46,15.5,1500
20,15.5,15.51,15.46,15.46,600
21,15.47,15.5,15.47,15.5,600
22,15.44,15.61,15.44,15.5,4085
23,15.45,15.46,15.435,15.46,700
24,15.44,15.48,15.42,15.42,600
25,15.5,15.51,15.43,15.48,500
26,15.535,15.55,15.46,15.5,2900
27,15.41,15.47,15.41,15.47,913
28,15.5,15.57,15.46,15.535,1600
29,15.49,15.6,15.49,15.49,1500
30,15.48,15.555,15.48,15.48,1400
31,15.48,15.54,15.47,15.5,400
32,15.5,15.535,15.49,15.5,2300
33,15.5,15.525,15.48,15.5,6565
34,15.5725,15.5725,15.4,15.5,6238
35,15.62,15.63,15.58,15.63,1072
36,15.7,15.74,15.595,15.595,1200
37,15.66,15.83,15.66,15.721,4891
38,15.64,15.68,15.54,15.67,3007
39,15.73,15.74,15.62,15.63,18122
144,15.65,15.65,15.65,15.65,100
145,15.595,15.595,15.4,15.4,200
146,15.86,15.87,15.6955,15.78,2200
147,15.72,15.86,15.5343,15.85,2350
148,15.85,15.93,15.68,15.86,14900
149,15.87,15.87,15.71,15.87,1900
150,15.845,15.88,15.7446,15.88,337
151,15.915,15.94,15.86,15.91,900
152,15.85,15.95,15.85,15.915,1300
153,15.87,15.87,15.84,15.85,1200
154,15.815,15.9,15.815,15.9,2200
155,15.95,15.95,15.82,15.85,1900
156,16.2,16.35,15.97,15.97,2700
157,16.18,16.18,16.15,16.155,575
158,16.12,16.15,16.11,16.15,600
159,16.12,16.125,16.12,16.125,200
160,16.06,16.13,16,16.13,1875
161,15.985,16.08,15.93,16.08,600
162,15.985,15.985,15.94,15.94,300
163,15.95,16.02,15.95,16.02,1401
164,15.96,15.96,15.9,15.9,200
165,15.94,15.94,15.92,15.92,300
166,15.86,15.98,15.86,15.92,1400
167,15.83,15.87,15.83,15.86,400
168,15.86,15.89,15.85,15.85,800
169,15.965,16.02,15.89,15.92,2650
170,16.06,16.07,16.015,16.07,800
171,16.02,16.02,16.02,16.02,300
172,16.09,16.09,16.025,16.03,1200
173,16.07,16.11,16.07,16.09,800
174,16.05,16.065,16.04,16.04,557
175,15.97,16.05,15.97,16.05,1600
176,15.855,15.965,15.855,15.965,2334
177,15.87,15.87,15.8,15.81,2000
178,15.94,15.94,15.89,15.89,800
179,15.925,15.97,15.9,15.97,1600
180,15.915,15.92,15.89,15.89,600
181,15.95,15.95,15.89,15.915,2200
182,16.06,16.06,15.94,15.97,2500
183,16.15,16.16,16.06,16.085,13274
288,15.83,15.83,15.83,15.83,1097
289,15.63,15.63,15.12,15.21,300
290,15.685,15.685,15.635,15.66,300
291,16.11,16.11,15.5433,15.5433,1600
292,15.85,16.15,15.85,15.915,1000
293,16.15,16.15,15.94,16.04,2500
294,16.19,16.24,16.08,16.1,3905
295,16.5,16.53,16.23,16.24,5100
296,16.1,16.58,16.1,16.58,1100
297,16.17,16.205,16.035,16.035,1500
298,16.185,16.28,16.159,16.189,2900
299,16.14,16.25,16.13,16.25,700
300,16.07,16.07,16.01,16.05,600
301,15.93,16.055,15.93,16.055,1000
302,16.055,16.08,15.95,15.955,3508
303,16.055,16.06,15.88,16.03,3352
304,15.925,16.07,15.92,16.04,2252
305,16.015,16.04,15.97,15.97,2465
306,15.86,16.02,15.86,16.01,126300
307,15.87,15.94,15.87,15.875,700
308,15.945,16.09,15.88,15.89,2700
309,15.9,15.96,15.9,15.96,500
310,15.945,15.945,15.93,15.93,200
311,15.93,15.97,15.93,15.935,782
312,15.915,15.915,15.915,15.915,100
313,15.91,15.91,15.85,15.895,1400
314,15.82,15.88,15.82,15.875,1800
315,15.71,15.81,15.635,15.81,2602
316,15.69,15.69,15.67,15.67,600
317,15.74,15.75,15.675,15.675,900
318,15.75,15.75,15.71,15.725,1781
319,15.73,15.86,15.73,15.73,3140
320,15.72,15.72,15.69,15.69,900
321,15.68,15.825,15.68,15.77,1100
322,15.77,15.77,15.7,15.7,700
323,15.72,15.785,15.675,15.785,900
324,15.77,15.795,15.66,15.74,2400
325,15.68,15.795,15.68,15.79,1200
326,15.82,15.82,15.68,15.73,2593
327,15.87,15.94,15.76,15.82,16718
432,15.69,15.69,15.69,15.69,12594
433,15.93,15.93,15.69,15.69,308
434,16,16.35,15.81,16.35,1400
435,16.09,16.14,15.85,15.85,9500
436,16.2,16.23,16.02,16.1071,2000
437,16.25,16.26,16.115,16.26,300
438,16.185,16.22,16.0571,16.08,1300
439,16.16,16.26,16.12,16.12,600
440,16.14,16.2,16.08,16.19,700
441,16.1499,16.1999,16.024,16.13,3186
442,16.01,16.15,15.98,16.15,5586
443,16.08,16.13,16,16,2100
444,16.0871,16.0871,16.01,16.08,1500
445,16.08,16.11,16.01,16.11,700
446,16.06,16.1,16.01,16.05,800
447,16.09,16.095,16.01,16.08,800
448,16.01,16.08,16.01,16.08,650
449,16.11,16.11,16.01,16.06,700
450,16.03,16.119,16.03,16.119,1050
451,16.105,16.105,16.06,16.06,200
452,16.13,16.13,16.07,16.12,600
453,16.08,16.15,16.07,16.105,700
454,16.18,16.22,16.14,16.15,1100
455,16.24,16.28,16.185,16.185,700
456,16.34,16.37,16.29,16.32,1200
457,16.4,16.43,16.3326,16.39,1250
458,16.4,16.42,16.32,16.42,1500
459,16.45,16.45,16.24,16.38,1244
460,16.41,16.42,16.33,16.41,400
461,16.38,16.38,16.33,16.34,300
462,16.29,16.34,16.225,16.3,700
463,16.32,16.32,16.185,16.185,300
464,16.32,16.34,16.23,16.34,700
465,16.23,16.33,16.21,16.265,3600
466,16.43,16.48,16.39,16.39,1600
467,16.46,16.46,16.36,16.37,700
468,16.44,16.51,16.44,16.49,700
469,16.505,16.57,16.49,16.55,1500
470,16.6,16.7,16.52,16.56,5195
471,16.72,16.82,16.61,16.62,61916
864,16.74,16.74,16.74,16.74,190
865,16.86,16.86,16.4525,16.4525,1249
866,17.38,17.39,16.88,16.96,13235
867,17.23,17.42,17.23,17.39,3400
868,17.23,17.23,17.065,17.22,600
869,16.91,17.21,16.91,17.12,2700
870,17.08,17.16,17.08,17.12,500
871,17.165,17.17,17.14,17.145,859
872,17.16,17.2,17.09,17.09,1000
873,17.1,17.245,17.1,17.245,2350
874,17.22,17.22,17.1167,17.1167,300
875,17.31,17.37,17.17,17.22,1100
876,17.325,17.37,17.3,17.37,700
877,17.45,17.45,17.34,17.34,5318
878,17.65,17.65,17.4404,17.49,2430
879,17.65,17.85,17.65,17.74,1740
880,17.7,17.7189,17.6551,17.7189,1634
881,17.7584,17.84,17.7584,17.83,1469
882,17.8,17.85,17.79,17.83,800
883,17.7828,17.84,17.75,17.84,1950
884,17.949,17.95,17.84,17.84,3912
885,17.96,18,17.95,17.95,900
886,17.94,18.2,17.94,18,27439
887,18.16,18.25,17.93,17.93,2500
888,17.96,18.3,17.96,18.28,6900
889,17.95,18.04,17.88,17.95,2700
890,17.67,17.94,17.67,17.94,2250
891,17.85,17.85,17.685,17.71,2034
892,17.9,17.9,17.7918,17.81,620
893,18,18,17.9,17.9,2116
894,17.9,18,17.9,18,1500
895,17.95,17.95,17.9,17.905,1400
896,18,18.02,17.9001,17.95,4562
897,17.83,18.02,17.83,18.01,2355
898,17.74,17.82,17.72,17.82,2200
899,17.75,17.85,17.75,17.79,4090
900,17.55,17.75,17.48,17.75,4777
901,17.66,17.91,17.66,17.76,4018
902,17.71,17.86,17.66,17.68,6107
903,17.5,17.75,17.48,17.72,28906
a1497965400,17.75,17.75,17.45,17.45,1345
1,17.505,17.75,17.17,17.75,3136
2,17.25,17.5408,17.25,17.3715,2300
3,17.31,17.515,17.31,17.38,1573
4,17.615,17.615,17.52,17.52,600
5,17.51,17.63,17.46,17.61,2690
6,17.5125,17.545,17.49,17.49,5700
7,17.42,17.515,17.42,17.5125,1000
8,17.385,17.43,17.34,17.4,3389
9,17.3,17.405,17.29,17.405,4400
10,17.25,17.3,17.175,17.3,3800
11,17.26,17.3,17.0184,17.19,6100
12,17.06,17.215,16.98,17.2,16647
13,17.09,17.19,16.97,16.97,9800
14,17.09,17.09,17.07,17.09,2300
15,17.2587,17.32,17.09,17.09,7950
16,17.15,17.18,17.15,17.17,300
18,17.15,17.15,16.97,17.11,2840
19,17.3,17.3,17.23,17.23,1000
20,17.23,17.26,17.23,17.26,500
21,17.28,17.28,17.2,17.2,800
22,17.23,17.33,17.23,17.33,700
23,17.36,17.36,17.235,17.24,900
24,17.34,17.375,17.34,17.35,1147
25,17.34,17.355,17.34,17.355,1304
26,17.31,17.3482,17.28,17.295,2486
27,17.28,17.325,17.23,17.3,600
28,17.35,17.38,17.325,17.325,1000
29,17.25,17.35,17.25,17.35,1300
30,17.21,17.25,17.2,17.22,1000
31,17.21,17.25,17.2,17.22,500
32,17.23,17.23,17.2,17.2,500
33,17.205,17.235,17.205,17.235,300
34,17.2,17.23,17.18,17.18,1100
35,17.175,17.175,17.175,17.175,200
36,17.22,17.24,17.1,17.1,2400
37,17.2,17.26,17.2,17.22,821
38,17.22,17.25,17.2,17.25,5053
39,17.15,17.27,17.15,17.25,9054
144,17.14,17.14,17.14,17.14,625
145,17.1,17.506,16.9856,17.506,4032
146,17.02,17.11,16.97,17.105,7500
147,17.185,17.23,16.981,17.06,3800
148,17.43,17.5,17.18,17.18,3466
149,17.58,17.58,17.42,17.42,3100
150,17.53,17.695,17.53,17.695,4412
151,17.585,17.585,17.42,17.42,1500
152,17.52,17.575,17.5,17.575,1600
153,17.54,17.58,17.53,17.53,2100
154,17.47,17.57,17.47,17.54,839
155,17.45,17.52,17.45,17.48,500
156,17.54,17.54,17.45,17.46,500
157,17.44,17.53,17.44,17.53,900
158,17.42,17.48,17.4,17.46,4700
159,17.415,17.415,17.415,17.415,100
160,17.437,17.44,17.39,17.41,2400
161,17.44,17.47,17.37,17.4392,4174
162,17.49,17.54,17.46,17.47,935
163,17.5373,17.555,17.5373,17.54,1100
164,17.59,17.675,17.56,17.56,1300
165,17.58,17.595,17.51,17.595,27600
166,17.6,17.6,17.58,17.58,600
167,17.47,17.6,17.445,17.6,3700
168,17.22,17.48,17.2,17.48,10013
169,17.25,17.37,17.23,17.25,3900
170,17.14,17.3,17.05,17.3,44001
171,17.16,17.19,17.12,17.15,4800
172,17.3,17.395,17.15,17.16,11300
173,17.3267,17.37,17.3,17.37,1500
174,17.27,17.47,17.27,17.36,6315
175,17.18,17.27,17.18,17.27,4700
176,17.3,17.31,17.24,17.24,1100
177,17.35,17.35,17.305,17.305,1765
178,17.41,17.41,17.37,17.4,1403
179,17.5,17.54,17.43,17.43,12900
180,17.555,17.685,17.5,17.5,5703
181,17.55,17.58,17.485,17.51,6500
182,17.78,17.8,17.514,17.55,7226
183,17.77,17.95,17.68,17.79,18994
288,17.76,17.76,17.76,17.76,300
289,17.97,17.97,17.97,17.97,100
290,18.02,18.24,17.745,17.745,12400
291,18.03,18.06,17.995,18.04,3600
292,18.19,18.25,18.01,18.01,11203
293,18.039,18.25,18.01,18.25,3000
294,18.02,18.09,18.01,18.055,3850
295,18.12,18.17,18.02,18.025,4600
296,18.26,18.26,18.12,18.18,10050
297,18.27,18.5,18.27,18.3,14500
298,18.3256,18.4,18.28,18.35,3050
299,18.445,18.46,18.33,18.36,9000
300,18.76,18.76,18.4731,18.48,14459
301,18.94,18.945,18.76,18.81,6800
302,18.675,18.94,18.63,18.885,4400
303,18.8,18.84,18.69,18.69,2700
304,18.94,19,18.8,18.83,1300
305,18.83,19,18.81,18.9,1700
306,18.82,18.91,18.81,18.86,2100
307,19.005,19.09,18.8,18.845,6600
308,19.02,19.2276,18.94,19.11,6000
309,18.9,18.965,18.88,18.95,2100
310,18.925,19,18.87,18.97,2700
311,18.66,18.98,18.66,18.98,1800
312,18.59,18.76,18.59,18.69,4600
313,18.64,18.65,18.55,18.6,3747
314,18.64,18.68,18.565,18.66,1800
315,18.6,18.63,18.57,18.63,800
316,18.5762,18.6,18.505,18.505,1215
317,18.65,18.7,18.59,18.6,1000
318,18.61,18.69,18.61,18.65,3130
319,18.53,18.65,18.5,18.65,1300
320,18.57,18.58,18.51,18.58,600
321,18.65,18.65,18.535,18.57,3600
322,18.49,18.66,18.42,18.66,2800
323,18.454,18.47,18.44,18.47,1200
324,18.405,18.43,18.38,18.43,1100
325,18.42,18.475,18.405,18.405,2224
326,18.355,18.52,18.34,18.43,23195
327,18.44,18.5,18.3,18.33,26535
432,18.57,18.57,18.57,18.57,1154
433,19.18,19.37,18.87,18.87,2645
434,18.92,19.2999,18.92,19,1100
435,18.36,18.985,18.36,18.96,2466
436,18.66,18.7599,18.66,18.7599,1100
437,19.0199,19.0199,18.6,18.75,6004
438,19.13,19.1899,18.925,19,2883
439,19.1399,19.1399,19.06,19.12,1595
440,19.085,19.1699,19.075,19.12,900
441,18.9,19.1499,18.9,19.1499,1800
442,18.78,18.8,18.66,18.67,2280
443,18.82,18.82,18.721,18.721,1800
444,18.69,18.86,18.68,18.84,2700
445,18.595,18.675,18.57,18.675,1500
446,18.6599,18.66,18.6,18.6599,800
447,18.78,18.7999,18.66,18.66,2000
448,18.61,18.8,18.61,18.79,3100
449,18.64,18.695,18.59,18.61,1550
450,18.56,18.79,18.54,18.71,3800
451,18.53,18.56,18.45,18.45,500
452,18.55,18.6,18.51,18.54,6218
453,18.4,18.575,18.4,18.54,6347
454,18.41,18.46,18.41,18.44,900
455,18.45,18.46,18.39,18.46,400
456,18.45,18.59,18.445,18.45,4370
457,18.4,18.49,18.38,18.42,9001
458,18.43,18.43,18.36,18.43,2400
459,18.42,18.45,18.42,18.425,900
460,18.36,18.44,18.35,18.43,2800
461,18.3,18.3837,18.3,18.36,2220
462,18.16,18.38,18.16,18.31,1700
463,18.27,18.33,18.27,18.27,1600
464,18.25,18.305,18.19,18.25,2300
465,18.35,18.41,18.25,18.32,1900
466,18.32,18.36,18.3165,18.36,2400
467,18.415,18.415,18.32,18.32,5200
468,18.62,18.62,18.4,18.415,8100
469,18.685,18.71,18.53,18.62,14509
470,18.65,18.77,18.6,18.675,23740
471,18.62,18.76,18.54,18.64,596608
864,18.67,18.67,18.67,18.67,581
865,18.53,18.63,18.53,18.62,1000
866,18.27,18.46,18.165,18.45,3287
867,18.6,18.6,18.1382,18.1382,5809
868,18.74,18.74,18.48,18.55,3781
869,18.93,18.94,18.7,18.71,1100
870,19.08,19.08,18.93,18.95,1900
871,19.01,19.12,19,19.08,2084
872,18.89,18.98,18.855,18.98,1400
873,18.88,18.92,18.845,18.845,2000
874,19.18,19.18,18.84,18.9,3200
875,19.3399,19.48,19.01,19.09,24900
876,19.1,19.33,18.9201,19.33,8710
877,19.23,19.23,19.13,19.13,1300
878,19.4095,19.69,19.3,19.35,3381
879,19.31,19.51,19.31,19.35,1000
880,19.6,19.6,19.25,19.31,3650
881,19.72,19.88,19.6,19.75,2600
882,19.79,19.83,19.78,19.81,900
883,19.85,19.9,19.82,19.82,1700
884,20.01,20.03,19.9,19.9,8546
885,20.06,20.06,20.01,20.01,5446
886,20.28,20.37,20.0401,20.06,14900
887,20.38,20.38,20.18,20.31,2200
888,20.52,20.8,20.3994,20.41,10231
889,20.56,20.65,20.53,20.59,3300
890,20.42,20.58,20.34,20.57,3600
891,20.54,20.54,20.37,20.39,1200
892,20.36,20.5,20.3201,20.5,7988
893,20.41,20.45,20.34,20.45,4000
894,20.44,20.46,20.37,20.41,1400
895,20.56,20.6,20.44,20.48,8924
896,20.52,20.73,20.52,20.56,3383
897,20.87,20.9,20.47,20.48,17098
898,20.81,20.96,20.71,20.89,6500
899,20.68,20.91,20.67,20.91,11244
900,20.74,20.76,20.65,20.71,3400
901,20.78,20.78,20.62,20.715,4268
902,20.8,20.85,20.72,20.78,6200
903,20.42,20.83,20.41,20.83,45999
a1498570200,20.06,20.06,20.06,20.06,2506
1,20.1,20.1,20.05,20.1,800
2,20.11,20.55,20.11,20.2,1800
3,20.55,20.7848,20.23,20.4228,8923
4,20.48,20.565,20.2,20.42,6760
5,20.35,20.47,20.33,20.4,1700
7,20.35,20.4099,20.23,20.34,921
8,20.37,20.42,20.3142,20.325,600
9,20.34,20.47,20.34,20.4,2021
10,20.4,20.555,20.3301,20.43,1300
11,20.45,20.45,20.45,20.45,100
12,20.51,20.51,20.41,20.44,800
13,20.53,20.64,20.49,20.57,1680
14,20.57,20.705,20.49,20.55,6164
15,20.35,20.57,20.35,20.57,4136
16,20.29,20.4075,20.22,20.4,2501
17,20.16,20.27,20.16,20.2696,943
18,19.92,20.17,19.92,20.17,1801
19,19.91,19.96,19.91,19.96,300
20,19.79,19.93,19.79,19.84,1300
21,19.81,19.865,19.79,19.865,500
23,19.78,19.9,19.78,19.9,400
24,20.055,20.055,19.91,19.91,1205
25,19.9,20.05,19.9,20.05,1736
26,19.92,19.96,19.92,19.96,500
27,19.89,19.9,19.75,19.785,6196
28,19.855,19.855,19.855,19.855,100
29,19.81,19.89,19.745,19.82,2300
30,19.88,19.88,19.805,19.83,1598
31,19.95,20.15,19.94,20.07,2185
32,19.905,19.91,19.89,19.9,600
33,19.8,19.9584,19.77,19.845,13250
34,19.53,19.93,19.53,19.93,11697
35,19.29,19.55,19.29,19.54,3300
36,19.34,19.34,19.28,19.32,1050
37,19.42,19.46,19.31,19.335,3156
38,19.35,19.41,19.33,19.39,2385
39,19.22,19.33,19.19,19.33,21812
144,19.25,19.25,19.25,19.25,220
147,19.485,19.835,19.485,19.545,1000
148,19.52,19.5928,19.46,19.5928,1248
149,19.5202,19.5202,19.5202,19.5202,100
150,19.4,19.69,19.4,19.4191,2200
151,19.54,19.54,19.46,19.46,300
153,19.77,19.77,19.77,19.77,100
154,19.69,19.74,19.69,19.74,200
155,19.77,19.77,19.7,19.7,1200
156,19.54,19.87,19.54,19.77,1600
157,19.66,19.67,19.33,19.33,1600
158,19.8,19.93,19.62,19.65,2935
159,19.855,19.855,19.855,19.855,200
160,19.76,20.04,19.75,20.03,2832
161,19.84,19.95,19.69,19.78,1750
162,19.695,19.81,19.695,19.81,351
164,19.88,19.89,19.88,19.89,400
165,19.95,20.05,19.95,20.05,400
166,19.88,19.88,19.84,19.84,200
167,19.77,20.04,19.77,19.99,350
168,20.0393,20.0393,20.0393,20.0393,1000
169,19.82,19.91,19.82,19.83,800
171,19.87,19.87,19.87,19.87,100
172,19.933,19.933,19.8,19.8,300
173,19.785,19.785,19.785,19.785,100
174,20,20,19.845,19.96,1200
175,20,20,20,20,100
176,19.95,20.045,19.95,19.96,1200
177,19.8242,20,19.8242,19.88,1300
178,20,20.08,20,20.015,14300
179,20.02,20.045,20,20.045,600
180,20.045,20.045,19.96,19.96,700
181,20,20.045,19.96,20.045,1939
182,20.025,20.025,19.97,20,800
183,19.97,20.03,19.91,20,12814
288,20.12,20.12,20.12,20.12,1039
289,20.03,20.72,19.74,20.42,3100
290,19.844,19.96,19.78,19.93,1500
291,19.83,19.83,19.57,19.77,2800
292,19.5901,19.85,19.5901,19.85,3354
293,19.53,19.675,19.5,19.63,2800
294,19.52,19.73,19.48,19.6008,2511
295,19.67,19.67,19.5,19.52,900
296,19.31,19.57,19.31,19.57,3900
297,19.34,19.54,19.305,19.34,4636
298,19.25,19.46,19.25,19.46,1400
299,19.33,19.4796,19.095,19.265,6500
300,19.24,19.41,19.18,19.32,1600
302,19.34,19.34,19.34,19.34,1068
303,19.3,19.33,19.255,19.33,300
304,19.41,19.41,19.3299,19.33,400
306,19.45,19.45,19.45,19.45,200
307,19.5,19.5,19.4,19.42,900
308,19.78,19.86,19.5,19.5,3024
309,19.49,19.73,19.48,19.73,1000
310,19.765,19.78,19.61,19.61,1300
311,19.47,19.51,19.25,19.51,1280
312,19.34,19.5,19.12,19.5,2900
314,19.43,19.53,19.43,19.44,999
315,19.5,19.605,19.5,19.605,200
316,19.3,19.49,19.3,19.49,300
317,19.49,19.49,19.3369,19.3369,875
318,19.66,19.84,19.45,19.66,1593
320,19.56,19.59,19.5,19.5,635
321,19.57,19.57,19.47,19.52,404
322,19.5,19.53,19.49,19.53,400
323,19.35,19.47,19.33,19.46,1497
324,19.3,19.36,19.25,19.36,1778
325,19.69,19.79,19.31,19.31,4092
326,19.61,19.775,19.52,19.73,2383
327,19.53,19.68,19.51,19.62,9931
432,19.52,19.52,19.52,19.52,709
433,19.28,19.915,19.19,19.915,1141
434,19.25,19.36,19.25,19.28,2200
435,19.19,19.43,19.19,19.325,2598
436,19.1001,19.31,19.09,19.26,1501
437,19.115,19.115,19.07,19.07,200
438,19.08,19.25,19.08,19.25,1790
439,19.15,19.15,19.13,19.13,432
440,19.33,19.33,19.1701,19.1701,400
442,19.33,19.33,19.155,19.155,200
443,19.3,19.3,19.23,19.3,300
444,19.2,19.29,19.18,19.29,500
445,19.29,19.29,19.29,19.29,100
446,19.29,19.29,19.11,19.23,800
447,19.28,19.38,19.28,19.34,1200
448,19.4,19.44,19.35,19.35,400
449,19.46,19.46,19.3,19.33,1800
450,19.41,19.44,19.41,19.44,400
451,19.42,19.47,19.42,19.47,200
452,19.43,19.43,19.43,19.43,100
453,19.43,19.46,19.41,19.45,800
454,19.44,19.5,19.44,19.47,400
455,19.46,19.46,19.46,19.46,100
456,19.5,19.5,19.5,19.5,100
457,19.48,19.55,19.44,19.52,38095
458,19.5,19.5,19.5,19.5,800
459,19.5,19.51,19.49,19.5,3666
460,19.5,19.5,19.5,19.5,1200
461,19.49,19.5,19.48,19.5,1475
462,19.5,19.5,19.5,19.5,800
463,19.5,19.5,19.5,19.5,300
464,19.485,19.485,19.47,19.4766,502
465,19.49,19.49,19.45,19.45,400
466,19.44,19.44,19.44,19.44,200
468,19.41,19.45,19.41,19.45,400
469,19.29,19.445,19.29,19.43,2000
470,19.19,19.32,19.07,19.32,5687
471,19.13,19.26,19.1,19.21,13187
864,19.15,19.15,19.15,19.15,402
865,19.35,19.37,19.35,19.37,300
866,19.32,19.61,18.775,19.1,6300
867,19.23,19.63,19.23,19.505,2004
868,19.105,19.11,19.105,19.11,200
869,19.295,19.295,19.15,19.22,500
870,19.1,19.13,19.03,19.13,2200
871,18.94,18.95,18.94,18.95,700
872,19.13,19.16,18.98,18.98,600
873,19.135,19.135,19.08,19.08,300
874,19.21,19.21,19.1,19.135,400
875,19.18,19.26,19.17,19.26,500
876,19.33,19.44,19.24,19.24,1308
877,19.5,19.5,19.38,19.4,700
878,19.5,19.595,19.45,19.52,2500
879,19.57,19.57,19.48,19.54,400
880,19.51,19.57,19.51,19.57,400
881,19.56,19.56,19.44,19.54,1100
882,19.52,19.52,19.52,19.52,100
883,19.58,19.58,19.5,19.5,500
884,19.53,19.63,19.45,19.545,2000
885,19.47,19.625,19.42,19.5401,7872
