EXCHANGE%3DNASDAQ
MARKET_OPEN_MINUTE=570
MARKET_CLOSE_MINUTE=960
INTERVAL=600
COLUMNS=DATE,CLOSE,HIGH,LOW,OPEN,VOLUME
DATA=
TIMEZONE_OFFSET=-240
a1493127000,3.17,3.17,3.17,3.17,1789
1,3.2,3.2,3.17,3.17,3790
2,3.1892,3.2,3.18,3.19,15910
3,3.2,3.2,3.18,3.2,400
4,3.17,3.17,3.17,3.17,100
5,3.1829,3.19,3.18,3.18,1050
6,3.17,3.19,3.17,3.18,1250
7,3.1699,3.17,3.16,3.16,460
8,3.17,3.17,3.17,3.17,100
9,3.17,3.17,3.16,3.1624,1681
10,3.18,3.18,3.17,3.17,1129
11,3.2,3.2,3.1885,3.19,1993
12,3.18,3.2,3.175,3.2,8517
13,3.19,3.19,3.17,3.18,1000
14,3.22,3.23,3.2,3.2,11284
15,3.22,3.22,3.2,3.219,2300
16,3.19,3.2015,3.19,3.2015,300
17,3.1964,3.21,3.19,3.21,2316
18,3.1852,3.21,3.17,3.21,2134
19,3.1747,3.1811,3.17,3.17,1700
20,3.19,3.19,3.17,3.19,500
21,3.19,3.19,3.17,3.17,430
22,3.19,3.19,3.17,3.19,1425
23,3.195,3.195,3.17,3.19,2328
24,3.195,3.195,3.195,3.195,100
25,3.2,3.2,3.19,3.195,2300
26,3.195,3.197,3.19,3.197,760
27,3.21,3.21,3.19,3.19,700
28,3.2,3.21,3.2,3.2,640
29,3.2,3.2,3.195,3.2,2740
30,3.19,3.21,3.19,3.21,2900
31,3.2,3.2,3.1922,3.1929,2100
32,3.19,3.2,3.18,3.2,800
33,3.2,3.21,3.195,3.2,1200
34,3.2,3.2,3.19,3.2,1300
35,3.21,3.21,3.2,3.2,300
36,3.2,3.21,3.19,3.205,2200
37,3.21,3.21,3.19,3.2,4975
38,3.2,3.2064,3.2,3.2064,7230
39,3.2,3.21,3.2,3.2,14577
144,3.35,3.35,3.35,3.35,14552
145,3.37,3.4399,3.32,3.34,208634
146,3.37,3.39,3.36,3.38,26110
147,3.36,3.37,3.34,3.37,12843
148,3.3799,3.38,3.37,3.37,16507
149,3.38,3.38,3.3675,3.3701,3300
150,3.38,3.38,3.35,3.3799,7893
151,3.35,3.38,3.345,3.38,8416
152,3.34,3.36,3.34,3.3432,1550
153,3.34,3.3479,3.335,3.3479,5700
154,3.36,3.37,3.33,3.33,8265
155,3.35,3.3607,3.35,3.3607,900
156,3.3325,3.35,3.33,3.35,13039
157,3.33,3.34,3.32,3.335,1600
158,3.3084,3.32,3.3,3.32,5509
159,3.3,3.3,3.3,3.3,2100
160,3.28,3.3,3.28,3.3,7415
161,3.2699,3.28,3.26,3.27,13357
162,3.2899,3.29,3.265,3.27,9800
163,3.31,3.329,3.29,3.29,14095
164,3.3,3.3,3.3,3.3,100
165,3.3174,3.3174,3.31,3.31,5300
166,3.32,3.32,3.32,3.32,100
167,3.315,3.32,3.31,3.32,3807
168,3.315,3.32,3.315,3.315,500
169,3.32,3.32,3.31,3.31,1300
170,3.35,3.35,3.32,3.32,10202
171,3.345,3.345,3.34,3.34,2669
172,3.33,3.345,3.33,3.345,2462
173,3.3429,3.35,3.33,3.335,6800
174,3.349,3.349,3.3401,3.3401,10790
175,3.35,3.35,3.34,3.34,5800
177,3.35,3.35,3.35,3.35,100
178,3.355,3.355,3.35,3.35,300
179,3.356,3.36,3.34,3.35,11217
180,3.36,3.36,3.35,3.35,4542
181,3.3524,3.36,3.34,3.35,16088
182,3.36,3.36,3.35,3.35,1652
183,3.37,3.38,3.34,3.35,45497
288,3.47,3.47,3.47,3.47,12632
289,3.4665,3.49,3.45,3.47,38775
290,3.42,3.4602,3.38,3.4602,63021
291,3.42,3.449,3.4183,3.449,8100
292,3.4199,3.43,3.4001,3.41,4250
293,3.38,3.4051,3.38,3.4,5000
294,3.34,3.38,3.34,3.38,13250
295,3.35,3.36,3.3301,3.3301,2104
296,3.32,3.37,3.32,3.36,25131
297,3.32,3.3299,3.32,3.32,5250
298,3.3229,3.33,3.32,3.33,1335
299,3.35,3.35,3.32,3.32,3883
300,3.36,3.37,3.345,3.35,3590
301,3.32,3.34,3.32,3.34,600
302,3.345,3.345,3.33,3.335,1900
303,3.36,3.37,3.345,3.345,4300
304,3.37,3.375,3.36,3.36,13127
305,3.3601,3.3601,3.3601,3.3601,1045
306,3.365,3.37,3.36,3.37,400
307,3.3691,3.3691,3.3691,3.3691,500
308,3.36,3.36,3.36,3.36,900
309,3.36,3.37,3.36,3.3691,1513
310,3.341,3.36,3.341,3.36,17855
311,3.345,3.35,3.345,3.345,900
312,3.35,3.35,3.34,3.35,3400
313,3.35,3.355,3.35,3.35,7102
314,3.36,3.36,3.35,3.35,7900
315,3.355,3.36,3.35,3.35,1400
316,3.36,3.36,3.35,3.36,10697
317,3.36,3.36,3.355,3.36,21914
318,3.3555,3.3593,3.35,3.35,500
319,3.35,3.3593,3.345,3.3593,2350
321,3.34,3.35,3.34,3.35,18700
322,3.34,3.34,3.34,3.34,700
323,3.35,3.35,3.34,3.34,2190
324,3.35,3.36,3.34,3.355,7560
325,3.3501,3.36,3.35,3.35,6200
326,3.35,3.36,3.35,3.35,7801
327,3.36,3.36,3.35,3.355,31730
432,3.37,3.37,3.37,3.37,2501
433,3.35,3.3856,3.34,3.36,15839
434,3.35,3.3639,3.35,3.35,12870
435,3.3576,3.3576,3.35,3.35,340
436,3.35,3.37,3.35,3.3599,700
437,3.34,3.34,3.3214,3.34,4300
438,3.33,3.34,3.321,3.34,6800
439,3.33,3.33,3.32,3.325,3505
440,3.34,3.35,3.33,3.33,2200
441,3.33,3.34,3.32,3.34,1533
442,3.32,3.3399,3.32,3.3399,5288
443,3.32,3.34,3.32,3.3386,1200
444,3.34,3.34,3.32,3.32,400
445,3.31,3.33,3.31,3.32,1306
446,3.31,3.315,3.31,3.315,200
447,3.31,3.315,3.31,3.31,1900
449,3.3176,3.33,3.31,3.31,11000
450,3.32,3.32,3.32,3.32,1000
451,3.348,3.36,3.31,3.3134,11090
452,3.36,3.36,3.35,3.35,799
453,3.36,3.3689,3.36,3.3689,3300
454,3.36,3.36,3.36,3.36,200
455,3.36,3.3693,3.36,3.3693,700
456,3.3611,3.37,3.35,3.35,6600
457,3.36,3.36,3.35,3.36,4832
458,3.36,3.36,3.35,3.35,200
459,3.34,3.35,3.34,3.35,4909
460,3.34,3.35,3.335,3.335,2600
461,3.335,3.34,3.33,3.34,3400
462,3.33,3.34,3.33,3.335,1190
463,3.34,3.34,3.33,3.33,1400
465,3.34,3.34,3.34,3.34,1900
466,3.34,3.34,3.34,3.34,1700
467,3.35,3.35,3.34,3.34,2400
468,3.3,3.355,3.24,3.355,91497
469,3.3,3.305,3.27,3.3,25310
470,3.3,3.305,3.3,3.305,4814
471,3.33,3.34,3.29,3.29,22066
864,3.33,3.33,3.33,3.33,4296
865,3.31,3.37,3.307,3.37,10559
866,3.3084,3.3084,3.3,3.3,1100
867,3.27,3.31,3.24,3.305,40859
868,3.297,3.3,3.27,3.27,6450
869,3.27,3.305,3.27,3.285,10197
870,3.3,3.3,3.29,3.2986,7083
871,3.32,3.32,3.305,3.31,5800
872,3.34,3.34,3.32,3.34,800
873,3.34,3.34,3.33,3.33,5220
874,3.34,3.35,3.34,3.35,1500
875,3.38,3.38,3.345,3.35,14033
876,3.36,3.3618,3.36,3.3618,200
877,3.37,3.37,3.35,3.36,1819
878,3.3692,3.37,3.3692,3.3694,2660
879,3.37,3.37,3.37,3.37,1000
880,3.38,3.38,3.36,3.36,1500
881,3.37,3.37,3.37,3.37,100
882,3.36,3.3692,3.36,3.3692,200
883,3.37,3.37,3.36,3.36,600
884,3.36,3.36,3.36,3.36,100
885,3.365,3.37,3.36,3.36,300
886,3.34,3.37,3.34,3.36,3800
887,3.3425,3.3425,3.34,3.34,4915
888,3.34,3.35,3.34,3.345,18000
889,3.33,3.34,3.33,3.34,2102
890,3.33,3.34,3.33,3.33,1600
891,3.335,3.34,3.33,3.33,300
892,3.32,3.3332,3.32,3.33,3800
893,3.32,3.32,3.32,3.32,100
894,3.32,3.33,3.32,3.32,1000
895,3.32,3.32,3.32,3.32,300
896,3.3255,3.3255,3.3175,3.32,770
897,3.323,3.323,3.31,3.31,1413
898,3.31,3.31,3.31,3.31,100
899,3.31,3.33,3.31,3.31,600
900,3.31,3.31,3.31,3.31,100
901,3.31,3.32,3.31,3.32,2800
902,3.33,3.34,3.32,3.32,5945
903,3.32,3.33,3.31,3.31,5337
a1493731800,3.31,3.31,3.31,3.31,2418
1,3.35,3.35,3.335,3.3366,809
2,3.34,3.34,3.34,3.34,9547
3,3.33,3.34,3.3,3.34,32881
4,3.295,3.303,3.295,3.301,6000
5,3.28,3.32,3.28,3.3,5843
6,3.28,3.28,3.28,3.28,100
9,3.3,3.3,3.28,3.3,10500
10,3.3,3.3,3.3,3.3,100
11,3.3,3.3,3.3,3.3,200
12,3.3,3.3,3.3,3.3,200
13,3.3066,3.3066,3.3,3.3,1236
14,3.31,3.31,3.31,3.31,200
15,3.31,3.32,3.3,3.3,2450
16,3.319,3.32,3.3017,3.3017,10900
17,3.32,3.33,3.31,3.31,5619
18,3.3044,3.3299,3.3,3.32,15249
19,3.33,3.33,3.315,3.315,6897
20,3.35,3.35,3.31,3.3201,27584
21,3.35,3.3534,3.35,3.3534,1657
23,3.34,3.35,3.34,3.35,3320
24,3.34,3.34,3.33,3.34,1700
25,3.33,3.34,3.33,3.34,500
26,3.33,3.34,3.33,3.34,600
27,3.3299,3.33,3.3299,3.33,600
28,3.31,3.33,3.31,3.3242,12600
30,3.3139,3.3139,3.31,3.31,2500
31,3.3112,3.3112,3.31,3.31,2800
32,3.3137,3.3193,3.3137,3.3193,1100
33,3.32,3.32,3.31,3.32,5310
34,3.3199,3.3199,3.3192,3.3192,9500
35,3.3142,3.3142,3.3142,3.3142,1000
36,3.32,3.33,3.315,3.3199,1300
37,3.32,3.32,3.32,3.32,1578
38,3.3263,3.33,3.31,3.32,9348
39,3.33,3.34,3.31,3.33,25303
144,3.35,3.35,3.35,3.35,3137
145,3.35,3.36,3.35,3.35,700
146,3.37,3.37,3.34,3.35,6470
147,3.3504,3.36,3.35,3.36,2724
148,3.36,3.36,3.34,3.35,2825
149,3.352,3.352,3.352,3.352,300
150,3.35,3.35,3.35,3.35,100
151,3.35,3.35,3.35,3.35,2300
152,3.36,3.36,3.34,3.35,9775
153,3.36,3.36,3.36,3.36,300
154,3.36,3.36,3.35,3.35,200
155,3.345,3.35,3.345,3.35,600
156,3.35,3.38,3.34,3.34,12900
157,3.36,3.36,3.35,3.35,600
158,3.36,3.3699,3.35,3.3699,6500
159,3.355,3.355,3.35,3.35,200
160,3.345,3.35,3.345,3.35,9910
161,3.35,3.35,3.34,3.35,14638
162,3.35,3.36,3.35,3.35,1990
163,3.355,3.36,3.35,3.35,7500
164,3.36,3.36,3.35,3.355,300
165,3.36,3.36,3.35,3.35,4086
166,3.36,3.365,3.36,3.3615,2700
167,3.36,3.36,3.36,3.36,100
171,3.37,3.38,3.36,3.36,10600
172,3.36,3.37,3.36,3.37,1000
173,3.36,3.36,3.36,3.36,2114
174,3.35,3.3501,3.35,3.3501,1200
175,3.3584,3.3584,3.3584,3.3584,1000
176,3.35,3.36,3.35,3.36,300
178,3.35,3.36,3.35,3.35,4300
179,3.35,3.3583,3.35,3.35,1941
180,3.36,3.36,3.355,3.36,3600
181,3.36,3.36,3.35,3.35,729
182,3.36,3.3699,3.36,3.36,5787
183,3.37,3.37,3.36,3.36,5665
288,3.38,3.38,3.38,3.38,9395
289,3.37,3.37,3.353,3.37,1970
290,3.3601,3.37,3.3601,3.37,5600
291,3.37,3.37,3.3572,3.37,10600
292,3.36,3.37,3.35,3.37,2100
293,3.36,3.36,3.35,3.36,300
294,3.35,3.36,3.35,3.36,6400
295,3.347,3.35,3.335,3.35,13861
296,3.35,3.3522,3.34,3.35,2402
297,3.3319,3.35,3.31,3.35,10756
298,3.3351,3.3351,3.33,3.33,1100
299,3.335,3.34,3.33,3.33,2200
300,3.3,3.33,3.3,3.33,9456
301,3.27,3.3,3.26,3.3,51611
302,3.28,3.28,3.27,3.27,2051
303,3.28,3.28,3.28,3.28,3600
304,3.28,3.286,3.265,3.286,7696
305,3.275,3.28,3.27,3.27,23770
306,3.2785,3.28,3.27,3.28,7000
307,3.285,3.2899,3.27,3.27,15780
308,3.285,3.285,3.285,3.285,400
309,3.275,3.285,3.275,3.2807,2700
310,3.28,3.28,3.28,3.28,800
311,3.28,3.285,3.275,3.285,13399
312,3.28,3.29,3.28,3.29,7400
313,3.283,3.29,3.28,3.28,4500
314,3.2866,3.29,3.28,3.28,2200
315,3.28,3.285,3.28,3.28,900
316,3.3,3.3,3.285,3.285,8600
317,3.3,3.31,3.3,3.31,200
318,3.3189,3.32,3.3,3.3,7423
319,3.32,3.32,3.31,3.3199,4059
320,3.32,3.32,3.31,3.31,1250
321,3.315,3.32,3.31,3.3125,8500
322,3.3142,3.3142,3.3142,3.3142,500
323,3.32,3.32,3.3154,3.3154,20492
324,3.32,3.325,3.32,3.32,920
325,3.3201,3.33,3.32,3.32,4752
326,3.32,3.33,3.32,3.33,1900
327,3.34,3.34,3.315,3.325,20647
432,3.36,3.36,3.36,3.36,1975
433,3.2728,3.36,3.26,3.36,4668
434,3.29,3.29,3.27,3.27,7680
435,3.3,3.3,3.279,3.2984,5230
436,3.34,3.34,3.32,3.32,6800
437,3.36,3.36,3.35,3.36,3296
438,3.3699,3.38,3.36,3.3601,6910
439,3.35,3.35,3.34,3.3465,1740
440,3.33,3.33,3.33,3.33,379
441,3.315,3.33,3.315,3.33,269
442,3.31,3.31,3.29,3.3,400
443,3.3232,3.3277,3.3232,3.3277,700
444,3.33,3.33,3.33,3.33,200
447,3.33,3.33,3.3248,3.3248,1415
448,3.33,3.33,3.33,3.33,2300
449,3.37,3.37,3.37,3.37,200
450,3.36,3.37,3.3536,3.37,1136
451,3.3501,3.36,3.35,3.36,4466
452,3.355,3.355,3.35,3.35,200
453,3.35,3.36,3.35,3.3599,1450
455,3.35,3.355,3.34,3.355,2919
457,3.34,3.3488,3.34,3.3488,6636
459,3.34,3.34,3.34,3.34,100
460,3.3402,3.3414,3.34,3.34,2800
461,3.34,3.34,3.34,3.34,100
463,3.34,3.34,3.34,3.34,700
464,3.355,3.355,3.341,3.341,4080
465,3.35,3.35,3.35,3.35,1200
466,3.35,3.35,3.35,3.35,200
467,3.35,3.3567,3.35,3.3501,2330
468,3.35,3.35,3.35,3.35,700
469,3.345,3.35,3.345,3.35,400
471,3.36,3.37,3.35,3.355,8707
865,3.44,3.46,3.43,3.45,7016
866,3.431,3.45,3.43,3.4327,15373
867,3.4493,3.45,3.4338,3.4399,7955
868,3.5,3.52,3.43,3.45,35870
869,3.5,3.53,3.5,3.5001,17408
870,3.5,3.52,3.49,3.5,6620
871,3.4983,3.5,3.46,3.49,16089
872,3.47,3.5,3.47,3.492,4860
873,3.46,3.48,3.46,3.48,2900
874,3.48,3.48,3.46,3.47,5889
875,3.49,3.49,3.47,3.47,22200
876,3.49,3.53,3.49,3.5,34369
877,3.49,3.5,3.47,3.49,6085
878,3.5,3.5093,3.5,3.5,3800
879,3.49,3.5057,3.49,3.5,3200
880,3.48,3.49,3.48,3.49,1300
881,3.46,3.4802,3.46,3.48,9600
882,3.4617,3.47,3.46,3.46,5370
883,3.49,3.49,3.46,3.46,7500
884,3.47,3.47,3.47,3.47,500
885,3.48,3.48,3.47,3.47,1400
886,3.48,3.51,3.48,3.49,18221
887,3.48,3.48,3.47,3.47,2000
888,3.49,3.49,3.48,3.48,2000
889,3.52,3.52,3.49,3.49,8904
890,3.51,3.53,3.51,3.51,700
891,3.51,3.53,3.5,3.51,5700
892,3.58,3.58,3.5,3.5,29238
893,3.545,3.567,3.53,3.555,10494
894,3.55,3.56,3.55,3.55,2600
895,3.53,3.564,3.53,3.55,9674
896,3.57,3.57,3.53,3.53,7547
897,3.54,3.57,3.53,3.57,13722
898,3.54,3.57,3.53,3.54,6501
899,3.55,3.55,3.51,3.54,13493
900,3.54,3.56,3.54,3.56,5933
901,3.54,3.55,3.54,3.54,5800
902,3.545,3.55,3.53,3.54,5900
903,3.57,3.57,3.52,3.55,41489
a1494336600,3.6,3.62,3.59,3.6,52040
1,3.61,3.62,3.57,3.6,22606
2,3.59,3.605,3.58,3.6,18211
3,3.57,3.59,3.57,3.59,5624
4,3.6,3.6,3.57,3.59,15188
5,3.57,3.58,3.57,3.58,12800
6,3.58,3.59,3.56,3.575,17154
7,3.61,3.65,3.59,3.59,53827
8,3.605,3.61,3.6,3.6,1950
9,3.58,3.6099,3.58,3.6,4100
10,3.58,3.6152,3.58,3.58,13169
11,3.58,3.58,3.58,3.58,1000
12,3.575,3.585,3.57,3.58,8660
13,3.575,3.575,3.57,3.57,785
14,3.57,3.58,3.57,3.575,1700
15,3.58,3.58,3.57,3.57,2500
16,3.59,3.59,3.58,3.58,900
17,3.61,3.61,3.58,3.58,14858
18,3.605,3.6101,3.6,3.61,3400
19,3.6,3.61,3.59,3.6,4074
20,3.6,3.61,3.59,3.6,3900
21,3.605,3.61,3.6,3.6,3800
22,3.6,3.6,3.585,3.6,8598
23,3.58,3.6,3.58,3.592,2966
24,3.58,3.58,3.58,3.58,400
25,3.58,3.59,3.58,3.58,1600
26,3.57,3.5885,3.57,3.5885,5413
27,3.57,3.57,3.57,3.57,600
28,3.565,3.58,3.565,3.57,3788
29,3.56,3.57,3.555,3.56,2570
30,3.57,3.57,3.56,3.56,2023
31,3.6,3.6,3.575,3.58,21602
32,3.6,3.6,3.59,3.6,16622
33,3.58,3.6,3.58,3.59,8451
34,3.59,3.59,3.58,3.58,5379
35,3.57,3.59,3.57,3.58,6920
36,3.57,3.575,3.57,3.57,1300
37,3.55,3.57,3.55,3.57,21127
38,3.5501,3.5554,3.55,3.55,3700
39,3.57,3.57,3.55,3.55,29670
144,3.56,3.56,3.56,3.56,10888
145,3.58,3.59,3.57,3.57,2602
146,3.59,3.59,3.57,3.58,5866
147,3.58,3.59,3.57,3.59,5284
148,3.58,3.58,3.57,3.58,10639
149,3.575,3.58,3.57,3.57,9000
150,3.5816,3.59,3.57,3.5701,8679
151,3.57,3.59,3.56,3.585,19463
152,3.57,3.58,3.565,3.57,11695
153,3.57,3.58,3.565,3.57,9107
154,3.57,3.575,3.57,3.57,4600
155,3.57,3.575,3.57,3.57,1900
156,3.57,3.585,3.57,3.58,8190
157,3.57,3.5775,3.57,3.57,2300
158,3.56,3.5792,3.56,3.5792,30566
159,3.52,3.5561,3.52,3.55,13010
160,3.53,3.54,3.51,3.51,4900
161,3.525,3.53,3.51,3.5299,4398
162,3.53,3.53,3.52,3.52,1000
163,3.53,3.53,3.52,3.53,5500
164,3.52,3.53,3.52,3.52,2000
165,3.5239,3.5239,3.52,3.52,3818
166,3.52,3.525,3.51,3.52,2887
167,3.52,3.52,3.52,3.52,600
168,3.51,3.52,3.51,3.52,2650
169,3.52,3.53,3.5199,3.52,10159
170,3.515,3.52,3.51,3.52,2426
171,3.5167,3.52,3.51,3.51,5862
172,3.52,3.53,3.52,3.52,8150
173,3.52,3.53,3.52,3.52,2440
174,3.515,3.52,3.515,3.52,853
175,3.53,3.53,3.5199,3.5199,6316
176,3.52,3.53,3.52,3.52,3200
177,3.52,3.52,3.51,3.52,1744
178,3.53,3.53,3.5184,3.52,4233
179,3.52,3.53,3.51,3.5291,5850
180,3.5265,3.5265,3.52,3.52,2300
181,3.52,3.53,3.51,3.52,3700
182,3.53,3.53,3.52,3.53,15566
183,3.53,3.54,3.52,3.525,46699
288,3.48,3.5,3.48,3.5,7044
289,3.3899,3.48,3.3,3.48,74949
290,3.41,3.42,3.351,3.38,32274
291,3.37,3.41,3.3651,3.41,43217
292,3.37,3.37,3.34,3.37,36674
293,3.3701,3.39,3.37,3.38,6700
294,3.33,3.39,3.32,3.37,31505
295,3.31,3.34,3.3,3.34,28183
296,3.32,3.33,3.31,3.31,9647
297,3.2961,3.35,3.295,3.31,24111
298,3.22,3.29,3.2,3.29,66917
299,3.27,3.29,3.2,3.215,17991
300,3.25,3.27,3.24,3.2699,3300
301,3.2306,3.26,3.225,3.2401,7000
302,3.2349,3.2349,3.22,3.23,17271
303,3.2135,3.23,3.2,3.23,12790
304,3.185,3.2111,3.17,3.2111,35025
305,3.2073,3.21,3.161,3.17,18835
306,3.23,3.236,3.21,3.21,4343
307,3.23,3.24,3.23,3.23,9750
308,3.24,3.25,3.23,3.24,6029
309,3.241,3.2449,3.24,3.2434,1360
310,3.23,3.245,3.23,3.2406,2695
311,3.23,3.231,3.23,3.2301,7400
312,3.23,3.24,3.23,3.23,2900
313,3.225,3.23,3.225,3.23,1300
314,3.23,3.2311,3.225,3.23,6900
315,3.23,3.23,3.225,3.225,4171
316,3.21,3.22,3.21,3.22,1300
317,3.185,3.2194,3.18,3.2107,9121
318,3.175,3.18,3.171,3.18,1100
319,3.18,3.18,3.17,3.175,8919
320,3.185,3.19,3.175,3.175,7055
321,3.19,3.195,3.185,3.185,11293
322,3.1725,3.19,3.1725,3.19,5221
323,3.175,3.18,3.17,3.175,3802
324,3.1725,3.18,3.1725,3.175,11000
325,3.175,3.18,3.1725,3.1799,3300
326,3.1952,3.2032,3.175,3.175,18248
327,3.21,3.21,3.19,3.19,19219
432,3.3,3.3,3.24,3.24,2884
433,3.25,3.25,3.24,3.24,5000
434,3.2,3.25,3.19,3.24,39209
435,3.14,3.2,3.14,3.2,25433
436,3.073,3.16,3.06,3.145,64492
437,3.07,3.09,3.07,3.0811,14712
438,3.14,3.1499,3.07,3.08,22966
439,3.155,3.16,3.145,3.15,17650
440,3.145,3.155,3.14,3.15,7600
441,3.14,3.15,3.14,3.1401,6350
442,3.13,3.15,3.1,3.14,24470
443,3.12,3.125,3.12,3.125,10038
444,3.125,3.125,3.12,3.1201,5500
445,3.13,3.135,3.12,3.12,8768
446,3.145,3.155,3.13,3.14,25203
447,3.145,3.15,3.14,3.15,1673
448,3.14,3.15,3.14,3.15,2000
449,3.14,3.15,3.14,3.145,5209
450,3.1584,3.16,3.15,3.15,5250
451,3.15,3.16,3.15,3.16,400
452,3.152,3.155,3.15,3.155,1700
453,3.14,3.16,3.14,3.16,2300
454,3.1448,3.145,3.14,3.1435,1022
455,3.13,3.15,3.13,3.14,4308
456,3.135,3.135,3.13,3.13,200
457,3.14,3.14,3.13,3.1399,2700
458,3.14,3.155,3.13,3.13,11666
459,3.14,3.15,3.14,3.145,2100
460,3.15,3.15,3.145,3.15,4800
461,3.15,3.16,3.14,3.15,8367
462,3.15,3.16,3.15,3.1501,4682
463,3.16,3.17,3.15,3.16,11664
464,3.16,3.17,3.16,3.16,5123
465,3.165,3.165,3.16,3.16,300
466,3.16,3.17,3.16,3.165,6750
467,3.1601,3.165,3.16,3.16,900
468,3.145,3.17,3.14,3.165,10983
469,3.1484,3.16,3.14,3.14,12865
470,3.14,3.15,3.14,3.145,10000
471,3.17,3.18,3.14,3.15,62271
864,3.29,3.29,3.29,3.29,45525
865,3.31,3.36,3.27,3.31,144743
866,3.3,3.32,3.28,3.31,30932
867,3.35,3.35,3.285,3.3,35189
868,3.31,3.34,3.3,3.34,17536
869,3.3,3.31,3.3,3.31,3486
870,3.28,3.31,3.28,3.3,12800
871,3.27,3.3,3.26,3.27,8301
872,3.29,3.29,3.27,3.27,6574
873,3.32,3.34,3.295,3.3,9950
874,3.3,3.3234,3.29,3.32,14882
875,3.325,3.34,3.29,3.3,18785
876,3.305,3.33,3.3,3.33,7100
877,3.32,3.32,3.31,3.31,2100
878,3.32,3.32,3.31,3.32,700
879,3.3,3.32,3.3,3.31,11650
880,3.29,3.3,3.2807,3.3,2100
881,3.285,3.29,3.2807,3.29,1100
882,3.29,3.29,3.2807,3.29,4450
883,3.29,3.29,3.28,3.28,1100
884,3.285,3.29,3.28,3.29,2100
885,3.285,3.29,3.275,3.29,4600
886,3.2899,3.29,3.28,3.285,6300
887,3.29,3.29,3.28,3.29,1400
888,3.285,3.29,3.28,3.28,5085
889,3.28,3.29,3.28,3.285,7100
890,3.28,3.29,3.28,3.29,5400
891,3.285,3.29,3.275,3.28,12900
892,3.285,3.29,3.2775,3.29,7052
893,3.285,3.29,3.285,3.29,23640
894,3.28,3.29,3.28,3.285,3732
895,3.29,3.29,3.28,3.285,1654
896,3.285,3.29,3.28,3.2807,1900
897,3.29,3.29,3.28,3.28,58683
898,3.275,3.29,3.275,3.285,20809
899,3.28,3.28,3.27,3.27,4367
900,3.275,3.29,3.275,3.275,26095
901,3.28,3.28,3.27,3.28,7700
902,3.29,3.29,3.275,3.28,5494
903,3.305,3.31,3.285,3.285,72979
a1494941400,3.3,3.3,3.3,3.3,13465
1,3.3,3.3101,3.281,3.3,15773
2,3.3,3.31,3.29,3.3,14669
3,3.31,3.31,3.31,3.31,100
4,3.31,3.31,3.3,3.3,7420
5,3.3,3.305,3.3,3.305,3602
6,3.28,3.32,3.28,3.3,28772
7,3.28,3.29,3.28,3.2808,9915
8,3.25,3.27,3.25,3.26,13751
9,3.27,3.27,3.26,3.27,1100
10,3.25,3.26,3.23,3.26,12800
11,3.25,3.25,3.24,3.2401,3500
12,3.245,3.25,3.24,3.25,1036
13,3.22,3.24,3.22,3.24,2200
14,3.22,3.23,3.22,3.23,500
15,3.241,3.245,3.225,3.23,3900
16,3.23,3.26,3.22,3.24,11800
17,3.23,3.235,3.22,3.23,9336
18,3.22,3.23,3.22,3.23,1310
19,3.2445,3.245,3.23,3.23,5948
20,3.25,3.25,3.2345,3.25,6500
21,3.26,3.26,3.25,3.255,750
22,3.24,3.25,3.24,3.25,400
23,3.25,3.25,3.24,3.24,2430
24,3.25,3.255,3.24,3.24,8552
25,3.255,3.27,3.25,3.2599,5136
26,3.27,3.27,3.25,3.25,1900
27,3.26,3.27,3.26,3.265,400
28,3.26,3.2627,3.26,3.26,1400
29,3.25,3.25,3.25,3.25,200
30,3.2686,3.27,3.25,3.26,2765
31,3.26,3.27,3.26,3.26,300
32,3.2525,3.27,3.2525,3.26,1600
33,3.2599,3.26,3.2525,3.255,6518
34,3.2551,3.26,3.2525,3.2525,2825
35,3.26,3.27,3.2525,3.26,12980
36,3.2698,3.27,3.26,3.265,4700
37,3.27,3.27,3.26,3.27,7800
38,3.26,3.27,3.26,3.27,8629
39,3.29,3.29,3.27,3.27,36794
144,3.23,3.23,3.23,3.23,6587
145,3.21,3.25,3.2001,3.23,24400
146,3.15,3.2048,3.15,3.2048,32347
147,3.17,3.175,3.165,3.165,2735
148,3.155,3.16,3.1501,3.16,1660
149,3.16,3.16,3.155,3.155,8154
150,3.15,3.17,3.15,3.16,11088
151,3.15,3.16,3.15,3.16,4282
152,3.11,3.1548,3.1,3.15,11317
153,3.105,3.1095,3.1,3.105,4699
154,3.08,3.1,3.07,3.1,23610
155,3.095,3.1,3.07,3.075,5700
156,3.105,3.105,3.09,3.095,7900
157,3.1,3.1,3.08,3.1,6435
158,3.105,3.11,3.09,3.09,8124
159,3.1,3.105,3.1,3.105,2000
160,3.095,3.105,3.0901,3.1,2706
161,3.095,3.095,3.09,3.09,4293
162,3.0996,3.0996,3.085,3.09,2253
163,3.08,3.09,3.08,3.09,5000
164,3.083,3.09,3.08,3.08,2300
165,3.09,3.09,3.08,3.0847,2600
166,3.09,3.1,3.085,3.0899,15484
167,3.0953,3.0953,3.08,3.08,1500
168,3.09,3.095,3.09,3.09,5700
169,3.1,3.1,3.09,3.095,1400
170,3.11,3.11,3.09,3.09,10500
171,3.105,3.11,3.1,3.105,600
172,3.105,3.105,3.1,3.1,200
173,3.0804,3.11,3.08,3.11,16438
174,3.1,3.1,3.08,3.0816,9309
175,3.09,3.105,3.09,3.105,5987
176,3.09,3.09,3.08,3.085,1160
177,3.08,3.085,3.08,3.0838,8054
178,3.08,3.105,3.0738,3.08,13094
179,3.075,3.08,3.07,3.075,3700
180,3.08,3.09,3.07,3.08,21500
181,3.0799,3.09,3.07,3.09,6000
182,3.08,3.08,3.07,3.08,15900
183,3.08,3.08,3.07,3.08,25487
288,3.07,3.07,3.07,3.07,1946
289,3.07,3.07,3.04,3.07,13535
290,3.05,3.0576,3.04,3.05,20471
291,3.05,3.08,3.05,3.06,11833
292,3.06,3.068,3.05,3.05,8385
293,3.06,3.07,3.06,3.06,3000
294,3.05,3.06,3.05,3.05,2120
295,3.04,3.06,3.04,3.05,3337
296,3.01,3.0401,3.01,3.0401,32672
297,3.01,3.03,3.01,3.015,14259
298,2.98,3.0107,2.9644,3.01,49382
299,3,3,2.98,2.99,5050
300,2.99,3,2.99,2.9916,4960
301,2.99,3,2.99,2.99,2200
302,2.98,2.99,2.98,2.99,2620
303,2.99,2.99,2.98,2.98,5918
304,2.96,2.99,2.96,2.98,8150
305,2.99,2.99,2.965,2.97,9100
306,2.98,2.99,2.98,2.98,900
307,2.97,2.98,2.97,2.98,11100
308,2.97,2.98,2.97,2.975,3350
309,2.97,2.98,2.97,2.972,3100
310,2.98,2.98,2.97,2.98,3450
311,2.97,2.98,2.97,2.97,902
312,2.955,2.98,2.95,2.98,12573
313,2.98,2.99,2.95,2.95,8094
314,2.976,2.977,2.97,2.975,1600
315,2.96,2.97,2.96,2.97,2389
316,2.9601,2.97,2.96,2.96,1475
317,2.98,2.99,2.96,2.9699,10413
318,2.98,2.98,2.96,2.97,6960
319,2.9655,2.98,2.965,2.98,2000
320,2.9639,2.97,2.96,2.965,2300
321,2.96,2.97,2.95,2.96,5875
322,2.9555,2.97,2.95,2.955,7033
323,2.96,2.96,2.95,2.96,3000
324,2.955,2.96,2.95,2.95,6878
325,2.96,2.96,2.95,2.96,5598
326,2.965,2.97,2.95,2.95,11052
327,2.96,2.97,2.96,2.965,11265
432,2.97,2.97,2.97,2.97,11787
433,2.98,3.04,2.98,3,23427
434,3.02,3.03,2.99,2.99,4502
435,3,3.01,3,3.01,500
436,3,3.01,2.99,3,3000
437,3,3,3,3,200
438,2.95,2.9901,2.945,2.9901,55371
439,2.9497,2.955,2.94,2.95,29600
440,2.95,2.95,2.94,2.9404,14050
441,2.95,2.96,2.95,2.96,7700
442,2.96,2.96,2.95,2.95,4700
443,2.9652,2.97,2.95,2.95,7105
444,2.95,2.96,2.94,2.96,30226
445,2.96,2.96,2.94,2.96,3700
446,2.96,2.97,2.96,2.96,3600
447,2.97,2.97,2.96,2.965,3850
448,2.97,2.98,2.97,2.97,600
449,2.99,2.99,2.97,2.97,3700
450,2.98,2.995,2.98,2.995,1300
451,2.98,2.98,2.97,2.98,1700
452,2.98,2.9846,2.975,2.98,13865
453,2.97,2.98,2.97,2.98,4860
454,2.97,2.98,2.97,2.975,2200
455,2.98,2.98,2.97,2.97,700
456,2.98,2.98,2.97,2.98,2900
457,2.97,2.989,2.97,2.98,2440
458,2.97,2.98,2.97,2.97,500
459,2.98,2.9863,2.97,2.97,10026
460,2.99,3,2.98,2.98,8000
461,3.015,3.015,2.99,2.99,4400
462,3.01,3.0199,3.01,3.01,950
463,3.02,3.02,3.01,3.01,1200
464,3.02,3.03,3.02,3.02,1302
465,3.01,3.02,3.01,3.02,600
466,3.02,3.0293,3.01,3.01,12493
467,3.02,3.03,3.01,3.02,5229
468,3.02,3.03,3.02,3.03,10992
469,3.01,3.025,3.01,3.02,11600
470,3.02,3.025,3.01,3.01,4792
471,3.03,3.03,3.01,3.025,22271
864,3.09,3.09,3.09,3.09,12867
865,3.09,3.09,3.08,3.08,10738
866,3.12,3.12,3.09,3.1,8402
867,3.091,3.12,3.091,3.1124,14499
868,3.095,3.1,3.09,3.0953,8303
869,3.1,3.1,3.09,3.1,2000
870,3.0907,3.1,3.0907,3.1,3327
871,3.08,3.1,3.08,3.1,15853
872,3.0601,3.08,3.06,3.08,14400
873,3.0492,3.05,3.04,3.05,5200
874,3.04,3.04,3.03,3.04,13300
875,3.035,3.04,3.03,3.03,6464
876,3.01,3.04,3.01,3.035,4400
877,3.025,3.025,3.01,3.01,15139
878,3.02,3.025,3.015,3.02,4200
879,3,3.0202,3,3.02,7950
880,3.01,3.01,3,3.01,7837
881,3,3.01,3,3.01,5005
882,3,3.01,3,3,9176
883,2.98,3,2.98,3,18218
884,2.98,2.99,2.98,2.98,2459
885,2.98,2.9852,2.975,2.98,18817
886,2.975,2.98,2.97,2.98,7379
887,2.997,3,2.97,2.975,7436
888,2.99,3,2.99,2.99,1700
889,2.99,2.995,2.99,2.99,3150
890,2.99,2.99,2.985,2.99,6600
891,2.98,2.985,2.975,2.985,3800
892,2.975,2.98,2.97,2.98,6170
893,2.97,2.98,2.97,2.97,11768
894,2.97,2.98,2.97,2.97,7010
895,2.97,2.98,2.97,2.97,1800
896,2.97,2.98,2.96,2.97,31414
897,2.96,2.969,2.96,2.96,2130
898,2.96,2.97,2.96,2.96,17946
899,2.9625,2.97,2.96,2.96,10180
900,2.965,2.97,2.96,2.97,20266
901,2.985,2.985,2.96,2.9625,13089
902,2.98,2.99,2.98,2.98,4700
903,3.02,3.02,2.98,2.98,51856
a1495546200,3,3,3,3,6135
1,3,3.0101,2.9703,3.01,16275
2,2.98,2.98,2.98,2.98,100
3,2.98,3.01,2.98,3,2300
4,3,3,2.98,2.98,1857
5,2.98,2.99,2.98,2.99,2689
6,2.965,2.9852,2.96,2.98,5700
7,2.97,2.98,2.965,2.965,6250
8,2.96,2.97,2.96,2.96,900
9,2.96,2.9684,2.96,2.96,2500
10,2.9699,2.99,2.96,2.9601,18396
11,2.96,2.965,2.96,2.96,3200
12,2.96,2.965,2.96,2.96,4148
13,2.95,2.97,2.95,2.97,7100
14,2.95,2.9565,2.95,2.955,4613
15,2.961,2.97,2.95,2.95,17585
16,2.965,2.97,2.96,2.97,700
17,2.94,2.969,2.94,2.96,9561
18,2.94,2.95,2.94,2.945,4778
19,2.94,2.94,2.92,2.94,10424
20,2.92,2.93,2.92,2.93,1800
21,2.925,2.93,2.92,2.93,8530
22,2.935,2.935,2.92,2.92,3700
23,2.93,2.94,2.93,2.9347,14900
24,2.93,2.935,2.93,2.93,2100
25,2.93,2.94,2.93,2.93,4066
26,2.94,2.94,2.93,2.93,3300
27,2.93,2.94,2.93,2.93,3725
28,2.93,2.94,2.925,2.93,4600
29,2.925,2.93,2.92,2.93,3300
30,2.92,2.93,2.92,2.92,1000
31,2.925,2.93,2.92,2.9293,3600
32,2.925,2.93,2.92,2.92,4600
33,2.935,2.94,2.92,2.925,8450
34,2.9318,2.9364,2.9318,2.935,3325
35,2.945,2.945,2.93,2.935,34700
36,2.96,2.96,2.943,2.95,14200
37,2.955,2.96,2.95,2.95,1400
38,2.95,2.96,2.95,2.95,8200
39,2.95,2.96,2.95,2.95,12839
144,2.96,2.97,2.96,2.97,7110
145,2.945,2.97,2.94,2.97,14067
146,2.945,2.95,2.94,2.94,17900
147,2.93,2.944,2.93,2.944,1300
148,2.93,2.94,2.92,2.93,7761
149,2.93,2.93,2.93,2.93,1605
150,2.9,2.94,2.88,2.93,12937
151,2.912,2.93,2.9,2.91,5514
152,2.92,2.92,2.9,2.9,3980
153,2.91,2.92,2.91,2.91,2900
154,2.91,2.92,2.9,2.9084,3269
155,2.9,2.91,2.9,2.9,6071
156,2.9,2.908,2.895,2.9,2655
157,2.91,2.91,2.895,2.895,1995
158,2.89,2.91,2.89,2.9,6000
159,2.885,2.895,2.88,2.89,12560
160,2.89,2.89,2.875,2.88,6750
161,2.895,2.9,2.89,2.89,3360
162,2.89,2.9,2.89,2.89,1695
163,2.88,2.895,2.88,2.89,4134
164,2.89,2.895,2.88,2.885,7492
165,2.885,2.89,2.88,2.89,2700
166,2.89,2.89,2.88,2.88,1200
167,2.88,2.89,2.88,2.89,6800
168,2.88,2.88,2.87,2.88,19148
169,2.875,2.88,2.8701,2.875,2968
170,2.89,2.89,2.88,2.88,1300
171,2.88,2.885,2.88,2.885,600
172,2.88,2.89,2.87,2.88,5311
173,2.88,2.88,2.87,2.875,2100
174,2.86,2.88,2.85,2.88,24350
175,2.86,2.865,2.855,2.865,4305
176,2.88,2.9,2.86,2.86,9500
177,2.87,2.875,2.86,2.87,3386
178,2.86,2.87,2.855,2.87,5800
179,2.86,2.87,2.86,2.865,3000
180,2.87,2.87,2.86,2.865,1600
181,2.885,2.9,2.87,2.87,11405
182,2.89,2.89,2.88,2.88,3500
183,2.88,2.89,2.88,2.88,17569
288,2.88,2.88,2.88,2.88,5971
289,2.88,2.88,2.87,2.87,3400
290,2.86,2.88,2.86,2.87,12735
291,2.88,2.88,2.855,2.8682,11877
292,2.875,2.88,2.87,2.871,4836
293,2.88,2.88,2.87,2.88,3300
294,2.875,2.88,2.87,2.875,4556
295,2.875,2.875,2.875,2.875,200
296,2.875,2.88,2.87,2.8701,3600
297,2.87,2.875,2.865,2.875,4000
298,2.865,2.87,2.86,2.87,4073
299,2.861,2.87,2.86,2.86,5468
300,2.871,2.88,2.86,2.86,25667
301,2.88,2.88,2.87,2.87,13263
302,2.89,2.895,2.875,2.875,8580
303,2.89,2.9,2.88,2.895,5900
304,2.89,2.895,2.89,2.89,9716
305,2.895,2.895,2.89,2.89,2246
306,2.9,2.9,2.89,2.895,5690
307,2.9001,2.905,2.89,2.895,47368
308,2.93,2.93,2.9099,2.9099,25500
309,2.975,2.99,2.921,2.93,43404
310,2.94,2.9947,2.935,2.9708,72446
311,2.931,2.94,2.92,2.94,3913
312,2.93,2.94,2.93,2.931,4800
313,2.921,2.931,2.92,2.93,6200
314,2.92,2.93,2.92,2.921,10600
315,2.93,2.93,2.9136,2.92,8600
316,2.94,2.94,2.925,2.93,5747
317,2.94,2.94,2.93,2.935,2100
318,2.94,2.94,2.93,2.94,8900
319,2.931,2.95,2.931,2.94,3950
320,2.93,2.94,2.93,2.93,4500
321,2.921,2.94,2.921,2.931,5600
322,2.925,2.93,2.92,2.92,8317
323,2.93,2.94,2.92,2.925,5300
324,2.93,2.94,2.92,2.94,5135
325,2.921,2.93,2.92,2.92,3458
326,2.93,2.94,2.92,2.92,16013
327,2.91,2.94,2.91,2.9299,33005
432,2.9101,2.9101,2.9,2.9,2525
433,2.92,2.92,2.89,2.91,2457
434,2.94,2.94,2.9039,2.917,2600
435,2.95,2.95,2.9,2.95,4550
436,2.948,2.948,2.9236,2.9236,1867
437,2.95,2.95,2.9402,2.9456,11150
438,2.9446,2.95,2.93,2.93,18490
439,2.93,2.95,2.93,2.9489,5200
440,2.95,2.95,2.94,2.95,3676
441,2.94,2.95,2.9388,2.95,1550
442,2.95,2.96,2.94,2.95,1100
443,2.9446,2.9446,2.9446,2.9446,309
444,2.9466,2.9466,2.94,2.94,1020
445,2.9395,2.94,2.935,2.94,600
446,2.93,2.93,2.93,2.93,1009
447,2.94,2.94,2.94,2.94,100
448,2.94,2.94,2.94,2.94,1360
449,2.93,2.94,2.93,2.94,300
450,2.94,2.94,2.935,2.9395,1790
451,2.95,2.955,2.94,2.94,4500
452,2.96,2.96,2.95,2.9555,3278
453,2.98,2.98,2.9559,2.96,10085
454,2.97,2.97,2.96,2.97,7853
455,2.98,2.98,2.97,2.97,2200
456,2.95,2.98,2.93,2.975,29021
457,2.96,2.96,2.95,2.95,700
458,2.95,2.96,2.95,2.96,300
459,2.96,2.96,2.945,2.95,3100
461,2.94,2.95,2.9353,2.95,3200
462,2.955,2.9592,2.9356,2.9356,6077
463,2.955,2.96,2.955,2.96,200
464,2.955,2.96,2.955,2.96,200
465,2.95,2.9556,2.95,2.9501,1180
466,2.95,2.96,2.95,2.95,4500
467,2.95,2.955,2.95,2.95,900
468,2.95,2.954,2.95,2.954,500
469,2.95,2.96,2.95,2.95,5100
470,2.95,2.96,2.95,2.95,6600
471,2.94,2.95,2.94,2.95,7784
a1496151000,3.01,3.01,3.01,3.01,20427
1,2.94,3.01,2.94,3,5684
2,2.97,2.99,2.94,2.94,5110
3,2.96,2.97,2.96,2.97,1700
4,2.97,2.97,2.97,2.97,515
5,2.97,2.97,2.96,2.96,1843
6,2.97,2.99,2.95,2.95,3200
7,2.965,2.97,2.9601,2.97,3020
8,2.965,2.9699,2.965,2.965,3648
9,2.97,2.97,2.9605,2.97,1400
10,2.97,2.975,2.96,2.97,7199
11,2.97,2.97,2.96,2.9699,3119
12,2.96,2.96,2.96,2.96,500
13,2.955,2.96,2.955,2.96,400
14,2.96,2.96,2.94,2.95,3900
15,2.9474,2.96,2.9474,2.955,4200
16,2.9489,2.95,2.9489,2.95,400
17,2.94,2.95,2.93,2.9425,4869
18,2.95,2.96,2.9375,2.9375,5960
19,2.95,2.95,2.94,2.94,400
20,2.95,2.9552,2.95,2.95,2400
22,2.9499,2.95,2.9499,2.95,500
23,2.95,2.95,2.95,2.95,200
24,2.945,2.9489,2.945,2.945,7100
25,2.945,2.95,2.945,2.945,500
26,2.95,2.955,2.943,2.943,6000
27,2.95,2.95,2.945,2.9453,1300
28,2.95,2.9599,2.945,2.9599,4450
29,2.95,2.95,2.95,2.95,100
30,2.95,2.95,2.9401,2.945,18364
31,2.96,2.96,2.95,2.95,1500
32,2.95,2.96,2.9499,2.96,10300
33,2.95,2.95,2.9483,2.9483,550
34,2.97,2.97,2.95,2.95,2200
35,2.96,2.96,2.96,2.96,100
36,2.95,2.96,2.945,2.96,694
37,2.94,2.945,2.94,2.945,500
38,2.94,2.94,2.9383,2.94,1850
39,2.93,2.94,2.93,2.935,12735
144,2.93,2.93,2.93,2.93,3123
145,2.93,2.93,2.93,2.93,100
146,2.94,2.96,2.92,2.96,1388
148,2.8814,2.92,2.8804,2.92,15538
149,2.89,2.9021,2.89,2.9,3198
150,2.87,2.89,2.865,2.89,6700
151,2.865,2.87,2.86,2.87,2600
152,2.9,2.9,2.87,2.87,4000
153,2.9204,2.93,2.895,2.9,3200
154,2.94,2.94,2.93,2.93,400
155,2.9101,2.927,2.9101,2.927,2724
156,2.915,2.92,2.915,2.92,200
157,2.915,2.92,2.915,2.92,200
158,2.9141,2.92,2.9101,2.9101,4600
159,2.925,2.93,2.915,2.92,3100
160,2.94,2.94,2.925,2.93,3200
161,2.935,2.935,2.935,2.935,100
162,2.935,2.94,2.935,2.94,4126
165,2.935,2.94,2.93,2.935,700
166,2.93,2.93,2.93,2.93,1600
167,2.93,2.93,2.92,2.92,300
168,2.9236,2.9236,2.9236,2.9236,250
169,2.92,2.93,2.915,2.92,1400
170,2.92,2.93,2.91,2.93,1700
171,2.92,2.92,2.9,2.91,10667
172,2.925,2.945,2.922,2.922,2699
173,2.945,2.945,2.93,2.93,4191
174,2.93,2.94,2.93,2.94,680
175,2.93,2.93,2.93,2.93,100
176,2.93,2.93,2.93,2.93,100
177,2.94,2.945,2.925,2.93,5638
178,2.94,2.94,2.94,2.94,1500
179,2.94,2.94,2.94,2.94,2223
180,2.9494,2.95,2.945,2.95,1104
181,2.94,2.95,2.94,2.945,4171
182,2.94,2.95,2.94,2.95,1200
183,2.94,2.95,2.94,2.94,10967
288,2.94,2.94,2.94,2.94,2954
289,2.939,2.94,2.939,2.94,6571
290,2.91,2.9388,2.9,2.9388,13235
291,2.9301,2.9301,2.91,2.91,7090
292,2.9465,2.9465,2.9465,2.9465,5000
293,2.94,2.95,2.94,2.95,458
294,2.91,2.94,2.91,2.93,4920
295,2.92,2.92,2.91,2.91,300
296,2.9,2.9012,2.9,2.9,1326
297,2.9,2.9199,2.9,2.91,5644
298,2.895,2.91,2.89,2.9,9800
299,2.895,2.9,2.89,2.89,1100
300,2.89,2.895,2.89,2.895,500
301,2.88,2.8941,2.88,2.8941,8477
302,2.88,2.89,2.875,2.89,6582
303,2.89,2.9,2.88,2.89,1779
304,2.88,2.89,2.88,2.88,600
305,2.88,2.88,2.88,2.88,1100
306,2.87,2.88,2.87,2.88,6781
307,2.88,2.89,2.88,2.88,1522
308,2.88,2.8899,2.88,2.8899,4368
309,2.89,2.9,2.88,2.8895,7758
310,2.895,2.9,2.89,2.89,800
311,2.8999,2.8999,2.89,2.89,3068
312,2.895,2.9,2.88,2.89,1926
313,2.9,2.9,2.89,2.89,7490
314,2.91,2.91,2.91,2.91,500
315,2.91,2.915,2.91,2.91,700
316,2.91,2.92,2.91,2.92,1500
317,2.91,2.92,2.91,2.91,2620
318,2.91,2.92,2.91,2.913,5019
319,2.91,2.92,2.9,2.91,2700
320,2.92,2.92,2.91,2.91,1600
321,2.91,2.915,2.91,2.9143,7400
322,2.9,2.91,2.9,2.91,2250
323,2.9,2.9043,2.9,2.9043,750
324,2.9,2.91,2.9,2.91,1100
325,2.91,2.91,2.895,2.9,3700
326,2.91,2.91,2.9,2.9,11400
327,2.92,2.92,2.9,2.9,13936
432,2.93,2.94,2.93,2.94,11637
433,2.9262,2.9356,2.92,2.92,1957
434,2.92,2.921,2.9,2.921,15392
435,2.92,2.92,2.92,2.92,201
436,2.9023,2.9103,2.9023,2.9103,450
437,2.91,2.91,2.9,2.9033,910
438,2.9036,2.9036,2.9036,2.9036,100
439,2.903,2.903,2.9,2.9,1300
440,2.91,2.91,2.9,2.9061,2300
441,2.9171,2.92,2.9017,2.9017,3850
442,2.915,2.9154,2.9101,2.915,1785
443,2.915,2.9199,2.91,2.9199,758
444,2.91,2.91,2.91,2.91,200
445,2.91,2.91,2.91,2.91,400
446,2.91,2.91,2.9001,2.9001,200
447,2.91,2.92,2.9002,2.9002,8074
448,2.91,2.91,2.9,2.91,7032
450,2.8947,2.9025,2.89,2.9,8574
451,2.9,2.9,2.89,2.89,900
452,2.8801,2.9,2.88,2.9,5800
453,2.8799,2.89,2.8618,2.88,27820
454,2.8703,2.8703,2.8703,2.8703,186
455,2.8701,2.8701,2.8701,2.8701,700
456,2.87,2.87,2.87,2.87,700
457,2.87,2.8756,2.87,2.875,400
458,2.87,2.87,2.87,2.87,1000
459,2.87,2.87,2.8648,2.8648,1250
460,2.885,2.8866,2.88,2.88,3600
461,2.885,2.885,2.885,2.885,200
462,2.88,2.88,2.88,2.88,200
464,2.88,2.89,2.88,2.89,400
465,2.88,2.89,2.88,2.88,3600
466,2.88,2.88,2.88,2.88,200
468,2.88,2.885,2.88,2.885,200
469,2.888,2.888,2.88,2.885,1378
470,2.895,2.9,2.885,2.8853,50664
471,2.9,2.9,2.89,2.89,5819
864,2.87,2.87,2.87,2.87,9263
865,2.8543,2.87,2.85,2.87,27290
866,2.81,2.85,2.8,2.85,24560
867,2.805,2.82,2.8,2.8058,19254
868,2.8101,2.82,2.8,2.81,26386
869,2.81,2.8107,2.805,2.81,10050
870,2.79,2.81,2.79,2.81,38346
871,2.785,2.79,2.78,2.79,6505
872,2.79,2.81,2.783,2.785,37618
873,2.75,2.8,2.75,2.791,38290
874,2.75,2.76,2.75,2.75,10955
875,2.76,2.76,2.75,2.75,22430
876,2.76,2.77,2.75,2.76,13669
877,2.775,2.775,2.755,2.76,17883
878,2.775,2.78,2.7748,2.775,3600
879,2.775,2.78,2.775,2.775,4100
880,2.75,2.775,2.75,2.77,4830
881,2.76,2.76,2.75,2.76,1625
882,2.75,2.76,2.75,2.755,10242
883,2.755,2.76,2.75,2.75,13915
884,2.75,2.76,2.75,2.76,1800
885,2.76,2.76,2.75,2.759,2050
886,2.755,2.76,2.75,2.755,5740
887,2.755,2.76,2.75,2.75,5915
888,2.75,2.76,2.75,2.755,5200
889,2.7594,2.76,2.75,2.75,4405
890,2.755,2.76,2.75,2.755,3000
891,2.755,2.76,2.75,2.7599,5210
892,2.755,2.76,2.75,2.755,3100
893,2.76,2.76,2.75,2.755,1500
894,2.755,2.77,2.75,2.755,19429
895,2.755,2.76,2.755,2.7558,800
896,2.75,2.765,2.75,2.755,25163
897,2.755,2.76,2.755,2.755,905
898,2.755,2.76,2.755,2.755,2008
899,2.755,2.76,2.7539,2.755,2861
900,2.755,2.76,2.755,2.755,5126
901,2.76,2.76,2.755,2.755,3866
902,2.755,2.76,2.75,2.76,28689
903,2.75,2.76,2.75,2.755,51747
a1496755800,2.73,2.73,2.72,2.72,13024
1,2.72,2.74,2.71,2.73,36832
2,2.73,2.73,2.71,2.72,14700
3,2.735,2.74,2.721,2.73,5877
4,2.73,2.7376,2.72,2.7376,4859
5,2.73,2.7386,2.73,2.73,6200
6,2.73,2.735,2.73,2.73,5750
7,2.7342,2.7375,2.73,2.73,16066
8,2.725,2.735,2.7201,2.73,20721
9,2.7401,2.75,2.7243,2.725,24733
10,2.74,2.75,2.74,2.75,4974
11,2.7099,2.74,2.705,2.74,51132
12,2.71,2.71,2.7,2.71,24255
13,2.72,2.73,2.7,2.709,57575
14,2.72,2.72,2.7101,2.715,5326
15,2.72,2.72,2.7133,2.72,6585
16,2.72,2.72,2.715,2.72,1800
17,2.71,2.72,2.71,2.715,4350
18,2.71,2.72,2.71,2.71,3700
19,2.715,2.72,2.71,2.71,3933
20,2.69,2.7101,2.685,2.71,11823
21,2.69,2.7,2.69,2.69,2633
22,2.71,2.71,2.69,2.69,5769
23,2.69,2.71,2.69,2.71,6167
24,2.7046,2.71,2.695,2.695,6803
25,2.7,2.71,2.7,2.71,9807
26,2.705,2.71,2.7,2.71,3300
27,2.7,2.71,2.7,2.7,3200
28,2.72,2.72,2.7,2.7,11366
29,2.72,2.72,2.7,2.72,124910
30,2.72,2.72,2.7116,2.72,4800
31,2.72,2.72,2.715,2.715,9600
32,2.74,2.74,2.71,2.72,46400
33,2.74,2.74,2.73,2.735,8400
34,2.735,2.74,2.73,2.74,10200
35,2.76,2.77,2.73,2.73,59853
36,2.76,2.7675,2.76,2.76,5994
37,2.775,2.775,2.755,2.765,20127
38,2.755,2.78,2.75,2.775,20100
39,2.73,2.76,2.73,2.755,50943
144,2.74,2.74,2.74,2.74,2686
145,2.72,2.721,2.7101,2.72,21482
146,2.72,2.73,2.72,2.721,815
147,2.73,2.74,2.73,2.73,10915
148,2.73,2.74,2.7293,2.73,9600
149,2.75,2.75,2.73,2.73,400
150,2.74,2.745,2.73,2.74,1900
151,2.75,2.75,2.74,2.7486,4659
152,2.7799,2.7799,2.7435,2.75,2467
153,2.789,2.7899,2.78,2.78,1700
154,2.77,2.8,2.77,2.79,12856
155,2.78,2.78,2.776,2.78,2600
156,2.785,2.79,2.78,2.78,1500
157,2.795,2.7999,2.783,2.785,1500
158,2.8,2.8,2.79,2.79,1532
159,2.8,2.8,2.791,2.791,2816
160,2.81,2.81,2.8,2.8,2906
161,2.8099,2.8099,2.805,2.805,200
162,2.81,2.81,2.81,2.81,100
163,2.815,2.82,2.81,2.815,3578
164,2.81,2.825,2.81,2.8199,1335
165,2.79,2.8099,2.79,2.8099,3900
166,2.79,2.79,2.79,2.79,100
167,2.7999,2.7999,2.7999,2.7999,100
168,2.79,2.8,2.79,2.8,4000
169,2.7899,2.79,2.7899,2.79,200
170,2.78,2.79,2.78,2.79,1060
171,2.785,2.79,2.785,2.7899,300
172,2.79,2.79,2.7808,2.7852,3900
173,2.76,2.79,2.76,2.79,28740
174,2.765,2.765,2.76,2.76,1400
175,2.76,2.765,2.76,2.765,1800
176,2.77,2.77,2.76,2.76,1667
177,2.77,2.77,2.77,2.77,3829
178,2.76,2.78,2.76,2.77,9325
179,2.75,2.7593,2.75,2.75,1240
180,2.755,2.755,2.7501,2.755,600
181,2.75,2.76,2.74,2.755,7300
182,2.73,2.76,2.725,2.75,21416
183,2.73,2.76,2.7201,2.7201,12361
288,2.72,2.74,2.72,2.74,11925
289,2.71,2.72,2.7,2.71,6653
290,2.72,2.72,2.71,2.71,900
291,2.72,2.72,2.72,2.72,900
292,2.73,2.73,2.7151,2.72,5645
293,2.73,2.73,2.72,2.73,1200
294,2.73,2.73,2.73,2.73,200
295,2.76,2.77,2.74,2.74,2060
296,2.78,2.79,2.769,2.769,31700
297,2.79,2.79,2.78,2.78,1046
298,2.77,2.79,2.77,2.79,7300
299,2.8001,2.81,2.78,2.78,8922
300,2.82,2.82,2.805,2.805,2432
301,2.825,2.825,2.82,2.82,1900
302,2.82,2.82,2.815,2.82,700
303,2.8199,2.82,2.8101,2.8199,3700
304,2.825,2.825,2.82,2.82,12715
305,2.8265,2.8265,2.815,2.8257,4051
306,2.81,2.83,2.81,2.83,1214
307,2.82,2.82,2.815,2.815,200
308,2.78,2.82,2.77,2.82,31875
309,2.785,2.79,2.78,2.79,2100
310,2.78,2.785,2.78,2.785,11040
311,2.78,2.78,2.78,2.78,5102
312,2.78,2.78,2.78,2.78,909
313,2.78,2.79,2.78,2.78,575
314,2.78,2.785,2.78,2.78,6645
315,2.79,2.79,2.7799,2.78,8066
316,2.8,2.8,2.79,2.8,2346
317,2.79,2.8,2.78,2.8,500
318,2.795,2.8,2.795,2.8,1208
319,2.79,2.8,2.79,2.8,1200
320,2.795,2.8,2.795,2.795,1146
321,2.79,2.795,2.78,2.795,6078
322,2.795,2.795,2.795,2.795,100
323,2.795,2.795,2.795,2.795,788
324,2.795,2.8,2.795,2.795,8392
325,2.795,2.8,2.79,2.795,7350
326,2.795,2.795,2.79,2.795,2569
327,2.79,2.795,2.78,2.795,19332
432,2.79,2.79,2.79,2.79,1082
433,2.82,2.82,2.79,2.79,5822
434,2.82,2.82,2.8148,2.8148,202
435,2.82,2.83,2.8,2.8,11252
436,2.8199,2.8199,2.81,2.81,1312
437,2.8,2.81,2.8,2.8,700
438,2.8,2.8,2.79,2.8,2800
439,2.7945,2.8,2.7945,2.8,1700
441,2.7992,2.7992,2.7992,2.7992,2000
442,2.8,2.8,2.7993,2.8,800
443,2.81,2.81,2.795,2.8,4282
444,2.7957,2.81,2.7628,2.81,23535
445,2.79,2.8,2.781,2.79,5700
446,2.79,2.8,2.79,2.79,1200
447,2.79,2.79,2.785,2.7875,600
448,2.79,2.79,2.785,2.79,1800
449,2.78,2.79,2.78,2.79,3500
450,2.78,2.78,2.78,2.78,300
451,2.78,2.78,2.78,2.78,1226
452,2.76,2.77,2.75,2.77,23100
453,2.76,2.76,2.7554,2.76,800
454,2.77,2.77,2.77,2.77,400
455,2.77,2.77,2.7607,2.77,775
456,2.77,2.77,2.768,2.77,2300
457,2.77,2.77,2.77,2.77,400
458,2.77,2.77,2.7531,2.77,1775
459,2.75,2.77,2.72,2.77,24562
460,2.735,2.74,2.735,2.74,600
461,2.73,2.74,2.725,2.739,11700
462,2.71,2.73,2.71,2.73,2700
463,2.71,2.71,2.69,2.7099,7013
464,2.7,2.7,2.7,2.7,1500
465,2.7,2.71,2.7,2.7,2233
466,2.6901,2.7,2.6901,2.695,3333
467,2.695,2.7,2.69,2.7,21986
468,2.69,2.695,2.69,2.69,19776
469,2.69,2.69,2.6837,2.69,1900
470,2.685,2.69,2.68,2.69,7600
471,2.67,2.6882,2.65,2.68,37492
864,2.6,2.63,2.59,2.63,17873
865,2.56,2.63,2.55,2.63,59433
866,2.54,2.5793,2.54,2.5793,11403
867,2.531,2.549,2.53,2.5401,10896
868,2.61,2.61,2.54,2.54,35456
869,2.6246,2.6246,2.58,2.58,7833
870,2.6086,2.64,2.6086,2.639,10894
871,2.58,2.61,2.57,2.6,8672
872,2.5711,2.6069,2.57,2.57,4982
873,2.599,2.6,2.599,2.6,350
874,2.58,2.595,2.58,2.595,4718
875,2.59,2.6,2.59,2.59,3119
876,2.59,2.6,2.58,2.592,7750
877,2.6,2.6,2.59,2.59,8792
878,2.59,2.6,2.59,2.59,2222
879,2.605,2.605,2.59,2.59,13400
880,2.61,2.62,2.6,2.61,18140
881,2.62,2.62,2.61,2.61,2000
882,2.62,2.63,2.62,2.62,2800
883,2.6124,2.62,2.61,2.61,1600
884,2.6251,2.6251,2.62,2.62,5300
885,2.63,2.63,2.625,2.625,900
886,2.615,2.63,2.61,2.62,3026
887,2.63,2.63,2.62,2.62,3200
888,2.63,2.63,2.625,2.625,2400
889,2.63,2.63,2.63,2.63,4100
890,2.64,2.64,2.63,2.63,2059
891,2.64,2.65,2.63,2.63,10300
892,2.65,2.65,2.64,2.64,1100
893,2.65,2.66,2.6499,2.65,10168
894,2.64,2.65,2.64,2.65,3500
895,2.63,2.6401,2.63,2.6401,6700
896,2.63,2.64,2.625,2.635,4685
897,2.645,2.645,2.62,2.63,10431
898,2.65,2.65,2.64,2.6401,4275
899,2.65,2.66,2.65,2.66,3600
900,2.645,2.66,2.64,2.65,31058
901,2.65,2.66,2.645,2.65,8132
902,2.66,2.66,2.64,2.65,19687
903,2.68,2.69,2.65,2.67,100474
a1497360600,2.67,2.69,2.67,2.69,4449
1,2.7,2.7,2.6795,2.6868,17500
2,2.71,2.71,2.69,2.7,8900
3,2.69,2.7099,2.69,2.7099,4829
4,2.68,2.6901,2.68,2.6901,1380
5,2.68,2.7,2.65,2.69,24660
6,2.69,2.6912,2.67,2.6912,7422
7,2.69,2.69,2.69,2.69,500
8,2.68,2.69,2.66,2.69,49530
9,2.7,2.71,2.68,2.6866,18435
10,2.6901,2.71,2.69,2.7,18778
11,2.68,2.69,2.68,2.69,800
12,2.68,2.69,2.67,2.69,3908
13,2.68,2.69,2.68,2.68,8035
14,2.69,2.69,2.68,2.685,1350
15,2.7,2.7,2.68,2.69,5500
16,2.72,2.72,2.695,2.7,4323
17,2.72,2.72,2.71,2.72,4150
18,2.73,2.73,2.7109,2.72,3200
19,2.72,2.73,2.72,2.73,5799
20,2.73,2.73,2.71,2.73,5600
21,2.72,2.73,2.72,2.73,1538
22,2.72,2.73,2.7131,2.72,9899
23,2.749,2.75,2.72,2.72,25884
24,2.75,2.75,2.74,2.75,1888
25,2.741,2.75,2.732,2.74,2000
26,2.75,2.75,2.74,2.75,18896
27,2.75,2.78,2.75,2.75,28818
28,2.745,2.7595,2.745,2.75,6446
29,2.75,2.75,2.74,2.745,4300
30,2.721,2.74,2.72,2.74,15500
31,2.715,2.73,2.7114,2.73,2000
32,2.72,2.72,2.711,2.715,1900
33,2.711,2.72,2.705,2.711,3000
34,2.711,2.72,2.711,2.715,3700
35,2.72,2.72,2.71,2.71,1900
36,2.72,2.72,2.71,2.715,3000
37,2.72,2.73,2.715,2.725,6000
38,2.725,2.73,2.72,2.72,3900
39,2.72,2.73,2.71,2.72,15572
144,2.74,2.75,2.74,2.74,3236
145,2.74,2.76,2.74,2.74,7521
146,2.73,2.75,2.725,2.74,13500
147,2.735,2.74,2.7,2.72,16467
148,2.72,2.75,2.71,2.73,8100
149,2.7459,2.75,2.725,2.73,3458
150,2.7335,2.75,2.73,2.7361,1445
151,2.73,2.7403,2.73,2.73,6600
152,2.7106,2.74,2.7,2.72,28385
153,2.71,2.74,2.7,2.71,16700
154,2.72,2.73,2.705,2.73,2800
155,2.73,2.735,2.72,2.73,5500
156,2.7478,2.7478,2.71,2.7201,8700
157,2.73,2.74,2.73,2.74,5823
158,2.7202,2.7202,2.7202,2.7202,900
159,2.715,2.72,2.71,2.72,1900
160,2.74,2.74,2.735,2.7361,2435
161,2.725,2.73,2.725,2.73,200
162,2.7349,2.74,2.73,2.74,700
163,2.74,2.74,2.735,2.74,1841
164,2.75,2.75,2.745,2.75,900
165,2.75,2.75,2.75,2.75,2700
166,2.7292,2.7442,2.72,2.7442,5475
167,2.73,2.73,2.73,2.73,100
169,2.72,2.74,2.715,2.73,16100
170,2.735,2.74,2.73,2.74,1300
172,2.72,2.72,2.71,2.72,300
173,2.72,2.73,2.72,2.72,400
174,2.72,2.7253,2.71,2.7253,3700
175,2.72,2.74,2.72,2.72,4400
176,2.73,2.74,2.71,2.72,26312
177,2.72,2.74,2.71,2.72,15800
178,2.715,2.72,2.71,2.72,4750
179,2.69,2.71,2.68,2.71,25344
180,2.69,2.69,2.69,2.69,100
181,2.675,2.6901,2.66,2.69,8700
182,2.68,2.68,2.665,2.68,3198
183,2.68,2.68,2.67,2.67,6462
288,2.6,2.61,2.6,2.61,4152
289,2.63,2.63,2.59,2.6,7333
290,2.63,2.65,2.61,2.63,24870
291,2.65,2.65,2.63,2.64,7107
292,2.6,2.65,2.58,2.65,6202
293,2.63,2.63,2.6,2.6,590
294,2.59,2.59,2.58,2.58,4763
295,2.6,2.605,2.59,2.605,2900
296,2.59,2.6,2.59,2.6,400
297,2.585,2.6,2.58,2.5964,4478
298,2.53,2.5848,2.52,2.58,12736
299,2.54,2.56,2.54,2.55,4820
300,2.58,2.5855,2.56,2.56,12872
301,2.56,2.5801,2.56,2.58,8533
302,2.52,2.57,2.52,2.565,20241
303,2.55,2.56,2.535,2.54,36800
304,2.55,2.56,2.55,2.56,200
305,2.55,2.56,2.55,2.56,14332
306,2.55,2.555,2.55,2.555,12623
307,2.56,2.56,2.55,2.56,1100
308,2.56,2.56,2.552,2.56,1400
309,2.56,2.565,2.55,2.555,4656
310,2.56,2.57,2.56,2.57,7454
311,2.57,2.57,2.55,2.565,15499
312,2.5699,2.57,2.56,2.56,300
313,2.57,2.57,2.56,2.565,1500
314,2.555,2.5699,2.555,2.565,7500
315,2.555,2.56,2.55,2.55,2333
316,2.55,2.55,2.55,2.55,100
317,2.56,2.56,2.55,2.554,5100
318,2.56,2.57,2.555,2.56,2503
319,2.5561,2.565,2.55,2.565,12580
320,2.55,2.56,2.55,2.55,3590
321,2.56,2.56,2.55,2.555,1600
322,2.56,2.56,2.55,2.55,2100
323,2.56,2.565,2.55,2.56,12407
324,2.55,2.56,2.55,2.56,8315
325,2.55,2.56,2.55,2.555,1400
326,2.555,2.56,2.55,2.555,9758
327,2.56,2.57,2.55,2.55,28126
432,2.55,2.55,2.55,2.55,2316
433,2.53,2.56,2.53,2.54,2591
434,2.5,2.5406,2.48,2.54,36670
435,2.53,2.54,2.515,2.52,2600
436,2.52,2.53,2.5,2.53,7476
437,2.505,2.53,2.48,2.5101,37100
438,2.5,2.51,2.49,2.5,6975
439,2.49,2.5,2.49,2.5,2294
440,2.49,2.5,2.49,2.5,3500
441,2.49,2.4999,2.49,2.4999,1095
442,2.49,2.495,2.485,2.49,5400
443,2.5,2.51,2.49,2.49,9500
444,2.505,2.505,2.5,2.505,11700
445,2.5,2.51,2.5,2.505,1100
446,2.5,2.51,2.5,2.51,1700
448,2.505,2.51,2.5,2.5,2600
449,2.51,2.51,2.5,2.5,4730
450,2.5,2.505,2.5,2.5,900
451,2.5,2.51,2.5,2.51,2100
452,2.505,2.51,2.5,2.5,700
453,2.5,2.5,2.5,2.5,400
454,2.505,2.505,2.5,2.5,1100
455,2.505,2.51,2.5,2.5,2000
456,2.5,2.5099,2.5,2.5,1450
457,2.505,2.505,2.5,2.5,1000
458,2.515,2.5199,2.5,2.505,31244
459,2.5101,2.515,2.51,2.51,14825
460,2.51,2.52,2.51,2.52,1100
461,2.51,2.52,2.51,2.52,1530
462,2.51,2.52,2.51,2.52,7100
463,2.52,2.5275,2.51,2.51,15899
464,2.52,2.52,2.52,2.52,300
465,2.52,2.525,2.515,2.52,5500
466,2.5201,2.5282,2.52,2.52,3992
467,2.51,2.5275,2.51,2.5201,10925
468,2.5375,2.5375,2.51,2.51,32217
469,2.5475,2.5475,2.53,2.53,17088
470,2.54,2.55,2.54,2.545,18832
471,2.54,2.55,2.53,2.54,120615
864,2.56,2.56,2.56,2.56,22657
865,2.56,2.58,2.55,2.55,27391
866,2.56,2.57,2.55,2.57,16601
867,2.59,2.59,2.56,2.56,17599
868,2.59,2.59,2.59,2.59,600
869,2.585,2.5869,2.58,2.585,2220
870,2.585,2.59,2.58,2.58,2480
871,2.58,2.58,2.54,2.58,15000
872,2.585,2.59,2.57,2.58,1300
873,2.58,2.58,2.57,2.58,6109
874,2.585,2.59,2.58,2.58,11474
875,2.59,2.59,2.58,2.58,1100
876,2.57,2.58,2.57,2.58,2022
877,2.58,2.58,2.565,2.565,1500
878,2.57,2.57,2.57,2.57,100
880,2.575,2.575,2.575,2.575,200
881,2.58,2.58,2.575,2.575,1273
882,2.58,2.58,2.58,2.58,1900
883,2.59,2.59,2.58,2.59,3300
884,2.5811,2.5811,2.5811,2.5811,288
885,2.6,2.6,2.59,2.59,6900
886,2.6,2.6,2.59,2.59,2609
887,2.6,2.6,2.5939,2.6,9371
888,2.62,2.62,2.595,2.6,24738
889,2.62,2.62,2.61,2.62,13371
890,2.62,2.62,2.615,2.62,1500
891,2.615,2.615,2.615,2.615,807
892,2.62,2.62,2.613,2.62,4190
893,2.62,2.62,2.615,2.615,4878
894,2.615,2.62,2.615,2.62,2976
895,2.615,2.62,2.615,2.62,400
896,2.625,2.63,2.62,2.62,4734
897,2.63,2.63,2.6204,2.6204,1115
898,2.63,2.63,2.62,2.625,7201
899,2.63,2.63,2.625,2.625,4402
900,2.63,2.63,2.62,2.62,10636
901,2.63,2.63,2.62,2.625,8227
902,2.63,2.63,2.62,2.625,7329
903,2.62,2.63,2.611,2.63,13293
a1497965400,2.59,2.68,2.59,2.68,5964
1,2.59,2.61,2.59,2.61,300
2,2.6,2.61,2.6,2.61,1277
3,2.61,2.61,2.6,2.6095,825
4,2.5901,2.6,2.5901,2.6,2312
5,2.58,2.6,2.58,2.59,400
6,2.6,2.6,2.6,2.6,1221
7,2.59,2.6,2.59,2.6,1500
8,2.57,2.58,2.57,2.58,200
9,2.59,2.6,2.58,2.58,800
10,2.59,2.59,2.581,2.59,2351
11,2.59,2.6,2.59,2.6,20825
13,2.595,2.595,2.59,2.595,800
14,2.595,2.6,2.5901,2.6,1020
15,2.5907,2.5907,2.5907,2.5907,100
16,2.59,2.59,2.59,2.59,100
18,2.59,2.6,2.59,2.6,600
19,2.58,2.5939,2.58,2.59,14592
20,2.5801,2.5801,2.58,2.58,1940
22,2.57,2.57,2.57,2.57,1039
23,2.575,2.58,2.575,2.575,300
24,2.575,2.575,2.575,2.575,100
25,2.575,2.575,2.575,2.575,100
26,2.57,2.57,2.57,2.57,200
27,2.57,2.58,2.57,2.575,300
29,2.57,2.58,2.57,2.5701,600
30,2.57,2.58,2.57,2.58,200
31,2.58,2.58,2.575,2.575,500
32,2.58,2.58,2.57,2.575,600
33,2.575,2.575,2.57,2.57,500
34,2.57,2.57,2.57,2.57,300
35,2.58,2.58,2.57,2.58,300
36,2.5726,2.5726,2.57,2.57,430
37,2.575,2.58,2.575,2.58,1200
38,2.585,2.585,2.575,2.575,4282
39,2.6,2.6,2.58,2.58,6848
144,2.59,2.59,2.59,2.59,4445
145,2.58,2.5974,2.58,2.59,15259
146,2.58,2.58,2.53,2.58,25237
147,2.57,2.58,2.55,2.58,16376
148,2.5536,2.5536,2.5536,2.5536,120
149,2.58,2.58,2.564,2.57,1800
150,2.58,2.58,2.58,2.58,400
151,2.57,2.5801,2.56,2.58,9318
154,2.575,2.575,2.575,2.575,100
155,2.57,2.57,2.57,2.57,100
157,2.57,2.57,2.57,2.57,1300
158,2.56,2.5725,2.56,2.57,2800
159,2.56,2.5699,2.56,2.5699,2100
160,2.57,2.57,2.57,2.57,100
161,2.5699,2.57,2.5674,2.57,1200
162,2.57,2.57,2.57,2.57,200
163,2.56,2.56,2.56,2.56,100
165,2.56,2.57,2.56,2.5622,3300
166,2.5607,2.57,2.5607,2.57,400
167,2.56,2.56,2.56,2.56,100
168,2.58,2.58,2.565,2.57,5392
169,2.59,2.59,2.59,2.59,200
170,2.59,2.59,2.59,2.59,2590
172,2.59,2.59,2.59,2.59,600
173,2.59,2.59,2.585,2.59,1100
174,2.5925,2.5925,2.5925,2.5925,420
175,2.5801,2.59,2.5801,2.59,11500
176,2.58,2.58,2.55,2.58,25906
177,2.53,2.57,2.51,2.57,29729
178,2.57,2.57,2.5301,2.5301,13170
179,2.565,2.57,2.5626,2.5626,1019
180,2.575,2.58,2.57,2.57,12080
181,2.575,2.575,2.57,2.57,500
183,2.58,2.58,2.57,2.579,12279
288,2.55,2.55,2.55,2.55,2526
289,2.5551,2.5551,2.54,2.54,2200
290,2.56,2.56,2.55,2.56,1433
291,2.54,2.56,2.54,2.55,700
292,2.5401,2.56,2.54,2.56,500
293,2.545,2.545,2.54,2.54,520
294,2.54,2.55,2.53,2.54,1700
295,2.54,2.55,2.53,2.53,500
296,2.54,2.55,2.54,2.54,600
297,2.54,2.55,2.54,2.55,1200
298,2.54,2.55,2.54,2.543,1200
299,2.535,2.55,2.535,2.5499,4000
300,2.54,2.54,2.53,2.53,600
301,2.53,2.54,2.53,2.5326,4380
302,2.53,2.53,2.52,2.53,3900
303,2.52,2.525,2.52,2.5238,320
304,2.52,2.53,2.52,2.5299,600
305,2.5375,2.54,2.52,2.52,800
306,2.535,2.5375,2.535,2.535,300
307,2.53,2.53,2.53,2.53,100
308,2.53,2.535,2.53,2.53,2100
309,2.53,2.535,2.52,2.52,1500
310,2.535,2.535,2.535,2.535,100
311,2.53,2.53,2.53,2.53,1100
312,2.52,2.525,2.52,2.525,200
313,2.52,2.53,2.52,2.53,700
314,2.52,2.52,2.52,2.52,100
315,2.525,2.53,2.52,2.52,300
316,2.535,2.54,2.52,2.52,1100
317,2.54,2.54,2.5339,2.5339,4300
318,2.54,2.55,2.535,2.535,7300
319,2.545,2.55,2.535,2.54,4899
320,2.54,2.55,2.54,2.55,6800
321,2.54,2.546,2.5301,2.535,2836
322,2.54,2.5475,2.54,2.5475,500
324,2.54,2.545,2.54,2.54,400
325,2.54,2.545,2.53,2.545,3800
326,2.54,2.54,2.53,2.535,2618
327,2.54,2.54,2.53,2.53,15085
432,2.54,2.54,2.54,2.54,357
433,2.52,2.55,2.52,2.55,447
434,2.52,2.53,2.5,2.53,25898
435,2.5287,2.53,2.52,2.53,800
436,2.525,2.525,2.525,2.525,100
437,2.525,2.525,2.52,2.52,7453
438,2.5332,2.535,2.53,2.53,1537
439,2.53,2.54,2.53,2.53,2200
440,2.535,2.535,2.53,2.53,600
441,2.525,2.535,2.52,2.535,18500
442,2.52,2.53,2.52,2.52,14700
443,2.525,2.53,2.52,2.525,8600
444,2.53,2.54,2.52,2.52,10066
446,2.5301,2.54,2.53,2.5301,4600
447,2.53,2.535,2.53,2.535,1100
448,2.535,2.535,2.53,2.53,2000
449,2.535,2.535,2.53,2.53,1075
450,2.52,2.535,2.52,2.53,1500
451,2.52,2.525,2.52,2.52,4500
452,2.525,2.525,2.52,2.525,700
453,2.52,2.53,2.52,2.53,600
454,2.52,2.525,2.52,2.525,400
455,2.5201,2.525,2.52,2.52,10100
456,2.5201,2.5263,2.52,2.525,5145
457,2.52,2.53,2.52,2.525,9653
458,2.52,2.525,2.52,2.525,400
459,2.52,2.525,2.515,2.525,7584
460,2.525,2.525,2.52,2.52,1000
461,2.5201,2.53,2.52,2.53,1625
462,2.52,2.525,2.52,2.5201,300
463,2.52,2.525,2.52,2.525,500
464,2.51,2.5271,2.51,2.52,11700
465,2.515,2.52,2.51,2.51,1000
466,2.515,2.525,2.51,2.52,2700
467,2.51,2.52,2.51,2.51,38901
468,2.52,2.52,2.51,2.51,2800
469,2.51,2.52,2.51,2.52,2800
470,2.51,2.52,2.51,2.52,2200
471,2.52,2.53,2.51,2.52,67055
864,2.5,2.5,2.5,2.5,10563
865,2.5099,2.51,2.48,2.4801,9582
866,2.5,2.5193,2.5,2.5,9317
867,2.5,2.5,2.485,2.49,1901
868,2.5,2.5,2.49,2.5,19443
869,2.48,2.51,2.48,2.51,10056
870,2.4807,2.49,2.48,2.48,5398
871,2.48,2.4801,2.48,2.48,7510
872,2.485,2.485,2.47,2.47,9059
873,2.475,2.49,2.47,2.48,9050
874,2.48,2.48,2.47,2.48,6300
875,2.48,2.485,2.47,2.475,22349
876,2.48,2.49,2.48,2.4825,4500
877,2.49,2.49,2.48,2.48,5830
878,2.485,2.49,2.48,2.48,13480
879,2.48,2.49,2.48,2.485,13785
880,2.49,2.49,2.48,2.485,4700
881,2.49,2.49,2.48,2.48,300
882,2.48,2.49,2.48,2.49,1400
883,2.49,2.5,2.49,2.49,1740
884,2.495,2.495,2.49,2.49,1900
885,2.4901,2.5,2.49,2.49,600
886,2.495,2.495,2.4901,2.495,400
887,2.49,2.495,2.48,2.49,3490
888,2.49,2.5,2.4801,2.485,5531
889,2.495,2.495,2.49,2.495,800
890,2.495,2.495,2.495,2.495,100
891,2.51,2.51,2.48,2.495,20554
892,2.5001,2.51,2.5,2.505,1887
893,2.505,2.51,2.5,2.505,800
894,2.5001,2.505,2.5,2.5001,400
895,2.5001,2.509,2.5,2.5065,10690
896,2.505,2.505,2.5,2.5001,1500
897,2.5,2.505,2.5,2.5,7495
898,2.505,2.51,2.5,2.505,4100
899,2.5,2.505,2.5,2.505,7280
900,2.5,2.505,2.5,2.505,1200
901,2.505,2.51,2.5,2.5,8150
902,2.5,2.5052,2.5,2.5,10947
903,2.5,2.505,2.5,2.505,16508
a1498570200,2.49,2.49,2.49,2.49,5132
1,2.49,2.49,2.48,2.48,2600
2,2.47,2.49,2.47,2.48,3800
3,2.47,2.49,2.47,2.4799,7600
4,2.46,2.47,2.45,2.46,5989
5,2.46,2.46,2.45,2.45,4950
6,2.46,2.47,2.45,2.47,2151
7,2.465,2.47,2.45,2.46,2600
8,2.49,2.49,2.47,2.47,15273
9,2.485,2.49,2.48,2.49,17236
10,2.5,2.5,2.485,2.485,3966
11,2.495,2.5,2.4901,2.495,2436
12,2.495,2.5,2.495,2.5,3407
13,2.495,2.5,2.495,2.495,3200
14,2.495,2.5,2.495,2.495,900
15,2.485,2.495,2.485,2.495,5500
16,2.485,2.49,2.485,2.485,2000
17,2.49,2.49,2.485,2.49,1000
18,2.49,2.49,2.4862,2.49,1580
19,2.49,2.49,2.49,2.49,200
20,2.49,2.49,2.4805,2.49,1278
21,2.485,2.49,2.485,2.49,490
22,2.495,2.5,2.4838,2.4838,7022
23,2.5,2.5,2.495,2.495,500
24,2.495,2.5,2.495,2.5,900
25,2.49,2.5,2.49,2.5,20651
26,2.49,2.49,2.49,2.49,1200
27,2.49,2.495,2.4899,2.4899,6900
28,2.495,2.5,2.495,2.495,3100
29,2.5,2.5,2.495,2.5,600
30,2.5,2.5,2.495,2.495,700
31,2.5,2.5,2.495,2.4962,1900
32,2.5,2.5,2.4933,2.5,1800
33,2.5,2.5,2.49,2.5,6600
34,2.5,2.5,2.495,2.495,800
35,2.5,2.5,2.4901,2.4901,1000
36,2.51,2.51,2.495,2.495,19600
37,2.505,2.51,2.5,2.505,5927
38,2.505,2.51,2.5,2.505,11100
39,2.5,2.51,2.5,2.505,28311
144,2.59,2.59,2.59,2.59,17421
145,2.58,2.59,2.565,2.59,40617
146,2.59,2.59,2.58,2.59,9373
147,2.58,2.59,2.58,2.59,1278
148,2.5701,2.58,2.565,2.58,9430
149,2.59,2.59,2.561,2.58,5794
150,2.584,2.59,2.57,2.59,2000
151,2.59,2.59,2.5899,2.59,300
152,2.585,2.59,2.585,2.59,800
153,2.6,2.6,2.585,2.5899,18583
154,2.625,2.63,2.59,2.595,18309
155,2.6435,2.6543,2.6238,2.63,57070
156,2.656,2.66,2.645,2.645,10988
157,2.68,2.68,2.656,2.66,19112
158,2.68,2.68,2.675,2.6775,6100
159,2.68,2.68,2.677,2.68,11283
160,2.69,2.69,2.6701,2.6737,6675
161,2.69,2.7,2.685,2.685,15052
162,2.7,2.7,2.695,2.7,700
163,2.695,2.7,2.69,2.695,3750
164,2.695,2.7,2.69,2.69,2100
165,2.665,2.7,2.66,2.695,17636
166,2.66,2.67,2.65,2.67,6589
167,2.6546,2.6599,2.6505,2.6505,1500
168,2.655,2.66,2.655,2.66,4500
169,2.65,2.66,2.65,2.652,5500
170,2.65,2.66,2.64,2.66,5476
171,2.625,2.6419,2.62,2.6419,13500
172,2.605,2.6207,2.6,2.6207,8937
173,2.61,2.61,2.605,2.605,900
174,2.6099,2.61,2.6,2.605,7628
175,2.61,2.61,2.6099,2.6099,300
176,2.6099,2.61,2.605,2.61,1350
177,2.63,2.63,2.605,2.605,29774
178,2.63,2.63,2.63,2.63,300
179,2.63,2.63,2.63,2.63,500
180,2.63,2.63,2.62,2.63,14600
181,2.625,2.63,2.62,2.63,1400
182,2.6201,2.63,2.62,2.625,1884
183,2.62,2.63,2.61,2.625,18293
288,2.63,2.63,2.63,2.63,2866
289,2.63,2.65,2.62,2.63,9911
290,2.63,2.6335,2.6255,2.63,6763
291,2.6308,2.6349,2.62,2.63,3895
292,2.62,2.63,2.62,2.63,11344
293,2.59,2.6125,2.59,2.61,3615
294,2.58,2.59,2.58,2.59,889
295,2.585,2.585,2.585,2.585,300
296,2.585,2.585,2.58,2.58,200
297,2.59,2.59,2.58,2.58,6350
298,2.58,2.59,2.58,2.59,1600
299,2.6,2.63,2.58,2.585,12670
300,2.59,2.6153,2.59,2.6153,2845
301,2.585,2.59,2.58,2.59,700
302,2.58,2.59,2.58,2.59,3622
303,2.57,2.5892,2.57,2.58,16438
304,2.56,2.57,2.545,2.57,13134
305,2.54,2.55,2.54,2.55,2750
306,2.525,2.5439,2.52,2.54,27395
307,2.51,2.53,2.51,2.52,4180
308,2.51,2.5158,2.5,2.51,12208
309,2.5007,2.52,2.5,2.51,9350
310,2.48,2.505,2.4738,2.5,32867
311,2.48,2.4899,2.47,2.48,15180
312,2.48,2.49,2.48,2.48,2400
313,2.47,2.48,2.47,2.48,3200
314,2.47,2.48,2.47,2.475,6400
315,2.45,2.47,2.45,2.47,22166
316,2.52,2.53,2.455,2.455,10523
317,2.495,2.52,2.495,2.52,6182
318,2.5,2.5,2.49,2.49,2637
319,2.51,2.51,2.5046,2.5062,915
320,2.515,2.52,2.505,2.505,3400
321,2.515,2.5193,2.51,2.5193,4495
322,2.5,2.51,2.5,2.51,3755
323,2.505,2.505,2.5,2.5,1100
324,2.51,2.51,2.5,2.505,2700
325,2.505,2.51,2.5,2.5,4948
326,2.495,2.5099,2.49,2.5,2506
327,2.51,2.51,2.49,2.5,11823
432,2.5,2.5,2.5,2.5,6846
433,2.5,2.51,2.48,2.5,15342
434,2.52,2.52,2.5,2.5,2706
435,2.52,2.53,2.5,2.51,8650
437,2.5035,2.5035,2.5035,2.5035,400
438,2.519,2.52,2.519,2.52,200
439,2.51,2.52,2.5,2.5,549
440,2.51,2.5139,2.5095,2.5139,1400
441,2.51,2.51,2.51,2.51,300
442,2.5,2.51,2.5,2.505,700
443,2.51,2.51,2.5,2.5,400
444,2.51,2.51,2.51,2.51,100
446,2.52,2.52,2.51,2.51,200
447,2.51,2.53,2.5,2.5,23826
448,2.505,2.51,2.505,2.51,4200
449,2.505,2.51,2.505,2.51,600
450,2.51,2.51,2.5012,2.51,4700
451,2.51,2.51,2.5,2.51,3180
452,2.51,2.51,2.51,2.51,300
453,2.52,2.52,2.5055,2.51,16625
454,2.52,2.53,2.5176,2.52,12034
455,2.525,2.53,2.52,2.53,1700
456,2.525,2.525,2.524,2.524,4870
457,2.525,2.53,2.525,2.525,600
458,2.53,2.53,2.5136,2.521,2700
460,2.52,2.52,2.51,2.51,400
461,2.515,2.52,2.515,2.52,300
462,2.525,2.53,2.5146,2.52,15241
463,2.5554,2.57,2.53,2.53,11640
465,2.539,2.555,2.5236,2.555,15760
466,2.56,2.56,2.54,2.54,25125
467,2.56,2.57,2.56,2.57,2200
468,2.565,2.5651,2.545,2.55,11415
469,2.58,2.59,2.565,2.565,16900
470,2.555,2.57,2.545,2.57,7200
471,2.55,2.56,2.54,2.55,16526
864,2.6,2.6,2.6,2.6,15607
865,2.56,2.57,2.56,2.57,6716
866,2.58,2.58,2.5718,2.5718,3099
867,2.57,2.57,2.569,2.57,1800
868,2.57,2.57,2.56,2.57,1294
869,2.56,2.56,2.555,2.56,1096
870,2.56,2.56,2.56,2.56,200
871,2.553,2.56,2.55,2.555,5702
872,2.56,2.56,2.555,2.555,400
873,2.55,2.5599,2.55,2.555,7317
874,2.5501,2.56,2.5501,2.56,3100
875,2.55,2.5549,2.55,2.55,2700
876,2.535,2.5505,2.5197,2.55,13302
877,2.5572,2.5572,2.5572,2.5572,500
878,2.555,2.555,2.55,2.55,1300
879,2.5229,2.55,2.52,2.55,2594
880,2.54,2.54,2.52,2.52,10111
881,2.52,2.54,2.52,2.54,5357
882,2.53,2.53,2.53,2.53,13482
883,2.52,2.5301,2.52,2.53,10901
884,2.52,2.52,2.52,2.52,1600
885,2.51,2.525,2.51,2.525,23962
a1499261400,2.55,2.55,2.55,2.55,2252
1,2.55,2.55,2.53,2.55,5298
2,2.55,2.55,2.55,2.55,300
3,2.55,2.55,2.52,2.55,5985
4,2.565,2.565,2.545,2.545,33781
5,2.56,2.56,2.56,2.56,1503
6,2.565,2.565,2.545,2.555,7300
7,2.575,2.58,2.565,2.565,5152
8,2.575,2.58,2.575,2.58,300
9,2.58,2.58,2.574,2.575,2300
10,2.55,2.575,2.55,2.575,9100
11,2.57,2.57,2.5401,2.5401,14784
12,2.57,2.58,2.57,2.58,2000
13,2.585,2.585,2.5748,2.5748,8800
14,2.595,2.595,2.575,2.59,5923
15,2.595,2.595,2.595,2.595,300
16,2.585,2.59,2.57,2.59,1000
17,2.59,2.59,2.5889,2.5889,300
18,2.58,2.585,2.58,2.58,3300
19,2.585,2.59,2.58,2.58,1735
20,2.585,2.585,2.585,2.585,430
21,2.585,2.59,2.585,2.59,1100
22,2.595,2.595,2.5895,2.5895,1279
23,2.595,2.6,2.595,2.6,1682
24,2.5999,2.6,2.595,2.595,12900
27,2.59,2.6,2.59,2.595,22719
28,2.605,2.61,2.59,2.59,11158
29,2.601,2.61,2.601,2.61,2740
30,2.605,2.61,2.605,2.61,7511
31,2.61,2.61,2.61,2.61,100
33,2.615,2.62,2.605,2.61,6118
34,2.605,2.62,2.605,2.615,7665
35,2.61,2.61,2.6,2.6,4664
37,2.6099,2.61,2.6,2.605,3554
38,2.605,2.605,2.6,2.605,525
39,2.6,2.615,2.59,2.6,45842
