EXCHANGE%3DNASDAQ
MARKET_OPEN_MINUTE=570
MARKET_CLOSE_MINUTE=960
INTERVAL=600
COLUMNS=DATE,CLOSE,HIGH,LOW,OPEN,VOLUME
DATA=
TIMEZONE_OFFSET=-240
a1493127000,120.23,120.23,120.23,120.23,12706
1,120.5,120.67,119.96,120.17,21977
2,120.47,120.69,120.42,120.53,14665
3,120.52,120.58,120.4,120.48,26031
4,120.48,120.6,120.3001,120.49,25309
5,120.35,120.55,120.29,120.51,15211
6,120.02,120.35,120.01,120.35,37890
7,119.82,120.05,119.82,120.05,33040
8,119.54,119.8399,119.42,119.83,52786
9,119.865,119.92,119.52,119.54,20266
10,119.59,119.9,119.56,119.84,26132
11,119.72,119.72,119.51,119.61,16104
12,119.79,119.83,119.66,119.76,43172
13,119.73,120.025,119.66,119.82,32794
14,119.82,119.83,119.695,119.735,37208
15,119.98,119.98,119.8,119.83,10920
16,119.8699,119.98,119.84,119.97,80814
17,119.88,119.94,119.775,119.85,10151
18,119.8895,119.92,119.86,119.92,9454
19,119.73,119.86,119.64,119.86,28730
20,119.74,119.82,119.69,119.72,34541
21,119.54,119.8,119.51,119.74,41511
22,119.57,119.6,119.5101,119.54,13407
23,119.5701,119.6,119.53,119.5701,10982
24,119.555,119.61,119.49,119.57,17397
25,119.54,119.58,119.51,119.57,15614
26,119.59,119.63,119.53,119.545,11446
27,119.5601,119.5957,119.53,119.58,13977
28,119.62,119.64,119.49,119.57,35918
29,119.6,119.65,119.56,119.625,14789
30,119.6158,119.67,119.57,119.5701,43098
31,119.68,119.69,119.6,119.61,25507
32,119.71,119.78,119.66,119.6701,13742
33,119.5803,119.63,119.57,119.63,41434
34,119.67,119.7,119.57,119.5907,26139
35,119.63,119.67,119.55,119.645,12942
36,119.66,119.67,119.615,119.63,14470
37,119.75,119.87,119.67,119.67,51595
38,119.89,120.01,119.73,119.75,48872
39,119.93,119.97,119.7,119.89,187678
144,120.2,120.2,120,120,8928
145,119.5,120.16,119.48,120.16,12193
146,119.72,119.7599,119.56,119.59,13889
147,119.48,119.77,119.42,119.75,18160
148,119.42,119.47,119.29,119.44,26863
149,119.51,119.64,119.39,119.4,23569
150,119.55,119.59,119.48,119.56,16053
151,119.47,119.55,119.4,119.54,64863
152,119.46,119.5,119.35,119.48,29538
153,119.6,119.69,119.48,119.48,10800
154,119.575,119.59,119.5,119.58,9856
155,119.85,119.85,119.57,119.57,14208
156,120.07,120.25,119.83,119.85,17604
157,120.17,120.21,119.94,120.08,17171
158,119.86,120.2,119.86,120.1688,18832
159,120.11,120.11,119.84,119.84,6045
160,120.07,120.1,119.95,120.05,8948
161,120.305,120.37,120.09,120.09,14364
162,120.2,120.32,120.2,120.315,23376
163,120.22,120.32,120.16,120.2,11591
164,120.2411,120.34,120.18,120.2399,9373
165,120.41,120.48,120.26,120.26,12738
166,120.59,120.596,120.42,120.4307,16363
167,120.66,120.661,120.58,120.6,11037
168,120.47,120.73,120.47,120.68,9308
169,120.46,120.49,120.33,120.48,10542
170,120.285,120.51,120.27,120.46,23765
171,120.12,120.44,120.12,120.305,11194
172,120.08,120.17,120,120.17,15644
173,120.22,120.35,120.08,120.11,19379
174,120.255,120.33,120.19,120.3,19808
175,120.23,120.39,120.22,120.31,11227
176,120.2836,120.3499,120.21,120.24,10886
177,120.14,120.33,120.12,120.2793,20221
178,120.3,120.34,120.135,120.15,19883
179,120.28,120.34,120.21,120.29,18021
180,120.39,120.42,120.28,120.29,32221
181,120.02,120.5,120.02,120.39,59415
182,120.13,120.23,120.01,120.01,69717
183,120.04,120.29,119.92,120.13,267435
288,118,118.25,118,118.25,16973
289,116.4,118.25,115.86,118.21,141175
290,115.95,116.55,115.94,116.385,222517
291,115.43,116.01,115,115.96,263035
292,115.295,115.59,115.1507,115.4,99561
293,115.7305,115.86,115.28,115.295,101374
294,115.54,115.789,115.53,115.74,79867
295,115.72,115.78,115.44,115.52,52250
296,115.24,115.72,115.225,115.7,57312
297,115.24,115.41,114.99,115.25,118659
298,115.9,115.91,115.165,115.24,70289
299,115.49,115.98,115.39,115.86,66791
300,115.34,115.71,115.31,115.52,75108
301,115.44,115.49,115.0118,115.33,92377
302,115.35,115.53,115.31,115.39,41355
303,115.26,115.37,115.02,115.35,106973
304,115.06,115.29,114.94,115.26,247181
305,114.95,115.08,114.8746,115.08,33344
306,114.84,115,114.8176,114.92,45809
307,115.05,115.33,114.84,114.84,33571
308,114.91,115.15,114.9,115.04,80861
309,115.06,115.1599,114.91,114.92,43333
310,115.1,115.13,114.97,115.08,126214
311,115.04,115.1,115,115.08,27265
312,115.045,115.15,114.95,115.05,46650
313,114.92,115.13,114.9,115.04,97012
314,114.95,115.06,114.9,114.92,42300
315,115.06,115.125,114.95,114.95,34678
316,114.98,115.07,114.944,115.035,51430
317,115.02,115.08,114.96,114.9674,45345
318,115.07,115.12,114.97,115,39517
319,115.04,115.1,115.02,115.06,63785
320,115.01,115.08,114.98,115.035,106531
321,115.16,115.25,114.93,115,69895
322,115.06,115.16,114.95,115.16,112104
323,115.25,115.26,115.04,115.075,53441
324,115.4,115.48,115.21,115.25,95834
325,115.285,115.42,115.27,115.42,111749
326,115.04,115.29,115.03,115.285,95555
327,115.12,115.31,114.99,115.04,505165
432,115.29,115.29,115.29,115.29,15218
433,115.44,115.46,115.19,115.29,29557
434,115.75,115.75,115.1144,115.4212,46665
435,116.0901,116.12,115.7104,115.72,84176
436,115.85,116.08,115.78,116.08,34477
437,116.04,116.21,115.9,115.91,46608
438,116.08,116.1,115.73,116.03,45152
439,116,116.1,115.82,116.09,28836
440,115.99,116.15,115.97,116,79931
441,115.95,116.08,115.82,115.94,18558
442,116.1294,116.24,115.92,115.92,32762
443,116.16,116.18,115.98,116.09,25012
444,116.15,116.26,115.94,116.13,23284
445,116.09,116.205,116.01,116.13,32167
446,115.84,116.07,115.78,116.07,32653
447,115.8,115.94,115.69,115.82,19629
448,115.77,115.86,115.72,115.84,14227
449,115.94,115.95,115.73,115.7833,19574
450,115.99,116.06,115.87,115.93,33466
451,115.97,116.08,115.97,115.985,17042
452,116.03,116.15,115.97,115.98,21389
453,116.24,116.24,115.995,116.07,25577
454,116.06,116.26,116.06,116.22,20651
455,116.08,116.2,116.02,116.05,26634
456,116.1347,116.22,116.07,116.07,15704
457,116.04,116.14,115.99,116.14,19286
458,116.01,116.1,115.99,116.055,18803
459,116.04,116.055,115.96,116.04,33852
460,116.01,116.14,115.9797,116,38459
461,116.15,116.15,115.99,116.01,35414
462,116.24,116.25,116.12,116.16,20055
463,116.18,116.25,116.08,116.23,23342
464,116.06,116.22,116.035,116.18,16204
465,116.02,116.09,115.9836,116.06,24229
466,116.05,116.1,115.99,116.02,28867
467,116.22,116.34,116.05,116.08,47612
468,116.125,116.22,116.12,116.2,28783
469,116.06,116.3,116.06,116.11,41868
470,116.07,116.1,115.97,116.075,60627
471,116.19,116.29,116.08,116.08,356554
864,116.55,116.55,116.55,116.55,7796
865,116.325,116.59,116.13,116.59,9865
866,116.29,116.38,116.21,116.37,20459
867,116.25,116.425,116.22,116.29,14939
868,116.25,116.36,116.23,116.23,14729
869,116.45,116.56,116.215,116.25,14698
870,116.46,116.51,116.35,116.42,8502
871,116.53,116.61,116.47,116.47,7694
872,116.6,116.64,116.47,116.53,10026
873,116.62,116.66,116.5,116.62,13009
874,116.645,116.72,116.61,116.64,6525
875,116.66,116.7,116.59,116.65,7862
876,116.695,116.91,116.605,116.61,21263
877,116.71,116.7289,116.61,116.7,8272
878,116.6749,116.735,116.62,116.71,11504
879,116.57,116.74,116.54,116.6532,15388
880,116.76,116.77,116.57,116.59,29785
881,116.71,116.84,116.66,116.78,23220
882,116.7573,116.78,116.66,116.71,18122
883,116.75,116.79,116.74,116.7542,25819
884,116.78,116.81,116.74,116.755,20567
885,116.7,116.81,116.465,116.79,62715
886,116.6,116.67,116.55,116.65,20463
887,116.66,116.71,116.595,116.61,12913
888,116.78,116.79,116.645,116.65,23255
889,116.79,116.83,116.75,116.76,14947
890,116.83,116.86,116.78,116.79,13118
891,116.78,116.865,116.71,116.8075,16135
892,116.85,116.93,116.785,116.785,30714
893,116.88,116.96,116.85,116.86,16725
894,116.88,116.93,116.87,116.885,25813
895,116.9,116.95,116.875,116.89,20092
896,116.9,116.92,116.86,116.895,24807
897,116.93,116.949,116.88,116.9,19948
898,116.9125,116.96,116.88,116.935,18070
899,116.9,117,116.88,116.915,29992
900,116.9546,116.965,116.89,116.89,35445
901,116.91,117.07,116.9,116.94,35296
902,116.93,116.95,116.85,116.92,87248
903,116.64,116.9425,116.62,116.935,302463
a1493731800,117,117,116.76,116.76,10704
1,116.9,116.95,116.53,116.53,17305
2,116.71,117.07,116.67,116.93,33342
3,116.5,116.86,116.48,116.715,15229
4,116.5,116.5948,116.49,116.5,41609
5,116.7697,116.8,116.5,116.5,25085
6,116.69,116.86,116.64,116.75,34413
7,116.7499,116.81,116.67,116.69,34814
8,116.995,117.04,116.73,116.73,30602
9,117,117.15,116.88,116.95,24240
10,116.99,117.15,116.99,117.02,17198
11,117.1352,117.17,116.96,116.99,17567
12,117.25,117.29,117.12,117.12,9185
13,117.2,117.33,117.17,117.25,10762
14,117.27,117.27,117.19,117.19,8925
15,117.31,117.33,117.2,117.23,11990
16,117.57,117.61,117.31,117.32,17973
17,117.54,117.61,117.48,117.55,16771
18,117.31,117.5097,117.31,117.5097,10455
19,117.32,117.35,117.3,117.32,10958
20,117.35,117.36,117.32,117.33,6467
21,117.28,117.37,117.27,117.3301,8848
22,117.19,117.29,117.17,117.29,9902
23,117.18,117.18,117.09,117.18,6943
24,117.08,117.18,117.03,117.17,9887
25,117.08,117.14,117.06,117.09,5710
26,117.02,117.08,117.01,117.07,6884
27,117,117.05,116.99,117.04,10979
28,117.02,117.03,116.99,117.0135,29252
29,117.13,117.15,117,117.02,19354
30,117.11,117.18,117.1,117.12,15676
31,116.985,117.12,116.96,117.12,21727
32,117.03,117.12,116.97,116.98,19813
33,117,117.065,116.99,117.02,18600
34,116.96,117.01,116.96,117.005,15088
35,117.04,117.06,116.965,116.97,10652
36,116.99,117.06,116.99,117.05,23786
37,116.94,117.01,116.92,117,61016
38,117.09,117.1,116.95,116.95,39688
39,117.26,117.28,117.1,117.1,200036
144,117.43,117.43,117.31,117.31,9853
145,117.46,117.49,116.93,117.34,10499
146,117.56,117.709,117.37,117.42,9770
147,117.63,117.63,117.47,117.5742,22342
148,117.18,117.67,117.18,117.62,40185
149,117.09,117.34,116.98,117.17,22177
150,117.36,117.36,117.02,117.09,16028
151,117.43,117.51,117.38,117.39,19153
152,117.25,117.45,117.18,117.44,33374
153,117,117.25,116.93,117.24,27300
154,117.012,117.09,116.99,117.005,32152
155,117.065,117.075,116.99,117,18873
156,117.07,117.31,117.065,117.08,18476
157,117.03,117.11,116.99,117.11,51620
158,117.16,117.17,116.99,117.03,25595
159,117.07,117.18,117.03,117.15,22405
160,117.09,117.11,117.03,117.06,19802
161,117.04,117.11,117,117.06,10942
162,117.05,117.07,116.99,117.03,15007
163,117.02,117.07,117.001,117.06,6061
164,117.01,117.03,116.99,117.02,9994
165,117.05,117.08,117,117.0065,11159
166,117.05,117.15,117.03,117.05,7351
167,117.09,117.14,117.09,117.09,4061
168,117.08,117.11,117.03,117.09,8255
169,117.11,117.11,117.01,117.07,7472
170,117.15,117.25,117.1,117.12,21521
171,117.36,117.36,117.13,117.1866,20411
172,117.39,117.73,117.31,117.33,32253
173,117.34,117.485,117.26,117.42,19931
174,117.31,117.37,117.26,117.34,14721
175,117.36,117.38,117.2,117.31,18434
176,117.5,117.58,117.32,117.39,36677
177,117.72,118.98,117.5,117.52,249124
178,118.04,118.08,117.7175,117.81,57720
179,117.88,118.07,117.84,118.0348,65300
180,117.62,117.925,117.6,117.87,66614
181,117.77,117.77,117.51,117.62,53226
182,118.01,118.01,117.78,117.78,59293
183,118.03,118.04,117.92,118.01,273172
288,117.93,118.86,117.93,118.86,20943
289,119.08,119.18,118.2,118.21,56533
290,118.645,119.08,118.61,119.08,37543
291,118.4,118.64,118.36,118.62,43961
292,118.42,118.42,118.03,118.4,28944
293,118.52,118.54,118.37,118.405,68996
294,118.75,118.8,118.52,118.52,33989
295,118.79,118.82,118.715,118.75,64847
296,118.15,118.76,118.07,118.76,51779
297,118.14,118.3,118.1,118.1725,31388
298,118.31,118.35,118.135,118.14,28067
299,118.25,118.34,118.19,118.3,35402
300,118.3,118.31,118.27,118.27,21060
301,118.5,118.63,118.2975,118.3,33454
302,118.39,118.49,118.36,118.49,14115
303,118.24,118.38,118.18,118.37,13725
304,118.19,118.28,118.15,118.26,20528
305,117.79,118.18,117.79,118.18,17091
306,118.02,118.06,117.83,117.83,20437
307,118.0999,118.1,117.99,118.03,11744
308,118.4668,118.48,118.13,118.13,23310
309,118.37,118.59,118.37,118.45,12176
310,118.33,118.4,118.31,118.35,12249
311,118.51,118.51,118.26,118.34,11646
312,118.53,118.63,118.479,118.51,15639
313,118.4412,118.52,118.4,118.52,9324
314,118.59,118.63,118.38,118.45,39484
315,118.58,118.635,118.47,118.6,23840
316,118.73,118.73,118.55,118.58,18794
317,118.58,118.79,118.58,118.73,26222
318,118.57,118.59,118.42,118.55,17214
319,118.59,118.65,118.55,118.56,19613
320,118.6297,118.7,118.5573,118.63,12191
321,118.33,118.6,118.31,118.6,14067
322,118.395,118.45,118.32,118.33,28145
323,118.4,118.43,118.29,118.39,22686
324,118.2508,118.41,118.2508,118.39,20541
325,118.35,118.43,118.24,118.25,44296
326,118.65,118.65,118.315,118.35,80376
327,118.64,118.72,118.59,118.62,136868
432,119.04,119.04,119.04,119.04,6298
433,118.545,118.7647,118.25,118.7233,7220
434,118.54,118.62,118.44,118.52,19051
435,118.57,118.71,118.53,118.62,21775
436,118.65,118.67,118.52,118.58,49129
437,118.33,118.63,118.22,118.63,22652
438,118.3,118.41,118.27,118.3599,17286
439,118.39,118.39,118.26,118.34,10105
440,118.54,118.54,118.36,118.395,9209
441,118.54,118.59,118.47,118.51,23416
442,118.395,118.54,118.37,118.54,21309
443,118.39,118.45,118.38,118.39,14166
444,118.28,118.42,118.25,118.405,14818
445,118.18,118.28,118.15,118.2716,7627
446,118.19,118.27,118.16,118.19,6018
447,118.21,118.22,118.14,118.2,13998
448,118.1,118.22,118.09,118.22,12436
449,117.88,118.09,117.88,118.08,14666
450,117.87,117.9,117.82,117.9,4718
451,118,118.03,117.81,117.845,28362
452,118.1,118.15,118.03,118.03,16413
453,118.1,118.16,118.09,118.1,6723
454,118.17,118.18,118.11,118.12,10272
455,118.27,118.28,118.13,118.15,22219
456,118.3225,118.34,118.245,118.245,11381
457,118.3,118.37,118.3,118.31,13528
458,118.31,118.33,118.29,118.31,9985
459,118.31,118.35,118.2901,118.31,11755
460,118.38,118.38,118.3,118.31,9891
461,118.35,118.39,118.34,118.39,8243
462,118.31,118.36,118.3,118.35,5700
463,118.32,118.34,118.29,118.29,11806
464,118.52,118.55,118.2952,118.325,18127
465,118.44,118.5399,118.43,118.52,9642
466,118.435,118.49,118.36,118.4506,16295
467,118.415,118.48,118.4,118.45,9813
468,118.38,118.465,118.35,118.42,60673
469,118.405,118.415,118.325,118.37,57420
470,118.495,118.55,118.4001,118.4001,57450
471,118.76,118.78,118.48,118.485,306477
865,118.48,118.939,118.29,118.51,60571
866,118.48,118.61,118.4,118.45,23854
867,118.5,118.52,118.38,118.46,33989
868,118.55,118.57,118.48,118.51,88211
869,118.26,118.55,118.07,118.55,40946
870,118.43,118.43,118.24,118.25,26132
871,118.54,118.545,118.35,118.41,35650
872,118.52,118.56,118.42,118.53,17705
873,118.46,118.5,118.35,118.49,18147
874,118.35,118.51,118.35,118.44,13044
875,118.22,118.36,118.22,118.35,12325
876,118.26,118.29,118.12,118.21,12867
877,118.2269,118.33,118.2269,118.29,12340
878,118.15,118.26,118.09,118.24,11993
879,118.22,118.26,118.12,118.13,18647
880,118.18,118.25,118.1,118.21,14699
881,118.17,118.21,118.095,118.2,11460
882,118.05,118.17,118.05,118.1699,20282
883,117.94,118.08,117.91,118.03,40609
884,117.8,117.9,117.75,117.89,10627
885,117.72,117.79,117.65,117.79,12832
886,117.72,117.8,117.7,117.71,28363
887,117.52,117.73,117.52,117.72,8322
888,117.43,117.5325,117.37,117.52,15816
889,117.64,117.64,117.4,117.4,10077
890,117.71,117.71,117.6,117.63,11810
891,117.59,117.72,117.59,117.72,14830
892,117.55,117.6,117.48,117.593,18914
893,117.49,117.54,117.45,117.5343,15496
894,117.56,117.6,117.47,117.503,14003
895,117.415,117.57,117.4,117.55,15073
896,117.27,117.4,117.27,117.4,11948
897,117.1301,117.27,117.13,117.27,20038
898,117.03,117.15,117.03,117.14,61868
899,116.94,117.1,116.94,117.06,91482
900,116.82,116.96,116.75,116.945,45510
901,116.79,116.9,116.75,116.82,41512
902,116.87,116.92,116.68,116.8,68900
903,117.1,117.22,116.83,116.87,401561
a1494336600,116.83,116.83,116.83,116.83,17156
1,116.68,117.1,116.55,117.1,41387
2,116.7,116.915,116.64,116.71,63933
3,117.4,117.4,116.59,116.67,95817
4,117.63,117.64,117.27,117.46,59703
5,117.98,118.02,117.47,117.62,38315
6,117.7705,118,117.75,117.96,33433
7,117.4,117.82,117.35,117.78,34206
8,117.21,117.4,117.08,117.38,41427
9,117.27,117.27,117.12,117.22,24944
10,117.74,117.79,117.3,117.31,13071
11,117.48,117.831,117.48,117.77,13307
12,117.7,117.71,117.45,117.46,10215
13,117.73,117.78,117.67,117.67,14113
14,117.9,117.9,117.74,117.74,11306
15,117.99,118,117.87,117.87,13079
16,118.18,118.2,117.955,117.989,36496
17,117.97,118.2102,117.97,118.185,49998
18,117.84,117.98,117.82,117.98,9105
19,117.85,117.91,117.82,117.86,13897
20,117.96,117.96,117.81,117.86,7832
21,117.94,117.99,117.83,117.99,13534
22,118.12,118.17,117.89,117.9,15090
23,118.28,118.28,118.13,118.15,10963
24,118.04,118.29,118.04,118.28,16785
25,118.11,118.14,118.02,118.05,17080
26,118.09,118.21,118.07,118.09,12689
27,118.09,118.19,118.09,118.105,15042
28,117.99,118.11,117.97,118.09,17204
29,118.01,118.01,117.9,117.97,14826
30,117.74,118.05,117.74,118.02,25444
31,117.76,117.8,117.71,117.73,21903
32,117.8499,117.8499,117.7,117.76,16886
33,117.84,117.87,117.79,117.835,16714
34,117.84,117.9,117.815,117.84,23421
35,117.7901,117.885,117.78,117.86,23334
36,117.885,117.9,117.76,117.79,22815
37,117.65,117.9,117.57,117.881,49740
38,117.62,117.68,117.43,117.65,41637
39,117.64,117.66,117.55,117.62,194528
144,117.5,117.5,117.5,117.5,6974
145,116.73,117.76,116.73,117.11,20560
146,116.39,116.73,116.37,116.73,24766
147,116.35,116.6,116.34,116.39,31616
148,116.42,116.5402,116.17,116.405,42725
149,117,117,116.42,116.43,17663
150,116.7385,117.15,116.73,117.01,12575
151,116.51,116.76,116.48,116.735,12141
152,116.715,116.785,116.495,116.495,13673
153,116.58,116.77,116.58,116.715,14216
154,116.75,116.77,116.51,116.56,19929
155,116.67,116.76,116.58,116.74,28056
156,116.76,116.81,116.71,116.73,15325
157,116.8,116.97,116.75,116.76,13122
158,116.73,116.81,116.69,116.78,6882
159,116.65,116.8,116.65,116.71,11554
160,116.55,116.6618,116.55,116.635,7395
161,116.605,116.62,116.51,116.55,6676
162,116.51,116.65,116.51,116.62,7524
163,116.65,116.67,116.5,116.5,18302
164,116.75,116.77,116.68,116.68,9561
165,116.77,116.77,116.68,116.74,6268
166,116.82,116.88,116.77,116.78,8584
167,116.655,116.825,116.61,116.825,12775
168,116.59,116.675,116.5801,116.6603,11300
169,116.77,116.77,116.55,116.57,20489
170,116.8,116.8,116.7,116.7899,14726
171,116.88,116.88,116.8,116.8,6200
172,116.9142,117.02,116.81,116.84,13494
173,116.9,116.98,116.88,116.896,14493
174,116.86,117,116.85,116.91,13734
175,116.99,116.99,116.88,116.88,14120
176,116.94,116.99,116.89,116.9686,18761
177,116.84,117,116.81,116.955,15612
178,116.89,116.95,116.84,116.84,24190
179,116.75,116.9,116.745,116.89,23184
180,116.66,116.75,116.64,116.74,21329
181,116.76,116.76,116.62,116.68,44608
182,116.83,116.86,116.77,116.77,68137
183,117.05,117.07,116.75,116.85,284976
288,116.75,116.75,116.75,116.75,10843
289,116.75,116.83,116.52,116.76,9726
290,116.07,116.8,116.01,116.8,37201
291,116.08,116.09,115.9,116.07,19985
292,116.38,116.38,115.995,116.1,18784
293,115.86,116.46,115.86,116.4152,33431
294,115.57,115.89,115.45,115.86,34186
295,115.455,115.58,115.35,115.56,33300
296,116,116.08,115.47,115.5,24911
297,116.13,116.19,115.8,115.97,17269
298,116.2,116.29,116.1,116.14,26372
299,116.34,116.49,116.2,116.26,20828
300,116.255,116.32,116.089,116.32,15437
301,116.01,116.3,115.93,116.27,18955
302,115.91,116.19,115.91,116.04,9852
303,115.925,116.06,115.86,115.98,14119
304,116.33,116.33,115.945,115.945,8022
305,116.68,116.68,116.316,116.34,10726
306,116.66,116.7,116.54,116.63,15150
307,116.68,116.73,116.61,116.645,14887
308,116.68,116.76,116.64,116.6999,18695
309,116.57,116.64,116.49,116.64,5233
310,116.725,116.74,116.56,116.62,8614
311,116.81,116.82,116.7084,116.73,6337
312,116.74,116.8096,116.69,116.78,12908
313,116.77,116.82,116.71,116.715,12252
314,116.87,116.87,116.71,116.76,7141
315,116.85,116.89,116.76,116.855,13612
316,116.9004,116.97,116.82,116.88,24265
317,117.01,117.01,116.8107,116.88,25360
318,117.11,117.17,117,117.04,19006
319,116.99,117.095,116.8,117.095,30658
320,116.9599,117.08,116.93,116.97,13964
321,116.825,116.9799,116.75,116.93,11944
322,116.9,116.94,116.84,116.85,21683
323,116.93,116.98,116.89,116.9,19945
324,116.815,116.96,116.71,116.94,43699
325,116.88,116.88,116.68,116.8076,28542
326,116.93,116.98,116.83,116.88,33686
327,116.79,116.94,116.7,116.93,161258
432,116.63,116.63,116.57,116.57,10939
433,116.33,116.76,116.15,116.34,31660
434,116.65,116.7,116.2,116.385,42157
435,116.66,116.83,116.59,116.59,13825
436,116.78,116.9,116.64,116.64,16635
437,116.64,116.91,116.6177,116.78,19430
438,116.33,116.69,116.08,116.59,17274
439,116.41,116.45,116.23,116.35,18139
440,116.7,116.71,116.39,116.39,13079
441,116.7,116.72,116.5,116.71,18499
442,116.42,116.73,116.42,116.67,19733
443,116.42,116.57,116.41,116.47,11162
444,116.74,116.74,116.42,116.42,16980
445,116.92,116.97,116.69,116.74,18399
446,116.85,116.98,116.81,116.93,12986
447,116.78,116.88,116.72,116.79,13067
448,116.53,116.87,116.52,116.78,14197
449,116.5999,116.66,116.56,116.58,8900
450,116.63,116.73,116.54,116.6,10220
451,116.57,116.69,116.5,116.617,11999
452,116.55,116.62,116.55,116.5753,10237
453,116.5701,116.6264,116.45,116.58,20074
454,116.64,116.68,116.58,116.6,7200
455,116.69,116.72,116.61,116.655,15695
456,116.59,116.77,116.56,116.68,9540
457,116.53,116.59,116.5,116.59,10671
458,116.605,116.63,116.47,116.5456,12187
459,116.49,116.605,116.48,116.605,22524
460,116.51,116.53,116.46,116.49,19323
461,116.28,116.5,116.28,116.5,19857
462,116.23,116.36,116.22,116.32,15327
463,116.35,116.37,116.22,116.22,17610
464,116.31,116.45,116.3,116.35,15596
465,116.28,116.3845,116.27,116.32,12202
466,116.39,116.41,116.29,116.3,11297
467,116.26,116.405,116.26,116.405,19995
468,116.285,116.39,116.27,116.3,18954
469,116.31,116.35,116.26,116.26,39564
470,116.21,116.3651,116.18,116.31,48604
471,116.19,116.355,116.17,116.22,205787
864,116.31,116.31,116.31,116.31,11515
865,116.7,116.7,116.2505,116.31,34872
866,116.55,116.82,116.49,116.78,17908
867,116.4328,116.62,116.36,116.59,17611
868,116.9,116.925,116.43,116.43,24023
869,116.76,116.935,116.7124,116.93,13010
870,116.72,116.85,116.64,116.7572,10360
871,116.735,116.76,116.63,116.7,10837
872,116.885,116.89,116.611,116.71,19073
873,117.045,117.23,116.82,116.87,37051
874,117.085,117.115,116.88,117.03,13731
875,117.21,117.23,117.07,117.1099,14511
876,117.25,117.25,117.14,117.21,11661
877,117.14,117.31,117.14,117.265,14309
878,117.26,117.27,116.845,117.17,345819
879,117.46,117.5,117.255,117.255,30957
880,117.97,117.97,117.43,117.44,33156
881,117.7601,117.97,117.74,117.93,22679
882,117.89,117.91,117.81,117.81,13007
883,117.8,117.92,117.79,117.9,16825
884,117.86,117.89,117.76,117.79,17993
885,117.6971,117.94,117.6971,117.88,13473
886,117.63,117.7325,117.49,117.69,21586
887,117.68,117.7484,117.61,117.68,11906
888,117.6611,117.72,117.64,117.7,16835
889,117.61,117.72,117.61,117.69,13811
890,117.58,117.67,117.56,117.62,13199
891,117.57,117.655,117.55,117.59,11143
892,117.58,117.61,117.54,117.59,9950
893,117.43,117.59,117.43,117.58,11231
894,117.44,117.5,117.43,117.44,11427
895,117.41,117.48,117.375,117.45,9564
896,117.53,117.56,117.4,117.43,20302
897,117.445,117.5273,117.38,117.52,19681
898,117.4,117.5,117.38,117.46,15655
899,117.49,117.495,117.37,117.39,46275
900,117.375,117.495,117.36,117.49,25738
901,117.38,117.43,117.37,117.389,22898
902,117.5,117.53,117.38,117.39,42884
903,117.25,117.52,117.24,117.5,250227
a1494941400,117.25,117.25,117.25,117.25,14660
1,117.51,117.63,116.68,117.25,36756
2,117.26,117.67,117.15,117.55,82034
3,117.2,117.51,117.18,117.26,21334
4,117.11,117.37,117.1,117.26,19751
5,116.8223,117.17,116.77,117.1272,11343
6,116.82,116.96,116.73,116.85,9924
7,116.96,117.01,116.81,116.83,8472
8,116.802,116.96,116.64,116.96,9415
9,116.66,116.775,116.62,116.77,25726
10,116.69,116.9,116.58,116.635,62873
11,116.72,116.8,116.69,116.69,36248
12,116.8,116.8,116.6,116.72,40221
13,116.91,116.9101,116.7,116.72,10492
14,116.965,116.98,116.84,116.93,6494
15,116.93,116.9726,116.91,116.94,3671
16,116.8,116.94,116.77,116.93,17208
17,116.81,116.84,116.74,116.81,20070
18,116.75,116.8,116.73,116.8,9407
19,116.77,116.8303,116.73,116.74,20446
20,116.75,116.84,116.69,116.8052,12903
21,116.71,116.827,116.71,116.78,10416
22,116.72,116.72,116.6,116.695,12620
23,116.69,116.8,116.68,116.73,27721
24,116.64,116.71,116.61,116.7,10223
25,116.7,116.71,116.62,116.65,9163
26,116.78,116.8,116.68,116.69,7559
27,116.69,116.8,116.69,116.795,13689
28,116.6602,116.7,116.64,116.68,5605
29,116.72,116.76,116.645,116.645,19616
30,116.73,116.76,116.695,116.7273,31037
31,116.76,116.79,116.73,116.7401,9659
32,116.773,116.79,116.6998,116.78,12738
33,116.755,116.795,116.72,116.77,17100
34,116.77,116.78,116.69,116.77,13000
35,116.7664,116.79,116.73,116.7659,15808
36,116.781,116.82,116.75,116.77,25699
37,116.8,116.81,116.755,116.78,54976
38,116.75,116.81,116.74,116.8,39879
39,116.7,116.76,116.65,116.75,154102
144,115.81,115.81,115.81,115.81,22890
145,116.07,116.21,115.385,115.9,72518
146,116.1375,116.25,115.95,116.15,38312
147,115.99,116.2,115.99,116.12,38239
148,115.88,116.05,115.61,115.98,51408
149,116.145,116.23,115.71,115.85,33195
150,115.92,116.22,115.85,116.13,26600
151,115.73,115.98,115.53,115.89,12651
152,115.77,115.88,115.65,115.7,8899
153,115.47,115.68,115.43,115.66,17580
154,115.4,115.53,115.35,115.42,14255
155,115.7,115.79,115.425,115.425,20520
156,115.72,115.76,115.63,115.63,10182
157,115.665,115.78,115.52,115.72,10766
158,115.68,115.86,115.6384,115.678,11016
159,115.87,115.96,115.68,115.72,10323
160,115.69,115.875,115.6575,115.85,17157
161,115.64,115.8,115.61,115.67,14198
162,115.565,115.66,115.51,115.64,20799
163,115.6,115.62,115.4,115.56,7618
164,115.74,115.77,115.52,115.62,12744
165,115.89,115.97,115.7,115.73,14979
166,115.77,115.85,115.7,115.85,48912
167,115.7,115.83,115.53,115.8,18761
168,115.49,115.71,115.43,115.69,12952
169,115.468,115.6,115.395,115.45,8816
170,115.43,115.524,115.24,115.48,21397
171,115.32,115.45,115.29,115.44,11736
172,115.46,115.46,115.25,115.31,12775
173,115.16,115.46,115.02,115.46,50743
174,115.11,115.18,114.98,115.18,20940
175,115.07,115.23,115.06,115.11,39796
176,114.98,115.175,114.88,115.04,23312
177,115.3096,115.36,114.94,114.95,18301
178,115.208,115.3899,115.17,115.26,30973
179,115.34,115.35,115.05,115.22,15606
180,115.25,115.52,115.22,115.35,27826
181,115.395,115.46,115.2,115.22,38401
182,115.01,115.41,114.93,115.395,60864
183,115.12,115.16,114.91,115.02,304829
288,115.41,115.41,115.41,115.41,16276
289,115.74,115.98,115.2395,115.72,16284
290,115.785,115.9699,115.52,115.79,26773
291,115.83,116.14,115.76,115.81,49159
292,115.995,116.01,115.46,115.85,39616
293,115.82,115.97,115.701,115.97,15943
294,115.89,116.1,115.745,115.9099,22533
295,115.65,116,115.65,115.88,16155
296,115.805,115.85,115.57,115.6,16184
297,115.9,115.9,115.6,115.805,21461
298,116.15,116.165,115.92,115.93,16667
299,115.95,116.125,115.93,116.12,16555
300,115.715,115.98,115.7,115.945,26671
301,115.51,115.75,115.5,115.69,8260
302,115.58,115.6,115.3,115.51,16995
303,115.4,115.62,115.4,115.595,9062
304,115.36,115.51,115.35,115.45,10788
305,115.34,115.485,115.34,115.37,19334
306,115.47,115.61,115.335,115.4,14796
307,115.55,115.72,115.475,115.5,32735
308,115.43,115.56,115.33,115.56,13664
309,115.68,115.71,115.345,115.4368,9893
310,115.43,115.69,115.355,115.67,11257
311,115.51,115.595,115.36,115.45,19443
312,115.59,115.636,115.49,115.505,14242
313,115.69,115.71,115.45,115.56,9863
314,115.715,115.79,115.57,115.69,10126
315,115.91,116.06,115.68,115.68,33994
316,116.34,116.41,115.9,115.94,43155
317,116.07,116.33,116.03,116.33,32651
318,116.16,116.29,116.05,116.07,22576
319,116.1601,116.29,116.15,116.2,24355
320,116.18,116.3072,116.09,116.2,34876
321,116.08,116.26,116.01,116.22,43712
322,116.2,116.22,116.04,116.08,74464
323,116.31,116.34,116.21,116.23,31950
324,116.13,116.31,116.06,116.31,47344
325,116.08,116.15,115.94,116.13,32606
326,116.11,116.16,115.94,116.07,49301
327,115.76,116.19,115.72,116.12,192049
432,116.09,116.09,116.09,116.09,110874
433,115.64,116.08,115.43,116.08,67541
434,116.31,116.33,115.505,115.6,46191
435,116.53,116.61,116.33,116.33,23114
436,116.58,116.72,116.46,116.55,24511
437,116.49,116.62,116.43,116.6163,14406
438,116.595,116.62,116.335,116.5,14432
439,116.68,116.69,116.44,116.57,23168
440,116.52,116.685,116.46,116.685,41335
441,116.56,116.58,116.41,116.47,17512
442,116.69,116.69,116.49,116.56,7953
443,116.885,116.92,116.675,116.68,8496
444,116.975,116.99,116.88,116.92,9905
445,116.6575,116.98,116.65,116.98,23538
446,116.68,116.79,116.59,116.7,12165
447,116.7,116.73,116.645,116.67,10229
448,116.69,116.77,116.6701,116.7,17182
449,116.73,116.755,116.65,116.7,23133
450,116.7828,116.95,116.77,116.77,14732
451,116.89,116.89,116.75,116.7859,25848
452,116.99,116.99,116.85,116.89,5054
453,116.9,117,116.9,116.98,6259
454,116.6,116.904,116.6,116.904,15596
455,116.75,116.77,116.56,116.6,48612
456,116.78,116.85,116.73,116.75,6619
457,116.63,116.77,116.63,116.77,6584
458,116.47,116.66,116.46,116.63,33482
459,116.69,116.72,116.4599,116.49,58439
460,116.6764,116.85,116.67,116.72,19176
461,116.66,116.71,116.59,116.69,12835
462,116.84,116.89,116.67,116.67,17030
463,116.93,116.94,116.75,116.82,25608
464,116.8,116.989,116.8,116.9426,13889
465,116.81,116.96,116.78,116.81,21673
466,116.69,116.91,116.66,116.83,43297
467,116.7999,116.85,116.64,116.67,35873
468,116.69,116.82,116.6201,116.79,41114
469,116.725,116.75,116.57,116.66,34506
470,116.8,116.83,116.62,116.725,55153
471,116.83,116.93,116.77,116.81,816693
864,117.37,117.37,117.37,117.37,11693
865,117.26,117.425,117,117,20517
866,117.12,117.39,117.12,117.2957,16825
867,117.3,117.3,116.97,117.06,18300
868,117.15,117.48,117.11,117.27,22690
869,117.29,117.37,117.125,117.15,14898
870,117.28,117.32,117.165,117.2999,19017
871,117.12,117.29,116.9,117.29,22493
872,116.6901,117.15,116.6901,117.15,25244
873,116.87,116.93,116.64,116.759,15987
874,116.64,116.83,116.46,116.83,27462
875,116.735,116.76,116.41,116.65,36952
876,116.91,116.95,116.74,116.82,9629
877,116.94,117.01,116.8975,116.92,24136
878,116.98,117.07,116.91,116.91,16786
879,117.07,117.1,116.9,116.96,11016
880,117.24,117.27,117.07,117.07,19641
881,117.39,117.48,117.215,117.232,10345
882,117.27,117.37,117.23,117.37,9231
883,117.27,117.3775,117.17,117.27,12239
884,117.22,117.37,117.19,117.275,7458
885,117.18,117.3,117.18,117.22,14388
886,117.16,117.22,117.15,117.16,12964
887,117.1,117.22,117.09,117.17,12208
888,117.31,117.31,117.1,117.104,17601
889,117.22,117.3,117.12,117.29,15235
890,117.2,117.2299,117.1144,117.2299,19597
891,117.08,117.27,117.07,117.2,10002
892,117.13,117.17,117.0175,117.08,22099
893,117.07,117.19,117.07,117.14,19218
894,116.96,117.1,116.92,117.06,11712
895,117.07,117.0856,116.92,116.95,11530
896,117.01,117.08,116.94,117.08,20633
897,116.995,117.14,116.92,117.05,15598
898,117.03,117.04,116.97,117,16185
899,117.02,117.05,116.99,117.02,17329
900,117.06,117.16,117,117.025,23523
901,117.16,117.2,117.01,117.06,26745
902,117.14,117.18,117.07,117.16,47670
903,116.91,117.17,116.83,117.11,263790
a1495546200,117,117,117,117,9012
1,116.6552,117.02,116.52,117,9944
2,116.645,116.72,116.35,116.72,17130
3,116.65,116.82,116.645,116.67,9726
4,116.765,116.78,116.57,116.65,17746
5,116.965,116.99,116.665,116.81,15828
6,117.22,117.22,116.96,116.98,8898
7,117.3,117.37,117.15,117.18,18197
8,117.25,117.42,117.22,117.3,5454
9,117.18,117.2899,117.1502,117.2201,8051
10,117.265,117.28,117.14,117.16,17683
11,117.57,117.57,117.155,117.24,49168
12,117.93,118.01,117.53,117.55,29069
13,117.89,117.96,117.81,117.912,15163
14,118.02,118.095,117.93,117.93,12947
15,117.92,118.06,117.88,118.04,8073
16,117.91,118,117.88,117.95,10957
17,117.78,117.94,117.78,117.9,9890
18,117.84,117.92,117.76,117.76,10919
19,117.88,117.92,117.8,117.81,9608
20,117.91,118,117.87,117.95,6225
21,117.98,117.98,117.88,117.89,4838
22,117.98,118.03,117.9075,117.98,19040
23,118.15,118.15,117.9959,117.9959,5030
24,118.19,118.24,118.0889,118.15,18086
25,118.13,118.23,118.13,118.2,13475
26,118.1,118.2,118.09,118.19,7366
27,118.1689,118.23,118.09,118.1225,15802
28,118.21,118.23,118.1222,118.16,10111
29,118.02,118.24,118.02,118.23,11238
30,117.96,118.09,117.95,118.02,15330
31,118.11,118.12,117.9295,117.9528,17822
32,118.39,118.48,118.11,118.11,51950
33,118.27,118.44,118.22,118.39,23640
34,118.34,118.3872,118.27,118.27,16018
35,118.305,118.38,118.3,118.355,24311
36,118.13,118.3,118.12,118.3,12868
37,118.19,118.22,118.11,118.13,16037
38,118.13,118.27,118.06,118.19,31203
39,118.2,118.22,118.09,118.15,177178
144,118.415,118.415,118.23,118.23,14897
145,118.04,118.23,117.48,118.23,32259
146,117.81,118,117.57,117.97,34641
147,117.68,117.82,117.63,117.8,16841
148,117.675,117.76,117.47,117.76,26526
149,117.89,117.89,117.64,117.705,7853
150,118.04,118.05,117.75,117.83,20802
151,118.18,118.23,118.025,118.05,6807
152,118.15,118.19,118.06,118.13,8136
153,118.19,118.25,118.145,118.145,7959
154,117.77,118.23,117.7,118.22,21620
155,117.83,117.83,117.74,117.8,6922
156,117.94,118.01,117.81,117.83,16609
157,117.83,118.04,117.81,118.02,37256
158,117.65,117.8784,117.65,117.86,19741
159,117.75,117.83,117.61,117.65,11809
160,117.69,117.77,117.68,117.75,13487
161,117.6,117.74,117.57,117.73,16250
162,117.77,117.77,117.58,117.6,10140
163,117.77,117.78,117.7,117.76,13065
164,117.8505,117.89,117.76,117.77,4792
165,117.7851,117.86,117.72,117.85,22113
166,117.75,117.785,117.7,117.78,7277
167,117.85,117.85,117.78,117.78,2400
168,117.84,117.86,117.8,117.83,7010
169,117.83,117.86,117.8,117.855,7435
170,117.8,117.83,117.73,117.83,9955
171,117.721,117.79,117.69,117.78,7509
172,117.76,117.86,117.585,117.8,14940
173,117.87,117.93,117.72,117.72,10938
174,117.81,117.88,117.711,117.82,10566
175,117.7142,117.8603,117.7,117.78,12371
176,117.66,117.77,117.66,117.72,8056
177,117.61,117.69,117.57,117.67,12715
178,117.45,117.66,117.43,117.62,13565
179,117.57,117.61,117.48,117.48,21208
180,117.66,117.7,117.535,117.55,17916
181,117.63,117.72,117.6,117.68,31413
182,117.84,117.87,117.63,117.65,31234
183,117.77,117.88,117.72,117.84,177129
288,117.71,117.71,117.71,117.71,10145
289,117.53,117.9299,117.31,117.615,20681
290,117.418,117.62,117.41,117.53,18311
291,117.78,117.83,117.418,117.418,10657
292,117.76,117.795,117.637,117.74,16267
293,117.83,117.92,117.79,117.89,6130
294,118.09,118.09,117.83,117.85,8505
295,117.99,118.14,117.91,118.085,17704
296,117.9,118.01,117.83,117.97,25582
297,117.93,118.03,117.895,117.895,34211
298,118.1,118.1,117.95,117.97,13339
299,118.1,118.2299,117.99,118.125,19174
300,117.92,118.15,117.87,118.095,13510
301,117.76,118.04,117.75,117.93,14550
302,117.73,117.78,117.65,117.76,13565
303,117.62,117.765,117.6,117.765,15578
304,117.71,117.74,117.57,117.63,17296
305,117.64,117.73,117.49,117.71,24961
306,117.819,117.86,117.64,117.64,6245
307,117.95,118.05,117.78,117.79,19478
308,117.99,118.05,117.93,117.98,15066
309,117.95,118,117.89,118,14327
310,117.85,117.97,117.84,117.97,13413
311,117.91,117.94,117.85,117.86,7285
312,117.97,118.025,117.9201,117.94,14118
313,117.82,117.985,117.72,117.98,79668
314,117.76,117.88,117.76,117.83,9944
315,117.99,118.02,117.75,117.8,28310
316,118.15,118.17,117.97,117.97,13127
317,118.26,118.26,118.15,118.2,29820
318,118.244,118.3167,118.19,118.25,14465
319,118.345,118.345,118.16,118.23,17245
320,118.2,118.39,118.17,118.38,17261
321,118.26,118.28,118.2,118.2,13492
322,118.2056,118.3,118.11,118.28,18543
323,118.07,118.21,118.06,118.2,28874
324,117.95,118.06,117.9,118.055,29011
325,118.14,118.16,117.94,117.95,35559
326,118.17,118.26,118.1,118.13,48971
327,118.07,118.17,118.005,118.16,155745
432,118.18,118.18,118.18,118.18,10314
433,118.02,118.34,117.83,118.34,19218
434,118.25,118.39,118,118.02,11698
435,118.4275,118.44,118.24,118.25,11627
436,118.09,118.43,118.03,118.43,15456
437,118.18,118.23,118.06,118.06,9004
438,118.04,118.29,117.985,118.14,6943
439,118.04,118.21,118.04,118.06,10893
440,117.98,118.14,117.97,118.09,6262
441,117.84,118.01,117.82,117.96,6926
442,117.82,117.89,117.82,117.83,9862
443,117.62,117.84,117.58,117.84,14220
444,117.57,117.7,117.56,117.63,7286
445,117.6,117.79,117.57,117.61,11477
446,117.78,117.78,117.6,117.6,5375
447,117.72,117.79,117.61,117.79,5953
448,117.77,117.77,117.64,117.74,10801
449,117.82,117.82,117.75,117.77,4348
450,117.99,118.02,117.85,117.86,6059
451,117.96,118.0019,117.9201,118.0019,5230
452,118,118,117.92,117.975,4402
453,118.01,118.04,117.95,117.99,8706
454,118.065,118.08,117.93,117.9819,3806
455,118.14,118.175,118.0617,118.0617,9254
456,118.12,118.14,118.08,118.115,4891
457,118.07,118.14,118.05,118.12,5642
458,118.14,118.2,118.07,118.07,12972
459,118.09,118.17,118.09,118.17,5320
460,118.21,118.22,118.07,118.1088,14733
461,118.19,118.25,118.15,118.2172,9450
462,118.15,118.2,118.14,118.165,8012
463,118.12,118.16,118.075,118.15,12203
464,118.2,118.2,118.09,118.11,6700
465,118.22,118.26,118.18,118.19,10230
466,118.2,118.29,118.19,118.22,17107
467,118.18,118.28,118.15,118.2,35120
468,118.02,118.21,118.02,118.18,30631
469,118.081,118.13,117.8901,118.02,42233
470,118.04,118.12,118,118.08,29843
471,117.98,118.11,117.9,118.03,110852
a1496151000,117.47,117.47,117.42,117.42,10664
1,117.34,117.81,117.1,117.81,14683
2,117.21,117.21,117.05,117.17,11217
3,117.2475,117.3699,116.97,117.3329,43946
4,116.99,117.2,116.84,117.18,10249
5,116.9787,117.02,116.8,116.9308,53410
6,116.84,117.17,116.73,117,43252
7,116.78,116.9,116.6701,116.84,12361
8,116.88,116.88,116.75,116.81,10450
9,116.96,117.05,116.91,116.92,11428
10,116.88,117.05,116.88,116.96,17100
11,116.96,117.01,116.7,116.84,14639
12,116.82,117.01,116.82,117.005,12594
13,116.96,116.98,116.83,116.83,6653
14,117.09,117.11,116.87,116.91,49491
15,116.99,117.1,116.87,117.1,23234
16,116.89,117.02,116.882,117,7425
17,117.05,117.11,116.96,116.99,11522
18,117.085,117.2,117.03,117.045,17762
19,117.1,117.15,117.07,117.09,6467
20,117.26,117.27,117.12,117.15,37010
21,117.13,117.31,117.13,117.29,5634
22,117.23,117.25,117.14,117.16,5991
23,117.27,117.31,117.25,117.25,3300
24,117.29,117.335,117.25,117.3096,8187
25,117.26,117.325,117.24,117.3,10038
26,117.3123,117.35,117.28,117.31,5431
27,117.28,117.32,117.22,117.32,5836
28,117.28,117.42,117.2,117.23,22991
29,117.31,117.338,117.25,117.27,11653
30,117.27,117.35,117.2611,117.31,12158
31,117.28,117.32,117.26,117.27,13484
32,117.36,117.39,117.31,117.31,6818
33,117.4,117.42,117.36,117.41,6870
34,117.5,117.55,117.41,117.44,24299
35,117.39,117.51,117.39,117.48,10188
36,117.38,117.4,117.345,117.3865,12367
37,117.27,117.38,117.27,117.38,15121
38,117.28,117.31,117.26,117.27,23172
39,117.2,117.28,117.14,117.28,104023
144,117.44,117.5,117.44,117.5,8001
145,117.315,117.41,116.98,117.39,17832
146,116.97,117.28,116.88,117.25,22499
147,116.86,117.25,116.74,117.03,20601
148,116.76,116.88,116.65,116.88,7528
149,116.68,116.87,116.64,116.68,8960
150,116.73,117.0195,116.73,116.77,60670
151,117.03,117.12,116.67,116.75,5657
152,117.07,117.15,116.93,117.02,4874
153,117.35,117.35,117.04,117.08,7471
154,117.2,117.35,117.2,117.3,17786
155,117.092,117.2,117.045,117.16,9892
156,117.01,117.2,116.94,117.1099,11478
157,116.9,117.0865,116.88,116.98,12561
158,116.97,117.07,116.94,116.95,16422
159,116.805,117.02,116.73,116.9822,18040
160,117.01,117.1,116.83,116.83,35998
161,116.97,117.045,116.94,117.01,14554
162,116.98,117,116.91,116.91,3445
163,117.02,117.035,116.95,116.9849,10190
164,116.95,117.06,116.95,117.02,11105
165,116.97,117.01,116.91,116.96,4610
166,116.87,116.97,116.84,116.95,3699
167,116.8616,117.01,116.83,116.87,7551
168,116.83,116.84,116.82,116.83,1100
169,116.84,116.9,116.78,116.84,3970
170,116.68,116.85,116.55,116.85,11310
171,116.75,116.75,116.67,116.7,2450
172,116.58,116.75,116.55,116.75,8370
173,116.67,116.68,116.55,116.5501,7567
174,116.7,116.73,116.63,116.69,3316
175,116.89,116.93,116.66,116.68,11757
176,116.7,116.95,116.7,116.88,19315
177,116.68,116.77,116.6575,116.71,13340
178,116.66,116.79,116.6,116.6,19607
179,116.83,116.87,116.66,116.67,9120
180,116.98,117.01,116.84,116.85,6783
181,117.24,117.24,116.96,116.98,30355
182,117.28,117.31,117.22,117.26,12597
183,117.3,117.37,117.2,117.28,486164
288,117.53,117.53,117.53,117.53,17440
289,117.34,117.6774,117.29,117.4,11670
290,117.1113,117.33,117,117.26,17311
291,116.93,117.15,116.81,117.12,40985
292,117.08,117.12,116.81,116.91,49056
293,117.265,117.38,117.11,117.11,23259
294,117.44,117.5,117.26,117.29,20256
295,117.39,117.55,117.21,117.44,40476
296,117.32,117.575,117.32,117.47,18760
297,117.21,117.35,117.17,117.32,10127
298,117.02,117.239,117.02,117.239,15338
299,117.08,117.2199,117.06,117.06,11444
300,117.065,117.18,117.02,117.07,12168
301,117.24,117.24,117.0699,117.0699,13381
302,117.49,117.51,117.24,117.27,21918
303,117.41,117.7,117.41,117.49,27487
304,117.46,117.61,117.41,117.42,7191
305,117.47,117.53,117.45,117.46,7323
306,117.31,117.48,117.3,117.48,14951
307,117.31,117.38,117.29,117.3,16004
308,117.32,117.32,117.26,117.31,16424
309,117.45,117.45,117.3,117.32,16668
310,117.62,117.67,117.43,117.45,14107
311,117.46,117.62,117.429,117.6,13838
312,117.52,117.555,117.42,117.46,9869
313,117.6,117.73,117.55,117.55,19864
314,117.57,117.65,117.54,117.57,6625
315,117.45,117.57,117.38,117.57,6170
316,117.4901,117.52,117.29,117.43,45400
317,117.53,117.57,117.46,117.52,12083
318,117.52,117.56,117.4831,117.54,9884
319,117.46,117.55,117.46,117.51,6662
320,117.41,117.49,117.38,117.49,6179
321,117.36,117.44,117.36,117.42,14754
322,117.36,117.41,117.35,117.37,7980
323,117.4,117.42,117.29,117.36,13050
324,117.39,117.39,117.31,117.38,15350
325,117.5,117.5,117.38,117.4,22779
326,117.56,117.6,117.43,117.51,28908
327,117.82,117.82,117.57,117.6,145968
432,117.25,117.7,117.25,117.62,8991
433,117.56,118.05,117.45,117.45,40236
434,117.33,117.6192,117.17,117.55,42407
435,117.17,117.4139,116.94,117.33,30620
436,117.23,117.66,117.17,117.21,46000
437,117.17,117.51,117.1684,117.24,20220
438,117.36,117.36,117.1104,117.13,8071
439,117.2,117.335,117.13,117.335,16408
440,117.18,117.3,117.11,117.2,11324
441,117.1,117.26,117.03,117.18,16088
442,117.12,117.29,117.05,117.095,35843
443,117,117.21,116.9937,117.13,6900
444,117,117.03,116.884,116.99,13509
445,117.07,117.11,116.94,117.01,10717
446,117.1,117.12,116.99,117.0228,7603
447,117.075,117.14,116.94,117.085,17259
448,116.989,117.0399,116.9,117.03,9832
449,116.94,117.05,116.94,116.9887,7500
450,116.88,116.98,116.82,116.96,13254
451,116.86,116.89,116.82,116.85,8176
452,116.84,116.905,116.822,116.85,8500
453,116.81,116.8599,116.78,116.84,7070
454,116.8,116.87,116.77,116.83,10752
455,116.9,116.92,116.8,116.8,16245
456,116.97,117.005,116.9,116.9,8533
457,117.09,117.14,116.95,116.99,10400
458,117.04,117.19,117.02,117.1,11498
459,117.05,117.1,117.01,117.02,12379
460,116.94,117.07,116.93,117.05,10337
461,116.89,117,116.89,116.95,7801
462,116.7201,116.91,116.7201,116.9,15684
463,116.695,116.78,116.65,116.76,14090
464,116.75,116.8,116.62,116.68,31885
465,116.9,116.9099,116.72,116.759,14539
466,116.97,117.03,116.8301,116.8301,11368
467,117.105,117.14,116.93,116.96,17721
468,117.09,117.19,117.08,117.09,18160
469,117.05,117.13,117.01,117.08,20369
470,116.9,117.07,116.825,117.05,34442
471,116.93,117.06,116.83,116.92,234382
864,116.66,116.66,116.63,116.63,16720
865,117.2152,117.44,116.63,116.9,30466
866,117.66,117.66,117.09,117.22,26514
867,118.03,118.11,117.6614,117.67,27399
868,117.88,118.14,117.85,117.98,12905
869,117.78,117.99,117.78,117.84,14303
870,117.81,117.9,117.77,117.8,12907
871,117.7,117.81,117.7,117.79,20003
872,117.75,117.81,117.66,117.745,22052
873,117.785,117.795,117.64,117.79,36825
874,117.89,118,117.74,117.785,31842
875,118.05,118.1,117.89,117.9,20531
876,118.01,118.1,118.01,118.06,20852
877,118.12,118.18,118,118,22087
878,117.85,118.1,117.82,118.09,11979
879,118.055,118.08,117.86,117.86,8211
880,118.01,118.055,117.975,118.05,17910
881,118.03,118.0592,117.79,118.02,54777
882,118.2,118.22,118.04,118.04,6642
883,118.045,118.27,118.03,118.2,17080
884,118.08,118.08,117.99,118.01,10730
885,118.18,118.1806,118.06,118.09,5331
886,118.27,118.3,118.1916,118.1916,7689
887,118.3,118.3772,118.25,118.25,9233
888,118.34,118.38,118.27,118.29,4067
889,118.16,118.36,118.12,118.33,14892
890,118.15,118.2,118.08,118.17,25265
891,118.38,118.4,118.17,118.17,10488
892,118.365,118.5,118.36,118.365,19546
893,118.36,118.39,118.28,118.36,23356
894,118.34,118.36,118.26,118.34,22400
895,118.3,118.34,118.25,118.31,17503
896,118.4,118.405,118.2599,118.29,31698
897,118.5,118.5,118.3792,118.42,32092
898,118.38,118.5,118.3697,118.5,17973
899,118.36,118.43,118.355,118.38,36616
900,118.44,118.44,118.35,118.355,14302
901,118.53,118.6,118.43,118.435,33885
902,118.34,118.56,118.34,118.53,36566
903,118.19,118.35,118.15,118.33,106267
a1496755800,118.03,118.03,118.03,118.03,13439
1,117.9,118.1299,117.8454,118.01,25507
2,118.0606,118.11,117.91,117.93,20259
3,117.8,118.12,117.8,118.11,16184
4,117.91,117.91,117.71,117.82,20139
5,117.95,118.1,117.91,117.91,12376
6,117.705,117.95,117.69,117.94,18008
7,117.38,117.73,117.38,117.705,35602
8,117.27,117.43,117.26,117.41,17529
9,117.28,117.355,117.22,117.25,16078
10,117.25,117.3899,117.22,117.295,13601
11,117.105,117.2809,117.02,117.27,19421
12,117.05,117.115,117,117.115,7456
13,117.06,117.22,117.06,117.07,31731
14,117.14,117.19,117.05,117.07,8771
15,117.2,117.2,117.09,117.19,7781
16,117.22,117.26,117.2,117.25,5148
17,117.03,117.21,117.03,117.21,20192
18,117.02,117.06,117,117.02,5643
19,116.96,117.059,116.93,117.0304,24466
20,117.0048,117.05,116.92,116.93,13870
21,116.99,117.06,116.98,116.99,9693
22,116.99,117.06,116.97,117.02,12781
23,116.9095,117.02,116.87,116.99,11910
24,116.88,116.98,116.87,116.92,9020
25,116.8625,116.91,116.815,116.9,38408
26,117.025,117.05,116.865,116.865,9246
27,116.99,117.0375,116.97,117.0375,17798
28,117.05,117.08,116.97,117.02,11257
29,117.06,117.097,117.03,117.08,11716
30,117.09,117.13,117.07,117.08,15965
31,117.17,117.26,117.07,117.09,8587
32,117.23,117.26,117.16,117.185,16265
33,117.12,117.26,117.12,117.24,14504
34,117.22,117.23,117.11,117.145,9572
35,117.21,117.26,117.12,117.249,17932
36,117.2,117.25,117.16,117.2,19905
37,117.19,117.25,117.11,117.22,20736
38,117.1,117.26,117.06,117.19,30844
39,117.22,117.27,117.1,117.15,213513
144,116.76,116.76,116.76,116.76,15208
145,117.51,117.625,116.82,116.9,40316
146,117.92,117.92,117.405,117.5,60625
147,117.89,118.02,117.69,117.94,20938
148,117.98,118.16,117.92,117.93,23832
149,118.152,118.2,117.98,117.99,20013
150,117.92,118.145,117.88,118.145,29552
151,118.04,118.0525,117.88,117.88,14582
152,117.95,118.06,117.9,118.02,19263
153,118.26,118.36,117.9,117.93,10717
154,118.13,118.34,118.13,118.27,30092
155,118.23,118.24,118.1,118.15,20968
156,118.15,118.24,118,118.24,53454
157,118.18,118.215,118.14,118.18,12872
158,118.43,118.46,118.14,118.162,11118
159,118.53,118.53,118.43,118.45,10209
160,118.635,118.74,118.48,118.52,19670
161,118.72,118.72,118.57,118.635,25029
162,118.82,118.85,118.66,118.73,24533
163,118.97,118.97,118.78,118.78,9257
164,118.9,119,118.88,118.97,10667
165,118.97,118.99,118.81,118.92,17559
166,119.18,119.25,118.96,118.96,37975
167,119.25,119.28,119.16,119.2,17134
168,119.23,119.26,119.19,119.23,5550
169,119.16,119.37,119.09,119.225,42468
170,119.44,119.44,119.12,119.2,34262
171,119.53,119.6,119.3601,119.41,11722
172,119.6173,119.68,119.5301,119.54,17849
173,119.69,119.7,119.57,119.64,11775
174,119.72,119.74,119.64,119.7,8670
175,119.86,119.8699,119.75,119.75,18718
176,119.95,119.98,119.84,119.86,14553
177,119.88,119.97,119.84,119.97,26367
178,119.74,119.88,119.72,119.8602,11352
179,119.72,119.75,119.645,119.729,23232
180,119.86,119.9098,119.7,119.72,29877
181,119.73,119.87,119.73,119.87,30804
182,119.75,119.81,119.65,119.73,75107
183,119.41,119.75,119.36,119.74,282578
288,119.97,119.97,119.97,119.97,19905
289,120.39,120.49,119.66,119.97,65292
290,120.755,121.17,120.11,120.37,78328
291,120.7,120.74,120.05,120.72,41989
292,120.6,120.97,120.56,120.7399,49755
293,120.9706,120.98,120.6,120.6,41000
294,121.48,121.55,120.81,120.93,44916
295,121.01,121.44,120.84,121.44,39079
296,121.1231,121.38,120.921,120.9876,33372
297,121.53,121.53,121.05,121.08,29607
298,121.86,121.92,121.5,121.51,60283
299,122.02,122.09,121.71,121.82,58752
300,122.19,122.26,121.75,122.01,48892
301,122,122.22,121.94,122.16,27592
302,121.99,122.1,121.92,121.99,40875
303,121.81,122.05,121.73,121.97,49615
304,122.08,122.13,121.76,121.79,38465
305,122.4,122.4,122.0895,122.09,24247
306,122.29,122.5,122.14,122.4,24627
307,122.31,122.41,122.23,122.26,26794
308,122.0885,122.3199,122.08,122.3074,16793
309,122.34,122.34,122.075,122.0803,14587
310,122.12,122.3699,122.1,122.32,30488
311,122.3856,122.4,122.14,122.15,24403
312,122.13,122.44,122.12,122.4,17129
313,121.79,122.19,121.79,122.11,20936
314,122.13,122.13,121.77,121.78,26120
315,122.25,122.28,122.08,122.09,27866
316,122.03,122.26,121.94,122.2463,29940
317,122.1,122.195,122,122.05,18064
318,121.87,122.1,121.84,122.1,21835
319,121.91,121.99,121.76,121.84,32829
320,121.8,122,121.76,121.93,26322
321,121.87,121.92,121.78,121.8,32277
322,121.95,122,121.88,121.89,37838
323,121.93,121.94,121.785,121.94,40165
324,122.07,122.09,121.89,121.94,29899
325,122.1,122.219,122.06,122.0892,52267
326,122.27,122.33,122.065,122.1,65974
327,122.29,122.37,122.235,122.29,190227
432,122,122,121.93,121.93,30964
433,122.66,122.95,121.6,121.6,29498
434,122.34,122.68,122.25,122.63,23861
435,123.06,123.13,122.33,122.345,27745
436,123.01,123.14,122.92,123.06,22341
437,123.19,123.2,123.01,123.0291,23027
438,123.75,123.75,123.23,123.23,60334
439,123.87,124.03,123.67,123.75,74587
440,123.85,123.88,123.77,123.87,27890
441,123.7,123.89,123.59,123.85,31152
442,123.8,123.87,123.68,123.71,32791
443,123.77,123.92,123.72,123.83,32184
444,123.85,123.9,123.74,123.79,19097
445,123.42,123.82,123.42,123.82,19571
446,123.35,123.435,123.33,123.37,61337
447,123.39,123.45,123.34,123.35,20167
448,123.645,123.65,123.39,123.41,14238
449,123.53,123.72,123.53,123.68,17009
450,123.56,123.58,123.41,123.52,19520
451,123.39,123.58,123.28,123.57,46185
452,123.435,123.51,123.34,123.38,20851
453,123.44,123.495,123.41,123.44,7447
454,123.41,123.53,123.365,123.47,34391
455,123.45,123.46,123.32,123.3944,23155
456,123.645,123.645,123.43,123.4539,18853
457,123.75,123.7599,123.56,123.645,17006
458,123.43,123.742,123.38,123.742,15540
459,123.36,123.4712,123.34,123.41,39225
460,123.45,123.66,123.35,123.35,32223
461,123.49,123.5015,123.38,123.44,31057
462,123.46,123.5,123.38,123.47,21264
463,123.45,123.59,123.36,123.46,34699
464,123.45,123.48,123.365,123.41,45978
465,123.44,123.56,123.36,123.47,28337
466,123.77,123.86,123.425,123.45,47469
467,123.925,123.96,123.77,123.77,38957
468,124.28,124.28,123.89,123.925,46384
469,124.06,124.27,123.96,124.26,51537
470,124.26,124.26,123.97,124.06,79803
471,124.39,124.44,124.23,124.25,249344
864,124.42,124.42,124.42,124.42,19295
865,125.37,125.94,124.36,124.42,60646
866,124.99,125.4,124.51,125.39,73969
867,124.96,125.09,124.79,124.96,66059
868,124.53,125.11,124.42,124.99,129568
869,124.69,124.81,124.48,124.55,66487
870,124.765,124.79,124.5008,124.74,36010
871,124.65,124.75,124.5301,124.74,45241
872,125.1247,125.1247,124.5897,124.63,29454
873,125.0765,125.13,124.89,125.13,20906
874,125.275,125.32,125.03,125.04,31900
875,125.27,125.42,125.2128,125.28,31061
876,124.96,125.28,124.91,125.25,61082
877,124.955,125.06,124.89,124.96,35820
878,125.055,125.06,124.72,124.935,24128
879,125.02,125.1,124.96,125.055,40222
880,125.0359,125.15,124.93,125.02,27323
881,125.24,125.25,125.06,125.09,25511
882,125.205,125.33,125.16,125.245,31673
883,125.049,125.26,125.01,125.2,15891
884,125.06,125.07,124.98,125.04,11402
885,124.98,125.05,124.92,125.04,21637
886,125.01,125.09,124.9799,125,19801
887,125.02,125.04,124.94,125,14366
888,125.2,125.25,124.98,125.01,39610
889,125.44,125.54,125.21,125.21,129202
890,125.2,125.46,125.19,125.45,28882
891,124.98,125.32,124.98,125.2,37995
892,125.05,125.33,124.86,124.96,77397
893,125.25,125.48,124.98,125.03,34927
894,124.97,125.3171,124.94,125.24,20551
895,125.0049,125.05,124.9,124.96,26257
896,125.04,125.11,124.95,125.01,26760
897,125.14,125.14,125.02,125.05,25519
898,125.07,125.1404,125,125.13,19236
899,125.3,125.33,125.08,125.08,39048
900,125.37,125.41,125.23,125.305,49705
901,125.39,125.54,125.33,125.35,78510
902,125.31,125.44,125.25,125.39,89605
903,125.59,125.73,125.29,125.29,318653
a1497360600,125.8,125.8,125.8,125.8,13015
1,125.66,126.45,125.58,125.824,45417
2,125.8985,125.95,125.68,125.73,74031
3,125.845,126.02,125.7821,125.912,44855
4,125.92,126.07,125.81,125.9,36300
5,126.1,126.24,125.91,125.92,28392
6,126.17,126.25,126.1,126.1,12925
7,125.94,126.22,125.83,126.18,39256
8,126.0871,126.12,125.82,125.94,47084
9,125.785,126.09,125.78,126.09,39895
10,125.88,126,125.795,125.8,29801
11,125.9,125.95,125.83,125.87,29673
12,125.91,125.96,125.88,125.9,28540
13,125.96,125.98,125.88,125.95,19385
14,125.9289,126.01,125.8923,125.95,18486
15,125.95,125.985,125.9,125.92,31756
16,125.93,125.969,125.89,125.935,30431
17,126.01,126.08,125.94,125.94,23054
18,126.01,126.12,125.94,126.01,22627
19,126.02,126.1,125.97,126,17204
20,125.97,126.01,125.95,125.976,14457
21,126.12,126.125,125.96,125.98,25142
22,126.29,126.32,126.09,126.11,32319
23,126.32,126.38,126.2775,126.29,13943
24,126.21,126.349,126.19,126.349,10113
25,126.22,126.2696,126.16,126.19,16630
26,126.24,126.27,126.14,126.21,15861
27,126.379,126.41,126.26,126.26,18171
28,126.2,126.41,126.13,126.33,26479
29,126.05,126.27,126.0101,126.2,40443
30,126.02,126.08,125.97,126.05,35070
31,126.04,126.09,126.01,126.01,96458
32,126.04,126.12,126.02,126.05,17885
33,126.13,126.13,125.98,126.045,36408
34,126.02,126.1,126,126.1,22280
35,126.039,126.08,125.97,126.01,44232
36,126.26,126.27,126.03,126.04,23759
37,126.19,126.285,126.16,126.26,36695
38,126.01,126.19,125.93,126.19,56510
39,126.07,126.109,125.96,126.015,717359
144,125.55,125.55,125.55,125.55,13444
145,125.68,125.76,125.11,125.62,73288
146,125.955,125.96,125.52,125.66,47107
147,125.72,126.13,125.71,125.955,27364
148,125.8299,125.86,125.6,125.73,33727
149,125.76,125.84,125.67,125.84,31440
150,125.85,125.85,125.63,125.72,36997
151,125.8,125.87,125.7,125.835,20374
152,126,126.07,125.8,125.82,27605
153,125.85,126.07,125.79,125.975,18748
154,126.05,126.08,125.81,125.83,17241
155,125.98,126.12,125.98,126.03,21784
156,126.031,126.06,125.95,126,9125
157,125.82,126.03,125.82,126.03,10985
158,125.64,125.8,125.45,125.8,23644
159,125.701,125.73,125.56,125.6401,18278
160,125.6,125.76,125.58,125.68,20992
161,125.77,125.77,125.59,125.61,15167
162,125.85,125.92,125.75,125.78,9876
163,126.01,126.05,125.88,125.88,11280
164,126.06,126.11,126.03,126.03,5336
165,126.09,126.16,126,126.06,13658
166,126.22,126.37,126.13,126.13,16058
167,126.23,126.26,126.19,126.24,11429
168,126.38,126.38,126.23,126.23,9037
169,126.33,126.49,126.3105,126.365,19125
170,126.48,126.57,126.32,126.37,18675
171,126.71,126.81,126.46,126.47,15795
172,126.9742,127.13,126.66,126.71,50740
173,127.16,127.22,126.84,126.96,46224
174,127.415,127.43,127.13,127.17,21269
175,127.32,127.45,127.23,127.39,22784
176,127.25,127.5,126.92,127.32,67574
177,127.26,127.32,127.11,127.2,23037
178,127.25,127.36,127.06,127.26,34167
179,127.625,127.635,127.19,127.24,32608
180,127.53,127.66,127.46,127.63,36102
181,127.32,127.56,127.2003,127.54,48399
182,127.23,127.335,127.1,127.31,43962
183,127.32,127.395,127.14,127.22,229492
288,126.5,126.5,126.5,126.5,13781
289,126.235,126.735,126.14,126.57,30056
290,126.8213,126.885,126.2,126.26,22566
291,126.72,126.9,126.56,126.83,32243
292,126.51,126.76,126.28,126.75,32753
293,126.238,126.565,126.15,126.49,16555
294,126.44,126.53,126.14,126.21,22021
295,126.46,126.5399,126.28,126.44,12842
296,126.48,126.57,126.37,126.41,20063
297,126.69,126.76,126.43,126.48,14110
298,126.57,126.82,126.57,126.67,20232
299,126.55,126.67,126.55,126.575,14937
300,126.605,126.68,126.54,126.58,20791
301,126.6275,126.71,126.58,126.6,32421
302,126.39,126.63,126.38,126.625,27004
303,126.51,126.76,126.37,126.39,14842
304,126.38,126.56,126.38,126.55,26812
305,126.46,126.46,126.25,126.36,28266
306,126.5,126.56,126.43,126.43,17446
307,126.6,126.6,126.47,126.48,29463
308,126.79,126.82,126.59,126.61,26201
309,126.58,126.77,126.58,126.77,10863
310,126.61,126.63,126.53,126.54,7675
311,126.56,126.675,126.56,126.59,17976
312,126.5,126.6,126.46,126.55,21337
313,126.4,126.55,126.38,126.52,14635
314,126.315,126.44,126.29,126.39,18965
315,126.31,126.37,126.26,126.315,20713
316,126.36,126.37,126.21,126.34,24958
317,126.25,126.36,126.24,126.36,14345
318,126.33,126.39,126.23,126.25,22415
319,126.365,126.395,126.32,126.34,20777
320,126.54,126.63,126.34,126.37,31411
321,126.355,126.535,126.34,126.535,25091
322,126.56,126.56,126.35,126.38,33705
323,126.73,126.73,126.46,126.56,40892
324,126.64,126.74,126.61,126.7223,31804
325,126.61,126.67,126.58,126.635,34507
326,126.64,126.66,126.535,126.59,49582
327,126.78,126.84,126.545,126.65,223109
433,127.03,127.16,123.4,126.58,249538
434,126.81,127.13,126.5,127.09,12756
435,126.507,126.85,126.42,126.8,11248
436,126.5,126.7799,126.452,126.52,13129
437,126.575,126.59,126.23,126.53,10910
438,126.45,126.72,126.36,126.58,5639
439,126.62,126.64,126.355,126.44,12919
440,126.49,126.66,126.47,126.61,10243
441,126.32,126.54,126.28,126.51,12291
442,126.16,126.42,126.16,126.37,20255
443,126.24,126.38,126.18,126.18,9404
444,126.42,126.43,126.25,126.25,15418
445,126.49,126.55,126.42,126.46,22915
446,126.43,126.6,126.38,126.51,12914
447,126.53,126.58,126.4593,126.46,10148
448,126.48,126.63,126.48,126.53,8479
449,126.54,126.57,126.44,126.46,6507
450,126.49,126.61,126.49,126.58,9293
451,126.4675,126.52,126.44,126.5,10323
452,126.37,126.475,126.35,126.46,9865
453,126.33,126.385,126.32,126.375,7590
454,126.35,126.36,126.31,126.36,17246
455,126.3,126.36,126.24,126.35,13876
456,126.27,126.31,126.26,126.3,18324
457,126.26,126.32,126.2401,126.27,12710
458,126.2201,126.28,126.22,126.24,13277
459,126.28,126.305,126.2,126.25,13103
460,126.23,126.28,126.21,126.265,15602
461,126.265,126.3,126.21,126.23,8250
462,126.23,126.3,126.22,126.28,16560
463,126.27,126.27,126.195,126.23,17997
464,126.32,126.35,126.2544,126.2793,18847
465,126.37,126.4,126.29,126.32,16241
466,126.3,126.41,126.27,126.38,44482
467,126.2,126.3,126.15,126.28,18158
468,126.19,126.21,126.15,126.2,13246
469,126.11,126.21,126.09,126.2,30484
470,126.2,126.22,126.11,126.125,29071
471,126.18,126.2,126.03,126.2,449991
864,126.21,126.21,126.21,126.21,10301
865,126.23,126.75,126.21,126.21,29062
866,126.7,126.8,126.27,126.27,15653
867,126.73,126.73,126.44,126.65,15791
868,126.5,126.73,126.49,126.69,23690
869,126.69,126.73,126.53,126.53,10013
870,126.83,126.89,126.705,126.7075,10043
871,127.06,127.08,126.84,126.84,27570
872,127.025,127.05,126.95,127.03,12112
873,127.14,127.19,127.05,127.07,16928
874,126.78,127.16,126.75,127.14,15690
875,126.85,126.91,126.7846,126.7846,4722
876,126.9,126.9,126.76,126.8724,8582
877,127.24,127.24,126.915,126.915,7789
878,127.23,127.27,127.16,127.24,7570
879,127.24,127.27,127.18,127.26,6592
880,127.3,127.35,127.26,127.26,7392
881,127.28,127.3,127.23,127.2886,7440
882,127.3,127.325,127.25,127.3,7006
883,127.345,127.38,127.31,127.31,6312
884,127.4437,127.48,127.37,127.37,5924
885,127.4,127.48,127.375,127.43,7263
886,127.48,127.5,127.41,127.41,7322
887,127.46,127.55,127.35,127.44,11325
888,127.51,127.58,127.48,127.48,6017
889,127.53,127.56,127.49,127.542,5636
890,127.56,127.56,127.47,127.5204,7745
891,127.71,127.72,127.53,127.55,16636
892,127.57,127.74,127.55,127.7,14100
893,127.44,127.6,127.42,127.59,14045
894,127.45,127.45,127.33,127.45,7941
895,127.49,127.56,127.4148,127.435,14987
896,127.44,127.515,127.44,127.5,7167
897,127.2991,127.43,127.28,127.43,6568
898,127.5,127.5,127.32,127.32,9389
899,127.55,127.57,127.44,127.48,10120
900,127.37,127.59,127.37,127.54,21294
901,127.5,127.51,127.34,127.37,16689
902,127.5,127.5,127.4,127.49,19148
903,127.44,127.54,127.302,127.49,134058
a1497965400,127.45,127.45,127.45,127.45,7946
1,126.89,127.32,126.7,126.7,11342
2,126.83,127.02,126.55,126.97,37390
3,126.785,126.96,126.7494,126.92,10020
4,126.98,127.15,126.785,126.785,18270
5,126.86,127.055,126.84,127,35590
6,126.73,126.99,126.73,126.87,13060
7,126.82,126.86,126.56,126.7,23924
8,126.44,126.82,126.44,126.82,23460
9,126.51,126.56,126.36,126.43,18959
10,126.47,126.65,126.45,126.55,17547
11,126.41,126.47,126.28,126.45,10882
12,126.55,126.63,126.36,126.42,37727
13,126.83,126.86,126.51,126.54,15692
14,126.87,126.93,126.83,126.85,14163
15,126.65,126.9,126.65,126.88,13429
16,126.53,126.64,126.43,126.64,14492
17,126.34,126.53,126.34,126.52,11129
18,126.37,126.48,126.34,126.38,15254
19,126.41,126.51,126.355,126.355,13876
20,126.3,126.4,126.28,126.4,15777
21,126.495,126.52,126.2801,126.295,16442
22,126.53,126.585,126.5,126.5099,27687
23,126.52,126.57,126.5,126.55,16233
24,126.52,126.56,126.51,126.52,18306
25,126.5308,126.59,126.51,126.515,20710
26,126.33,126.52,126.26,126.52,15403
27,126.16,126.32,126.145,126.3,26617
28,126.18,126.28,126.13,126.15,20067
29,125.98,126.21,125.97,126.17,26481
30,125.82,125.962,125.8,125.962,18971
31,126.17,126.19,125.79,125.8,52242
32,126.1848,126.31,126.14,126.15,17843
33,126.31,126.36,126.17,126.17,16497
34,126.19,126.33,126.14,126.31,22213
35,126.11,126.32,126.11,126.18,28533
36,126.23,126.26,126.05,126.1,24643
37,126.31,126.33,126.14,126.21,24035
38,126.07,126.42,126,126.33,59646
39,126.07,126.16,125.87,126.08,258080
144,126.71,126.71,126.71,126.71,19142
145,126,126.49,125.85,126.45,11790
146,125.47,126.01,125.35,126.01,20097
147,125.71,125.86,125.5007,125.5007,14671
148,125.46,125.7099,125.43,125.7,20835
149,125.37,125.63,125.37,125.46,24016
150,125.27,125.41,125.2,125.37,31026
151,125.31,125.33,125.16,125.27,30593
152,125.245,125.47,125.23,125.35,14213
153,125.44,125.5,125.26,125.26,15396
154,125.015,125.45,124.87,125.44,43590
155,125.05,125.1799,124.85,125.015,50554
156,124.935,125.15,124.885,125.05,23816
157,124.925,125.02,124.86,124.94,18000
158,124.84,124.98,124.84,124.91,13878
159,124.96,124.97,124.83,124.865,10794
160,124.94,125.04,124.88,124.94,18579
161,124.84,124.96,124.83,124.95,39185
162,124.9,124.95,124.78,124.81,17244
163,124.9,124.949,124.83,124.88,12986
164,124.87,124.97,124.79,124.92,43617
165,124.77,124.91,124.77,124.87,13941
166,124.8133,124.8133,124.65,124.76,15151
167,124.84,124.92,124.74,124.8,11333
168,124.87,124.92,124.79,124.86,17793
169,124.9138,124.94,124.89,124.91,15540
170,124.84,124.93,124.8,124.93,56930
171,124.92,124.945,124.74,124.85,39561
172,124.83,124.95,124.73,124.91,35304
173,124.78,124.93,124.77,124.83,23048
174,124.77,124.88,124.73,124.76,16085
175,124.82,124.84,124.58,124.76,39858
176,124.76,124.841,124.74,124.79,20194
177,124.8,124.83,124.71,124.77,20936
178,124.69,124.83,124.6,124.83,26138
179,124.645,124.73,124.54,124.69,28318
180,124.66,124.66,124.485,124.63,32886
181,124.58,124.71,124.55,124.65,76739
182,124.69,124.74,124.58,124.59,107955
183,124.9,124.96,124.69,124.69,234575
288,124.49,124.54,124.49,124.5,8417
289,124.51,124.6639,124.08,124.54,18909
290,124.49,124.64,124.4,124.54,8733
291,124.41,124.7077,124.4,124.44,9797
292,124.43,124.5,124.34,124.4478,9064
293,124.61,124.62,124.41,124.48,9795
294,124.66,124.72,124.62,124.66,10685
295,124.52,124.68,124.49,124.63,16002
296,124.67,124.67,124.46,124.5,16134
297,124.69,124.86,124.62,124.7,19262
298,124.6301,124.685,124.54,124.66,7710
299,124.575,124.73,124.533,124.675,7657
300,124.74,124.74,124.52,124.55,10624
301,124.66,124.7,124.62,124.7,6462
302,124.75,124.8,124.63,124.68,7602
303,124.7,124.81,124.65,124.78,15894
304,124.4,124.7055,124.4,124.7055,28782
305,124.45,124.45,124.4,124.43,9765
306,124.5,124.56,124.47,124.47,8398
307,124.46,124.51,124.42,124.5,5815
308,124.3892,124.4471,124.37,124.44,10166
309,124.42,124.49,124.39,124.4,9175
310,124.46,124.46,124.4,124.44,9336
311,124.45,124.4583,124.368,124.4583,6194
312,124.44,124.45,124.3801,124.45,7399
313,124.39,124.45,124.38,124.4,11282
314,124.46,124.46,124.3519,124.4,6171
315,124.47,124.49,124.43,124.46,5377
316,124.41,124.57,124.41,124.49,5671
317,124.32,124.45,124.31,124.4,9400
318,124.31,124.34,124.24,124.3,10945
319,124.25,124.32,124.24,124.3005,6362
320,124.21,124.26,124.18,124.25,10802
321,124.38,124.38,124.2,124.21,11883
322,124.32,124.42,124.32,124.36,15159
323,124.19,124.34,124.19,124.32,13367
324,124.11,124.21,124.1,124.17,23379
325,124.01,124.12,123.97,124.105,33044
326,124,124.02,123.88,124.005,51710
327,124.06,124.08,123.96,123.99,170460
432,124.38,124.38,124.38,124.38,9156
433,124.46,124.78,124.01,124.78,8607
434,124.22,124.46,124.17,124.39,6947
435,123.9,124.24,123.84,124.22,9768
436,124.05,124.18,123.88,123.89,12630
437,124,124.04,123.96,124.04,5813
438,124.04,124.0636,123.92,123.9999,11169
439,124.04,124.08,123.96,124.08,10981
440,124.0474,124.08,123.94,124.03,12864
441,124.26,124.2799,123.99,124.06,9550
442,124.3878,124.41,124.1459,124.24,9365
443,124.26,124.45,124.249,124.43,8075
444,124.19,124.31,124.19,124.26,8630
445,124.13,124.23,124.12,124.19,3760
446,124.04,124.15,124.03,124.14,11878
447,124,124.11,124,124.04,6705
448,124.085,124.09,123.989,123.989,5184
449,124.08,124.19,124.03,124.07,11796
450,124.115,124.12,124.05,124.07,7436
451,124.18,124.21,124.06,124.1,10250
452,124.18,124.23,124.15,124.17,2767
453,124.17,124.18,124.08,124.18,11397
454,124.09,124.16,124.09,124.16,19903
455,124.16,124.165,124.09,124.1,13480
456,124.05,124.15,124.03,124.15,6184
457,124.14,124.14,124.0401,124.0401,5313
458,124.12,124.195,124.12,124.17,3200
459,124.16,124.24,124.16,124.16,6900
460,124.24,124.24,124.13,124.15,6827
461,124.23,124.28,124.19,124.26,5700
462,124.16,124.22,124.16,124.21,5409
463,124.18,124.29,124.15,124.16,7621
464,124.19,124.22,124.16,124.19,4838
465,124.1272,124.1964,124.0915,124.16,21262
466,123.945,124.16,123.9,124.16,12125
467,123.95,124.04,123.9,123.96,7771
468,123.98,123.98,123.91,123.94,21226
469,123.96,124.01,123.93,124,25629
470,124.1,124.1,123.93,123.95,27270
471,124.11,124.22,124.01,124.06,358429
864,124.17,124.17,124.17,124.17,10622
865,123.94,124.6137,123.7,124.5122,7220
866,123.95,124.09,123.87,123.93,8006
867,124.16,124.27,123.98,123.98,11180
868,124.06,124.29,123.95,124.13,12868
869,124.01,124.22,123.958,124.15,8890
870,124.17,124.2123,123.88,123.9506,8338
871,123.97,124.17,123.95,124.17,5127
872,123.81,123.95,123.79,123.94,7144
873,123.4,123.87,123.4,123.82,17431
874,123.3,123.54,123.1,123.4,13955
875,123.38,123.52,123.28,123.35,15998
876,123.355,123.43,123.33,123.38,15476
877,123.38,123.4244,123.24,123.365,37385
878,123.39,123.54,123.37,123.4,12715
879,123.43,123.53,123.37,123.395,18608
880,123.5171,123.6,123.44,123.46,20485
881,123.55,123.59,123.49,123.53,8763
882,123.44,123.56,123.44,123.56,10874
883,123.5,123.54,123.42,123.45,14516
884,123.415,123.51,123.41,123.5,8333
885,123.46,123.49,123.38,123.415,13240
886,123.485,123.51,123.43,123.47,6176
887,123.38,123.485,123.3605,123.485,8691
888,123.54,123.54,123.385,123.39,12673
889,123.57,123.6,123.5004,123.53,7548
890,123.42,123.55,123.41,123.55,15543
891,123.31,123.49,123.3,123.42,16739
892,123.31,123.39,123.25,123.3,16602
893,123.4,123.42,123.27,123.32,11465
894,123.46,123.477,123.36,123.37,9781
895,123.39,123.5156,123.39,123.45,9648
896,123.47,123.59,123.39,123.39,14224
897,123.61,123.61,123.51,123.53,13819
898,123.61,123.71,123.52,123.5936,16004
899,123.64,123.66,123.54,123.6,15600
900,123.51,123.67,123.51,123.63,16573
901,123.6,123.605,123.42,123.5,26471
902,123.69,123.69,123.52,123.59,25910
903,123.65,123.73,123.62,123.69,114480
a1498570200,123.85,123.98,123.85,123.98,10459
1,123.86,124,123.65,123.65,14696
2,123.6704,123.8,123.45,123.8,15429
3,123.7643,123.84,123.67,123.72,9333
4,123.61,123.8,123.56,123.779,17008
5,123.68,123.72,123.6,123.64,15772
6,123.54,123.7899,123.54,123.72,15447
7,123.64,123.64,123.37,123.58,16137
8,123.83,123.99,123.6,123.67,10769
9,123.74,123.88,123.685,123.83,12357
10,124.03,124.13,123.74,123.74,22185
11,124.3299,124.38,123.99,124.05,23660
12,124.399,124.51,124.29,124.33,15319
13,124.7238,124.74,124.42,124.44,39272
14,124.77,124.79,124.6094,124.74,10039
15,124.74,124.76,124.64,124.735,6661
16,124.699,124.79,124.61,124.705,10900
17,124.73,124.7338,124.64,124.65,7009
18,124.75,124.83,124.7,124.74,9804
19,124.69,124.76,124.62,124.71,8500
20,124.52,124.72,124.52,124.7,16932
21,124.55,124.63,124.5001,124.529,11564
22,124.55,124.62,124.52,124.5501,9746
23,124.61,124.61,124.5,124.52,11805
24,124.64,124.74,124.6,124.62,10418
25,124.37,124.6944,124.3,124.65,16460
26,124.54,124.56,124.29,124.41,61013
27,124.5742,124.625,124.47,124.5598,18940
28,124.55,124.65,124.52,124.5899,15439
29,124.65,124.76,124.51,124.54,31484
30,124.71,124.83,124.56,124.63,20219
31,124.6851,124.745,124.66,124.69,10213
32,124.59,124.71,124.58,124.66,15429
33,124.62,124.69,124.595,124.595,12559
34,124.69,124.76,124.6,124.6,17530
35,124.78,124.92,124.71,124.71,10555
36,124.71,124.81,124.65,124.81,15969
37,124.83,124.86,124.67,124.69,26777
38,124.88,124.98,124.76,124.82,52879
39,124.62,124.91,124.62,124.865,312321
144,125.35,125.35,125.33,125.33,10530
145,125.38,125.47,125.05,125.37,22705
146,125.86,125.9,125.29,125.3175,33177
147,126.28,126.29,125.82,125.82,15992
148,125.9133,126.33,125.7101,126.29,20512
149,125.72,125.95,125.7,125.88,5537
150,125.78,125.83,125.67,125.7035,10439
151,125.78,125.95,125.71,125.74,13772
152,126.15,126.15,125.79,125.79,9250
153,125.93,126.23,125.93,126.1,18305
154,126.2,126.23,125.95,125.95,10352
155,126.15,126.22,126.01,126.19,9551
156,126.23,126.375,126.14,126.16,13690
157,126.35,126.45,126.19,126.2,11190
158,126.42,126.42,126.34,126.35,10766
159,126.73,126.77,126.43,126.44,29132
160,126.73,126.78,126.71,126.72,11487
161,126.85,126.85,126.56,126.72,16496
162,126.88,126.9589,126.751,126.89,15519
163,126.84,126.87,126.77,126.87,13614
164,126.865,127,126.78,126.85,23944
165,126.71,126.91,126.69,126.865,7457
166,126.63,126.71,126.58,126.71,8565
167,126.55,126.63,126.49,126.62,3000
168,126.63,126.63,126.53,126.535,7477
169,126.6338,126.67,126.58,126.67,6997
170,126.62,126.62,126.5297,126.62,6533
171,126.71,126.71,126.59,126.61,5820
172,126.78,126.82,126.7,126.705,18093
173,126.76,126.81,126.75,126.765,13065
174,126.75,126.811,126.75,126.75,15351
175,126.57,126.75,126.54,126.75,9474
176,126.555,126.64,126.52,126.52,6873
177,126.515,126.55,126.49,126.54,5715
178,126.64,126.66,126.5,126.53,12350
179,126.75,126.76,126.61,126.64,22419
180,127.01,127.01,126.74,126.75,29580
181,127.03,127.1,127,127.005,28528
182,126.93,127.08,126.92,127.02,32539
183,126.77,126.96,126.72,126.92,185031
288,127.7,127.7,127.7,127.7,15160
289,127.51,127.96,127.29,127.62,19852
290,126.01,127.495,125.94,127.495,41807
291,126.48,126.54,125.83,126.02,28759
292,125.79,126.49,125.79,126.49,26600
293,125.96,126,125.66,125.835,22826
294,126.0999,126.1363,125.91,126.02,17023
295,125.85,126.1,125.85,126.05,18280
296,125.92,126.03,125.82,125.83,20413
297,125.84,125.99,125.84,125.92,13014
298,125.78,125.92,125.71,125.89,14617
299,125.615,125.8,125.53,125.77,17789
300,125.55,125.74,125.545,125.64,11380
301,125.565,125.65,125.24,125.58,22326
302,125.44,125.72,125.44,125.585,13956
303,125.04,125.49,125.04,125.465,28186
304,125.08,125.12,124.9,125.04,20254
305,125.27,125.27,125.07,125.11,21670
306,125.14,125.3,125.11,125.27,13172
307,125.04,125.33,125.04,125.14,15366
308,125.07,125.13,125,125.07,12153
309,124.97,125.09,124.96,125.07,12175
310,124.87,125.13,124.65,125,24871
311,124.71,124.8755,124.66,124.8755,9765
312,124.47,124.73,124.37,124.68,16017
313,124.7804,124.96,124.465,124.47,18421
314,124.88,124.93,124.71,124.82,18060
315,124.91,125.07,124.85,124.85,25145
316,124.78,124.93,124.72,124.92,16160
317,124.78,124.92,124.75,124.82,17777
318,124.93,124.96,124.73,124.78,13006
319,124.79,124.9238,124.73,124.91,14195
320,124.89,124.98,124.76,124.77,17261
321,125.04,125.0615,124.83,124.85,18106
322,125.28,125.3,125.06,125.06,23664
323,125.26,125.3,125.16,125.26,13071
324,125.09,125.28,125.04,125.28,15153
325,125.28,125.31,125.09,125.1,26146
326,125.03,125.3,125.01,125.3,33941
327,125.04,125.16,125,125.025,142272
432,125.1,125.44,125.1,125.44,10767
433,124.74,125.46,124.73,125.13,8850
434,125.5,125.5,124.7625,124.79,11461
435,125.31,125.51,125.31,125.41,8045
436,125.37,125.39,125.13,125.3132,9172
437,125.42,125.53,125.166,125.395,14783
438,125.25,125.39,125.16,125.39,14076
439,125.38,125.41,125.16,125.26,7474
440,125.06,125.45,125.06,125.36,8863
441,125.08,125.16,125.04,125.06,6519
442,125.09,125.11,124.97,125.11,8643
443,125.03,125.12,125.01,125.1,7800
444,125.04,125.22,125.02,125.02,9910
445,125.05,125.07,124.89,125.02,11499
446,125.06,125.12,125.03,125.09,8500
447,125.27,125.28,125.08,125.08,7515
448,125.24,125.3,125.2136,125.26,6849
449,125.38,125.39,125.27,125.27,6180
450,125.3,125.38,125.255,125.38,9552
451,125.18,125.3,125.18,125.285,5000
452,125.168,125.21,125.08,125.21,9600
453,125.13,125.28,125.0932,125.18,5783
454,125.16,125.1868,125.085,125.17,6967
455,125.13,125.23,125.11,125.185,4600
456,125.17,125.18,125.08,125.14,8117
457,125.1,125.15,125,125.15,9238
458,125.12,125.17,125.01,125.08,4645
459,125,125.115,124.98,125.11,3514
460,125.01,125.03,124.88,124.97,4879
461,124.99,125.023,124.94,125,10482
462,124.97,125.015,124.94,124.97,3800
463,124.96,125.02,124.89,124.96,10978
464,125.07,125.115,124.92,124.95,11040
465,125.175,125.18,125.08,125.1,8797
466,125.391,125.42,125.18,125.18,8102
467,125.36,125.43,125.26,125.39,10273
468,125.43,125.43,125.33,125.35,13946
469,125.38,125.475,125.3314,125.42,25094
470,125.53,125.59,125.35,125.4,27277
471,125.24,125.64,125.2,125.52,375141
864,125.33,125.33,125.33,125.33,20178
865,126.2,126.24,125.33,125.33,20440
866,125.81,126.16,125.7,126.16,12276
867,126.17,126.18,125.72,125.82,15331
868,126.36,126.42,126.07,126.32,7006
869,126.37,126.56,126.26,126.32,20646
870,126.5,126.65,126.39,126.39,14848
871,126.85,126.85,126.4701,126.48,14468
872,126.89,126.94,126.57,126.78,23223
873,127.15,127.2,126.94,126.94,19525
874,127.05,127.36,126.99,127.16,18336
875,127.13,127.29,126.98,127.05,13173
876,127.24,127.33,127.06,127.09,21488
877,126.86,127.2,126.82,127.2,18081
878,126.97,127.04,126.76,126.87,13863
879,126.86,127.08,126.83,126.97,15087
880,126.32,126.84,126.255,126.83,22367
881,126.24,126.34,126.08,126.28,14358
882,126.35,126.49,126.245,126.245,16660
883,126.55,126.55,126.32,126.3308,21354
884,126.49,126.65,126.41,126.55,19398
885,126.3,126.62,126.23,126.51,94476
a1499261400,126.2,126.2,126.2,126.2,14421
1,125.15,126.31,125.07,126.04,41479
2,126.19,126.19,125.07,125.22,21560
3,125.84,126.3,125.77,126.21,19210
4,125.37,125.81,125.29,125.79,26791
5,125.4,125.5,125.27,125.35,22151
6,125.59,125.66,125.38,125.42,14312
7,125.88,125.88,125.44,125.61,15002
8,125.83,126.01,125.8,125.9,14562
9,126.44,126.5,125.82,125.85,11536
10,126.28,126.58,126.28,126.5,10554
11,126.1,126.26,126.1,126.26,10573
12,126.2046,126.38,125.995,126.14,9837
13,126.2,126.37,126.18,126.205,6129
14,125.91,126.1609,125.91,126.16,9618
15,126.09,126.16,125.83,125.9,18183
16,125.98,126.0848,125.905,126.0848,8483
17,125.97,126.0155,125.92,125.94,7570
18,125.91,125.99,125.91,125.96,5305
19,125.96,126.04,125.92,125.92,19570
20,125.94,126.01,125.9,125.94,7891
21,125.84,125.98,125.82,125.95,6426
22,125.94,125.98,125.82,125.83,13744
23,125.9799,125.99,125.8804,125.94,5768
24,126.06,126.07,125.955,125.955,8408
25,126.12,126.17,126.05,126.05,7224
26,126.09,126.2,125.95,126.12,13742
27,126.12,126.18,126.0895,126.1,4255
28,126.21,126.26,126.07,126.07,12509
29,126.12,126.3,126.12,126.26,6530
30,126.15,126.19,126.08,126.1499,7280
31,126.3,126.3,126.16,126.19,10959
32,126.3,126.39,126.3,126.315,40686
33,126.19,126.39,126.18,126.32,6000
34,126.21,126.21,126.09,126.18,12697
35,126.25,126.3,126.21,126.22,9441
36,126.3,126.35,126.25,126.25,14461
37,126.2199,126.35,126.2,126.3,13565
38,126.13,126.25,126.08,126.21,25160
39,125.95,126.13,125.89,126.13,267931
