EXCHANGE%3DNASDAQ
MARKET_OPEN_MINUTE=570
MARKET_CLOSE_MINUTE=960
INTERVAL=600
COLUMNS=DATE,CLOSE,HIGH,LOW,OPEN,VOLUME
DATA=
TIMEZONE_OFFSET=-240
a1493127000,4.98,4.98,4.98,4.98,184
3,4.92,4.96,4.92,4.96,1197
4,4.92,4.92,4.91,4.92,1480
5,4.98,4.98,4.92,4.92,1455
11,4.954,4.954,4.954,4.954,500
12,4.91,4.9401,4.91,4.9401,3700
20,4.96,4.97,4.96,4.97,200
21,4.9575,5,4.9575,4.98,2576
23,4.98,4.98,4.98,4.98,300
24,4.99,5,4.99,5,2400
28,5,5,5,5,100
29,4.97,4.97,4.97,4.97,100
30,4.985,5,4.985,5,300
31,4.97,4.97,4.97,4.97,100
35,4.9701,4.9701,4.9701,4.9701,100
38,4.96,4.96,4.96,4.96,235
39,4.95,4.96,4.93,4.96,2873
144,4.95,4.95,4.95,4.95,600
146,4.98,5,4.98,5,200
148,5,5,4.985,4.985,700
150,4.98,5,4.98,5,500
151,4.98,4.99,4.98,4.99,200
153,5,5,5,5,789
154,5.01,5.01,5.01,5.01,300
155,5,5,5,5,200
156,4.9901,5,4.99,4.99,2952
157,4.95,4.99,4.95,4.99,722
158,4.98,4.98,4.98,4.98,200
159,4.98,4.98,4.98,4.98,100
160,5,5,4.98,5,600
161,5,5,5,5,100
162,4.98,4.98,4.98,4.98,100
163,5,5,4.98,4.98,300
165,4.98,4.9801,4.98,4.98,374
166,4.97,4.97,4.97,4.97,200
167,4.97,4.97,4.97,4.97,100
168,4.97,4.97,4.97,4.97,100
169,4.97,4.97,4.97,4.97,100
170,4.96,4.9601,4.96,4.9601,200
171,4.93,4.93,4.93,4.93,200
172,4.94,4.96,4.94,4.96,800
173,4.91,4.93,4.91,4.93,732
174,4.9501,4.9501,4.94,4.95,500
175,4.94,4.98,4.94,4.98,300
176,4.93,4.93,4.93,4.93,100
177,4.93,4.93,4.93,4.93,100
178,4.96,4.96,4.92,4.92,400
179,4.96,4.96,4.96,4.96,200
180,4.95,4.95,4.95,4.95,100
181,4.93,4.96,4.93,4.96,500
182,4.945,4.945,4.92,4.92,300
183,4.93,4.94,4.91,4.923,8950
288,4.96,4.96,4.96,4.96,122
289,4.95,4.95,4.95,4.95,700
293,4.95,4.95,4.95,4.95,200
303,4.95,4.95,4.95,4.95,100
306,4.84,4.91,4.84,4.91,4537
307,4.93,4.93,4.82,4.82,6531
309,4.93,4.93,4.93,4.93,100
314,4.91,4.91,4.91,4.91,100
316,4.93,4.93,4.93,4.93,100
321,4.91,4.91,4.91,4.91,100
325,4.92,4.92,4.89,4.89,200
327,4.9,4.91,4.9,4.905,3938
442,4.9099,4.9099,4.9099,4.9099,105
443,4.89,4.89,4.85,4.87,2100
445,4.89,4.89,4.87,4.87,200
446,4.89,4.89,4.89,4.89,100
449,4.87,4.87,4.87,4.87,200
450,4.89,4.89,4.89,4.89,100
451,4.87,4.87,4.87,4.87,200
452,4.89,4.89,4.87,4.87,200
454,4.87,4.89,4.87,4.89,200
455,4.84,4.84,4.84,4.84,100
456,4.88,4.88,4.88,4.88,266
458,4.91,4.91,4.91,4.91,100
459,4.88,4.91,4.88,4.91,200
464,4.88,4.88,4.88,4.88,800
466,4.9,4.9,4.89,4.9,3756
469,4.9,4.9,4.9,4.9,100
470,4.88,4.89,4.86,4.89,800
471,4.87,4.88,4.85,4.86,9407
865,4.83,4.84,4.83,4.84,300
866,4.8,4.82,4.8,4.82,1500
867,4.83,4.83,4.8,4.8,730
868,4.83,4.83,4.83,4.83,600
869,4.84,4.84,4.84,4.84,200
870,4.84,4.84,4.83,4.837,5028
872,4.86,4.86,4.86,4.86,100
875,4.86,4.86,4.86,4.86,200
879,4.86,4.86,4.86,4.86,4960
881,4.88,4.88,4.88,4.88,300
885,4.94,4.94,4.91,4.91,1005
886,4.92,4.99,4.92,4.99,9528
894,4.92,4.92,4.92,4.92,100
896,4.88,4.88,4.88,4.88,1900
903,4.92,4.94,4.9,4.94,2516
a1493733000,4.96,4.96,4.96,4.96,100
5,4.95,4.95,4.94,4.94,200
7,4.96,4.96,4.955,4.955,1242
10,4.93,4.93,4.93,4.93,100
11,4.92,4.9211,4.92,4.92,1041
15,4.98,4.98,4.96,4.96,5844
16,4.99,4.99,4.99,4.99,100
17,4.99,4.99,4.99,4.99,100
18,4.98,4.98,4.98,4.98,5000
19,4.95,4.99,4.95,4.99,1000
20,4.92,4.92,4.92,4.92,100
22,4.95,4.95,4.95,4.95,100
26,4.95,4.95,4.94,4.94,600
29,4.97,5,4.95,4.95,4300
30,4.96,4.97,4.96,4.97,1011
31,4.9501,4.9501,4.9501,4.9501,600
32,4.95,4.97,4.95,4.97,25480
34,4.95,4.95,4.95,4.95,100
36,4.92,4.95,4.92,4.921,2200
37,4.94,4.95,4.92,4.95,3085
142,4.9,4.9,4.9,4.9,140
143,5,5,5,5,100
145,4.98,4.98,4.9335,4.9335,1100
146,4.9,4.99,4.9,4.99,200
147,4.98,4.98,4.98,4.98,100
148,4.94,4.95,4.94,4.95,233
149,4.955,4.955,4.94,4.94,300
150,4.94,4.94,4.94,4.94,100
151,4.94,4.94,4.94,4.94,700
152,4.94,4.9699,4.94,4.94,924
153,4.97,4.97,4.9401,4.9401,1705
156,4.9801,5.01,4.9801,5.01,400
158,5.0301,5.0301,4.99,5.01,979
159,5.0301,5.0301,5.0301,5.0301,100
162,5.0301,5.0301,5.0301,5.0301,1000
163,5.06,5.07,5.03,5.06,4381
165,5.0801,5.13,5.0801,5.1005,500
166,5.09,5.09,5.09,5.09,600
167,5.09,5.09,5.09,5.09,100
168,5.08,5.08,5.08,5.08,100
169,5.08,5.0959,5.08,5.0959,600
170,5.06,5.159,5.0501,5.08,6360
171,5.08,5.12,5.04,5.0601,4910
172,5.12,5.12,5.04,5.1,3005
173,5.1199,5.1199,5.1,5.1,900
174,5.1101,5.12,5.11,5.12,2591
175,5.1001,5.1199,5.1001,5.11,1800
177,5.16,5.22,5.111,5.12,7579
178,5.1101,5.15,5.1101,5.15,300
179,5.16,5.16,5.12,5.12,550
180,5.16,5.16,5.15,5.15,400
181,5.14,5.16,5.14,5.16,4960
286,5.32,5.32,5.32,5.32,682
287,5.2,5.2,5.1277,5.185,1217
288,5.15,5.15,5.06,5.1377,2884
289,5.1695,5.23,5.1695,5.23,320
290,5.27,5.27,5.26,5.26,1100
294,5.25,5.25,5.2496,5.2496,260
296,5.22,5.22,5.22,5.22,601
297,5.2002,5.2002,5.2,5.2,700
298,5.21,5.22,5.21,5.21,3238
299,5.18,5.26,5.115,5.23,1395
301,5.13,5.17,5.13,5.17,400
303,5.11,5.11,5.11,5.11,100
304,5.11,5.11,5.11,5.11,130
305,5.12,5.12,5.0901,5.12,1711
307,5.08,5.1,5.08,5.1,2100
308,5.0901,5.1,5.0901,5.1,300
309,5.03,5.06,5.03,5.06,400
310,5.08,5.08,5.0201,5.0201,3100
311,5.06,5.06,5.03,5.06,400
320,5.02,5.04,5.01,5.03,800
321,5.02,5.02,5.02,5.02,100
322,4.97,5,4.97,5,912
323,5.04,5.04,5.04,5.04,300
325,5.01,5.06,4.99,4.99,750
430,5.01,5.01,5.01,5.01,1044
433,5.04,5.04,5.04,5.04,100
436,5.1,5.1,5.06,5.06,4400
438,5.185,5.185,5.15,5.15,1400
439,5.2,5.2,5.17,5.17,2200
441,5.19,5.19,5.17,5.17,300
443,5.31,5.31,5.2,5.2,318
446,5.31,5.31,5.245,5.245,1100
448,5.35,5.37,5.32,5.32,300
450,5.24,5.38,5.18,5.38,15688
454,5.27,5.27,5.27,5.27,566
456,5.38,5.4,5.29,5.3,4634
458,5.32,5.32,5.31,5.31,400
459,5.36,5.36,5.36,5.36,300
460,5.32,5.32,5.32,5.32,282
463,5.32,5.32,5.3,5.3,1400
465,5.32,5.32,5.32,5.32,100
466,5.32,5.32,5.32,5.32,200
467,5.32,5.32,5.31,5.31,300
468,5.32,5.32,5.32,5.32,200
469,5.3,5.33,5.3,5.3,2596
863,5.21,5.21,5.21,5.21,1032
864,5.26,5.26,5.26,5.26,334
865,5.25,5.3,5.2,5.3,402
866,5.28,5.28,5.28,5.28,486
867,5.27,5.27,5.27,5.27,100
868,5.26,5.2601,5.26,5.26,1094
873,5.28,5.28,5.28,5.28,100
876,5.3,5.3,5.28,5.292,1363
877,5.34,5.34,5.34,5.34,100
878,5.3243,5.3243,5.3243,5.3243,277
880,5.3192,5.33,5.3192,5.33,618
885,5.34,5.34,5.34,5.34,300
886,5.34,5.34,5.34,5.34,100
887,5.37,5.37,5.37,5.37,100
890,5.34,5.38,5.31,5.36,2400
893,5.38,5.38,5.38,5.38,919
894,5.3899,5.3999,5.35,5.3999,1461
895,5.39,5.39,5.345,5.345,685
896,5.3899,5.3899,5.3899,5.3899,100
897,5.3899,5.3899,5.3899,5.3899,100
899,5.38,5.38,5.3676,5.3676,1455
900,5.39,5.39,5.38,5.38,678
901,5.37,5.39,5.29,5.39,13496
a1494336600,5.36,5.36,5.36,5.36,3003
2,5.32,5.37,5.32,5.37,400
3,5.3,5.31,5.2911,5.3,1200
4,5.28,5.34,5.28,5.31,500
6,5.29,5.3,5.29,5.3,300
7,5.265,5.33,5.26,5.29,1500
8,5.23,5.36,5.23,5.31,1300
9,5.17,5.33,5.16,5.23,6800
10,5.17,5.17,5.14,5.14,300
11,5.14,5.14,5.14,5.14,200
12,5.11,5.11,5.1,5.1,200
13,5.1,5.1189,5.1,5.1,1400
14,5.11,5.13,5.11,5.13,600
15,5.03,5.1599,5.03,5.07,800
16,5.05,5.1399,5.02,5.03,600
17,5.1,5.15,5.1,5.13,900
18,5.11,5.15,5.1,5.1,700
19,5.12,5.12,5.11,5.12,500
20,5.1,5.12,5.1,5.11,500
21,5.13,5.2,5.11,5.14,4090
22,5.15,5.22,5.15,5.15,1633
23,5.15,5.2199,5.15,5.15,600
24,5.2,5.2,5.15,5.17,900
25,5.15,5.17,5.15,5.155,600
26,5.15,5.2199,5.15,5.16,7055
27,5.165,5.22,5.15,5.15,2670
28,5.19,5.25,5.175,5.25,600
29,5.18,5.18,5.18,5.18,400
30,5.2499,5.2499,5.15,5.15,730
31,5.2499,5.2499,5.2499,5.2499,100
38,5.15,5.15,5.13,5.13,200
39,5.16,5.18,5.09,5.15,5376
144,5.12,5.12,5.12,5.12,121
145,5.13,5.19,5.1,5.1,2193
146,5.11,5.14,5.1,5.14,800
147,5.1,5.135,5.1,5.1,800
148,5.15,5.16,5.1,5.13,2570
149,5.145,5.16,5.11,5.15,900
150,5.135,5.16,5.1,5.145,696
151,5.125,5.1399,5.11,5.11,1000
152,5.125,5.14,5.1,5.125,700
153,5.125,5.14,5.1,5.125,595
154,5.1,5.13,5.1,5.13,1915
155,5.1399,5.1399,5.12,5.12,300
156,5.08,5.08,5.07,5.07,400
157,5.07,5.07,5.07,5.07,700
158,5.07,5.09,5.07,5.08,2975
159,5.08,5.08,5.07,5.07,300
160,5.07,5.08,5.07,5.07,1100
161,5.07,5.07,5.07,5.07,100
162,5.12,5.12,5.07,5.09,3501
163,5.1899,5.1899,5.12,5.125,900
164,5.19,5.19,5.14,5.14,200
166,5.19,5.19,5.1887,5.1887,1100
168,5.19,5.2,5.19,5.2,300
171,5.2299,5.2299,5.19,5.19,800
172,5.2299,5.23,5.2,5.2299,3700
175,5.19,5.19,5.19,5.19,600
176,5.2,5.21,5.2,5.2,821
178,5.2,5.23,5.2,5.23,1100
179,5.2,5.2,5.2,5.2,200
181,5.14,5.14,5.14,5.14,395
182,5.16,5.16,5.16,5.16,100
183,5.21,5.22,5.17,5.17,12092
288,5.24,5.24,5.24,5.24,2400
289,5.2999,5.3,5.25,5.25,16155
290,5.3,5.3,5.3,5.3,900
291,5.29,5.29,5.28,5.28,935
292,5.29,5.29,5.29,5.29,1196
293,5.2899,5.29,5.28,5.28,1100
294,5.26,5.29,5.26,5.29,700
295,5.28,5.28,5.27,5.27,600
296,5.28,5.285,5.28,5.28,1500
297,5.28,5.28,5.28,5.28,1100
298,5.28,5.28,5.28,5.28,800
299,5.28,5.28,5.28,5.28,300
300,5.3,5.305,5.3,5.3,3297
302,5.3,5.31,5.298,5.3,900
303,5.3,5.31,5.3,5.31,600
304,5.31,5.31,5.3,5.3,300
305,5.3,5.3,5.29,5.3,300
306,5.3,5.31,5.3,5.31,1729
307,5.29,5.3,5.29,5.3,700
308,5.29,5.3,5.29,5.3,1181
309,5.26,5.3,5.26,5.3,700
310,5.25,5.26,5.25,5.26,400
311,5.29,5.29,5.25,5.27,900
312,5.25,5.27,5.24,5.27,600
313,5.28,5.28,5.24,5.25,700
314,5.25,5.28,5.25,5.28,500
315,5.28,5.29,5.25,5.25,400
316,5.27,5.29,5.25,5.27,600
317,5.25,5.29,5.25,5.26,700
318,5.22,5.28,5.22,5.28,790
319,5.28,5.28,5.28,5.28,400
320,5.29,5.29,5.28,5.28,800
321,5.28,5.29,5.28,5.28,300
322,5.29,5.29,5.28,5.29,1533
323,5.29,5.29,5.28,5.29,700
324,5.29,5.29,5.28,5.29,1054
325,5.29,5.29,5.29,5.29,566
326,5.29,5.29,5.29,5.29,1300
327,5.29,5.3,5.29,5.29,5506
432,5.27,5.27,5.27,5.27,125
435,5.27,5.2701,5.27,5.2701,230
436,5.29,5.29,5.27,5.27,320
438,5.27,5.29,5.27,5.29,201
440,5.22,5.27,5.22,5.27,4295
441,5.22,5.22,5.22,5.22,100
442,5.25,5.25,5.25,5.25,100
443,5.21,5.25,5.21,5.25,400
444,5.24,5.24,5.208,5.208,377
445,5.27,5.27,5.26,5.26,200
452,5.28,5.28,5.27,5.27,200
454,5.28,5.28,5.28,5.28,100
456,5.26,5.29,5.26,5.29,300
460,5.23,5.23,5.23,5.23,200
465,5.25,5.25,5.25,5.25,100
467,5.25,5.25,5.23,5.23,200
469,5.24,5.24,5.24,5.24,100
470,5.2,5.23,5.18,5.23,600
471,5.18,5.2,5.18,5.18,2522
864,5.16,5.16,5.16,5.16,1087
866,5.15,5.15,5.14,5.14,2657
867,5.091,5.091,5.091,5.091,900
868,5.16,5.16,5.16,5.16,100
869,5.16,5.16,5.16,5.16,254
870,5.17,5.18,5.16,5.16,3524
871,5.2,5.2,5.2,5.2,117
873,5.2,5.2,5.2,5.2,545
874,5.25,5.25,5.25,5.25,149
875,5.25,5.25,5.25,5.25,100
876,5.25,5.25,5.25,5.25,110
877,5.25,5.25,5.25,5.25,110
878,5.25,5.25,5.25,5.25,100
879,5.25,5.25,5.25,5.25,108
880,5.2,5.25,5.2,5.25,1337
881,5.22,5.22,5.2,5.2,200
882,5.1707,5.1707,5.13,5.13,1100
883,5.17,5.17,5.13,5.13,300
884,5.12,5.14,5.12,5.14,700
885,5.12,5.13,5.12,5.13,552
886,5.19,5.19,5.13,5.13,600
887,5.15,5.16,5.12,5.15,700
888,5.12,5.12,5.12,5.12,600
889,5.14,5.1525,5.12,5.12,605
890,5.12,5.14,5.12,5.12,500
891,5.12,5.17,5.12,5.14,900
892,5.14,5.16,5.12,5.14,1300
893,5.13,5.145,5.12,5.14,900
894,5.12,5.16,5.12,5.145,2034
895,5.12,5.13,5.12,5.12,2032
896,5.12,5.14,5.12,5.12,2800
897,5.1,5.13,5.1,5.12,2720
898,5.14,5.14,5.13,5.13,500
900,5.07,5.13,5.07,5.13,1695
901,5.03,5.07,5.01,5.07,2556
902,5.07,5.1,5.07,5.1,400
903,5.1,5.11,5.09,5.11,5488
a1494941400,5.09,5.09,5.09,5.09,100
1,5.1,5.1,5.1,5.1,100
9,4.9908,5.06,4.95,5.06,2678
10,4.98,4.98,4.95,4.951,6106
11,4.93,4.961,4.93,4.961,761
12,4.96,4.973,4.95,4.95,1517
13,5.05,5.05,4.955,4.955,5582
14,5.01,5.02,5.01,5.02,745
15,4.99,4.99,4.985,4.985,249
16,4.97,5.01,4.97,5.01,551
17,4.995,4.995,4.995,4.995,100
18,5,5,4.985,4.99,2500
19,5.01,5.01,5,5,506
20,5.02,5.02,5.005,5.005,1627
21,5.01,5.05,5.01,5.05,2315
23,5,5.005,5,5.005,1206
25,4.98,4.98,4.98,4.98,500
28,5,5,5,5,1300
30,4.99,4.99,4.9899,4.99,737
31,4.99,4.99,4.99,4.99,100
32,5,5,5,5,200
36,5,5,5,5,318
37,5.01,5.01,4.99,5,863
38,5.01,5.01,5.01,5.01,270
39,5.03,5.04,5.01,5.01,3479
144,5,5,5,5,500
145,4.9374,4.9374,4.9374,4.9374,600
148,4.98,4.999,4.98,4.999,235
151,4.98,4.98,4.98,4.98,467
153,4.98,4.98,4.98,4.98,631
154,5,5,4.97,4.97,1842
157,4.98,4.98,4.98,4.98,100
158,4.98,5,4.98,5,200
162,4.99,5.01,4.99,5.01,200
164,4.99,5.01,4.98,4.98,400
165,4.99,4.99,4.99,4.99,100
166,5.01,5.01,4.98,4.99,1300
167,4.99,4.99,4.99,4.99,200
168,4.99,4.99,4.99,4.99,100
170,5.01,5.01,4.98,4.98,300
171,4.98,4.98,4.98,4.98,100
174,4.98,5,4.98,4.98,1600
175,5,5,5,5,100
176,4.98,5,4.98,4.98,400
178,4.98,4.98,4.98,4.98,100
179,4.98,4.985,4.98,4.98,1000
180,5,5,5,5,100
181,4.98,5,4.98,5,200
182,4.98,5,4.98,5,200
183,4.98,5,4.98,4.99,6237
290,4.9157,4.99,4.9157,4.99,300
292,4.98,4.98,4.97,4.97,700
299,4.97,4.97,4.97,4.97,200
301,4.99,4.99,4.99,4.99,100
302,4.96,4.96,4.96,4.96,200
303,4.98,4.98,4.96,4.96,400
304,5,5,5,5,100
305,4.99,4.99,4.99,4.99,200
306,5.025,5.05,5,5,5685
307,5.04,5.045,5,5.025,1000
308,5.04,5.04,5.04,5.04,200
309,5.04,5.04,5.0203,5.0203,500
310,4.99,5.04,4.99,5.04,981
311,4.94,4.94,4.94,4.94,100
312,4.98,4.98,4.98,4.98,200
313,4.97,4.97,4.97,4.97,4000
315,4.98,4.98,4.97,4.97,700
319,5,5.05,5,5.05,200
320,5.06,5.06,5,5,200
321,5,5,5,5,200
324,5.03,5.03,5.03,5.03,100
325,5.02,5.02,5.01,5.02,500
326,5.02,5.02,5.02,5.02,100
327,4.99,5,4.97,5,3453
432,4.97,4.97,4.97,4.97,2258
435,5.01,5.01,5.01,5.01,100
438,5,5,5,5,100
439,4.98,4.98,4.98,4.98,100
442,5.02,5.02,5.02,5.02,100
446,5,5,5,5,2499
450,5,5,5,5,100
452,5.0277,5.0277,5.0277,5.0277,800
454,5,5,4.99,5,4069
457,4.93,4.93,4.93,4.93,1002
458,4.89,4.89,4.89,4.89,646
459,4.87,4.87,4.87,4.87,200
460,4.9,4.96,4.81,4.82,16855
461,4.915,4.99,4.91,4.91,2191
462,5,5.005,4.96,4.96,700
463,5,5,5,5,2600
464,5,5,5,5,200
465,5,5,5,5,100
466,5,5.0068,5,5,17332
467,4.9,4.91,4.9,4.91,1376
468,4.9,4.9,4.9,4.9,400
469,4.87,4.9,4.87,4.9,634
470,4.93,4.93,4.86,4.87,5390
471,4.86,4.91,4.85,4.9,6813
865,5.11,5.11,5.11,5.11,100
867,4.99,4.99,4.99,4.99,200
869,4.9,4.93,4.9,4.9,1600
873,4.9,4.9,4.9,4.9,100
876,4.95,4.95,4.95,4.95,899
878,4.96,4.96,4.96,4.96,100
880,4.96,4.96,4.96,4.96,200
883,4.9301,4.95,4.93,4.95,710
885,4.93,4.95,4.93,4.95,200
886,4.95,4.95,4.93,4.947,1100
888,4.9601,4.961,4.9601,4.961,1000
894,4.96,4.96,4.96,4.96,119
897,5.02,5.02,4.99,4.99,5300
899,5.01,5.01,5.01,5.01,300
900,5.01,5.01,5.01,5.01,100
902,5.06,5.06,5.035,5.035,200
903,5.05,5.05,5.03,5.03,3268
a1495546200,5.05,5.05,5.05,5.05,100
1,5.05,5.05,5.05,5.05,107
3,4.97,4.97,4.97,4.97,100
4,4.96,4.96,4.96,4.96,300
5,4.95,4.95,4.95,4.95,300
10,4.99,4.99,4.9502,4.9502,974
11,5.03,5.03,5.03,5.03,200
13,5.11,5.11,5.11,5.11,100
17,5.12,5.12,5.12,5.12,100
18,5.11,5.11,5.09,5.09,200
19,5.11,5.11,5.07,5.07,300
20,5.04,5.04,5.04,5.04,100
22,5.09,5.09,5.07,5.07,200
25,5.1,5.1,5.1,5.1,100
26,5.1,5.1,5.1,5.1,400
27,5.05,5.05,5.05,5.05,100
28,5.1,5.1,5.1,5.1,200
30,5.06,5.12,5.05,5.12,400
32,5.12,5.12,5.12,5.12,100
34,5.12,5.12,5.12,5.12,100
36,5.08,5.08,5.08,5.08,100
37,5.07,5.07,5.07,5.07,100
38,5.03,5.031,5.03,5.031,1400
39,5.04,5.06,5.03,5.05,3100
144,5.01,5.01,5.01,5.01,1001
145,5.02,5.02,5.02,5.02,100
146,5.03,5.03,5.03,5.03,100
148,5.09,5.1,5.09,5.1,200
149,5.12,5.12,5.07,5.07,400
153,5.08,5.08,5.08,5.08,100
157,5.071,5.09,5.04,5.09,1239
158,5.05,5.05,5.05,5.05,100
164,5.17,5.17,5.17,5.17,100
167,5.01,5.02,5.01,5.02,700
168,5.02,5.0651,5.02,5.02,1100
169,5.02,5.03,5.02,5.03,400
170,5.01,5.04,5.01,5.02,300
171,5.01,5.01,5.01,5.01,1340
172,5.05,5.05,5.05,5.05,100
173,5.03,5.03,5.03,5.03,100
174,5.02,5.02,5.02,5.02,100
179,5.01,5.01,5.01,5.01,200
180,5.01,5.01,5.01,5.01,300
183,4.99,4.99,4.99,4.99,1908
288,4.99,4.99,4.99,4.99,203
292,5.04,5.04,5.03,5.03,300
293,5.02,5.02,5.02,5.02,300
294,5.04,5.04,5.04,5.04,100
295,5.02,5.04,5.02,5.04,200
297,5.02,5.04,5.02,5.04,200
307,5,5.04,5,5.04,1617
309,5.02,5.02,5.02,5.02,100
310,5.04,5.04,5.04,5.04,100
313,5.02,5.04,5.02,5.04,200
317,5.04,5.04,5.04,5.04,100
320,5.04,5.04,5.04,5.04,100
321,5.01,5.01,5.01,5.01,200
324,5.04,5.04,5,5,4213
326,5,5.02,5,5.02,315
327,5.02,5.02,5,5,1880
439,5.03,5.07,5.03,5.07,540
440,5,5.02,4.97,5.02,1558
441,5,5.01,4.93,4.95,8958
442,4.98,4.9814,4.98,4.9814,16681
443,5.02,5.02,4.98,4.98,798
455,5.02,5.02,5.02,5.02,100
467,5.02,5.02,5.02,5.02,200
468,5.02,5.02,5.02,5.02,499
471,5.02,5.02,5.02,5.02,1665
a1496151000,5.05,5.05,5.05,5.05,484
3,5.05,5.06,5.05,5.06,1530
8,4.99,4.99,4.99,4.99,100
11,5.07,5.07,5.07,5.07,100
13,5.07,5.07,5.02,5.07,400
14,5.07,5.07,5.07,5.07,100
15,5.07,5.07,5.07,5.07,100
17,5.07,5.07,5.07,5.07,100
20,5.04,5.07,5.04,5.07,722
23,5.07,5.07,5.07,5.07,100
26,5.07,5.07,5.07,5.07,100
27,5.07,5.07,5.07,5.07,200
28,5.07,5.07,5.07,5.07,100
31,5.04,5.07,5.04,5.055,410
32,5.05,5.05,5.05,5.05,300
33,5,5.07,4.98,5.07,4681
35,4.995,4.995,4.995,4.995,100
36,4.98,4.99,4.98,4.99,200
37,5.01,5.01,5.01,5.01,100
38,4.995,4.995,4.995,4.995,100
39,5,5.02,4.99,4.995,1876
144,4.99,4.99,4.99,4.99,166
145,5,5,5,5,100
147,4.95,4.95,4.95,4.95,100
148,4.99,4.99,4.95,4.95,493
149,4.97,4.97,4.95,4.96,400
150,4.95,4.95,4.95,4.95,100
151,4.95,4.95,4.95,4.95,100
152,4.98,4.98,4.97,4.97,600
153,4.94,4.94,4.94,4.94,100
155,4.95,4.95,4.95,4.95,100
156,4.94,4.97,4.94,4.94,1200
157,4.96,4.96,4.96,4.96,100
158,4.94,4.97,4.94,4.97,1200
163,4.95,4.96,4.95,4.96,200
166,4.94,4.94,4.94,4.94,100
168,4.94,4.94,4.94,4.94,1230
169,4.86,4.94,4.801,4.94,1500
170,4.89,4.89,4.88,4.88,300
171,4.88,4.88,4.88,4.88,100
172,4.8922,4.92,4.8922,4.92,2600
173,4.94,4.94,4.91,4.91,600
174,4.935,4.98,4.935,4.97,1100
175,4.98,4.98,4.98,4.98,100
176,4.935,4.935,4.935,4.935,100
177,4.935,4.935,4.935,4.935,100
178,4.935,4.95,4.935,4.935,800
179,4.95,4.95,4.935,4.95,1800
180,5.02,5.02,5.01,5.01,200
182,4.98,5,4.98,4.99,546
183,4.97,5,4.96,4.96,7042
288,4.95,4.95,4.95,4.95,229
290,4.94,4.94,4.89,4.89,200
291,4.92,4.94,4.92,4.94,300
292,4.94,4.94,4.92,4.92,426
293,4.9,4.9,4.9,4.9,100
294,4.85,4.8851,4.85,4.85,550
295,4.85,4.85,4.85,4.85,300
296,4.85,4.85,4.85,4.85,300
297,4.85,4.87,4.85,4.85,400
298,4.85,4.85,4.85,4.85,500
299,4.89,4.89,4.85,4.85,200
301,4.89,4.89,4.85,4.85,200
302,4.89,4.89,4.89,4.89,100
303,4.85,4.85,4.85,4.85,1300
304,4.85,4.85,4.85,4.85,200
305,4.85,4.85,4.85,4.85,494
306,4.84,4.84,4.84,4.84,400
307,4.89,4.89,4.87,4.87,1103
308,4.94,4.94,4.94,4.94,300
309,4.98,4.98,4.98,4.98,200
310,4.99,4.99,4.99,4.99,100
313,5,5,5,5,200
315,5.02,5.02,5,5,1090
316,5,5,5,5,100
317,5,5,5,5,100
318,5,5,5,5,100
320,5,5,5,5,200
321,5,5,5,5,100
323,5,5,5,5,400
324,5,5,5,5,100
325,5,5,5,5,493
326,5,5,5,5,363
327,4.98,5,4.98,5,4330
439,5.07,5.24,5,5,8536
440,5.09,5.09,5.07,5.07,400
444,5.08,5.08,5.08,5.08,100
446,5.08,5.08,5.08,5.08,228
447,5.08,5.08,5.08,5.08,200
448,5.08,5.08,5.08,5.08,226
451,5.08,5.08,5.08,5.08,100
454,5.0701,5.08,5.0701,5.0787,800
457,5.0701,5.0701,5.0701,5.0701,100
458,5.08,5.08,5.08,5.08,343
459,5.08,5.08,5.08,5.08,200
461,5.08,5.09,5.08,5.08,2097
464,5.11,5.12,5.1,5.1,2232
465,5.12,5.12,5.11,5.115,580
466,5.16,5.16,5.16,5.16,100
467,5.16,5.16,5.16,5.16,400
468,5.23,5.23,5.23,5.23,100
469,5.16,5.17,5.16,5.17,1600
470,5.16,5.19,5.16,5.18,1812
471,5.12,5.155,5.11,5.155,5878
864,5.13,5.13,5.13,5.13,100
866,4.99,4.99,4.99,4.99,200
868,5.16,5.17,5.02,5.02,1600
869,5.19,5.22,5.19,5.22,900
870,5.1381,5.18,5.1381,5.18,300
873,5.09,5.14,5.09,5.1,300
874,5.1189,5.1189,5.09,5.09,1100
876,5.03,5.05,5.02,5.02,400
877,5.008,5.008,5.008,5.008,1000
878,5.02,5.02,5.02,5.02,100
880,5.05,5.05,5.05,5.05,100
883,5.05,5.05,5.05,5.05,100
884,5.04,5.05,5.04,5.05,400
885,5.03,5.03,5.03,5.03,100
887,5.03,5.05,5.02,5.05,400
889,5.01,5.01,5.01,5.01,100
890,5.05,5.05,5.05,5.05,300
891,5.05,5.05,5.05,5.05,400
892,5.065,5.065,5.02,5.02,200
893,5.05,5.07,5.02,5.02,1100
894,5.0304,5.0304,5.0304,5.0304,634
895,5.02,5.05,5.02,5.05,400
896,5.06,5.06,5.06,5.06,100
897,5.08,5.08,5.08,5.08,100
899,5.09,5.09,5.09,5.09,100
900,5.08,5.08,5.08,5.08,100
902,5.07,5.07,5.07,5.07,200
903,5.06,5.08,5.06,5.07,1190
a1496755800,5.01,5.01,5.01,5.01,166
2,5.02,5.0376,4.98,5.0376,1100
3,4.99,5.01,4.9801,4.9801,400
4,4.97,5.02,4.97,5.0117,5005
5,4.9302,4.95,4.91,4.95,2100
6,4.98,4.98,4.87,4.88,3795
7,4.8601,4.91,4.8601,4.89,710
8,4.9541,4.9541,4.9541,4.9541,1000
9,4.94,4.95,4.9101,4.9101,300
10,4.97,4.99,4.97,4.99,200
15,5,5,5,5,300
17,5.0001,5.02,5.0001,5.02,582
21,5.0101,5.0101,5.0101,5.0101,100
28,5.05,5.05,5.04,5.04,200
29,5.03,5.03,5.03,5.03,100
31,5.05,5.05,5.05,5.05,100
34,5.05,5.05,5.05,5.05,500
35,5.0301,5.0301,5.0301,5.0301,200
39,5.05,5.05,5.0201,5.0201,1182
144,5.03,5.03,5.03,5.03,181
145,5.05,5.05,5.05,5.05,100
147,5.02,5.02,4.9808,4.9808,1334
148,4.9901,5.02,4.9901,5.02,200
151,5,5.04,5,5.04,652
152,5.01,5.01,5.01,5.01,100
158,5.04,5.04,5.04,5.04,100
159,5.04,5.04,5.04,5.04,100
160,5.06,5.06,5.04,5.04,200
161,5.01,5.01,5.01,5.01,100
162,5.01,5.0224,5.01,5.0224,1800
163,5.0001,5.01,5.0001,5.01,884
166,5.02,5.02,5.02,5.02,100
170,5,5.04,5,5.02,2780
171,5.0001,5.0001,5.0001,5.0001,100
172,5.04,5.04,5.04,5.04,100
174,5.05,5.05,5.05,5.05,100
176,5,5.0229,5,5.0229,765
181,5,5,5,5,924
182,5,5,5,5,100
183,5.02,5.03,5.02,5.02,3035
289,5.04,5.04,5.04,5.04,100
300,5,5,4.98,4.98,379
301,4.98,4.98,4.98,4.98,100
303,4.98,4.98,4.98,4.98,100
306,5.02,5.02,5,5,3702
307,5.02,5.0395,5.0101,5.0395,1100
308,5.0001,5.02,5,5.02,1300
309,5.015,5.02,5.01,5.01,2200
310,5,5.0225,5,5.015,900
311,5.01,5.0225,5.01,5.0225,500
312,5.02,5.02,5.02,5.02,100
313,5,5.01,5,5.01,900
314,5,5.005,5,5.005,400
315,5,5.005,5,5,2300
316,5,5.005,5,5,700
317,4.99,5,4.99,5,1361
318,4.98,5,4.98,4.98,400
319,5,5,5,5,200
321,4.98,5,4.98,5,200
322,5,5,5,5,100
323,4.995,4.995,4.995,4.995,100
324,4.99,5.01,4.99,5.01,300
325,4.98,4.99,4.98,4.99,1941
326,4.96,4.97,4.96,4.96,600
327,4.98,4.98,4.96,4.97,2347
435,4.955,4.955,4.955,4.955,100
436,4.97,4.97,4.97,4.97,200
437,4.97,4.98,4.97,4.98,200
438,4.99,4.99,4.98,4.98,400
439,4.98,4.98,4.98,4.98,200
440,4.995,5,4.98,4.98,400
441,4.99,4.995,4.98,4.995,300
442,4.98,4.98,4.98,4.98,100
443,4.98,5,4.98,5,400
444,4.99,4.99,4.98,4.98,300
445,5.01,5.03,4.97,4.97,2696
446,5.01,5.01,5.01,5.01,200
447,4.99,5.05,4.99,5.05,700
448,4.99,4.99,4.99,4.99,100
449,5.01,5.01,5.01,5.01,100
450,5.01,5.01,5.01,5.01,100
451,5.01,5.01,5.01,5.01,100
452,5.005,5.005,5.005,5.005,100
453,5.01,5.01,5.01,5.01,100
454,5.01,5.01,5.01,5.01,100
455,4.995,4.995,4.99,4.99,200
457,5,5,5,5,100
458,4.98,4.99,4.95,4.99,1490
459,4.97,5,4.97,4.99,400
460,4.985,4.99,4.985,4.99,300
461,4.995,5,4.995,5,300
462,4.98,5,4.98,4.985,615
463,4.98,4.99,4.98,4.99,500
464,4.98,5,4.98,5,500
465,5,5,5,5,200
466,5,5,5,5,300
467,5.06,5.06,5,5,1250
469,5.01,5.03,5.01,5.03,300
470,5.01,5.01,5.01,5.01,400
471,5.02,5.02,5.01,5.01,5296
864,5.03,5.03,5.03,5.03,645
865,5,5,4.99,4.99,200
871,4.99,4.99,4.99,4.99,200
873,4.986,4.986,4.986,4.986,1052
875,4.96,4.96,4.96,4.96,500
876,4.96,4.97,4.96,4.96,700
877,4.96,4.97,4.96,4.97,400
878,4.96,4.97,4.96,4.96,600
879,4.96,4.97,4.96,4.96,500
880,4.96,4.96,4.96,4.96,400
881,4.97,4.97,4.96,4.97,395
884,4.98,4.98,4.97,4.97,395
886,4.97,4.97,4.97,4.97,100
888,4.96,4.98,4.96,4.97,3500
889,4.97,4.99,4.96,4.96,17700
890,4.96,4.975,4.96,4.975,500
891,4.9701,4.9701,4.97,4.97,1100
892,4.97,4.97,4.97,4.97,955
893,4.96,4.965,4.96,4.9601,800
894,4.96,4.965,4.96,4.96,1078
895,4.96,4.9601,4.96,4.9601,400
896,4.96,4.965,4.96,4.96,400
897,4.96,4.96,4.96,4.96,600
898,4.96,4.965,4.96,4.965,639
899,4.96,4.97,4.96,4.96,800
900,4.96,4.965,4.96,4.96,700
901,4.96,4.97,4.96,4.96,1900
902,4.96,4.97,4.96,4.97,1200
903,4.97,4.97,4.91,4.95,8394
a1497360600,5.01,5.01,5.01,5.01,125
1,4.99,4.99,4.99,4.99,100
2,4.93,4.93,4.93,4.93,100
3,4.95,4.95,4.95,4.95,300
4,4.98,4.98,4.98,4.98,100
5,5,5,5,5,100
7,4.97,4.97,4.97,4.97,100
8,4.9548,5.01,4.9548,5.01,600
9,5,5,5,5,100
11,4.99,4.99,4.99,4.99,100
14,4.96,4.96,4.96,4.96,100
15,4.99,4.99,4.99,4.99,100
16,4.99,4.99,4.97,4.97,200
17,4.97,4.97,4.97,4.97,100
19,4.99,4.99,4.99,4.99,100
20,4.99,4.99,4.99,4.99,100
22,4.99,4.99,4.99,4.99,100
26,4.99,4.99,4.99,4.99,100
27,4.99,4.99,4.99,4.99,100
30,4.97,4.97,4.97,4.97,100
36,4.97,4.97,4.97,4.97,100
38,4.97,4.97,4.97,4.97,200
39,4.97,4.98,4.96,4.96,1099
145,4.95,4.95,4.93,4.93,200
146,4.95,4.95,4.95,4.95,1100
147,4.95,4.98,4.95,4.98,400
148,4.95,4.9575,4.95,4.95,6525
149,4.95,4.95,4.95,4.95,300
150,4.95,4.95,4.95,4.95,400
151,4.95,4.95,4.95,4.95,1000
152,4.93,4.93,4.93,4.93,1300
153,4.93,4.93,4.93,4.93,1260
154,4.9,4.9,4.9,4.9,1100
155,4.91,4.91,4.9,4.9,600
156,4.91,4.93,4.91,4.91,900
157,4.93,4.93,4.91,4.91,3416
158,4.91,4.93,4.91,4.93,600
159,4.91,4.91,4.91,4.91,600
160,4.91,4.91,4.91,4.91,410
161,4.9,4.9,4.9,4.9,100
166,4.905,4.905,4.88,4.89,800
167,4.88,4.88,4.88,4.88,100
168,4.88,4.88,4.88,4.88,350
169,4.85,4.85,4.85,4.85,100
170,4.85,4.92,4.85,4.92,200
171,4.85,4.85,4.85,4.85,900
172,4.85,4.9,4.85,4.85,1000
173,4.94,4.99,4.85,4.85,6000
174,4.9,4.99,4.9,4.98,1074
175,4.9,4.9,4.9,4.9,190
176,4.92,4.92,4.92,4.92,100
177,4.85,4.89,4.85,4.89,2500
178,4.935,4.935,4.935,4.935,100
180,4.85,4.85,4.85,4.85,100
181,4.85,4.85,4.85,4.85,100
183,4.91,4.95,4.8,4.95,6708
289,4.9,4.9,4.9,4.9,100
299,4.91,4.91,4.91,4.91,100
306,4.94,4.94,4.94,4.94,100
309,4.92,4.92,4.92,4.92,100
312,4.895,4.895,4.895,4.895,100
313,4.95,4.95,4.91,4.91,1600
314,4.94,4.94,4.91,4.9184,600
316,4.95,4.95,4.94,4.94,875
317,4.95,4.95,4.95,4.95,1858
325,4.93,4.94,4.92,4.94,1000
327,4.93,4.95,4.93,4.95,802
433,4.93,4.93,4.87,4.87,24157
435,4.83,4.83,4.83,4.83,100
436,4.87,4.87,4.87,4.87,200
437,4.8777,4.8777,4.8777,4.8777,200
438,4.8912,4.8912,4.8912,4.8912,140
443,4.93,4.93,4.93,4.93,100
446,4.91,4.91,4.91,4.91,500
448,4.88,4.88,4.88,4.88,100
449,4.9,4.9,4.9,4.9,100
450,4.88,4.88,4.88,4.88,100
451,4.89,4.89,4.875,4.875,200
456,4.87,4.87,4.87,4.87,200
458,4.87,4.87,4.87,4.87,100
461,4.855,4.86,4.855,4.86,200
462,4.86,4.86,4.86,4.86,100
463,4.86,4.86,4.86,4.86,100
465,4.86,4.86,4.86,4.86,300
466,4.89,4.89,4.89,4.89,200
467,4.85,4.85,4.85,4.85,100
469,4.875,4.875,4.875,4.875,100
470,4.86,4.86,4.86,4.86,200
471,4.9,4.925,4.89,4.9,4495
871,4.89,4.9,4.84,4.84,1073
873,4.92,4.92,4.92,4.92,200
874,4.86,4.91,4.8,4.91,35787
882,4.87,4.87,4.87,4.87,177
885,4.88,4.88,4.88,4.88,200
889,4.86,4.88,4.86,4.88,22700
890,4.83,4.843,4.67,4.843,23558
891,4.8,4.8,4.76,4.8,2500
892,4.76,4.76,4.76,4.76,2000
893,4.77,4.8,4.77,4.8,2703
894,4.72,4.77,4.67,4.77,11736
895,4.76,4.76,4.73,4.73,800
897,4.74,4.74,4.74,4.74,200
898,4.75,4.76,4.745,4.745,1600
899,4.84,4.94,4.75,4.75,12202
900,4.87,4.87,4.77,4.86,2594
902,4.86,4.91,4.86,4.89,3000
903,4.88,4.88,4.88,4.88,1100
a1497965400,4.97,4.97,4.81,4.81,2298
1,4.93,4.93,4.93,4.93,100
3,4.87,4.87,4.87,4.87,100
8,4.78,4.78,4.78,4.78,100
9,4.805,4.805,4.79,4.79,1400
11,4.82,4.82,4.82,4.82,100
18,4.82,4.82,4.82,4.82,773
19,4.815,4.815,4.815,4.815,214
25,4.9,4.9,4.9,4.9,100
27,4.9,4.9,4.9,4.9,100
28,4.9,4.9,4.9,4.9,100
29,4.9,4.9,4.885,4.8979,3000
30,4.9,4.9,4.9,4.9,100
32,4.89,4.89,4.87,4.89,13100
33,4.87,4.87,4.87,4.87,100
35,4.88,4.88,4.88,4.88,100
36,4.9,4.9,4.88,4.88,200
37,4.9,4.9,4.9,4.9,600
38,4.9,4.9,4.88,4.9,5700
39,4.9,4.93,4.899,4.899,4972
147,4.94,4.94,4.9,4.9,2300
152,4.94,4.94,4.94,4.94,579
153,4.985,4.985,4.94,4.94,300
156,4.99,4.99,4.99,4.99,125
157,4.9698,4.9698,4.9698,4.9698,200
158,4.99,4.99,4.99,4.99,100
164,4.99,4.99,4.99,4.99,100
167,4.96,4.96,4.933,4.933,3059
171,4.95,5.01,4.95,4.97,454
173,4.86,4.96,4.86,4.96,7378
175,4.89,4.9125,4.87,4.87,24800
178,4.89,4.89,4.89,4.89,1611
179,4.83,4.89,4.83,4.89,7900
181,4.85,4.85,4.84,4.84,454
182,4.855,4.86,4.85,4.85,5900
183,4.86,4.88,4.85,4.855,10007
288,4.9,4.9,4.9,4.9,142
289,4.92,4.92,4.92,4.92,200
291,4.78,4.85,4.7665,4.85,1858
292,4.82,4.82,4.79,4.79,1100
293,4.84,4.84,4.84,4.84,171
294,4.88,4.88,4.88,4.88,200
296,4.9,4.96,4.9,4.93,1200
297,4.88,4.88,4.88,4.88,100
298,4.85,4.92,4.85,4.86,462
304,4.93,4.93,4.93,4.93,100
305,4.91,4.91,4.91,4.91,100
306,4.92,4.92,4.9,4.9,200
307,4.9,4.9,4.9,4.9,100
313,4.94,4.94,4.94,4.94,400
314,4.9,4.9,4.9,4.9,100
315,4.8488,4.8488,4.8488,4.8488,435
316,4.88,4.9,4.88,4.9,200
317,4.88,4.88,4.88,4.88,100
318,4.91,4.91,4.91,4.91,100
319,4.92,4.92,4.92,4.92,200
320,4.9,4.9,4.9,4.9,100
321,4.89,4.89,4.89,4.89,100
322,4.94,4.94,4.94,4.94,400
323,4.94,4.94,4.94,4.94,100
324,4.94,4.94,4.94,4.94,200
325,4.94,4.94,4.94,4.94,300
326,4.94,4.94,4.9399,4.9399,200
327,4.93,4.94,4.92,4.94,2441
438,4.98,4.98,4.98,4.98,100
439,4.96,5.02,4.96,5.02,500
441,5.03,5.03,5.03,5.03,100
445,5.02,5.02,5.02,5.02,100
451,5.01,5.01,5.01,5.01,100
454,5.06,5.06,5.06,5.06,200
460,5.03,5.03,5.03,5.03,100
461,5.04,5.04,5.04,5.04,100
465,5.03,5.03,5.0299,5.0299,200
467,5.01,5.03,5.01,5.03,600
468,5,5,5,5,100
469,5.06,5.06,5,5.05,1300
470,5.06,5.08,5.0499,5.06,4779
471,5.12,5.21,5.09,5.09,59564
864,5.08,5.08,5.08,5.08,357
867,5.09,5.09,5.09,5.09,300
869,5.08,5.08,5.08,5.08,100
871,5.08,5.08,5.08,5.08,100
874,5.03,5.03,5.03,5.03,200
877,5.03,5.03,5.03,5.03,200
878,5.01,5.01,5.01,5.01,100
879,5.01,5.01,4.98,4.98,1700
880,5,5,5,5,300
881,4.9675,4.975,4.9675,4.975,800
884,5,5,5,5,100
887,5,5,5,5,100
888,5,5,5,5,267
889,5.05,5.05,5.05,5.05,100
890,5.05,5.05,5.04,5.04,500
891,5.05,5.05,5.05,5.05,100
892,5.05,5.05,5.05,5.05,1200
893,5.08,5.08,5.075,5.075,300
894,5.09,5.09,5.08,5.08,200
897,5.09,5.09,5.09,5.09,200
901,5.0301,5.07,5.0301,5.07,400
903,5.05,5.05,5.05,5.05,1408
a1498572600,5.05,5.05,5.05,5.05,200
4,5.1,5.1,5.1,5.1,100
7,5.08,5.08,5.0789,5.079,2000
8,5.025,5.04,5.025,5.025,600
9,5.025,5.025,5.025,5.025,300
10,5.04,5.04,5.04,5.04,2200
12,5.04,5.04,5.04,5.04,100
13,5.04,5.04,5.0179,5.0179,1200
14,5.03,5.03,5.03,5.03,100
15,5.035,5.035,5.035,5.035,400
16,5.04,5.04,5.035,5.04,300
17,5.03,5.03,5.03,5.03,100
19,5.03,5.05,5.03,5.05,300
20,5.04,5.04,5.04,5.04,200
21,5.011,5.035,5.011,5.035,800
22,5.035,5.035,5.035,5.035,100
23,5.035,5.035,5.035,5.035,100
24,5.035,5.035,5.035,5.035,200
25,5.035,5.05,5.035,5.05,400
26,5.03,5.05,5.03,5.05,200
27,5.04,5.04,5.025,5.025,400
28,5.04,5.04,5.025,5.04,500
29,5.04,5.04,5.02,5.02,200
30,5.03,5.03,5.03,5.03,1200
31,5.04,5.04,5.04,5.04,500
32,5.03,5.03,5.02,5.03,400
33,5.03,5.04,5.02,5.03,1500
34,5.015,5.03,5.015,5.02,875
35,5,5.03,5,5.015,3275
140,4.91,4.91,4.91,4.91,9600
145,5.0711,5.08,5.07,5.08,1117
151,5.06,5.06,5.06,5.06,100
152,5.06,5.06,5.06,5.06,200
153,5.06,5.06,5.06,5.06,100
155,5.0401,5.06,5.0401,5.06,1400
156,5.05,5.05,5.05,5.05,100
157,5.06,5.06,5.06,5.06,400
158,5.055,5.055,5.055,5.055,100
160,5.07,5.07,5.07,5.07,100
163,5.07,5.07,5.07,5.07,100
166,5.06,5.06,5.05,5.06,700
167,5.06,5.06,5.06,5.06,100
168,5.0501,5.0501,5.05,5.05,400
169,5.06,5.06,5.06,5.06,100
170,5.06,5.06,5.06,5.06,100
171,5.05,5.06,5.05,5.06,741
172,5.04,5.06,5.04,5.06,1000
173,5.03,5.04,5.03,5.04,200
174,5.03,5.03,5.03,5.03,100
175,5.03,5.03,5.01,5.03,740
176,5.03,5.03,5.03,5.03,100
177,5.03,5.03,5.03,5.03,500
178,5.02,5.03,5.02,5.03,660
179,5.01,5.02,5.01,5.01,2572
285,5.06,5.06,5.06,5.06,150
287,5,5.07,5,5.07,800
288,4.99,4.99,4.95,4.95,400
291,4.965,4.965,4.965,4.965,100
294,4.96,4.96,4.96,4.96,100
295,5,5,5,5,200
296,5.01,5.01,4.9238,4.97,1300
297,4.985,5,4.985,5,1600
298,5.02,5.02,5.02,5.02,963
299,4.965,5,4.965,5,4500
300,4.93,4.97,4.92,4.94,3584
302,4.95,4.95,4.95,4.95,200
303,4.99,5.02,4.98,4.98,1815
309,5.02,5.02,5.02,5.02,454
311,5,5,5,5,100
313,4.965,4.965,4.931,4.931,750
314,4.93,4.93,4.93,4.93,100
315,4.96,4.96,4.96,4.96,300
317,4.96,4.98,4.96,4.98,200
318,4.95,4.95,4.95,4.95,200
319,4.91,4.91,4.91,4.91,100
320,4.91,4.91,4.91,4.91,100
321,4.92,4.93,4.92,4.93,500
322,4.97,4.97,4.97,4.97,400
323,4.96,4.97,4.96,4.96,4532
429,5.02,5.02,5.02,5.02,100
437,5.01,5.01,5.01,5.01,100
441,5.02,5.02,5.02,5.02,100
444,5.02,5.02,5.01,5.01,200
454,5.05,5.05,5.03,5.03,200
456,4.98,5,4.98,5,700
459,5.05,5.05,5.05,5.05,1000
462,5.05,5.05,5.05,5.05,100
463,5.03,5.03,5.02,5.03,900
464,5.03,5.03,5.03,5.03,300
465,5.04,5.07,5.04,5.07,200
466,5.05,5.05,5.05,5.05,100
467,5.07,5.07,5.05,5.05,2756
860,5.11,5.11,5.11,5.11,211
861,5.13,5.13,5.13,5.13,200
862,5.11,5.2299,5.11,5.2299,1013
863,5.1,5.1,5.1,5.1,100
867,5.12,5.12,5.12,5.12,100
868,5.12,5.12,5.12,5.12,100
869,5.12,5.15,5.12,5.14,831
874,5.11,5.12,5.11,5.12,200
876,5.1,5.1,5.1,5.1,300
877,5.07,5.07,5.07,5.07,200
880,5.02,5.03,5.02,5.03,200
881,5.1,5.1,5.05,5.05,1001
a1499261400,5.15,5.15,5.15,5.15,182
2,5.06,5.11,5.06,5.11,400
3,5.05,5.05,5.05,5.05,100
8,5.04,5.04,5.04,5.04,100
10,5.0172,5.0172,5.0172,5.0172,760
12,4.9962,4.9962,4.9962,4.9962,356
20,4.98,4.98,4.98,4.98,100
22,5.02,5.02,5.01,5.01,200
26,4.93,5.01,4.93,5.01,200
28,4.97,4.97,4.97,4.97,100
29,4.99,4.99,4.955,4.955,400
30,5,5.01,5,5,1100
31,5.05,5.08,5.01,5.01,1100
35,5.08,5.08,5.08,5.08,100
36,5.1,5.12,5.08,5.08,3053
39,5.03,5.1,5.0201,5.08,4640
