EXCHANGE%3DNASDAQ
MARKET_OPEN_MINUTE=570
MARKET_CLOSE_MINUTE=960
INTERVAL=600
COLUMNS=DATE,CLOSE,HIGH,LOW,OPEN,VOLUME
DATA=
TIMEZONE_OFFSET=-240
a1493040600,14.9,14.9,14.9,14.9,1870
1,14.89,14.9,14.8,14.8563,1200
2,14.956,14.956,14.8,14.89,15676
3,14.89,14.97,14.89,14.97,1360
4,14.875,14.9499,14.84,14.84,3900
5,14.82,14.91,14.82,14.91,600
6,14.91,14.91,14.8,14.8615,500
7,14.86,14.94,14.86,14.92,1100
8,14.8,14.81,14.8,14.81,400
9,14.7209,14.74,14.5816,14.74,2667
10,14.63,14.84,14.6201,14.84,1878
11,14.8438,14.8438,14.73,14.73,1900
12,14.87,14.89,14.82,14.82,5150
13,14.8,14.854,14.7401,14.85,5550
14,14.79,14.8,14.79,14.8,2400
15,14.74,14.805,14.74,14.8,1400
16,14.8,14.8,14.75,14.75,400
17,14.76,14.76,14.76,14.76,100
18,14.8,14.8,14.75,14.75,775
19,14.8,14.8,14.8,14.8,800
20,14.76,14.7689,14.76,14.7689,1100
21,14.81,14.81,14.81,14.81,100
22,14.8,14.85,14.78,14.85,1625
23,14.7864,14.8,14.7864,14.79,1200
24,14.7901,14.7901,14.79,14.79,400
25,14.77,14.84,14.77,14.82,800
26,14.84,14.84,14.84,14.84,100
27,14.78,14.7873,14.74,14.7601,3500
28,14.76,14.76,14.73,14.75,700
29,14.7341,14.78,14.7,14.7697,2200
30,14.753,14.83,14.753,14.83,5700
31,14.77,14.79,14.74,14.7871,4108
32,14.8,14.8,14.7637,14.8,850
33,14.8,14.8,14.7421,14.79,500
34,14.78,14.805,14.78,14.8,1900
35,14.8,14.8,14.78,14.785,700
36,14.85,14.85,14.77,14.78,3500
37,14.88,14.95,14.8184,14.84,9854
38,14.8294,14.8999,14.8201,14.86,1940
39,14.87,14.87,14.81,14.87,7994
144,14.93,14.93,14.93,14.93,159
145,14.9143,14.93,14.7331,14.88,1555
146,14.92,14.92,14.7101,14.7101,225
147,14.85,14.91,14.85,14.91,600
148,14.96,15.042,14.875,14.875,14824
149,14.9,14.97,14.8001,14.9301,1200
150,14.9337,14.97,14.9318,14.9318,1300
151,14.8701,14.97,14.8501,14.94,7200
152,14.9476,14.95,14.8901,14.9198,1100
153,15.1,15.11,14.97,15,17824
154,15.07,15.15,15.05,15.1,5406
155,15.13,15.15,15,15.12,7268
156,15.08,15.13,15.06,15.13,1698
157,15.05,15.13,15.05,15.08,5006
158,15.1,15.1,15.1,15.1,100
159,15.15,15.22,15.12,15.12,11929
160,15.18,15.2,15.15,15.2,4640
161,15.19,15.2,15.1,15.2,3700
162,15.1601,15.2,15.15,15.1722,4447
163,15.24,15.24,15.17,15.17,15455
164,15.15,15.24,15.0878,15.24,15501
165,15.15,15.15,15.1207,15.15,3700
166,15.19,15.24,15.14,15.15,14400
167,15.23,15.23,15.19,15.23,2200
168,15.2,15.2501,15.1,15.22,21070
169,15.1684,15.19,15.1684,15.17,1420
170,15.24,15.24,15.1601,15.19,3878
171,15.29,15.29,15.23,15.23,1987
172,15.18,15.3,15.18,15.26,11635
173,15.25,15.3,15.225,15.3,5022
174,15.275,15.29,15.17,15.18,15486
175,15.25,15.3,15.25,15.3,700
176,15.3,15.3,15.25,15.3,1500
177,15.42,15.43,15.33,15.35,11192
178,15.35,15.43,15.28,15.4,10139
179,15.28,15.37,15.24,15.35,5100
180,15.28,15.4,15.21,15.23,6400
181,15.22,15.28,15.21,15.2576,6200
182,15.18,15.24,15.18,15.22,3900
183,15.2,15.2,15.15,15.2,8999
288,15.22,15.22,15.22,15.22,549
289,15.2,15.41,15.2,15.345,18435
290,15.14,15.18,15.07,15.18,900
291,15.18,15.2,15.18,15.2,1200
292,15.1544,15.1892,15.11,15.12,3281
293,15.25,15.25,15.12,15.17,6500
294,15.27,15.3262,15.14,15.14,2000
295,15.19,15.23,15.19,15.215,1100
296,15.265,15.27,15.23,15.23,800
297,15.265,15.28,15.255,15.255,3084
298,15.28,15.31,15.26,15.28,3245
299,15.29,15.3,15.29,15.29,800
300,15.35,15.35,15.29,15.3,1300
301,15.395,15.42,15.3107,15.3107,2100
302,15.42,15.42,15.42,15.42,400
303,15.42,15.42,15.38,15.42,600
304,15.41,15.42,15.38,15.42,2800
305,15.36,15.38,15.352,15.38,2100
306,15.38,15.38,15.34,15.38,1600
307,15.38,15.38,15.34,15.38,600
308,15.36,15.38,15.36,15.38,1800
309,15.38,15.38,15.36,15.38,1200
310,15.38,15.38,15.37,15.38,1690
311,15.32,15.38,15.32,15.37,1200
312,15.22,15.37,15.19,15.37,5200
313,15.22,15.24,15.17,15.24,1000
314,15.25,15.27,15.21,15.25,2800
315,15.15,15.28,15.15,15.28,1600
316,15.22,15.27,15.167,15.22,1854
317,15.2,15.25,15.16,15.25,950
318,15.2,15.21,15.1962,15.2,800
319,15.2,15.22,15.2,15.2,800
320,15.2,15.22,15.2,15.22,900
321,15.19,15.2,15.1201,15.19,2540
322,15.18,15.18,15.18,15.18,400
323,15.19,15.19,15.18,15.18,1800
324,15.19,15.2,15.17,15.19,1802
325,15.2,15.21,15.15,15.155,3300
326,15.18,15.18,15.12,15.12,200
327,15.19,15.2,15.145,15.18,4192
432,15.18,15.18,15.18,15.18,451
433,15.16,15.2,15.15,15.15,1600
434,15.16,15.2,15.16,15.1747,2200
435,15.2003,15.25,15.16,15.1634,50227
436,15.2,15.22,15.2,15.2,2500
437,15.19,15.2,15.18,15.2,1200
438,15.16,15.2,15.16,15.2,10384
439,15.2,15.2,15.15,15.16,11420
440,15.2162,15.24,15.16,15.24,2300
441,15.22,15.23,15.22,15.23,200
442,15.19,15.2,15.19,15.2,500
443,15.19,15.2,15.19,15.2,300
445,15.15,15.175,15.08,15.17,4043
446,15.1273,15.15,15.09,15.1127,1200
447,15.13,15.13,15.12,15.12,400
448,15.14,15.14,15.09,15.09,600
449,15.1361,15.1361,15.1361,15.1361,100
450,15.1,15.1,15.1,15.1,100
451,15.15,15.15,15.11,15.14,950
452,15.15,15.15,15.11,15.15,13800
453,15.17,15.2,15.15,15.15,13070
454,15.2,15.2,15.19,15.2,1100
455,15.2,15.2,15.2,15.2,800
456,15.2,15.2,15.18,15.2,1500
457,15.2,15.2,15.2,15.2,100
458,15.2,15.2,15.2,15.2,100
460,15.2,15.2,15.16,15.16,1250
461,15.2,15.2,15.2,15.2,100
462,15.15,15.17,15.15,15.16,700
463,15.2,15.2,15.17,15.19,1812
464,15.17,15.2,15.17,15.2,1223
465,15.146,15.146,15.14,15.14,288
466,15.16,15.17,15.12,15.17,1000
467,15.1103,15.17,15.1103,15.15,5201
468,15.04,15.13,15.04,15.13,2516
469,14.99,15.11,14.99,15.03,3450
470,14.9224,14.9999,14.9224,14.99,2000
471,14.96,14.98,14.8,14.89,11610
576,15,15,15,15,903
577,14.836,14.97,14.795,14.97,535
578,14.8,14.8,14.58,14.7268,3050
579,14.78,14.85,14.6901,14.6901,6520
580,14.74,14.785,14.73,14.75,1885
581,14.75,14.75,14.7,14.7499,3000
582,14.61,14.72,14.5919,14.72,9707
583,14.58,14.67,14.58,14.61,1550
584,14.65,14.65,14.62,14.62,1300
585,14.64,14.67,14.52,14.57,4887
586,14.66,14.7,14.63,14.68,9466
587,14.7,14.7,14.66,14.66,1900
588,14.6999,14.7,14.686,14.69,4200
589,14.7,14.7,14.69,14.69,700
590,14.7,14.7,14.7,14.7,300
591,14.7,14.7,14.65,14.7,8240
592,14.7,14.71,14.695,14.7,5370
593,14.7,14.71,14.68,14.71,5100
594,14.79,14.8,14.7,14.7,3280
595,14.81,14.83,14.789,14.83,1500
596,14.83,14.83,14.7904,14.81,1535
597,14.95,14.95,14.83,14.83,2400
598,15.05,15.05,14.94,14.95,6400
599,15.05,15.05,15.01,15.05,19325
600,15.05,15.05,15.025,15.025,3300
601,15.05,15.05,15.0221,15.05,1850
602,15.01,15.05,15.01,15.05,1150
603,15.02,15.02,14.98,15.02,1200
604,14.99,14.99,14.99,14.99,300
605,14.85,15,14.85,14.99,2121
606,14.95,14.95,14.8501,14.8673,1250
607,14.95,14.98,14.95,14.95,400
608,14.9774,15,14.95,14.975,1192
609,14.92,14.99,14.92,14.99,300
610,14.97,15.01,14.94,14.98,1522
611,14.91,14.91,14.8721,14.8721,800
612,14.97,14.97,14.91,14.9684,1000
613,14.93,14.9899,14.92,14.92,1600
614,14.8699,14.8699,14.82,14.82,555
615,14.91,14.93,14.78,14.88,10115
a1493645400,14.86,14.86,14.86,14.86,2305
1,14.89,14.89,14.89,14.89,100
3,14.84,14.9448,14.531,14.54,3165
4,14.91,14.94,14.79,14.79,1700
5,15,15,14.89,14.94,1000
6,14.94,15,14.94,14.99,2100
7,14.93,15,14.92,14.97,1500
8,15,15,14.955,14.955,2369
9,15.02,15.02,14.9901,15.0199,680
10,14.93,15.03,14.93,15.0299,500
11,15.02,15.02,14.93,14.94,1199
12,14.99,14.99,14.99,14.99,400
13,15,15.02,14.9,15.02,1500
14,14.99,15.02,14.99,15.02,1200
15,14.955,15.04,14.9,15.04,4048
16,14.93,15,14.83,14.97,12300
17,15,15,14.94,14.97,700
18,14.99,15,14.9749,14.975,1150
19,14.97,15,14.965,15,1400
20,14.99,15.01,14.99,15,1900
21,14.985,15.005,14.98,14.98,900
22,14.99,15,14.985,14.985,800
23,14.89,15,14.85,14.96,2600
24,14.87,14.91,14.87,14.9,1600
25,14.92,14.92,14.885,14.92,600
26,14.87,14.91,14.87,14.91,700
27,14.8846,14.92,14.8742,14.8742,1200
28,14.9,14.9,14.88,14.9,600
29,14.84,14.92,14.83,14.92,1500
30,14.84,14.84,14.83,14.84,700
31,14.83,14.84,14.705,14.84,1100
32,14.8199,14.84,14.61,14.84,42000
33,14.9,14.9,14.8,14.82,5928
34,14.85,14.9,14.8,14.9,2300
35,14.87,14.87,14.796,14.85,1900
36,14.87,14.88,14.82,14.88,1400
37,14.89,14.89,14.82,14.87,3400
38,14.89,14.9,14.86,14.89,2200
39,14.89,14.9,14.84,14.89,8663
144,14.95,14.95,14.95,14.95,260
145,14.97,15.05,14.9347,15.04,23624
146,14.9447,14.9905,14.89,14.95,750
147,14.9999,15,14.94,14.9943,965
148,14.932,15,14.932,14.97,1400
149,14.89,14.98,14.89,14.9,5015
150,14.75,14.85,14.75,14.79,2950
151,14.61,14.69,14.57,14.69,3000
152,14.68,14.68,14.61,14.61,6300
153,14.6308,14.69,14.62,14.67,2800
154,14.63,14.67,14.6183,14.67,8601
155,14.59,14.66,14.59,14.66,1800
156,14.58,14.6499,14.58,14.62,1300
157,14.62,14.62,14.62,14.62,200
158,14.63,14.63,14.59,14.63,400
159,14.62,14.69,14.62,14.62,1510
160,14.62,14.63,14.57,14.63,1540
161,14.63,14.66,14.57,14.57,2800
162,14.64,14.66,14.6,14.6,580
163,14.58,14.64,14.58,14.5816,400
164,14.6156,14.6156,14.58,14.5991,1500
165,14.64,14.64,14.64,14.64,100
166,14.6,14.67,14.6,14.67,910
167,14.57,14.63,14.57,14.57,1000
168,14.57,14.6,14.57,14.57,5336
169,14.51,14.56,14.51,14.56,200
170,14.52,14.58,14.51,14.51,1000
171,14.55,14.55,14.5299,14.55,1680
172,14.5182,14.58,14.51,14.5487,850
173,14.54,14.57,14.5138,14.5138,1800
174,14.56,14.56,14.52,14.55,1590
175,14.525,14.525,14.51,14.51,200
176,14.51,14.51,14.51,14.51,200
177,14.47,14.51,14.4,14.51,16301
178,14.34,14.47,14.28,14.446,6200
179,14.58,14.669,14.34,14.345,40606
180,14.625,14.81,14.55,14.63,8640
181,14.68,14.68,14.6,14.66,1606
182,14.56,14.67,14.52,14.67,2600
183,14.5,14.58,14.5,14.57,5498
288,14.42,14.42,14.42,14.42,1773
289,14.28,14.45,14.28,14.2801,1085
290,14.43,14.46,14.26,14.31,6500
291,14.4,14.42,14.4,14.42,200
292,14.4,14.4199,14.4,14.4199,250
293,14.2999,14.36,14.29,14.34,1400
294,14.3,14.3,14.2788,14.2788,1500
295,14.08,14.27,14.03,14.26,16923
296,14.21,14.21,14.14,14.1588,800
297,14.2587,14.2999,14.18,14.28,2770
298,14.16,14.2316,14.16,14.2316,1700
299,14.15,14.1813,14.14,14.16,3050
300,14.1552,14.2,14.1213,14.1213,4000
301,14.22,14.3,14.19,14.19,7101
302,14.21,14.21,14.21,14.21,300
303,14.15,14.1591,14.13,14.15,2100
304,14.1949,14.1999,14.18,14.18,1390
305,14.151,14.21,14.151,14.2,530
306,14.1535,14.1535,14.1535,14.1535,800
307,14.21,14.22,14.15,14.15,500
308,14.1742,14.1742,14.17,14.17,200
309,14.21,14.21,14.15,14.16,3680
310,14.15,14.1717,14.15,14.169,750
311,14.15,14.15,14.15,14.15,100
312,14.175,14.2,14.15,14.2,1390
313,14.1804,14.1804,14.15,14.15,1200
314,14.15,14.15,14.15,14.15,100
315,14.16,14.19,14.16,14.1831,1745
316,14.1601,14.21,14.15,14.15,3455
317,14.15,14.21,14.15,14.1896,1180
318,14.14,14.16,14.14,14.15,2472
319,14.14,14.15,14.1388,14.14,1700
320,14.13,14.1799,14.13,14.14,2360
321,14.15,14.15,14.15,14.15,250
322,14.0497,14.14,14.0497,14.13,4400
323,14.05,14.0599,14.01,14.04,2550
324,14.08,14.1051,14.02,14.1,2000
325,14.1465,14.15,14.03,14.03,4074
326,14.29,14.29,14.15,14.16,11084
327,14.2,14.36,14.06,14.29,31571
432,15.31,15.45,15.31,15.45,10429
433,15.71,15.74,14.99,15.195,88347
434,15.7913,16.23,15.6301,15.66,95110
435,15.86,16,15.75,15.8574,22326
436,15.91,16,15.85,15.89,13719
437,15.5,15.85,15.2152,15.85,36365
438,15.5,15.5,15.41,15.46,11079
439,15.83,15.83,15.41,15.49,6369
440,15.56,15.799,15.56,15.799,2250
441,15.52,15.5201,15.52,15.5201,900
442,15.33,15.45,15.25,15.45,8611
443,15.2,15.33,15.2,15.285,12476
444,15.1,15.21,15.07,15.14,7393
445,15.05,15.1899,15.0107,15.15,10558
446,15.22,15.22,15.0452,15.09,2139
447,15.135,15.24,15.12,15.2,5500
448,15.145,15.15,15.0766,15.145,4210
449,15.15,15.23,15.0801,15.12,3600
450,15.23,15.23,15.15,15.15,2096
451,15.112,15.23,15.112,15.1996,2024
452,15.139,15.2,15.06,15.15,3000
453,15.1,15.15,15.09,15.15,1360
454,15.07,15.149,15.05,15.149,3300
455,14.96,15.07,14.9,15.07,6150
456,14.89,14.96,14.89,14.93,2025
457,14.99,14.99,14.8908,14.8908,1900
458,14.96,14.96,14.95,14.9533,800
459,15.01,15.07,14.93,14.9552,4000
460,15,15.04,15,15.035,1207
461,14.92,15,14.92,15,1100
462,14.78,14.95,14.75,14.92,3906
463,14.79,14.79,14.76,14.7601,400
464,14.76,14.81,14.76,14.79,2952
465,14.63,14.76,14.55,14.76,11076
466,14.44,14.59,14.29,14.56,7228
467,14.3025,14.56,14.25,14.44,9739
468,14.5,14.5,14.35,14.4175,7130
469,14.47,14.5,14.41,14.5,3600
470,14.44,14.49,14.32,14.44,7644
471,14.43,14.49,14.29,14.37,21304
576,14.45,14.45,14.45,14.45,1030
577,14.4,14.4556,14.4,14.4556,260
578,14.44,14.44,14.44,14.44,100
579,14.39,14.39,14.2812,14.3,1600
580,14.052,14.42,14.01,14.42,28248
581,13.8399,14.04,13.62,14.02,27249
582,13.92,13.94,13.79,13.79,12030
583,13.96,14.0199,13.89,13.92,12432
584,13.84,13.95,13.8284,13.93,11280
585,13.84,13.93,13.7675,13.8,9500
586,13.8601,13.9099,13.81,13.86,2898
587,13.795,13.9,13.78,13.88,6539
588,13.89,13.9374,13.78,13.795,8900
589,13.84,13.935,13.84,13.8999,5135
590,13.8227,13.846,13.8,13.846,2031
591,13.8439,13.8439,13.8,13.8,3100
592,13.8564,13.8922,13.81,13.81,1600
593,13.87,13.93,13.87,13.9,2450
594,13.83,13.9,13.83,13.9,685
595,13.83,13.88,13.83,13.83,2150
596,13.83,13.87,13.83,13.83,3100
597,13.8403,13.86,13.82,13.83,4250
598,13.81,13.8567,13.81,13.8352,7600
599,13.8,13.84,13.8,13.84,4498
600,13.8199,13.83,13.75,13.8046,19407
601,13.8,13.85,13.795,13.83,2950
602,13.8,13.828,13.7852,13.8,5635
603,13.795,13.8142,13.77,13.8,2785
604,13.8002,13.83,13.795,13.795,2845
605,13.795,13.87,13.795,13.81,12548
606,13.8,13.8472,13.776,13.8,5550
607,13.84,13.8514,13.79,13.8,6925
608,13.825,13.84,13.8,13.8339,1340
609,13.8,13.85,13.79,13.83,5200
610,13.795,13.8041,13.79,13.79,2500
611,13.82,13.84,13.77,13.79,3000
612,13.81,13.82,13.78,13.82,3622
613,13.81,13.83,13.8,13.81,2900
614,13.82,13.83,13.8,13.83,7489
615,13.81,13.83,13.76,13.82,14156
a1494250800,13.64,13.73,13.63,13.69,1900
1,13.5628,13.59,13.43,13.55,15794
2,13.89,13.9,13.57,13.57,8180
3,13.89,14.02,13.89,13.9395,4902
4,13.84,13.9,13.84,13.9,2380
5,13.72,13.84,13.7,13.81,1782
6,13.66,13.75,13.66,13.72,1936
7,13.72,13.72,13.72,13.72,100
8,13.71,13.73,13.7,13.71,4400
9,13.68,13.71,13.67,13.71,1798
10,13.66,13.67,13.66,13.67,400
11,13.6222,13.6288,13.6222,13.6252,1484
12,13.6,13.68,13.6,13.66,900
13,13.59,13.59,13.59,13.59,100
14,13.49,13.5783,13.48,13.53,5429
15,13.4,13.5,13.4,13.5,4633
16,13.3866,13.4,13.26,13.4,7971
17,13.3501,13.3899,13.35,13.368,4638
18,13.25,13.3515,13.25,13.35,13728
19,13.2668,13.2668,13.25,13.25,2400
20,13.25,13.2866,13.25,13.26,4045
21,13.119,13.27,13.08,13.27,20613
22,13.32,13.33,13.09,13.09,5590
23,13.28,13.3594,13.26,13.3594,2200
24,13.2399,13.27,13.21,13.27,3201
25,13.4,13.4,13.22,13.22,6846
26,13.3,13.3994,13.25,13.3994,1600
27,13.32,13.3561,13.25,13.301,2000
28,13.34,13.34,13.3,13.31,1200
29,13.34,13.3534,13.28,13.3201,1940
30,13.34,13.4199,13.3,13.3,4649
31,13.25,13.3,13.25,13.3,200
32,13.44,13.44,13.24,13.24,2801
33,13.66,13.66,13.38,13.4,15435
34,13.701,13.75,13.7,13.7,13090
35,13.77,13.85,13.6857,13.76,9848
36,13.55,13.78,13.55,13.78,3600
37,13.64,13.74,13.6,13.6,2549
38,13.61,13.64,13.53,13.64,4736
143,13.53,13.53,13.53,13.53,2500
144,13.59,13.59,13.39,13.39,1120
145,13.59,13.59,13.59,13.59,100
146,13.58,13.58,13.43,13.5004,800
147,13.53,13.54,13.53,13.54,600
148,13.5004,13.5004,13.5004,13.5004,1000
149,13.67,13.67,13.4901,13.5,2500
150,13.501,13.726,13.501,13.67,1615
151,13.53,13.54,13.5,13.54,500
152,13.56,13.64,13.54,13.54,948
153,13.66,13.7,13.54,13.62,12150
154,13.53,13.645,13.53,13.645,1300
155,13.51,13.57,13.5,13.57,1000
156,13.49,13.5126,13.43,13.5126,900
157,13.53,13.6099,13.53,13.6099,950
158,13.54,13.54,13.54,13.54,100
159,13.62,13.699,13.52,13.52,2600
160,13.73,13.73,13.65,13.69,3200
161,13.73,13.73,13.7,13.73,1700
162,13.72,13.72,13.7,13.7,300
163,13.72,13.72,13.72,13.72,100
164,13.7001,13.72,13.7,13.717,1000
165,13.73,13.73,13.7,13.7,200
166,13.76,13.76,13.7,13.73,400
167,13.75,13.75,13.75,13.75,100
168,13.73,13.75,13.7,13.73,900
169,13.74,13.75,13.74,13.74,1500
170,13.74,13.74,13.71,13.71,400
171,13.7023,13.71,13.67,13.71,300
172,13.71,13.72,13.67,13.72,2942
173,13.68,13.7594,13.68,13.69,1100
174,13.7367,13.7367,13.66,13.66,1022
175,13.76,13.79,13.7,13.71,16345
176,13.75,13.77,13.726,13.726,1400
177,13.78,13.79,13.7325,13.745,19224
178,13.84,13.84,13.74,13.81,28699
179,13.85,13.87,13.84,13.85,3871
180,13.85,13.87,13.82,13.82,5800
181,13.875,13.9,13.84,13.85,1959
182,13.89,13.92,13.865,13.8738,17350
287,13.81,13.81,13.81,13.81,344
288,13.92,13.98,13.92,13.98,300
289,13.92,13.98,13.92,13.9309,1300
291,13.956,13.956,13.92,13.93,300
292,13.88,13.935,13.87,13.9201,2020
293,13.7101,13.88,13.7101,13.7688,818
294,13.7533,13.79,13.73,13.74,600
295,13.9,13.9,13.7604,13.7604,3784
296,13.87,13.87,13.83,13.84,300
297,13.9,13.9,13.81,13.84,1600
298,13.9,13.91,13.8608,13.91,1100
299,13.94,13.94,13.89,13.8992,1700
300,13.93,13.93,13.89,13.9,885
301,13.94,13.94,13.93,13.94,500
302,13.93,13.94,13.93,13.93,600
303,13.93,13.94,13.93,13.93,300
304,13.95,13.98,13.92,13.92,3700
305,14.05,14.05,13.9349,13.9349,8704
306,14.05,14.08,14.03,14.08,2609
307,14.031,14.05,14.03,14.03,400
308,13.98,14.03,13.96,14.03,1650
309,14.03,14.03,13.99,13.99,300
311,13.99,14,13.97,13.97,400
312,14,14.05,14,14.02,700
313,14.09,14.2,14.02,14.05,34432
314,14.0801,14.1208,14.08,14.11,1900
315,14.08,14.08,14.05,14.05,600
316,14.08,14.09,14.0601,14.09,1228
317,14.09,14.13,14.07,14.07,1100
318,14.18,14.18,14.09,14.1,1650
319,14.195,14.208,14.1723,14.2,1900
320,14.21,14.25,14.16,14.195,6250
321,14.21,14.23,14.2005,14.23,4318
322,14.28,14.28,14.21,14.22,3700
323,14.235,14.27,14.2347,14.25,6850
324,14.22,14.26,14.21,14.26,3134
325,14.27,14.27,14.22,14.22,2800
326,14.3,14.33,14.24,14.245,9159
431,14.22,14.22,14.22,14.22,1730
432,14.2215,14.29,14.22,14.27,2152
433,14.2718,14.2718,14.22,14.22,600
434,14.22,14.2221,14.15,14.15,900
435,14.1,14.14,14.1,14.14,3834
436,14.03,14.1434,13.97,14.1434,7500
437,13.92,14.06,13.92,14.06,2800
438,14.04,14.05,13.92,13.92,2920
439,14.02,14.0411,14,14.03,1200
440,14,14.02,13.99,14.02,600
441,14.07,14.07,13.95,14,5800
442,13.96,14.07,13.96,14.07,800
443,13.98,14.03,13.97,13.997,1125
444,14.02,14.02,13.97,13.98,500
445,14.0136,14.0136,14.0136,14.0136,300
446,14.02,14.0212,14,14,545
447,14.025,14.025,14.025,14.025,100
448,14.05,14.05,14.0324,14.0324,1350
449,14.0261,14.0323,14.01,14.01,950
451,14.03,14.07,14.03,14.05,700
452,14.01,14.045,14.01,14.0395,600
453,14.01,14.0574,14,14.051,11822
454,13.99,14.01,13.98,13.98,800
455,14.01,14.01,13.99,13.99,1000
456,13.99,14.01,13.99,14,882
457,13.99,13.99,13.99,13.99,100
458,14.1,14.1,14.02,14.02,500
459,14.1531,14.18,14.04,14.04,1900
460,14.2,14.2,14.2,14.2,600
461,14.19,14.22,14.19,14.22,600
462,14.18,14.18,14.17,14.17,700
463,14.15,14.15,14.15,14.15,200
464,14.14,14.165,14.14,14.165,300
465,14.16,14.17,14.16,14.17,300
466,14.13,14.19,14.13,14.19,29852
467,14.06,14.13,14,14.09,7551
468,14.1,14.1,14.04,14.06,1000
469,14.1,14.14,14.06,14.07,2400
470,14.08,14.12,14.05,14.05,8366
575,14.34,14.34,14.09,14.09,424
576,14.1012,14.3238,14.0802,14.15,6214
577,14.14,14.14,14.02,14.14,900
579,14.18,14.32,14.01,14.05,37176
580,14.11,14.1668,14.11,14.1668,800
581,14.08,14.1,14.06,14.1,600
582,14.02,14.02,14.02,14.02,100
583,14.04,14.0414,14.04,14.0401,1100
584,14.14,14.1447,14.12,14.1447,300
585,14.09,14.14,14.09,14.1,400
586,14.04,14.04,14.04,14.04,100
587,14.11,14.11,14.1,14.1,200
588,14.05,14.05,14.05,14.05,100
589,14.1844,14.1844,14.1114,14.13,2215
590,14.1,14.1,14.1,14.1,100
591,14.0601,14.0612,14.06,14.06,1450
592,14.09,14.24,14.05,14.12,1100
593,14.0713,14.1303,14.0713,14.1303,1900
594,14.08,14.2478,13.9901,14.01,2173
595,14.06,14.12,14.0341,14.0341,3941
596,14.01,14.01,13.9801,14.01,1199
598,14.1,14.1,14.07,14.07,200
599,14.01,14.0501,14.01,14.0501,635
600,14.02,14.06,14.01,14.01,800
601,14.09,14.1,14.01,14.05,800
602,14.07,14.09,14.06,14.09,2450
603,14.09,14.1099,14.05,14.05,2900
604,14.02,14.09,14.02,14.09,850
605,14.01,14.04,14.01,14.04,200
606,13.98,14.04,13.98,14.02,6066
607,13.98,14.01,13.98,14,5398
608,14.015,14.02,13.99,13.99,500
609,14.03,14.03,14.015,14.015,1218
610,14.03,14.03,14.02,14.02,400
611,13.99,14.05,13.99,14.0064,6485
612,13.98,14,13.98,13.99,1154
613,14.0001,14.04,13.98,13.99,1200
614,14,14.05,14,14.03,3254
a1494855000,14.13,14.13,14.13,14.13,1329
1,14.02,14.03,13.96,14.0256,400
2,14.25,14.25,14.22,14.22,300
3,14.25,14.34,14.22,14.22,3274
4,14.07,14.1991,14.07,14.18,1445
5,14.24,14.24,14.1501,14.17,1500
6,14.2,14.23,14.2,14.22,500
7,14.21,14.21,14.185,14.185,300
9,14.1601,14.2,14.1601,14.2,1678
10,14.2,14.275,14.17,14.19,6140
11,14.21,14.25,14.2,14.2,800
12,14.24,14.2999,14.15,14.206,945
13,14.26,14.26,14.26,14.26,100
14,14.24,14.29,14.22,14.29,2712
15,14.22,14.2596,14.22,14.22,950
16,14.23,14.24,14.22,14.24,600
17,14.21,14.24,14.21,14.21,400
18,14.24,14.24,14.2,14.23,700
19,14.24,14.24,14.21,14.2258,600
20,14.25,14.25,14.25,14.25,200
21,14.225,14.23,14.21,14.21,600
22,14.225,14.24,14.21,14.24,1000
23,14.24,14.25,14.2101,14.24,700
24,14.24,14.24,14.21,14.24,700
25,14.2,14.24,14.2,14.225,3115
26,14.2,14.23,14.2,14.218,1450
27,14.19,14.23,14.19,14.2,700
28,14.2,14.22,14.2,14.22,200
29,14.15,14.22,14.15,14.22,800
30,14.12,14.17,14.12,14.17,1000
31,14.18,14.18,14.15,14.15,1300
32,14.02,14.17,14.0111,14.16,2594
33,14.022,14.1,14.022,14.1,500
34,14.12,14.16,14.06,14.07,900
35,14.09,14.11,14.08,14.08,300
36,14.06,14.15,14.04,14.04,3400
37,14.07,14.115,14.04,14.075,2897
38,14.09,14.1,14.05,14.05,1000
39,14.07,14.13,14.06,14.07,3368
144,14.05,14.05,14.05,14.05,1020
145,14.2788,14.2788,14.07,14.07,4611
146,14.2999,14.2999,14.2788,14.2788,340
147,14.2,14.2,14.2,14.2,100
148,14.18,14.18,14.1,14.1,300
149,14.21,14.21,14.12,14.18,1000
150,14.11,14.26,14.11,14.24,2800
151,14.12,14.15,14.11,14.12,1200
152,14.13,14.13,14.07,14.11,1059
153,14.0701,14.146,14.07,14.1104,950
154,14.091,14.1,14.06,14.08,1879
155,14.06,14.15,14.06,14.15,655
156,14.095,14.095,14.06,14.07,650
158,14.1534,14.155,14.1534,14.155,460
159,14.16,14.1991,14.16,14.16,650
160,14.16,14.16,14.13,14.13,1600
161,14.2,14.2,14.17,14.17,400
162,14.18,14.2,14.16,14.2,1033
163,14.1,14.1922,14.1,14.1922,3128
164,14.06,14.12,14.06,14.08,1400
165,14.08,14.09,14.07,14.08,600
166,14.0408,14.08,14.0408,14.08,700
167,14.1,14.11,14.056,14.056,1100
168,14.11,14.11,14.1,14.11,800
169,14.11,14.14,14.1,14.11,3900
170,14.1,14.1,14.1,14.1,400
171,14.1,14.14,14.1,14.14,1200
172,14.11,14.11,14.11,14.11,100
173,14.1,14.13,14.1,14.1,1900
174,14.1,14.13,14.1,14.1,2035
175,14.115,14.12,14.1,14.1,1789
176,14.1,14.125,14.1,14.115,1000
177,14.0696,14.1001,14.04,14.1,4876
178,14.06,14.1199,14.03,14.04,2608
179,14.06,14.061,14.05,14.05,400
180,14.05,14.067,14.05,14.067,1950
181,14.05,14.0738,14.05,14.05,4020
182,14.06,14.07,14.05,14.05,1606
183,14.06,14.1,14.03,14.08,6188
288,13.92,13.92,13.92,13.92,1596
289,13.801,13.9,13.8,13.89,1850
290,13.8327,14.07,13.8327,14.07,640
291,13.8585,13.94,13.7783,13.94,1285
292,13.86,13.89,13.86,13.89,800
293,13.87,13.8799,13.87,13.8799,400
294,13.85,13.89,13.81,13.8288,3350
295,13.82,13.88,13.8,13.8653,1490
296,13.785,13.815,13.78,13.8,1058
297,13.75,13.79,13.75,13.79,2590
298,13.72,13.7804,13.68,13.77,3000
299,13.74,13.7899,13.74,13.7899,607
300,13.73,13.76,13.73,13.76,500
301,13.73,13.73,13.73,13.73,800
303,13.76,13.76,13.74,13.75,795
304,13.71,13.79,13.71,13.79,500
305,13.7,13.7577,13.7,13.7577,1900
306,13.7,13.72,13.7,13.7,765
307,13.72,13.73,13.7,13.7,1204
308,13.77,13.77,13.7583,13.7583,1320
309,13.76,13.76,13.74,13.74,500
310,13.73,13.74,13.72,13.74,300
311,13.72,13.72,13.72,13.72,200
312,13.7832,13.7832,13.73,13.73,250
313,13.74,13.74,13.7,13.71,400
314,13.7,13.72,13.7,13.7,3500
315,13.7,13.7299,13.7,13.7299,940
316,13.73,13.73,13.7,13.7,1815
317,13.77,13.77,13.77,13.77,100
318,13.73,13.76,13.68,13.7353,3431
319,13.72,13.72,13.72,13.72,100
320,13.7135,13.77,13.7,13.77,1380
321,13.71,13.71,13.67,13.7,1750
322,13.7599,13.7599,13.69,13.7,340
323,13.7,13.7,13.7,13.7,200
324,13.72,13.735,13.7,13.72,1000
325,13.76,13.76,13.7,13.7264,600
326,13.72,13.73,13.7,13.73,900
327,13.68,13.72,13.68,13.71,5943
432,13.66,13.66,13.66,13.66,305
433,14.07,14.07,13.7101,13.78,1600
434,13.74,13.875,13.74,13.875,2300
435,13.85,13.85,13.84,13.84,200
436,13.73,13.7572,13.73,13.7572,700
437,13.79,13.79,13.77,13.77,300
438,13.72,13.76,13.7,13.76,4500
439,13.75,13.75,13.7,13.72,3600
440,13.7,13.7252,13.69,13.72,2111
441,13.735,13.75,13.69,13.7,1400
442,13.725,13.74,13.7,13.7,300
443,13.75,13.755,13.7375,13.755,1268
444,13.77,13.77,13.77,13.77,100
445,13.75,13.78,13.75,13.7602,500
446,13.61,13.715,13.61,13.7,5714
447,13.6,13.6,13.6,13.6,100
448,13.57,13.57,13.51,13.5107,11352
449,13.52,13.58,13.52,13.57,1960
450,13.5499,13.55,13.52,13.55,500
451,13.55,13.58,13.5334,13.55,1750
452,13.55,13.56,13.55,13.55,1300
453,13.57,13.625,13.55,13.58,500
454,13.56,13.56,13.56,13.56,100
455,13.56,13.56,13.56,13.56,100
456,13.64,13.64,13.57,13.57,300
457,13.55,13.61,13.5289,13.57,3500
458,13.5,13.59,13.49,13.55,8211
460,13.5,13.5253,13.5,13.5,1330
461,13.53,13.53,13.5,13.53,800
462,13.54,13.58,13.54,13.55,431
463,13.56,13.56,13.55,13.56,300
464,13.55,13.56,13.55,13.56,1229
465,13.5863,13.5995,13.55,13.57,3125
466,13.57,13.5706,13.55,13.55,1700
468,13.58,13.6,13.57,13.57,1315
469,13.59,13.6,13.58,13.58,1370
470,13.6,13.6,13.59,13.59,2100
471,13.56,13.6,13.55,13.5999,7233
576,13.57,13.57,13.57,13.57,946
577,13.55,13.55,13.55,13.55,783
578,13.6031,13.6031,13.6031,13.6031,150
579,13.6094,13.6094,13.58,13.58,200
580,13.6053,13.6053,13.55,13.58,370
581,13.7,13.8091,13.6,13.6,4795
582,13.63,13.7,13.6214,13.7,5251
583,13.59,13.62,13.59,13.61,3570
584,13.6,13.6,13.57,13.6,500
585,13.65,13.65,13.61,13.61,200
586,13.57,13.62,13.57,13.62,700
587,13.56,13.57,13.56,13.57,998
588,13.55,13.55,13.55,13.55,700
589,13.38,13.53,13.38,13.53,3008
590,13.41,13.45,13.4066,13.4066,1182
591,13.47,13.48,13.41,13.4733,5868
592,13.4999,13.5,13.44,13.455,7692
593,13.5,13.5,13.4885,13.5,2000
594,13.5,13.5,13.47,13.4976,4704
596,13.53,13.55,13.5,13.5,3386
597,13.67,13.67,13.6,13.6,200
598,13.67,13.67,13.61,13.61,1500
599,13.67,13.73,13.6101,13.73,1150
601,13.63,13.67,13.63,13.64,1400
602,13.6,13.6,13.55,13.55,300
603,13.6,13.63,13.56,13.6,1900
604,13.6,13.6,13.6,13.6,200
605,13.6,13.6,13.6,13.6,300
606,13.61,13.63,13.6,13.62,700
607,13.57,13.6,13.57,13.6,500
609,13.59,13.59,13.58,13.58,200
610,13.57,13.57,13.55,13.56,300
611,13.6,13.6,13.55,13.55,600
612,13.58,13.6,13.56,13.59,1300
613,13.56,13.6,13.55,13.5814,3973
614,13.5797,13.6,13.5797,13.5864,2117
615,13.54,13.59,13.47,13.59,14086
a1495459800,13.55,13.55,13.54,13.55,3815
1,13.7,13.72,13.55,13.55,700
2,13.704,13.8156,13.6484,13.6484,2000
3,13.6,13.6,13.6,13.6,100
4,13.5115,13.5506,13.5115,13.5506,900
5,13.57,13.57,13.51,13.53,2400
6,13.56,13.56,13.52,13.52,450
7,13.4754,13.57,13.4754,13.5699,3301
8,13.4963,13.54,13.4963,13.52,425
9,13.51,13.51,13.5,13.5,2700
10,13.58,13.58,13.5467,13.5467,550
11,13.6874,13.6874,13.58,13.58,2745
12,13.69,13.7,13.67,13.7,1450
13,13.73,13.77,13.69,13.69,1500
15,13.7,13.7,13.7,13.7,100
16,13.6601,13.6601,13.6601,13.6601,100
18,13.74,13.74,13.63,13.63,400
19,13.64,13.64,13.64,13.64,100
20,13.72,13.75,13.66,13.75,1300
21,13.62,13.72,13.6001,13.72,300
23,13.72,13.74,13.64,13.74,300
24,13.74,13.75,13.6857,13.6857,2300
25,13.6101,13.75,13.6,13.75,2092
26,13.708,13.708,13.63,13.67,651
27,13.75,13.75,13.74,13.74,500
28,13.75,13.75,13.7391,13.75,2100
29,13.7499,13.75,13.74,13.74,1000
30,13.77,13.8499,13.75,13.75,4460
31,13.83,13.83,13.76,13.8299,2750
32,13.8708,13.969,13.8708,13.969,825
33,13.93,14,13.93,13.94,2132
34,13.97,13.98,13.92,13.9647,1731
35,13.93,13.93,13.93,13.93,100
36,14,14,13.98,13.98,300
37,13.9452,13.98,13.93,13.97,6837
38,13.98,13.98,13.92,13.96,1700
39,13.95,13.98,13.92,13.95,6283
144,13.97,13.97,13.97,13.97,1024
145,13.95,14.003,13.95,13.95,300
146,13.81,13.88,13.65,13.88,3183
147,13.9,13.9803,13.81,13.81,6595
148,13.9,13.91,13.9,13.9,700
149,13.81,13.81,13.77,13.7928,4790
150,13.76,13.76,13.75,13.75,400
151,13.75,13.778,13.75,13.774,2297
152,13.78,13.78,13.75,13.75,3100
153,13.8,13.8,13.78,13.78,980
154,13.81,13.81,13.8,13.8,400
155,13.79,13.79,13.7601,13.7601,517
156,13.78,13.79,13.78,13.7899,1200
157,13.75,13.7811,13.75,13.77,3550
158,13.73,13.7799,13.73,13.7799,800
159,13.73,13.73,13.73,13.73,100
160,13.74,13.7596,13.74,13.7596,400
161,13.74,13.74,13.74,13.74,200
162,13.745,13.76,13.73,13.76,2200
163,13.68,13.74,13.66,13.72,3574
164,13.69,13.74,13.68,13.7016,800
165,13.6906,13.6906,13.6906,13.6906,190
167,13.67,13.69,13.67,13.68,300
169,13.7342,13.7342,13.65,13.66,2600
171,13.67,13.705,13.66,13.67,2000
173,13.66,13.67,13.66,13.67,200
174,13.66,13.66,13.65,13.65,600
175,13.6752,13.6752,13.6752,13.6752,400
176,13.6991,13.6991,13.65,13.66,900
177,13.7088,13.7088,13.65,13.66,1700
178,13.67,13.685,13.67,13.685,200
179,13.68,13.69,13.68,13.69,400
180,13.65,13.66,13.65,13.66,805
181,13.66,13.66,13.66,13.66,100
182,13.6715,13.6715,13.65,13.66,1500
183,13.66,13.68,13.65,13.66,12294
288,13.7,13.7,13.7,13.7,1161
289,13.7782,13.7782,13.7782,13.7782,300
290,13.8,13.82,13.8,13.82,720
291,13.9399,13.9399,13.9399,13.9399,750
292,13.85,13.85,13.85,13.85,200
293,13.71,13.8,13.71,13.8,584
294,13.6413,13.7,13.6413,13.7,809
295,13.615,13.6668,13.6001,13.6668,550
296,13.5772,13.6,13.5772,13.6,3100
297,13.65,13.65,13.5785,13.5785,900
298,13.5601,13.62,13.56,13.62,900
299,13.56,13.56,13.56,13.56,400
300,13.6,13.6,13.5717,13.6,400
301,13.64,13.65,13.57,13.61,1400
302,13.65,13.66,13.59,13.65,900
303,13.65,13.66,13.59,13.65,800
304,13.65,13.66,13.65,13.66,900
305,13.66,13.66,13.61,13.66,700
306,13.66,13.66,13.601,13.66,1000
307,13.65,13.66,13.64,13.66,1200
308,13.65,13.66,13.62,13.65,1785
309,13.65,13.66,13.65,13.65,1400
310,13.65,13.66,13.63,13.65,1000
311,13.65,13.66,13.6408,13.6408,2033
312,13.66,13.66,13.65,13.65,4400
313,13.73,13.74,13.66,13.66,600
314,13.81,13.81,13.7101,13.75,4200
315,13.767,13.8,13.767,13.7999,500
316,13.75,13.7605,13.74,13.75,1280
317,13.75,13.75,13.75,13.75,100
318,13.83,13.83,13.7985,13.8,317
319,13.8275,13.85,13.79,13.85,8700
320,13.855,13.855,13.8,13.8,1050
321,13.81,13.85,13.81,13.84,700
323,13.78,13.84,13.78,13.84,600
324,13.79,13.8,13.78,13.78,500
325,13.8,13.85,13.8,13.83,2500
326,13.81,13.86,13.81,13.85,1300
327,13.79,13.84,13.79,13.81,7151
432,13.77,13.77,13.77,13.77,448
433,13.77,13.77,13.6619,13.77,1115
434,13.63,13.88,13.63,13.78,11195
436,13.64,13.6636,13.64,13.6636,850
437,13.676,13.7061,13.63,13.68,4250
438,13.56,13.6496,13.56,13.64,1580
439,13.6,13.625,13.59,13.61,2996
440,13.6,13.61,13.6,13.6,2471
441,13.6,13.6128,13.6,13.6,610
442,13.62,13.62,13.6,13.6,6022
443,13.6255,13.6255,13.6,13.6,3295
444,13.6,13.61,13.6,13.61,334
445,13.61,13.623,13.6,13.623,500
446,13.56,13.6,13.56,13.6,200
447,13.53,13.56,13.53,13.56,945
448,13.6,13.6,13.5301,13.5301,784
449,13.599,13.599,13.599,13.599,100
450,13.58,13.58,13.58,13.58,100
451,13.5842,13.5842,13.58,13.58,600
452,13.581,13.581,13.58,13.58,1600
454,13.58,13.58,13.53,13.53,1600
455,13.58,13.58,13.53,13.57,7018
456,13.6,13.6,13.548,13.6,3733
457,13.6,13.6,13.556,13.6,1600
458,13.62,13.63,13.558,13.6,1700
459,13.73,13.73,13.605,13.63,1897
460,13.76,13.77,13.64,13.73,3250
461,13.75,13.75,13.7021,13.75,2550
462,13.75,13.75,13.711,13.75,2316
463,13.765,13.79,13.714,13.75,2600
464,13.75,13.77,13.68,13.75,2000
465,13.79,13.79,13.725,13.748,3600
466,13.79,13.8,13.79,13.8,2000
467,13.78,13.79,13.76,13.79,3200
468,13.78,13.78,13.74,13.78,2864
469,13.77,13.78,13.73,13.77,3392
470,13.79,13.79,13.76,13.77,4234
471,13.78,13.79,13.7301,13.79,13426
576,13.8,13.8,13.8,13.8,1668
577,13.81,13.87,13.75,13.75,1570
578,13.8,13.91,13.8,13.82,700
579,13.795,13.8,13.7925,13.8,600
580,13.8,13.8,13.79,13.795,1464
581,13.8,13.82,13.7147,13.82,1450
582,13.68,13.8,13.68,13.8,500
583,13.74,13.765,13.69,13.695,800
584,13.72,13.72,13.72,13.72,100
585,13.7483,13.8,13.726,13.726,5984
586,13.72,13.72,13.72,13.72,100
587,13.73,13.75,13.7227,13.7227,800
588,13.72,13.72,13.72,13.72,400
589,13.75,13.75,13.73,13.73,1000
590,13.755,13.785,13.75,13.75,3649
592,13.73,13.757,13.73,13.757,500
595,13.7104,13.7471,13.7104,13.73,910
596,13.75,13.75,13.75,13.75,300
597,13.76,13.76,13.73,13.73,700
598,13.81,13.87,13.731,13.731,3866
599,13.85,13.85,13.82,13.82,500
600,13.85,13.89,13.84,13.89,400
601,13.83,13.84,13.81,13.82,1102
602,13.84,13.84,13.84,13.84,200
603,13.76,13.79,13.76,13.79,400
604,13.79,13.82,13.75,13.82,700
605,13.81,13.8453,13.77,13.79,850
606,13.75,13.75,13.75,13.75,300
609,13.75,13.75,13.72,13.72,200
610,13.73,13.78,13.73,13.78,200
611,13.78,13.78,13.72,13.72,400
612,13.78,13.79,13.77,13.77,300
613,13.7754,13.7754,13.7754,13.7754,100
614,13.73,13.75,13.71,13.72,600
615,13.75,13.75,13.71,13.75,5165
a1496151000,13.7,13.7,13.7,13.7,392
2,13.7,13.7001,13.7,13.7001,400
3,13.71,13.71,13.71,13.71,100
5,13.74,13.74,13.71,13.73,968
6,13.746,13.79,13.738,13.744,2550
7,13.81,13.81,13.7899,13.7899,790
8,13.76,13.8,13.76,13.76,400
10,13.8,13.8,13.77,13.77,300
11,13.77,13.785,13.77,13.785,240
12,13.75,13.77,13.75,13.75,1600
13,13.73,13.77,13.73,13.75,3600
14,13.7,13.74,13.7,13.7,3538
15,13.72,13.72,13.7,13.7,500
16,13.712,13.712,13.67,13.67,1311
17,13.67,13.67,13.67,13.67,200
18,13.71,13.71,13.67,13.67,600
19,13.7288,13.7288,13.7,13.7,700
20,13.73,13.74,13.73,13.74,700
22,13.65,13.69,13.65,13.69,200
23,13.67,13.67,13.67,13.67,100
24,13.6545,13.66,13.6545,13.66,475
25,13.65,13.65,13.65,13.65,100
26,13.67,13.67,13.67,13.67,100
27,13.68,13.68,13.64,13.6505,1600
28,13.715,13.715,13.511,13.54,2100
29,13.72,13.72,13.575,13.58,1340
30,13.59,13.66,13.59,13.66,200
31,13.59,13.59,13.56,13.57,1400
33,13.69,13.7,13.68,13.68,600
34,13.62,13.64,13.61,13.61,1800
35,13.62,13.62,13.62,13.62,300
36,13.6,13.6,13.6,13.6,1285
37,13.53,13.54,13.53,13.53,300
38,13.5,13.536,13.47,13.53,1919
39,13.48,13.49,13.47,13.47,3339
144,13.5,13.5,13.5,13.5,1679
146,13.52,13.53,13.51,13.5101,1650
148,13.35,13.44,13.35,13.41,3030
149,13.34,13.3694,13.31,13.35,2800
150,13.3,13.33,13.3,13.33,400
151,13.3399,13.3399,13.3,13.31,878
152,13.33,13.33,13.32,13.32,485
153,13.31,13.32,13.31,13.315,906
154,13.31,13.31,13.31,13.31,100
155,13.2797,13.3399,13.25,13.31,4250
156,13.27,13.28,13.26,13.26,1000
157,13.25,13.26,13.25,13.26,2199
158,13.2207,13.23,13.2,13.22,1211
159,13.2,13.2418,13.2,13.215,8108
160,13.23,13.23,13.2,13.23,400
161,13.25,13.25,13.21,13.2101,1800
162,13.21,13.21,13.21,13.21,200
163,13.18,13.2,13.17,13.2,2360
164,13.1601,13.1601,13.1601,13.1601,100
165,13.1764,13.1764,13.17,13.17,500
166,13.1601,13.1601,13.16,13.16,1456
167,13.18,13.18,13.18,13.18,895
168,13.21,13.21,13.2073,13.2073,400
169,13.21,13.21,13.17,13.1936,1350
170,13.209,13.209,13.2,13.2,700
171,13.2073,13.21,13.2017,13.2017,1470
172,13.19,13.19,13.19,13.19,340
173,13.18,13.18,13.18,13.18,100
174,13.21,13.21,13.21,13.21,100
175,13.1934,13.1934,13.18,13.18,260
176,13.1898,13.19,13.18,13.18,540
177,13.2,13.2,13.2,13.2,880
178,13.212,13.225,13.212,13.225,1350
179,13.268,13.27,13.2321,13.25,1679
180,13.3,13.3,13.26,13.2601,1300
181,13.27,13.28,13.27,13.2708,445
182,13.27,13.28,13.26,13.28,900
183,13.33,13.34,13.27,13.29,3173
288,13.39,13.39,13.39,13.39,1001
290,13.3488,13.3488,13.3488,13.3488,300
291,13.26,13.35,13.26,13.35,2500
292,13.26,13.2601,13.26,13.2601,1800
294,13.17,13.17,13.17,13.17,100
295,13.18,13.21,13.1501,13.19,800
296,13.22,13.22,13.22,13.22,100
297,13.241,13.241,13.17,13.22,2188
298,13.17,13.205,13.17,13.205,200
299,13.17,13.2293,13.17,13.22,550
300,13.3399,13.3399,13.28,13.28,400
301,13.4,13.4,13.39,13.39,200
302,13.4101,13.4173,13.4,13.4,750
303,13.47,13.47,13.47,13.47,300
304,13.44,13.46,13.44,13.46,400
305,13.345,13.345,13.31,13.31,800
306,13.37,13.37,13.37,13.37,562
307,13.39,13.39,13.36,13.36,500
308,13.45,13.45,13.45,13.45,100
309,13.4398,13.4599,13.42,13.42,500
310,13.58,13.58,13.44,13.44,4400
311,13.6456,13.6456,13.51,13.5486,2933
312,13.7299,13.74,13.6481,13.6481,3490
313,13.71,13.75,13.6904,13.74,800
314,13.65,13.69,13.63,13.63,1700
315,13.7,13.7372,13.65,13.65,1000
316,13.73,13.7399,13.705,13.705,2509
317,13.78,13.78,13.711,13.712,1140
318,13.74,13.79,13.74,13.79,274
319,13.7206,13.7511,13.7001,13.7511,2468
320,13.78,13.78,13.7,13.7,2809
322,13.77,13.77,13.73,13.75,600
323,13.85,13.85,13.76,13.76,16064
324,13.8,13.86,13.8,13.81,2492
325,13.89,13.9,13.85,13.85,5787
326,13.91,13.94,13.88,13.93,5755
327,13.86,13.93,13.86,13.88,9132
432,13.75,13.75,13.75,13.75,716
433,13.9,13.93,13.9,13.93,734
434,14.01,14.07,13.94,13.94,27493
435,13.93,13.93,13.93,13.93,100
436,13.8982,13.99,13.87,13.94,2583
438,13.9001,13.96,13.9,13.96,1000
439,14.01,14.01,13.9072,13.9144,1300
440,14.16,14.17,13.944,14.01,12697
441,14.3344,14.37,14.1396,14.17,10726
442,14.43,14.5,14.3301,14.37,10965
443,14.3,14.38,14.3,14.38,913
444,14.22,14.25,14.22,14.2253,1300
445,14.1842,14.21,14.1842,14.21,600
446,14.1927,14.1927,14.1927,14.1927,300
448,14.2,14.272,14.19,14.272,1561
449,14.18,14.18,14.18,14.18,100
450,14.25,14.25,14.18,14.18,1400
451,14.3,14.3,14.22,14.25,8751
452,14.279,14.3,14.279,14.3,973
453,14.39,14.39,14.3,14.3,1900
454,14.39,14.39,14.354,14.354,600
456,14.35,14.42,14.35,14.42,1100
457,14.42,14.42,14.35,14.35,2742
458,14.39,14.41,14.39,14.41,700
460,14.3686,14.37,14.35,14.37,2000
461,14.39,14.39,14.3501,14.3501,3062
462,14.35,14.39,14.35,14.39,550
464,14.35,14.37,14.35,14.37,2148
465,14.34,14.35,14.322,14.322,2000
466,14.36,14.38,14.36,14.38,1360
467,14.35,14.39,14.35,14.35,2300
468,14.39,14.39,14.35,14.35,1200
469,14.4,14.41,14.37,14.37,2168
470,14.35,14.41,14.35,14.41,4315
471,14.36,14.4,14.35,14.39,1972
864,14.36,14.36,14.36,14.36,394
865,14.4789,14.48,14.38,14.38,835
866,14.45,14.48,14.2688,14.45,4209
867,14.7,14.71,14.41,14.45,12214
868,14.648,14.78,14.6001,14.7281,7990
869,14.65,14.6611,14.61,14.64,2600
870,14.6,14.65,14.6,14.65,2750
871,14.5762,14.6072,14.55,14.58,700
872,14.6581,14.6581,14.54,14.55,1300
873,14.55,14.58,14.55,14.58,300
874,14.58,14.58,14.58,14.58,1200
875,14.56,14.58,14.55,14.55,600
876,14.5,14.5601,14.5,14.5601,3300
878,14.53,14.53,14.5,14.5,500
879,14.53,14.53,14.524,14.524,700
880,14.55,14.55,14.5,14.5,461
881,14.52,14.56,14.5,14.5,400
882,14.52,14.52,14.52,14.52,200
883,14.5,14.5,14.5,14.5,200
884,14.5,14.5,14.4099,14.5,4420
886,14.41,14.52,14.41,14.52,6292
887,14.44,14.47,14.34,14.34,750
888,14.37,14.44,14.37,14.44,600
889,14.43,14.45,14.43,14.45,400
890,14.36,14.42,14.36,14.42,500
891,14.3852,14.42,14.36,14.42,767
892,14.43,14.44,14.39,14.42,800
893,14.4099,14.41,14.4099,14.41,400
894,14.44,14.44,14.39,14.39,800
895,14.4,14.45,14.4,14.45,600
896,14.45,14.45,14.44,14.44,400
897,14.45,14.45,14.4,14.41,700
898,14.4,14.44,14.39,14.4,2000
899,14.39,14.43,14.39,14.39,1950
900,14.45,14.45,14.4197,14.4299,1900
901,14.49,14.5298,14.43,14.44,5660
902,14.53,14.545,14.49,14.49,2100
903,14.5,14.53,14.5,14.52,3925
a1496755800,14.44,14.44,14.44,14.44,553
1,14.42,14.42,14.42,14.42,100
2,14.54,14.54,14.43,14.43,12769
3,14.41,14.52,14.41,14.4884,834
4,14.48,14.52,14.48,14.5,400
5,14.6,14.63,14.48,14.48,4000
6,14.65,14.65,14.5521,14.58,1766
7,14.65,14.65,14.63,14.63,300
8,14.7101,14.7465,14.67,14.68,2580
9,14.5613,14.71,14.5613,14.71,3211
10,14.6,14.65,14.55,14.58,1600
11,14.62,14.62,14.61,14.61,500
12,14.69,14.69,14.63,14.63,872
13,14.67,14.7,14.65,14.68,2533
14,14.77,14.77,14.68,14.696,8324
15,14.828,14.9,14.758,14.758,18281
16,14.9299,14.9299,14.751,14.82,4229
17,14.9223,14.9223,14.9024,14.9024,600
18,14.8152,14.83,14.8152,14.8246,410
19,14.84,14.86,14.82,14.84,1350
20,14.765,14.8,14.74,14.75,600
21,14.75,14.75,14.73,14.7401,1310
22,14.6999,14.73,14.66,14.69,882
23,14.7,14.7,14.64,14.66,800
24,14.79,14.79,14.7,14.7,341
25,14.79,14.79,14.75,14.78,500
26,14.7534,14.79,14.7534,14.79,1500
27,14.74,14.8,14.74,14.7466,2100
28,14.7,14.76,14.7,14.72,13320
29,14.69,14.7,14.69,14.7,200
30,14.63,14.67,14.556,14.67,10850
31,14.626,14.626,14.605,14.605,300
32,14.64,14.64,14.5944,14.5944,600
33,14.59,14.6,14.59,14.6,300
34,14.55,14.55,14.55,14.55,100
35,14.54,14.55,14.54,14.55,538
36,14.22,14.52,14.22,14.52,3483
37,14.28,14.3295,14.27,14.28,2249
38,14.4,14.415,14.27,14.27,3650
39,14.4,14.45,14.35,14.4,5079
144,14.48,14.48,14.48,14.48,624
145,14.65,14.65,14.2024,14.2024,2705
146,14.595,14.6,14.595,14.6,300
148,14.387,14.6623,14.387,14.56,868
149,14.49,14.6,14.41,14.6,500
150,14.65,14.65,14.49,14.49,700
151,14.56,14.6,14.56,14.6,514
152,14.53,14.53,14.51,14.51,1041
153,14.6,14.62,14.52,14.53,1500
154,14.5703,14.6,14.56,14.6,750
155,14.63,14.63,14.58,14.59,1000
156,14.59,14.64,14.56,14.64,1750
157,14.6,14.6,14.59,14.59,1150
158,14.58,14.59,14.55,14.5501,575
159,14.58,14.58,14.58,14.58,300
160,14.6,14.6,14.58,14.58,300
161,14.59,14.6,14.57,14.58,500
162,14.5,14.56,14.47,14.5101,1268
163,14.51,14.51,14.51,14.51,200
164,14.48,14.49,14.42,14.45,542
165,14.47,14.48,14.4101,14.42,900
166,14.47,14.47,14.43,14.47,400
167,14.48,14.49,14.4396,14.47,1319
168,14.46,14.49,14.46,14.49,500
169,14.46,14.46,14.45,14.45,500
170,14.46,14.46,14.46,14.46,300
171,14.45,14.46,14.45,14.46,400
172,14.418,14.46,14.418,14.46,2610
173,14.46,14.46,14.43,14.46,600
174,14.46,14.46,14.45,14.45,900
175,14.45,14.46,14.45,14.45,700
176,14.45,14.46,14.4439,14.46,1711
177,14.445,14.48,14.44,14.46,800
178,14.45,14.48,14.37,14.37,500
179,14.47,14.5,14.432,14.49,1500
180,14.48,14.48,14.43,14.47,1400
181,14.5,14.5,14.49,14.5,1920
182,14.5,14.5,14.4301,14.5,1800
183,14.6,14.63,14.45,14.5,4716
288,14.51,14.51,14.51,14.51,330
289,14.7,14.7,14.6,14.7,1000
290,14.69,14.7,14.54,14.68,2500
291,14.6999,14.7,14.55,14.55,1000
292,14.69,14.7,14.64,14.6999,1810
293,14.69,14.69,14.6531,14.69,950
294,14.68,14.68,14.64,14.64,1500
295,14.69,14.69,14.64,14.68,1500
296,14.75,14.75,14.66,14.68,7893
297,14.77,14.83,14.77,14.78,610
298,14.75,14.7652,14.72,14.75,1726
299,14.7999,14.7999,14.7999,14.7999,603
300,14.8,14.8,14.79,14.8,400
301,14.7492,14.7826,14.74,14.7826,925
302,14.78,14.78,14.78,14.78,100
303,14.78,14.78,14.78,14.78,200
304,14.7999,14.7999,14.77,14.7913,1994
305,14.79,14.79,14.78,14.78,400
306,14.76,14.76,14.76,14.76,1200
307,14.75,14.76,14.72,14.76,800
309,14.82,14.88,14.78,14.78,6400
310,14.8,14.8525,14.8,14.84,6835
311,14.8,14.8,14.8,14.8,100
312,14.8,14.8,14.776,14.776,2900
313,14.8,14.8,14.78,14.78,2627
314,14.8,14.8,14.76,14.8,1221
315,14.81,14.88,14.8,14.8,1000
316,14.83,14.89,14.83,14.88,1372
318,14.86,14.86,14.86,14.86,100
319,14.9,14.9,14.85,14.85,400
320,14.76,14.86,14.76,14.855,6550
321,14.85,14.86,14.85,14.85,1100
322,14.9,14.9,14.81,14.81,2907
323,14.88,14.8899,14.85,14.87,1400
324,14.864,14.89,14.85,14.89,3740
325,14.87,14.87,14.84,14.85,3333
326,14.8752,14.8999,14.85,14.87,4361
327,14.9,14.9,14.8,14.85,20444
432,14.88,14.88,14.88,14.88,1933
434,14.71,14.95,14.71,14.8,3960
436,14.87,14.95,14.87,14.92,3870
437,14.91,14.93,14.91,14.93,300
438,14.94,14.94,14.92,14.92,800
439,14.9,14.94,14.8894,14.8894,1500
440,14.8,14.93,14.8,14.93,2554
441,14.88,14.88,14.77,14.77,2000
442,14.82,14.832,14.771,14.83,2390
443,14.6348,14.79,14.61,14.785,10206
444,14.66,14.66,14.5582,14.6453,6000
445,14.6244,14.69,14.61,14.61,1450
446,14.8,14.89,14.67,14.67,3914
447,15.3,15.54,14.79,14.79,58223
448,15.3,15.35,15.15,15.2224,4400
449,15.2748,15.34,15.16,15.18,16099
450,15.24,15.28,15.1501,15.2,800
451,15.23,15.2672,15.1772,15.2,2700
452,15.1802,15.23,15.13,15.23,2000
453,15.2,15.2,15.15,15.18,710
454,15.175,15.28,15.13,15.21,4800
455,14.7714,15.16,14.77,15.1463,7250
456,14.9837,15.13,14.77,14.77,1834
457,14.61,15.1,14.6,14.93,4691
458,14.756,14.79,14.57,14.57,4111
459,14.54,14.7438,14.51,14.7,3000
460,14.7069,14.7069,14.36,14.5549,6153
461,14.595,14.825,14.43,14.64,2614
462,14.36,14.46,14.36,14.46,1695
463,14.2484,14.4,14.05,14.3952,7155
464,13.9701,14.1777,13.97,14.11,4073
465,13.9,14.0366,13.8,13.97,15479
466,13.89,13.92,13.82,13.82,8354
467,13.89,13.9091,13.81,13.82,5392
468,13.9475,14.01,13.86,13.91,8591
469,14.03,14.13,14,14,2777
470,14.04,14.14,14.01,14.1,4058
471,14.26,14.32,14.04,14.04,18324
865,14.2,14.2,14,14.14,4478
866,14.23,14.25,14.04,14.1999,2650
867,13.84,14.21,13.84,14.21,5170
868,14.14,14.14,13.8001,13.8001,2260
869,14.27,14.3,14.13,14.18,1300
870,14.2,14.27,14.11,14.27,1700
871,14.2,14.21,14.08,14.18,4430
872,14.2136,14.28,14.21,14.21,3550
873,14.41,14.5,14.21,14.21,4441
874,14.37,14.46,14.33,14.3872,2795
875,14.2491,14.37,14.2491,14.36,1605
876,14.26,14.36,14.23,14.29,1500
877,14.22,14.31,14.22,14.26,1300
878,14.2727,14.29,14.24,14.24,4326
879,14.14,14.2602,14.12,14.2602,5835
880,14.16,14.16,14.1,14.1,3550
881,14.1,14.14,14.1,14.14,1500
882,13.98,14.09,13.91,14.05,3125
883,13.98,13.98,13.92,13.98,1600
884,14.03,14.03,13.98,13.98,1400
885,14.03,14.04,14.0299,14.03,900
886,14,14.02,13.96,14.02,1300
887,14.04,14.04,13.99,14.01,2600
888,14.1,14.1,14.0588,14.08,1300
889,14.17,14.2,14.13,14.13,1100
890,14.23,14.3,14.17,14.17,2400
891,14.19,14.25,14.14,14.19,1000
892,14.19,14.21,14.16,14.1799,1570
893,14.16,14.2,14.16,14.19,2250
894,14.08,14.2,14.08,14.2,3500
895,14.11,14.18,14.11,14.13,1746
896,14.19,14.19,14.16,14.16,1500
897,14.35,14.35,14.19,14.19,4050
898,14.26,14.35,14.25,14.28,800
899,14.3,14.32,14.25,14.32,1700
900,14.26,14.2999,14.25,14.2999,1175
901,14.39,14.39,14.24,14.24,2967
902,14.41,14.42,14.35,14.39,2100
903,14.42,14.529,14.33,14.38,16454
a1497360600,14.44,14.44,14.44,14.44,339
1,14.55,14.55,14.5,14.55,900
2,14.55,14.59,14.51,14.55,1600
3,14.55,14.55,14.55,14.55,700
4,14.56,14.65,14.56,14.6,2900
5,14.6,14.6,14.5846,14.5846,300
6,14.56,14.5819,14.56,14.5819,210
7,14.47,14.6599,14.47,14.6599,700
8,14.5,14.53,14.49,14.53,1800
9,14.47,14.4999,14.45,14.4999,1200
10,14.49,14.49,14.4305,14.4699,2700
11,14.43,14.47,14.43,14.46,700
12,14.55,14.57,14.29,14.32,14212
13,14.53,14.55,14.51,14.55,1200
14,14.55,14.575,14.53,14.55,2000
15,14.55,14.57,14.55,14.55,1200
16,14.535,14.55,14.503,14.503,4950
17,14.56,14.56,14.535,14.535,300
18,14.5499,14.55,14.52,14.55,4000
19,14.54,14.55,14.51,14.51,700
20,14.525,14.54,14.51,14.531,1400
21,14.54,14.54,14.51,14.54,500
22,14.59,14.59,14.59,14.59,100
23,14.5,14.55,14.5,14.55,1100
24,14.55,14.55,14.54,14.54,300
26,14.55,14.56,14.55,14.56,700
27,14.58,14.58,14.56,14.56,300
28,14.63,14.63,14.57,14.57,2215
29,14.63,14.68,14.63,14.65,1800
30,14.56,14.56,14.56,14.56,100
31,14.55,14.5675,14.51,14.5675,3168
32,14.575,14.575,14.55,14.55,600
35,14.55,14.5617,14.55,14.55,1377
36,14.29,14.555,14.29,14.55,4500
37,14.36,14.4,14.18,14.33,3900
38,14.31,14.32,14.24,14.32,4116
39,14.39,14.44,14.2,14.215,10377
144,14.43,14.43,14.43,14.43,200
145,14.5,14.5,14.5,14.5,100
146,14.45,14.47,14.41,14.47,800
147,14.44,14.45,14.3,14.45,1590
148,14.32,14.39,14.27,14.28,1100
149,14.27,14.32,14.15,14.32,1528
150,14.31,14.33,14.2414,14.26,900
151,14.19,14.2299,14.14,14.2299,800
152,14.24,14.25,14.2,14.2,700
153,14.25,14.38,14.22,14.22,700
154,14.35,14.35,14.2,14.25,1300
155,14.29,14.34,14.28,14.3,1600
156,14.37,14.44,14.29,14.29,750
157,14.3999,14.3999,14.32,14.35,800
158,14.41,14.41,14.365,14.3999,600
159,14.46,14.46,14.44,14.45,600
160,14.45,14.45,14.45,14.45,500
161,14.45,14.48,14.45,14.45,600
162,14.45,14.45,14.45,14.45,300
163,14.45,14.45,14.45,14.45,300
164,14.4668,14.4668,14.45,14.45,400
165,14.5,14.5,14.45,14.45,1000
166,14.53,14.53,14.5279,14.5279,420
167,14.62,14.62,14.51,14.51,200
168,14.59,14.59,14.5347,14.5347,600
169,14.51,14.55,14.51,14.55,400
170,14.51,14.51,14.48,14.51,2535
171,14.45,14.4746,14.45,14.4617,530
172,14.4825,14.4825,14.47,14.47,200
173,14.45,14.478,14.43,14.478,1020
174,14.46,14.46,14.43,14.45,900
175,14.45,14.46,14.4,14.45,3274
176,14.43,14.45,14.38,14.45,1746
177,14.45,14.45,14.38,14.43,1420
178,14.42,14.44,14.4,14.4,1200
179,14.42,14.45,14.41,14.41,1700
180,14.43,14.4501,14.42,14.43,2748
181,14.53,14.53,14.45,14.45,946
182,14.54,14.54,14.5016,14.53,2300
183,14.68,14.74,14.55,14.55,9121
288,14.44,14.44,14.44,14.44,744
289,14.7,14.71,14.65,14.71,700
290,14.7,14.7,14.568,14.7,1025
291,14.69,14.7,14.68,14.7,800
292,14.7,14.7,14.6552,14.7,900
293,14.7,14.7,14.58,14.7,1000
294,14.65,14.69,14.57,14.69,2000
295,14.65,14.65,14.5132,14.65,1250
296,14.56,14.64,14.5,14.64,1700
297,14.21,14.54,14.16,14.54,2900
298,14.01,14.24,14.01,14.21,7298
299,14.0508,14.1,13.95,14.01,4390
300,14.34,14.35,14.0976,14.1,1500
301,14.1899,14.27,14.15,14.26,900
302,14.24,14.24,14.1613,14.1899,1000
303,14.22,14.24,14.22,14.24,400
304,14.21,14.26,14.16,14.26,400
305,14.1,14.2,14.1,14.2,1100
306,14.13,14.13,14.08,14.08,400
307,14.08,14.1,14.08,14.1,300
308,14.0998,14.0998,14.03,14.08,500
309,14.09,14.11,14.09,14.11,300
310,14.22,14.24,14.09,14.09,900
311,14.22,14.25,14.22,14.25,500
312,14.22,14.2299,14.1825,14.2299,1600
313,14.25,14.25,14.18,14.18,600
314,14.2,14.2499,14.16,14.225,700
315,14.175,14.2,14.16,14.2,400
316,14.19,14.2,14.14,14.2,800
317,14.09,14.19,14.09,14.14,400
318,14.05,14.16,14.05,14.16,400
319,14.1,14.1,14.1,14.1,300
320,14.1,14.13,14.1,14.1,700
321,14.1,14.15,14.1,14.11,2800
322,14.11,14.11,14.1,14.1099,500
323,14.16,14.1975,14.09,14.09,1250
324,14.11,14.16,14.11,14.16,5000
325,14.08,14.16,14.05,14.16,1337
326,14.1,14.14,14.03,14.03,1500
327,14.09,14.2,14.09,14.1,6197
432,14.12,14.12,14.12,14.12,200
433,14.0899,14.1,14.08,14.1,800
434,13.9611,14.1,13.9611,14.1,1400
435,14.25,14.25,14.06,14.07,2778
436,14.465,14.549,14.35,14.49,2600
437,14.34,14.34,14.34,14.34,355
438,14.25,14.25,14.25,14.25,800
439,14.1,14.25,14.09,14.25,800
440,14.14,14.23,14.1,14.23,3750
441,14.25,14.25,14.1285,14.13,1401
442,14.2,14.25,14.17,14.25,900
443,14.1099,14.2,14.03,14.17,1686
444,14.12,14.14,14.05,14.11,700
445,14,14.1299,14,14.1199,900
446,14.02,14.04,13.96,14.01,1100
447,14.04,14.04,13.96,13.96,800
448,14.03,14.04,14.03,14.04,300
449,14,14.09,14,14.05,400
450,14.1,14.1,13.97,14.05,500
451,14.05,14.0899,13.99,14.0899,400
452,14.03,14.07,13.97,14.07,800
453,14.03,14.04,13.98,14.04,700
454,14.04,14.05,13.98,14.05,400
455,13.96,14.04,13.96,14.04,950
456,14,14.02,13.96,14.02,1880
457,13.98,14,13.94,14,1200
458,13.97,13.98,13.92,13.98,500
459,13.99,14,13.96,13.96,669
460,14.056,14.056,13.99,13.99,1700
461,13.975,14.05,13.93,14.05,900
462,14.02,14.02,13.94,14,600
463,13.98,14.04,13.93,14.01,800
464,14.09,14.09,14.03,14.03,500
465,14.09,14.09,14.09,14.09,400
466,14.1599,14.2,14.1348,14.15,514
467,14.19,14.25,14.1169,14.16,2300
468,14.25,14.25,14.19,14.24,900
469,14.25,14.31,14.18,14.23,1700
470,14.25,14.25,14.22,14.22,1443
471,14.29,14.3,14.25,14.26,5426
864,14.3,14.3,14.3,14.3,400
865,14.005,14.005,13.9333,13.9333,700
867,14.294,14.294,14.294,14.294,622
868,14.39,14.39,14.1,14.1,200
869,14.2484,14.3,14.2484,14.3,1100
870,14.23,14.23,14.1372,14.23,900
871,14.282,14.38,14.09,14.24,630
872,14.2654,14.2654,14.2654,14.2654,200
875,14.06,14.1,14.06,14.1,500
876,14.05,14.06,14.05,14.05,1200
877,14.28,14.37,14.06,14.06,2033
878,14.342,14.342,14.28,14.28,950
879,14.25,14.25,14.25,14.25,100
880,14.22,14.22,14.21,14.21,200
882,14.32,14.32,14.31,14.31,200
884,14.22,14.22,14.22,14.22,297
885,14.255,14.32,14.22,14.22,300
886,14.25,14.25,14.25,14.25,100
887,14.2651,14.2651,14.21,14.21,902
889,14.23,14.2614,14.23,14.2614,200
893,14.21,14.21,14.21,14.21,100
894,14.3199,14.3199,14.3,14.3,200
895,14.23,14.3,14.22,14.275,1400
896,14.21,14.21,14.21,14.21,100
898,14.14,14.2,14.14,14.2,900
899,14.09,14.19,14.09,14.19,500
900,14.17,14.2,14.07,14.07,900
901,14.13,14.15,14.13,14.15,1100
902,14.11,14.13,14.08,14.13,900
903,14.12,14.2,14.1,14.12,3038
a1497965400,14.16,14.16,14.16,14.16,460
1,13.9,14.436,13.9,14.436,5158
2,13.97,14.03,13.97,14.03,700
3,14.11,14.11,14.11,14.11,100
4,14.05,14.05,14.03,14.03,200
5,13.97,14.12,13.97,14.12,400
6,14.02,14.08,14.02,14.06,900
7,14.06,14.06,14.02,14.03,500
8,14.03,14.09,14.03,14.07,300
9,14.17,14.17,14.03,14.1,400
10,14.0803,14.17,14.03,14.03,800
11,14.2,14.2,14.2,14.2,100
12,14.09,14.14,14.02,14.14,2540
13,13.761,14.12,13.761,14.09,14630
14,13.85,13.87,13.75,13.76,1380
17,13.91,13.91,13.91,13.91,200
18,14,14,14,14,200
19,14.02,14.02,14.02,14.02,100
20,13.99,13.99,13.99,13.99,100
21,14.02,14.02,14.02,14.02,100
22,13.92,14,13.87,13.87,300
23,14.068,14.068,14.068,14.068,718
24,14.05,14.06,13.92,14,700
25,14.05,14.05,14.04,14.04,300
26,14.1583,14.1583,14.07,14.07,206
27,14.07,14.07,14.07,14.07,100
28,14.03,14.07,13.98,14.07,1200
29,13.99,14.05,13.99,14.02,1000
30,14.03,14.03,13.99,13.99,200
31,14.14,14.14,14.14,14.14,100
32,14.04,14.08,14.04,14.08,400
33,14,14.03,13.94,14.03,900
34,14.03,14.03,14,14.03,2300
35,14.1,14.1,14.0698,14.095,700
37,14.0749,14.0749,14.0749,14.0749,100
38,14.11,14.11,14.04,14.05,900
39,14.04,14.12,14.01,14.11,5136
144,14.03,14.03,14.03,14.03,1359
145,14.04,14.04,14.04,14.04,200
146,14.15,14.17,14.05,14.05,3600
147,14.13,14.13,14.13,14.13,300
148,14.18,14.18,14.1399,14.14,1062
149,14.17,14.2,14.07,14.07,1800
150,14.25,14.25,14.18,14.18,674
151,14.25,14.2643,14.25,14.2643,1800
152,14.2,14.25,14.2,14.25,1061
153,14.23,14.3,14.23,14.25,1400
154,14.21,14.23,14.18,14.23,550
155,14.25,14.25,14.19,14.19,510
156,14.22,14.22,14.1501,14.19,300
157,14.24,14.25,14.18,14.23,700
158,14.24,14.2857,14.24,14.25,300
159,14.25,14.2917,14.21,14.21,800
161,14.25,14.25,14.25,14.25,500
162,14.23,14.23,14.21,14.21,300
163,14.18,14.21,14.1701,14.21,800
164,14.19,14.19,14.13,14.13,700
165,14.12,14.17,14.12,14.12,1020
166,14.04,14.11,14.04,14.11,3864
167,13.9101,14.0243,13.9101,14.0243,250
168,13.975,13.975,13.9217,13.93,400
170,13.9,13.9542,13.9,13.9542,800
171,13.92,13.9201,13.92,13.9201,400
173,14.0219,14.0219,13.94,13.94,1100
175,13.97,13.97,13.97,13.97,100
176,13.97,13.97,13.97,13.97,100
177,13.97,13.97,13.938,13.96,1300
178,13.95,13.95,13.95,13.95,500
179,13.92,13.92,13.92,13.92,599
180,13.92,13.95,13.92,13.94,2191
181,13.98,13.98,13.92,13.93,1600
182,14,14,13.95,13.95,200
183,13.92,13.95,13.91,13.95,2015
288,13.96,13.96,13.96,13.96,262
289,14.12,14.2,14.12,14.2,200
290,14.13,14.13,14.13,14.13,200
291,14.12,14.13,14.12,14.13,200
292,14.01,14.11,14.01,14.11,600
293,14.0009,14.0009,14,14,300
294,14.07,14.07,14.03,14.03,200
295,14.12,14.12,14.02,14.11,400
296,14.14,14.14,14.13,14.13,201
297,14.12,14.12,14.0765,14.0765,373
298,14.19,14.19,14.14,14.14,794
299,14.13,14.13,14.07,14.07,1800
300,14.1016,14.14,14.1016,14.1018,3540
301,14.08,14.08,14.08,14.08,100
302,14.135,14.135,14.135,14.135,100
303,14.12,14.12,14.08,14.08,300
304,14.0663,14.0663,14.06,14.06,500
305,14.06,14.11,14.06,14.08,1100
306,14.05,14.1,14.04,14.04,470
307,14.0592,14.07,14.04,14.07,1780
308,14.09,14.1,14.02,14.1,400
309,14.09,14.09,14.09,14.09,100
310,14.1,14.1,14.03,14.09,300
311,14.11,14.11,14.03,14.08,300
312,14.12,14.14,14.03,14.03,2607
313,14.1012,14.15,14.1012,14.13,1300
314,14.23,14.23,14.2,14.21,730
315,14.21,14.21,14.2001,14.2001,814
316,14.25,14.25,14.25,14.25,100
317,14.22,14.22,14.22,14.22,1100
319,14.2,14.25,14.2,14.23,2936
320,14.2,14.225,14.2,14.22,3186
321,14.56,14.56,14.25,14.25,19177
322,14.29,14.4003,14.25,14.4003,800
323,14.29,14.29,14.29,14.29,400
327,14.39,14.4,14.36,14.36,981
432,14.42,14.42,14.42,14.42,227
434,14.39,14.39,14.3,14.3,2035
435,14.39,14.4,14.3,14.4,400
436,14.49,14.49,14.37,14.4,1200
437,14.46,14.46,14.34,14.42,800
438,14.515,14.53,14.47,14.47,4977
439,14.401,14.52,14.401,14.52,2100
440,14.32,14.35,14.32,14.35,300
441,14.3153,14.3525,14.3153,14.3525,749
443,14.3355,14.35,14.32,14.33,1252
444,14.34,14.34,14.25,14.34,12136
445,14.29,14.3399,14.29,14.3399,1100
446,14.3,14.35,14.26,14.26,300
447,14.38,14.38,14.35,14.35,200
448,14.35,14.35,14.35,14.35,300
449,14.39,14.39,14.39,14.39,100
451,14.42,14.4574,14.42,14.4574,1435
452,14.43,14.43,14.36,14.4037,1605
453,14.37,14.37,14.37,14.37,200
455,14.34,14.43,14.34,14.43,200
456,14.45,14.45,14.36,14.36,1300
457,14.39,14.39,14.39,14.39,100
458,14.48,14.4822,14.38,14.38,536
459,14.49,14.49,14.46,14.48,300
460,14.455,14.455,14.455,14.455,100
461,14.44,14.48,14.44,14.48,200
462,14.4459,14.49,14.38,14.49,525
463,14.4217,14.4217,14.4217,14.4217,500
464,14.375,14.41,14.3617,14.364,1636
465,14.4,14.4,14.36,14.36,1190
466,14.3,14.39,14.3,14.36,500
467,14.35,14.37,14.35,14.37,2300
468,14.35,14.4,14.35,14.4,400
469,14.35,14.35,14.32,14.3449,2501
470,14.44,14.47,14.34,14.34,2243
471,14.53,14.53,14.39,14.45,16497
864,14.57,14.57,14.57,14.57,900
865,14.55,14.6699,14.55,14.6,3605
866,14.53,14.62,14.53,14.62,300
867,14.68,14.68,14.6,14.6,878
868,14.67,14.68,14.5428,14.66,1070
869,14.6,14.69,14.59,14.64,550
870,14.5244,14.68,14.5,14.63,2900
871,14.7,14.7,14.63,14.63,700
872,14.7,14.7,14.68,14.68,200
873,14.615,14.67,14.542,14.67,3400
874,14.68,14.68,14.63,14.68,500
875,14.74,14.74,14.62,14.63,706
876,14.73,14.75,14.73,14.74,440
877,14.75,14.78,14.7203,14.75,790
878,14.7,14.75,14.7,14.73,8985
879,14.73,14.75,14.7,14.75,600
880,14.75,14.75,14.73,14.73,1800
881,14.7544,14.8,14.75,14.75,4450
882,14.83,14.83,14.8,14.8,500
883,14.82,14.82,14.79,14.79,400
884,14.78,14.83,14.78,14.83,1600
886,14.78,14.8,14.78,14.8,300
887,14.82,14.82,14.64,14.79,10136
888,14.86,14.86,14.76,14.76,1606
889,14.83,14.83,14.721,14.77,600
890,14.79,14.86,14.79,14.8371,875
891,14.82,14.82,14.7964,14.7964,430
892,14.83,14.83,14.83,14.83,100
894,14.81,14.83,14.76,14.76,2400
895,14.87,14.87,14.76,14.76,200
896,14.87,14.88,14.81,14.81,3557
897,14.76,14.89,14.69,14.88,11213
898,14.845,14.88,14.77,14.82,2647
899,14.88,14.88,14.72,14.78,1350
900,14.74,14.8,14.74,14.8,400
901,14.76,14.76,14.76,14.76,100
902,14.74,14.76,14.74,14.75,1150
903,14.79,14.8,14.74,14.75,2811
a1498570800,14.8311,14.8311,14.8311,14.8311,300
1,14.89,14.89,14.88,14.89,300
2,14.9,14.9,14.82,14.89,850
3,14.98,15,14.83,14.9,8650
4,14.9,14.94,14.83,14.83,500
5,14.8381,14.9,14.8381,14.89,700
6,14.83,14.89,14.83,14.89,9947
7,14.86,14.8861,14.82,14.8861,1400
8,14.87,14.91,14.87,14.87,2045
9,14.9001,14.9001,14.88,14.88,1450
13,14.85,14.88,14.85,14.88,400
14,14.86,14.86,14.83,14.83,200
15,14.88,14.88,14.88,14.88,200
16,14.82,14.9,14.806,14.9,8951
17,14.82,14.82,14.8,14.8,650
18,14.78,14.8,14.78,14.8,300
19,14.7908,14.7908,14.7908,14.7908,106
20,14.73,14.75,14.73,14.75,210
22,14.79,14.79,14.79,14.79,100
23,14.71,14.79,14.71,14.79,1900
24,14.7,14.7,14.65,14.7,1500
25,14.51,14.6953,14.51,14.6953,5995
26,14.5,14.52,14.5,14.5,500
27,14.46,14.51,14.38,14.51,900
28,14.31,14.48,14.31,14.48,686
29,14.4399,14.4399,14.33,14.42,722
30,14.42,14.42,14.32,14.32,300
31,14.4456,14.48,14.415,14.42,600
32,14.3664,14.42,14.3664,14.4168,842
33,14.37,14.3975,14.37,14.3975,2200
34,14.47,14.47,14.44,14.44,200
35,14.48,14.48,14.44,14.44,500
36,14.45,14.49,14.415,14.49,1100
37,14.46,14.48,14.35,14.44,1858
38,14.36,14.49,14.36,14.3754,9032
143,14.4,14.4,14.4,14.4,174
144,14.3,14.3653,14.28,14.3653,300
145,14.37,14.5999,14.37,14.5699,700
146,14.31,14.37,14.26,14.37,4175
147,14.3,14.34,14.29,14.29,609
148,14.31,14.34,14.28,14.34,400
149,14.465,14.465,14.33,14.3568,400
150,14.3255,14.3255,14.3255,14.3255,250
151,14.35,14.4,14.33,14.33,702
152,14.4,14.4,14.4,14.4,400
153,14.4,14.4,14.39,14.39,1293
154,14.4,14.4,14.39,14.39,1613
155,14.45,14.45,14.39,14.4,1549
156,14.544,14.544,14.5,14.51,2200
157,14.41,14.41,14.41,14.41,100
158,14.45,14.45,14.43,14.43,200
159,14.45,14.45,14.45,14.45,329
162,14.466,14.466,14.43,14.43,288
163,14.55,14.55,14.55,14.55,100
164,14.47,14.4857,14.47,14.4856,1200
166,14.4327,14.49,14.4327,14.49,670
167,14.37,14.37,14.37,14.37,100
169,14.4316,14.4316,14.41,14.41,200
171,14.53,14.53,14.43,14.51,300
173,14.36,14.45,14.35,14.38,4300
174,14.37,14.4419,14.37,14.4419,800
176,14.4,14.43,14.36,14.36,1800
177,14.45,14.45,14.45,14.45,200
178,14.47,14.47,14.4,14.4,200
179,14.48,14.48,14.38,14.38,200
181,14.43,14.43,14.39,14.39,600
182,14.36,14.4707,14.35,14.42,1732
287,14.28,14.28,14.28,14.28,440
288,14.19,14.29,14.19,14.28,1031
289,14.23,14.2326,14.23,14.2326,500
290,14.54,14.54,14.34,14.34,4300
291,14.5,14.5,14.44,14.4555,1500
292,14.29,14.44,14.29,14.44,400
296,14.36,14.36,14.36,14.36,100
297,14.31,14.31,14.31,14.31,100
299,14.25,14.28,14.25,14.28,500
300,14.28,14.28,14.28,14.28,300
301,14.1206,14.2596,14.1206,14.22,905
303,14.19,14.19,14.19,14.19,300
306,14.01,14.0941,14.01,14.0941,3127
307,13.97,14.1,13.97,14,5700
308,13.93,14,13.93,13.96,3300
309,13.88,13.98,13.87,13.9009,3375
310,13.8399,13.86,13.83,13.86,5595
311,13.75,13.83,13.75,13.83,1271
312,13.81,13.835,13.77,13.79,1030
313,13.8793,13.8965,13.77,13.77,1160
314,13.86,13.86,13.8,13.845,1400
315,13.8,13.8,13.8,13.8,1600
316,13.79,13.9023,13.79,13.8,2463
317,13.8592,13.8592,13.8,13.8,300
318,13.83,13.84,13.81,13.81,800
319,13.73,13.8,13.72,13.78,11896
320,13.82,13.824,13.73,13.74,4900
321,13.93,13.93,13.93,13.93,100
323,13.82,13.87,13.82,13.87,700
324,13.88,13.88,13.88,13.88,200
325,13.85,13.89,13.82,13.8215,1400
326,13.87,13.93,13.85,13.85,2708
431,13.88,13.88,13.88,13.88,110
433,14.04,14.1,14.04,14.04,1786
434,14.09,14.09,13.99,14.04,1077
435,14,14,14,14,100
436,14,14.08,14,14.08,200
437,14.0447,14.0447,14.0447,14.0447,116
438,13.9949,14.04,13.95,14.04,1850
439,14.06,14.06,13.97,14.04,501
440,13.97,13.99,13.97,13.99,300
441,14,14,14,14,100
442,14,14,14,14,100
443,13.96,13.98,13.96,13.98,200
446,14.009,14.009,14.009,14.009,1352
447,14,14,14,14,100
448,13.96,13.98,13.95,13.98,300
449,13.94,13.95,13.94,13.95,1200
451,13.91,13.94,13.91,13.94,413
452,13.91,13.94,13.88,13.94,900
453,13.9343,13.9343,13.9343,13.9343,275
455,13.93,13.95,13.9245,13.9318,915
456,13.92,13.95,13.92,13.95,200
457,14,14,13.95,13.95,1683
458,13.93,13.93,13.93,13.93,100
459,13.955,13.955,13.95,13.95,200
460,14,14,14,14,100
461,14,14,14,14,100
462,13.96,13.96,13.96,13.96,100
463,14,14,13.982,13.982,600
464,14.07,14.085,14,14,2225
466,14.09,14.09,14.09,14.09,100
467,14.047,14.047,14.047,14.047,100
468,14.08,14.08,14.0007,14.0007,600
469,14.0799,14.08,14.0799,14.08,311
470,14.18,14.18,14.03,14.08,7930
863,14.08,14.08,14.08,14.08,721
864,14.235,14.235,14.235,14.235,150
865,14.2374,14.39,14.2374,14.39,300
866,14.05,14.2,14.05,14.05,700
867,14.02,14.02,14.02,14.02,100
868,14.12,14.19,14.0711,14.0711,1100
869,14.11,14.11,14.11,14.11,200
870,14.16,14.16,14.16,14.16,100
871,14.14,14.14,14.14,14.14,300
872,14.11,14.15,14.08,14.08,600
873,14.01,14.0601,14.01,14.0601,326
875,14.11,14.11,14.0799,14.0799,423
876,14.115,14.15,14.115,14.15,200
877,14.0101,14.02,14.01,14.02,800
878,14.029,14.029,14.01,14.02,900
879,13.98,14.03,13.98,14.03,700
880,13.88,13.88,13.87,13.87,200
881,13.79,13.9322,13.7701,13.87,3200
882,14,14,14,14,100
883,14.01,14.01,13.93,13.93,1000
884,13.86,14.0199,13.86,14.0199,1918
