EXCHANGE%3DNASDAQ
MARKET_OPEN_MINUTE=570
MARKET_CLOSE_MINUTE=960
INTERVAL=600
COLUMNS=DATE,CLOSE,HIGH,LOW,OPEN,VOLUME
DATA=
TIMEZONE_OFFSET=-240
a1493127000,21.35,21.35,21.35,21.35,532
2,21.4,21.4,21.4,21.4,200
4,21.44,21.44,21.44,21.44,100
5,21.44,21.44,21.44,21.44,100
7,21.4453,21.4453,21.4453,21.4453,412
10,21.5,21.5,21.5,21.5,300
11,21.53,21.53,21.53,21.53,250
14,21.53,21.53,21.53,21.53,100
15,21.4884,21.4884,21.4884,21.4884,195
19,21.4212,21.4212,21.4212,21.4212,444
38,21.5066,21.5066,21.476,21.476,1100
39,21.5499,21.5499,21.5499,21.5499,1000
144,21.7,21.7,21.7,21.7,819
145,21.55,21.7,21.54,21.7,600
146,21.53,21.54,21.53,21.54,200
150,21.4325,21.4325,21.4325,21.4325,444
151,21.549,21.549,21.549,21.549,181
154,21.5378,21.5378,21.5378,21.5378,181
162,21.5368,21.5368,21.5368,21.5368,556
166,21.59,21.59,21.58,21.58,705
177,21.53,21.5615,21.53,21.5615,767
181,21.53,21.53,21.53,21.53,200
288,21.54,21.54,21.54,21.54,200
289,21.503,21.503,21.503,21.503,137
295,21.4847,21.4847,21.4501,21.4501,1990
296,21.5067,21.5067,21.5067,21.5067,588
297,21.5,21.5094,21.49,21.4953,5215
307,21.4934,21.5093,21.4853,21.4853,699
313,21.5007,21.5007,21.5007,21.5007,100
314,21.5319,21.54,21.5319,21.54,3250
316,21.53,21.53,21.53,21.53,100
318,21.5326,21.5346,21.53,21.53,810
321,21.5304,21.54,21.5304,21.54,600
324,21.53,21.53,21.53,21.53,100
326,21.5199,21.5199,21.5199,21.5199,100
327,21.52,21.52,21.52,21.52,100
433,21.6775,21.6775,21.6775,21.6775,700
435,21.6736,21.6736,21.4822,21.4822,806
436,21.55,21.55,21.46,21.46,1156
443,21.46,21.4699,21.46,21.46,5000
452,21.45,21.45,21.45,21.45,300
459,21.4593,21.4593,21.45,21.45,5004
460,21.349,21.45,21.349,21.45,3640
864,21.36,21.36,21.36,21.36,301
866,21.34,21.34,21.34,21.34,200
868,21.4186,21.4186,21.4186,21.4186,100
873,21.3772,21.3772,21.3772,21.3772,111
882,21.4408,21.4408,21.4408,21.4408,1395
898,21.401,21.401,21.401,21.401,155
900,21.408,21.408,21.408,21.408,327
a1493733600,21.552,21.552,21.48,21.52,6649
3,21.4074,21.4074,21.4074,21.4074,153
10,21.41,21.42,21.41,21.42,1900
25,21.3906,21.3906,21.3732,21.3732,1084
34,21.4296,21.4296,21.4296,21.4296,124
143,21.41,21.41,21.41,21.41,624
145,21.4,21.4,21.4,21.4,1109
149,21.35,21.35,21.35,21.35,140
157,21.37,21.37,21.36,21.36,435
165,21.335,21.35,21.33,21.35,2424
168,21.335,21.335,21.335,21.335,100
170,21.33,21.33,21.33,21.33,100
171,21.33,21.33,21.33,21.33,1031
173,21.2962,21.2962,21.2962,21.2962,469
174,21.3252,21.3252,21.3252,21.3252,677
175,21.33,21.33,21.3299,21.3299,1000
178,21.27,21.27,21.27,21.27,100
180,21.27,21.27,21.27,21.27,100
285,21.43,21.43,21.43,21.43,663
286,21.35,21.35,21.35,21.35,100
287,21.34,21.34,21.34,21.34,100
288,21.32,21.32,21.32,21.32,200
289,21.32,21.32,21.32,21.32,100
290,21.32,21.32,21.32,21.32,100
291,21.32,21.32,21.32,21.32,100
292,21.3271,21.33,21.3271,21.33,200
293,21.3231,21.33,21.314,21.314,900
294,21.32,21.33,21.32,21.33,850
295,21.33,21.33,21.33,21.33,100
296,21.33,21.33,21.33,21.33,100
297,21.33,21.33,21.33,21.33,100
298,21.33,21.33,21.33,21.33,100
300,21.33,21.33,21.33,21.33,100
301,21.31,21.32,21.31,21.32,926
302,21.2501,21.3,21.2501,21.3,2278
304,21.2608,21.2608,21.2608,21.2608,502
305,21.29,21.29,21.29,21.29,100
307,21.2719,21.31,21.2719,21.31,544
308,21.31,21.31,21.31,21.31,100
310,21.31,21.31,21.31,21.31,100
311,21.31,21.31,21.31,21.31,100
312,21.32,21.32,21.3025,21.3199,570
314,21.33,21.33,21.33,21.33,100
315,21.32,21.32,21.2713,21.2713,200
316,21.33,21.33,21.33,21.33,100
317,21.34,21.34,21.34,21.34,100
322,21.33,21.33,21.33,21.33,5687
443,21.3088,21.3088,21.29,21.29,445
445,21.3252,21.3252,21.3252,21.3252,200
447,21.3585,21.36,21.3585,21.36,282
448,21.35,21.35,21.35,21.35,1000
451,21.36,21.36,21.36,21.36,296
461,21.3425,21.3425,21.3301,21.3301,800
463,21.3516,21.3516,21.3516,21.3516,1294
870,21.3999,21.4099,21.3999,21.4099,1108
871,21.3999,21.3999,21.3999,21.3999,477
880,21.35,21.35,21.35,21.35,163
890,21.41,21.41,21.4099,21.4099,999
a1494340200,21.3844,21.41,21.3844,21.3956,1168
8,21.3448,21.3448,21.3448,21.3448,266
18,21.3826,21.3826,21.3826,21.3826,234
31,21.36,21.37,21.36,21.37,2455
138,21.32,21.32,21.32,21.32,327
139,21.32,21.32,21.32,21.32,144
143,21.3517,21.3517,21.3517,21.3517,294
152,21.3562,21.3562,21.3562,21.3562,1000
158,21.366,21.366,21.366,21.366,740
168,21.3686,21.3686,21.3686,21.3686,450
175,21.3614,21.3614,21.3614,21.3614,667
282,21.4,21.4,21.4,21.4,234
283,21.38,21.38,21.38,21.38,134
284,21.35,21.35,21.35,21.35,2400
286,21.3,21.3,21.3,21.3,973
287,21.2783,21.2783,21.2783,21.2783,889
307,21.29,21.3112,21.29,21.3112,234
426,21.24,21.24,21.24,21.24,433
429,21.3211,21.3211,21.3211,21.3211,200
430,21.3291,21.3291,21.3291,21.3291,132
439,21.275,21.275,21.275,21.275,200
858,21.4,21.4,21.4,21.4,125
862,21.3899,21.3899,21.3899,21.3899,218
864,21.3899,21.3899,21.3899,21.3899,556
865,21.3796,21.38,21.3796,21.3799,996
866,21.38,21.38,21.38,21.38,678
875,21.3331,21.3331,21.3331,21.3331,333
882,21.3342,21.3342,21.3342,21.3342,200
894,21.3117,21.3117,21.3117,21.3117,444
a1494944400,21.3279,21.3279,21.3144,21.3144,444
5,21.36,21.36,21.3436,21.3436,718
22,21.3052,21.3052,21.3052,21.3052,150
34,21.29,21.29,21.29,21.29,100
143,21.19,21.19,21.19,21.19,692
149,21.1452,21.1452,21.1452,21.1452,355
155,21.1221,21.1221,21.1221,21.1221,394
163,21.149,21.149,21.149,21.149,700
167,21.17,21.17,21.17,21.17,300
173,21.094,21.094,21.094,21.094,163
176,21.1592,21.1592,21.1592,21.1592,472
283,21.16,21.16,21.16,21.16,200
284,21.09,21.16,21.09,21.16,900
285,21.038,21.07,21.038,21.07,1961
288,21.038,21.038,21.038,21.038,622
289,21.0452,21.0452,21.0452,21.0452,4500
290,21.0594,21.0594,21.0594,21.0594,350
301,21.06,21.06,21.06,21.06,100
303,21.06,21.06,21.06,21.06,100
315,21.1,21.1,21.1,21.1,100
320,21.0736,21.0736,21.0736,21.0736,222
322,21.11,21.11,21.09,21.09,950
428,21.18,21.18,21.18,21.18,1585
433,21.1999,21.2,21.1999,21.2,686
437,21.1502,21.1502,21.1502,21.1502,133
440,21.1748,21.1748,21.1748,21.1748,100
441,21.25,21.25,21.1999,21.1999,331
450,21.259,21.259,21.259,21.259,373
458,21.2006,21.2006,21.2006,21.2006,177
463,21.15,21.16,21.15,21.16,275
860,21.2599,21.26,21.2599,21.26,1080
862,21.2281,21.26,21.2281,21.26,1950
882,21.31,21.31,21.31,21.31,450
890,21.221,21.221,21.221,21.221,100
a1495546200,21.35,21.35,21.35,21.35,280
5,21.27,21.27,21.27,21.27,4610
16,21.34,21.34,21.34,21.34,147
31,21.3159,21.3159,21.3159,21.3159,1400
160,21.3275,21.3275,21.3275,21.3275,700
163,21.38,21.38,21.3792,21.3792,934
169,21.37,21.38,21.37,21.37,2147
171,21.2323,21.2323,21.2323,21.2323,1023
180,21.29,21.29,21.29,21.29,533
293,21.43,21.43,21.43,21.43,168
294,21.303,21.303,21.303,21.303,157
305,21.376,21.376,21.376,21.376,133
326,21.418,21.418,21.4176,21.4176,975
327,21.465,21.465,21.3901,21.3901,1331
432,21.32,21.32,21.32,21.32,467
433,21.32,21.32,21.32,21.32,200
435,21.3328,21.34,21.327,21.34,1400
436,21.3308,21.333,21.3308,21.333,200
437,21.3308,21.333,21.33,21.33,300
453,21.449,21.449,21.449,21.449,186
456,21.3748,21.3748,21.3748,21.3748,246
459,21.3511,21.3511,21.3511,21.3511,100
468,21.4169,21.4169,21.4169,21.4169,156
a1496151000,21.31,21.31,21.31,21.31,127
1,21.3101,21.3101,21.3101,21.3101,434
6,21.38,21.38,21.38,21.38,100
14,21.3347,21.3347,21.3347,21.3347,372
15,21.4199,21.4199,21.4199,21.4199,129
16,21.3832,21.3832,21.3832,21.3832,117
20,21.4,21.4,21.4,21.4,193
29,21.37,21.37,21.37,21.37,280
33,21.3901,21.3901,21.3901,21.3901,279
36,21.37,21.385,21.37,21.385,1540
38,21.37,21.3704,21.37,21.3704,206
39,21.43,21.43,21.43,21.43,100
144,21.31,21.31,21.31,21.31,1425
145,21.27,21.31,21.27,21.31,475
146,21.27,21.27,21.27,21.27,200
147,21.43,21.43,21.43,21.43,393
167,21.3787,21.3787,21.3787,21.3787,1500
168,21.3441,21.3441,21.3441,21.3441,235
172,21.3003,21.3003,21.3003,21.3003,130
173,21.3688,21.3688,21.3688,21.3688,1392
183,21.4,21.4,21.4,21.4,100
291,21.43,21.43,21.43,21.43,136
292,21.3655,21.3655,21.3655,21.3655,148
297,21.3229,21.3229,21.3229,21.3229,610
308,21.43,21.43,21.43,21.43,444
310,21.43,21.43,21.43,21.43,932
312,21.43,21.43,21.43,21.43,400
315,21.5767,21.5767,21.4899,21.4899,2535
317,21.4719,21.4719,21.4719,21.4719,847
321,21.64,21.64,21.64,21.64,100
327,21.63,21.63,21.63,21.63,100
436,21.5547,21.5547,21.5547,21.5547,325
443,21.69,21.69,21.6626,21.682,2336
444,21.5133,21.5736,21.5133,21.5133,1380
463,21.6311,21.6311,21.6311,21.6311,300
467,21.5589,21.5589,21.5589,21.5589,372
470,21.6567,21.6567,21.6567,21.6567,138
868,21.44,21.44,21.44,21.44,187
880,21.6024,21.6024,21.6024,21.6024,1845
885,21.6145,21.6145,21.6145,21.6145,2000
887,21.5947,21.5947,21.5947,21.5947,450
a1496757000,21.46,21.46,21.46,21.46,1100
29,21.56,21.56,21.56,21.56,100
37,21.59,21.59,21.59,21.59,100
142,21.69,21.69,21.69,21.69,376
147,21.5715,21.6177,21.5715,21.6177,699
149,21.4921,21.4921,21.4921,21.4921,140
155,21.602,21.602,21.602,21.602,533
176,21.5125,21.5125,21.491,21.491,1500
181,21.63,21.63,21.63,21.63,100
289,21.6186,21.6186,21.6186,21.6186,564
301,21.6328,21.6328,21.6328,21.6328,925
302,21.6999,21.6999,21.6999,21.6999,148
304,21.5758,21.5758,21.5758,21.5758,311
318,21.6411,21.6411,21.6411,21.6411,463
322,21.6976,21.6976,21.6976,21.6976,250
323,21.7,21.7,21.6999,21.6999,300
324,21.72,21.72,21.693,21.693,1652
325,21.621,21.621,21.621,21.621,300
430,21.52,21.52,21.52,21.52,575
431,21.58,21.58,21.58,21.58,100
432,21.59,21.59,21.56,21.56,300
434,21.7,21.7,21.7,21.7,100
438,21.85,21.85,21.72,21.72,464
439,21.77,21.77,21.77,21.77,921
864,21.78,21.8,21.78,21.8,800
867,21.77,21.77,21.77,21.77,100
869,21.6801,21.6801,21.6801,21.6801,389
872,21.79,21.79,21.79,21.79,100
874,21.72,21.72,21.72,21.72,200
875,21.7175,21.7275,21.7175,21.7275,813
883,21.6854,21.6854,21.6854,21.6854,500
891,21.73,21.73,21.73,21.73,100
895,21.61,21.66,21.61,21.66,300
900,21.6417,21.6417,21.6417,21.6417,1090
901,21.7,21.7,21.6799,21.6799,900
a1497373200,21.7599,21.76,21.7186,21.7186,1060
3,21.773,21.773,21.773,21.773,346
8,21.7874,21.7874,21.7874,21.7874,122
11,21.77,21.77,21.77,21.77,100
13,21.7832,21.7832,21.7832,21.7832,667
18,21.7624,21.7624,21.7624,21.7624,116
123,21.67,21.67,21.67,21.67,100
124,21.66,21.66,21.66,21.66,300
125,21.8592,21.8592,21.8592,21.8592,326
129,21.8,21.8,21.8,21.8,200
130,21.7208,21.7208,21.7208,21.7208,222
134,21.7895,21.79,21.7895,21.79,438
136,21.75,21.75,21.75,21.75,100
150,21.775,21.7903,21.775,21.7903,1040
151,21.8158,21.8158,21.8158,21.8158,328
274,21.72,21.72,21.72,21.72,200
275,21.6886,21.6886,21.6886,21.6886,109
276,21.7484,21.7484,21.6901,21.6901,1001
278,21.7624,21.7624,21.7209,21.7209,342
280,21.8,21.8,21.8,21.8,195
301,21.8096,21.8096,21.7455,21.7455,1676
306,21.81,21.81,21.81,21.81,100
414,21.709,21.709,21.709,21.709,100
417,21.6999,21.6999,21.6999,21.6999,162
421,21.6562,21.6562,21.6562,21.6562,212
424,21.69,21.75,21.69,21.69,500
435,21.7512,21.7512,21.7512,21.7512,1435
441,21.67,21.67,21.67,21.67,100
443,21.72,21.8,21.72,21.7545,1640
843,21.79,21.79,21.79,21.79,576
858,21.7901,21.7901,21.7901,21.7901,266
860,21.85,21.85,21.85,21.85,918
877,21.7801,21.7801,21.7801,21.7801,104
879,21.7801,21.7801,21.7801,21.7801,658
882,21.8321,21.8321,21.8321,21.8321,410
987,21.62,21.62,21.62,21.62,2254
988,21.69,21.7,21.6317,21.6317,7745
989,21.7,21.7,21.7,21.7,400
993,21.6701,21.6701,21.6701,21.6701,222
994,21.6701,21.6701,21.6701,21.6701,222
995,21.7789,21.7789,21.7789,21.7789,700
a1497973800,21.61,21.61,21.61,21.61,100
10,21.706,21.706,21.684,21.684,599
13,21.7693,21.7693,21.7693,21.7693,116
130,21.78,21.78,21.78,21.78,265
142,21.7228,21.7228,21.7228,21.7228,344
143,21.66,21.66,21.66,21.66,100
146,21.75,21.75,21.6952,21.6952,200
149,21.7215,21.7215,21.7215,21.7215,203
153,21.758,21.79,21.74,21.74,1518
162,21.779,21.779,21.779,21.779,100
274,21.63,21.63,21.63,21.63,100
277,21.68,21.68,21.68,21.68,100
290,21.65,21.65,21.65,21.65,200
293,21.6604,21.6604,21.63,21.66,2190
300,21.6476,21.6476,21.6476,21.6476,761
312,21.6501,21.6501,21.65,21.65,500
420,21.6624,21.6624,21.6501,21.6501,800
421,21.69,21.69,21.69,21.69,100
425,21.78,21.78,21.7099,21.71,4630
426,21.78,21.78,21.78,21.78,100
429,21.7583,21.7583,21.7583,21.7583,275
434,21.78,21.78,21.78,21.78,100
437,21.7403,21.7403,21.7403,21.7403,1008
438,21.773,21.782,21.745,21.745,2974
439,21.7647,21.83,21.7647,21.8,800
444,21.83,21.83,21.83,21.83,100
447,21.77,21.77,21.77,21.77,100
448,21.8399,21.8399,21.8399,21.8399,500
451,21.83,21.83,21.83,21.83,167
456,21.83,21.83,21.8204,21.83,3000
851,21.98,21.98,21.97,21.97,380
868,21.7492,21.7492,21.7492,21.7492,222
874,21.7636,21.7636,21.7636,21.7636,889
994,21.67,21.67,21.67,21.67,408
a1498575600,21.8499,21.85,21.84,21.85,1300
6,21.93,21.93,21.9,21.9,1144
12,21.915,21.915,21.915,21.915,100
16,21.85,21.85,21.85,21.85,200
19,21.855,21.855,21.855,21.855,180
24,21.8169,21.8169,21.8169,21.8169,889
27,21.8344,21.8344,21.8344,21.8344,916
30,21.8214,21.8214,21.8214,21.8214,460
135,22,22,22,22,100
136,21.83,21.83,21.83,21.83,300
137,21.88,21.88,21.88,21.88,100
140,21.8957,21.94,21.89,21.89,4990
145,21.97,21.97,21.9505,21.9699,1900
151,21.99,21.99,21.99,21.99,100
158,21.99,21.99,21.99,21.99,100
162,21.9606,21.9606,21.9606,21.9606,473
164,21.99,21.99,21.99,21.99,100
165,21.98,21.98,21.98,21.98,100
167,21.9699,21.9699,21.9699,21.9699,162
169,21.97,21.97,21.97,21.97,100
170,21.965,21.98,21.965,21.98,1400
171,21.98,21.98,21.9725,21.9799,500
172,21.975,21.975,21.975,21.975,223
173,21.98,21.98,21.98,21.98,100
174,21.98,21.98,21.971,21.98,750
279,21.84,21.84,21.84,21.84,1051
280,21.761,21.761,21.761,21.761,100
281,21.79,21.79,21.79,21.79,426
286,21.8635,21.8635,21.82,21.82,229
291,21.82,21.825,21.82,21.825,377
293,21.77,21.77,21.77,21.77,300
294,21.76,21.76,21.76,21.76,400
295,21.75,21.75,21.75,21.75,1200
300,21.795,21.795,21.795,21.795,100
301,21.76,21.76,21.76,21.76,100
314,21.802,21.804,21.72,21.77,1914
315,21.7301,21.7301,21.7301,21.7301,444
318,21.7745,21.7745,21.7745,21.7745,100
426,21.7999,21.7999,21.7999,21.7999,102
436,21.6935,21.6935,21.6935,21.6935,1552
443,21.7364,21.7364,21.7364,21.7364,222
448,21.7057,21.7057,21.7057,21.7057,616
451,21.7691,21.7691,21.7691,21.7691,234
452,21.7396,21.7396,21.7396,21.7396,294
462,21.78,21.78,21.78,21.78,100
859,21.7738,21.7738,21.7738,21.7738,135
860,21.781,21.781,21.781,21.781,186
867,21.86,21.86,21.8599,21.8599,321
868,21.86,21.86,21.86,21.86,1100
873,21.855,21.855,21.855,21.855,138
a1499263200,21.77,21.77,21.7211,21.7211,516
3,21.7877,21.7877,21.7877,21.7877,228
12,21.74,21.74,21.74,21.74,160
29,21.801,21.801,21.801,21.801,355
32,21.8028,21.8028,21.8028,21.8028,230
