EXCHANGE%3DNASDAQ
MARKET_OPEN_MINUTE=570
MARKET_CLOSE_MINUTE=960
INTERVAL=600
COLUMNS=DATE,CLOSE,HIGH,LOW,OPEN,VOLUME
DATA=
TIMEZONE_OFFSET=-240
a1493127000,38.7,38.7,38.7,38.7,6122
1,38.75,38.8,38.65,38.674,9173
2,38.6,38.8,38.5,38.75,13184
3,38.425,38.6,38.4,38.6,72201
4,38.3,38.4,38.15,38.4,34249
5,38.175,38.35,38.1395,38.3,162588
6,38.5,38.55,38.15,38.2,193090
7,38.6,38.65,38.4,38.6,13067
8,38.7129,38.75,38.6,38.65,10921
9,38.725,38.7305,38.675,38.725,4612
10,38.675,38.75,38.65,38.7,6096
11,38.55,38.65,38.5,38.65,10551
12,38.5,38.65,38.5,38.65,15050
13,38.6,38.6,38.525,38.6,2044
14,38.6,38.65,38.55,38.575,2650
15,38.625,38.625,38.625,38.625,110
16,38.35,38.625,38.35,38.6,16885
17,38.575,38.6,38.4,38.4,26003
18,38.55,38.6,38.5,38.6,3400
19,38.5365,38.6,38.5,38.5,29214
20,38.7,38.7,38.55,38.55,4850
21,38.7,38.725,38.65,38.65,5359
22,38.65,38.725,38.65,38.725,4700
23,38.65,38.7,38.6,38.65,2866
24,38.6,38.625,38.6,38.6,1100
25,38.7,38.7,38.6,38.6,6725
26,38.75,38.75,38.7,38.75,3869
27,38.75,38.775,38.75,38.75,2100
28,38.875,38.9,38.7,38.755,14048
29,38.925,38.925,38.85,38.9,20166
30,38.9,38.925,38.9,38.9,1600
31,38.925,38.925,38.9,38.925,2113
32,38.9,38.95,38.9,38.925,2425
33,38.8,38.9,38.8,38.9,8168
34,38.9,38.9,38.8,38.85,4210
35,38.85,38.875,38.8,38.875,4161
36,38.75,38.85,38.75,38.85,3781
37,38.75,38.8,38.65,38.775,42727
38,38.65,38.85,38.65,38.75,24409
39,38.7,38.75,38.575,38.65,54476
144,38.7,38.7,38.7,38.7,3477
145,38.792,38.95,38.7,38.7,10312
146,39.05,39.15,38.85,38.85,5316
147,39.1,39.1,39.05,39.05,800
148,39.25,39.25,39.1,39.1,4047
149,39.3,39.35,39.205,39.35,2001
150,39.35,39.35,39.3,39.3049,1054
151,39.2,39.45,39.2,39.35,9397
152,39.025,39.2,39.025,39.15,4787
153,39.05,39.125,39.025,39.05,9724
154,38.925,39.1,38.925,39.1,46828
155,38.925,39,38.9,38.95,7528
156,39,39,38.9,38.95,31809
157,39,39.1,38.95,39,21973
158,39,39.025,38.95,38.95,2502
159,38.95,39.025,38.9,39,18145
160,38.95,39,38.95,38.9999,2125
161,38.9,38.925,38.8,38.9,4309
162,38.9,38.95,38.86,38.9,3552
163,38.75,38.85,38.75,38.85,2856
164,38.85,38.8842,38.75,38.8,5200
165,38.975,39,38.825,38.85,5172
166,38.9,38.95,38.85,38.95,2900
167,38.925,38.95,38.9,38.9,1800
168,38.85,38.95,38.85,38.9252,1997
169,38.925,38.925,38.85,38.9,1550
170,38.85,38.925,38.8,38.925,3311
171,38.9,38.9,38.8,38.81,1391
172,38.85,38.875,38.75,38.8125,2950
173,38.85,38.9,38.8495,38.9,841
174,38.9,38.9,38.85,38.9,2367
175,38.85,38.9,38.85,38.9,4372
176,38.9,38.9,38.85,38.9,1186
177,38.95,39,38.85,38.9,12482
178,38.9507,38.9684,38.93,38.95,1210
179,38.95,39,38.95,39,5938
180,38.95,38.95,38.925,38.94,2590
181,38.75,38.9471,38.75,38.9471,12096
182,38.7,38.75,38.7,38.75,9878
183,38.7,38.75,38.65,38.725,106916
288,38.6,38.6,38.6,38.6,3698
289,38.65,38.79,38.536,38.6,1508
290,38.875,38.9,38.7,38.7,4502
291,38.89,38.89,38.85,38.85,601
292,38.75,38.85,38.75,38.85,3700
293,38.65,38.75,38.6,38.7,109269
294,38.6,38.655,38.6,38.65,31400
295,38.45,38.55,38.4,38.5,2930
296,38.41,38.5,38.4,38.5,3759
297,38.5,38.55,38.45,38.4502,36966
298,38.45,38.5,38.375,38.45,3744
299,38.35,38.4,38.35,38.4,1900
300,38.2,38.3,38.175,38.3,4933
301,38.15,38.25,38.1,38.2,3932
302,38.45,38.45,38.1,38.15,5188
303,38.55,38.55,38.45,38.45,5322
304,38.55,38.6,38.5,38.6,1300
305,38.575,38.575,38.55,38.55,1407
306,38.455,38.55,38.455,38.55,1145
307,38.5,38.55,38.46,38.5,3424
308,38.55,38.55,38.55,38.55,900
309,38.55,38.55,38.525,38.525,900
310,38.55,38.575,38.521,38.575,2000
311,38.5,38.525,38.45,38.5,1678
312,38.5,38.5,38.5,38.5,150
313,38.45,38.475,38.4,38.475,3200
314,38.45,38.45,38.4,38.4,3338
315,38.625,38.625,38.45,38.45,11297
316,38.75,38.75,38.625,38.625,5209
317,38.75,38.8002,38.75,38.8,1500
318,38.85,38.85,38.75,38.75,2600
319,38.85,38.85,38.8,38.8458,900
320,38.9,38.9,38.85,38.9,3289
321,38.75,38.85,38.75,38.85,7230
322,38.7,38.75,38.7,38.75,1500
323,38.65,38.7,38.6,38.7,1615
324,38.6,38.65,38.575,38.65,160132
325,38.75,38.8,38.625,38.625,13131
326,38.85,38.85,38.75,38.75,3179
327,38.8,38.9,38.75,38.825,64669
432,38.65,38.65,38.65,38.65,2534
433,38.8,38.8,38.65,38.8,4339
434,38.55,38.7,38.375,38.7,93333
435,38.525,38.55,38.5,38.5,1067
436,38.575,38.575,38.5,38.5,1123
437,38.575,38.6,38.55,38.6,1672
438,38.525,38.55,38.525,38.55,1000
439,38.8,38.9,38.475,38.525,126426
440,38.6,38.8,38.55,38.8,12179
441,38.575,38.6,38.555,38.6,5900
442,38.575,38.6,38.555,38.575,6800
443,38.425,38.6,38.4,38.575,17793
444,38.25,38.4182,38.2,38.405,179252
445,38.2,38.3,38.175,38.25,60369
446,38.325,38.35,38.2,38.2,3800
447,38.4,38.472,38.35,38.35,3334
448,38.305,38.4,38.305,38.4,2700
449,38.3,38.3167,38.3,38.3,650
450,38.2,38.305,38.2,38.3,2650
451,38.275,38.3,38.15,38.225,6700
452,38.275,38.275,38.275,38.275,100
453,38.3,38.35,38.25,38.275,2300
454,38.25,38.275,38.25,38.275,300
455,38.25,38.275,38.25,38.275,3774
456,38.25,38.275,38.25,38.25,400
457,38.275,38.275,38.275,38.275,100
458,38.25,38.3,38.2,38.25,4101
459,38.2,38.25,38.2,38.25,1500
460,38.1,38.3,38.1,38.25,24796
461,38.2,38.2,38.125,38.1325,9763
462,38.275,38.3,38.2,38.2,4050
463,38.1,38.25,38.1,38.25,55500
464,38.1,38.15,38.1,38.1231,3384
465,38.125,38.15,38.075,38.1,55000
466,38,38.125,38,38.1,11193
467,38.05,38.05,38,38.029,1858
468,37.9,38.05,37.875,38.05,7657
469,37.875,37.9,37.85,37.9,3904
470,37.75,37.875,37.75,37.875,14890
471,37.75,37.8,37.65,37.775,64619
864,37.7,37.7,37.7,37.7,4037
865,37.75,37.95,37.7,37.7,5510
866,37.7,37.85,37.7,37.826,4536
867,37.35,37.7,37.25,37.7,17306
868,37.45,37.475,37.3585,37.4,6137
869,37.5075,37.6,37.45,37.45,4055
870,37.35,37.5,37.35,37.5,15388
871,37.375,37.45,37.3,37.4,113804
872,37.4,37.45,37.4,37.45,6262
873,37.5,37.5,37.3,37.35,107142
874,37.5,37.525,37.469,37.475,6104
875,37.525,37.55,37.475,37.5,21726
876,37.525,37.55,37.45,37.5,4100
877,37.5,37.55,37.45,37.525,4000
878,37.55,37.575,37.5,37.525,5800
879,37.625,37.65,37.575,37.575,9060
880,37.6,37.625,37.555,37.625,4360
881,37.6,37.6,37.55,37.6,2760
882,37.5,37.55,37.5,37.55,7489
883,37.55,37.55,37.5,37.5,2700
884,37.505,37.5475,37.5,37.5475,2448
885,37.4474,37.5,37.4,37.5,3915
886,37.5,37.525,37.425,37.45,6318
887,37.455,37.5,37.455,37.5,300
888,37.45,37.5,37.45,37.45,1600
889,37.5,37.55,37.45,37.5,8532
890,37.45,37.525,37.45,37.5,3532
891,37.475,37.475,37.425,37.45,1884
892,37.4,37.5,37.4,37.475,7333
893,37.4,37.425,37.4,37.425,1000
894,37.4,37.44,37.35,37.425,5693
895,37.325,37.375,37.3,37.35,8150
896,37.225,37.3,37.2,37.3,7236
897,37.1,37.2,37.1,37.2,11527
898,37.1,37.125,37.05,37.125,3653
899,37.2,37.25,37.05,37.05,10801
900,37.175,37.2,37.1,37.2,9497
901,37.15,37.1972,37.125,37.175,6834
902,37.2,37.25,37.15,37.15,16251
903,37.05,37.25,36.95,37.225,86648
a1493731800,37.05,37.05,37,37,7214
1,36.7,37.05,36.65,37.05,37138
2,36.64,36.65,36.38,36.65,8850
3,36.6,36.7,36.55,36.6,6300
4,36.55,36.6085,36.5,36.6085,6573
5,36.575,36.6,36.45,36.5829,3958
6,36.6,36.6,36.525,36.55,5239
7,36.625,36.65,36.55,36.575,23070
8,36.6747,36.675,36.65,36.65,3500
9,36.675,36.7,36.625,36.675,10919
10,36.573,36.65,36.573,36.65,5750
11,36.525,36.6,36.5,36.6,6432
12,36.4,36.512,36.4,36.512,11762
13,36.425,36.45,36.4,36.4,2982
14,36.3,36.45,36.3,36.4,14557
15,36.35,36.375,36.3,36.32,2918
16,36.425,36.45,36.35,36.35,2370
17,36.35,36.4,36.3363,36.4,2449
18,36.45,36.5,36.4,36.4,5437
19,36.5,36.5099,36.4629,36.475,3451
20,36.55,36.575,36.5,36.5,2366
21,36.545,36.545,36.5,36.505,1423
22,36.55,36.555,36.5,36.525,5893
23,36.55,36.6,36.5,36.55,3350
24,36.45,36.55,36.45,36.55,13744
25,36.55,36.55,36.45,36.475,2400
26,36.575,36.575,36.525,36.575,2850
27,36.65,36.65,36.55,36.575,2326
28,36.625,36.65,36.625,36.65,1799
29,36.525,36.65,36.5,36.65,5861
30,36.425,36.55,36.4,36.55,29524
31,36.55,36.55,36.3669,36.4,5758
32,36.6,36.6,36.49,36.525,4024
33,36.65,36.65,36.59,36.6,17670
34,36.5,36.675,36.5,36.65,6824
35,36.5,36.575,36.5,36.55,5290
36,36.525,36.5465,36.5,36.5,18239
37,36.625,36.625,36.5,36.5,5034
38,36.7,36.7,36.6,36.625,10402
39,36.7,36.85,36.65,36.725,36733
144,36.6,36.6,36.6,36.6,5367
145,36.65,36.65,36.6,36.6,1212
146,36.55,36.65,36.5,36.65,2706
147,36.5,36.55,36.45,36.5334,7178
148,36.505,36.5526,36.5,36.55,1633
149,36.5,36.55,36.475,36.55,7846
150,36.5,36.5151,36.5,36.5,4199
151,36.5,36.5,36.45,36.5,4400
152,36.4,36.5,36.35,36.5,8793
153,36.45,36.475,36.35,36.375,9600
154,36.55,36.55,36.475,36.5,2794
155,36.55,36.55,36.5212,36.525,1500
156,36.55,36.55,36.55,36.55,100
157,36.575,36.5999,36.55,36.5999,1650
158,36.55,36.595,36.55,36.55,700
159,36.55,36.595,36.55,36.595,700
160,36.55,36.55,36.5,36.55,2700
161,36.51,36.55,36.5,36.55,1900
162,36.55,36.55,36.5,36.5,700
163,36.55,36.55,36.5,36.525,1400
164,36.5,36.5,36.4965,36.5,2250
165,36.55,36.55,36.5,36.52,4029
166,36.55,36.55,36.55,36.55,400
167,36.5,36.55,36.5,36.55,2900
168,36.55,36.55,36.4879,36.4879,1200
169,36.525,36.525,36.5,36.5,1900
170,36.525,36.55,36.5,36.5,2400
171,36.65,36.65,36.5,36.525,4725
172,36.6,36.675,36.6,36.65,2922
173,36.5,36.6499,36.4849,36.6,5702
174,36.5,36.55,36.5,36.5,4600
175,36.5,36.5,36.5,36.5,4500
176,36.55,36.575,36.525,36.55,4600
177,36.55,36.575,36.525,36.525,4250
178,36.575,36.6,36.55,36.555,2116
179,36.575,36.6,36.55,36.6,1500
180,36.625,36.7,36.575,36.5966,8058
181,36.7,36.7,36.6,36.625,3473
182,36.775,36.8,36.65,36.7,13560
183,36.7,36.75,36.6,36.75,33753
288,36.7,36.7,36.7,36.7,5056
289,36.85,36.85,36.4745,36.55,4575
290,36.8204,36.95,36.8,36.825,4470
291,36.838,36.85,36.8,36.8,1454
292,36.9,36.9,36.825,36.85,2408
293,36.8969,36.95,36.85,36.9,3856
294,36.85,36.9,36.8,36.875,2200
295,37.017,37.05,36.875,36.875,4397
296,36.975,37.1,36.95,37.1,4520
297,36.8,37.05,36.8,37,6991
298,36.85,36.9,36.8,36.8,6615
299,36.85,36.9,36.825,36.825,4300
300,36.9,36.9,36.85,36.85,2000
301,36.81,36.875,36.8,36.875,1400
302,36.825,36.85,36.775,36.8,2629
303,36.75,36.85,36.75,36.8,1701
304,36.775,36.8,36.75,36.75,3199
305,36.725,36.775,36.7,36.75,3660
306,36.85,36.95,36.725,36.725,9359
307,36.8,36.85,36.8,36.85,2450
308,36.875,36.9,36.8,36.85,2000
309,36.95,37.05,36.9,36.9,5471
310,36.975,37,36.9,36.95,1860
311,36.925,37,36.9,36.975,4321
312,36.975,36.975,36.91,36.925,2600
313,36.95,36.975,36.95,36.955,4227
314,37.05,37.05,36.95,36.95,3335
315,37.075,37.15,37.075,37.1,3296
316,37.125,37.125,37.0685,37.075,2311
317,37.25,37.25,37.125,37.125,7862
318,37.15,37.2,37.15,37.2,2200
319,37.075,37.1753,37.025,37.15,12020
320,36.975,37.1,36.975,37.1,3704
321,36.975,37.05,36.925,36.975,3589
322,37.025,37.05,36.95,36.975,3836
323,37.075,37.15,37.025,37.05,5586
324,37.125,37.2,37.06,37.06,7649
325,37.15,37.15,37.1,37.15,8998
326,37.05,37.15,37.05,37.125,14939
327,37.15,37.3,37.05,37.0802,46018
432,37.1,37.1,37.1,37.1,4537
433,37.25,37.3,37.034,37.034,1643
434,37.3,37.325,37.15,37.3107,5223
435,37.3,37.3,37.25,37.3,2308
436,37.4,37.4,37.3476,37.35,4304
437,37.4,37.4,37.35,37.35,600
438,37.355,37.425,37.355,37.405,700
439,37.4,37.4,37.35,37.35,3400
440,37.45,37.45,37.4001,37.425,3277
441,37.45,37.5,37.425,37.425,1013
442,37.65,37.65,37.475,37.475,6689
443,37.675,37.675,37.55,37.6,5562
444,37.725,37.8,37.7,37.7,1977
445,37.75,37.8,37.7,37.75,2970
446,37.85,37.85,37.8,37.8,300
447,37.8,37.85,37.7835,37.8,1850
448,37.7781,37.825,37.7781,37.825,500
449,37.8,37.85,37.8,37.8,3405
450,37.8,37.8,37.755,37.8,400
451,37.815,37.815,37.775,37.775,502
452,37.8,37.8,37.775,37.8,900
453,37.65,37.825,37.6,37.825,8700
454,37.65,37.7,37.65,37.7,200
455,37.625,37.7,37.575,37.65,3985
456,37.75,37.75,37.65,37.65,2740
457,37.75,37.75,37.7,37.725,1474
458,37.725,37.75,37.725,37.75,600
459,37.8,37.8,37.725,37.725,800
460,37.8,37.85,37.8,37.8,3864
461,37.775,37.8,37.775,37.775,1854
462,37.8,37.8,37.75,37.775,1595
463,37.775,37.8,37.75,37.8,1300
464,37.775,37.825,37.75,37.8,1600
465,37.75,37.775,37.725,37.775,3825
466,37.75,37.775,37.725,37.75,3610
467,37.775,37.8,37.75,37.775,1100
468,37.775,37.8,37.75,37.775,3497
469,37.775,37.8,37.75,37.775,6350
470,37.8,37.8,37.7,37.775,13192
471,37.85,37.85,37.75,37.775,25690
864,37.7,37.7,37.7,37.7,3349
865,37.6544,37.8,37.6,37.75,2375
866,37.6,37.7,37.6,37.7,990
867,37.55,37.6,37.45,37.55,8341
868,37.65,37.65,37.5475,37.6,4330
869,37.65,37.65,37.6,37.65,1726
870,37.6,37.65,37.6,37.65,4098
871,37.6,37.6664,37.6,37.65,3100
872,37.8,37.85,37.65,37.65,3849
873,37.8,37.81,37.75,37.81,1640
874,37.8,37.8152,37.75,37.775,2468
875,37.7,37.775,37.7,37.775,1343
876,37.65,37.7165,37.65,37.7165,610
877,37.8,37.8,37.65,37.745,3523
878,37.9,37.9,37.8,37.8022,2602
879,37.75,37.85,37.75,37.85,1300
880,37.721,37.7999,37.65,37.75,2709
881,37.7,37.75,37.7,37.7,3827
882,37.75,37.8,37.7477,37.7477,2119
883,37.8,37.8,37.75,37.75,1000
884,37.8,37.8,37.75,37.75,2250
885,37.775,37.85,37.7747,37.825,2564
886,37.725,37.775,37.7,37.75,3857
887,37.7,37.7252,37.7,37.7252,900
888,37.7,37.725,37.7,37.7,2897
889,37.7,37.725,37.7,37.7,3325
890,37.7,37.75,37.7,37.7201,1099
891,37.7,37.725,37.7,37.7,1200
892,37.7,37.7,37.7,37.7,200
893,37.7,37.7326,37.7,37.7,2700
894,37.7,37.725,37.7,37.725,275
895,37.7,37.725,37.7,37.7,1406
896,37.7,37.725,37.7,37.725,1500
897,37.721,37.725,37.7,37.725,1000
898,37.7247,37.7247,37.7,37.7,5527
899,37.7,37.75,37.675,37.75,4565
900,37.7,37.7275,37.7,37.725,3700
901,37.725,37.725,37.7,37.725,2800
902,37.75,37.775,37.7,37.7499,35843
903,37.8,37.9,37.8,37.8,33524
a1494336600,37.75,37.75,37.75,37.75,3783
1,37.85,38.1,37.8,37.9,4840
2,37.993,37.993,37.85,37.85,600
3,37.95,38.025,37.8,38,5490
4,37.9,37.9499,37.9,37.9,2284
5,37.9675,37.995,37.929,37.929,2785
6,37.925,37.9379,37.9,37.9,3090
7,37.95,37.95,37.95,37.95,1000
8,37.975,38,37.925,37.95,3791
9,37.9,37.975,37.9,37.95,4998
10,37.9,37.9,37.9,37.9,1000
11,37.9,37.95,37.85,37.9,5560
12,37.925,37.95,37.925,37.95,2455
13,37.925,37.95,37.925,37.95,1108
14,37.9,37.9479,37.9,37.9479,5674
15,37.9,37.925,37.9,37.925,1200
16,37.9,37.9,37.9,37.9,300
17,37.925,37.95,37.9,37.9,3401
18,37.9,37.95,37.9,37.9,2380
19,37.975,38,37.9,37.9,3345
20,37.95,37.975,37.95,37.95,2100
21,37.925,37.95,37.9,37.95,4300
22,37.876,37.95,37.85,37.925,11553
23,37.9152,37.925,37.85,37.9,6806
24,37.9,37.925,37.85,37.9,3800
25,37.825,37.9,37.75,37.875,20526
26,37.85,37.94,37.75,37.8286,4680
27,37.85,37.875,37.8,37.85,7839
28,37.8,37.85,37.8,37.8,5657
29,37.8,37.85,37.775,37.8,8065
30,37.75,37.8,37.75,37.8,5473
31,37.7,37.75,37.7,37.75,4600
32,37.65,37.725,37.65,37.7,7500
33,37.55,37.65,37.542,37.65,8953
34,37.5,37.55,37.475,37.55,5750
35,37.525,37.5503,37.45,37.5,7786
36,37.5135,37.65,37.5,37.5173,10713
37,37.45,37.525,37.4,37.5,7810
38,37.35,37.45,37.3,37.425,9668
39,37.3,37.4,37.3,37.35,33559
144,37.2,37.2,37.2,37.2,4360
145,37.175,37.25,36.95,37,1075
146,37.1657,37.2,37.05,37.15,2425
147,37.25,37.25,37.15,37.15,300
148,37.2225,37.2699,37.2,37.2699,600
149,37.3,37.35,37.2,37.25,17724
150,37.25,37.3,37.15,37.25,4865
151,37.175,37.225,37.15,37.225,2800
152,37.175,37.2,37.15,37.15,2168
153,37.2,37.275,37.175,37.175,2602
154,37.3,37.3,37.21,37.21,2555
155,37.325,37.325,37.3,37.3,900
156,37.275,37.325,37.25,37.31,2165
157,37.2,37.275,37.2,37.275,2500
158,37.2,37.225,37.2,37.2,12800
159,37.2,37.2,37.175,37.2,1000
160,37.2,37.2,37.2,37.2,900
161,37.225,37.225,37.175,37.2,1705
162,37.25,37.25,37.2,37.225,1954
163,37.2814,37.4,37.25,37.275,6580
164,37.3,37.325,37.25,37.318,521
165,37.3,37.4,37.3,37.35,900
166,37.3,37.375,37.3,37.35,2400
167,37.25,37.318,37.2,37.318,3319
168,37.275,37.3,37.25,37.3,300
169,37.175,37.275,37.175,37.275,3040
170,37.1,37.175,37.1,37.15,2000
171,37.05,37.125,37,37.125,2900
172,37.05,37.1,37.025,37.05,3790
173,37.1,37.1,37.05,37.05,300
174,37.1,37.1029,37.025,37.05,3574
175,37.11,37.15,37.05,37.05,1033
176,37.075,37.1,37.05,37.1,800
177,37.05,37.15,37.05,37.05,2300
178,37.1,37.123,37.1,37.123,500
179,37.15,37.1862,37.15,37.15,3967
180,37.15,37.175,37.15,37.15,2900
181,37.125,37.1752,37.075,37.1,6738
182,37.125,37.15,37.1,37.125,4624
183,37.05,37.15,37.05,37.1,21286
288,36.9,36.9,36.9,36.9,3262
289,36.975,37.05,36.95,37.05,1957
290,36.85,36.95,36.85,36.925,3317
291,36.775,36.9,36.75,36.9,3229
292,36.805,36.85,36.8,36.8,2700
293,36.75,36.825,36.75,36.805,3684
294,36.658,36.7,36.658,36.7,930
295,36.725,36.725,36.6,36.6502,7850
296,36.7,36.7293,36.7,36.7,800
297,36.75,36.75,36.7,36.7,10552
298,36.95,37,36.7,36.725,6985
299,36.925,37,36.905,37,3204
300,37,37.06,36.95,36.95,1566
301,37,37.1,37,37.025,700
302,37.05,37.1,37,37.05,800
303,37.055,37.0718,37.025,37.05,1470
304,37.125,37.125,37.1,37.1,1000
305,37.15,37.15,37.1,37.1,1900
306,37.25,37.25,37.1675,37.1675,1580
307,37.4,37.4,37.2,37.2,3057
308,37.325,37.35,37.3,37.35,7000
309,37.35,37.35,37.25,37.25,1400
310,37.325,37.35,37.325,37.325,2800
311,37.375,37.375,37.325,37.35,6643
312,37.425,37.445,37.35,37.3627,13688
313,37.375,37.375,37.375,37.375,200
314,37.325,37.375,37.3,37.35,4640
315,37.275,37.325,37.275,37.325,2400
316,37.3,37.325,37.275,37.3,5470
317,37.3,37.3,37.259,37.275,865
318,37.275,37.325,37.275,37.3,2562
319,37.275,37.3,37.25,37.275,4002
320,37.25,37.275,37.25,37.2657,5900
321,37.325,37.3499,37.25,37.275,6325
322,37.35,37.35,37.3,37.3,1560
323,37.4,37.425,37.35,37.375,4537
324,37.55,37.55,37.4,37.4,6315
325,37.425,37.525,37.425,37.525,8783
326,37.525,37.55,37.4243,37.425,7851
327,37.45,37.55,37.425,37.55,27676
432,37.3,37.3,37.3,37.3,2365
433,37.35,37.35,37.05,37.05,1300
434,37.3,37.4,37.25,37.35,2800
435,37.275,37.3099,37.25,37.26,2916
436,37.15,37.25,37.15,37.25,7110
437,37.4,37.4,37.15,37.15,25021
438,37.38,37.5,37.35,37.35,2300
439,37.3469,37.4,37.3469,37.4,1400
440,37.3,37.3,37.3,37.3,100
441,37.325,37.35,37.15,37.3,19909
442,37.4,37.4,37.3,37.325,2817
443,37.35,37.425,37.35,37.425,1500
444,37.225,37.3,37.225,37.3,1200
445,37.2,37.25,37.15,37.25,2200
446,37.22,37.25,37.1,37.1,2900
447,37.2,37.2,37.2,37.2,300
448,37.15,37.2,37.15,37.2,609
449,37.15,37.2,37.15,37.175,700
450,37.225,37.225,37.175,37.175,900
451,37.2,37.2,37.2,37.2,100
452,37.175,37.2,37.15,37.2,8650
453,37.125,37.15,37.117,37.15,730
454,37.1,37.1,37.075,37.1,1700
455,37.15,37.2,37.1,37.1,2200
456,37.15,37.15,37.125,37.15,1600
457,37.2,37.2,37.15,37.15,2127
458,37.2,37.2,37.15,37.15,1800
459,37.2,37.2,37.175,37.2,1700
460,37.1773,37.2,37.175,37.2,2800
461,37.2,37.2,37.175,37.2,1403
462,37.2,37.2,37.175,37.175,916
463,37.1683,37.2,37.125,37.175,3019
464,37.15,37.15,37.125,37.15,600
465,37,37.1,37,37.1,2000
466,37.075,37.075,37,37,2781
467,37.2,37.2,37.05,37.05,3000
468,37.125,37.175,37.1,37.175,2000
469,37.25,37.25,37.1,37.1,14524
470,37.125,37.25,37.1,37.225,5825
471,37.15,37.25,37.15,37.15,21088
864,37,37,37,37,5042
865,37.15,37.425,37.025,37.025,5331
866,37.225,37.3,37.05,37.2945,7732
867,37.25,37.45,37.2,37.25,28331
868,37.45,37.45,37.25,37.3,15408
869,37.75,37.75,37.5,37.5,6608
870,37.675,37.7,37.65,37.65,2146
871,37.65,37.675,37.6,37.65,2000
872,37.7,37.8,37.65,37.6665,4185
873,37.775,37.8,37.7,37.7,2200
874,37.675,37.775,37.65,37.75,2642
875,37.725,37.75,37.7,37.7,1650
876,37.75,37.75,37.65,37.7,3400
877,37.7,37.85,37.7,37.775,3299
878,37.725,37.725,37.65,37.7,1000
879,37.7,37.7168,37.7,37.7,905
880,37.65,37.7,37.65,37.65,1100
881,37.7,37.7,37.65,37.655,1150
882,37.65,37.7,37.6,37.7,2500
883,37.675,37.7,37.65,37.65,1700
884,37.7,37.7,37.675,37.7,1100
885,37.75,37.8,37.75,37.75,2614
886,37.7,37.725,37.7,37.7,600
887,37.8,37.8,37.7,37.7,1600
888,37.775,37.8,37.732,37.75,3575
889,37.9,37.9,37.775,37.775,3245
890,37.875,37.9,37.8,37.85,2825
891,37.75,37.875,37.75,37.85,14116
892,37.7,37.8,37.7,37.75,3270
893,37.775,37.775,37.725,37.725,2200
894,37.7,37.75,37.7,37.75,2741
895,37.675,37.7,37.65,37.7,1600
896,37.725,37.75,37.65,37.675,1500
897,37.75,37.8,37.7,37.75,4490
898,37.725,37.755,37.7,37.725,1620
899,37.6,37.7,37.6,37.7,2200
900,37.675,37.7,37.6,37.625,9384
901,37.6,37.7,37.6,37.675,3973
902,37.675,37.7,37.6,37.625,6407
903,37.625,37.7,37.6,37.675,33651
a1494941400,37.7,37.7,37.7,37.7,2790
1,37.65,37.9,37.65,37.9,1248
2,37.6,37.675,37.555,37.675,2200
3,37.65,37.65,37.55,37.55,1637
4,37.7,37.7,37.625,37.65,700
5,37.7,37.7,37.6,37.65,5877
6,37.7,37.7,37.65,37.65,2278
7,37.705,37.75,37.65,37.75,2670
8,37.7,37.75,37.65,37.7,4001
9,37.675,37.725,37.65,37.7,4218
10,37.8,37.8,37.675,37.675,5545
11,37.75,37.8,37.75,37.775,1400
12,37.775,37.775,37.75,37.775,1230
13,37.7,37.8,37.7,37.8,1800
14,37.7,37.725,37.675,37.725,2764
15,37.66,37.725,37.655,37.675,5622
16,37.7,37.7,37.625,37.65,4091
17,37.7,37.75,37.7,37.75,3440
18,37.7,37.75,37.65,37.7,3982
19,37.675,37.7,37.65,37.7,2031
20,37.7,37.75,37.675,37.675,1200
21,37.725,37.75,37.7,37.725,900
22,37.7,37.75,37.7,37.7,1012
23,37.7,37.75,37.675,37.75,2800
24,37.7,37.725,37.7,37.7,1000
25,37.7,37.75,37.675,37.75,2500
26,37.75,37.75,37.6824,37.7,2000
27,37.7,37.75,37.65,37.7,2599
28,37.725,37.75,37.7,37.725,1600
29,37.7,37.725,37.675,37.725,9153
30,37.75,37.75,37.675,37.7,13497
31,37.675,37.7499,37.6,37.725,9076
32,37.7,37.725,37.65,37.7,5171
33,37.7,37.75,37.675,37.7,4006
34,37.675,37.725,37.675,37.675,1452
35,37.7,37.7,37.6,37.7,4802
36,37.675,37.7,37.65,37.7,2500
37,37.675,37.7,37.6663,37.675,5678
38,37.7,37.7,37.675,37.7,2700
39,37.7,37.7,37.65,37.675,30755
144,37.5,37.5,37.5,37.5,4676
145,37.65,37.7,37.405,37.405,1210
146,37.6,37.625,37.6,37.6,1500
147,37.65,37.65,37.6,37.65,700
148,37.65,37.7,37.6,37.65,5381
149,37.8,37.85,37.6,37.6,11422
150,37.7,37.8,37.7,37.8,1813
151,37.65,37.8,37.65,37.75,6149
152,37.7,37.7,37.6748,37.675,915
153,37.8,37.8,37.7,37.7,771
154,37.875,37.875,37.75,37.775,4650
155,37.85,37.9,37.85,37.855,1515
156,37.8,37.85,37.775,37.805,3818
157,37.8,37.84,37.725,37.8,1787
158,37.9,37.9,37.8,37.8,800
159,37.825,37.9,37.825,37.85,1600
160,37.8,37.875,37.775,37.85,5828
161,37.875,37.875,37.8,37.85,1000
162,37.95,37.95,37.85,37.86,4132
163,37.95,37.975,37.92,37.925,1630
164,37.96,38,37.9497,37.95,1660
165,37.975,38.025,37.95,37.95,4348
166,38,38.025,37.975,38,2406
167,37.95,38.05,37.95,38.05,900
168,37.95,37.95,37.875,37.95,1100
169,38,38,37.95,37.975,500
170,37.95,37.975,37.9,37.975,3618
171,37.9,38,37.85,37.95,21895
172,37.95,37.95,37.9,37.9,2200
173,37.85,37.95,37.8,37.9168,5359
174,37.85,37.9,37.75,37.825,1233
175,37.85,37.85,37.8,37.85,2400
176,37.9,37.9,37.825,37.9,4777
177,38.05,38.05,37.86,37.9,20514
178,38.25,38.3,38.075,38.075,15413
179,38.35,38.35,38.2,38.25,3950
180,38.2705,38.375,38.2705,38.317,2240
181,38.275,38.35,38.25,38.275,4137
182,38.2,38.3,38.2,38.25,11383
183,38.2,38.25,38.15,38.2,56913
288,38,38,38,38,3276
289,38.15,38.2,38.0253,38.0253,500
290,38,38.1,38,38.1,2400
291,38.05,38.05,38,38,1402
292,38.25,38.25,38.1,38.1,1569
293,38.125,38.225,38.125,38.21,3297
294,38.2,38.2,38.1,38.125,2362
295,38.15,38.2,38.125,38.2,2200
296,38.2,38.25,38.1,38.125,2448
297,38.4,38.4,38.2,38.2,4871
298,38.4,38.4,38.35,38.4,1500
299,38.275,38.375,38.25,38.375,2209
300,38.4,38.4,38.3,38.3,900
301,38.3,38.4,38.3,38.4,2757
302,38.3,38.35,38.3,38.321,780
303,38.25,38.3,38.2,38.3,3142
304,38.25,38.275,38.2,38.25,2500
305,38.15,38.25,38.1,38.25,4599
306,38.2,38.225,38.15,38.15,2000
307,38.2,38.2,38.1725,38.2,1100
308,38.2,38.2,38.175,38.175,1400
309,38.35,38.35,38.175,38.2,5085
310,38.35,38.35,38.26,38.35,1793
311,38.4,38.4,38.325,38.35,1100
312,38.4,38.4,38.375,38.375,200
313,38.375,38.4,38.35,38.35,1000
314,38.4,38.45,38.375,38.375,1800
315,38.45,38.45,38.375,38.4,2500
316,38.4257,38.45,38.4257,38.45,865
317,38.4384,38.45,38.4,38.45,1700
318,38.4,38.4,38.4,38.4,400
319,38.5,38.55,38.425,38.45,6103
320,38.475,38.5,38.425,38.5,3597
321,38.45,38.45,38.425,38.45,1300
322,38.55,38.6,38.45,38.45,4379
323,38.6499,38.6499,38.55,38.5999,2575
324,38.6,38.65,38.6,38.65,700
325,38.675,38.675,38.65,38.65,4300
326,38.675,38.7,38.6,38.655,11095
327,38.6,38.7,38.55,38.675,34565
432,38.25,38.5,38.25,38.5,8040
433,38.5,38.6,38.4,38.6,8371
434,38.45,38.6,38.45,38.5,5040
435,38.65,38.65,38.5,38.5,3100
436,38.6,38.7,38.6,38.65,2695
437,38.6,38.6,38.5652,38.6,800
438,38.46,38.55,38.46,38.55,3056
439,38.65,38.65,38.5,38.5,3175
440,38.575,38.65,38.575,38.65,1700
441,38.625,38.7,38.6,38.6,5600
442,38.65,38.7,38.55,38.625,7748
443,38.6,38.65,38.55,38.625,5000
444,38.65,38.65,38.6,38.6,1400
445,38.8,38.8,38.6,38.65,7060
446,38.75,38.75,38.75,38.75,2623
447,38.825,38.825,38.7643,38.7643,7100
448,38.825,38.825,38.75,38.825,3762
449,38.7787,38.8,38.7787,38.8,1250
450,38.8,38.8,38.7633,38.8,700
451,38.8,38.8,38.8,38.8,1700
452,38.7,38.8,38.7,38.8,3496
453,38.75,38.75,38.7,38.7,6494
454,38.8499,38.8499,38.7675,38.7705,3056
455,38.875,38.875,38.825,38.825,2555
456,38.9,38.9,38.875,38.875,1200
457,38.85,38.9,38.825,38.9,2150
458,38.85,38.9,38.8228,38.8228,3097
459,38.825,38.85,38.805,38.8074,1325
460,38.8,38.825,38.8,38.825,700
461,38.85,38.85,38.8,38.825,2070
462,38.875,38.9,38.85,38.85,5730
463,38.96,39,38.9,38.9,3859
464,39,39,38.9,38.962,7375
465,38.975,39.05,38.95,39.025,4500
466,39.05,39.05,38.925,38.975,4167
467,38.925,39,38.9,39,8700
468,38.85,38.9,38.85,38.9,3700
469,38.9,38.9,38.8,38.875,5261
470,38.9,38.9,38.85,38.9,9002
471,38.9,39,38.8,38.875,44300
864,39,39,39,39,3815
865,39.075,39.175,38.86,38.9,4074
866,39.195,39.225,39.1313,39.19,4600
867,39.325,39.34,39.2,39.25,9266
868,39.3875,39.3875,39.3,39.3,4550
869,39.525,39.55,39.32,39.325,12433
870,39.64,39.725,39.55,39.55,10150
871,39.4938,39.7355,39.4922,39.65,21600
872,39.65,39.7,39.5,39.5,3081
873,39.725,39.8,39.625,39.65,4618
874,39.75,39.9,39.7,39.7,6449
875,39.65,39.7855,39.6,39.7855,1700
876,39.7,39.7,39.6384,39.6384,3915
877,39.775,39.8,39.725,39.725,1700
878,39.75,39.7938,39.75,39.7938,2200
879,39.75,39.79,39.725,39.725,2000
880,39.74,39.8,39.74,39.75,1100
881,39.775,39.8,39.7,39.7,2050
882,39.8,39.85,39.725,39.775,10638
883,39.825,39.833,39.75,39.8,3800
884,39.8288,39.9,39.8,39.825,9982
885,39.825,39.841,39.8,39.825,1795
886,39.95,39.95,39.8,39.8,9471
887,39.96,40.05,39.95,39.95,9415
888,40.025,40.025,39.95,40,4990
889,39.95,40,39.95,40,3650
890,39.95,39.99,39.934,39.958,3130
891,39.95,40,39.95,39.99,2070
892,39.978,39.978,39.9246,39.95,2167
893,39.9755,40.025,39.925,39.95,4171
894,40.0223,40.025,39.95,39.975,9753
895,40,40.025,40,40.025,2500
896,40,40.021,40,40,700
897,40,40.0438,39.9,40,6755
898,39.975,40,39.95,39.975,2825
899,39.975,40,39.925,39.975,3968
900,39.975,40,39.925,39.975,5225
901,39.975,40.05,39.95,40,10537
902,40.06,40.06,39.95,39.975,21093
903,40.05,40.15,40,40.1,87273
a1495546200,40.2,40.2,40.2,40.2,6120
1,40.07,40.275,40,40.06,4000
2,40.15,40.225,40.0541,40.075,1605
3,39.95,40.15,39.95,40.125,6295
4,39.975,40.05,39.95,40,2120
5,39.955,40.075,39.95,39.975,9736
6,39.975,40.025,39.95,39.975,4194
7,39.9806,39.9806,39.96,39.975,640
8,39.95,40,39.95,39.99,7244
9,40,40.075,39.95,39.975,6390
10,40.025,40.05,40.0125,40.0125,500
11,40.175,40.2,40.025,40.025,3755
12,40.2,40.2007,40.15,40.2,1803
13,40.275,40.2902,40.2,40.2,4540
14,40.2,40.275,40.05,40.275,8715
15,40.15,40.2,40.15,40.1677,2205
16,40.15,40.15,40.1,40.1,1350
17,40,40.155,40,40.155,4773
18,40,40,39.95,39.95,1610
19,40.05,40.05,39.95,39.9834,8037
20,40.1,40.1,40.005,40.005,6090
21,40.05,40.1,40.05,40.1,1000
22,40.1,40.1,40.075,40.075,2400
23,40.15,40.15,40.05,40.1,1385
24,40.1,40.1732,40.1,40.1,1080
25,40.25,40.25,40.15,40.15,800
26,40.2,40.225,40.2,40.225,600
27,40.15,40.225,40.15,40.2,3900
28,40.1,40.15,40.075,40.15,2951
29,40.1,40.15,40.1,40.1,3807
30,40.175,40.175,40.1,40.125,3000
31,40.15,40.15,40.15,40.15,1200
32,40.2,40.2,40.15,40.175,3280
33,40.275,40.275,40.2,40.2,2986
34,40.375,40.4,40.25,40.25,2147
35,40.325,40.425,40.325,40.4,4001
36,40.375,40.4,40.35,40.35,2100
37,40.425,40.45,40.35,40.375,5490
38,40.425,40.45,40.4,40.425,1976
39,40.35,40.425,40.25,40.4,64686
144,40.2,40.2,40.2,40.2,3932
145,40.4,40.4,40.4,40.4,100
146,40.4999,40.4999,40.3,40.3,3554
147,40.6209,40.7,40.475,40.4999,7280
148,40.7,40.85,40.55,40.55,10438
149,40.75,40.75,40.7,40.7,2144
150,40.7491,40.8,40.65,40.8,4286
151,40.7666,40.8,40.705,40.7504,4923
152,40.85,40.875,40.65,40.8,9600
153,40.8,40.85,40.75,40.85,7975
154,40.775,40.7788,40.75,40.7788,4314
155,40.55,40.75,40.55,40.75,14061
156,40.625,40.65,40.525,40.55,4100
157,40.575,40.625,40.525,40.6,11780
158,40.55,40.55,40.55,40.55,200
159,40.65,40.7,40.4,40.5,17032
160,40.65,40.675,40.55,40.6,7732
161,40.6,40.65,40.55,40.6,9100
162,40.6,40.65,40.6,40.625,1305
163,40.55,40.612,40.55,40.6,2500
164,40.45,40.55,40.45,40.55,3910
165,40.6,40.6,40.4,40.475,9610
166,40.55,40.575,40.55,40.575,4379
167,40.6,40.6,40.55,40.55,3100
168,40.525,40.55,40.5,40.55,2900
169,40.5,40.55,40.475,40.525,8960
170,40.5,40.55,40.475,40.55,2100
171,40.5,40.5,40.45,40.5,1500
172,40.575,40.575,40.45,40.45,8710
173,40.675,40.7,40.575,40.575,2400
174,40.625,40.65,40.625,40.65,4802
175,40.55,40.65,40.55,40.6,2600
176,40.55,40.575,40.5,40.55,6115
177,40.6,40.65,40.425,40.525,11660
178,40.45,40.65,40.45,40.63,5052
179,40.36,40.4781,40.35,40.475,7546
180,40.5,40.55,40.35,40.35,8995
181,40.45,40.55,40.45,40.55,10061
182,40.4,40.475,40.35,40.45,16322
183,40.4,40.5,40.4,40.45,74584
288,40.35,40.4,40.35,40.4,4125
289,40.3,40.4,40.25,40.3,600
290,40.5,40.6,40.325,40.325,7531
291,40.6,40.6,40.5,40.5,754
292,40.7,40.7,40.55,40.55,4700
293,40.85,40.85,40.7,40.7,8650
294,40.821,40.95,40.821,40.85,5937
295,40.9,40.9,40.75,40.8,8830
296,40.95,40.95,40.85,40.9,12455
297,40.95,41,40.925,40.925,8324
298,40.975,40.975,40.875,40.95,8445
299,41,41.05,40.9665,40.975,8472
300,41.1,41.125,41,41.025,11164
301,41.125,41.1276,41.05,41.1251,7945
302,41.1,41.175,41.1,41.15,13448
303,41.1,41.15,41.1,41.125,4100
304,41.15,41.175,41.005,41.1,6802
305,41.05,41.2,41.05,41.2,19392
306,41.125,41.125,41.05,41.05,4006
307,41.125,41.15,41.1,41.125,4806
308,41.125,41.127,41.125,41.125,600
309,41.175,41.2,41.11,41.11,5121
310,41.15,41.2,41.075,41.2,10876
311,41.125,41.175,41.075,41.15,11950
312,41.1,41.15,41.05,41.1,7146
313,40.9,41.1,40.85,41.1,9782
314,40.95,41,40.9,40.925,7412
315,40.95,40.975,40.925,40.95,1629
316,40.9,40.94,40.9,40.94,2273
317,41,41,40.925,40.925,4487
318,41.15,41.15,40.95,41.05,5511
319,41.2,41.25,41.1,41.1,11498
320,41.175,41.2218,41.15,41.175,6872
321,41.175,41.2,41.15,41.175,3247
322,41.225,41.275,41.15,41.175,15110
323,41.225,41.25,41.2,41.225,3400
324,41.225,41.275,41.175,41.205,14379
325,41.225,41.225,41.175,41.225,4000
326,41.1,41.275,41.1,41.225,40939
327,41.25,41.25,41.1,41.125,36152
432,41.25,41.25,41.25,41.25,4382
433,41.25,41.35,41,41.25,13329
434,41.35,41.35,41.2,41.325,14699
435,41.275,41.35,41.25,41.35,2350
436,41.3,41.3,41.175,41.275,5880
437,41.3,41.375,41.25,41.3438,7750
438,41.35,41.4,41.3,41.3,5000
439,41.4,41.425,41.35,41.375,5200
440,41.25,41.425,41.225,41.375,6068
441,41.25,41.3,41.2,41.255,8550
442,41.3,41.35,41.225,41.225,4349
443,41.175,41.3,41.15,41.275,9650
444,41.175,41.2,41.15,41.175,2300
445,41,41.225,40.925,41.175,17502
446,41.0051,41.075,40.95,41.025,4760
447,41.075,41.125,41,41,5237
448,41,41.1,41,41.1,3889
449,41,41.0499,41,41.0156,3340
450,41.075,41.075,41,41.025,3525
451,40.925,41.1,40.925,41.075,5800
452,40.95,40.95,40.9,40.925,6100
453,40.9,41,40.9,40.95,2000
454,40.875,40.9,40.85,40.9,3500
455,40.875,40.9,40.825,40.9,3444
456,40.775,40.85,40.775,40.85,2000
457,40.825,40.85,40.75,40.7866,3000
458,40.775,40.825,40.75,40.825,2300
459,40.775,40.775,40.6,40.75,20918
460,40.825,40.825,40.7,40.75,8168
461,40.8,40.805,40.75,40.8,6983
462,40.85,40.85,40.8,40.8,2400
463,40.85,40.875,40.825,40.855,3300
464,40.8,40.875,40.75,40.875,8820
465,40.65,40.8,40.65,40.75,8661
466,40.575,40.7,40.575,40.65,3800
467,40.6,40.65,40.5964,40.6,6234
468,40.65,40.75,40.55,40.625,12005
469,40.75,40.8,40.625,40.675,10411
470,40.6,40.775,40.6,40.75,9400
471,40.65,40.75,40.55,40.6,52998
a1496151000,39.65,39.65,39.65,39.65,10567
1,39.025,39.7,38.26,38.26,50507
2,39.25,39.4,38.9,39.025,24240
3,39.3,39.4056,39.25,39.25,14425
4,39.2,39.3,39.17,39.3,9250
5,39.3,39.35,39.15,39.25,11129
6,39.3,39.475,39.3,39.375,6000
7,39.3189,39.3499,39.3189,39.3499,250
8,39.35,39.45,39.3,39.35,10833
9,39.35,39.4,39.2,39.35,13544
10,39.35,39.45,39.3,39.3,7391
11,39.325,39.35,39.317,39.317,600
12,39.31,39.4,39.25,39.3,5096
13,39.2,39.3,39.15,39.3,4098
14,39.175,39.225,39.1,39.2143,8652
15,39.1,39.2,39.1,39.15,2600
16,39.0185,39.15,39,39.15,9822
17,39.05,39.1,39,39.025,3335
18,38.76,39,38.75,39,8800
19,38.605,38.775,38.575,38.755,9109
20,38.625,38.675,38.6,38.6486,3085
21,38.6,38.625,38.6,38.625,300
22,38.55,38.575,38.55,38.575,900
23,38.55,38.575,38.55,38.55,1300
24,38.5999,38.6,38.55,38.55,2290
25,38.5,38.5825,38.5,38.5825,8938
26,38.505,38.575,38.45,38.55,1596
27,38.45,38.475,38.45,38.475,5900
28,38.275,38.4999,38.25,38.45,10400
29,38.275,38.295,38.25,38.275,12425
30,38.25,38.35,38.225,38.25,19527
31,38.05,38.2999,38.05,38.2999,13033
32,38.075,38.1,38.05,38.1,5000
33,38.1,38.145,38.05,38.05,15801
34,38.25,38.25,38.1,38.1,13300
35,38.15,38.4,38.15,38.225,11934
36,38.1,38.175,38.1,38.15,5250
37,38.1,38.145,38.1,38.1,7796
38,38,38.125,37.925,38.1,35446
39,38,38.05,37.95,38,63293
144,38,38,38,38,4946
145,38.1,38.2,38,38.1,15798
146,38,38.175,37.975,38.1,18628
147,38,38.05,37.95,38,10228
148,37.95,38.15,37.95,37.95,17862
149,37.725,37.95,37.65,37.95,18671
150,37.35,37.725,37.35,37.725,16316
151,37.225,37.4,37.225,37.375,13352
152,37.35,37.35,37.1,37.225,12344
153,37.425,37.45,37.15,37.35,16687
154,37.6,37.65,37.325,37.4248,20200
155,37.575,37.625,37.375,37.625,4000
156,37.75,37.75,37.475,37.575,16252
157,37.675,37.75,37.575,37.725,17664
158,37.625,37.8,37.6,37.65,22748
159,37.525,37.65,37.35,37.625,24903
160,37.55,37.55,37.525,37.525,7300
161,37.55,37.55,37.5157,37.525,3200
162,37.5,37.55,37.5,37.525,6004
163,37.4,37.45,37.35,37.45,4776
164,37.44,37.4499,37.4,37.4,2221
165,37.4,37.45,37.375,37.4,6007
166,37.425,37.425,37.35,37.4,4591
167,37.4,37.4753,37.4,37.4,4315
168,37.4,37.45,37.4,37.45,4168
169,37.4,37.425,37.4,37.4,3901
170,37.425,37.425,37.375,37.4,2966
171,37.425,37.6,37.4,37.4,11540
172,37.475,37.475,37.4,37.4,2403
173,37.475,37.475,37.4248,37.475,4412
174,37.425,37.475,37.425,37.475,2590
175,37.575,37.6,37.418,37.425,9752
176,37.575,37.6,37.525,37.55,2825
177,37.55,37.6,37.5,37.575,10842
178,37.5,37.579,37.4746,37.579,6200
179,37.425,37.475,37.4,37.475,6290
180,37.425,37.45,37.4,37.425,14841
181,37.25,37.425,37.25,37.425,13248
182,37.3,37.3,37.25,37.275,18509
183,37.2,37.3,37.2,37.275,60961
288,37.05,37.05,37.05,37.05,4716
289,37.1,37.225,36.925,37.05,9158
290,37.05,37.1,37.05,37.05,3300
291,36.8,37,36.8,37,5608
292,36.8,36.95,36.705,36.8,12378
293,36.9,36.9,36.76,36.8021,3860
294,37.15,37.15,36.9,36.95,11122
295,37.142,37.195,37.1,37.195,1700
296,37.15,37.225,37.1,37.175,6670
297,37.275,37.275,37.175,37.175,1200
298,37.225,37.275,37.225,37.25,4686
299,37.175,37.25,37.15,37.2375,1320
300,37.125,37.15,37.1,37.1,1600
301,37.15,37.2,37.15,37.15,1800
302,37.225,37.225,37.175,37.175,1000
303,37.275,37.3,37.225,37.225,1431
304,37.25,37.3,37.25,37.3,415
305,37.3,37.3,37.2,37.275,3293
306,37.325,37.35,37.2,37.325,8907
307,37.35,37.35,37.275,37.275,3813
308,37.325,37.325,37.3217,37.325,2250
309,37.3755,37.3755,37.325,37.325,1900
310,37.325,37.35,37.305,37.35,1100
311,37.325,37.325,37.275,37.3,4820
312,37.3,37.325,37.3,37.3139,1336
313,37.275,37.2999,37.225,37.275,5090
314,37.275,37.3,37.225,37.2685,4109
315,37.3,37.3,37.3,37.3,500
316,37.25,37.345,37.25,37.3,4600
317,37.375,37.4,37.26,37.26,1700
318,37.5408,37.5408,37.35,37.35,4937
319,37.5205,37.55,37.5,37.525,1185
320,37.65,37.65,37.55,37.55,2635
321,37.675,37.7,37.625,37.625,3310
322,37.675,37.7,37.65,37.65,2000
323,37.625,37.675,37.619,37.65,1774
324,37.6,37.65,37.6,37.6,2410
325,37.6,37.625,37.6,37.6,2650
326,37.75,37.75,37.6,37.625,8860
327,37.8,37.9,37.725,37.725,41426
432,38,38,37.75,37.75,3033
433,38.25,38.3,37.9168,37.9168,5173
434,38.1,38.35,38.1,38.25,3262
435,38.05,38.05,38,38.05,1460
436,38.225,38.25,38.1,38.1,6043
437,38.3019,38.3019,38.229,38.229,2077
438,38.45,38.5,38.3,38.3,11556
439,38.4,38.45,38.4,38.45,3950
440,38.45,38.45,38.421,38.421,3034
441,38.4,38.5,38.4,38.5,6465
442,38.3,38.35,38.275,38.35,3222
443,38.425,38.45,38.25,38.35,5000
444,38.45,38.5,38.4,38.4,5700
445,38.6,38.6,38.425,38.4676,17161
446,38.7,38.75,38.6,38.65,4535
447,38.675,38.7,38.668,38.7,1600
448,38.5,38.65,38.5,38.65,1200
449,38.5708,38.5708,38.5,38.5,2600
450,38.605,38.605,38.605,38.605,200
451,38.525,38.6,38.525,38.6,2132
452,38.575,38.575,38.525,38.525,1078
453,38.6,38.6,38.575,38.575,900
454,38.675,38.7,38.6,38.6183,4787
455,38.675,38.675,38.625,38.65,2100
456,38.625,38.65,38.625,38.65,700
457,38.7,38.7,38.6253,38.65,1465
458,38.7,38.7,38.675,38.675,950
459,38.65,38.675,38.65,38.6501,2056
460,38.6,38.625,38.595,38.625,2250
461,38.625,38.65,38.55,38.55,3314
462,38.6487,38.65,38.6208,38.65,3665
463,38.675,38.675,38.65,38.675,725
464,38.625,38.675,38.625,38.675,3140
465,38.65,38.65,38.6244,38.65,4090
466,38.6,38.65,38.6,38.65,300
467,38.55,38.625,38.55,38.625,5144
468,38.7,38.75,38.6,38.6,14631
469,38.65,38.75,38.65,38.7,4738
470,38.575,38.7,38.575,38.65,13112
471,38.55,38.6,38.5,38.575,37708
864,38.35,38.35,38.35,38.35,3923
865,38.25,38.25,38.1,38.2,3300
866,38.186,38.325,38.15,38.271,3790
867,38.375,38.375,38.25,38.25,7289
868,38.55,38.55,38.35,38.35,5600
869,38.5,38.55,38.4,38.55,5200
870,38.5,38.5,38.45,38.5,2141
871,38.6,38.6,38.45,38.45,3123
872,38.6,38.625,38.5,38.55,3455
873,38.575,38.65,38.56,38.65,1800
874,38.6,38.6,38.55,38.6,2800
875,38.7,38.7,38.625,38.65,900
876,38.725,38.75,38.675,38.7,2100
877,38.7,38.75,38.7,38.75,945
878,38.6755,38.7,38.65,38.7,1500
879,38.65,38.6908,38.65,38.675,1275
880,38.75,38.75,38.65,38.675,1650
881,38.675,38.675,38.65,38.6734,850
882,38.6,38.7,38.6,38.671,3478
883,38.5,38.61,38.5,38.6,2425
884,38.45,38.525,38.45,38.525,1800
885,38.54,38.54,38.45,38.45,4153
886,38.575,38.575,38.5,38.5,2400
887,38.55,38.6,38.55,38.55,3400
888,38.65,38.65,38.5501,38.575,2626
889,38.7,38.7,38.65,38.65,4733
890,38.7,38.725,38.7,38.725,500
891,38.9,38.95,38.7,38.725,8667
892,38.85,38.95,38.85,38.9,3200
893,38.95,38.95,38.85,38.85,1531
894,38.85,38.925,38.825,38.925,4200
895,38.95,38.95,38.85,38.875,2500
896,39,39.025,38.95,38.95,6250
897,39.04,39.05,38.975,39.05,2463
898,39.05,39.075,39.0136,39.025,5187
899,39.125,39.15,39.05,39.06,3100
900,39.05,39.15,39,39.125,10863
901,38.975,39.025,38.925,39,10188
902,38.8,38.99,38.8,38.95,13117
903,38.75,38.825,38.7,38.8,42050
a1496755800,38.7,38.7,38.7,38.7,3647
1,38.2,38.6,38.1,38.35,10798
2,38.25,38.3,38.125,38.25,24833
3,38.15,38.3,38.05,38.2,12967
4,38.125,38.2,38.1,38.15,2500
5,38.1,38.15,38.1,38.15,2360
6,38,38.075,38,38.05,2727
7,38.05,38.125,37.975,37.975,4900
8,38.225,38.225,38.05,38.05,6775
9,38.125,38.3,38.1,38.2,7085
10,38.2,38.3,38.125,38.125,10387
11,38.25,38.25,38.2,38.25,2298
12,38.25,38.25,38.242,38.25,1600
13,38.25,38.25,38.25,38.25,1553
14,38.2,38.3,38.19,38.275,6756
15,38.175,38.2,38.15,38.2,3500
16,38.2,38.2,38.15,38.175,3200
17,38.2,38.225,38.175,38.225,1200
18,38.2,38.2,38.2,38.2,100
19,38.15,38.15,38.15,38.15,1235
20,38.2,38.2,38.15,38.15,3894
21,38.25,38.25,38.1619,38.2,1945
22,38.2147,38.25,38.175,38.25,8600
23,38.25,38.25,38.2,38.225,2100
24,38.275,38.275,38.26,38.275,950
25,38.35,38.4,38.225,38.275,6733
26,38.35,38.35,38.35,38.35,412
27,38.35,38.375,38.35,38.375,2000
28,38.3586,38.375,38.35,38.35,830
29,38.5,38.5,38.35,38.375,4742
30,38.6,38.6,38.55,38.55,1500
31,38.6,38.6,38.6,38.6,1000
32,38.6,38.65,38.55,38.65,3000
33,38.59,38.65,38.59,38.64,1854
34,38.5,38.6,38.45,38.6,4742
35,38.5,38.525,38.45,38.525,1300
36,38.5,38.5,38.475,38.5,4830
37,38.55,38.55,38.5,38.5,8914
38,38.5,38.55,38.5,38.55,4695
39,38.45,38.5,38.35,38.5,65804
144,38.3,38.3,38.3,38.3,3070
145,38.6,38.6,38.275,38.275,4410
146,38.525,38.55,38.45,38.55,2785
147,38.75,38.75,38.55,38.55,1409
148,38.75,38.85,38.7,38.7,3175
149,38.875,38.875,38.85,38.85,600
150,38.8,38.9,38.8,38.9,700
151,38.75,38.8,38.75,38.775,2038
152,38.8,38.8,38.65,38.705,4000
153,38.775,38.8,38.7,38.75,3300
154,38.75,38.775,38.75,38.775,203
155,38.75,38.775,38.675,38.7483,4884
156,38.7,38.75,38.625,38.725,5401
158,38.625,38.7,38.567,38.7,3200
159,38.65,38.65,38.625,38.65,1600
160,38.6679,38.6679,38.65,38.65,300
161,38.55,38.6,38.525,38.6,2915
162,38.6,38.65,38.55,38.55,1500
163,38.6,38.6,38.55,38.6,700
164,38.55,38.6019,38.55,38.555,3240
165,38.55,38.55,38.5,38.5,1500
166,38.675,38.7,38.55,38.6,4100
167,38.638,38.7,38.638,38.65,1860
168,38.65,38.7,38.605,38.65,4500
169,38.63,38.7,38.605,38.7,2000
170,38.6275,38.65,38.6275,38.65,1100
171,38.7,38.7,38.65,38.65,1404
172,38.7,38.8,38.7,38.725,3600
173,38.775,38.8,38.7,38.7,2400
174,38.775,38.775,38.75,38.775,2700
175,38.65,38.75,38.65,38.75,8575
176,38.6,38.65,38.55,38.6,9300
177,38.5,38.6,38.5,38.6,5338
178,38.325,38.5,38.325,38.5,6080
179,38.35,38.375,38.325,38.325,11962
180,38.4,38.4,38.25,38.375,10661
181,38.325,38.375,38.3,38.375,5308
182,38.45,38.5,38.325,38.325,13907
183,38.2,38.475,38.05,38.4,115362
288,38.15,38.15,38.15,38.15,2507
289,38.425,38.45,37.95,37.95,6751
290,38.225,38.5,38.15,38.5,7647
291,38.075,38.225,38.05,38.225,10000
292,37.95,38.175,37.95,38.075,8615
293,38.05,38.1,37.95,37.95,4000
294,38,38.05,37.975,38.05,3584
295,38.1749,38.25,38.025,38.025,3039
296,38.25,38.25,38.175,38.175,18544
297,38.25,38.275,38.2,38.275,4550
298,38.25,38.25,38.25,38.25,1300
299,38.25,38.3,38.2,38.3,4400
300,38.25,38.25,38.25,38.25,1000
301,38.3137,38.35,38.3,38.3,600
302,38.275,38.305,38.2,38.305,1888
303,38.275,38.3,38.275,38.275,1300
304,38.275,38.3,38.25,38.275,1750
305,38.45,38.45,38.325,38.35,2400
306,38.425,38.5,38.425,38.5,200
307,38.3,38.425,38.3,38.425,6673
308,38.35,38.4,38.3,38.325,3234
309,38.375,38.4,38.35,38.35,600
310,38.375,38.4,38.35,38.35,1100
311,38.4,38.45,38.35,38.375,7070
312,38.3,38.4,38.3,38.4,2791
313,38.45,38.45,38.3,38.3,2700
314,38.425,38.45,38.421,38.45,1689
315,38.375,38.425,38.375,38.425,2884
316,38.425,38.45,38.375,38.375,1075
317,38.425,38.45,38.375,38.45,4322
318,38.35,38.445,38.35,38.425,3682
319,38.325,38.35,38.3,38.35,3200
320,38.15,38.325,38.1,38.325,7084
321,38.25,38.25,38.225,38.25,358
322,38.275,38.3,38.225,38.225,10927
323,38.275,38.3,38.275,38.275,600
324,38.255,38.275,38.21,38.275,6436
325,38.225,38.35,38.2,38.25,12351
326,38.2,38.25,38.125,38.225,12606
327,38.25,38.25,38.15,38.175,39255
432,38.45,38.45,38.45,38.45,4844
433,38.3,38.35,38.15,38.275,5428
434,38.4,38.5,38.325,38.3678,3964
435,38.35,38.4,38.3,38.4,3588
436,38.3,38.35,38.25,38.34,5382
437,38.225,38.3,38.175,38.3,2464
438,38.225,38.25,38.15,38.15,5254
439,38.25,38.25,38.175,38.225,4136
440,38.35,38.4,38.2415,38.2415,3280
441,38.35,38.382,38.3,38.382,5692
442,38.35,38.35,38.25,38.3,2305
443,38.35,38.35,38.3,38.35,3000
444,38.3,38.325,38.25,38.3,3623
445,38.35,38.35,38.3,38.35,2400
446,38.35,38.4,38.3,38.4,2356
447,38.25,38.35,38.225,38.35,5141
448,38.3,38.3,38.25,38.275,1871
449,38.325,38.35,38.3,38.35,2500
450,38.275,38.3449,38.25,38.3449,2360
451,38.325,38.35,38.3,38.3,2900
452,38.35,38.35,38.3,38.325,2522
453,38.35,38.35,38.3,38.3,400
454,38.35,38.4,38.325,38.35,2700
455,38.3,38.35,38.3,38.35,300
456,38.425,38.45,38.35,38.35,2323
457,38.45,38.45,38.41,38.425,3170
458,38.4,38.45,38.4,38.4,1164
459,38.6,38.65,38.45,38.45,5890
460,38.5,38.7,38.45,38.7,16200
461,38.475,38.525,38.475,38.525,2447
462,38.55,38.55,38.45,38.475,4000
463,38.475,38.5,38.4,38.5,10300
464,38.2,38.475,38.2,38.4501,13093
465,38.35,38.35,38.175,38.175,6452
466,38.275,38.35,38.25,38.325,6800
467,38.275,38.3,38.175,38.25,14809
468,38.3,38.4,38.2,38.325,20288
469,38.35,38.425,38.225,38.3,26004
470,38.35,38.4,38.275,38.325,12870
471,38.5,38.5,38.35,38.35,58438
864,38.3,38.3,38.3,38.3,3092
865,38.95,38.95,38.275,38.325,3768
866,39.15,39.25,38.95,38.95,5800
867,39.1,39.2,39.1,39.15,1900
868,39.1,39.15,39,39.1,5955
869,39.2,39.2,39.075,39.15,5053
870,39.275,39.275,39.143,39.2,4454
871,39.6,39.6,39.3,39.3,5138
872,39.7304,39.75,39.65,39.65,9757
873,39.825,39.85,39.775,39.775,4605
874,39.7,39.85,39.7,39.85,5173
875,39.725,39.725,39.55,39.7,6467
876,39.725,39.8,39.725,39.725,4798
877,39.725,39.75,39.65,39.7,4412
878,39.8,39.8,39.65,39.7,6094
879,39.95,39.95,39.8154,39.8154,3350
880,39.95,40.025,39.905,39.95,6043
881,39.8,40,39.8,39.975,6815
882,39.775,39.8,39.7,39.8,8165
883,39.775,39.85,39.75,39.775,3315
884,39.8,39.85,39.8,39.8,4027
885,39.75,39.805,39.75,39.805,500
886,39.65,39.775,39.65,39.775,1300
887,39.7,39.7,39.6,39.6,1256
888,39.65,39.7,39.65,39.7,1876
889,39.6734,39.7,39.65,39.675,1250
890,39.7,39.7,39.675,39.675,1600
891,39.725,39.775,39.65,39.7,9001
892,39.75,39.75,39.725,39.75,2000
893,39.675,39.8,39.675,39.8,5600
894,39.7,39.75,39.65,39.675,4899
895,39.7195,39.725,39.7,39.7,1496
896,39.65,39.715,39.6,39.7,3427
897,39.6,39.65,39.525,39.625,13931
898,39.625,39.625,39.6,39.6,1600
899,39.55,39.63,39.55,39.625,7272
900,39.65,39.65,39.55,39.575,4211
901,39.65,39.725,39.625,39.625,16537
902,39.7,39.75,39.6,39.65,13060
903,39.7,39.75,39.65,39.75,42812
a1497360600,39.55,39.55,39.55,39.55,4225
1,38.75,39.325,38.725,39.325,7559
2,39.05,39.125,38.725,38.725,19250
3,39.307,39.425,39.05,39.05,4956
4,39.3,39.4,39.25,39.3,1900
5,39.125,39.3675,39.125,39.35,9776
6,39.25,39.3,39.1,39.1,4700
7,39.2699,39.3,39.2,39.25,6500
8,39.2667,39.3,39.2,39.25,4600
9,39.3,39.3,39.3,39.3,2040
10,39.45,39.45,39.3,39.3,6083
11,39.4,39.45,39.4,39.45,300
12,39.25,39.35,39.225,39.35,10121
13,39.1,39.25,39.1,39.25,2915
14,39.1,39.15,39.05,39.1,6493
15,39.15,39.2,39.1,39.1,2000
16,39.25,39.25,39.15,39.15,3827
17,39.25,39.2661,39.15,39.25,4894
18,39.325,39.4,39.24,39.24,3300
19,39.35,39.5,39.3,39.3,4221
20,39.375,39.4,39.35,39.35,1500
21,39.425,39.45,39.4,39.4,1825
22,39.5,39.6,39.5,39.5,1000
23,39.55,39.55,39.5,39.5,900
24,39.55,39.61,39.55,39.55,2275
25,39.7,39.7,39.6,39.6,1915
26,39.7,39.75,39.65,39.7,2300
27,39.7,39.7,39.65,39.6668,2300
28,39.55,39.75,39.55,39.7,7777
29,39.5,39.55,39.45,39.5,3480
30,39.55,39.6,39.45,39.45,3250
31,39.425,39.525,39.425,39.525,1700
32,39.45,39.45,39.4,39.405,3684
33,39.55,39.6,39.475,39.475,2938
34,39.475,39.525,39.4,39.5,5018
35,39.425,39.5,39.4,39.5,700
36,39.4,39.45,39.4,39.4,2485
37,39.325,39.5,39.3,39.4,11035
38,39.525,39.55,39.3,39.325,8751
39,39.5,39.55,39.45,39.525,21440
144,39.3,39.3,39.3,39.3,3935
145,39.3,39.45,39.105,39.35,8064
146,39.3,39.35,39.175,39.225,10300
147,39.45,39.45,39.25,39.25,10348
148,39.4,39.5,39.4,39.45,3134
149,39.475,39.475,39.37,39.4,6000
150,39.4,39.5642,39.4,39.45,15086
151,39.1009,39.35,39.1,39.35,3115
152,39.3,39.35,39.05,39.05,6376
153,39.25,39.3,39.25,39.3,1800
154,39.35,39.45,39.25,39.25,11800
155,39.4,39.4,39.35,39.35,2000
156,39.45,39.45,39.4,39.4,1500
157,39.45,39.5,39.4,39.45,1100
158,39.45,39.45,39.36,39.45,2778
159,39.5,39.55,39.425,39.425,3200
160,39.525,39.55,39.5,39.5,1751
161,39.55,39.55,39.5,39.5,900
162,39.7,39.7,39.5,39.55,3337
163,39.7,39.7,39.7,39.7,800
164,39.675,39.675,39.65,39.675,400
165,39.625,39.65,39.575,39.65,2000
166,39.6,39.7,39.6,39.65,5100
167,39.6,39.7,39.6,39.65,3340
168,39.6,39.65,39.55,39.6,1333
169,39.65,39.6563,39.6,39.6,1634
170,39.675,39.75,39.65,39.75,1200
171,39.7,39.7027,39.7,39.7,800
172,39.7,39.7,39.6,39.65,1918
173,39.45,39.7,39.45,39.7,3596
174,39.6,39.65,39.45,39.45,1600
175,39.6,39.6194,39.6,39.6,1100
176,39.725,39.725,39.55,39.6,6325
177,39.775,39.8,39.75,39.765,3801
178,39.725,39.75,39.65,39.75,4100
179,39.775,39.775,39.675,39.7283,8015
180,39.775,39.775,39.75,39.75,3600
181,39.8,39.8,39.75,39.775,10426
182,39.7,39.8,39.65,39.775,11945
183,39.65,39.75,39.65,39.7,25180
288,39.4,39.4,39.4,39.4,3020
289,39.5,39.55,39.45,39.55,2100
290,39.55,39.55,39.4,39.5,8600
291,39.45,39.5,39.45,39.5,1200
292,39.55,39.55,39.45,39.5,3310
293,39.475,39.5,39.45,39.5,724
294,39.4,39.475,39.4,39.425,4610
295,39.45,39.45,39.36,39.36,681
296,39.4,39.425,39.375,39.4,3200
297,39.35,39.4,39.35,39.4,2500
298,39.25,39.35,39.2492,39.35,3400
299,39.275,39.3,39.235,39.235,1567
300,39.4,39.4,39.3,39.3,4881
301,39.4,39.4,39.4,39.4,200
302,39.45,39.45,39.4,39.4,1382
303,39.35,39.4,39.35,39.4,500
304,39.4,39.4,39.35,39.35,700
305,39.55,39.55,39.35,39.4,3691
306,39.6,39.6,39.55,39.55,1357
307,39.5,39.55,39.5,39.55,3053
308,39.45,39.5,39.45,39.5,3900
310,39.5,39.6,39.475,39.475,2574
311,39.45,39.525,39.45,39.5,508
312,39.4,39.45,39.4,39.438,522
313,39.35,39.45,39.35,39.425,3185
314,39.3,39.3,39.3,39.3,725
315,39.375,39.375,39.3,39.3,3583
316,39.35,39.375,39.35,39.375,1200
317,39.425,39.45,39.375,39.375,3628
318,39.425,39.425,39.4,39.425,870
319,39.425,39.45,39.4,39.45,1000
320,39.475,39.5,39.425,39.425,3399
321,39.5,39.5,39.475,39.475,1633
322,39.475,39.5,39.45,39.5,5634
323,39.4,39.475,39.375,39.475,3201
324,39.275,39.4,39.275,39.4,3578
325,39.125,39.25,39.1,39.25,3543
326,39.05,39.15,39.05,39.125,10650
327,39.1,39.15,39.05,39.075,21118
432,37.65,37.65,37.65,37.65,53752
433,36.96,37.85,36.75,37.5,43786
434,36.35,37.05,36.3,36.95,32834
435,36.2,36.425,36.125,36.35,17218
436,36.25,36.4,36.15,36.195,27677
437,36.35,36.35,36.15,36.25,19769
438,36.225,36.4,36.175,36.4,16362
439,36.45,36.6,36.2,36.25,16994
440,36.3,36.4,36.2,36.4,9159
441,36.45,36.45,36.2,36.35,7030
442,36.5,36.55,36.35,36.45,7249
443,36.525,36.65,36.5,36.55,8385
444,36.4,36.5,36.4,36.5,5225
445,36.45,36.4668,35.3,36.433,92010
446,36.425,36.49,36.375,36.45,7515
447,36.4,36.45,36.375,36.44,6899
448,36.505,36.6,36.35,36.4,10150
449,36.75,36.9,36.55,36.575,10983
450,36.7,36.75,36.66,36.725,2900
451,36.7,36.7499,36.65,36.7,10142
452,36.768,36.768,36.7,36.7,8345
453,36.8,36.85,36.75,36.75,10658
454,37.2,37.2,36.775,36.825,18185
455,37.15,37.25,37.15,37.2,7130
456,36.9695,37.1,36.9695,37.1,2235
457,37.05,37.075,36.95,36.95,2500
458,37.02,37.037,36.95,37.005,3395
459,36.975,37.0306,36.9,37.0306,2153
460,37.1,37.1,36.95,36.95,5284
461,36.95,37.15,36.95,37.15,4966
462,37,37,36.95,36.975,3200
463,36.95,37.05,36.95,37.05,1708
464,36.85,37,36.85,36.975,4317
465,36.8,36.9,36.8,36.9,1500
466,36.9,36.925,36.75,36.775,8118
467,36.9,37.025,36.9,36.9,10792
468,37,37.05,36.9,36.95,4877
469,37.25,37.25,37,37.05,11823
470,37.35,37.45,37.225,37.2333,27351
471,37.35,37.6,37.35,37.425,190754
864,37.35,37.35,37.3,37.3,6064
865,36.85,37.5,36.6,37.3,6255
866,37,37.05,36.8,36.85,8444
867,36.95,37,36.85,37,6876
868,36.75,36.95,36.7,36.95,5959
869,36.65,36.75,36.6,36.75,4550
870,36.805,36.9,36.65,36.655,4800
871,37,37,36.8,36.9,5765
872,37.1,37.1,36.975,37,2963
873,37.25,37.3,36.975,37.05,33525
874,37.125,37.25,37.1,37.25,1800
875,37.3,37.4,37.125,37.125,12731
876,37.15,37.3,37.15,37.25,25100
877,37.125,37.25,37.125,37.15,6382
878,37.075,37.125,37.05,37.125,4000
879,37.2,37.3151,37.05,37.05,8247
880,37.2355,37.25,37.15,37.2,8599
881,37.25,37.25,37.2,37.24,1000
882,37.345,37.345,37.15,37.15,4140
883,37.3054,37.3295,37.3,37.3,4455
884,37.35,37.35,37.25,37.25,2600
885,37.3,37.35,37.3,37.35,1150
886,37.5,37.5,37.255,37.3,5375
887,37.5,37.5448,37.48,37.525,1655
888,37.525,37.525,37.45,37.475,2943
889,37.5,37.55,37.5,37.5,2500
890,37.45,37.5,37.425,37.5,3314
891,37.45,37.5,37.4334,37.45,5300
892,37.475,37.5,37.4,37.45,5282
893,37.525,37.55,37.4185,37.45,2257
894,37.525,37.545,37.5,37.5,1729
895,37.6,37.65,37.55,37.55,4624
896,37.575,37.6476,37.575,37.6,1770
897,37.65,37.65,37.55,37.575,3288
898,37.67,37.725,37.65,37.675,3455
899,37.75,37.75,37.65,37.65,5780
900,37.775,37.95,37.7,37.75,17610
901,37.8,37.825,37.75,37.8,4100
902,37.9,37.9,37.75,37.8,13454
903,38,38,37.875,37.9,57601
a1497965400,37.9,37.9,37.9,37.9,3561
1,37.55,37.6,37.35,37.55,16600
2,37.65,37.75,37.425,37.475,9479
3,37.825,37.9,37.6,37.6,3600
4,37.85,37.85,37.75,37.75,700
5,37.995,37.995,37.85,37.85,4700
6,37.75,37.9,37.7,37.9,3200
7,37.725,37.775,37.725,37.75,1700
8,37.85,37.85,37.725,37.75,3100
9,37.9,37.9,37.8,37.825,2300
10,37.95,37.95,37.875,37.875,300
11,37.825,37.9,37.825,37.9,1000
12,37.85,37.85,37.8,37.8,1300
13,37.95,37.95,37.9,37.9,3047
14,37.875,37.95,37.8,37.95,6337
15,37.8,37.8375,37.775,37.8375,1844
16,37.875,37.9,37.75,37.8,3250
17,37.85,37.85,37.825,37.85,1000
18,37.75,37.85,37.75,37.805,1200
19,37.8,37.85,37.775,37.775,2300
20,37.85,37.9,37.75,37.8,4100
21,37.85,37.9,37.75,37.85,8073
22,37.8,37.85,37.775,37.825,3015
23,37.825,37.9,37.8,37.8,3679
24,37.9,37.9,37.85,37.85,7190
25,37.9,37.9,37.75,37.875,11160
26,37.8,37.95,37.75,37.9,13429
27,37.85,37.85,37.775,37.8,10200
28,37.775,37.85,37.675,37.85,14587
29,37.75,37.75,37.65,37.75,5700
30,37.55,37.8,37.55,37.8,8736
31,37.55,37.55,37.5,37.55,5148
32,37.6,37.65,37.55,37.55,5100
33,37.5,37.6,37.5,37.6,2000
34,37.45,37.5,37.4,37.5,2708
35,37.575,37.6,37.425,37.45,6219
36,37.64,37.65,37.45,37.575,14433
37,37.625,37.65,37.6,37.625,6600
38,37.5,37.625,37.5,37.625,9085
39,37.6,37.65,37.5,37.513,44751
144,37.45,37.45,37.45,37.45,3085
145,37.425,37.55,37.4,37.4,898
146,37.6,37.6,37.3613,37.45,3328
147,37.75,37.75,37.55,37.55,2924
148,37.75,37.75,37.65,37.65,1040
149,37.7,37.75,37.655,37.75,1400
150,37.7,37.7,37.6497,37.7,2700
151,37.75,37.75,37.6,37.65,4217
152,37.675,37.8,37.65,37.75,8800
153,37.75,37.75,37.675,37.7,2100
154,37.675,37.75,37.6,37.75,5200
155,37.675,37.7,37.65,37.675,2599
156,37.75,37.75,37.675,37.7,3807
157,37.8,37.8,37.75,37.75,3389
158,37.675,37.8,37.675,37.8,9125
159,37.7,37.7,37.65,37.7,2228
160,37.7,37.75,37.7,37.7,1500
161,37.675,37.7,37.675,37.7,800
162,37.75,37.75,37.65,37.675,19857
163,37.8,37.8,37.725,37.73,1600
164,37.7,37.75,37.7,37.75,3045
165,37.65,37.7,37.6,37.65,3100
166,37.6,37.65,37.55,37.625,7638
167,37.6228,37.7,37.6,37.65,3523
168,37.625,37.65,37.625,37.65,1200
169,37.625,37.65,37.6,37.65,2625
170,37.65,37.65,37.6,37.625,4018
171,37.65,37.65,37.605,37.65,1000
172,37.625,37.65,37.605,37.65,1600
173,37.625,37.65,37.6,37.625,1600
174,37.625,37.65,37.619,37.65,2880
175,37.7,37.7,37.6,37.625,13565
176,37.625,37.75,37.6,37.6748,12892
177,37.85,37.85,37.6,37.625,7021
178,37.75,37.875,37.75,37.8184,5240
179,37.75,37.775,37.66,37.75,12607
180,37.8,37.8,37.7,37.75,2000
181,37.75,37.85,37.725,37.8,5153
182,37.75,37.8,37.725,37.725,7417
183,37.75,37.8,37.7,37.75,35295
288,37.65,37.65,37.65,37.65,4830
289,37.75,37.9,37.725,37.75,1400
290,37.65,37.75,37.5,37.7,11224
291,37.8,37.8,37.7,37.7,2300
292,37.8,37.85,37.8,37.8,1100
293,37.8,37.85,37.7,37.8,3105
294,37.75,37.8,37.65,37.75,3185
295,37.65,37.75,37.65,37.75,3000
296,37.625,37.675,37.6,37.65,2410
297,37.6,37.6,37.5,37.6,2900
298,37.55,37.55,37.4,37.55,10650
299,37.4,37.55,37.4,37.5,3400
300,37.5,37.5,37.4,37.4,8703
301,37.5,37.55,37.5,37.5,3199
302,37.6,37.6,37.5175,37.5201,7100
303,37.55,37.6,37.55,37.55,2881
304,37.488,37.55,37.425,37.55,7840
305,37.475,37.5,37.45,37.5,1827
306,37.525,37.6,37.45,37.475,5797
307,37.475,37.6,37.475,37.5253,4536
308,37.425,37.5,37.425,37.45,1400
309,37.5,37.5,37.425,37.45,9253
310,37.525,37.55,37.5,37.5,4419
311,37.55,37.55,37.5,37.5,4908
312,37.5,37.55,37.475,37.5,2200
313,37.45,37.55,37.425,37.5,8416
314,37.525,37.55,37.425,37.425,6600
315,37.65,37.65,37.55,37.55,1700
316,37.65,37.75,37.5916,37.5916,8949
317,37.8,37.8,37.6,37.65,4700
318,37.9,37.95,37.7,37.8,4100
319,38.15,38.15,37.95,37.95,4390
320,38.1,38.1,37.85,38.1,27429
321,38.2,38.3,38.15,38.15,8797
322,38.15,38.25,38.125,38.2,6689
323,37.95,38.2,37.9,38.15,20763
324,37.85,38.05,37.85,38,26982
325,37.75,37.8527,37.7,37.85,7796
326,37.675,37.8,37.6,37.725,24986
327,37.7,37.75,37.575,37.7,54114
432,37.65,37.65,37.65,37.65,3002
434,37.6,37.65,37.6,37.65,300
435,37.8,37.8,37.65,37.65,1994
436,37.9,37.9,37.8,37.81,400
437,38.05,38.05,37.9,37.9,3565
438,38.1,38.15,38.01,38.05,2000
439,38.075,38.1,38.05,38.1,1300
440,38.1578,38.2,38.1,38.1,2007
441,38.3,38.3,38.15,38.15,3588
442,38.3,38.325,38.288,38.3,2500
443,38.15,38.35,38.1,38.3,4357
444,38.2,38.2,38.15,38.15,1616
445,37.85,38.125,37.85,38.1,6927
446,37.95,37.95,37.7839,37.7839,1572
447,37.85,38,37.825,38,4100
448,37.7,37.805,37.6,37.8,5848
449,37.7952,37.85,37.75,37.75,990
450,37.7196,37.9,37.7196,37.85,835
451,37.655,37.8,37.65,37.775,3198
452,37.8,37.8,37.7,37.7,994
453,37.85,37.85,37.7,37.8,3087
454,37.75,37.85,37.75,37.85,1300
455,37.75,37.75,37.75,37.75,300
456,37.75,37.8,37.75,37.8,978
457,37.75,37.8,37.75,37.75,2405
458,37.75,37.75,37.7,37.7,1122
459,37.75,37.85,37.7,37.7,1702
460,37.8,37.8,37.75,37.75,1482
461,37.76,37.825,37.76,37.8,1577
462,37.85,37.85,37.775,37.8,1600
463,37.9,37.95,37.85,37.85,3000
464,38,38.05,37.9,37.95,3031
465,37.9,37.95,37.85,37.95,1887
466,37.85,37.95,37.85,37.911,2556
467,37.95,37.95,37.85,37.875,2010
468,37.9,38,37.9,37.95,5144
469,37.9,37.95,37.9,37.95,3464
470,37.95,38,37.9,37.9,9234
471,38.1,38.1,37.925,37.925,168745
864,38.2,38.2,38.2,38.2,2267
865,38.4,38.4,38.25,38.25,923
866,38.2,38.45,38.2,38.4,3264
867,38.45,38.45,38.25,38.25,2800
868,38.35,38.425,38.35,38.425,2651
869,38.45,38.475,38.45,38.45,2437
870,38.4,38.425,38.35,38.4,2500
871,38.45,38.475,38.4,38.4,2002
872,38.5,38.525,38.45,38.475,4800
873,38.35,38.525,38.35,38.5,8900
874,38.3,38.37,38.25,38.37,4345
875,38.4,38.45,38.325,38.325,1500
876,38.4,38.45,38.4,38.4,1850
877,38.3,38.3,38.25,38.25,600
878,38.275,38.325,38.275,38.3,1600
879,38.35,38.35,38.25,38.25,2700
880,38.375,38.4,38.35,38.35,2481
881,38.225,38.375,38.2,38.3694,2352
882,38.275,38.3,38.2,38.2,2401
883,38.2,38.325,38.2,38.3,3800
884,38.125,38.175,38.05,38.15,4300
885,38.15,38.15,38.1,38.1,2714
886,38.2,38.2,38.2,38.2,200
887,38.125,38.175,38.1,38.15,2500
888,38.05,38.125,38.05,38.125,1300
889,38.15,38.15,38.05,38.05,2522
890,38.1,38.15,38.075,38.125,6300
891,38.2,38.2,38.125,38.125,2100
892,38.11,38.2,38.11,38.175,3882
893,38.125,38.125,38.05,38.125,4544
894,38.225,38.25,38.125,38.125,3699
895,38.2,38.25,38.15,38.25,3805
896,38.25,38.3,38.225,38.225,4300
897,38.25,38.275,38.2,38.275,2764
898,38.4,38.4,38.25,38.275,6150
899,38.375,38.4,38.35,38.3728,2310
900,38.375,38.4,38.325,38.375,4431
901,38.375,38.45,38.35,38.375,5398
902,38.45,38.45,38.35,38.375,12322
903,38.2,38.45,38.2,38.425,30744
a1498570200,38.05,38.05,38.05,38.05,2574
1,37.85,37.95,37.7,37.95,5580
2,38,38,37.9,37.95,4004
3,38.1,38.2,38,38,2535
4,38.15,38.4,38.15,38.175,11700
5,38.34,38.35,38.1,38.14,3600
6,38.4,38.4,38.35,38.4,2000
7,38.3891,38.4,38.3891,38.4,300
8,38.35,38.525,38.35,38.45,6900
9,38.47,38.47,38.325,38.35,1575
10,38.45,38.5,38.45,38.5,1400
11,38.4,38.45,38.3726,38.45,2843
12,38.5,38.5,38.375,38.375,2100
13,38.425,38.5,38.425,38.5,800
14,38.4,38.4,38.375,38.4,800
15,38.4,38.4,38.4,38.4,1400
16,38.36,38.4,38.36,38.375,953
17,38.25,38.4,38.25,38.3984,2277
18,38.175,38.21,38.15,38.21,505
19,38.175,38.2,38.15,38.2,2500
20,38.2,38.2,38.15,38.15,1300
21,38.15,38.2,38.1,38.15,3571
22,38,38.2,38,38.2,2445
23,38.05,38.1,37.96,38.05,4214
24,38,38.1,38,38.048,2360
25,37.975,38,37.95,38,4500
26,37.975,38,37.925,37.95,2800
27,38,38.05,37.95,37.95,4200
28,38,38.05,37.95,38.025,1184
29,37.975,38.05,37.95,38,4800
30,38.075,38.1,37.975,38,3800
31,38.15,38.15,38.1,38.1,4702
32,38.1,38.15,38.05,38.15,7820
33,38.125,38.2,38.075,38.15,4450
34,38.1,38.15,38.0699,38.1,5445
35,38.1,38.15,38.05,38.1,5956
36,38.1,38.15,38.05,38.075,6582
37,38.15,38.15,38.1,38.15,7264
38,38.126,38.15,38.1,38.1,11191
39,38.15,38.15,38.1,38.1,34178
144,38.15,38.15,38.15,38.15,2500
145,38.5,38.55,37.85,37.85,4403
146,38.4,38.5,38.4,38.5,4387
147,38.45,38.45,38.4,38.4,800
148,38.5,38.5,38.45,38.45,2290
149,38.6,38.6,38.5,38.5,1721
150,38.7,38.75,38.65,38.7,3125
151,38.65,38.75,38.6,38.675,3400
152,38.65,38.7,38.55,38.65,3200
153,38.6,38.65,38.55,38.65,11008
154,38.6,38.65,38.5,38.65,7292
155,38.6,38.675,38.55,38.625,2400
156,38.5,38.6,38.49,38.5,1750
157,38.5,38.525,38.45,38.5,800
158,38.525,38.525,38.475,38.5,1800
159,38.4501,38.6,38.45,38.525,3500
160,38.5,38.525,38.425,38.45,1700
161,38.5,38.55,38.475,38.475,2498
162,38.4,38.5,38.4,38.5,4300
163,38.325,38.45,38.3,38.45,4300
164,38.35,38.35,38.25,38.35,4595
165,38.5,38.5,38.35,38.35,2400
166,38.5,38.55,38.5,38.55,2300
167,38.425,38.475,38.4,38.475,3466
168,38.5,38.525,38.4,38.45,5406
169,38.4,38.5,38.35,38.5,4800
170,38.35,38.4,38.305,38.35,3400
171,38.375,38.45,38.375,38.4,3915
172,38.4,38.425,38.35,38.4,5500
173,38.45,38.5,38.4,38.45,6407
174,38.525,38.55,38.4,38.4,6668
175,38.575,38.6,38.55,38.55,2819
176,38.6,38.7,38.55,38.6,5736
177,38.65,38.65,38.6,38.6,1400
178,38.6,38.8,38.6,38.625,6942
179,38.7,38.7,38.65,38.6514,2291
180,38.7,38.75,38.6,38.7,13314
181,38.725,38.75,38.7,38.725,5359
182,38.775,38.775,38.7,38.7,12220
183,38.8,38.8,38.75,38.775,59848
288,38.7,38.7,38.7,38.7,3821
289,38.9,38.9,38.6,38.6,2715
290,39.3,39.355,38.9,38.95,7568
291,39.25,39.35,39.15,39.35,5618
292,39.1,39.25,39.05,39.25,8400
293,39,39.1,39,39.1,4962
294,39.15,39.25,39,39,6046
295,39.35,39.35,39.2,39.225,7727
296,39.55,39.625,39.3,39.305,19952
297,39.55,39.65,39.5,39.525,28192
298,39.6,39.645,39.55,39.55,5099
299,39.55,39.6,39.51,39.6,1103
300,39.7,39.7499,39.56,39.56,7950
301,39.7,39.7,39.6,39.65,1899
302,39.55,39.7,39.55,39.7,4100
303,39.55,39.65,39.55,39.6,2300
304,39.425,39.55,39.4,39.45,3556
305,39.35,39.5,39.35,39.45,3100
306,39.25,39.4,39.15,39.4,5700
307,39.425,39.5,39.3,39.3,10202
308,39.225,39.45,39.2,39.45,5705
309,39.325,39.45,39.225,39.225,4400
310,39.325,39.425,39.25,39.3,4100
311,39.1,39.3,39.1,39.25,3100
312,39.075,39.15,39,39.15,2188
313,39.15,39.175,39.05,39.1,4787
314,39.125,39.2,39.125,39.2,600
315,39.15,39.2,39.05,39.1,4997
316,39.225,39.25,39.12,39.12,3543
317,39.225,39.35,39.225,39.25,4987
318,39.3,39.3,39.25,39.25,2411
319,39.4,39.45,39.35,39.35,3000
320,39.325,39.4,39.275,39.4,3571
321,39.275,39.4,39.25,39.3,4465
322,39.2336,39.3,39.2,39.25,3000
323,39.3,39.3,39.2,39.225,5905
324,39.225,39.35,39.2195,39.35,6632
325,39.3,39.35,39.2,39.225,6380
326,39.225,39.325,39.2,39.325,10368
327,39.2,39.325,39.1,39.225,51854
432,39.15,39.15,39.15,39.15,1933
433,39.3,39.35,39.3,39.3,900
434,39.25,39.375,39.25,39.375,500
435,39.1,39.3,39.05,39.3,7780
436,39.15,39.15,39.05,39.075,7808
437,39.1,39.175,39.1,39.15,2800
438,39.05,39.05,39.05,39.05,100
439,39.1,39.15,39,39.15,3300
440,39.15,39.15,39.1,39.1,3996
441,39.05,39.175,39.05,39.15,2600
442,39.1,39.1,39.025,39.025,1700
443,39.125,39.15,39.1,39.1,1050
444,39.175,39.2,39.1338,39.1338,3254
445,39.075,39.15,39.05,39.15,3200
446,39.15,39.175,39.05,39.1,6580
447,39.2,39.2,39.15,39.1572,526
448,39.225,39.25,39.15,39.2,2800
449,39.39,39.4,39.175,39.25,7356
450,39.425,39.45,39.3,39.3,1328
451,39.425,39.45,39.4,39.45,1684
452,39.475,39.475,39.4,39.4,3000
453,39.45,39.5,39.425,39.5,3820
454,39.525,39.525,39.4669,39.4669,2150
455,39.555,39.625,39.525,39.525,6232
456,39.575,39.609,39.55,39.609,2646
457,39.55,39.625,39.525,39.625,4326
458,39.55,39.55,39.525,39.525,2423
459,39.625,39.625,39.575,39.6,1000
460,39.675,39.675,39.625,39.625,3615
461,39.675,39.6999,39.65,39.65,1500
462,39.65,39.7,39.65,39.675,1100
463,39.525,39.675,39.5,39.675,6141
464,39.65,39.675,39.55,39.55,6527
465,39.65,39.675,39.6,39.675,4236
466,39.6,39.675,39.575,39.625,4400
467,39.65,39.675,39.575,39.6,6262
468,39.6,39.65,39.6,39.6,1409
469,39.575,39.625,39.55,39.625,5599
470,39.65,39.65,39.55,39.55,11356
471,39.6,39.65,39.5,39.6,60796
864,39.5,39.55,39.5,39.55,3245
865,40,40.05,39.6,39.6,9110
866,39.85,40.2,39.85,40.05,8122
867,39.7,39.8,39.625,39.8,3500
868,39.625,39.7,39.6,39.7,1200
869,39.65,39.85,39.575,39.6,6000
870,39.725,39.75,39.7,39.725,2972
871,39.6,39.8,39.55,39.725,6541
872,39.525,39.6,39.475,39.575,3890
873,39.55,39.625,39.475,39.525,4001
874,39.475,39.6,39.3,39.6,11642
875,39.4,39.45,39.35,39.45,3600
876,39.425,39.425,39.425,39.425,1150
877,39.3,39.525,39.275,39.425,15628
878,39.225,39.3,39.225,39.3,4146
879,39.35,39.35,39.225,39.225,2914
880,39.3,39.4,39.3,39.35,5742
881,39.225,39.3,39.2,39.25,2348
882,39.25,39.275,39.2,39.225,7534
883,39.275,39.325,39.25,39.25,5400
884,39.375,39.4,39.275,39.275,5577
885,39.35,39.45,39.35,39.375,21135
a1499261400,39.35,39.35,39.35,39.35,2145
1,39.05,39.3,39.05,39.3,3487
2,39,39.05,38.9,39,3832
3,39.05,39.05,39,39,2100
4,39.225,39.225,39.05,39.05,5908
5,39.2,39.25,39.2,39.225,2000
6,39.3,39.3,39.2,39.2,3219
7,39.45,39.4999,39.3,39.325,2900
8,39.4,39.475,39.4,39.45,1800
9,39.4,39.425,39.4,39.4,805
10,39.45,39.5,39.45,39.45,1500
11,39.45,39.475,39.45,39.475,300
12,39.225,39.425,39.175,39.425,6351
13,39.2392,39.295,39.2,39.225,7400
14,39.225,39.25,39.225,39.225,1300
15,39.25,39.325,39.225,39.25,4326
16,39.275,39.3,39.25,39.25,3762
17,39.3,39.3,39.275,39.3,500
18,39.35,39.35,39.3,39.3,2500
19,39.3,39.35,39.275,39.35,1600
20,39.25,39.275,39.25,39.275,4476
21,39.25,39.275,39.25,39.25,1500
22,39.225,39.275,39.225,39.275,1638
23,39.05,39.225,39.05,39.2,10916
24,38.95,39.05,38.95,39.05,3300
25,38.975,39,38.9685,39,1315
26,38.9554,38.975,38.925,38.975,6270
27,39.075,39.1,38.975,38.975,10100
28,38.975,39.05,38.95,39.05,6830
29,39.05,39.05,38.975,38.975,3200
30,39.05,39.075,39,39,3600
31,39.025,39.1,39,39.05,2090
32,38.975,39.05,38.95,39,4112
33,38.975,39,38.95,38.975,2926
34,39,39.025,38.925,38.975,10829
35,39.1,39.1,39.0234,39.0234,2829
36,39.175,39.2,39.075,39.075,9147
37,39.125,39.25,39.1,39.2,4914
38,39.075,39.15,39.075,39.15,4971
39,39.05,39.1,39.05,39.075,35371
