EXCHANGE%3DNASDAQ
MARKET_OPEN_MINUTE=570
MARKET_CLOSE_MINUTE=960
INTERVAL=600
COLUMNS=DATE,CLOSE,HIGH,LOW,OPEN,VOLUME
DATA=
TIMEZONE_OFFSET=-240
a1493127000,12.85,12.85,12.85,12.85,1036
1,13,13.15,13,13,3900
2,13.2001,13.2001,13.05,13.05,2858
3,13.1975,13.25,13.1,13.25,1661
4,13.15,13.25,13.15,13.25,2684
5,13.1,13.15,13,13.15,1300
6,13.15,13.15,13.05,13.1,936
7,13.25,13.25,13.15,13.15,800
8,13.2,13.25,13.1804,13.1804,300
9,13.25,13.25,13.22,13.22,600
10,13.25,13.3,13.2,13.25,6100
11,13.4,13.4,13.2001,13.25,4200
12,13.4,13.4,13.3,13.3,8291
13,13.4,13.45,13.35,13.4,2447
14,13.45,13.45,13.45,13.45,100
15,13.35,13.45,13.35,13.45,400
16,13.45,13.5,13.35,13.45,10525
17,13.7,13.75,13.45,13.5,10466
18,14.0291,14.06,13.75,13.75,10409
19,13.65,14.05,13.6,14,4572
20,13.5145,13.7,13.5145,13.6857,1985
21,13.5839,13.5839,13.55,13.55,1050
22,13.6,13.6,13.55,13.55,500
23,13.6,13.8,13.6,13.6,3878
24,13.55,13.6,13.55,13.6,700
25,13.4,13.55,13.4,13.55,1100
27,13.4799,13.4799,13.4799,13.4799,225
28,13.475,13.4999,13.45,13.45,1000
29,13.5,13.5,13.5,13.5,300
31,13.457,13.457,13.45,13.45,200
32,13.55,13.6,13.5,13.55,2700
33,13.55,13.55,13.5,13.5,400
34,13.55,13.55,13.5,13.5,2000
35,13.55,13.6,13.45,13.55,11700
36,13.5,13.5,13.5,13.5,100
37,13.5,13.525,13.45,13.525,2300
38,13.4,13.4,13.4,13.4,100
39,13.45,13.45,13.35,13.45,15055
144,13.4,13.4,13.4,13.4,555
145,13.242,13.242,13.242,13.242,1000
146,13.3,13.3,13.3,13.3,200
147,13.3,13.3,13.25,13.25,200
148,13.3,13.3,13.3,13.3,100
149,13.325,13.35,13.3,13.3,500
150,13.4,13.4,13.316,13.316,1302
151,13.25,13.35,13.25,13.35,2500
152,13.1,13.1,13.1,13.1,100
153,13.1,13.15,13.1,13.15,1500
154,13.15,13.15,13.15,13.15,200
155,13.1,13.15,13.05,13.05,1700
156,13.2,13.2,13.1,13.2,500
158,13.15,13.15,13.15,13.15,300
159,13.2,13.2,13.2,13.2,1000
162,13.1,13.2008,13.1,13.2008,800
163,13.15,13.15,13.15,13.15,600
164,13.2,13.2,13.1999,13.1999,600
165,13.25,13.331,13.15,13.15,4700
166,13.275,13.275,13.2,13.2,200
167,13.2,13.275,13.2,13.2,300
168,13.15,13.2,13.15,13.2,600
169,13.1001,13.2,13.1001,13.2,300
170,13.1,13.1,13.1,13.1,100
171,13.1,13.1288,13.1,13.1288,900
173,13.05,13.05,13.05,13.05,200
174,13.15,13.15,13.05,13.15,800
175,13.2,13.2,13.15,13.15,1700
177,13.15,13.25,13.15,13.25,3152
178,13.05,13.1,13.05,13.05,300
179,13.05,13.1,13.05,13.1,200
180,13.05,13.1,13.05,13.05,800
181,12.95,13.05,12.95,13.05,2200
182,12.95,13.05,12.95,13,700
183,12.95,13.05,12.95,13.05,5469
288,12.95,12.95,12.95,12.95,860
289,12.75,12.95,12.75,12.95,2500
290,12.75,12.75,12.75,12.75,100
291,12.7999,12.7999,12.65,12.75,3700
292,12.8,12.8,12.8,12.8,200
293,13,13.0113,12.85,12.85,4050
294,13,13,13,13,400
295,12.95,13.045,12.95,13,1383
296,12.9,12.9,12.9,12.9,200
297,12.9,12.926,12.8,12.926,2400
300,12.85,12.8999,12.85,12.85,1900
301,12.89,12.9,12.85,12.85,2259
302,12.85,12.85,12.85,12.85,100
303,12.85,12.875,12.85,12.875,200
304,12.85,12.9,12.85,12.875,1600
305,12.85,12.8501,12.85,12.85,1450
306,12.85,12.85,12.8,12.8,1000
307,12.7,12.8,12.65,12.8,4100
308,12.8,12.8,12.8,12.8,700
309,12.8,12.8,12.8,12.8,600
310,12.8,12.8,12.8,12.8,400
311,12.7,12.8,12.7,12.8,700
312,12.7,12.7,12.7,12.7,100
313,12.7,12.7,12.7,12.7,600
314,12.7,12.7,12.7,12.7,800
315,12.7,12.7,12.7,12.7,400
316,12.7,12.7,12.65,12.65,300
317,12.675,12.7,12.675,12.7,700
319,12.65,12.65,12.65,12.65,100
320,12.65,12.6501,12.65,12.6501,500
321,12.65,12.65,12.65,12.65,200
322,12.65,12.67,12.65,12.67,240
323,12.65,12.65,12.65,12.65,300
324,12.65,12.65,12.65,12.65,800
325,12.65,12.65,12.65,12.65,2220
326,12.7,12.7,12.65,12.65,1149
327,12.65,12.7,12.65,12.675,6325
432,12.4,12.4,12.4,12.4,3500
433,12.5475,12.6,12.5475,12.6,950
434,12.55,12.55,12.5339,12.5339,2700
436,12.55,12.55,12.55,12.55,400
441,12.45,12.5,12.45,12.5,540
442,12.5,12.5499,12.45,12.5499,2513
443,12.5,12.5,12.5,12.5,100
444,12.45,12.5,12.45,12.5,466
445,12.5,12.5,12.5,12.5,2000
446,12.55,12.55,12.55,12.55,1100
447,12.7,12.7,12.55,12.55,1000
449,12.76,12.8,12.76,12.8,1050
451,12.651,12.651,12.651,12.651,720
453,12.7,12.7,12.7,12.7,100
460,12.7,12.7,12.7,12.7,200
461,12.75,12.75,12.75,12.75,200
463,12.7269,12.7269,12.7,12.7,4800
465,12.7,12.7,12.7,12.7,200
466,12.75,12.75,12.7,12.7,235
467,12.75,12.75,12.75,12.75,100
468,12.65,12.7,12.6,12.7,8685
469,12.65,12.65,12.55,12.6,2699
470,12.667,12.667,12.65,12.65,1230
471,12.65,12.65,12.6,12.65,10705
864,12.75,12.75,12.75,12.75,195
865,12.7,12.725,12.7,12.7,930
867,12.55,12.6,12.55,12.6,800
868,12.55,12.55,12.55,12.55,960
869,12.45,12.5499,12.45,12.5499,350
870,12.35,12.35,12.35,12.35,100
871,12.4,12.45,12.4,12.45,700
872,12.35,12.35,12.35,12.35,100
874,12.3,12.4,12.3,12.4,2900
875,12.4,12.4,12.3,12.3388,690
877,12.3,12.35,12.3,12.35,400
878,12.4,12.4,12.4,12.4,100
879,12.4,12.4,12.35,12.4,400
880,12.35,12.35,12.35,12.35,100
881,12.4,12.4,12.3668,12.3668,1700
882,12.4,12.4,12.4,12.4,300
884,12.35,12.4,12.35,12.4,1100
885,12.35,12.35,12.35,12.35,100
886,12.3501,12.3501,12.3501,12.3501,450
887,12.35,12.35,12.35,12.35,100
888,12.35,12.3501,12.35,12.3501,3300
889,12.395,12.395,12.35,12.35,962
891,12.3,12.35,12.3,12.35,200
893,12.3,12.3999,12.3,12.3,2300
894,12.4,12.4,12.35,12.375,3500
895,12.4,12.4454,12.35,12.4,5300
897,12.35,12.35,12.35,12.35,200
898,12.3617,12.3999,12.3617,12.375,1100
899,12.35,12.35,12.35,12.35,100
900,12.35,12.35,12.35,12.35,300
902,12.35,12.4,12.35,12.35,1974
903,12.35,12.4,12.35,12.35,6020
a1493731800,12.35,12.35,12.35,12.35,820
1,12.35,12.65,12.35,12.65,1708
2,12.35,12.45,12.35,12.45,200
3,12.3,12.35,12.3,12.35,300
4,12.25,12.3,12.25,12.3,1100
5,12.15,12.25,12.1,12.25,3800
6,12.1,12.15,12.05,12.1,1500
7,12.15,12.2,12.1,12.15,4900
8,12.1,12.2,12.1,12.1,3000
9,12.15,12.2,12.15,12.15,2300
10,12.1,12.15,12.1,12.15,800
11,12.25,12.25,12.05,12.1,6358
12,12.25,12.25,12.25,12.25,100
13,12.2,12.25,12.2,12.25,200
14,12.35,12.35,12.2,12.2,1122
16,12.2501,12.2501,12.25,12.25,1100
17,12.25,12.3,12.25,12.25,700
18,12.35,12.35,12.25,12.25,1700
19,12.3,12.35,12.3,12.35,700
20,12.304,12.304,12.3,12.3,300
21,12.35,12.35,12.3,12.3001,1600
22,12.4,12.4,12.4,12.4,100
24,12.25,12.3,12.25,12.3,200
25,12.25,12.25,12.23,12.25,450
26,12.35,12.35,12.2,12.25,6600
27,12.35,12.35,12.3,12.35,2133
28,12.35,12.4,12.35,12.35,1920
29,12.5,12.55,12.4,12.4,2236
31,12.45,12.475,12.45,12.451,1300
32,12.4,12.4285,12.4,12.4285,1700
34,12.35,12.4499,12.35,12.4499,200
35,12.45,12.45,12.45,12.45,100
36,12.4,12.4464,12.35,12.35,2200
37,12.35,12.35,12.35,12.35,500
38,12.325,12.35,12.3,12.35,500
39,12.25,12.35,12.25,12.35,5607
144,12.2,12.2,12.2,12.2,200
145,12.25,12.35,12.25,12.3,500
146,12.15,12.25,12.15,12.2,2093
147,12.15,12.2,12.1,12.15,500
148,12.2,12.2,12.1999,12.1999,1000
149,12.1,12.1,12.1,12.1,200
150,12.1,12.1,12.1,12.1,300
151,12.15,12.2,12.1,12.1,600
152,12.25,12.25,12.1,12.15,7280
153,12.2,12.2,12.15,12.15,200
154,12.15,12.2,12.15,12.15,400
155,12.25,12.25,12.25,12.25,820
156,12.15,12.15,12.15,12.15,200
157,12.2999,12.2999,12.25,12.25,500
158,12.25,12.3,12.25,12.3,700
159,12.2,12.2,12.2,12.2,200
160,12.2,12.2,12.2,12.2,814
162,12.1501,12.2,12.1501,12.2,2410
163,12.15,12.15,12.15,12.15,398
164,12.15,12.25,12.15,12.25,700
165,12.15,12.15,12.15,12.15,300
166,12.15,12.15,12.15,12.15,800
167,12.15,12.1999,12.15,12.15,800
168,12.15,12.1999,12.15,12.15,800
169,12.15,12.2,12.15,12.15,500
170,12.15,12.175,12.15,12.15,400
171,12.15,12.15,12.15,12.15,1400
172,12.15,12.15,12.15,12.15,500
173,12.1774,12.1774,12.15,12.15,848
174,12.1,12.15,12.1,12.15,3262
175,12.125,12.125,12.1,12.1,1763
176,12.1,12.1,12.1,12.1,1300
177,12.1,12.1,12.1,12.1,1599
178,12.05,12.05,12.05,12.05,1600
179,11.8,12.05,11.8,12,10025
180,12,12,11.8999,11.8999,2494
181,11.951,12,11.951,12,1700
182,11.95,12.05,11.95,12,2900
183,11.95,12.05,11.95,11.95,6284
288,12,12,12,12,123
290,12.0001,12.05,12.0001,12.05,600
292,12.005,12.005,12,12,200
293,12,12,12,12,400
294,11.95,11.95,11.95,11.95,100
296,11.9656,11.9656,11.9656,11.9656,100
299,11.95,11.95,11.95,11.95,100
304,12.1001,12.15,12,12,3045
305,12.112,12.2,12.1,12.118,3744
306,12.1,12.1,12.05,12.05,2200
307,12.1,12.1,12.1,12.1,100
310,12.0501,12.0501,12.0501,12.0501,1000
313,12.05,12.05,12.05,12.05,100
316,12.05,12.05,12.05,12.05,100
317,12.05,12.05,12.05,12.05,599
320,12.35,12.35,12.0499,12.05,3470
321,12.2,12.3184,12.2,12.3184,6673
322,12.2,12.2,12.15,12.15,1515
324,12.1,12.101,12.1,12.101,1100
326,12.15,12.15,12.1,12.1,400
327,12.15,12.2,12.15,12.2,641
432,12.3,12.3,12.3,12.3,1019
434,12.35,12.35,12.3,12.3,2187
435,12.25,12.3,12.2,12.3,1200
436,12.2,12.2,12.2,12.2,200
439,12.15,12.15,12.15,12.15,277
440,12.15,12.15,12.15,12.15,1300
441,12.2,12.2,12.2,12.2,100
444,12.19,12.2,12.19,12.2,300
445,12.15,12.1501,12.15,12.15,1288
446,12.25,12.25,12.15,12.15,300
447,12.25,12.25,12.25,12.25,100
450,12.3,12.3,12.2684,12.2684,2192
451,12.216,12.216,12.216,12.216,1000
454,12.25,12.25,12.25,12.25,1200
456,12.225,12.225,12.225,12.225,100
457,12.25,12.25,12.25,12.25,395
458,12.25,12.26,12.25,12.25,400
460,12.3,12.3,12.3,12.3,100
461,12.3,12.3,12.3,12.3,200
464,12.35,12.35,12.3,12.3,1800
467,12.35,12.35,12.35,12.35,100
468,12.3999,12.3999,12.3999,12.3999,2500
469,12.35,12.4,12.35,12.4,433
470,12.3,12.3,12.3,12.3,200
471,12.3,12.3,12.15,12.3,7093
864,12.3,12.3,12.3,12.3,128
865,12.45,12.45,12.45,12.45,100
866,12.2,12.4,12.2,12.4,672
867,12.25,12.3,12.25,12.25,405
868,12.275,12.275,12.275,12.275,100
869,12.3,12.3,12.3,12.3,100
872,12.4,12.4,12.35,12.35,341
873,12.45,12.45,12.45,12.45,200
875,12.4,12.4,12.4,12.4,200
876,12.35,12.35,12.35,12.35,100
877,12.35,12.35,12.35,12.35,1990
878,12.395,12.395,12.395,12.395,800
879,12.4,12.4,12.35,12.372,2800
881,12.375,12.375,12.375,12.375,100
883,12.3,12.3001,12.3,12.3001,625
884,12.4816,12.5,12.4,12.4,2099
886,12.6,12.6,12.5,12.5,1625
887,12.7,12.7,12.65,12.65,200
889,12.6,12.6,12.6,12.6,100
892,12.625,12.625,12.625,12.625,100
893,12.575,12.575,12.575,12.575,100
894,12.5999,12.5999,12.5999,12.5999,1000
896,12.5,12.5499,12.5,12.525,3089
897,12.5,12.5,12.5,12.5,100
898,12.425,12.425,12.4,12.4,200
899,12.45,12.45,12.3696,12.4,350
900,12.375,12.375,12.375,12.375,100
901,12.35,12.35,12.3,12.35,300
902,12.25,12.35,12.25,12.35,500
903,12.4,12.5,12.3,12.4,4933
a1494336600,12.45,12.45,12.45,12.45,107
1,12.45,12.45,12.45,12.45,4000
2,12.3,12.3,12.175,12.175,400
3,12.25,12.25,12.25,12.25,1000
4,12.3,12.3,12.3,12.3,100
5,12.2997,12.3,12.25,12.3,3050
6,12.25,12.3,12.25,12.275,1588
7,12.25,12.25,12.25,12.25,300
8,12.2,12.25,12.2,12.25,200
10,12.2,12.2,12.2,12.2,100
13,12.2,12.2,12.2,12.2,200
15,12.2,12.2001,12.2,12.2,2879
17,12.225,12.225,12.2,12.2,1800
19,12.1622,12.1622,12.1622,12.1622,300
20,12.225,12.2499,12.2,12.2499,1050
21,12.3,12.3,12.3,12.3,100
22,12.3,12.3,12.25,12.25,600
23,12.3,12.3,12.2,12.2001,1300
24,12.3,12.3,12.3,12.3,932
25,12.2,12.275,12.2,12.25,2362
28,12.44,12.44,12.35,12.35,1497
29,12.4,12.4,12.4,12.4,300
31,12.3997,12.3997,12.3997,12.3997,150
32,12.35,12.4,12.35,12.4,600
33,12.4,12.4,12.4,12.4,200
34,12.375,12.375,12.375,12.375,200
35,12.35,12.35,12.35,12.35,400
37,12.4,12.4,12.3,12.3,1000
38,12.3499,12.35,12.25,12.35,2300
39,12.35,12.45,12.3,12.3499,8530
144,12.4,12.4,12.4,12.4,901
145,12.3501,12.3501,12.3501,12.3501,100
146,12.35,12.35,12.35,12.35,300
147,12.35,12.35,12.35,12.35,100
148,12.4,12.4,12.3,12.3,500
149,12.45,12.45,12.425,12.45,600
150,12.4,12.45,12.4,12.45,700
151,12.45,12.45,12.45,12.45,100
152,12.45,12.45,12.4315,12.4315,2000
153,12.55,12.55,12.55,12.55,400
154,12.55,12.55,12.55,12.55,200
155,12.5,12.6,12.5,12.6,432
156,12.5999,12.6,12.5999,12.6,200
157,12.55,12.55,12.55,12.55,100
159,12.5999,12.5999,12.5999,12.5999,100
160,12.5999,12.5999,12.5999,12.5999,100
162,12.55,12.5501,12.5,12.5,1300
163,12.6,12.65,12.55,12.55,900
164,12.6,12.65,12.6,12.6,1879
165,12.6,12.6874,12.6,12.65,590
166,12.65,12.65,12.5001,12.5001,1300
167,12.6499,12.6499,12.6499,12.6499,200
168,12.65,12.65,12.6105,12.6105,800
169,12.65,12.65,12.6,12.6,300
170,12.7,12.7,12.6499,12.6499,1000
171,12.6622,12.7,12.6,12.7,800
172,12.66,12.7,12.6,12.6,800
173,12.7,12.7,12.6,12.7,3509
174,12.8,12.8,12.6505,12.7,2300
175,12.8,12.8,12.8,12.8,3700
176,12.78,12.78,12.78,12.78,150
177,12.8,12.85,12.8,12.85,200
178,12.9,12.9,12.9,12.9,200
179,12.9,12.9,12.85,12.9,4049
180,12.9,12.9001,12.85,12.9,5488
181,12.95,12.95,12.9,12.9,1800
182,12.9307,12.95,12.9307,12.95,346
183,12.95,13.1,12.9,12.9,13500
288,12.75,12.75,12.75,12.75,222
289,12.65,12.655,12.65,12.655,1125
290,12.36,12.55,12.36,12.55,3087
291,12.6,12.6,12.3001,12.3001,3856
292,12.45,12.45,12.45,12.45,200
293,12.65,12.65,12.65,12.65,200
294,12.5188,12.5188,12.5188,12.5188,250
296,12.65,12.65,12.65,12.65,100
297,12.6,12.6,12.515,12.515,200
298,12.8,12.8,12.65,12.65,600
299,12.8,12.8,12.8,12.8,300
301,12.75,12.75,12.75,12.75,100
302,12.8,12.825,12.8,12.8,1400
303,12.75,12.75,12.75,12.75,300
304,12.75,12.75,12.75,12.75,100
305,12.7105,12.75,12.7,12.75,400
307,12.6022,12.65,12.55,12.55,3360
311,12.55,12.55,12.5,12.55,300
312,12.5,12.55,12.5,12.5,700
313,12.45,12.45,12.45,12.45,100
314,12.55,12.5625,12.55,12.55,1900
315,12.45,12.5501,12.45,12.5501,6200
317,12.45,12.45,12.45,12.45,1700
318,12.45,12.5,12.45,12.4687,446
319,12.45,12.45,12.45,12.45,200
321,12.4791,12.4791,12.4791,12.4791,106
322,12.4,12.45,12.4,12.45,955
324,12.2846,12.35,12.15,12.35,6102
325,12.35,12.35,12.3,12.325,553
326,12.3125,12.35,12.3,12.3,850
327,12.35,12.35,12.25,12.35,5155
432,12.3,12.3,12.3,12.3,160
433,12.25,12.3,12.25,12.3,200
434,12.25,12.25,12.25,12.25,200
435,12.25,12.25,12.25,12.25,100
436,12.15,12.15,12,12.15,3051
437,12.0573,12.0573,12.0573,12.0573,100
439,12.05,12.05,12.05,12.05,300
440,12,12,11.95,12,3171
441,12.1,12.1,12.05,12.1,400
442,12.1,12.1,12.075,12.075,500
443,12.1319,12.15,12.1319,12.15,600
444,12.1,12.15,12.09,12.09,1342
448,12.1,12.1,12.1,12.1,100
449,12.1,12.1,12.05,12.1,8369
450,12.15,12.15,12.1,12.1,2795
451,12.15,12.15,12.15,12.15,1040
452,12.1499,12.15,12.125,12.125,500
453,12.0625,12.125,12.0625,12.125,2600
454,12.075,12.075,12.0625,12.0625,300
455,12.15,12.15,12.1,12.1,1100
456,12.1,12.125,12.1,12.1,400
457,12.15,12.15,12.15,12.15,200
458,12.1,12.1,12.1,12.1,100
459,12.15,12.2,12.1,12.2,300
460,12.1,12.1,12.1,12.1,200
461,12.2,12.2,12.15,12.15,441
462,12.15,12.15,12.15,12.15,500
464,12.14,12.14,12.14,12.14,100
465,12.15,12.15,12.15,12.15,246
466,12.1921,12.1921,12.1921,12.1921,125
467,12.2,12.2,12.15,12.15,200
468,12.175,12.175,12.15,12.15,3735
469,12.175,12.175,12.15,12.15,300
470,12.2,12.2,12.15,12.15,200
471,12.15,12.2,12.15,12.2,2313
864,12.2,12.2,12.2,12.2,534
866,12.1,12.1,12.1,12.1,100
867,12.2379,12.2379,12.2379,12.2379,2000
869,12.1,12.1,12.1,12.1,100
871,12.2,12.2,12.2,12.2,100
874,12.1875,12.1875,12.1875,12.1875,100
875,12.175,12.175,12.175,12.175,100
876,12.2,12.2,12.2,12.2,400
878,12.2003,12.2003,12.2003,12.2003,120
880,12.15,12.15,12.15,12.15,300
884,12.24,12.24,12.24,12.24,100
887,12.2,12.2,12.15,12.15,1700
888,12.35,12.35,12.225,12.225,1323
890,12.4,12.4,12.35,12.35,200
891,12.4,12.4,12.3001,12.3001,1100
892,12.3,12.3,12.3,12.3,100
893,12.3001,12.3001,12.3001,12.3001,600
895,12.3,12.3,12.3,12.3,100
896,12.3,12.35,12.3,12.35,300
898,12.3002,12.3002,12.3001,12.3001,1000
899,12.3,12.3,12.3,12.3,889
900,12.219,12.219,12.219,12.219,100
901,12.2,12.2,12.2,12.2,100
902,12.2,12.2,12.2,12.2,100
903,12.3,12.3,12.2,12.2,2368
a1494942600,12.4,12.4,12.4,12.4,100
1,12.35,12.4499,12.35,12.4499,1317
6,12.25,12.25,12.25,12.25,100
7,12.3,12.3,12.3,12.3,100
9,12.35,12.35,12.3,12.3,3526
12,12.4,12.4,12.3999,12.3999,3400
13,12.4,12.45,12.4,12.4,1000
14,12.45,12.4501,12.45,12.45,4300
16,12.5,12.55,12.5,12.55,300
17,12.35,12.5,12.35,12.5,1100
18,12.3,12.3,12.3,12.3,5783
19,12.35,12.35,12.35,12.35,100
22,12.3,12.35,12.3,12.35,300
27,12.35,12.35,12.3,12.3,794
28,12.2122,12.31,12.2,12.3,1260
33,12.25,12.25,12.19,12.19,500
36,12.21,12.21,12.15,12.2,600
37,12.25,12.25,12.15,12.25,1859
142,11.9,11.9,11.9,11.9,324
143,12.037,12.05,12.037,12.05,1250
144,12.05,12.05,12,12,1600
145,11.95,12.095,11.9,12.095,2160
146,11.95,11.95,11.95,11.95,300
147,11.95,11.95,11.85,11.925,1100
149,11.95,11.95,11.95,11.95,202
150,12,12,11.95,11.95,300
152,11.95,11.95,11.9,11.95,300
153,12,12,11.95,11.9748,11372
154,11.999,12,11.95,12,3200
155,12,12,12,12,200
156,11.95,11.95,11.95,11.95,100
157,12,12,11.95,11.95,1050
159,12.05,12.05,12.05,12.05,400
160,12.1,12.1,12.1,12.1,100
161,12.0669,12.0669,12.05,12.0505,852
163,12.1,12.1,12.0999,12.0999,200
164,12.05,12.05,12.05,12.05,600
166,12.05,12.05,12.05,12.05,225
167,12,12,12,12,1200
168,12,12.05,12,12,972
169,12,12.0212,12,12,2360
170,12.05,12.05,12.05,12.05,200
171,12,12.1,12,12.1,400
172,12.1,12.1,12.05,12.05,458
174,12,12.05,12,12.05,406
175,12,12.05,12,12.0001,6244
176,12,12.1,12,12,1653
177,12,12.05,12,12,2543
178,12,12.1,12,12.1,3548
179,12,12.045,12,12,4400
180,12.05,12.1,12,12,3952
181,12,12.1,12,12.05,18372
288,11.95,11.95,11.95,11.95,203
289,11.95,11.95,11.95,11.95,600
290,11.9501,11.9501,11.95,11.95,3800
291,11.95,11.95,11.95,11.95,500
292,11.95,11.95,11.95,11.95,400
293,11.95,11.95,11.95,11.95,200
294,11.95,11.95,11.95,11.95,700
295,12,12,11.925,11.95,2700
296,11.95,11.95,11.95,11.95,100
297,11.95,11.95,11.95,11.95,200
298,11.95,11.95,11.95,11.95,300
299,11.95,11.9705,11.95,11.95,1020
300,11.95,11.95,11.95,11.95,600
301,11.95,11.95,11.95,11.95,500
302,11.95,11.95,11.95,11.95,600
303,11.95,11.95,11.9,11.95,1702
304,11.925,11.925,11.9,11.9,700
305,11.925,11.925,11.9,11.925,800
306,11.925,11.925,11.925,11.925,500
307,11.9,11.95,11.85,11.9,2900
308,11.9,11.9,11.85,11.9,600
309,11.9,11.95,11.85,11.95,1100
310,11.85,11.95,11.85,11.95,300
311,11.9,11.9,11.875,11.875,600
312,11.875,11.9,11.85,11.875,1500
313,11.875,11.9,11.85,11.8665,1300
314,11.925,11.95,11.85,11.875,3300
315,12,12.05,11.95,11.95,9765
316,12,12.1,12,12,3410
317,12.1,12.1,12.05,12.1,300
318,12.05,12.1,12.05,12.05,400
320,12,12,12,12,100
321,12,12,11.95,12,500
322,11.95,12,11.95,12,300
323,11.95,12.05,11.95,12,1100
324,12.05,12.075,11.9,11.95,3901
325,12.05,12.1,11.95,12.05,5794
430,12.1,12.1,12.1,12.1,2341
431,12,12,12,12,100
432,12.15,12.15,12.15,12.15,100
433,12.2,12.2,12.2,12.2,200
434,12.15,12.2,12.15,12.15,300
435,12.15,12.15,12.1,12.1,200
436,12.1,12.1,12.1,12.1,400
437,12.15,12.15,12.1,12.1,700
438,12.15,12.15,12.1,12.15,1685
439,12.15,12.1817,12.15,12.15,1000
440,12.15,12.15,12.1,12.15,500
441,12.15,12.15,12.1,12.15,600
442,12.15,12.2,12.1,12.1,1300
443,12.125,12.15,12.125,12.125,500
444,12.125,12.125,12.125,12.125,300
445,12.125,12.125,12.125,12.125,300
446,12.15,12.15,12.125,12.125,711
448,12.125,12.125,12.1,12.1,300
449,12.15,12.15,12.1,12.125,600
450,12.15,12.15,12.15,12.15,100
451,12.15,12.15,12.1,12.15,300
452,12.15,12.2,12.1,12.15,2072
453,12,12.15,12,12.15,4637
454,12,12.05,12,12.05,1963
455,12,12.05,12,12.05,200
456,12.1,12.1,12,12,300
457,12,12,11.95,12,3750
458,12,12,11.9505,11.9505,2700
459,12,12,12,12,400
460,12.05,12.05,12,12.0499,810
461,12,12,12,12,200
462,12.05,12.05,12,12,500
463,12,12.05,12,12.05,1400
464,12,12.05,12,12,1700
465,12,12,12,12,900
466,12,12,12,12,700
467,12.0245,12.0245,12,12,1966
468,12,12.05,12,12,2000
469,11.95,12,11.9,11.95,7995
862,11.95,11.95,11.95,11.95,529
863,11.9,11.9,11.9,11.9,500
864,11.94,11.95,11.9,11.9,2050
865,11.925,11.94,11.925,11.935,850
866,11.9,11.9,11.9,11.9,300
868,11.875,11.875,11.85,11.85,1580
869,11.9,11.9,11.85,11.85,1200
870,11.9,11.9,11.9,11.9,530
871,11.95,11.95,11.9,11.95,1600
872,12,12,12,12,306
873,12,12,12,12,706
874,12.0089,12.0089,12.0089,12.0089,500
875,12.1,12.1,12,12,1060
876,12.15,12.15,12.15,12.15,200
877,12.15,12.2,12.15,12.2,300
880,12.1,12.1,12.1,12.1,1000
881,12.1,12.1,12.1,12.1,500
883,12.1,12.1,12.1,12.1,300
885,12.1,12.1,12.05,12.1,4100
886,12.05,12.15,12.05,12.15,200
887,12.1405,12.1405,12.1405,12.1405,750
888,12.1,12.1,12.1,12.1,100
889,12.15,12.15,12.1,12.1,200
890,12.15,12.15,12.1,12.1,200
891,12.15,12.15,12.15,12.15,100
892,12.1,12.1,12.1,12.1,100
895,12.15,12.15,12.15,12.15,100
896,12.125,12.125,12.125,12.125,100
897,12.1,12.125,12.1,12.1,1000
898,12.1,12.1,12.05,12.05,700
899,12.15,12.15,12.05,12.1,633
900,12.2,12.2,12.15,12.15,300
901,12.2,12.25,12.2,12.25,1654
a1495546800,12.15,12.15,12.15,12.15,100
1,12.15,12.15,12.15,12.15,100
2,12.0505,12.0505,12.0505,12.0505,2500
3,12.15,12.15,12.15,12.15,100
4,12.15,12.15,12.15,12.15,100
6,12.0566,12.0566,12.0566,12.0566,500
7,12.0741,12.0741,12.0741,12.0741,600
8,12.075,12.1,12.075,12.1,200
9,12.2,12.2,12.1,12.1,2020
10,12.25,12.25,12.25,12.25,800
11,12.25,12.25,12.25,12.25,100
12,12.4,12.4,12.35,12.35,700
13,12.45,12.45,12.45,12.45,300
18,12.45,12.49,12.45,12.49,750
19,12.4,12.45,12.4,12.45,900
21,12.375,12.4,12.375,12.4,200
22,12.4,12.4,12.375,12.375,700
23,12.4,12.45,12.4,12.4,700
24,12.4,12.4,12.4,12.4,100
25,12.445,12.445,12.4,12.4,729
26,12.4,12.4,12.4,12.4,100
27,12.4,12.4,12.3827,12.4,500
28,12.4,12.4,12.3505,12.4,3400
29,12.4,12.4,12.3624,12.4,1100
30,12.36,12.4,12.35,12.35,1100
31,12.4,12.44,12.4,12.4,900
34,12.375,12.4,12.375,12.4,1900
35,12.25,12.35,12.25,12.35,300
36,12.35,12.35,12.25,12.25,1700
37,12.5,12.5,12.35,12.35,2500
38,12.5,12.55,12.45,12.5,6538
143,12.6,12.6,12.6,12.6,1424
145,12.55,12.55,12.55,12.55,100
147,12.4,12.4,12.4,12.4,200
148,12.385,12.4,12.35,12.4,1295
149,12.4,12.4,12.4,12.4,300
150,12.35,12.35,12.35,12.35,200
151,12.4,12.4,12.4,12.4,713
152,12.4,12.4,12.35,12.4,1200
153,12.4,12.4,12.4,12.4,100
154,12.45,12.45,12.45,12.45,300
157,12.5001,12.74,12.4975,12.5,2850
158,12.5,12.55,12.5,12.55,300
160,12.5,12.5,12.5,12.5,800
164,12.5,12.5,12.45,12.45,500
165,12.5,12.5,12.5,12.5,200
166,12.5,12.55,12.45,12.55,600
167,12.5,12.5,12.5,12.5,688
169,12.45,12.5,12.45,12.5,200
170,12.5,12.5,12.4998,12.4998,300
171,12.5,12.5,12.45,12.5,800
172,12.45,12.45,12.45,12.45,100
173,12.45,12.5,12.4,12.45,1900
174,12.5,12.5,12.5,12.5,500
175,12.45,12.45,12.45,12.45,100
176,12.5,12.5,12.5,12.5,300
177,12.5,12.5,12.45,12.5,1900
178,12.5,12.5,12.4,12.4501,4179
179,12.475,12.475,12.4,12.4,700
180,12.55,12.55,12.45,12.475,2647
181,12.5,12.55,12.5,12.55,200
182,12.45,12.6,12.4,12.5,2471
287,12.45,12.45,12.45,12.45,252
289,12.6,12.6,12.6,12.6,100
291,12.3,12.4,12.3,12.3,1100
293,12.5,12.5,12.25,12.25,1700
294,12.5,12.55,12.5,12.55,325
295,12.5,12.5,12.5,12.5,100
296,12.5,12.5,12.5,12.5,100
297,12.45,12.475,12.45,12.45,500
298,12.45,12.45,12.45,12.45,100
299,12.45,12.45,12.45,12.45,100
300,12.4,12.45,12.4,12.45,200
302,12.45,12.45,12.45,12.45,100
307,12.45,12.45,12.4,12.45,400
308,12.5,12.5,12.5,12.5,500
309,12.6,12.6,12.55,12.55,2540
310,12.55,12.6,12.55,12.6,344
311,12.55,12.55,12.55,12.55,100
312,12.5,12.55,12.45,12.55,1900
313,12.5,12.5,12.5,12.5,300
315,12.5,12.5,12.5,12.5,100
316,12.5,12.5,12.5,12.5,200
317,12.5642,12.5642,12.5642,12.5642,100
318,12.6,12.75,12.6,12.75,200
319,12.65,12.686,12.65,12.686,300
320,12.7,12.75,12.65,12.7,600
324,12.55,12.65,12.55,12.65,200
325,12.55,12.55,12.55,12.55,200
326,12.6,12.6,12.45,12.45,4394
433,12.3,12.3,12.3,12.3,100
434,12.25,12.25,12.15,12.25,600
435,12.15,12.15,12.15,12.15,100
436,12.325,12.4,12.325,12.325,700
437,12.4,12.4,12.4,12.4,500
439,12.45,12.45,12.4,12.4,2100
441,12.45,12.45,12.45,12.45,700
443,12.6,12.6,12.6,12.6,100
445,12.6,12.6,12.6,12.6,200
446,12.5503,12.5503,12.5503,12.5503,200
448,12.45,12.5355,12.45,12.4501,3396
449,12.45,12.45,12.45,12.45,100
450,12.45,12.45,12.45,12.45,100
452,12.5,12.5,12.5,12.5,200
454,12.55,12.55,12.55,12.55,200
456,12.51,12.55,12.51,12.55,2900
458,12.6,12.6,12.6,12.6,100
460,12.55,12.6,12.55,12.6,1500
461,12.6,12.6,12.6,12.6,500
462,12.6,12.6,12.6,12.6,700
467,12.5782,12.5782,12.5782,12.5782,100
468,12.6,12.6,12.6,12.6,100
469,12.6,12.6,12.6,12.6,2000
470,12.65,12.65,12.6,12.6,2423
a1496151000,12.45,12.45,12.45,12.45,777
5,12.45,12.45,12.45,12.45,100
6,12.45,12.45,12.45,12.45,950
8,12.35,12.35,12.35,12.35,100
9,12.4,12.4,12.383,12.383,900
10,12.4,12.4,12.4,12.4,300
11,12.4,12.4,12.35,12.3646,900
12,12.375,12.4,12.35,12.35,900
14,12.35,12.3625,12.35,12.35,1000
15,12.3,12.3,12.3,12.3,100
18,12.2943,12.2943,12.2943,12.2943,100
19,12.25,12.25,12.25,12.25,100
20,12.3,12.3,12.3,12.3,100
21,12.3,12.3,12.3,12.3,400
22,12.3,12.3,12.3,12.3,200
23,12.3,12.3,12.3,12.3,100
24,12.2748,12.2748,12.2748,12.2748,200
25,12.2999,12.3,12.25,12.25,900
26,12.3,12.3,12.275,12.3,800
27,12.275,12.275,12.275,12.275,100
28,12.3,12.3,12.3,12.3,100
29,12.3,12.3,12.3,12.3,100
30,12.3,12.3,12.3,12.3,100
31,12.275,12.3,12.275,12.3,200
32,12.3,12.3,12.3,12.3,200
34,12.3,12.3,12.3,12.3,200
35,12.3,12.3,12.3,12.3,500
36,12.3,12.3,12.2625,12.2625,400
37,12.3,12.3,12.3,12.3,300
38,12.5,12.5,12.4,12.4,700
39,12.5,12.5,12.5,12.5,5464
144,12.45,12.45,12.45,12.45,350
146,12.7,12.725,12.7,12.725,300
147,12.65,12.7809,12.65,12.75,750
148,12.35,12.5,12.35,12.5,700
150,12.35,12.35,12.322,12.322,600
151,12.35,12.35,12.325,12.325,200
152,12.45,12.45,12.45,12.45,100
154,12.4999,12.4999,12.4999,12.4999,400
155,12.4,12.4,12.4,12.4,100
157,12.3856,12.3856,12.3856,12.3856,100
158,12.45,12.45,12.45,12.45,100
159,12.489,12.5,12.45,12.45,800
165,12.5,12.5,12.424,12.424,2300
166,12.45,12.475,12.45,12.45,400
167,12.5,12.5,12.5,12.5,100
168,12.499,12.499,12.45,12.45,666
169,12.45,12.45,12.45,12.45,200
170,12.45,12.5,12.45,12.5,300
171,12.45,12.45,12.45,12.45,100
172,12.4,12.4,12.31,12.35,963
173,12.4,12.4,12.4,12.4,200
174,12.45,12.45,12.45,12.45,200
175,12.45,12.5,12.45,12.5,200
176,12.45,12.5,12.45,12.5,1600
177,12.4,12.45,12.4,12.4,500
178,12.5,12.5,12.4,12.4304,1000
179,12.5,12.5,12.45,12.45,700
180,12.5,12.5,12.483,12.5,625
181,12.45,12.5,12.45,12.475,500
182,12.475,12.5,12.45,12.5,1600
183,12.5,12.551,12.45,12.475,18531
288,12.45,12.45,12.45,12.45,1171
290,12.4,12.45,12.4,12.45,200
294,12.5,12.5,12.5,12.5,100
295,12.5,12.5,12.45,12.45,800
296,12.5999,12.5999,12.5999,12.5999,200
297,12.55,12.55,12.55,12.55,600
298,12.6,12.6,12.6,12.6,300
299,12.7,12.7,12.65,12.65,400
300,12.75,12.75,12.7,12.7,2700
301,12.8008,12.85,12.8,12.85,2487
302,12.825,12.9,12.8,12.9,664
303,12.825,12.85,12.8,12.825,900
304,12.85,12.875,12.85,12.875,800
305,12.875,12.875,12.85,12.875,4300
306,12.875,12.875,12.875,12.875,300
307,12.85,12.875,12.85,12.875,1449
308,12.875,12.9,12.85,12.9,1400
309,12.85,12.875,12.85,12.875,2100
310,12.8,12.825,12.8,12.825,600
311,12.8,12.8,12.8,12.8,500
312,12.8,12.8,12.75,12.75,300
313,12.75,12.8,12.75,12.8,200
314,12.7999,12.8,12.7999,12.8,600
315,12.75,12.8,12.75,12.775,300
316,12.7,12.7,12.7,12.7,100
318,12.8,12.8,12.8,12.8,1700
319,12.8,12.8,12.7999,12.7999,300
320,12.75,12.8,12.75,12.8,200
321,12.8,12.8,12.8,12.8,400
322,12.8,12.8,12.775,12.8,700
323,12.7533,12.8,12.75,12.7619,1803
324,12.7,12.8,12.7,12.8,2373
325,12.65,12.7,12.65,12.6618,485
326,12.65,12.7,12.65,12.65,3385
327,12.6,12.65,12.6,12.65,10030
432,12.4,12.4,12.4,12.4,2617
433,12.85,12.85,12.55,12.55,1100
434,12.9,12.9,12.8,12.9,1010
435,12.6,12.9,12.6,12.842,6614
436,12.6,12.65,12.6,12.605,4300
437,12.6,12.65,12.6,12.6,800
438,12.65,12.65,12.6,12.6,500
439,12.55,12.7,12.55,12.65,10698
440,12.3,12.5,12.3,12.5,2500
441,12.5,12.5,12.307,12.307,900
442,12.7,12.7,12.55,12.6,1900
443,12.6,12.6,12.6,12.6,300
444,12.6,12.6,12.6,12.6,200
445,12.55,12.65,12.55,12.6,1062
446,12.65,12.8,12.65,12.65,700
447,12.8,12.8,12.7,12.8,2000
448,12.8,12.85,12.7,12.7,1139
449,12.85,12.85,12.75,12.8,4079
450,12.85,12.85,12.75,12.85,1400
451,12.9,12.9,12.85,12.9,1100
452,12.95,12.95,12.85,12.95,5100
453,12.9,12.9011,12.85,12.85,5700
454,12.95,12.95,12.85,12.85,1100
455,12.95,12.95,12.85,12.9,700
456,12.95,12.95,12.85,12.95,500
457,12.9,12.95,12.85,12.95,800
458,12.9011,12.95,12.9,12.95,1683
459,12.95,12.95,12.9,12.925,400
460,13,13,12.95,12.95,300
461,13,13,12.9,13,1100
462,12.95,13,12.95,13,1500
463,12.95,13,12.9,13,700
464,12.9,12.95,12.9,12.95,1815
465,12.85,12.8764,12.85,12.8764,1700
466,12.8757,12.95,12.85,12.8511,1290
467,12.95,12.95,12.85,12.9,2590
468,12.95,12.95,12.85,12.95,2078
469,12.95,12.95,12.85,12.95,1800
470,12.95,12.95,12.9,12.95,2510
471,12.9,12.95,12.85,12.95,14914
864,12.9,12.9,12.9,12.9,162
867,12.85,12.85,12.85,12.85,200
868,12.8,12.8572,12.8,12.85,500
869,12.8,12.85,12.8,12.85,400
870,12.8002,12.8002,12.8,12.8,700
871,12.6,12.8,12.6,12.7,1569
872,12.65,12.65,12.55,12.55,1300
873,12.65,12.683,12.65,12.683,600
877,12.65,12.7,12.65,12.675,1000
878,12.55,12.65,12.55,12.65,3719
881,12.55,12.55,12.55,12.55,200
883,12.5,12.55,12.5,12.55,300
884,12.5175,12.5175,12.5175,12.5175,300
886,12.525,12.525,12.525,12.525,200
887,12.3,12.5,12.3,12.5,1358
888,12.3,12.35,12.3,12.35,800
889,12.3,12.3225,12.3,12.3225,600
890,12.3,12.3,12.29,12.29,200
891,12.3,12.3,12.3,12.3,200
892,12.3,12.3,12.3,12.3,100
893,12.34,12.34,12.3,12.3,264
894,12.3,12.3,12.25,12.25,850
895,12.275,12.275,12.275,12.275,100
896,12.2,12.275,12.15,12.275,3401
897,12.075,12.2,12.05,12.192,2500
898,12.2,12.2,12.0748,12.0748,2900
899,12.25,12.25,12.2,12.2,3415
900,12.25,12.3,12.225,12.225,2500
901,12.25,12.3,12.2,12.25,500
902,12.175,12.25,12.15,12.225,800
903,12.15,12.25,12.15,12.15,9996
a1496755800,12,12,12,12,463
1,12.35,12.35,12.15,12.15,1100
2,12.35,12.45,12.35,12.45,200
4,12.4178,12.4178,12.4178,12.4178,200
5,12.4,12.45,12.35,12.35,450
7,12.15,12.3,12.15,12.3,5753
8,12.1,12.1,12.1,12.1,200
9,12.05,12.14,12.05,12.1,1700
13,12.05,12.05,12.05,12.05,300
14,12.2,12.2,12.05,12.1,1450
16,12.15,12.15,12.15,12.15,100
20,12.15,12.15,12.15,12.15,300
22,12.0681,12.0681,12.05,12.05,321
23,12.05,12.05,12.05,12.05,300
25,12.05,12.051,12.05,12.051,1100
28,12.0992,12.0992,12.05,12.05,700
29,12.05,12.05,12.05,12.05,100
30,12.2,12.2,12.1,12.1,2900
31,12.25,12.25,12.2,12.2,600
34,12.25,12.25,12.25,12.25,200
35,12.3,12.3,12.3,12.3,100
36,12.25,12.3,12.25,12.2924,1306
37,12.15,12.2,12.1,12.2,1516
38,12.2,12.2,12.1,12.1,343
39,12.1,12.2,12.05,12.1,8858
144,12.1,12.1,12.1,12.1,110
146,12.1,12.1637,12.05,12.05,850
147,12.1,12.15,12.1,12.15,200
148,12.1,12.2,12.1,12.1099,2600
150,12.1001,12.1001,12.1001,12.1001,100
151,12.1001,12.1001,12.1,12.1,700
152,12.05,12.1,12.05,12.1,963
153,12.05,12.05,12.05,12.05,200
154,12.0501,12.0501,12.05,12.05,200
155,12.05,12.05,12.05,12.05,100
156,12.05,12.0501,12.05,12.0501,4844
157,12.05,12.05,12.05,12.05,400
158,12.05,12.05,12.05,12.05,100
159,12.05,12.05,12,12,400
160,12,12.05,12,12.05,200
161,12.1,12.1,12,12,200
162,12.0501,12.1,12.05,12.1,500
163,12.05,12.0956,12.05,12.05,424
164,12.05,12.15,12.05,12.05,400
165,12.05,12.05,12.05,12.05,800
166,12.05,12.05,12,12,200
167,12.05,12.05,12,12,300
168,12.05,12.1,12,12,300
169,12.0001,12.0001,12,12,200
170,12.1,12.1,12.0537,12.0537,472
171,12.0501,12.0501,12.0501,12.0501,100
172,12.0501,12.0501,12.0501,12.0501,100
173,12.05,12.15,12.05,12.15,400
174,12.05,12.14,12.05,12.14,2300
175,12.05,12.05,12.05,12.05,100
176,12.05,12.05,12.05,12.05,200
177,12.1,12.1,12.05,12.1,1100
178,12.1,12.1,12.1,12.1,100
179,12.15,12.15,12.1001,12.15,400
181,12.1,12.1,12.1,12.1,100
182,12.05,12.15,12.05,12.1,2200
183,12.05,12.15,12.05,12.1,8878
288,12,12,12,12,659
290,12.1,12.15,12.1,12.15,300
293,12.1,12.125,12.1,12.125,400
294,12.15,12.15,12.05,12.15,400
295,12.05,12.1,12.05,12.1,600
297,12.05,12.05,12.05,12.05,600
298,12.2,12.2,12.1,12.1,2096
299,12.15,12.1997,12.15,12.1997,500
300,12.15,12.25,12.15,12.25,1100
307,12.15,12.15,12.15,12.15,200
308,12.1,12.15,12.1,12.15,400
309,12.05,12.1001,12.05,12.1,1763
310,12.05,12.05,12.05,12.05,400
311,12.1,12.1,12,12.025,2300
312,12.1,12.1,12.05,12.05,200
313,12.1,12.15,12.1,12.15,200
314,12.1,12.1,12.1,12.1,265
315,12.1,12.2,12.1,12.15,1200
316,12.1,12.15,12.1,12.1,1000
317,12.1,12.1,12.1,12.1,100
318,12.1,12.1,12.1,12.1,200
319,12.1,12.1,12.1,12.1,200
321,12.1,12.125,12.1,12.125,300
322,12.1,12.15,12.1,12.15,5200
323,12.1,12.15,12.1,12.1183,1982
324,12.1,12.1,12.1,12.1,900
325,12,12.075,12,12.075,300
326,12,12.05,12,12,700
327,12.1,12.1,12,12.05,6126
432,12.1,12.1,12.1,12.1,683
434,12.15,12.15,12.15,12.15,100
435,12.1,12.1,12.05,12.05,300
436,12.15,12.15,12.05,12.05,600
438,12.05,12.05,12.05,12.05,100
442,12.2,12.2,12.15,12.15,949
444,12.25,12.25,12.25,12.25,100
445,12.35,12.4,12.283,12.283,2418
446,12.3,12.35,12.3,12.35,1000
448,12.3,12.3001,12.3,12.3001,1500
450,12.125,12.2501,12.125,12.2501,2200
451,12.0501,12.0501,12.0501,12.0501,700
453,12.15,12.15,12.05,12.05,700
454,12.15,12.15,12.125,12.15,640
455,12.05,12.05,12,12.05,1600
456,12.05,12.1,12.05,12.1,200
458,12.1,12.1,12.05,12.05,200
459,12.05,12.05,12.05,12.05,2400
460,12.05,12.05,12.05,12.05,100
462,12.1,12.1,12.1,12.1,200
463,12.05,12.0501,12,12,2275
464,12.025,12.1,12,12,7600
465,12.1,12.1,12,12.025,1362
466,12.1,12.15,12.1,12.15,600
469,12.15,12.15,12.15,12.15,100
470,12.1,12.1001,12.075,12.1,1280
471,12.1,12.1,12.05,12.1,10478
864,12.05,12.05,12.05,12.05,410
865,12.05,12.05,12.05,12.05,400
866,11.925,12,11.85,12,2700
867,11.85,11.9,11.85,11.9,700
868,11.8,11.8,11.8,11.8,600
869,11.9,11.9,11.8,11.8177,1850
871,11.85,11.85,11.85,11.85,100
872,11.75,11.9,11.75,11.85,11750
873,11.9,11.9,11.75,11.849,2475
874,11.9,11.9,11.9,11.9,400
875,11.9,11.9,11.85,11.9,900
876,11.95,11.95,11.9,11.9,400
877,12,12,11.9125,11.95,1000
878,11.95,12,11.95,12,200
879,12,12,11.95,11.95,200
881,11.9,12,11.9,12,300
882,11.9,12,11.9,12,300
883,11.9,11.9,11.9,11.9,100
886,11.95,12,11.95,12,300
888,11.95,11.95,11.9,11.9,600
889,11.95,11.95,11.9,11.9,200
891,11.95,11.95,11.95,11.95,100
892,11.95,11.95,11.9,11.9,500
893,11.95,12,11.939,11.95,1000
894,12,12,12,12,200
898,11.95,11.95,11.95,11.95,140
899,11.95,11.95,11.95,11.95,600
900,11.95,11.95,11.95,11.95,300
901,11.95,11.95,11.95,11.95,900
902,12.05,12.05,11.95,11.95,1100
903,12.05,12.1,12,12.05,6432
a1497360600,12.05,12.05,12.05,12.05,105
1,12.05,12.05,12.05,12.05,100
2,12.15,12.15,12.15,12.15,200
3,12.025,12.025,12.025,12.025,100
4,12.15,12.2,12.15,12.2,200
7,12.0501,12.15,12.0501,12.15,300
9,12.05,12.2,12.05,12.2,1400
11,12.05,12.05,12.05,12.05,100
12,12.05,12.05,12.05,12.05,100
13,12.0999,12.0999,12.05,12.05,200
14,12,12.0001,12,12,800
16,11.95,12.0001,11.95,12,1432
17,11.95,11.978,11.95,11.95,1150
19,11.85,11.9,11.85,11.9,300
21,11.85,11.9,11.85,11.85,700
22,11.95,11.95,11.9,11.9,1000
23,11.95,12,11.95,12,300
25,12,12.045,12,12.045,600
26,12,12,12,12,247
27,11.9,11.9533,11.9,11.9533,730
28,12,12,12,12,500
29,12.025,12.05,12,12.0259,530
30,12.1,12.1,12.05,12.05,500
31,12.075,12.1,12.075,12.1,603
33,12.0621,12.0621,12.0621,12.0621,135
34,12,12.05,12,12.05,1100
35,12.05,12.05,12,12.05,300
37,12,12.05,12,12.05,785
38,12.0499,12.0499,12.0131,12.0131,600
39,12,12.05,11.95,11.95,1648
144,12,12,12,12,113
145,11.95,11.95,11.95,11.95,200
146,11.85,11.85,11.85,11.85,100
147,11.9,11.9,11.9,11.9,200
148,11.9,11.9,11.85,11.85,300
152,11.95,11.95,11.95,11.95,100
154,11.9,11.9,11.9,11.9,100
156,11.95,11.95,11.9,11.9,500
157,11.95,12.025,11.95,11.95,2946
158,12.05,12.05,12.05,12.05,300
160,12,12.0999,12,12.0999,830
161,12.025,12.025,12.025,12.025,100
162,12.025,12.025,12.0221,12.0221,600
164,12.05,12.05,12.05,12.05,100
165,12.05,12.05,12.05,12.05,200
166,12.1,12.1,12.1,12.1,200
167,12.075,12.1,12,12.05,2700
168,12,12,12,12,200
169,12.0125,12.0125,12.0125,12.0125,100
171,12,12.04,12,12.04,1100
172,11.9969,11.9969,11.9969,11.9969,1300
173,12.05,12.05,12.05,12.05,100
174,11.95,11.95,11.95,11.95,100
176,11.95,12,11.95,11.95,500
178,11.95,11.95,11.9,11.9,7400
180,12,12,11.9119,11.9119,485
181,12,12.035,12,12,701
182,12,12.05,12,12,1244
183,12,12,11.95,12,4310
288,11.8,11.8,11.8,11.8,382
289,11.85,11.85,11.85,11.85,300
290,11.65,11.85,11.65,11.8375,8236
291,11.75,11.75,11.75,11.75,300
295,11.8,11.8,11.775,11.8,700
297,11.85,11.85,11.8,11.85,1100
298,11.8177,11.8638,11.8,11.8638,600
299,11.7,11.8,11.7,11.8,2672
300,11.7,11.8,11.65,11.738,3300
302,11.85,11.85,11.65,11.7,9213
303,11.75,11.85,11.75,11.85,1674
304,11.85,11.8999,11.8,11.8999,500
307,11.8,11.85,11.8,11.8,500
309,11.85,11.85,11.8,11.81,3000
313,11.85,11.9499,11.85,11.9499,798
314,11.8,11.85,11.8,11.85,1100
315,11.8,11.8,11.75,11.7999,2400
316,11.8,11.8,11.775,11.775,200
318,11.85,11.95,11.849,11.85,1118
319,11.9,11.95,11.9,11.9,550
320,11.9001,11.9001,11.9001,11.9001,365
321,11.95,11.95,11.9,11.9,500
322,11.85,11.8688,11.85,11.8688,1300
323,11.85,11.95,11.85,11.8797,3298
325,11.85,11.94,11.85,11.86,3653
326,11.95,11.95,11.85,11.95,400
327,11.9,11.95,11.9,11.9,3789
432,11.75,11.75,11.75,11.75,22511
433,11.8,11.85,11.75,11.75,2075
434,11.9,11.9,11.8,11.85,600
436,11.9,11.975,11.85,11.9501,3800
437,11.8,11.9,11.8,11.85,1527
438,11.874,11.874,11.874,11.874,3200
439,11.8,11.9499,11.8,11.85,9445
440,11.85,11.85,11.8,11.8001,4496
441,11.8659,11.8659,11.8,11.85,650
442,11.85,11.85,11.85,11.85,100
443,11.9,11.9,11.8,11.8,200
446,11.8,11.8,11.8,11.8,100
448,11.8,11.8,11.8,11.8,100
449,11.85,11.899,11.85,11.899,1000
450,11.95,11.95,11.9,11.9,300
451,12.095,12.1,11.95,12,657
452,12.1,12.1,12,12.1,300
453,12.075,12.075,12.05,12.05,200
454,12.075,12.075,12.075,12.075,100
455,12.1,12.1,12.1,12.1,100
456,12.1,12.1,12.0999,12.0999,350
457,12.05,12.1,12.05,12.0999,1700
458,12.1499,12.1499,12.1499,12.1499,100
460,12.05,12.2,12.05,12.2,300
461,12.05,12.05,12.05,12.05,100
462,12.2,12.2,12.2,12.2,300
464,12.15,12.2,12.1,12.2,1400
465,12.25,12.25,12.25,12.25,200
469,12.1,12.2,12.05,12.2,1100
470,12.05,12.05,12.05,12.05,300
471,12.05,12.15,12,12.05,12820
864,12.1,12.1,12.1,12.1,327
865,12.1,12.1799,11.95,11.95,550
866,12.1,12.295,12.1,12.295,500
868,12.0621,12.1121,12.0621,12.095,750
869,11.95,12.1309,11.95,12.1309,950
870,11.925,11.95,11.9,11.95,964
871,11.95,11.95,11.95,11.95,400
872,11.7649,11.9169,11.65,11.9169,11890
873,11.775,11.9,11.7,11.85,5383
874,11.8,11.8,11.75,11.75,200
875,11.8,11.85,11.725,11.8,14900
876,11.75,11.7517,11.625,11.75,10788
877,11.782,11.85,11.65,11.7,8400
878,11.8,11.85,11.75,11.75,2700
879,11.9,11.9,11.8,11.85,2100
880,11.95,11.95,11.95,11.95,200
881,11.9,11.95,11.9,11.95,600
882,11.9,11.9,11.9,11.9,600
883,11.9,11.9,11.85,11.9,800
884,11.85,11.9,11.8,11.9,1300
885,11.85,11.9,11.8,11.8,1500
886,11.95,11.95,11.85,11.85,1100
887,11.9,11.9,11.9,11.9,100
888,11.9,11.91,11.9,11.91,1304
889,11.9,11.99,11.9,11.95,1600
890,11.85,11.9,11.85,11.9,500
891,11.85,11.85,11.85,11.85,300
892,11.85,11.9,11.85,11.85,1000
893,11.85,11.85,11.85,11.85,900
894,11.8,11.875,11.8,11.8,1400
895,11.8,11.8,11.8,11.8,600
896,11.875,11.875,11.8,11.8352,1800
897,11.8,11.875,11.8,11.875,800
898,11.65,11.7315,11.65,11.7,1220
899,11.625,11.75,11.55,11.65,9400
900,11.625,11.7,11.55,11.55,1900
901,11.6547,11.7999,11.55,11.55,17410
902,11.7,11.75,11.65,11.675,853
903,11.7,11.8,11.65,11.65,7566
a1497965400,11.6,11.6,11.6,11.6,501
1,11.7,11.7,11.6008,11.65,800
2,11.75,11.75,11.65,11.65,1900
3,11.75,11.75,11.7,11.7,1100
4,11.75,11.75,11.75,11.75,100
5,11.75,11.75,11.75,11.75,500
6,11.7,11.7,11.7,11.7,400
7,11.65,11.65,11.6,11.6001,1100
8,11.7,11.7,11.65,11.65,1100
9,11.75,11.75,11.6,11.6,1000
10,11.7,11.7,11.688,11.688,200
11,11.75,11.75,11.75,11.75,100
13,11.7585,11.7585,11.7585,11.7585,140
15,11.85,11.85,11.85,11.85,100
16,11.75,11.8,11.75,11.7501,1600
17,11.75,11.75,11.75,11.75,200
19,11.8,11.8,11.8,11.8,200
21,11.7,11.74,11.7,11.74,256
22,11.8,11.8,11.8,11.8,100
23,11.65,11.75,11.65,11.7,400
24,11.8,11.8,11.75,11.75,200
25,11.7483,11.8,11.7483,11.8,700
26,11.75,11.75,11.75,11.75,110
27,11.75,11.75,11.75,11.75,200
29,11.8,11.8,11.75,11.7814,700
31,11.75,11.75,11.7,11.7,600
32,11.7814,11.7814,11.7814,11.7814,332
33,11.85,11.85,11.8,11.8,300
34,11.8,11.8,11.75,11.75,200
35,11.85,11.85,11.85,11.85,100
36,11.8188,11.8188,11.8188,11.8188,500
39,11.75,11.85,11.75,11.75,3421
144,11.75,11.75,11.75,11.75,209
145,11.8,11.8,11.8,11.8,268
146,11.9,11.9,11.85,11.85,300
147,11.85,11.85,11.85,11.85,100
148,11.9001,11.9001,11.9,11.9,1100
151,11.95,11.95,11.95,11.95,300
152,12,12,11.95,11.991,700
154,12,12,12,12,200
155,11.9999,11.9999,11.999,11.9999,2034
156,11.95,11.95,11.95,11.95,200
158,11.95,11.9999,11.91,11.9999,1300
160,11.95,11.95,11.95,11.95,100
161,11.9,11.95,11.9,11.95,300
163,11.95,11.95,11.9,11.9,300
164,11.95,11.95,11.9001,11.95,300
165,11.95,11.95,11.9,11.9,300
166,11.95,11.95,11.95,11.95,200
167,11.9,11.9,11.9,11.9,100
168,11.95,11.95,11.95,11.95,100
170,11.9001,11.95,11.9001,11.95,200
172,11.95,11.95,11.95,11.95,100
173,11.95,11.95,11.95,11.95,100
174,11.9999,11.9999,11.95,11.95,3100
175,11.899,11.925,11.85,11.9,3441
176,11.895,11.895,11.8,11.8,300
177,11.75,11.75,11.75,11.75,100
178,11.75,11.75,11.75,11.75,100
179,11.75,11.75,11.75,11.75,100
180,11.9,11.9,11.849,11.8499,2800
181,11.925,11.925,11.8969,11.9,4694
183,11.8,11.925,11.8,11.925,4259
288,11.9,11.9,11.9,11.9,2531
291,11.9,11.9,11.9,11.9,100
296,11.933,11.933,11.9,11.9,900
297,12,12,11.9,11.9,200
298,11.9925,11.9925,11.9925,11.9925,3000
300,11.95,11.95,11.925,11.9445,2600
302,11.9,11.9,11.9,11.9,400
303,11.9,11.9125,11.9,11.9,2494
305,11.9394,11.9394,11.9394,11.9394,3000
306,11.925,11.925,11.925,11.925,100
307,12,12,11.932,11.932,3692
308,12,12,12,12,200
309,12.2193,12.2193,11.9997,12,6576
310,12.35,12.35,12.1991,12.1991,3949
311,12.3184,12.3184,12.3184,12.3184,100
312,12.31,12.31,12.2831,12.2831,1000
313,12.275,12.275,12.2,12.25,3376
316,12.25,12.25,12.25,12.25,200
317,12.2,12.2,12.2,12.2,500
318,12.2395,12.2395,12.2395,12.2395,359
320,12.25,12.25,12.25,12.25,100
323,12.25,12.3,12.25,12.3,1900
324,12.25,12.25,12.25,12.25,200
326,12.25,12.25,12.25,12.25,100
327,12.1,12.2,12.05,12.2,6195
432,12.1,12.1,12.1,12.1,335
434,11.95,11.95,11.95,11.95,100
435,11.95,11.962,11.95,11.962,1100
436,11.9993,11.9993,11.9993,11.9993,150
438,12.05,12.05,12.05,12.05,400
440,12.1,12.1,12.1,12.1,100
441,12.1,12.1,12.1,12.1,100
445,12.1,12.1,12.1,12.1,100
449,12.1,12.1,12.05,12.05,200
452,12.2,12.2,12.15,12.15,500
455,12.2,12.2,12.2,12.2,100
456,12.2,12.2,12.2,12.2,100
462,12.15,12.245,12.15,12.245,1163
463,12.2,12.2,12.2,12.2,200
464,12.25,12.25,12.25,12.25,200
465,12.3,12.3,12.25,12.25,200
466,12.3,12.3,12.25,12.25,1400
467,12.3,12.3,12.3,12.3,1555
470,12.3,12.35,12.25,12.25,2292
471,12.3,12.3,12.25,12.3,14664
864,12.3,12.3,12.3,12.3,400
865,12.35,12.35,12.3,12.3,2984
866,12.3,12.35,12.3,12.35,1500
867,12.3,12.3,12.3,12.3,100
868,12.3,12.3,12.3,12.3,100
869,12.3,12.3,12.3,12.3,100
870,12.3,12.3,12.3,12.3,100
871,12.25,12.2625,12.25,12.25,2700
872,12.2,12.2,12.2,12.2,100
873,12.15,12.15,12.15,12.15,2100
874,12.1121,12.1121,12.1,12.1,679
875,12.1,12.1001,12.1,12.1,4632
877,12.1655,12.1655,12.1655,12.1655,200
881,12.2,12.2,12.2,12.2,100
883,12.0924,12.125,12.05,12.125,4798
885,12.05,12.05,12.05,12.05,100
887,12.05,12.15,12.05,12.15,300
889,12.05,12.05,12,12.05,600
893,12.025,12.025,12,12,200
898,12,12.025,12,12,500
899,12.05,12.05,12,12.0165,3600
900,12.1,12.1,12.05,12.05,300
901,12.05,12.05,12.05,12.05,100
902,12.075,12.075,12.05,12.05,300
903,12.05,12.1,12.05,12.1,1747
a1498570200,12.1,12.1,12.1,12.1,326
1,12,12.1,12,12.1,200
2,11.925,12.05,11.9,12.05,500
3,11.925,11.925,11.925,11.925,100
4,11.975,11.975,11.975,11.975,100
5,11.9499,11.95,11.9499,11.95,261
6,11.95,11.95,11.9225,11.9225,1114
10,12.059,12.0999,12.059,12.0999,1105
11,12.05,12.05,12.05,12.05,200
12,12.05,12.05,12.05,12.05,100
16,12.1,12.1,12.05,12.05,600
18,12.15,12.15,12.15,12.15,100
20,12.15,12.15,12.15,12.15,200
23,12.2,12.25,12.2,12.25,200
24,12.3,12.3,12.25,12.25,200
25,12.3,12.3,12.3,12.3,100
26,12.25,12.25,12.15,12.15,617
28,12.05,12.15,12,12.15,11562
29,12.0125,12.025,12,12.025,697
32,12,12,12,12,600
33,12,12,12,12,300
34,11.9,11.9,11.9,11.9,100
35,11.9698,11.9698,11.9698,11.9698,250
36,12,12,11.95,11.95,800
37,11.95,11.95,11.95,11.95,1200
38,11.95,11.95,11.95,11.95,500
39,12,12,11.9499,12,2637
144,12.05,12.05,12.05,12.05,100
145,11.95,12.05,11.95,12.05,532
146,11.95,12.017,11.95,11.95,1300
147,11.95,11.95,11.95,11.95,400
148,11.949,11.95,11.9,11.9,400
149,12.05,12.05,12.05,12.05,200
150,12.1,12.1,12.05,12.0501,1888
151,12.182,12.182,12.0999,12.0999,4191
152,12.2,12.2,12.2,12.2,100
156,12,12.275,12,12.275,3226
157,12,12,11.95,11.95,800
161,12.1,12.1,12.0499,12.05,700
162,12.05,12.0501,12.05,12.0501,2100
164,12.15,12.15,12.1309,12.1309,1161
165,12.2,12.2,12.15,12.15,200
167,12.25,12.3,12.25,12.25,400
169,12.2999,12.3,12.2,12.299,4100
170,12.2001,12.3,12.2001,12.3,479
171,12.3,12.3,12.2001,12.2001,2252
173,12.3,12.3,12.2999,12.2999,300
174,12.2001,12.2001,12.2001,12.2001,100
176,12.25,12.25,12.25,12.25,100
177,12.1501,12.1501,12.1501,12.1501,100
178,12.2999,12.2999,12.2999,12.2999,200
179,12.35,12.35,12.3499,12.35,1200
180,12.2501,12.2501,12.2501,12.2501,100
182,12.2501,12.3999,12.2501,12.3999,300
183,12.35,12.4,12.2544,12.2544,2913
288,12.4,12.4,12.4,12.4,434
289,12.3,12.3,12.3,12.3,500
290,12.25,12.3,12.25,12.3,400
292,12.25,12.25,12.25,12.25,200
293,12.15,12.2,12.15,12.2,400
294,12.15,12.2,12.15,12.15,600
295,12.2,12.2,12.2,12.2,100
296,12.25,12.25,12.25,12.25,398
297,12.21,12.25,12.21,12.25,1000
298,12.2,12.25,12.2,12.25,1022
299,12.1,12.2,12.1,12.15,2600
301,12.05,12.1,12.05,12.1,311
302,12.1,12.1,12.05,12.05,500
304,11.95,12.057,11.9,12.05,5600
305,11.95,11.95,11.95,11.95,195
306,12.025,12.025,12,12.007,800
307,12,12.0035,12,12.0035,700
308,11.9995,11.9995,11.9995,11.9995,416
310,11.95,11.95,11.9,11.95,1706
311,11.9001,11.95,11.9001,11.95,700
312,11.9,12,11.9,12,200
313,12,12,12,12,100
314,12.05,12.05,12.05,12.05,300
317,12.05,12.05,12,12,1100
318,12.075,12.075,12.075,12.075,100
319,12.175,12.175,12.175,12.175,100
320,12.25,12.25,12.25,12.25,257
324,12.2,12.2,12.15,12.15,300
325,12.175,12.175,12.15,12.15,200
326,12.3,12.3,12.1959,12.2,2000
327,12.25,12.35,12.25,12.3499,2953
432,12.3,12.3,12.3,12.3,500
433,12.2,12.2,12.2,12.2,200
434,12.2,12.2,12.15,12.15,300
435,12.257,12.3,12.25,12.25,500
436,12.3,12.3,12.3,12.3,200
439,12.35,12.35,12.35,12.35,200
441,12.3,12.3,12.3,12.3,300
445,12.3,12.3,12.3,12.3,200
450,12.2001,12.2001,12.2001,12.2001,375
451,12.25,12.29,12.2,12.2,712
452,12.3,12.3,12.3,12.3,200
453,12.2,12.2,12.2,12.2,100
454,12.2,12.25,12.2,12.2,3200
455,12.2,12.2,12.2,12.2,400
457,12.1753,12.1753,12.1753,12.1753,150
458,12.2,12.2,12.2,12.2,100
459,12.15,12.15,12.15,12.15,300
460,12.1,12.167,12.1,12.167,2003
464,12.1,12.1,12.1,12.1,200
467,12.2,12.2,12.15,12.15,200
468,12.15,12.15,12.1,12.1,1660
469,12.139,12.15,12.1,12.1,500
471,12.15,12.2,12.05,12.2,5159
864,12.1,12.1,12.1,12.1,388
865,11.95,11.95,11.9,11.95,700
866,12.095,12.095,12,12,1301
867,11.85,11.85,11.85,11.85,100
868,11.95,11.95,11.95,11.95,200
869,12.05,12.05,12.05,12.05,100
870,11.95,12,11.95,12,200
871,11.85,11.85,11.85,11.85,100
872,11.9,11.9,11.8,11.8,1000
873,11.85,11.85,11.85,11.85,100
874,11.85,11.85,11.85,11.85,100
875,11.8,11.85,11.8,11.8,700
876,11.8,11.8,11.8,11.8,100
877,11.95,12,11.8499,11.85,3300
878,11.95,11.95,11.95,11.95,600
879,11.9,11.9,11.9,11.9,100
880,11.9,11.9,11.9,11.9,100
881,11.95,11.95,11.95,11.95,100
884,11.95,11.95,11.95,11.95,400
885,12,12.1,11.95,12.05,3807
a1499261400,12,12,12,12,523
2,11.85,11.9,11.85,11.9,700
3,11.85,11.9,11.85,11.9,200
4,11.9,11.9,11.9,11.9,400
5,11.8,11.85,11.8,11.85,800
6,11.825,11.85,11.8,11.8,500
7,11.85,11.85,11.7882,11.7882,1020
8,11.973,12,11.9485,11.95,4745
9,11.9,11.925,11.9,11.925,300
10,11.9,11.9,11.9,11.9,300
11,11.85,11.875,11.85,11.875,300
12,11.825,11.825,11.825,11.825,200
13,11.85,11.85,11.8,11.8,300
14,11.85,11.85,11.85,11.85,200
15,11.875,11.9,11.875,11.875,717
16,11.65,11.85,11.5,11.85,35485
17,11.575,11.6,11.5704,11.6,1800
18,11.691,11.7,11.6,11.625,21028
19,11.6,11.7,11.6,11.7,12732
20,11.5452,11.7,11.5452,11.65,10554
21,11.55,11.575,11.55,11.575,684
23,11.6,11.65,11.6,11.6,500
24,11.6,11.65,11.6,11.64,4200
25,11.6,11.6,11.55,11.6,800
26,11.6,11.6,11.6,11.6,100
27,11.6,11.6,11.6,11.6,400
28,11.6,11.6,11.6,11.6,200
29,11.7,11.7,11.6,11.6,900
30,11.7,11.7,11.65,11.7,800
31,11.7,11.7,11.7,11.7,600
32,11.7,11.7,11.7,11.7,100
33,11.7,11.75,11.7,11.7,1100
34,11.7,11.7,11.65,11.7,743
35,11.7,11.7,11.7,11.7,200
36,11.7001,11.75,11.7,11.7,800
37,11.85,11.85,11.7999,11.7999,4300
38,11.9,11.9,11.8001,11.85,5248
39,11.8,11.9,11.8,11.875,4207
