EXCHANGE%3DNASDAQ
MARKET_OPEN_MINUTE=570
MARKET_CLOSE_MINUTE=960
INTERVAL=600
COLUMNS=DATE,CLOSE,HIGH,LOW,OPEN,VOLUME
DATA=
TIMEZONE_OFFSET=-240
a1493040600,2.85,2.85,2.85,2.85,9896
1,2.88,2.89,2.85,2.85,71643
2,2.865,2.8756,2.86,2.8756,27422
3,2.845,2.88,2.845,2.87,72059
4,2.8457,2.85,2.845,2.85,19087
5,2.8201,2.85,2.82,2.845,50307
6,2.825,2.83,2.82,2.825,8585
7,2.8099,2.83,2.8,2.825,27921
8,2.82,2.82,2.8,2.808,32800
9,2.82,2.82,2.81,2.82,11335
10,2.83,2.83,2.82,2.82,10280
11,2.8158,2.83,2.81,2.83,12818
12,2.81,2.82,2.81,2.82,9455
13,2.82,2.82,2.81,2.82,2905
14,2.82,2.83,2.81,2.82,13123
15,2.82,2.82,2.81,2.814,13537
16,2.81,2.82,2.81,2.82,3625
17,2.815,2.82,2.81,2.82,7052
18,2.82,2.82,2.81,2.815,43686
19,2.82,2.82,2.8138,2.82,7401
20,2.81,2.82,2.79,2.82,89691
21,2.82,2.82,2.805,2.81,55524
22,2.8244,2.84,2.81,2.82,50004
23,2.8188,2.82,2.8,2.82,45014
24,2.82,2.82,2.8101,2.813,12523
25,2.83,2.83,2.81,2.82,40415
26,2.82,2.83,2.81,2.83,11833
27,2.815,2.82,2.81,2.82,1550
28,2.8099,2.815,2.8,2.815,11754
29,2.82,2.82,2.8,2.807,6135
30,2.82,2.82,2.81,2.815,7795
31,2.82,2.82,2.81,2.82,6750
32,2.81,2.82,2.81,2.82,6800
33,2.8161,2.82,2.8,2.82,19853
34,2.8,2.82,2.8,2.82,15139
35,2.81,2.82,2.8,2.81,104281
36,2.82,2.82,2.8057,2.81,15954
37,2.815,2.82,2.8,2.82,20396
38,2.8,2.82,2.8,2.82,18743
39,2.81,2.82,2.79,2.81,135760
144,2.83,2.83,2.83,2.83,8163
145,2.8808,2.9,2.821,2.83,93033
146,2.94,2.94,2.8824,2.8899,135495
147,2.9214,2.95,2.9101,2.94,88636
148,2.9676,2.97,2.9201,2.93,67757
149,2.96,2.98,2.96,2.9662,114174
150,2.98,2.99,2.955,2.96,56636
151,3.02,3.04,2.96,2.97,352073
152,2.99,3.03,2.97,3.02,167381
153,3,3.015,2.99,2.99,62482
154,3.005,3.015,2.99,3,67490
155,3,3.01,2.99,3.01,52200
156,2.96,3,2.95,3,152031
157,2.98,2.98,2.9601,2.97,49387
158,2.98,2.985,2.97,2.98,34371
159,2.99,2.995,2.97,2.97,58980
160,2.9999,3.01,2.98,2.99,138237
161,3,3,2.99,3,19720
162,3.02,3.03,2.9999,3,191983
163,3.04,3.05,3,3.01,58882
164,3.04,3.045,3.03,3.04,70144
165,3.0601,3.08,3.03,3.04,136984
166,3.05,3.08,3.04,3.07,127659
167,3.04,3.065,3.03,3.0564,87611
168,3.06,3.09,3.0401,3.0401,297720
169,3.0437,3.0764,3.04,3.069,127057
170,3.07,3.07,3.04,3.0484,131854
171,3.06,3.09,3.06,3.07,199443
172,3.08,3.085,3.04,3.06,174623
173,3.06,3.0781,3.05,3.075,77401
174,3.03,3.06,3.03,3.06,294389
175,3.05,3.07,3.03,3.0315,207742
176,3.07,3.08,3.04,3.045,66117
177,3.097,3.13,3.08,3.1,211460
178,3.1,3.11,3.08,3.1,88887
179,3.08,3.1,3.06,3.1,87492
180,3.075,3.095,3.06,3.08,79008
181,3.08,3.09,3.0601,3.07,173545
182,3.075,3.08,3.05,3.08,117601
183,3.06,3.085,3.05,3.08,351048
288,3.08,3.08,3.08,3.08,27296
289,3.1098,3.17,3.089,3.09,282728
290,3.099,3.11,3.06,3.11,108940
291,3.095,3.12,3.09,3.09,88447
292,3.115,3.125,3.09,3.09,97963
293,3.07,3.125,3.04,3.12,193878
294,3.1168,3.125,3.06,3.0691,86581
295,3.14,3.145,3.1,3.11,45950
296,3.12,3.15,3.12,3.15,75370
297,3.15,3.16,3.13,3.13,88820
298,3.15,3.155,3.14,3.141,440483
299,3.14,3.155,3.13,3.15,39330
300,3.1357,3.15,3.13,3.13,42738
301,3.1361,3.14,3.12,3.13,18564
302,3.12,3.14,3.12,3.13,35850
303,3.14,3.15,3.12,3.12,38009
304,3.1501,3.165,3.13,3.14,133566
305,3.14,3.17,3.13,3.155,72401
306,3.17,3.17,3.14,3.15,107881
307,3.195,3.24,3.165,3.17,285719
308,3.2,3.23,3.19,3.2,62550
309,3.21,3.21,3.19,3.2,45718
310,3.185,3.2099,3.18,3.2041,43223
311,3.1809,3.2,3.1809,3.185,13816
312,3.19,3.1996,3.18,3.18,35753
313,3.18,3.2,3.18,3.19,26416
314,3.1702,3.19,3.17,3.18,26639
315,3.17,3.19,3.16,3.1791,22781
316,3.19,3.19,3.1601,3.17,28527
317,3.17,3.19,3.16,3.1869,49454
318,3.18,3.18,3.17,3.1799,2149
319,3.1747,3.185,3.1699,3.17,30325
320,3.17,3.18,3.15,3.175,29897
321,3.165,3.19,3.165,3.18,28802
322,3.1801,3.1801,3.16,3.1667,32807
323,3.16,3.18,3.15,3.18,48817
324,3.165,3.17,3.16,3.16,24277
325,3.165,3.17,3.15,3.1647,43585
326,3.175,3.18,3.15,3.17,75830
327,3.16,3.19,3.14,3.18,283818
432,3.2,3.2,3.18,3.19,25271
433,3.1599,3.21,3.15,3.1908,84810
434,3.17,3.1801,3.15,3.16,74005
435,3.18,3.1961,3.16,3.17,52024
436,3.172,3.1948,3.16,3.19,38561
437,3.214,3.2358,3.165,3.18,142283
438,3.1961,3.21,3.19,3.21,82152
439,3.21,3.215,3.18,3.2,51376
440,3.2062,3.215,3.1916,3.21,35269
441,3.18,3.21,3.16,3.2,84311
442,3.21,3.215,3.175,3.175,19414
443,3.21,3.215,3.19,3.2055,63370
444,3.21,3.22,3.2,3.2,35581
445,3.21,3.215,3.1838,3.2059,36511
446,3.2,3.21,3.19,3.21,14926
447,3.17,3.22,3.17,3.19,44236
448,3.16,3.18,3.13,3.17,146405
449,3.16,3.177,3.15,3.17,35169
450,3.16,3.17,3.14,3.1699,37326
451,3.17,3.18,3.16,3.17,9484
452,3.18,3.18,3.1639,3.1639,7731
453,3.17,3.18,3.16,3.175,27863
454,3.15,3.17,3.14,3.1673,36828
455,3.15,3.15,3.14,3.14,7468
456,3.16,3.16,3.14,3.14,17597
457,3.16,3.165,3.15,3.16,8255
458,3.15,3.165,3.15,3.16,14313
459,3.1439,3.155,3.131,3.155,15989
460,3.12,3.15,3.12,3.145,30972
461,3.13,3.15,3.12,3.13,27619
462,3.14,3.141,3.12,3.14,17433
463,3.14,3.15,3.136,3.15,29694
464,3.165,3.165,3.14,3.145,32059
465,3.16,3.16,3.15,3.15,14980
466,3.15,3.169,3.15,3.16,35979
467,3.16,3.16,3.135,3.15,60646
468,3.19,3.19,3.15,3.16,110222
469,3.19,3.2,3.17,3.19,152657
470,3.1925,3.2,3.14,3.19,103016
471,3.14,3.17,3.13,3.16,833059
576,3.14,3.14,3.14,3.14,8195
577,3.16,3.17,3.12,3.14,19415
578,3.16,3.18,3.14,3.16,57570
579,3.2,3.2,3.165,3.165,33202
580,3.185,3.2,3.18,3.2,29102
581,3.17,3.185,3.15,3.185,27511
582,3.16,3.17,3.15,3.16,37704
583,3.18,3.18,3.155,3.155,23253
584,3.1999,3.2,3.17,3.175,34857
585,3.1999,3.21,3.19,3.19,67873
586,3.195,3.21,3.19,3.19,42055
587,3.175,3.2,3.17,3.19,56083
588,3.19,3.19,3.17,3.18,13633
589,3.19,3.21,3.185,3.19,63632
590,3.185,3.2,3.17,3.1905,36272
591,3.19,3.195,3.18,3.185,23655
592,3.195,3.1999,3.185,3.185,30417
593,3.18,3.2,3.175,3.195,48926
594,3.1893,3.19,3.18,3.19,11571
595,3.19,3.19,3.18,3.19,16620
596,3.19,3.19,3.18,3.19,13900
597,3.195,3.2,3.1852,3.19,16174
598,3.19,3.2,3.19,3.2,17100
599,3.19,3.2,3.19,3.1999,4164
600,3.19,3.2,3.19,3.2,38472
601,3.1901,3.2,3.19,3.19,20751
602,3.165,3.2,3.15,3.2,66734
603,3.155,3.17,3.14,3.16,59335
604,3.17,3.17,3.15,3.1517,8262
605,3.15,3.17,3.15,3.165,23949
606,3.14,3.16,3.14,3.15,9826
607,3.155,3.155,3.13,3.14,55433
608,3.16,3.16,3.14,3.15,19701
609,3.14,3.16,3.14,3.16,14661
610,3.1493,3.15,3.14,3.14,7055
611,3.14,3.1498,3.13,3.1498,22197
612,3.14,3.155,3.131,3.15,35041
613,3.15,3.15,3.14,3.145,18836
614,3.14,3.16,3.13,3.15,66470
615,3.12,3.15,3.1,3.14,328859
a1493645400,3.1,3.1,3.1,3.1,26019
1,3.11,3.1347,3.07,3.11,110715
2,3.13,3.15,3.11,3.11,37093
3,3.13,3.14,3.11,3.135,36979
4,3.13,3.14,3.13,3.13,25679
5,3.13,3.145,3.12,3.14,20509
6,3.14,3.15,3.11,3.1201,33543
7,3.13,3.15,3.12,3.14,20619
8,3.13,3.14,3.12,3.13,12370
9,3.13,3.145,3.13,3.135,21492
10,3.12,3.14,3.12,3.1247,5993
11,3.14,3.14,3.12,3.125,13626
12,3.14,3.15,3.135,3.14,10846
13,3.14,3.1499,3.13,3.14,9498
14,3.16,3.17,3.14,3.14,53707
15,3.15,3.1599,3.14,3.1599,15209
16,3.18,3.18,3.1499,3.1499,5432
17,3.17,3.18,3.16,3.17,10293
18,3.17,3.17,3.16,3.1668,13185
19,3.16,3.18,3.16,3.16,19677
20,3.17,3.17,3.16,3.17,1800
21,3.1666,3.175,3.15,3.169,15239
22,3.175,3.18,3.17,3.17,8847
23,3.19,3.19,3.17,3.18,16656
24,3.19,3.19,3.18,3.18,20624
25,3.1805,3.19,3.18,3.19,7000
26,3.18,3.19,3.17,3.185,26802
27,3.18,3.18,3.1701,3.1799,6735
28,3.17,3.19,3.17,3.18,27261
29,3.165,3.17,3.155,3.17,25554
30,3.16,3.18,3.16,3.1671,11431
31,3.165,3.17,3.16,3.16,14673
32,3.18,3.18,3.16,3.17,6310
33,3.17,3.18,3.17,3.175,20582
34,3.17,3.18,3.17,3.17,53676
35,3.17,3.18,3.17,3.17,14656
36,3.18,3.18,3.17,3.1711,20445
37,3.16,3.18,3.16,3.18,49037
38,3.16,3.19,3.16,3.16,95555
39,3.18,3.18,3.16,3.17,80391
144,3.19,3.2,3.19,3.2,8160
145,3.16,3.21,3.16,3.19,33240
146,3.17,3.18,3.15,3.16,40269
147,3.146,3.18,3.14,3.1698,110269
148,3.145,3.15,3.14,3.15,30461
149,3.145,3.15,3.14,3.15,15482
150,3.14,3.155,3.14,3.145,58997
151,3.15,3.15,3.13,3.145,41102
152,3.15,3.15,3.13,3.15,47537
153,3.14,3.15,3.14,3.14,4700
154,3.145,3.15,3.14,3.15,9002
155,3.135,3.15,3.13,3.149,29119
156,3.145,3.15,3.13,3.135,40022
157,3.15,3.15,3.135,3.14,10869
158,3.14,3.155,3.14,3.145,81586
159,3.14,3.15,3.14,3.14,5400
160,3.14,3.15,3.14,3.145,5282
161,3.14,3.15,3.14,3.15,6115
162,3.14,3.15,3.14,3.15,7960
163,3.15,3.15,3.14,3.14,2972
164,3.15,3.15,3.14,3.15,1300
165,3.15,3.15,3.14,3.15,12525
166,3.15,3.15,3.14,3.145,10870
167,3.145,3.15,3.14,3.145,2500
168,3.12,3.15,3.12,3.15,72432
169,3.1102,3.13,3.11,3.12,38554
170,3.115,3.1199,3.11,3.11,16299
171,3.11,3.1199,3.11,3.11,11406
172,3.105,3.11,3.1,3.11,51825
173,3.1199,3.12,3.1,3.1,30779
174,3.125,3.135,3.12,3.12,25428
175,3.1,3.12,3.1,3.12,24739
176,3.09,3.1075,3.09,3.1,23494
177,3.08,3.1,3.075,3.1,48918
178,3.085,3.09,3.08,3.08,6669
179,3.0893,3.0899,3.08,3.085,11821
180,3.075,3.085,3.07,3.08,49918
181,3.08,3.08,3.07,3.07,14799
182,3.08,3.08,3.07,3.08,15630
183,3.08,3.09,3.07,3.075,129678
288,3.07,3.07,3.07,3.07,5277
289,3.0399,3.09,3.02,3.07,139662
290,3.005,3.0301,2.98,3.0301,97643
291,3.0045,3.01,3,3,23482
292,2.98,3.02,2.98,3,63675
293,2.95,2.99,2.95,2.985,40815
294,2.936,2.96,2.925,2.95,96282
295,2.9589,2.97,2.93,2.935,62811
296,2.9487,2.9899,2.94,2.95,81654
297,2.95,2.96,2.94,2.9486,36976
298,2.98,2.99,2.95,2.959,40081
299,3.005,3.01,2.98,2.98,30145
300,3,3.02,3,3.01,38627
301,3.005,3.01,3,3,12428
302,3,3.0099,3,3,11344
303,3.005,3.009,3,3.005,4100
304,3.009,3.02,3,3.0044,17934
305,3,3.01,3,3.005,2200
306,3,3.01,3,3.01,2678
307,3,3.01,2.995,3.005,29743
308,3,3.01,3,3,10371
309,3,3.01,2.99,2.99,21474
310,3,3.005,3,3.005,7285
311,3,3.01,3,3,10618
312,2.99,3.005,2.99,3,20587
313,2.98,2.995,2.98,2.99,12268
314,2.98,2.9897,2.98,2.98,16177
315,2.975,2.99,2.97,2.985,16299
316,2.99,2.99,2.97,2.97,39839
317,2.97,2.995,2.97,2.9907,17299
318,2.96,2.9766,2.96,2.97,14868
319,2.96,2.969,2.96,2.96,17260
320,2.96,2.9699,2.96,2.9642,16325
321,2.965,2.9699,2.96,2.965,8672
322,2.975,2.98,2.96,2.96,42759
323,2.98,2.98,2.97,2.97,13820
324,2.985,2.99,2.9799,2.98,15868
325,3.005,3.01,2.98,2.99,41875
326,3.005,3.01,3,3.01,23980
327,3,3.01,2.98,3,93320
432,3,3,3,3,6359
433,3.0604,3.0604,2.99,3.0252,80711
434,3.111,3.13,3.05,3.06,235878
435,3.09,3.1147,3.07,3.1147,183474
436,3.1,3.11,3.08,3.09,35225
437,3.1,3.11,3.09,3.1,66289
438,3.1,3.1299,3.09,3.1,189879
439,3.085,3.1,3.08,3.1,36833
440,3.1,3.11,3.08,3.085,36664
441,3.095,3.11,3.09,3.1,38425
442,3.08,3.0999,3.08,3.095,14173
443,3.08,3.09,3.08,3.08,8600
444,3.05,3.09,3.04,3.09,100853
445,3.036,3.06,3.015,3.045,74610
446,3.03,3.05,3.03,3.04,33834
447,3.045,3.05,3.03,3.0376,12694
448,3.03,3.06,3.03,3.045,44180
449,3.02,3.0367,3.01,3.0325,33214
450,3.0399,3.04,3.01,3.02,39503
451,3.05,3.06,3.03,3.035,18270
452,3.045,3.07,3.045,3.0599,41904
453,3.05,3.05,3.04,3.045,12450
454,3.04,3.055,3.04,3.05,7390
455,3.06,3.06,3.04,3.05,8976
456,3.06,3.065,3.05,3.0599,9900
457,3.07,3.07,3.05,3.06,8088
458,3.07,3.07,3.06,3.07,24370
459,3.07,3.07,3.06,3.0699,14187
460,3.07,3.07,3.06,3.07,28495
461,3.045,3.07,3.04,3.07,41054
462,3.04,3.04,3.02,3.04,25359
463,3.031,3.055,3.031,3.04,20757
464,3.0366,3.04,3.02,3.03,15050
465,3.05,3.05,3.04,3.04,18100
466,3.05,3.05,3.04,3.0499,6000
467,3.035,3.055,3.03,3.05,63222
468,3.02,3.04,3.01,3.035,33991
469,3.025,3.03,3.02,3.02,20201
470,3.025,3.04,3.02,3.03,46394
471,3.03,3.04,3.02,3.02,41216
576,3.06,3.06,3.06,3.06,4632
577,3.07,3.07,3.04,3.0501,47032
578,3.06,3.07,3.05,3.07,32390
579,3.07,3.07,3.05,3.05,28410
580,3.07,3.07,3.05,3.06,112682
581,3.01,3.065,3.01,3.06,95612
582,3.02,3.03,3,3.0099,16254
583,3.02,3.025,3.01,3.02,7130
584,2.99,3.015,2.99,3.01,47933
585,2.97,3,2.97,2.99,43911
586,2.9991,3,2.97,2.975,12403
587,2.995,3.01,2.99,3,14515
588,2.99,2.9991,2.99,2.995,11357
589,2.975,2.995,2.97,2.995,14616
590,2.9791,2.9799,2.97,2.975,7100
591,3.005,3.005,2.9748,2.9748,22367
592,2.995,3.01,2.99,3.005,14128
593,3.0099,3.0099,2.99,3,7768
594,3.005,3.01,3,3.005,15036
595,3.005,3.01,3,3.005,1700
596,2.98,3.01,2.98,3.01,17641
597,3.005,3.005,2.98,2.98,13709
598,2.995,3.01,2.98,2.995,26747
599,3.01,3.01,2.99,2.99,4400
600,3,3.01,2.99,3.01,23750
601,2.99,3.005,2.99,2.99,21124
602,2.99,3,2.99,2.995,3809
603,2.99,3,2.99,2.99,6800
604,2.995,3,2.99,2.995,13797
605,2.995,3,2.99,2.99,21863
606,2.98,3,2.98,3,17928
607,2.97,2.98,2.97,2.98,18628
608,2.97,2.98,2.96,2.9779,29703
609,2.98,2.99,2.97,2.975,19072
610,2.97,2.985,2.97,2.98,17022
611,2.975,2.98,2.97,2.97,11400
612,2.985,2.99,2.975,2.98,29099
613,3,3,2.985,2.99,16321
614,3,3.01,2.99,3,48477
615,2.99,3.01,2.99,3.01,139336
a1494250200,3.01,3.01,3.01,3.01,7772
1,2.99,2.9955,2.99,2.9932,20188
2,2.99,2.99,2.96,2.9801,34451
3,2.99,3.01,2.9804,2.9855,25925
4,2.98,2.99,2.98,2.99,10274
5,2.99,2.99,2.98,2.985,4609
6,2.96,2.99,2.96,2.98,14330
7,2.97,2.97,2.96,2.965,18490
8,2.97,2.97,2.96,2.97,6135
9,2.97,2.97,2.96,2.97,9064
10,2.95,2.97,2.95,2.97,41165
11,2.96,2.96,2.93,2.95,54797
12,2.96,2.97,2.95,2.9599,38133
13,2.96,2.965,2.95,2.96,8200
14,2.95,2.96,2.95,2.96,14112
15,2.93,2.96,2.93,2.95,21475
16,2.92,2.94,2.92,2.94,41107
17,2.9392,2.94,2.92,2.92,16615
18,2.93,2.95,2.93,2.94,13494
19,2.94,2.94,2.93,2.94,11533
20,2.94,2.95,2.94,2.94,9744
21,2.95,2.95,2.94,2.94,19274
22,2.9487,2.96,2.94,2.95,14803
23,2.95,2.95,2.94,2.946,5550
24,2.96,2.96,2.945,2.95,11020
25,2.9501,2.965,2.95,2.96,8501
26,2.96,2.97,2.95,2.955,5292
27,2.9645,2.97,2.94,2.96,14979
28,2.97,2.97,2.95,2.95,5000
29,2.95,2.97,2.95,2.965,5220
30,2.945,2.96,2.94,2.95,31843
31,2.9301,2.945,2.93,2.945,38229
32,2.95,2.95,2.93,2.93,36453
33,2.96,2.96,2.945,2.95,12105
34,2.96,2.96,2.951,2.96,9021
35,2.94,2.96,2.94,2.96,24649
36,2.93,2.9493,2.93,2.945,21039
37,2.9167,2.94,2.91,2.935,86434
38,2.91,2.92,2.91,2.915,30601
39,2.9,2.92,2.9,2.915,286800
144,2.92,2.92,2.92,2.92,17678
145,2.91,2.95,2.9,2.9,103694
146,2.92,2.92,2.88,2.91,50197
147,2.89,2.9188,2.89,2.91,42019
148,2.8352,2.9,2.83,2.8999,90651
149,2.83,2.85,2.82,2.84,68019
150,2.85,2.85,2.8234,2.83,35148
151,2.8899,2.89,2.845,2.85,91256
152,2.9,2.905,2.885,2.89,51757
153,2.9,2.9,2.8901,2.9,28799
154,2.9,2.905,2.89,2.9,35910
155,2.9,2.905,2.89,2.9,19938
156,2.855,2.9,2.85,2.89,37480
157,2.8416,2.86,2.83,2.855,31954
158,2.87,2.87,2.845,2.845,10350
159,2.803,2.865,2.8,2.86,110142
160,2.8042,2.81,2.78,2.8,83027
161,2.84,2.85,2.805,2.805,40134
162,2.845,2.865,2.8437,2.85,31668
163,2.87,2.87,2.84,2.85,39876
164,2.86,2.88,2.86,2.87,18968
165,2.85,2.87,2.85,2.865,63984
166,2.8434,2.855,2.84,2.855,8810
167,2.865,2.87,2.84,2.85,37741
168,2.86,2.87,2.84,2.855,7808
169,2.855,2.865,2.85,2.86,10340
170,2.835,2.86,2.83,2.855,25937
171,2.85,2.865,2.8348,2.8348,21081
172,2.84,2.86,2.84,2.86,12562
173,2.815,2.845,2.81,2.84,59763
174,2.83,2.83,2.815,2.8199,31619
175,2.83,2.83,2.82,2.83,10270
176,2.815,2.83,2.81,2.825,28948
177,2.81,2.82,2.8,2.81,52129
178,2.81,2.81,2.8,2.8,20615
179,2.805,2.82,2.8,2.805,29568
180,2.79,2.81,2.79,2.8,60649
181,2.7507,2.795,2.75,2.79,102156
182,2.78,2.79,2.74,2.75,118634
183,2.79,2.8,2.77,2.785,198553
288,2.75,2.75,2.75,2.75,10687
289,2.7109,2.775,2.7,2.749,172413
290,2.6463,2.72,2.63,2.7109,263089
291,2.69,2.69,2.63,2.65,89403
292,2.7259,2.73,2.675,2.6834,78458
293,2.74,2.74,2.72,2.73,38166
294,2.73,2.735,2.72,2.73,29452
295,2.73,2.74,2.72,2.73,18342
296,2.73,2.73,2.72,2.73,20205
297,2.71,2.74,2.71,2.725,29609
298,2.7,2.715,2.68,2.7101,76461
299,2.715,2.72,2.7,2.7,9500
300,2.69,2.7166,2.68,2.71,38800
301,2.69,2.705,2.68,2.6951,25810
302,2.7,2.7,2.68,2.69,9281
303,2.67,2.7,2.67,2.69,28166
304,2.66,2.68,2.66,2.6741,19963
305,2.675,2.68,2.66,2.66,33694
306,2.67,2.675,2.67,2.675,5450
307,2.675,2.68,2.66,2.675,31186
308,2.66,2.675,2.66,2.675,17365
309,2.68,2.68,2.66,2.665,94378
310,2.7,2.7,2.6793,2.68,57156
311,2.7,2.71,2.69,2.695,20300
312,2.705,2.71,2.7,2.705,5644
313,2.7099,2.71,2.7,2.705,19953
314,2.705,2.71,2.7,2.71,5500
315,2.695,2.7099,2.685,2.7099,21965
316,2.71,2.71,2.685,2.691,43168
317,2.7173,2.72,2.7,2.705,38665
318,2.725,2.735,2.719,2.72,27337
319,2.72,2.725,2.71,2.72,11351
320,2.71,2.73,2.71,2.72,24043
321,2.71,2.719,2.71,2.71,5700
322,2.73,2.73,2.71,2.71,18461
323,2.73,2.74,2.72,2.72,20617
324,2.71,2.74,2.71,2.735,33002
325,2.715,2.72,2.7,2.71,30790
326,2.72,2.73,2.71,2.71,48418
327,2.71,2.72,2.7,2.715,84582
432,2.68,2.68,2.68,2.68,11815
433,2.695,2.71,2.67,2.67,38262
434,2.69,2.7,2.68,2.7,25067
435,2.7,2.7,2.68,2.68,5547
436,2.6899,2.7,2.68,2.6992,25241
437,2.69,2.69,2.68,2.685,20510
438,2.7,2.71,2.685,2.69,26450
439,2.6999,2.705,2.685,2.69,69423
440,2.7,2.71,2.69,2.7,70617
441,2.7,2.7,2.691,2.7,7800
442,2.715,2.745,2.695,2.7,100613
443,2.73,2.74,2.71,2.71,26654
444,2.7199,2.73,2.71,2.7299,50216
445,2.715,2.72,2.71,2.715,19587
446,2.72,2.725,2.71,2.71,32965
447,2.71,2.72,2.71,2.715,14050
448,2.71,2.72,2.71,2.715,5300
449,2.715,2.72,2.7,2.7101,32439
450,2.71,2.72,2.71,2.71,4832
451,2.7,2.72,2.7,2.71,8211
452,2.695,2.71,2.69,2.71,12149
453,2.705,2.71,2.69,2.69,14650
454,2.7,2.71,2.69,2.71,16925
455,2.7,2.71,2.69,2.69,47538
456,2.695,2.7,2.68,2.69,31116
457,2.7,2.7,2.69,2.69,15370
458,2.7,2.705,2.69,2.7,26626
459,2.72,2.72,2.69,2.7,37136
460,2.71,2.721,2.71,2.7159,36047
461,2.72,2.72,2.71,2.71,12100
462,2.71,2.72,2.71,2.71,15169
463,2.7,2.72,2.7,2.715,52581
464,2.7,2.71,2.7,2.7,12700
465,2.7,2.71,2.7,2.7,8700
466,2.695,2.71,2.69,2.7,18050
467,2.695,2.7,2.69,2.69,15749
468,2.69,2.7,2.69,2.69,10900
469,2.7,2.7,2.69,2.695,14163
470,2.7,2.7,2.69,2.695,24960
471,2.68,2.7,2.68,2.695,113950
576,2.69,2.7,2.69,2.7,21150
577,2.67,2.72,2.67,2.71,32277
578,2.67,2.685,2.67,2.68,13586
579,2.68,2.68,2.67,2.67,23636
580,2.68,2.68,2.67,2.67,16290
581,2.67,2.675,2.67,2.67,4780
582,2.67,2.68,2.67,2.68,35500
583,2.6636,2.6735,2.65,2.6735,65302
584,2.665,2.67,2.66,2.664,5209
585,2.65,2.67,2.65,2.6601,17175
586,2.655,2.66,2.65,2.65,20660
587,2.655,2.66,2.65,2.66,15243
588,2.655,2.66,2.65,2.6588,21324
589,2.68,2.68,2.65,2.66,38485
590,2.67,2.6899,2.67,2.68,21205
591,2.675,2.68,2.67,2.67,4925
592,2.6701,2.675,2.66,2.67,16451
593,2.675,2.68,2.67,2.67,6565
594,2.67,2.68,2.67,2.67,12782
595,2.675,2.6799,2.67,2.675,5667
596,2.67,2.68,2.67,2.67,4952
597,2.675,2.68,2.67,2.675,3300
598,2.67,2.68,2.67,2.67,3980
599,2.6701,2.6799,2.67,2.675,2127
600,2.67,2.68,2.67,2.67,2875
601,2.67,2.68,2.67,2.67,3964
602,2.675,2.6799,2.67,2.6799,6500
603,2.67,2.675,2.67,2.67,1986
604,2.67,2.68,2.67,2.67,2600
605,2.67,2.68,2.67,2.67,7600
606,2.67,2.68,2.67,2.6775,16092
607,2.67,2.68,2.67,2.67,5420
608,2.68,2.68,2.67,2.67,2795
609,2.67,2.68,2.67,2.675,19141
610,2.68,2.68,2.67,2.67,16512
611,2.67,2.68,2.67,2.67,12356
612,2.67,2.68,2.67,2.67,6600
613,2.675,2.68,2.67,2.67,4940
614,2.675,2.68,2.67,2.675,10150
615,2.67,2.68,2.66,2.679,182724
a1494855000,2.67,2.67,2.67,2.67,7052
1,2.68,2.7,2.66,2.67,91898
2,2.7,2.72,2.68,2.68,17654
3,2.73,2.74,2.7,2.705,62172
4,2.7,2.73,2.69,2.72,23973
5,2.69,2.705,2.69,2.6925,39293
6,2.685,2.69,2.67,2.69,55574
7,2.7,2.7,2.685,2.685,11096
8,2.7,2.7,2.69,2.695,20651
9,2.7,2.705,2.69,2.69,45494
10,2.695,2.705,2.69,2.6951,35182
11,2.7,2.7,2.69,2.695,3113
12,2.69,2.7,2.69,2.6948,3732
13,2.7,2.7,2.69,2.7,9850
14,2.695,2.7,2.69,2.695,25996
15,2.685,2.6965,2.68,2.6949,22780
16,2.6899,2.69,2.68,2.682,8900
17,2.685,2.69,2.68,2.68,6574
18,2.68,2.69,2.68,2.685,6180
19,2.675,2.69,2.675,2.685,10510
20,2.67,2.68,2.67,2.6751,8150
21,2.68,2.68,2.67,2.675,14070
22,2.67,2.68,2.67,2.67,4301
23,2.675,2.68,2.67,2.6799,4600
24,2.68,2.68,2.67,2.67,5328
25,2.675,2.68,2.67,2.67,2500
26,2.68,2.68,2.67,2.679,4457
27,2.67,2.68,2.67,2.6758,8104
28,2.675,2.68,2.67,2.67,1800
29,2.66,2.68,2.66,2.68,25661
30,2.6516,2.66,2.65,2.66,10489
31,2.6549,2.66,2.65,2.65,6698
32,2.65,2.66,2.65,2.65,3158
33,2.66,2.66,2.65,2.66,14240
34,2.65,2.66,2.65,2.65,3500
35,2.66,2.66,2.65,2.66,26050
36,2.65,2.66,2.65,2.66,1900
37,2.6323,2.66,2.63,2.65,52950
38,2.63,2.6428,2.62,2.63,126483
39,2.62,2.64,2.62,2.625,82372
144,2.65,2.65,2.65,2.65,18499
145,2.635,2.67,2.63,2.66,68393
146,2.65,2.6699,2.63,2.637,47731
147,2.655,2.6696,2.65,2.65,27908
148,2.64,2.675,2.64,2.65,30480
149,2.645,2.65,2.64,2.64,10535
150,2.64,2.65,2.6306,2.64,30761
151,2.64,2.66,2.64,2.64,12232
152,2.66,2.67,2.64,2.64,23320
153,2.65,2.66,2.65,2.65,12590
154,2.69,2.69,2.64,2.655,33013
155,2.665,2.685,2.66,2.68,48800
156,2.67,2.675,2.66,2.66,13300
157,2.68,2.685,2.67,2.675,17207
158,2.69,2.69,2.68,2.6855,9196
159,2.685,2.69,2.68,2.685,13345
160,2.68,2.69,2.68,2.68,10800
161,2.69,2.71,2.68,2.68,37812
162,2.69,2.7,2.69,2.69,10200
163,2.69,2.7,2.69,2.69,16100
164,2.7,2.71,2.69,2.695,33223
165,2.69,2.7,2.69,2.695,16566
166,2.685,2.7,2.68,2.695,16793
167,2.7,2.7,2.68,2.69,12479
168,2.695,2.7,2.69,2.69,19450
169,2.695,2.7,2.69,2.695,14858
170,2.685,2.7,2.68,2.69,19804
171,2.685,2.69,2.68,2.68,7800
172,2.685,2.69,2.68,2.68,10038
173,2.69,2.69,2.68,2.685,15600
174,2.685,2.69,2.68,2.68,7550
175,2.68,2.69,2.68,2.685,8800
176,2.68,2.69,2.68,2.685,11400
177,2.68,2.69,2.68,2.68,6700
178,2.68,2.69,2.68,2.68,28546
179,2.7,2.7,2.68,2.68,11025
180,2.695,2.7,2.69,2.695,16414
181,2.7,2.7,2.69,2.69,16743
182,2.69,2.7,2.69,2.7,54247
183,2.7,2.7,2.69,2.69,110965
288,2.69,2.69,2.69,2.69,23187
289,2.66,2.6992,2.65,2.6992,26996
290,2.62,2.66,2.62,2.65,28067
291,2.6,2.6208,2.6,2.62,43655
292,2.63,2.63,2.6,2.6,33804
293,2.615,2.65,2.61,2.63,88967
294,2.6,2.62,2.6,2.61,33435
295,2.605,2.61,2.59,2.6,55577
296,2.599,2.62,2.599,2.605,29187
297,2.595,2.6,2.57,2.59,73090
298,2.6,2.605,2.58,2.595,63342
299,2.59,2.61,2.59,2.6,14414
300,2.6,2.6,2.59,2.59,33005
301,2.5975,2.6,2.59,2.6,35809
302,2.62,2.63,2.59,2.6,38112
303,2.63,2.645,2.615,2.62,44661
304,2.63,2.65,2.62,2.63,34769
305,2.62,2.63,2.62,2.63,11173
306,2.62,2.63,2.62,2.62,14600
307,2.62,2.63,2.62,2.62,26200
308,2.62,2.625,2.62,2.625,7500
309,2.63,2.63,2.62,2.62,18000
310,2.62,2.625,2.61,2.625,16652
311,2.62,2.6251,2.61,2.62,29552
312,2.61,2.625,2.61,2.62,51900
313,2.61,2.615,2.6,2.61,27938
314,2.61,2.62,2.6,2.61,21300
315,2.605,2.61,2.6,2.61,22778
316,2.61,2.62,2.6,2.605,24097
317,2.61,2.615,2.6,2.61,31498
318,2.6,2.61,2.59,2.61,45990
319,2.6,2.61,2.59,2.605,77998
320,2.5701,2.6,2.57,2.595,62110
321,2.58,2.59,2.57,2.57,22015
322,2.58,2.6,2.58,2.58,32002
323,2.58,2.59,2.58,2.585,9119
324,2.58,2.6,2.58,2.58,56248
325,2.58,2.5899,2.58,2.589,30740
326,2.57,2.585,2.56,2.58,83560
327,2.56,2.571,2.56,2.571,134575
432,2.57,2.57,2.57,2.57,8994
433,2.6,2.6,2.54,2.57,62761
434,2.59,2.6,2.57,2.6,55692
435,2.61,2.62,2.58,2.5837,57031
436,2.61,2.62,2.5925,2.61,68514
437,2.62,2.62,2.605,2.605,11391
438,2.6,2.62,2.59,2.62,47410
439,2.6,2.61,2.59,2.595,11275
440,2.59,2.5999,2.59,2.5918,25581
441,2.585,2.595,2.58,2.593,3793
442,2.59,2.59,2.58,2.59,7739
443,2.585,2.6,2.58,2.6,8252
444,2.58,2.59,2.58,2.58,13000
445,2.585,2.59,2.58,2.58,2000
446,2.575,2.585,2.57,2.58,16992
447,2.575,2.585,2.57,2.58,21317
448,2.56,2.58,2.56,2.58,25106
449,2.55,2.57,2.55,2.57,17525
450,2.55,2.57,2.55,2.56,16000
451,2.55,2.56,2.55,2.55,12941
452,2.56,2.56,2.55,2.56,36800
453,2.5545,2.56,2.55,2.56,15402
454,2.56,2.57,2.55,2.55,22950
455,2.56,2.57,2.555,2.57,21538
456,2.57,2.58,2.56,2.57,28398
457,2.57,2.58,2.56,2.5778,7130
458,2.5887,2.59,2.561,2.565,8695
459,2.585,2.59,2.57,2.585,9249
460,2.59,2.59,2.58,2.59,4834
461,2.58,2.6,2.58,2.59,14551
462,2.59,2.59,2.58,2.585,9429
463,2.5825,2.6,2.58,2.58,19600
464,2.59,2.6,2.5899,2.5899,18631
465,2.58,2.59,2.58,2.58,21549
466,2.6,2.6,2.58,2.58,6734
467,2.6,2.6,2.59,2.6,7021
468,2.585,2.6,2.58,2.6,35026
469,2.59,2.59,2.57,2.58,22531
470,2.58,2.585,2.57,2.58,92190
471,2.57,2.59,2.57,2.58,79708
576,2.65,2.65,2.6,2.6,19447
577,2.59,2.62,2.57,2.62,35899
578,2.59,2.61,2.59,2.6,19477
579,2.6,2.6,2.59,2.5999,11965
580,2.59,2.6,2.58,2.5995,39292
581,2.59,2.59,2.58,2.58,3100
582,2.58,2.59,2.57,2.5801,20402
583,2.59,2.595,2.58,2.59,12590
584,2.59,2.59,2.58,2.59,12917
585,2.582,2.6,2.58,2.59,17130
586,2.59,2.59,2.58,2.585,2200
587,2.6,2.6,2.58,2.59,56630
588,2.6,2.6,2.59,2.6,11974
589,2.61,2.61,2.59,2.595,30490
590,2.61,2.61,2.6,2.61,13109
591,2.62,2.62,2.6,2.61,9591
592,2.62,2.62,2.61,2.62,30437
593,2.62,2.62,2.61,2.61,3454
594,2.615,2.62,2.61,2.61,7110
595,2.62,2.62,2.61,2.615,5438
596,2.62,2.62,2.61,2.615,4246
597,2.62,2.62,2.61,2.61,24296
598,2.615,2.62,2.61,2.62,6052
599,2.615,2.62,2.61,2.615,2446
600,2.615,2.62,2.61,2.61,5360
601,2.6,2.62,2.6,2.61,23486
602,2.595,2.6,2.59,2.6,14653
603,2.6,2.6,2.585,2.59,8980
604,2.59,2.6,2.58,2.5986,10066
605,2.58,2.59,2.58,2.58,7000
606,2.585,2.59,2.57,2.58,33611
607,2.585,2.59,2.58,2.58,3100
608,2.58,2.59,2.58,2.59,5510
609,2.58,2.59,2.57,2.59,43182
610,2.58,2.59,2.575,2.58,16412
611,2.585,2.595,2.575,2.58,46757
612,2.57,2.59,2.57,2.58,25854
613,2.57,2.58,2.57,2.57,3892
614,2.58,2.58,2.57,2.575,11756
615,2.58,2.58,2.57,2.575,64643
a1495459800,2.57,2.57,2.57,2.57,16038
1,2.55,2.58,2.55,2.57,35157
2,2.5526,2.56,2.55,2.55,22398
3,2.5419,2.5501,2.53,2.55,22614
4,2.5466,2.55,2.54,2.55,23675
5,2.5666,2.5666,2.55,2.55,16062
6,2.54,2.57,2.54,2.565,17164
7,2.535,2.5462,2.53,2.545,18511
8,2.52,2.535,2.52,2.535,11827
9,2.495,2.525,2.49,2.52,74967
10,2.5,2.51,2.49,2.4998,70682
11,2.49,2.5098,2.49,2.5,21482
12,2.49,2.4999,2.49,2.49,14615
13,2.495,2.4998,2.49,2.49,34848
14,2.5,2.5,2.49,2.495,22870
15,2.4925,2.5,2.49,2.4925,7700
16,2.4952,2.5,2.49,2.495,21298
17,2.5,2.5,2.4925,2.4925,16508
18,2.5,2.505,2.49,2.495,65478
19,2.49,2.5,2.49,2.49,16007
20,2.49,2.5,2.48,2.49,55627
21,2.495,2.5,2.49,2.4966,14613
22,2.49,2.5,2.48,2.49,35468
23,2.48,2.49,2.48,2.48,26370
24,2.475,2.4899,2.47,2.48,65764
25,2.44,2.48,2.44,2.475,196941
26,2.42,2.45,2.42,2.44,74605
27,2.449,2.46,2.42,2.42,149620
28,2.4663,2.47,2.44,2.4402,44615
29,2.46,2.47,2.46,2.465,18049
30,2.47,2.47,2.46,2.46,16302
31,2.465,2.47,2.46,2.465,7040
32,2.46,2.4677,2.45,2.46,29655
33,2.465,2.47,2.46,2.46,15130
34,2.455,2.47,2.45,2.46,40818
35,2.46,2.46,2.45,2.455,16575
36,2.46,2.46,2.45,2.45,34105
37,2.46,2.48,2.455,2.455,59057
38,2.465,2.47,2.46,2.46,23518
39,2.45,2.47,2.45,2.47,99842
144,2.45,2.45,2.45,2.45,7825
145,2.45,2.485,2.44,2.4824,41883
146,2.45,2.47,2.45,2.46,22900
147,2.47,2.47,2.45,2.46,23801
148,2.49,2.49,2.47,2.47,18100
149,2.48,2.5,2.48,2.49,38836
150,2.485,2.49,2.48,2.48,9100
151,2.4599,2.49,2.45,2.4899,52078
152,2.45,2.46,2.45,2.45,4522
153,2.47,2.47,2.45,2.45,22705
154,2.48,2.48,2.4648,2.4666,9728
155,2.475,2.48,2.47,2.48,3200
156,2.475,2.48,2.47,2.48,3865
157,2.495,2.5,2.47,2.4705,22358
158,2.5,2.5,2.4866,2.49,21493
159,2.495,2.5,2.49,2.4939,8300
160,2.5,2.52,2.49,2.49,36197
161,2.5116,2.52,2.5,2.5066,24912
162,2.505,2.52,2.5,2.515,35680
163,2.52,2.53,2.5,2.51,28904
164,2.51,2.53,2.51,2.53,10400
165,2.52,2.52,2.51,2.52,5641
166,2.5099,2.52,2.5,2.515,15803
167,2.5053,2.51,2.5,2.5063,19400
168,2.5266,2.53,2.505,2.509,32036
169,2.51,2.53,2.51,2.53,4612
170,2.515,2.52,2.51,2.5177,17300
171,2.515,2.52,2.51,2.51,2750
172,2.505,2.52,2.49,2.515,21573
173,2.5099,2.51,2.5,2.505,3531
174,2.505,2.51,2.5,2.5,16800
175,2.52,2.52,2.5,2.5099,16436
176,2.54,2.54,2.5166,2.52,16051
177,2.5307,2.54,2.52,2.54,21351
178,2.54,2.54,2.52,2.535,17257
179,2.5466,2.55,2.53,2.53,16963
180,2.5366,2.55,2.53,2.55,18041
181,2.54,2.54,2.53,2.54,15266
182,2.535,2.54,2.52,2.535,51382
183,2.53,2.55,2.53,2.535,113574
288,2.58,2.58,2.55,2.55,6450
289,2.51,2.58,2.51,2.58,9448
290,2.4697,2.52,2.46,2.51,65549
291,2.48,2.48,2.46,2.46,57337
292,2.4801,2.49,2.47,2.49,27433
293,2.5,2.5,2.485,2.485,12003
294,2.5024,2.52,2.5,2.5,20573
295,2.52,2.525,2.5,2.505,26751
296,2.535,2.545,2.51,2.52,23981
297,2.535,2.54,2.535,2.54,5600
298,2.5284,2.535,2.52,2.53,11253
299,2.535,2.535,2.52,2.53,12008
300,2.52,2.54,2.52,2.53,26240
301,2.54,2.54,2.52,2.53,8529
302,2.56,2.56,2.53,2.54,16253
303,2.535,2.56,2.525,2.56,12568
304,2.54,2.54,2.53,2.54,4700
305,2.54,2.54,2.5301,2.54,7100
306,2.545,2.56,2.54,2.54,24334
307,2.54,2.545,2.54,2.545,3406
308,2.55,2.55,2.545,2.545,2000
309,2.545,2.55,2.54,2.55,4300
310,2.55,2.55,2.54,2.545,3460
311,2.545,2.55,2.54,2.55,6300
312,2.55,2.55,2.54,2.55,7652
313,2.545,2.55,2.54,2.5466,6400
314,2.545,2.55,2.54,2.545,4600
315,2.56,2.56,2.545,2.545,11765
316,2.535,2.56,2.53,2.56,22223
317,2.545,2.55,2.535,2.535,10095
318,2.545,2.5499,2.54,2.54,4215
319,2.545,2.55,2.54,2.545,3800
320,2.545,2.55,2.54,2.55,3700
321,2.545,2.55,2.54,2.55,6759
322,2.55,2.55,2.54,2.55,6500
323,2.55,2.55,2.54,2.55,12771
324,2.56,2.56,2.55,2.55,19063
325,2.555,2.56,2.55,2.56,8100
326,2.54,2.56,2.54,2.56,47924
327,2.55,2.55,2.54,2.54,67769
432,2.55,2.55,2.55,2.55,2434
433,2.53,2.58,2.53,2.58,13299
434,2.52,2.53,2.51,2.53,9718
435,2.545,2.55,2.52,2.53,21482
436,2.5499,2.55,2.53,2.5466,9500
437,2.5395,2.545,2.5395,2.5424,10189
438,2.53,2.535,2.525,2.535,1400
439,2.535,2.54,2.53,2.53,9758
440,2.545,2.55,2.54,2.54,4700
441,2.545,2.55,2.545,2.5461,1850
442,2.53,2.55,2.53,2.545,9100
443,2.52,2.535,2.52,2.5301,8550
444,2.535,2.54,2.52,2.53,26050
445,2.525,2.5374,2.52,2.53,23687
446,2.5295,2.5295,2.52,2.525,7250
447,2.5299,2.53,2.52,2.5299,9265
448,2.52,2.53,2.52,2.525,4803
449,2.525,2.53,2.52,2.52,17700
450,2.535,2.54,2.52,2.525,17975
451,2.535,2.54,2.53,2.535,2400
452,2.525,2.54,2.525,2.535,10515
453,2.52,2.529,2.52,2.525,2530
454,2.49,2.52,2.49,2.52,76721
455,2.49,2.5,2.49,2.495,21645
456,2.495,2.5,2.49,2.49,7647
457,2.505,2.52,2.49,2.5,34793
458,2.52,2.52,2.5,2.5052,4213
459,2.5205,2.53,2.515,2.52,10900
460,2.53,2.53,2.523,2.525,7700
461,2.5238,2.53,2.52,2.53,9452
462,2.535,2.54,2.52,2.525,7699
463,2.525,2.54,2.52,2.535,15625
464,2.525,2.53,2.52,2.52,4600
465,2.54,2.54,2.52,2.52,19854
466,2.535,2.54,2.53,2.535,6307
467,2.54,2.54,2.53,2.535,9100
468,2.54,2.545,2.53,2.54,15248
469,2.54,2.54,2.53,2.54,10100
470,2.53,2.545,2.53,2.54,31229
471,2.55,2.55,2.52,2.53,54668
576,2.55,2.55,2.55,2.55,5954
577,2.525,2.555,2.51,2.55,14337
578,2.5172,2.53,2.51,2.52,31637
579,2.5153,2.525,2.51,2.52,6645
580,2.505,2.52,2.5,2.51,21035
581,2.5,2.5072,2.5,2.505,6795
582,2.51,2.51,2.48,2.5,53767
583,2.5,2.52,2.5,2.5001,29941
584,2.5,2.509,2.5,2.5,6757
585,2.51,2.51,2.5,2.5,3300
586,2.51,2.51,2.5,2.505,4400
587,2.5023,2.51,2.5,2.51,3990
588,2.5,2.5057,2.5,2.505,6600
589,2.5,2.51,2.5,2.5,9156
590,2.505,2.51,2.5,2.5,12600
591,2.52,2.52,2.51,2.51,8820
592,2.52,2.52,2.51,2.52,7284
593,2.53,2.53,2.51,2.51,11800
594,2.535,2.54,2.525,2.53,12926
595,2.52,2.53,2.52,2.53,9283
596,2.52,2.525,2.51,2.52,14448
597,2.52,2.53,2.52,2.52,7431
598,2.51,2.53,2.51,2.53,4700
599,2.51,2.52,2.51,2.515,8300
600,2.51,2.52,2.51,2.51,1900
601,2.515,2.52,2.51,2.51,6627
602,2.52,2.52,2.51,2.51,6053
603,2.52,2.52,2.51,2.51,5400
604,2.52,2.52,2.51,2.515,3000
605,2.515,2.52,2.5,2.51,16033
606,2.5,2.515,2.5,2.515,11970
607,2.5,2.51,2.5,2.5,3700
608,2.5,2.51,2.5,2.5,7536
609,2.5,2.505,2.5,2.5033,4297
610,2.5,2.51,2.5,2.5,14471
611,2.5,2.505,2.5,2.5,5000
612,2.505,2.51,2.5,2.5,8170
613,2.5,2.505,2.5,2.5,8986
614,2.505,2.51,2.49,2.5,91469
615,2.51,2.51,2.5,2.505,135235
a1496151000,2.5,2.5,2.5,2.5,6356
1,2.4842,2.51,2.47,2.51,11061
2,2.46,2.485,2.45,2.48,14579
3,2.455,2.47,2.45,2.451,14500
4,2.43,2.456,2.43,2.455,16270
5,2.4384,2.44,2.4201,2.4335,41928
6,2.425,2.46,2.42,2.4395,72589
7,2.4276,2.4299,2.42,2.425,23465
8,2.43,2.43,2.42,2.42,20341
9,2.42,2.43,2.42,2.43,31723
10,2.425,2.43,2.42,2.429,8100
11,2.425,2.43,2.42,2.42,10166
12,2.4201,2.43,2.42,2.4261,26102
13,2.4,2.43,2.4,2.425,43921
14,2.4,2.42,2.4,2.4037,47521
15,2.399,2.4,2.38,2.4,37506
16,2.415,2.4165,2.38,2.39,61328
17,2.41,2.42,2.41,2.415,6179
18,2.4165,2.42,2.41,2.41,7448
19,2.425,2.43,2.41,2.42,31493
20,2.43,2.43,2.42,2.425,7845
21,2.42,2.43,2.42,2.4205,3400
22,2.42,2.43,2.42,2.425,3473
23,2.42,2.43,2.42,2.42,14980
24,2.42,2.43,2.42,2.425,20300
25,2.42,2.4299,2.42,2.4231,5396
26,2.42,2.42,2.41,2.42,17690
27,2.405,2.415,2.4,2.41,9221
28,2.42,2.42,2.4,2.4,14471
29,2.4199,2.42,2.41,2.415,36799
30,2.4138,2.42,2.41,2.41,17186
31,2.41,2.42,2.41,2.415,5026
32,2.41,2.42,2.41,2.41,4861
33,2.415,2.42,2.41,2.42,4048
34,2.415,2.42,2.41,2.415,6118
35,2.425,2.425,2.41,2.41,12495
36,2.425,2.435,2.42,2.43,17231
37,2.44,2.45,2.42,2.425,39722
38,2.44,2.455,2.44,2.44,46596
39,2.44,2.46,2.44,2.44,71589
144,2.43,2.43,2.43,2.43,6706
145,2.45,2.47,2.43,2.435,33421
146,2.4,2.45,2.4,2.45,35663
147,2.36,2.401,2.35,2.4,42843
148,2.355,2.3694,2.35,2.36,59550
149,2.35,2.37,2.35,2.36,37075
150,2.36,2.365,2.35,2.35,54326
151,2.365,2.39,2.36,2.365,41904
152,2.36,2.375,2.36,2.37,48343
153,2.37,2.38,2.36,2.36,25471
154,2.37,2.38,2.37,2.37,4400
155,2.36,2.3799,2.36,2.37,11973
156,2.37,2.3751,2.36,2.36,32036
157,2.36,2.38,2.36,2.37,29951
158,2.36,2.37,2.36,2.36,27871
159,2.36,2.3652,2.36,2.36,18174
160,2.36,2.365,2.35,2.36,15570
161,2.365,2.37,2.35,2.37,22186
162,2.36,2.37,2.36,2.36,9955
163,2.379,2.38,2.36,2.36,14066
164,2.38,2.39,2.37,2.37,11742
165,2.385,2.39,2.38,2.38,21900
166,2.38,2.3894,2.38,2.385,9264
167,2.38,2.39,2.38,2.38,10100
168,2.3763,2.39,2.37,2.385,11649
169,2.37,2.375,2.37,2.375,2400
170,2.36,2.37,2.36,2.37,7524
171,2.375,2.38,2.36,2.36,14250
172,2.395,2.4,2.375,2.375,7200
173,2.395,2.4,2.39,2.395,10026
174,2.39,2.4,2.39,2.395,3628
175,2.395,2.4,2.39,2.39,1900
176,2.395,2.4,2.39,2.3946,12807
177,2.43,2.43,2.4,2.4,38663
178,2.42,2.43,2.42,2.425,6200
179,2.425,2.43,2.42,2.4275,4800
180,2.435,2.44,2.42,2.425,22561
181,2.435,2.44,2.43,2.435,5100
182,2.435,2.44,2.43,2.43,7264
183,2.43,2.44,2.42,2.43,104064
288,2.45,2.45,2.45,2.45,2478
289,2.48,2.57,2.44,2.48,74570
290,2.49,2.5101,2.47,2.48,42524
291,2.475,2.5,2.47,2.4932,8709
292,2.46,2.48,2.46,2.475,12987
293,2.44,2.47,2.44,2.4601,26668
294,2.48,2.48,2.45,2.4501,12979
295,2.46,2.48,2.46,2.475,26022
296,2.46,2.47,2.46,2.465,6341
297,2.47,2.47,2.46,2.465,7400
298,2.48,2.48,2.46,2.47,16700
299,2.4795,2.48,2.47,2.4719,2400
300,2.495,2.5,2.475,2.475,38197
301,2.5,2.505,2.49,2.495,31217
302,2.505,2.51,2.5,2.5095,1740
303,2.5,2.51,2.5,2.5,11200
304,2.5,2.51,2.5,2.5,7115
305,2.495,2.505,2.49,2.5,18148
306,2.495,2.495,2.49,2.49,2600
307,2.4958,2.5,2.49,2.49,6550
308,2.5,2.5,2.4901,2.4934,6600
309,2.4966,2.5,2.49,2.5,3408
310,2.49,2.5,2.49,2.495,13250
311,2.495,2.495,2.49,2.49,2900
312,2.495,2.5,2.49,2.49,3300
313,2.4983,2.5,2.49,2.49,21686
314,2.49,2.5,2.49,2.495,2100
315,2.485,2.4975,2.48,2.495,15852
316,2.485,2.485,2.48,2.4801,1600
317,2.495,2.5,2.48,2.48,12059
318,2.5,2.51,2.49,2.5,10805
319,2.5066,2.51,2.5,2.505,5608
320,2.51,2.51,2.5,2.505,7000
321,2.505,2.51,2.5,2.505,2500
322,2.51,2.51,2.5,2.5,8400
323,2.51,2.51,2.5,2.505,11000
324,2.51,2.52,2.505,2.51,12862
325,2.515,2.52,2.51,2.5101,11500
326,2.52,2.53,2.51,2.515,66608
327,2.52,2.53,2.51,2.52,82586
432,2.52,2.52,2.52,2.52,4207
433,2.545,2.55,2.52,2.52,4351
434,2.52,2.55,2.52,2.545,54205
435,2.52,2.5395,2.52,2.53,42292
436,2.51,2.52,2.51,2.52,7695
437,2.51,2.52,2.51,2.51,8300
438,2.52,2.53,2.51,2.515,10550
439,2.51,2.525,2.5,2.525,16523
440,2.51,2.525,2.5,2.515,36106
441,2.515,2.52,2.51,2.5101,5700
442,2.5,2.52,2.48,2.5198,77810
443,2.505,2.51,2.49,2.5,11729
444,2.48,2.509,2.48,2.5,45666
445,2.47,2.485,2.47,2.48,16169
446,2.47,2.49,2.47,2.475,35200
447,2.488,2.488,2.47,2.4751,39466
448,2.485,2.49,2.48,2.485,18000
449,2.505,2.51,2.48,2.48,31100
450,2.51,2.52,2.5,2.505,31114
451,2.49,2.51,2.49,2.51,41337
452,2.5,2.51,2.49,2.49,28553
453,2.5,2.505,2.5,2.5,3300
454,2.505,2.5099,2.5,2.5,15579
455,2.51,2.53,2.5,2.505,57414
456,2.515,2.52,2.51,2.52,7350
457,2.5174,2.53,2.51,2.51,37158
458,2.51,2.515,2.51,2.515,5900
459,2.51,2.515,2.51,2.51,5200
460,2.51,2.5151,2.51,2.51,18347
461,2.525,2.53,2.51,2.51,20930
462,2.53,2.54,2.52,2.525,13741
463,2.535,2.55,2.53,2.5399,29837
464,2.55,2.55,2.53,2.539,19250
465,2.545,2.56,2.54,2.55,14169
466,2.555,2.56,2.54,2.54,36015
467,2.55,2.56,2.55,2.555,2939
468,2.55,2.56,2.55,2.555,24582
469,2.55,2.56,2.55,2.555,3400
470,2.55,2.56,2.55,2.5549,22669
471,2.57,2.57,2.55,2.55,82345
864,2.54,2.54,2.54,2.54,6614
865,2.58,2.59,2.5639,2.58,49310
866,2.57,2.5899,2.57,2.585,35282
867,2.57,2.575,2.56,2.575,23243
868,2.56,2.57,2.56,2.56,19561
869,2.56,2.57,2.56,2.5699,13600
870,2.565,2.57,2.56,2.57,10370
871,2.57,2.57,2.56,2.565,15681
872,2.585,2.59,2.565,2.565,37450
873,2.585,2.59,2.58,2.585,24216
874,2.595,2.6,2.58,2.59,42766
875,2.595,2.5991,2.59,2.595,6110
876,2.59,2.5961,2.59,2.59,5394
877,2.59,2.6,2.59,2.595,26301
878,2.6,2.62,2.59,2.6,119256
879,2.595,2.6,2.59,2.595,8295
880,2.6,2.6,2.59,2.595,10100
881,2.595,2.6,2.59,2.6,4600
882,2.595,2.6,2.59,2.595,56415
883,2.62,2.62,2.59,2.6,75544
884,2.635,2.64,2.615,2.62,37723
885,2.62,2.64,2.62,2.64,31700
886,2.65,2.65,2.62,2.625,23516
887,2.64,2.65,2.64,2.65,17450
888,2.63,2.645,2.63,2.64,18999
889,2.635,2.64,2.63,2.63,24745
890,2.635,2.64,2.63,2.63,16300
891,2.635,2.635,2.63,2.63,8400
892,2.635,2.64,2.63,2.635,31849
893,2.635,2.636,2.63,2.63,5137
894,2.64,2.65,2.63,2.63,44109
895,2.64,2.65,2.64,2.65,8927
896,2.63,2.65,2.63,2.64,13868
897,2.635,2.6352,2.63,2.63,8100
898,2.639,2.639,2.625,2.63,16716
899,2.64,2.64,2.63,2.63,8150
900,2.635,2.64,2.625,2.635,20100
901,2.66,2.66,2.63,2.635,39587
902,2.67,2.67,2.65,2.658,64808
903,2.67,2.68,2.66,2.67,115607
a1496755800,2.65,2.65,2.65,2.65,18389
1,2.62,2.67,2.6,2.64,23238
2,2.62,2.625,2.61,2.625,17037
3,2.63,2.63,2.6,2.615,44036
4,2.6,2.63,2.6,2.62,55796
5,2.59,2.605,2.58,2.605,42284
6,2.57,2.59,2.57,2.58,36259
7,2.58,2.59,2.57,2.57,34074
8,2.58,2.59,2.57,2.58,19124
9,2.565,2.575,2.56,2.57,38659
10,2.565,2.58,2.56,2.56,40718
11,2.55,2.57,2.55,2.56,17618
12,2.56,2.5699,2.55,2.55,24722
13,2.56,2.567,2.56,2.56,17190
14,2.56,2.5699,2.56,2.56,14435
15,2.564,2.5699,2.555,2.56,22344
16,2.56,2.57,2.56,2.56,72869
17,2.56,2.57,2.56,2.56,18635
18,2.565,2.565,2.56,2.565,14300
19,2.56,2.575,2.56,2.56,35943
20,2.56,2.57,2.56,2.56,4737
21,2.56,2.5699,2.56,2.56,9350
22,2.53,2.565,2.53,2.56,87099
23,2.52,2.53,2.51,2.53,56054
24,2.52,2.53,2.52,2.52,8800
25,2.54,2.54,2.52,2.52,18000
26,2.55,2.56,2.54,2.54,28694
27,2.56,2.56,2.54,2.55,20582
28,2.55,2.56,2.55,2.56,13350
29,2.56,2.56,2.55,2.55,8200
30,2.555,2.56,2.55,2.55,8474
31,2.57,2.57,2.55,2.555,28298
32,2.5899,2.595,2.57,2.57,32063
33,2.585,2.59,2.58,2.58,5395
34,2.57,2.5899,2.57,2.58,27852
35,2.58,2.58,2.57,2.57,16811
36,2.565,2.575,2.56,2.57,47257
37,2.565,2.568,2.56,2.56,19094
38,2.55,2.565,2.55,2.565,55763
39,2.55,2.57,2.55,2.555,86644
144,2.58,2.58,2.58,2.58,5470
145,2.56,2.59,2.545,2.59,18229
146,2.58,2.59,2.55,2.56,9056
147,2.58,2.585,2.57,2.585,19200
148,2.57,2.58,2.57,2.57,10200
149,2.5501,2.575,2.55,2.57,44142
150,2.53,2.5561,2.53,2.55,30031
151,2.535,2.54,2.53,2.53,8533
152,2.535,2.535,2.53,2.535,5130
153,2.53,2.5385,2.53,2.53,5462
154,2.54,2.545,2.53,2.53,19276
155,2.555,2.56,2.5401,2.55,33970
156,2.545,2.559,2.54,2.555,14344
157,2.54,2.545,2.54,2.54,1400
158,2.545,2.5499,2.54,2.54,4429
159,2.54,2.545,2.54,2.54,4400
160,2.53,2.54,2.53,2.54,23003
161,2.5352,2.54,2.53,2.53,4665
162,2.535,2.535,2.53,2.535,2095
163,2.54,2.54,2.53,2.54,9796
164,2.55,2.55,2.53,2.54,24840
165,2.545,2.55,2.54,2.54,13050
166,2.55,2.55,2.54,2.545,1400
167,2.54,2.55,2.54,2.54,4700
168,2.5604,2.57,2.54,2.545,40867
169,2.56,2.57,2.56,2.57,7730
170,2.565,2.57,2.56,2.565,1900
171,2.565,2.57,2.56,2.56,2500
172,2.56,2.57,2.56,2.5648,6308
173,2.575,2.58,2.56,2.565,37505
174,2.58,2.58,2.573,2.573,4394
175,2.59,2.6,2.575,2.58,34435
176,2.59,2.6,2.585,2.59,50736
177,2.58,2.61,2.58,2.595,126935
178,2.6,2.605,2.58,2.58,32803
179,2.6163,2.62,2.6,2.6,16902
180,2.635,2.635,2.6182,2.62,30914
181,2.65,2.65,2.63,2.63,48446
182,2.65,2.66,2.64,2.65,85481
183,2.66,2.66,2.64,2.655,124124
288,2.65,2.65,2.65,2.65,4969
289,2.65,2.67,2.63,2.67,9450
290,2.645,2.66,2.63,2.63,8254
291,2.63,2.66,2.63,2.645,38688
292,2.62,2.63,2.62,2.63,23886
293,2.62,2.63,2.62,2.62,1950
294,2.61,2.63,2.605,2.62,26431
295,2.64,2.64,2.61,2.615,11844
296,2.6196,2.64,2.61,2.64,16348
297,2.61,2.62,2.61,2.615,11317
298,2.61,2.62,2.61,2.61,7300
299,2.59,2.615,2.59,2.615,42201
300,2.57,2.5971,2.57,2.595,17383
301,2.57,2.58,2.57,2.57,22818
302,2.57,2.58,2.57,2.575,7325
303,2.57,2.58,2.57,2.57,5795
304,2.57,2.575,2.57,2.57,3700
305,2.585,2.59,2.57,2.57,13613
306,2.58,2.59,2.58,2.58,4950
307,2.58,2.59,2.57,2.5899,15994
308,2.595,2.6,2.575,2.58,26468
309,2.595,2.6,2.59,2.6,8338
310,2.595,2.6,2.59,2.59,5850
311,2.59,2.6,2.59,2.59,3300
312,2.59,2.6,2.59,2.6,4200
313,2.595,2.6,2.59,2.595,7784
314,2.595,2.5999,2.59,2.59,6800
315,2.6,2.6,2.59,2.59,28950
316,2.6266,2.635,2.59,2.595,78203
317,2.62,2.63,2.62,2.625,21778
318,2.63,2.63,2.6,2.615,33534
319,2.635,2.64,2.615,2.63,22254
320,2.64,2.64,2.63,2.64,6600
321,2.625,2.64,2.62,2.64,14862
322,2.66,2.66,2.62,2.62,36451
323,2.66,2.66,2.65,2.66,11086
324,2.65,2.66,2.65,2.66,10633
325,2.655,2.66,2.65,2.66,11400
326,2.655,2.66,2.64,2.66,35202
327,2.66,2.66,2.64,2.655,139511
432,2.64,2.64,2.64,2.64,8618
433,2.67,2.67,2.62,2.631,20054
434,2.67,2.68,2.66,2.6632,14798
435,2.72,2.72,2.675,2.68,50207
436,2.7064,2.72,2.7,2.71,14928
437,2.705,2.71,2.7,2.705,13890
438,2.73,2.73,2.705,2.705,27305
439,2.77,2.77,2.725,2.73,70349
440,2.779,2.79,2.7608,2.765,50901
441,2.79,2.79,2.76,2.7799,49939
442,2.81,2.84,2.7894,2.79,146509
443,2.81,2.83,2.8,2.83,42358
444,2.8,2.81,2.791,2.81,39920
445,2.82,2.82,2.79,2.795,85345
446,2.86,2.86,2.82,2.82,90619
447,2.8574,2.885,2.84,2.8569,71150
448,2.81,2.86,2.81,2.855,39602
449,2.815,2.82,2.81,2.81,6160
450,2.799,2.815,2.79,2.8143,23117
451,2.78,2.7999,2.78,2.79,19886
452,2.77,2.78,2.77,2.78,20796
453,2.77,2.78,2.77,2.77,9798
454,2.77,2.775,2.77,2.77,11800
455,2.75,2.775,2.75,2.77,43760
456,2.755,2.755,2.75,2.75,4240
457,2.74,2.76,2.74,2.75,14449
458,2.745,2.75,2.73,2.749,28254
459,2.7648,2.77,2.745,2.75,33558
460,2.77,2.77,2.75,2.76,46993
461,2.8,2.8,2.76,2.77,61698
462,2.79,2.81,2.79,2.8,87199
463,2.8,2.8,2.79,2.7993,9627
464,2.78,2.8,2.78,2.8,74870
465,2.78,2.79,2.78,2.78,12954
466,2.82,2.82,2.78,2.78,48393
467,2.86,2.87,2.81,2.82,57253
468,2.82,2.855,2.82,2.855,32488
469,2.81,2.8201,2.81,2.82,17005
470,2.815,2.82,2.81,2.815,31044
471,2.83,2.855,2.8,2.81,194628
864,2.82,2.82,2.82,2.82,8424
865,2.805,2.83,2.7501,2.81,67839
866,2.79,2.82,2.78,2.81,53870
867,2.76,2.7975,2.74,2.7975,139042
868,2.74,2.76,2.71,2.76,180882
869,2.725,2.74,2.72,2.74,22313
870,2.67,2.73,2.67,2.725,113591
871,2.72,2.72,2.655,2.67,73065
872,2.73,2.73,2.715,2.72,56595
873,2.705,2.73,2.7,2.73,15553
874,2.695,2.7075,2.69,2.7,38850
875,2.7175,2.7195,2.69,2.695,32391
876,2.74,2.74,2.715,2.715,23555
877,2.74,2.75,2.735,2.75,23087
878,2.73,2.745,2.73,2.7401,45293
879,2.73,2.74,2.73,2.735,15500
880,2.715,2.73,2.7,2.73,38402
881,2.72,2.72,2.7,2.71,24967
882,2.715,2.72,2.71,2.715,13800
883,2.715,2.72,2.71,2.71,13944
884,2.72,2.72,2.71,2.71,12100
885,2.7,2.72,2.7,2.71,17060
886,2.685,2.71,2.68,2.705,25170
887,2.68,2.69,2.68,2.68,8620
888,2.68,2.69,2.68,2.68,17875
889,2.71,2.71,2.675,2.68,51288
890,2.715,2.72,2.7,2.71,30782
891,2.71,2.72,2.7,2.72,18029
892,2.705,2.71,2.7,2.71,15100
893,2.705,2.71,2.7,2.705,11500
894,2.73,2.73,2.7,2.705,64072
895,2.76,2.76,2.72,2.73,33481
896,2.755,2.76,2.75,2.76,10669
897,2.745,2.76,2.74,2.755,39012
898,2.745,2.75,2.74,2.74,32271
899,2.745,2.75,2.74,2.745,15479
900,2.74,2.76,2.74,2.7443,56679
901,2.76,2.76,2.74,2.745,34307
902,2.76,2.76,2.75,2.76,53764
903,2.78,2.8,2.755,2.76,213916
a1497360600,2.9,2.9,2.88,2.9,61078
1,2.96,3,2.89,2.9,205417
2,3,3.03,2.95,2.95,273594
3,3,3.03,2.995,3,154242
4,2.97,3.0055,2.97,3.001,67756
5,2.95,2.98,2.94,2.97,64473
6,2.96,2.97,2.95,2.95,38225
7,2.94,2.97,2.94,2.96,52850
8,2.95,2.95,2.93,2.94,35541
9,2.95,2.96,2.935,2.95,53048
10,2.96,2.96,2.95,2.9599,22639
11,2.965,2.965,2.95,2.95,31331
12,2.975,2.98,2.96,2.9695,26736
13,2.95,2.98,2.95,2.975,19433
14,2.965,2.965,2.95,2.95,24192
15,2.97,2.99,2.95,2.965,44014
16,3.015,3.03,2.98,2.98,128918
17,2.99,3.03,2.99,3.02,49027
18,3.01,3.02,2.99,3,39633
19,3.015,3.02,3.01,3.01,6010
20,3.025,3.03,3.01,3.015,66538
21,3.0366,3.04,3.02,3.02,116119
22,3.03,3.04,3.03,3.036,29979
23,3.06,3.06,3.03,3.04,41409
24,3.03,3.06,3.03,3.06,60489
25,3,3.0369,3,3.03,77178
26,3,3.01,2.995,3,74843
27,3,3.02,3,3.01,34620
28,2.97,3.01,2.97,3,41961
29,3,3,2.975,2.98,45047
30,2.98,3,2.98,2.9972,16914
31,3,3,2.975,2.98,75898
32,3,3.01,2.999,3,26218
33,3.0005,3.01,3,3.005,9600
34,2.99,3.02,2.99,3.01,49955
35,2.98,3,2.97,2.99,35739
36,2.97,2.99,2.965,2.985,56967
37,2.97,2.98,2.96,2.97,93264
38,2.98,2.98,2.97,2.975,30432
39,2.97,2.99,2.96,2.975,175834
144,3,3,3,3,10661
145,2.95,3.0055,2.9499,3,58537
146,2.99,2.99,2.9299,2.95,47157
147,2.98,3.02,2.97,2.99,73541
148,2.955,2.98,2.955,2.9732,31535
149,2.96,2.97,2.94,2.955,35957
150,2.94,2.97,2.93,2.97,100582
151,2.92,2.955,2.92,2.95,31497
152,2.92,2.93,2.9,2.92,80291
153,2.92,2.94,2.92,2.9224,78454
154,2.88,2.93,2.88,2.92,61162
155,2.88,2.89,2.86,2.8884,43890
156,2.895,2.9,2.87,2.88,36943
157,2.87,2.9,2.87,2.8936,12943
158,2.87,2.88,2.87,2.875,25148
159,2.87,2.8797,2.87,2.87,8178
160,2.87,2.88,2.87,2.8714,11700
161,2.86,2.88,2.86,2.88,24802
162,2.86,2.8699,2.86,2.86,6437
163,2.85,2.8699,2.85,2.86,27994
164,2.85,2.86,2.85,2.85,9827
165,2.86,2.86,2.85,2.8599,6612
166,2.87,2.89,2.85,2.86,47328
167,2.87,2.88,2.87,2.87,16276
168,2.885,2.89,2.87,2.87,18650
169,2.896,2.9,2.88,2.89,12005
170,2.895,2.9,2.89,2.9,5200
171,2.91,2.94,2.895,2.9,40741
172,2.915,2.92,2.9,2.9,14624
173,2.895,2.92,2.89,2.92,61045
174,2.895,2.9,2.89,2.9,11000
175,2.89,2.9,2.89,2.89,7910
176,2.895,2.9,2.89,2.9,10150
177,2.9,2.91,2.885,2.895,41369
178,2.9,2.9,2.89,2.895,13153
179,2.88,2.9,2.88,2.9,60071
180,2.88,2.885,2.86,2.88,42063
181,2.88,2.89,2.87,2.875,34017
182,2.86,2.88,2.86,2.875,54923
183,2.86,2.87,2.86,2.86,110836
288,2.87,2.87,2.87,2.87,10326
289,2.9,2.935,2.86,2.86,34680
290,2.915,2.93,2.9,2.9,25963
291,2.94,2.94,2.91,2.91,32493
292,2.92,2.955,2.905,2.94,37626
293,2.93,2.94,2.9201,2.9266,17700
294,2.94,2.945,2.93,2.94,15063
295,2.9266,2.945,2.91,2.94,20205
296,2.9,2.92,2.9,2.92,21665
297,2.94,2.94,2.9,2.9,28140
298,2.94,2.94,2.9316,2.935,9200
299,2.95,2.95,2.935,2.9366,16600
300,2.9565,2.975,2.94,2.95,104214
301,2.965,2.97,2.95,2.95,17795
302,2.98,2.985,2.965,2.9699,51734
303,2.975,2.98,2.975,2.9765,3150
304,2.9666,2.979,2.95,2.979,28267
305,2.96,2.9699,2.96,2.965,18675
306,2.97,2.97,2.96,2.97,4560
307,2.9638,2.97,2.96,2.96,7515
308,2.98,2.98,2.96,2.96,16881
309,3,3.005,2.98,2.98,40827
310,2.99,3.01,2.99,3.01,9540
311,2.99,3.005,2.98,2.995,32885
312,2.985,2.99,2.98,2.9899,11821
313,2.97,2.986,2.97,2.985,11152
314,2.96,2.98,2.96,2.97,18300
315,2.95,2.96,2.95,2.96,5822
316,2.97,2.97,2.95,2.95,17705
317,2.96,2.97,2.95,2.97,18563
318,2.955,2.965,2.94,2.96,38497
319,2.95,2.96,2.945,2.95,73776
320,2.97,2.97,2.95,2.95,16906
321,2.9799,2.98,2.97,2.97,13599
322,2.97,2.99,2.96,2.975,72816
323,2.955,2.975,2.94,2.9701,61351
324,2.965,2.97,2.95,2.95,41798
325,2.965,2.97,2.96,2.96,23657
326,3,3,2.965,2.97,98609
327,2.98,3.02,2.96,3,327844
432,3,3,3,3,15288
433,2.97,3.005,2.96,3,36890
434,2.975,2.98,2.9601,2.98,13253
435,3,3,2.98,2.98,34220
436,2.97,2.995,2.97,2.99,20295
437,2.965,2.975,2.96,2.97,18835
438,2.955,2.97,2.95,2.965,13592
439,2.94,2.9597,2.93,2.95,37009
440,2.94,2.95,2.93,2.9499,40083
441,2.955,2.955,2.945,2.945,20042
442,2.95,2.955,2.93,2.955,20406
443,2.95,2.95,2.94,2.9401,11011
444,2.935,2.95,2.93,2.95,11270
445,2.93,2.9388,2.92,2.93,17301
446,2.92,2.93,2.92,2.93,6575
447,2.925,2.9274,2.92,2.92,2839
448,2.925,2.935,2.92,2.925,23550
449,2.92,2.93,2.92,2.925,7200
450,2.92,2.9266,2.92,2.92,4500
451,2.925,2.925,2.92,2.925,800
452,2.9199,2.925,2.91,2.92,45714
453,2.91,2.915,2.91,2.915,1800
454,2.92,2.93,2.91,2.915,32034
455,2.92,2.929,2.92,2.925,6066
456,2.9223,2.925,2.92,2.925,2411
457,2.92,2.9297,2.92,2.925,6708
458,2.915,2.9251,2.91,2.92,23332
459,2.91,2.92,2.91,2.915,3000
460,2.91,2.92,2.91,2.9199,2600
461,2.91,2.93,2.91,2.915,120221
462,2.9,2.915,2.9,2.91,20875
463,2.905,2.9052,2.9,2.9,5050
464,2.905,2.91,2.9,2.9,4896
465,2.915,2.92,2.9,2.905,24371
466,2.915,2.915,2.91,2.9145,3060
467,2.9,2.915,2.9,2.915,25912
468,2.91,2.91,2.9,2.905,26586
469,2.91,2.91,2.9,2.905,38098
470,2.905,2.91,2.9,2.905,29296
471,2.9,2.91,2.88,2.905,258199
864,2.9,2.9,2.9,2.9,16551
865,2.91,2.93,2.905,2.91,31424
866,2.9195,2.92,2.91,2.92,123987
867,2.9195,2.9199,2.91,2.9101,5709
868,2.8999,2.92,2.89,2.91,94349
869,2.89,2.9,2.89,2.89,50903
870,2.89,2.899,2.89,2.89,12684
871,2.915,2.92,2.89,2.895,50498
872,2.915,2.92,2.91,2.915,6280
873,2.905,2.92,2.9,2.915,30995
874,2.905,2.91,2.9,2.9047,28721
875,2.905,2.91,2.9,2.9,3312
876,2.905,2.91,2.9,2.9,14420
877,2.905,2.91,2.9,2.905,7300
878,2.89,2.9001,2.89,2.9,28918
879,2.86,2.89,2.86,2.89,63417
880,2.87,2.88,2.86,2.865,25614
881,2.885,2.89,2.87,2.8701,19992
882,2.905,2.905,2.88,2.88,19312
883,2.9,2.91,2.9,2.9,7816
884,2.91,2.91,2.9,2.905,20458
885,2.9,2.91,2.895,2.905,28368
886,2.8999,2.905,2.88,2.9,34168
887,2.895,2.9,2.88,2.89,28879
888,2.9,2.9,2.89,2.895,21680
889,2.895,2.9,2.89,2.895,4280
890,2.88,2.9,2.88,2.9,83527
891,2.88,2.88,2.87,2.87,42352
892,2.9,2.9,2.87,2.87,27472
893,2.915,2.92,2.9,2.9,18125
894,2.904,2.92,2.9,2.91,18233
895,2.91,2.915,2.9,2.905,21758
896,2.915,2.92,2.91,2.91,9215
897,2.92,2.92,2.9,2.91,31388
898,2.925,2.93,2.91,2.92,16450
899,2.96,2.96,2.92,2.925,112374
900,2.97,2.98,2.94,2.96,78316
901,3,3,2.9645,2.965,65255
902,2.98,3,2.975,2.9901,55481
903,2.97,3,2.97,2.99,136274
a1497965400,2.97,2.97,2.97,2.97,5917
1,3.043,3.07,2.99,2.99,122600
2,3.05,3.09,3.04,3.05,113328
3,3.05,3.07,3.0301,3.04,39114
4,3.04,3.06,3.03,3.0507,18777
5,3.06,3.08,3.03,3.04,87029
6,3.035,3.055,3.02,3.0501,47237
7,3.04,3.04,3.02,3.035,37031
8,3.03,3.05,3.02,3.035,32716
9,3.03,3.045,3.02,3.025,35473
10,3.0377,3.04,3.025,3.03,47431
11,3.03,3.04,3.02,3.03,36375
12,3,3.03,3,3.03,49400
13,3,3.01,2.98,3,60442
14,2.99,3.02,2.99,3.01,37414
15,2.99,3.005,2.99,2.999,25617
16,3,3,2.99,2.995,5000
17,2.99,3,2.99,2.99,6839
18,3,3,2.99,2.995,3758
19,3,3,2.99,2.99,7407
20,3.005,3.01,2.99,3,11444
21,3.02,3.02,2.995,3,40435
22,3.03,3.03,3.02,3.02,16594
23,3.025,3.04,3.02,3.03,30529
24,3.035,3.04,3.02,3.03,12460
25,3.035,3.045,3.035,3.035,25032
26,3.04,3.04,3.03,3.04,4000
27,3.015,3.04,3.01,3.04,64380
28,3.04,3.04,3.02,3.02,18086
29,3.04,3.045,3.03,3.035,17776
30,3.04,3.04,3.02,3.035,17774
31,3.02,3.04,3.02,3.035,23782
32,3.015,3.015,3.01,3.01,1400
33,3,3.02,2.99,3.015,95191
34,2.995,2.999,2.99,2.99,4650
35,2.995,3,2.99,2.995,3974
36,2.995,3,2.99,3,11270
37,2.99,3,2.97,2.995,23282
38,2.98,2.99,2.98,2.99,27709
39,2.99,2.995,2.98,2.99,82295
144,3,3,2.99,2.99,12279
145,3.02,3.025,3,3,57897
146,3,3.04,3,3.0399,30441
147,2.985,3.008,2.98,3,41961
148,2.9825,3,2.98,2.985,24400
149,2.99,3,2.9875,2.99,16232
150,2.995,2.9955,2.99,2.995,6240
151,2.99,3,2.99,2.99,19600
152,2.98,2.9968,2.975,2.99,48989
153,2.96,2.98,2.96,2.98,26212
154,2.94,2.965,2.94,2.96,46926
155,2.93,2.945,2.93,2.94,45518
156,2.93,2.9476,2.93,2.93,16989
157,2.96,2.96,2.93,2.93,16284
158,2.95,2.96,2.95,2.95,10092
159,2.9425,2.957,2.94,2.9545,23306
160,2.95,2.95,2.94,2.945,16635
161,2.95,2.9695,2.94,2.945,21917
162,2.95,2.958,2.95,2.95,6893
163,2.95,2.97,2.95,2.95,21940
164,2.95,2.955,2.95,2.95,2623
165,2.93,2.959,2.93,2.95,16827
166,2.93,2.935,2.93,2.93,3200
167,2.9354,2.939,2.93,2.93,2738
168,2.945,2.95,2.93,2.93,26397
169,2.945,2.945,2.93,2.94,15445
170,2.94,2.95,2.94,2.95,4921
171,2.9401,2.945,2.94,2.94,4511
172,2.935,2.96,2.93,2.94,30838
173,2.93,2.95,2.93,2.93,15917
174,2.94,2.94,2.93,2.94,11716
175,2.9552,2.96,2.945,2.95,24904
176,2.955,2.955,2.935,2.95,26721
177,2.9454,2.955,2.94,2.955,9931
178,2.94,2.96,2.94,2.95,48395
179,2.945,2.945,2.94,2.94,6500
180,2.94,2.95,2.94,2.945,40730
181,2.945,2.95,2.94,2.95,7600
182,2.93,2.955,2.93,2.95,106012
183,2.95,2.95,2.93,2.935,86415
288,2.96,2.96,2.96,2.96,3986
289,2.99,2.99,2.96,2.97,17491
290,2.995,3.005,2.98,2.99,49070
291,2.97,2.99,2.96,2.99,6945
292,2.98,2.985,2.9604,2.9604,12291
293,2.96,2.98,2.96,2.98,22178
294,2.95,2.965,2.95,2.96,31537
295,2.94,2.96,2.94,2.95,44102
296,2.97,2.97,2.94,2.947,19980
297,2.97,2.98,2.965,2.965,18833
298,2.96,2.98,2.96,2.975,17467
299,2.96,2.9699,2.96,2.963,17000
300,2.965,2.97,2.9525,2.96,22872
301,2.975,2.98,2.96,2.96,15212
302,2.985,2.99,2.97,2.975,13391
303,2.97,2.99,2.97,2.99,24928
304,2.975,2.98,2.97,2.97,8390
305,2.975,2.98,2.97,2.97,8600
306,2.97,2.98,2.97,2.97,9373
307,2.9925,3,2.97,2.97,46041
308,2.995,3,2.98,2.995,40784
309,3.005,3.02,2.99,2.995,123540
310,3.005,3.01,3,3,6332
311,3,3.0068,3,3,22684
312,2.97,3,2.97,3,67311
313,2.97,2.98,2.97,2.97,17908
314,2.9725,2.98,2.97,2.97,15500
315,2.995,3,2.97,2.9725,32282
316,3.005,3.01,2.99,2.995,42945
317,2.99,3.005,2.98,3.005,50876
318,2.98,3,2.98,2.99,20800
319,2.98,2.985,2.98,2.98,10980
320,3.01,3.01,2.98,2.98,56788
321,3.01,3.02,3,3.01,95978
322,3,3.01,2.99,3.005,22307
323,3.01,3.01,3,3,29205
324,2.99,3.01,2.99,3.01,37736
325,3.01,3.01,2.99,2.99,45960
326,3.0082,3.01,3,3,20014
327,3.01,3.015,3,3.01,159530
432,3.08,3.08,3.07,3.07,52029
433,3.12,3.14,3.07,3.07,296623
434,3.1404,3.15,3.11,3.115,148718
435,3.1,3.16,3.085,3.145,263784
436,3.101,3.11,3.09,3.1099,126010
437,3.15,3.15,3.1,3.105,93725
438,3.19,3.19,3.145,3.1452,201725
439,3.1607,3.189,3.16,3.184,53802
440,3.165,3.17,3.16,3.16,35236
441,3.185,3.19,3.16,3.1699,195780
442,3.155,3.1899,3.15,3.1892,109767
443,3.135,3.15,3.13,3.15,48993
444,3.135,3.145,3.13,3.13,84182
445,3.1399,3.14,3.13,3.135,54892
446,3.11,3.14,3.11,3.135,86576
447,3.14,3.145,3.11,3.11,71336
448,3.15,3.15,3.1332,3.14,37004
449,3.19,3.19,3.145,3.1452,90905
450,3.235,3.24,3.1801,3.19,180428
451,3.23,3.24,3.21,3.2336,145753
452,3.215,3.24,3.21,3.239,81193
453,3.2,3.215,3.2,3.21,46698
454,3.195,3.2,3.19,3.2,49206
455,3.195,3.2,3.19,3.19,67493
456,3.1814,3.2,3.18,3.195,85610
457,3.18,3.19,3.18,3.18,103175
458,3.165,3.19,3.15,3.185,129781
459,3.16,3.17,3.15,3.161,67569
460,3.16,3.169,3.16,3.16,34420
461,3.16,3.17,3.15,3.165,98780
462,3.16,3.1699,3.15,3.16,105158
463,3.165,3.17,3.15,3.16,59932
464,3.16,3.1694,3.155,3.16,51056
465,3.165,3.165,3.16,3.16,21700
466,3.16,3.17,3.15,3.16,65832
467,3.185,3.2,3.16,3.165,278202
468,3.135,3.19,3.13,3.185,331650
469,3.135,3.14,3.13,3.13,75451
470,3.17,3.2,3.11,3.135,449070
471,3.21,3.21,3.15,3.17,11623350
864,3.12,3.12,3.12,3.12,32758
865,3.13,3.18,3.12,3.13,96460
866,3.08,3.14,3.08,3.135,102864
867,3.13,3.13,3.08,3.08,72281
868,3.12,3.13,3.1,3.13,127569
869,3.15,3.15,3.11,3.1125,39489
870,3.155,3.17,3.14,3.15,75861
871,3.145,3.16,3.14,3.16,57680
872,3.12,3.15,3.12,3.14,62985
873,3.13,3.13,3.09,3.12,107306
874,3.105,3.13,3.09,3.13,46623
875,3.095,3.115,3.09,3.11,68504
876,3.105,3.11,3.09,3.095,38357
877,3.11,3.115,3.095,3.11,38357
878,3.12,3.12,3.1,3.11,17184
879,3.12,3.12,3.11,3.12,17553
880,3.1265,3.13,3.11,3.12,47282
881,3.125,3.135,3.12,3.13,23699
882,3.13,3.13,3.12,3.1282,8800
883,3.125,3.13,3.12,3.13,8210
884,3.13,3.13,3.12,3.12,6326
885,3.1258,3.13,3.12,3.12,47497
886,3.12,3.13,3.12,3.12,11200
887,3.13,3.13,3.12,3.12,15550
888,3.145,3.15,3.12,3.13,37879
889,3.15,3.15,3.14,3.145,18800
890,3.16,3.16,3.14,3.15,24518
891,3.17,3.18,3.15,3.155,59656
892,3.1496,3.17,3.14,3.16,41337
893,3.135,3.15,3.13,3.14,35820
894,3.1482,3.15,3.13,3.135,15912
895,3.145,3.155,3.14,3.145,26682
896,3.14,3.15,3.13,3.14,35465
897,3.135,3.145,3.13,3.1305,28066
898,3.14,3.15,3.13,3.14,35494
899,3.145,3.15,3.13,3.1368,21100
900,3.145,3.15,3.14,3.14,10976
901,3.14,3.15,3.13,3.141,60319
902,3.13,3.14,3.13,3.14,54293
903,3.15,3.15,3.13,3.13,148684
a1498570200,3.13,3.13,3.13,3.13,9499
1,3.12,3.14,3.1,3.12,35733
2,3.085,3.11,3.07,3.11,110513
3,3.115,3.115,3.085,3.09,41529
4,3.125,3.125,3.112,3.115,12533
5,3.12,3.125,3.11,3.125,11149
6,3.115,3.12,3.11,3.1157,5695
7,3.13,3.13,3.115,3.12,24210
8,3.1449,3.15,3.125,3.13,13164
9,3.13,3.145,3.13,3.145,12289
10,3.145,3.15,3.135,3.14,32162
11,3.145,3.15,3.14,3.15,9405
12,3.15,3.15,3.14,3.145,10140
13,3.15,3.15,3.145,3.145,6700
14,3.1535,3.16,3.145,3.145,43355
15,3.17,3.17,3.1539,3.16,12012
16,3.155,3.175,3.15,3.165,34760
17,3.16,3.17,3.155,3.16,27180
18,3.159,3.16,3.15,3.16,3025
19,3.145,3.16,3.14,3.155,20099
20,3.15,3.15,3.14,3.145,2875
21,3.15,3.15,3.14,3.15,5100
22,3.13,3.15,3.115,3.145,57029
23,3.125,3.13,3.1205,3.126,4525
24,3.13,3.13,3.12,3.125,4800
25,3.1093,3.13,3.09,3.13,43001
26,3.105,3.12,3.1,3.106,24001
27,3.09,3.105,3.09,3.1,26056
28,3.095,3.1,3.09,3.1,8295
29,3.095,3.1,3.09,3.1,11934
30,3.11,3.11,3.0925,3.095,12487
31,3.12,3.12,3.105,3.105,21220
32,3.12,3.12,3.115,3.12,14255
33,3.125,3.13,3.115,3.12,11953
34,3.12,3.13,3.12,3.13,10394
35,3.12,3.13,3.12,3.13,11200
36,3.095,3.125,3.091,3.12,53347
37,3.095,3.1,3.09,3.095,14480
38,3.085,3.11,3.085,3.09,70299
39,3.1,3.1,3.08,3.085,109123
144,3.1,3.1,3.1,3.1,5583
145,3.0506,3.1059,3.04,3.1,82869
146,3.055,3.07,3.04,3.055,95541
147,3.06,3.08,3.05,3.055,34576
148,3.055,3.06,3.05,3.06,3384
149,3.06,3.065,3.05,3.0595,22994
150,3.06,3.07,3.05,3.055,25477
151,3.06,3.07,3.0501,3.06,36420
152,3.055,3.08,3.05,3.055,40232
153,3.079,3.09,3.06,3.06,42660
154,3.1,3.105,3.07,3.07,45170
155,3.11,3.11,3.085,3.1,68275
156,3.1,3.1,3.09,3.1,9860
157,3.11,3.11,3.09,3.0901,24659
158,3.095,3.11,3.09,3.11,27623
159,3.11,3.11,3.0919,3.095,18272
160,3.12,3.12,3.105,3.105,14832
161,3.12,3.12,3.1,3.12,18993
162,3.11,3.12,3.11,3.12,3245
163,3.12,3.12,3.11,3.115,7910
164,3.135,3.14,3.12,3.12,50842
165,3.13,3.14,3.13,3.135,19546
166,3.135,3.14,3.13,3.135,18491
167,3.1361,3.14,3.13,3.14,18670
168,3.135,3.14,3.13,3.14,10483
169,3.1699,3.17,3.13,3.135,58259
170,3.15,3.17,3.15,3.17,15952
171,3.145,3.15,3.14,3.15,21431
172,3.145,3.16,3.14,3.15,34667
173,3.155,3.16,3.145,3.145,28577
174,3.16,3.16,3.15,3.155,2954
175,3.16,3.16,3.15,3.15,4200
176,3.17,3.18,3.16,3.16,99711
177,3.165,3.175,3.16,3.17,41401
178,3.17,3.18,3.16,3.17,31465
179,3.175,3.18,3.17,3.18,6400
180,3.175,3.18,3.17,3.18,8400
181,3.17,3.18,3.17,3.18,39164
182,3.19,3.19,3.17,3.175,29038
183,3.19,3.2,3.18,3.185,184887
288,3.2,3.2,3.2,3.2,7784
289,3.2,3.2,3.15,3.18,37740
290,3.19,3.21,3.185,3.1952,37736
291,3.2,3.2,3.17,3.18,14066
292,3.1647,3.195,3.16,3.195,15081
293,3.16,3.175,3.14,3.17,41726
294,3.18,3.18,3.16,3.16,21443
295,3.19,3.19,3.1734,3.175,24978
296,3.2,3.22,3.18,3.18,21680
297,3.215,3.23,3.2,3.2,63760
298,3.21,3.23,3.18,3.215,42748
299,3.21,3.215,3.2001,3.21,23075
300,3.18,3.21,3.175,3.21,33165
301,3.19,3.2,3.18,3.1899,34695
302,3.18,3.189,3.16,3.18,22157
303,3.18,3.18,3.165,3.17,16272
304,3.2,3.2,3.17,3.18,19357
305,3.2,3.205,3.19,3.2,13644
306,3.21,3.21,3.19,3.2,16459
307,3.21,3.22,3.21,3.21,22548
308,3.22,3.22,3.21,3.21,3713
309,3.22,3.22,3.211,3.22,10500
310,3.22,3.22,3.21,3.22,13713
311,3.22,3.22,3.21,3.22,11508
312,3.175,3.22,3.175,3.22,60563
313,3.19,3.19,3.165,3.175,34600
314,3.2,3.2,3.185,3.19,27945
315,3.21,3.21,3.19,3.2,30809
316,3.2,3.205,3.18,3.205,33338
317,3.21,3.21,3.195,3.2,15725
318,3.215,3.22,3.2014,3.21,37353
319,3.195,3.21,3.1861,3.21,19211
320,3.21,3.21,3.1907,3.1907,7848
321,3.195,3.21,3.19,3.21,29692
322,3.21,3.21,3.19,3.195,19380
323,3.21,3.21,3.202,3.21,4200
324,3.205,3.21,3.2,3.21,10240
325,3.22,3.22,3.2,3.205,18657
326,3.21,3.2175,3.2,3.21,55271
327,3.23,3.23,3.205,3.21,259293
432,3.24,3.24,3.24,3.24,9579
433,3.2,3.289,3.2,3.24,189660
434,3.19,3.21,3.18,3.205,106969
435,3.17,3.2,3.16,3.19,71202
436,3.21,3.21,3.165,3.18,54795
437,3.19,3.2,3.19,3.2,13333
438,3.18,3.195,3.18,3.195,7223
439,3.185,3.19,3.18,3.185,14144
440,3.18,3.19,3.175,3.18,20552
441,3.18,3.19,3.18,3.18,14640
442,3.2,3.2,3.18,3.18,29299
443,3.215,3.22,3.195,3.195,50903
444,3.22,3.22,3.21,3.215,8700
445,3.215,3.22,3.21,3.22,8822
446,3.215,3.22,3.21,3.215,31872
447,3.2,3.21,3.2,3.21,58231
448,3.215,3.22,3.2,3.2,23210
449,3.2245,3.24,3.215,3.22,58034
450,3.225,3.23,3.22,3.2267,3580
451,3.23,3.23,3.22,3.22,4700
452,3.24,3.24,3.225,3.23,11923
453,3.22,3.245,3.22,3.24,33035
454,3.23,3.235,3.2125,3.22,28742
455,3.23,3.23,3.225,3.23,23106
456,3.22,3.23,3.22,3.23,2600
457,3.22,3.23,3.22,3.23,5600
458,3.2301,3.24,3.215,3.23,255536
459,3.23,3.24,3.225,3.235,47014
460,3.24,3.25,3.23,3.23,28656
461,3.24,3.25,3.24,3.24,19835
462,3.25,3.25,3.24,3.24,22051
463,3.25,3.25,3.24,3.245,26745
464,3.25,3.25,3.24,3.25,24857
465,3.25,3.25,3.24,3.25,85359
466,3.25,3.25,3.24,3.25,90096
467,3.22,3.25,3.22,3.24,65199
468,3.21,3.228,3.21,3.22,37207
469,3.21,3.22,3.21,3.215,18053
470,3.21,3.22,3.21,3.22,20288
471,3.22,3.22,3.2,3.215,224112
864,3.21,3.21,3.21,3.21,6331
865,3.195,3.225,3.18,3.2175,27451
866,3.17,3.21,3.16,3.195,51683
867,3.15,3.1731,3.15,3.1731,33172
868,3.14,3.17,3.13,3.155,79218
869,3.135,3.15,3.13,3.145,57430
870,3.16,3.17,3.13,3.135,29526
871,3.165,3.17,3.15,3.1601,22092
872,3.17,3.175,3.16,3.165,10096
873,3.175,3.175,3.16,3.17,9114
874,3.175,3.18,3.17,3.18,6400
875,3.185,3.19,3.17,3.18,29404
876,3.195,3.2,3.18,3.185,12787
877,3.22,3.22,3.1999,3.2,17752
878,3.21,3.22,3.2,3.21,21212
879,3.18,3.21,3.18,3.2,22583
880,3.17,3.19,3.17,3.18,15425
881,3.17,3.18,3.17,3.17,6241
882,3.17,3.18,3.17,3.1735,4220
883,3.17,3.18,3.17,3.17,5120
884,3.17,3.185,3.17,3.17,31130
885,3.19,3.19,3.17,3.17,70647
