EXCHANGE%3DNASDAQ
MARKET_OPEN_MINUTE=570
MARKET_CLOSE_MINUTE=960
INTERVAL=600
COLUMNS=DATE,CLOSE,HIGH,LOW,OPEN,VOLUME
DATA=
TIMEZONE_OFFSET=-240
a1493127000,16.69,16.69,16.69,16.69,315
1,16.75,16.75,16.51,16.65,2300
4,16.845,16.9053,16.8201,16.88,1600
5,17.0347,17.0347,16.82,16.82,700
6,16.81,17.035,16.81,17.035,400
7,16.81,16.81,16.81,16.81,200
10,16.81,16.81,16.81,16.81,100
11,16.52,16.95,16.52,16.95,2200
13,16.5,16.5,16.5,16.5,300
14,16.52,16.63,16.52,16.63,300
15,16.5,16.5,16.5,16.5,100
21,16.5,16.5,16.5,16.5,100
23,16.77,16.77,16.56,16.56,1600
24,16.78,16.78,16.78,16.78,297
26,16.58,16.58,16.58,16.58,100
27,16.57,16.57,16.57,16.57,100
29,16.55,16.58,16.55,16.58,500
30,16.51,16.51,16.5,16.5,400
32,16.55,16.6,16.51,16.51,600
33,16.55,16.55,16.55,16.55,100
34,16.635,16.635,16.635,16.635,100
37,16.64,16.7,16.57,16.64,1400
38,16.58,16.58,16.58,16.58,100
39,16.55,16.65,16.45,16.65,6468
145,16.4067,16.4067,16.4067,16.4067,209
146,16.3,16.3,16.11,16.3,1900
148,16.0901,16.0901,16.05,16.05,300
150,16.13,16.13,16.035,16.035,575
151,16.09,16.09,16.09,16.09,100
153,15.95,15.95,15.95,15.95,100
155,16.05,16.05,16.05,16.05,100
157,15.93,15.93,15.93,15.93,100
158,16.09,16.09,15.9401,15.9401,1421
161,16.23,16.23,16.13,16.13,700
162,16.28,16.28,16.28,16.28,300
163,16.42,16.42,16.38,16.38,400
164,16.33,16.33,16.33,16.33,200
166,16.38,16.49,16.38,16.38,433
168,16.3,16.3001,16.3,16.3001,200
170,16.3,16.3,16.3,16.3,100
173,16.3,16.3,16.3,16.3,100
174,16.41,16.41,16.4,16.4,200
175,16.46,16.46,16.4,16.4,1400
176,16.56,16.64,16.5,16.54,22811
177,16.6,16.6,16.6,16.6,100
178,16.6001,16.6001,16.6001,16.6001,100
179,16.6,16.6,16.6,16.6,100
180,16.47,16.64,16.47,16.64,500
181,16.43,16.47,16.42,16.47,500
182,16.34,16.42,16.34,16.42,1641
183,16.38,16.38,16.3,16.33,1714
291,16.04,16.04,16.04,16.04,100
292,16.3,16.301,15.85,15.85,404
293,16.3025,16.3025,16.0001,16.3,798
295,16.09,16.09,16.09,16.09,100
296,16,16.097,16,16.03,1250
300,16,16,16,16,300
301,16.06,16.06,16.04,16.04,200
302,15.99,16,15.79,16,2449
304,16.16,16.16,16,16,700
305,16.3,16.3,16.18,16.18,626
311,16.17,16.28,16.14,16.28,300
312,16.24,16.265,16.24,16.24,427
315,15.92,15.92,15.92,15.92,100
320,15.98,15.98,15.98,15.98,100
322,15.96,15.98,15.96,15.98,300
323,16.1599,16.16,15.96,15.96,1100
327,16.3,16.3,16.26,16.26,1727
432,16.47,16.47,16.47,16.47,228
433,16.6,16.6,16.6,16.6,100
435,17,17,16.5001,16.645,4000
436,17.01,17.01,16.87,17,400
437,17.5,17.5,17.4,17.4,1413
439,17.94,17.94,17.3684,17.3684,2781
440,18.3,18.41,18.08,18.25,2060
441,18.2536,18.2536,18.2536,18.2536,458
442,17.8,18.16,17.72,18.1,4351
444,17.37,17.55,17.37,17.49,4300
445,17.38,17.79,17.38,17.533,6800
447,17.97,17.97,17.89,17.89,300
449,18.33,18.4,17.72,17.72,5942
450,18.01,18.27,18.01,18.27,3900
452,18.01,18.01,18.01,18.01,100
455,18.29,18.29,18.29,18.29,188
456,18.39,18.39,18.2423,18.2423,3411
459,18.54,18.54,18.35,18.35,200
461,18.46,18.48,18.46,18.462,400
462,18.48,18.4839,18.48,18.4839,205
463,18.59,18.61,18.361,18.361,1100
467,18.6521,18.6521,18.6521,18.6521,170
469,18.8738,18.8738,18.44,18.59,4226
470,18.76,18.778,18.75,18.75,822
471,18.77,18.87,18.57,18.849,4219
864,19,19,19,19,210
867,19.49,19.49,19.2029,19.2029,300
868,19.1668,19.1668,19.1668,19.1668,100
869,18.77,18.8,18.77,18.8,200
870,18.8,18.8495,18.8,18.8316,450
872,18.9,18.9,18.75,18.77,3400
874,18.82,18.82,18.74,18.74,300
876,19.14,19.14,19.14,19.14,100
877,18.87,18.87,18.8,18.82,400
879,18.85,18.85,18.76,18.76,500
882,18.87,18.89,18.85,18.85,400
885,18.9398,18.9398,18.9398,18.9398,500
891,18.91,18.929,18.747,18.747,1602
892,18.64,18.65,18.64,18.65,525
894,18.62,18.62,18.62,18.62,100
897,18.645,18.645,18.645,18.645,400
898,18.67,18.69,18.67,18.69,1500
903,18.65,18.65,18.6,18.62,728
a1493733600,18.2,18.2,18.2,18.2,100
3,18.19,18.19,18.15,18.15,200
5,18.13,18.52,17.98,18.52,900
6,17.73,18.02,17.67,18.02,2100
7,17.52,17.52,17.5049,17.5049,305
10,17.395,17.395,17.395,17.395,100
11,17.1601,17.1601,17.1601,17.1601,100
13,17.35,17.6,17.35,17.5,2550
16,17,17.3,16.85,17.243,1900
20,16.9501,16.9501,16.9501,16.9501,100
21,17.2852,17.29,17.2852,17.2852,1700
22,17.29,17.29,17.15,17.19,500
23,17.02,17.021,17.02,17.021,320
24,17.01,17.01,17.01,17.01,100
25,16.98,16.98,16.98,16.98,100
26,17.31,17.31,17.31,17.31,100
27,17.7,17.7,17.3716,17.38,2727
28,17.7064,17.7064,17.7064,17.7064,950
29,17.52,17.52,17.52,17.52,100
30,17.5,17.535,17.5,17.535,500
32,17.365,17.365,17.28,17.28,200
33,17.29,17.29,17.29,17.29,100
34,17.12,17.255,17.12,17.255,200
35,17.21,17.21,17.21,17.21,200
36,17.11,17.305,17.09,17.305,1233
142,17.25,17.63,17.25,17.63,200
143,17.06,17.25,17.06,17.25,469
145,17.05,17.05,17.05,17.05,100
146,17.06,17.06,17.0597,17.0597,200
147,16.6833,16.6833,16.64,16.64,200
148,16.26,16.57,16.1,16.53,2260
152,16.11,16.23,16.1,16.23,1700
153,16.19,16.21,16.19,16.19,7200
154,16.26,16.26,16.21,16.21,200
156,16.26,16.26,16.25,16.25,200
158,16.35,16.35,16.35,16.35,100
159,16.35,16.35,16.3,16.3,300
160,16.45,16.6,16.27,16.35,10333
162,16.64,16.64,16.54,16.54,1633
163,16.714,16.8,16.61,16.8,5689
165,16.79,17.0344,16.79,16.8,4500
169,17.15,17.15,17.01,17.01,1800
172,17.235,17.235,17.2092,17.2092,700
174,17.1,17.17,17.1,17.17,1001
175,17.11,17.11,17.1,17.1,200
177,17.15,17.19,17.1,17.1,400
178,17.16,17.16,17.16,17.16,100
179,17.03,17.1,16.57,17.1,2500
180,17.05,17.07,17,17,2582
286,16.85,16.85,16.79,16.79,500
289,17.12,17.12,16.85,16.85,300
290,16.78,16.89,16.68,16.89,1059
291,16.74,16.74,16.74,16.74,200
292,16.7694,16.7694,16.7694,16.7694,100
294,16.79,17.01,16.7,16.7,600
295,16.85,17.01,16.8001,17.01,600
297,17.04,17.2,16.82,16.82,1400
298,17.27,17.27,17.27,17.27,100
299,17.06,17.15,17.06,17.15,300
303,16.84,16.84,16.84,16.84,100
304,16.8,16.92,16.8,16.81,400
310,16.9701,16.9701,16.9701,16.9701,100
311,16.92,16.97,16.92,16.97,200
316,16.87,16.87,16.87,16.87,100
320,16.975,16.975,16.975,16.975,100
324,16.98,17.17,16.98,17.14,1571
429,17.1,17.1,17.1,17.1,113
430,17.02,17.09,16.97,17.09,1100
431,17.03,17.03,17.02,17.02,800
433,17.14,17.14,17.01,17.01,400
434,17.07,17.07,17.07,17.07,400
435,17.04,17.04,17,17,300
437,16.99,16.99,16.9748,16.9748,700
440,17.02,17.02,16.96,16.96,400
442,17.09,17.09,17.09,17.09,100
446,16.9,16.9,16.9,16.9,100
448,16.9,16.9,16.9,16.9,449
449,16.74,16.74,16.68,16.72,400
450,16.71,16.75,16.71,16.75,300
455,16.58,16.58,16.58,16.58,100
457,16.69,16.74,16.62,16.62,500
458,16.66,16.66,16.56,16.57,400
459,16.78,16.78,16.78,16.78,100
462,16.72,16.77,16.72,16.77,400
463,16.67,16.67,16.67,16.67,100
464,16.62,16.62,16.62,16.62,100
465,16.67,16.67,16.62,16.62,300
466,16.63,16.63,16.63,16.63,100
467,16.63,16.63,16.63,16.63,100
468,16.64,16.74,16.63,16.63,729
862,16.8,16.8,16.8,16.8,289
866,16.65,16.65,16.65,16.65,414
867,16.4,16.58,16.4,16.58,600
876,16.62,16.62,16.62,16.62,100
879,16.52,16.52,16.52,16.52,500
881,16.65,16.65,16.59,16.59,1300
882,16.7,16.75,16.7,16.75,200
887,16.65,16.65,16.65,16.65,100
888,16.64,16.64,16.64,16.64,400
889,16.69,16.69,16.56,16.56,200
892,16.55,16.55,16.55,16.55,100
895,16.6048,16.6048,16.6048,16.6048,658
900,16.69,16.69,16.635,16.635,296
a1494342000,16.75,16.75,16.69,16.69,200
3,16.72,16.72,16.72,16.72,200
4,16.6475,16.6475,16.6475,16.6475,100
5,16.55,16.55,16.55,16.55,100
7,16.44,16.44,16.44,16.44,111
8,16.6,16.6,16.6,16.6,100
12,16.6,16.6,16.6,16.6,100
26,16.61,16.61,16.61,16.61,100
28,16.6,16.6,16.6,16.6,100
29,16.6,16.6,16.6,16.6,386
30,16.46,16.61,16.45,16.61,1005
135,16.52,16.52,16.52,16.52,100
139,16.12,16.15,16.12,16.15,200
142,16.11,16.11,16.07,16.07,400
145,16.15,16.15,16.15,16.15,100
146,16.31,16.31,16.24,16.25,608
148,16.2858,16.2858,16.2858,16.2858,210
151,16.2,16.22,16.2,16.22,400
152,16.2,16.2,16.2,16.2,601
154,16.21,16.2829,16.2,16.2829,872
155,16.22,16.22,16.22,16.22,100
156,16.3,16.3,16.3,16.3,100
159,16.22,16.22,16.22,16.22,100
160,16.16,16.277,16.16,16.2,745
161,16.23,16.23,16.23,16.23,300
162,16.23,16.26,16.23,16.26,1747
163,16.27,16.3,16.24,16.251,2470
164,16.42,16.43,16.42,16.43,200
167,16.4,16.4,16.4,16.4,100
168,16.27,16.4,16.27,16.4,200
173,16.22,16.22,16.22,16.22,100
174,16.22,16.23,16.22,16.23,558
279,16.18,16.18,16.18,16.18,100
283,16.07,16.18,16.07,16.18,499
285,16.15,16.15,16.07,16.07,600
292,16.15,16.15,16.15,16.15,200
293,16.16,16.16,16.16,16.16,400
295,16.15,16.15,16.15,16.15,100
296,16.1501,16.1501,16.1501,16.1501,100
299,16.16,16.16,16.16,16.16,100
300,16.16,16.17,16.16,16.17,300
301,16.35,16.35,16.22,16.22,800
302,16.3294,16.3294,16.3294,16.3294,220
304,16.26,16.26,16.26,16.26,100
305,16.24,16.25,16.24,16.25,300
307,16.24,16.24,16.24,16.24,300
309,16.24,16.24,16.24,16.24,100
310,16.24,16.24,16.24,16.24,100
311,16.23,16.23,16.23,16.23,200
312,16.22,16.24,16.22,16.23,2300
314,16.22,16.2201,16.22,16.22,500
315,16.22,16.22,16.22,16.22,100
317,16.16,16.16,16.16,16.16,200
318,16.21,16.28,16.16,16.16,501
423,16.21,16.21,16.21,16.21,531
424,16.5089,16.5089,16.5089,16.5089,100
426,16.24,16.24,16.24,16.24,100
427,16.21,16.21,16.21,16.21,281
428,16.21,16.21,16.21,16.21,467
431,16.21,16.21,16.2,16.2,687
433,16.17,16.21,16.17,16.21,1151
434,16.17,16.17,16.17,16.17,200
438,16.02,16.02,16.02,16.02,200
441,16.02,16.02,16.02,16.02,100
450,16.07,16.07,15.96,15.96,200
455,16.37,16.37,15.99,15.99,2100
456,16.3355,16.35,16.06,16.32,1398
458,16.54,16.61,16.54,16.61,1200
459,16.6,16.6,16.55,16.55,700
461,16.7,16.7,16.7,16.7,100
462,16.59,16.92,16.5,16.92,826
855,16.7,16.7,16.7,16.7,193
861,16.79,16.79,16.25,16.26,400
862,16.65,16.65,16.65,16.65,500
863,16.75,16.75,16.65,16.65,1000
865,16.46,16.82,16.46,16.82,200
866,16.7682,16.835,16.37,16.65,1898
868,16.84,16.84,16.84,16.84,100
869,16.84,16.84,16.84,16.84,100
874,16.8,16.8,16.8,16.8,146
875,16.74,16.76,16.74,16.76,400
876,16.24,16.74,16.24,16.74,5900
877,16.53,16.57,16.38,16.42,13800
878,16.47,16.47,16.47,16.47,400
881,16.44,16.44,16.43,16.44,304
884,16.68,16.68,16.48,16.52,1611
885,16.85,16.85,16.58,16.58,3955
886,16.81,16.89,16.78,16.78,2375
887,16.8,16.83,16.8,16.8,12800
888,16.79,16.81,16.79,16.81,200
890,16.68,16.68,16.64,16.64,525
891,16.68,16.68,16.68,16.68,100
892,16.61,16.61,16.61,16.61,150
893,16.49,16.49,16.49,16.49,120
894,16.32,16.41,16.25,16.41,1761
999,16.53,16.53,16.53,16.53,304
a1494944400,16.3999,16.3999,16.34,16.35,3776
1,16.31,16.32,16.31,16.32,200
2,16.34,16.34,16.34,16.34,712
3,16.47,16.47,16.39,16.39,700
4,16.6,16.6,16.58,16.58,200
5,16.5301,16.5301,16.5301,16.5301,485
9,16.66,16.69,16.53,16.53,1300
11,16.67,16.67,16.67,16.67,100
12,16.67,16.67,16.67,16.67,100
16,16.66,16.66,16.66,16.66,100
17,16.68,16.68,16.68,16.68,100
18,16.71,16.84,16.71,16.84,200
24,16.81,16.81,16.81,16.81,134
25,16.81,16.81,16.81,16.81,300
27,16.81,16.81,16.81,16.81,100
28,16.91,17.2858,16.82,16.82,3928
32,17.15,17.15,17.15,17.15,100
33,16.99,16.99,16.99,16.99,100
34,17.12,17.24,17,17.24,2390
141,16.57,16.57,16.56,16.5699,924
143,16.53,16.53,16.5113,16.5113,800
148,16.84,16.84,16.84,16.84,116
157,16.81,16.82,16.75,16.75,1200
162,16.74,16.74,16.74,16.74,367
163,16.74,16.75,16.74,16.74,1800
165,16.73,16.74,16.73,16.74,600
166,16.73,16.73,16.73,16.73,300
167,16.73,16.73,16.73,16.73,100
168,16.73,16.73,16.73,16.73,500
169,16.72,16.73,16.72,16.73,500
171,16.54,16.72,16.54,16.72,499
172,16.35,16.35,16.35,16.35,100
173,16.34,16.34,16.34,16.34,100
175,16.53,16.53,16.53,16.53,100
176,16.38,16.38,16.38,16.38,123
178,16.39,16.39,16.3,16.38,2090
285,16.1,16.1,16.1,16.1,108
287,16.12,16.1499,16.005,16.05,1200
289,16.06,16.06,15.72,15.72,1000
297,16.07,16.07,16.07,16.07,100
299,16.07,16.07,16.07,16.07,100
302,16.08,16.09,16.08,16.08,400
310,15.9785,16.076,15.874,15.88,3100
311,16.21,16.4199,16.0841,16.1,2100
312,16.39,16.39,16.2068,16.21,1300
313,16.4,16.4,16.4,16.4,100
314,16.46,16.46,16.46,16.46,200
316,16.5,16.5,16.5,16.5,100
317,16.5,16.5,16.5,16.5,381
319,16.51,16.51,16.51,16.51,1400
320,16.5,16.505,16.4999,16.5,2103
321,16.54,16.54,16.54,16.54,100
322,16.56,16.56,16.35,16.5,3332
427,16.69,16.69,16.69,16.69,519
429,16.69,16.69,16.69,16.69,200
430,16.43,16.43,16.42,16.42,500
436,16.51,16.51,16.51,16.51,456
440,16.62,16.6204,16.57,16.57,1813
443,16.62,16.62,16.62,16.62,400
445,16.59,16.6,16.59,16.6,1200
446,16.6,16.64,16.6,16.64,400
447,16.62,16.62,16.62,16.62,200
448,16.87,16.88,16.67,16.67,2175
449,16.8063,16.89,16.8063,16.89,300
450,16.82,16.82,16.82,16.82,100
451,16.82,16.82,16.82,16.82,100
452,16.8,16.8,16.8,16.8,300
454,16.7204,16.76,16.67,16.76,4897
455,16.67,16.71,16.67,16.71,1094
456,16.52,16.56,16.52,16.56,400
457,16.55,16.55,16.55,16.55,200
460,16.63,16.63,16.56,16.57,400
462,16.66,16.66,16.61,16.61,600
463,16.66,16.66,16.66,16.66,200
465,16.74,16.74,16.74,16.74,100
466,16.69,16.7214,16.6,16.695,2709
859,16.66,16.66,16.66,16.66,294
869,16.67,16.7487,16.66,16.7487,2200
871,16.75,16.77,16.67,16.77,500
872,16.75,16.75,16.75,16.75,100
873,16.76,16.76,16.76,16.76,499
882,16.89,16.89,16.89,16.89,100
883,16.9,16.91,16.9,16.91,1100
884,17,17,16.81,16.93,5304
885,17.1,17.1,17.1,17.1,200
886,17.24,17.39,17.1001,17.1001,1300
887,17.37,17.51,17.37,17.492,800
888,17.38,17.38,17.38,17.38,100
889,17.15,17.538,17.15,17.4,4300
890,17.26,17.26,17.24,17.2495,400
891,17.3,17.3,17.28,17.28,500
892,17.18,17.26,17.18,17.26,450
894,17.32,17.32,17.32,17.32,800
895,17.32,17.32,17.32,17.32,400
896,17.2,17.2,17.2,17.2,100
897,17.18,17.27,17.18,17.27,700
898,17.17,17.17,17.02,17.02,587
a1495546200,17.27,17.27,17.27,17.27,101
4,17.199,17.199,16.8,16.8,1499
7,16.805,16.805,16.65,16.65,200
9,16.8517,16.885,16.8517,16.885,200
14,17.15,17.15,17.075,17.075,300
15,17.18,17.18,17.18,17.18,200
16,17.155,17.155,17.0847,17.0847,400
19,17.28,17.28,17.28,17.28,100
21,17.3,17.3,17.27,17.27,1067
23,17.25,17.25,17.25,17.25,100
28,17.22,17.23,17.22,17.23,880
31,17.08,17.22,17.08,17.22,1000
35,17.06,17.06,17.06,17.06,100
36,17.25,17.25,17.13,17.13,2000
37,17.25,17.25,17.25,17.25,100
38,17.28,17.38,17.276,17.38,708
39,17.38,17.38,17.28,17.31,701
148,17.7,17.7,17.4309,17.44,1000
154,17.81,17.81,17.81,17.81,100
155,17.692,17.8,17.692,17.8,1900
156,17.67,17.67,17.67,17.67,100
163,17.78,17.78,17.78,17.78,400
166,17.77,17.77,17.77,17.77,200
168,17.718,17.718,17.718,17.718,100
169,17.68,17.68,17.68,17.68,200
172,17.67,17.67,17.67,17.67,100
174,17.75,17.75,17.73,17.73,400
175,17.76,17.78,17.76,17.78,200
176,17.74,17.74,17.74,17.74,100
178,17.74,17.8,17.74,17.8,500
179,17.74,17.74,17.74,17.74,100
183,17.61,17.61,17.47,17.55,709
288,17.77,17.77,17.77,17.77,105
292,17.69,17.69,17.69,17.69,100
294,17.48,17.6953,17.48,17.6953,200
297,17.5475,17.5475,17.48,17.48,200
298,17.59,17.609,17.59,17.609,200
300,17.5008,17.52,17.5,17.52,1526
301,17.5,17.5,17.5,17.5,100
302,17.5445,17.5445,17.5445,17.5445,100
303,17.5,17.6,17.5,17.6,300
304,17.55,17.55,17.55,17.55,1000
305,17.55,17.55,17.55,17.55,409
306,17.51,17.51,17.5,17.5,300
308,17.55,17.55,17.55,17.55,100
309,17.55,17.55,17.55,17.55,100
312,17.55,17.55,17.55,17.55,100
313,17.56,17.56,17.56,17.56,100
320,17.57,17.57,17.56,17.57,500
323,17.55,17.59,17.55,17.59,4800
325,17.56,17.56,17.55,17.55,200
326,17.55,17.55,17.55,17.55,144
327,17.48,17.59,17.34,17.55,1832
432,17.49,17.49,17.49,17.49,300
433,17.33,17.33,17.33,17.33,100
434,17.33,17.33,17.33,17.33,100
435,17.25,17.26,17.25,17.25,600
436,16.99,17.25,16.99,17.25,2299
437,16.95,16.98,16.95,16.98,3500
438,16.8,16.8,16.8,16.8,100
442,17.0195,17.0195,16.85,16.9,1200
443,17.01,17.01,17,17,1427
457,17,17,17,17,100
461,17.1,17.1,17,17,821
462,16.97,16.97,16.97,16.97,100
464,16.96,16.96,16.96,16.96,100
465,17.0393,17.0393,17.025,17.0321,300
467,17.03,17.03,17.03,17.03,100
468,17.02,17.02,17.02,17.02,100
469,16.98,17.04,16.98,17.04,200
470,16.99,16.99,16.99,16.99,100
471,17.02,17.02,16.99,16.99,472
a1496152200,17.02,17.02,17.02,17.02,805
3,17,17.02,16.99,17.02,391
8,17.2139,17.2139,17.2139,17.2139,205
10,17.21,17.21,17.21,17.21,500
11,17.068,17.4,17.0174,17.21,2100
12,17.02,17.02,17.02,17.02,100
14,17.02,17.02,17.02,17.02,100
15,16.95,16.95,16.95,16.95,100
22,17.3,17.3,17.205,17.205,500
23,17.33,17.33,17.31,17.31,400
26,17.35,17.44,17.35,17.35,3298
28,17.3405,17.36,17.3405,17.36,209
29,17.34,17.56,17.2825,17.2825,2672
30,17.34,17.36,17.34,17.36,782
32,17.47,17.47,17.33,17.33,15523
33,17.71,17.78,17.51,17.51,1600
34,18.18,18.43,17.64,17.69,18567
35,17.8932,18.1848,17.86,18.15,3638
36,18.0899,18.0899,18.0899,18.0899,100
37,17.94,17.99,17.935,17.94,1638
142,18.36,18.36,18.36,18.36,1804
145,17.8587,17.8587,17.8587,17.8587,150
147,17.85,17.85,17.85,17.85,100
148,17.86,17.86,17.86,17.86,500
151,17.87,17.87,17.84,17.84,600
153,17.87,17.87,17.87,17.87,500
157,18.01,18.01,18.01,18.01,100
158,17.72,17.99,17.72,17.99,200
161,17.48,17.71,17.254,17.71,13019
162,18,18.8,17.47,17.54,35427
163,17.7,17.94,17.7,17.94,2031
166,17.523,17.523,17.523,17.523,490
167,17.688,17.688,17.688,17.688,490
170,17.75,17.75,17.5,17.5,400
171,17.75,17.75,17.75,17.75,100
173,17.75,17.75,17.75,17.75,500
175,17.75,17.75,17.75,17.75,100
178,17.75,17.75,17.75,17.75,100
179,17.62,17.62,17.62,17.62,100
181,17.64,17.65,17.51,17.51,1811
286,17.84,17.84,17.84,17.84,106
289,17.25,17.7,17.12,17.7,3000
290,17.36,17.37,17.26,17.26,1127
291,17.68,17.68,17.245,17.258,3700
292,17.36,17.36,17.36,17.36,100
295,17.51,17.51,17.41,17.41,200
302,17.5,17.5,17.5,17.5,200
303,17.5,17.5,17.5,17.5,100
306,17.5,17.5,17.5,17.5,100
307,17.5783,17.5783,17.5,17.5,214
308,17.64,17.64,17.64,17.64,200
309,17.66,17.66,17.66,17.66,100
311,17.6,17.6,17.6,17.6,100
312,17.61,17.65,17.61,17.65,200
313,17.6,17.61,17.6,17.61,2000
316,17.82,17.82,17.79,17.79,200
317,17.93,17.93,17.84,17.84,300
320,18.45,18.45,18.45,18.45,100
323,18.05,18.05,18.05,18.05,100
324,18,18,17.85,18,400
325,17.95,17.95,17.8,17.8826,2729
430,18.24,18.24,18.24,18.24,506
434,18.19,18.19,18.19,18.19,100
440,18.118,18.118,18.118,18.118,345
442,18.2,18.2,18.2,18.2,176
447,18.5,18.5,18.295,18.295,206
449,18.22,18.25,18.22,18.25,923
450,18,18.13,18,18.13,4839
451,17.96,18,17.96,18,500
454,17.9,17.9,17.9,17.9,100
460,17.9,17.9,17.9,17.9,333
461,17.929,18,17.929,17.95,1620
462,17.83,17.93,17.83,17.93,600
463,17.51,17.79,17.51,17.79,200
466,17.83,17.88,17.83,17.88,899
467,17.61,17.73,17.61,17.73,400
468,17.65,17.66,17.65,17.66,200
469,17.82,17.84,17.68,17.75,1740
862,18.06,18.06,18.06,18.06,1153
863,18.211,18.211,17.95,17.95,200
864,17.94,17.94,17.94,17.94,100
867,18.34,18.34,18.05,18.15,600
871,18.2,18.2,18.1,18.1,200
873,18,18.0652,17.86,18,2600
877,17.86,17.99,17.74,17.99,2300
879,17.77,17.77,17.77,17.77,100
881,17.45,17.7,17.45,17.7,990
882,17.59,17.59,17.49,17.49,820
883,17.3989,17.43,17.3989,17.43,700
884,17.36,17.37,17.36,17.37,443
887,17.21,17.4,17.21,17.3,4600
888,17.3673,17.3673,17.3673,17.3673,600
889,17.3001,17.3001,17.3001,17.3001,100
892,17.3736,17.3736,17.3,17.3,250
894,17.45,17.45,17.45,17.45,464
895,17.55,17.6,17.55,17.6,400
896,17.485,17.485,17.485,17.485,100
897,17.62,17.62,17.58,17.62,413
898,17.65,17.65,17.64,17.645,847
900,17.67,17.67,17.67,17.67,200
901,17.68,17.68,17.578,17.68,2721
a1496755800,17.59,17.59,17.59,17.59,100
1,17.42,17.55,17.42,17.55,200
5,17.4,17.4,17.4,17.4,100
7,17.2993,17.4,17.285,17.4,300
13,17.4904,17.4904,17.3141,17.37,2489
16,17.62,17.62,17.58,17.58,400
17,17.36,17.36,17.36,17.36,100
18,17.8278,17.8278,17.8278,17.8278,500
19,17.8,17.8,17.8,17.8,100
20,17.88,17.88,17.87,17.87,766
22,17.92,17.92,17.87,17.87,200
25,17.84,17.84,17.84,17.84,100
27,18.02,18.02,18.02,18.02,100
28,18.04,18.04,18.04,18.04,300
32,18.14,18.14,18.14,18.14,100
33,18.15,18.15,18.14,18.14,200
36,18.3205,18.48,18.121,18.48,600
37,18.1401,18.1401,18.1401,18.1401,400
38,18.5199,18.5199,18.5199,18.5199,500
39,18.18,18.5,18.08,18.5,3491
151,18.16,18.18,18.16,18.18,200
152,18.16,18.16,18.16,18.16,100
153,18.27,18.27,18.27,18.27,288
154,18.4317,18.4317,18.185,18.27,1400
155,18.3744,18.3744,18.3744,18.3744,1000
156,18.31,18.39,18.31,18.39,200
158,18.35,18.35,18.35,18.35,300
159,18.27,18.27,18.27,18.27,100
164,18.3701,18.4999,18.35,18.35,895
165,18.36,18.37,18.32,18.37,500
166,18.44,18.44,18.44,18.44,400
168,18.4,18.4,18.4,18.4,200
172,18.3,18.4,18.3,18.35,597
173,18.3999,18.3999,18.34,18.34,200
174,18.27,18.4,18.27,18.3992,460
176,18.4392,18.4392,18.42,18.42,1200
177,18.25,18.25,18.25,18.25,370
179,18.29,18.33,18.29,18.33,200
181,18.2,18.2,18.2,18.2,100
182,18.8,18.81,18.26,18.26,3303
183,18.41,18.9899,18.35,18.75,3375
288,18.41,18.41,18.41,18.41,100
294,18.54,18.54,18.54,18.54,350
295,18.66,18.66,18.66,18.66,300
300,18.71,18.71,18.71,18.71,100
301,18.7,18.73,18.7,18.73,1034
307,18.975,18.975,18.975,18.975,100
308,18.99,18.99,18.99,18.99,100
312,19,19.05,18.97,18.97,612
315,18.95,18.95,18.95,18.95,100
316,19.0793,19.0793,19.0793,19.0793,200
318,18.95,18.96,18.95,18.96,200
319,19.09,19.09,18.96,18.96,200
320,19,19,19,19,100
321,18.9,18.94,18.9,18.94,700
322,18.9,18.98,18.9,18.94,400
323,18.87,18.89,18.87,18.89,300
324,18.87,18.88,18.87,18.88,200
325,18.87,18.87,18.87,18.87,300
326,18.99,18.99,18.86,18.86,600
327,18.98,19.05,18.935,18.935,5443
433,18.62,18.62,18.62,18.62,100
444,18.9999,18.9999,18.9999,18.9999,200
452,18.9066,18.9066,18.9066,18.9066,200
453,19.05,19.05,18.99,18.99,900
454,19.1,19.1,19.1,19.1,398
455,18.96,18.96,18.96,18.96,100
458,19.51,19.51,19.3,19.3,1000
460,19.9,20.09,19.8762,20.09,1765
461,20.0769,20.0769,20.0769,20.0769,100
463,20.1471,20.19,20.1364,20.19,716
464,20.14,20.14,20.14,20.14,100
465,19.96,19.96,19.96,19.96,100
467,19.94,19.94,19.94,19.94,200
468,19.9101,19.93,19.9101,19.93,250
469,19.22,19.4211,19.22,19.4211,301
470,19.38,19.38,19.38,19.38,100
471,19.44,19.55,19.43,19.44,1977
864,19.7,19.7,19.7,19.7,483
865,20,20.3,20,20.3,700
866,19.9397,20.04,19.9397,20,900
867,19.86,19.86,19.86,19.86,100
868,19.98,19.98,19.8,19.8501,1400
869,19.8,19.8,19.8,19.8,100
870,19.8738,19.8738,19.8738,19.8738,200
871,19.85,19.91,19.85,19.91,200
872,19.8804,19.8804,19.8804,19.8804,351
873,19.89,19.89,19.89,19.89,100
874,19.9031,19.9031,19.9031,19.9031,282
875,19.8,19.8,19.8,19.8,100
877,19.97,19.97,19.97,19.97,100
878,19.96,19.96,19.96,19.96,100
879,19.8,19.8,19.8,19.8,100
880,19.79,19.79,19.79,19.79,100
885,19.825,19.825,19.825,19.825,200
889,19.71,19.75,19.584,19.75,900
890,19.46,19.46,19.46,19.46,100
894,19.45,19.45,19.45,19.45,100
896,19.485,19.485,19.485,19.485,730
899,19.54,19.54,19.53,19.53,300
900,19.31,19.415,19.31,19.415,400
901,19.3503,19.3503,19.25,19.25,400
902,19.25,19.335,19.25,19.335,200
903,19.27,19.48,19.06,19.3,2336
a1497360600,19.32,19.32,19.32,19.32,300
2,19.575,19.575,19.575,19.575,200
5,19.15,19.15,19.15,19.15,100
6,19.36,19.36,19.35,19.35,200
9,19.35,19.35,19.35,19.35,100
12,19.49,19.49,19.49,19.49,100
14,19.22,19.22,19.22,19.22,100
16,19.0001,19.24,19,19.24,2699
17,19.47,19.48,19.47,19.48,200
19,19.02,19.02,19.02,19.02,100
20,18.99,19,18.99,19,200
21,18.94,18.94,18.94,18.94,100
22,18.94,18.94,18.94,18.94,100
25,18.725,18.86,18.725,18.8,927
26,18.8738,18.8738,18.8738,18.8738,495
27,18.8707,18.8707,18.8707,18.8707,1000
28,19,19,18.9508,19,400
30,19.45,19.45,19.45,19.45,100
31,19.19,19.19,19.19,19.19,100
35,19.35,19.375,19.35,19.375,200
38,19.25,19.49,19.25,19.49,200
39,19.39,19.39,19.38,19.39,400
146,18.956,18.956,18.956,18.956,100
147,19.09,19.1,18.8122,19.1,600
155,18.815,18.9495,18.815,18.94,300
158,18.97,18.97,18.97,18.97,100
164,18.855,18.855,18.855,18.855,100
166,18.91,18.91,18.86,18.86,200
167,18.95,18.95,18.95,18.95,100
170,18.87,18.87,18.87,18.87,100
172,19.4,19.4,18.9412,18.95,5734
173,19.5,19.5,19.5,19.5,400
174,19.35,19.48,19.35,19.48,300
176,19.47,19.47,19.32,19.4,400
177,19.385,19.385,19.385,19.385,100
178,19.6,19.6,19.47,19.47,996
179,19.5193,19.59,19.5193,19.59,1100
180,19.65,19.65,19.5,19.5,1261
181,19.73,19.97,19.73,19.955,1000
182,19.72,19.75,19.72,19.75,200
183,19.75,20,19.6123,19.8,5056
288,19.49,19.49,19.49,19.49,106
294,19.45,19.45,19.45,19.45,100
295,19.475,19.4988,19.45,19.45,300
296,19.75,19.75,19.75,19.75,100
304,19.52,19.7486,19.52,19.7486,200
305,19.72,19.72,19.72,19.72,100
309,19.8,19.8,19.8,19.8,100
313,19.81,19.81,19.81,19.81,100
315,19.8498,19.8498,19.8498,19.8498,100
316,20.05,20.05,19.95,19.95,500
318,20.02,20.15,20.02,20.15,200
323,20.05,20.25,20.02,20.02,600
324,20.0945,20.0945,20.0945,20.0945,500
325,20.02,20.02,20.02,20.02,100
327,20.11,20.17,19.91,19.91,997
432,20.01,20.01,20.01,20.01,4227
433,20.1968,20.1968,20.1968,20.1968,250
434,19.94,20.22,19.94,20.22,2100
436,19.93,19.93,19.93,19.93,100
437,19.91,19.91,19.8138,19.8138,204
438,20,20,20,20,100
441,20.1,20.1,20.01,20.01,200
446,20.12,20.16,20.1163,20.16,463
447,20.19,20.19,20.19,20.19,300
450,20.31,20.31,20.31,20.31,200
451,20.3599,20.3599,20.3599,20.3599,100
455,20.36,20.36,20.36,20.36,100
461,20.45,20.45,20.45,20.45,100
462,20.27,20.29,20.27,20.29,700
463,20.28,20.355,20.28,20.355,200
464,20.29,20.3101,20.29,20.3101,200
465,20.16,20.16,20.16,20.16,100
466,20.26,20.26,20.26,20.26,100
470,20.26,20.26,20.26,20.26,200
471,20.19,20.19,20.075,20.075,7387
865,19.92,20.2147,19.92,20.2147,850
868,19.9,19.9,19.865,19.865,600
872,19.55,19.55,19.55,19.55,100
873,19.25,19.25,19.25,19.25,100
874,19.51,19.51,19.5,19.5,1000
876,19.49,19.49,19.49,19.49,100
878,19.73,19.8,19.4679,19.48,2021
885,19.58,19.58,19.58,19.58,100
888,19.6,19.6,19.6,19.6,100
889,19.66,19.66,19.66,19.66,100
891,19.57,19.57,19.57,19.57,100
892,19.53,19.53,19.53,19.53,100
897,19.78,19.78,19.78,19.78,300
899,19.56,19.56,19.55,19.55,300
900,19.67,19.67,19.6185,19.6185,500
901,19.7,19.7,19.57,19.57,200
902,19.79,19.79,19.6653,19.69,800
903,19.68,19.83,19.68,19.8,3351
a1497965400,19.47,19.47,19.47,19.47,516
1,19.96,19.96,19.96,19.96,200
2,19.78,19.78,19.74,19.78,300
3,19.05,19.14,19.05,19.14,200
5,19.189,19.189,19.189,19.189,195
9,19.73,19.73,19.15,19.15,700
15,19.155,19.43,19.155,19.3913,700
16,19.445,19.445,19.445,19.445,100
17,19.4399,19.49,19.425,19.49,300
18,19.39,19.39,19.39,19.39,100
19,19.54,19.54,19.4299,19.4299,300
20,19.73,19.73,19.7,19.7,678
21,19.86,19.86,19.86,19.86,100
23,19.78,19.79,19.7799,19.7799,1170
24,19.2,19.71,19.19,19.71,1333
26,19.43,19.43,19.43,19.43,100
27,19.51,19.515,19.51,19.515,800
31,19.4,19.4,19.4,19.4,100
32,19.67,19.67,19.67,19.67,100
33,19.68,19.68,19.54,19.54,300
36,19.68,19.68,19.68,19.68,100
37,19.68,19.68,19.68,19.68,164
39,19.59,19.7,19.58,19.61,1621
145,19.53,19.53,19.53,19.53,100
150,19.6001,19.6001,19.6,19.6,966
153,19.71,19.71,19.61,19.61,200
155,19.71,19.71,19.71,19.71,455
158,19.78,19.78,19.755,19.78,585
159,19.75,19.75,19.75,19.75,100
164,19.6897,19.91,19.67,19.91,500
166,19.72,19.72,19.72,19.72,200
172,19.66,19.66,19.66,19.66,100
173,19.53,19.53,19.53,19.53,400
174,19.64,19.71,19.64,19.71,300
175,19.34,19.34,19.34,19.34,100
177,19.5,19.5,19.5,19.5,200
178,19.5,19.5,19.5,19.5,300
179,19.69,19.69,19.5,19.5,200
180,19.61,19.61,19.61,19.61,100
181,19.6,19.71,19.6,19.71,200
182,19.69,19.69,19.69,19.69,100
183,19.68,19.7,19.67,19.67,802
297,19.7,19.7,19.7,19.7,100
298,19.71,20.15,19.71,20.08,400
299,19.72,19.76,19.7,19.76,700
300,19.46,19.65,19.46,19.65,300
302,19.6893,19.6893,19.66,19.66,200
303,19.63,19.63,19.63,19.63,100
305,19.5,19.5,19.5,19.5,2000
307,19.4907,19.4907,19.4907,19.4907,100
309,19.49,19.49,19.49,19.49,200
310,19.5,19.5,19.5,19.5,200
312,19.5,19.5,19.5,19.5,100
313,19.5,19.5,19.5,19.5,100
315,19.5,19.5,19.5,19.5,100
316,19.5,19.5,19.5,19.5,300
318,19.5,19.5,19.5,19.5,200
321,19.5,19.5,19.5,19.5,200
322,19.49,19.49,19.49,19.49,100
323,19.7759,19.7759,19.7759,19.7759,3000
324,19.52,19.77,19.52,19.68,1300
325,19.48,19.705,19.48,19.705,853
326,19.49,19.64,19.48,19.63,800
327,19.46,19.5,19.45,19.5,803
432,19.4,19.4,19.4,19.4,201
433,19.76,19.76,19.76,19.76,100
439,19.93,20.02,19.93,19.93,927
440,19.81,19.81,19.81,19.81,300
441,20.2,20.2,20.03,20.05,900
443,20.09,20.11,19.995,19.9998,400
444,19.975,19.975,19.975,19.975,100
445,19.985,20.1,19.98,20.1,502
451,20.075,20.075,20.075,20.075,100
452,20,20.01,20,20.01,1024
453,20.1,20.1,20.1,20.1,100
454,20.24,20.24,20.24,20.24,100
458,20.135,20.21,20.135,20.21,200
459,20.23,20.23,20.22,20.22,200
462,20.14,20.14,20.14,20.14,341
463,20.1495,20.1495,20.14,20.14,200
464,20.1595,20.1595,20.15,20.15,398
465,20.17,20.23,20.17,20.23,200
466,20.24,20.24,20.24,20.24,100
467,20.175,20.175,20.175,20.175,100
469,20.08,20.17,20.06,20.115,800
470,19.98,20.11,19.98,20.11,400
471,19.84,20.09,19.57,19.9,152159
864,19.94,19.94,19.94,19.94,618
865,19.9,19.94,19.9,19.94,1151
866,20.07,20.07,20.07,20.07,100
867,20.19,20.19,20.19,20.19,100
869,19.98,19.98,19.98,19.98,100
871,20.11,20.136,20.11,20.136,350
872,20.09,20.09,20.09,20.09,100
873,20.09,20.09,20.06,20.06,200
875,19.77,20.02,19.49,20.02,704
876,19.65,19.65,19.5,19.53,300
877,19.41,19.41,19.41,19.41,100
879,19.42,19.42,19.42,19.42,200
880,19.11,19.42,19.11,19.27,900
881,19.12,19.13,19.12,19.13,200
882,18.83,19.11,18.83,19.11,1523
883,19.13,19.13,18.862,18.89,3200
884,19.25,19.25,19.2,19.2,200
885,19.3,19.3,19.09,19.095,400
889,19.53,19.53,19.53,19.53,100
890,19.4,19.4,19.4,19.4,100
891,19.07,19.27,19.07,19.27,1622
893,19.09,19.24,19.09,19.24,200
894,19.17,19.17,19.17,19.17,300
896,19.1699,19.29,19.15,19.15,700
897,19.15,19.17,19.14,19.165,1700
898,19.125,19.15,19.12,19.15,1000
899,19.28,19.28,19.155,19.17,5300
900,19.295,19.295,19.175,19.175,200
901,19.21,19.29,19.21,19.29,200
902,19.375,19.375,19.375,19.375,100
903,18.86,19.29,18.86,19.29,5696
a1498570800,20.0364,20.0364,18.9002,18.9002,350
1,19.33,19.49,19.33,19.45,5250
5,19.15,19.201,19.15,19.201,651
6,19.27,19.27,19.142,19.18,3201
7,19.44,19.44,19.305,19.305,500
8,19.71,19.74,19.5,19.5,600
9,19.5,19.5,19.35,19.35,300
10,19.7,19.7,19.52,19.52,1400
11,19.612,19.6975,19.612,19.65,400
12,19.65,19.719,19.61,19.62,1400
13,19.96,19.96,19.65,19.65,1500
14,20.05,20.05,20.05,20.05,200
15,20.04,20.04,20.04,20.04,200
17,19.96,20.084,19.96,20.02,3700
18,19.96,19.96,19.96,19.96,100
22,19.98,19.98,19.98,19.98,100
23,19.9,19.9,19.9,19.9,100
25,19.83,19.8301,19.83,19.8301,500
26,19.8,19.8,19.8,19.8,100
27,19.77,19.77,19.77,19.77,491
29,19.7,19.7,19.6999,19.6999,400
30,19.26,19.26,19.26,19.26,100
36,19.26,19.26,19.26,19.26,100
38,19.19,19.38,19,19.12,6337
144,20.04,20.04,19.63,19.77,6000
153,19.67,19.67,19.67,19.67,100
162,19.71,19.71,19.71,19.71,600
163,19.61,19.61,19.61,19.61,100
169,19.75,19.75,19.75,19.75,100
171,19.59,19.59,19.59,19.59,100
172,19.6,19.6,19.6,19.6,100
174,19.6664,19.6664,19.6664,19.6664,300
179,19.45,19.45,19.45,19.45,100
182,19.46,19.7499,19.46,19.7499,484
301,19.4,19.4,19.4,19.4,100
302,19.04,19.04,19.04,19.04,100
304,19.2899,19.2899,18.96,19.09,800
310,19.02,19.05,18.91,19.05,400
311,18.96,18.96,18.96,18.96,100
313,18.91,18.96,18.91,18.96,300
316,18.81,18.81,18.81,18.81,300
317,18.85,18.85,18.754,18.754,200
320,18.755,18.755,18.58,18.755,765
322,18.605,18.72,18.605,18.72,300
326,18.7,18.8,18.65,18.735,4515
432,18.95,19,18.9,19,693
434,18.9,18.91,18.85,18.91,1100
435,18.66,18.67,18.66,18.67,200
436,18.8,18.8,18.8,18.8,300
437,18.72,18.72,18.72,18.72,100
438,18.8,18.8,18.8,18.8,100
441,18.76,18.8,18.76,18.8,300
442,18.7,18.85,18.7,18.83,4350
443,18.6,18.66,18.6,18.66,300
444,18.56,18.56,18.56,18.56,100
445,18.5,18.555,18.5,18.555,781
446,18.4,18.4,18.4,18.4,200
448,18.3,18.3,18.3,18.3,100
449,18.2,18.2,18.2,18.2,100
450,18.2,18.2,18.2,18.2,100
451,18.06,18.24,18.06,18.24,200
452,18.37,18.37,18.07,18.23,3100
453,18.38,18.4,18.38,18.4,504
455,18.41,18.44,18.41,18.44,200
456,18.669,18.669,18.5,18.5,200
458,18.49,18.49,18.49,18.49,100
461,18.69,18.69,18.69,18.69,100
463,18.73,18.8,18.73,18.8,200
465,18.88,18.94,18.88,18.94,350
468,19.05,19.0917,18.97,19.0917,4551
469,19,19.22,19,19.22,200
470,18.95,19.0006,18.7,19,2501
863,18.98,18.98,18.98,18.98,112
865,18.592,18.592,18.592,18.592,858
874,20.23,20.23,18.96,18.96,200
881,19.865,19.865,19.865,19.865,200
883,19.79,19.79,19.79,19.79,100
884,19.79,19.79,19.73,19.79,432
a1499261400,19.68,19.68,19.68,19.68,122
11,19.1744,19.24,18.7001,19.0921,800
14,18.9254,18.9254,18.76,18.83,765
19,18.89,18.89,18.89,18.89,200
20,19.04,19.04,19.04,19.04,100
21,19.21,19.21,19.21,19.21,100
22,19.41,19.41,19.41,19.41,100
35,19.15,19.39,19.15,19.39,1307
36,18.83,19.1,18.83,19.08,700
39,19.08,19.24,18.89,19.14,4917
