EXCHANGE%3DNASDAQ
MARKET_OPEN_MINUTE=570
MARKET_CLOSE_MINUTE=960
INTERVAL=600
COLUMNS=DATE,CLOSE,HIGH,LOW,OPEN,VOLUME
DATA=
TIMEZONE_OFFSET=-240
a1493127000,10.6,10.6,10.6,10.6,205
4,10.68,10.71,10.68,10.7,800
7,10.64,10.64,10.64,10.64,400
10,10.64,10.65,10.64,10.65,400
11,10.65,10.66,10.62,10.65,2548
13,10.71,10.71,10.68,10.68,400
14,10.75,10.75,10.75,10.75,100
18,10.76,10.76,10.75,10.75,689
19,10.79,10.8699,10.79,10.84,1300
20,10.79,10.79,10.79,10.79,133
21,10.8,10.815,10.8,10.8,1100
22,10.89,10.95,10.89,10.89,600
23,10.82,10.89,10.82,10.89,2100
24,10.9,10.91,10.84,10.85,1590
25,10.89,10.99,10.89,10.99,400
26,10.95,10.98,10.9,10.97,600
27,10.9,10.9,10.89,10.89,300
29,10.91,10.91,10.91,10.91,100
30,10.84,10.89,10.84,10.89,4371
32,10.87,10.89,10.87,10.89,400
33,10.89,10.89,10.85,10.86,1995
34,10.89,10.89,10.89,10.89,100
38,10.87,10.89,10.87,10.89,200
39,10.85,10.89,10.84,10.89,6661
145,10.52,10.74,10.52,10.74,500
146,10.62,10.68,10.62,10.68,21600
147,10.55,10.64,10.5247,10.62,12200
148,10.57,10.58,10.43,10.46,10070
149,10.57,10.61,10.55,10.61,1079
150,10.63,10.64,10.63,10.63,1297
151,10.63,10.63,10.62,10.6299,407
152,10.6,10.64,10.6,10.64,900
153,10.5,10.6,10.485,10.6,3556
154,10.5,10.5,10.49,10.5,1300
155,10.5,10.5,10.5,10.5,100
156,10.55,10.55,10.54,10.54,800
157,10.58,10.58,10.53,10.55,7813
158,10.47,10.6,10.47,10.6,2900
159,10.49,10.5,10.475,10.48,700
160,10.48,10.48,10.48,10.48,300
161,10.46,10.47,10.46,10.47,400
162,10.49,10.49,10.49,10.49,100
163,10.49,10.5,10.47,10.48,500
164,10.5,10.5,10.5,10.5,1279
165,10.5,10.5,10.485,10.5,3782
166,10.62,10.62,10.48,10.5,7371
167,10.615,10.615,10.61,10.61,200
168,10.63,10.64,10.63,10.63,300
169,10.675,10.68,10.6,10.62,2909
170,10.665,10.665,10.66,10.66,200
172,10.64,10.67,10.64,10.65,900
174,10.69,10.7,10.65,10.66,900
175,10.7,10.7,10.66,10.695,600
177,10.71,10.8,10.7,10.7,1300
178,10.72,10.74,10.72,10.74,200
179,10.77,10.78,10.75,10.75,700
180,10.74,10.74,10.7,10.7,200
181,10.645,10.72,10.63,10.71,1700
182,10.65,10.67,10.63,10.67,1000
183,10.62,10.6499,10.58,10.61,6460
288,10.66,10.66,10.66,10.66,176
289,10.77,10.77,10.73,10.74,500
292,10.66,10.66,10.63,10.63,200
293,10.68,10.69,10.68,10.69,300
294,10.73,10.73,10.73,10.73,100
297,10.6,10.69,10.56,10.69,1600
298,10.58,10.58,10.58,10.58,100
299,10.66,10.66,10.66,10.66,200
300,10.551,10.551,10.551,10.551,100
301,10.54,10.54,10.54,10.54,200
302,10.56,10.56,10.479,10.479,500
303,10.58,10.61,10.53,10.55,700
305,10.59,10.59,10.564,10.564,900
306,10.59,10.59,10.59,10.59,400
307,10.59,10.65,10.58,10.59,1000
308,10.64,10.65,10.64,10.64,300
309,10.63,10.64,10.63,10.635,300
310,10.61,10.63,10.61,10.63,400
311,10.578,10.59,10.578,10.59,200
312,10.61,10.64,10.578,10.578,500
313,10.61,10.61,10.6,10.61,300
314,10.5,10.59,10.5,10.59,600
315,10.545,10.55,10.524,10.524,400
316,10.51,10.523,10.51,10.523,400
317,10.53,10.54,10.514,10.514,500
318,10.57,10.58,10.535,10.535,800
319,10.56,10.56,10.552,10.552,300
320,10.555,10.56,10.555,10.56,300
321,10.57,10.62,10.541,10.541,600
322,10.605,10.63,10.57,10.57,800
323,10.58,10.605,10.58,10.59,500
324,10.59,10.61,10.58,10.58,300
325,10.6,10.61,10.6,10.61,200
326,10.67,10.67,10.6,10.6,300
327,10.59,10.63,10.58,10.63,3546
433,10.62,10.62,10.62,10.62,100
434,10.69,10.69,10.52,10.52,400
435,10.54,10.54,10.54,10.54,100
436,10.51,10.51,10.51,10.51,100
438,10.5,10.51,10.5,10.51,300
439,10.51,10.52,10.51,10.51,300
443,10.5,10.57,10.5,10.55,300
444,10.48,10.48,10.48,10.48,200
445,10.53,10.53,10.48,10.48,456
446,10.515,10.61,10.515,10.61,400
447,10.56,10.56,10.56,10.56,100
448,10.61,10.61,10.61,10.61,100
449,10.69,10.69,10.61,10.61,200
450,10.69,10.69,10.69,10.69,100
451,10.68,10.68,10.68,10.68,200
452,10.63,10.64,10.6,10.64,400
453,10.65,10.65,10.63,10.63,200
454,10.72,10.72,10.65,10.65,200
455,10.66,10.66,10.61,10.61,200
457,10.65,10.65,10.64,10.64,200
459,10.64,10.64,10.64,10.64,100
460,10.57,10.57,10.57,10.57,100
462,10.68,10.68,10.68,10.68,100
463,10.74,10.74,10.74,10.74,100
464,10.64,10.64,10.64,10.64,100
465,10.58,10.58,10.58,10.58,100
466,10.61,10.61,10.61,10.61,100
467,10.59,10.68,10.59,10.62,1300
468,10.55,10.58,10.5,10.58,3360
469,10.582,10.64,10.53,10.55,2154
470,10.53,10.58,10.53,10.58,400
471,10.51,10.56,10.5,10.56,7763
864,10.62,10.62,10.62,10.62,821
865,10.57,10.6,10.57,10.59,500
866,10.57,10.61,10.5594,10.5594,6600
868,10.56,10.56,10.54,10.54,200
869,10.56,10.56,10.56,10.56,100
871,10.53,10.54,10.525,10.525,300
872,10.53,10.53,10.53,10.53,427
873,10.545,10.545,10.5,10.51,3700
875,10.55,10.57,10.55,10.57,300
876,10.5395,10.5395,10.53,10.53,375
877,10.56,10.56,10.56,10.56,100
879,10.535,10.535,10.52,10.535,800
881,10.535,10.535,10.535,10.535,200
884,10.535,10.535,10.535,10.535,100
885,10.5243,10.5243,10.5,10.52,650
886,10.51,10.5248,10.51,10.5248,550
888,10.53,10.53,10.53,10.53,100
889,10.525,10.525,10.525,10.525,100
890,10.525,10.525,10.525,10.525,100
891,10.525,10.525,10.525,10.525,500
892,10.52,10.52,10.52,10.52,100
893,10.52,10.525,10.52,10.525,300
895,10.48,10.52,10.41,10.5,11000
896,10.505,10.505,10.48,10.48,1300
898,10.51,10.515,10.51,10.515,200
899,10.5,10.53,10.5,10.515,2100
900,10.51,10.52,10.51,10.52,700
901,10.5,10.51,10.5,10.5,1338
902,10.53,10.53,10.51,10.52,600
903,10.53,10.53,10.5,10.52,11624
a1493732400,10.55,10.56,10.54,10.56,1200
1,10.48,10.54,10.48,10.54,600
2,10.48,10.48,10.48,10.48,400
4,10.47,10.52,10.47,10.52,200
5,10.48,10.48,10.48,10.48,100
6,10.52,10.52,10.52,10.52,200
7,10.494,10.53,10.494,10.53,1478
8,10.49,10.5,10.49,10.5,400
11,10.52,10.52,10.52,10.52,100
12,10.51,10.51,10.4901,10.4901,200
13,10.49,10.49,10.49,10.49,100
14,10.47,10.49,10.47,10.49,400
16,10.44,10.45,10.42,10.44,2300
17,10.42,10.47,10.42,10.435,600
18,10.5,10.5,10.5,10.5,100
19,10.47,10.47,10.47,10.47,1000
20,10.47,10.47,10.43,10.43,300
21,10.4008,10.46,10.4,10.46,600
22,10.4,10.4,10.4,10.4,400
23,10.36,10.36,10.36,10.36,100
24,10.4172,10.4172,10.4172,10.4172,500
25,10.42,10.42,10.42,10.42,100
26,10.47,10.47,10.41,10.44,2200
27,10.49,10.49,10.47,10.47,430
28,10.52,10.52,10.47,10.5,400
30,10.49,10.49,10.4899,10.4899,210
31,10.49,10.49,10.49,10.49,100
32,10.49,10.49,10.49,10.49,200
34,10.5,10.5,10.5,10.5,100
35,10.44,10.4411,10.44,10.4411,200
36,10.5,10.5,10.49,10.49,200
37,10.515,10.53,10.49,10.51,482
38,10.49,10.53,10.49,10.53,2653
143,10.42,10.42,10.42,10.42,139
144,10.49,10.49,10.49,10.49,100
145,10.54,10.56,10.54,10.56,600
147,10.54,10.54,10.54,10.54,300
149,10.49,10.49,10.49,10.49,100
152,10.52,10.52,10.45,10.453,500
154,10.53,10.53,10.5,10.5,1400
155,10.5,10.5,10.5,10.5,500
158,10.52,10.54,10.51,10.52,1690
159,10.54,10.54,10.52,10.52,400
160,10.52,10.54,10.51,10.54,1100
161,10.51,10.51,10.51,10.51,100
163,10.49,10.53,10.44,10.5,2900
165,10.47,10.47,10.47,10.47,2100
166,10.39,10.47,10.39,10.4541,915
168,10.34,10.39,10.34,10.39,600
169,10.35,10.35,10.285,10.35,1144
170,10.43,10.43,10.34,10.35,756
171,10.38,10.38,10.38,10.38,100
172,10.41,10.41,10.41,10.41,100
173,10.43,10.43,10.4,10.4,500
174,10.4,10.4,10.4,10.4,200
175,10.44,10.44,10.39,10.4,5624
176,10.455,10.48,10.455,10.48,400
177,10.46,10.46,10.46,10.46,300
178,10.43,10.45,10.43,10.45,200
179,10.43,10.43,10.43,10.43,1700
180,10.44,10.44,10.44,10.44,100
182,10.44,10.46,10.43,10.46,4729
287,10.51,10.51,10.51,10.51,125
290,10.58,10.58,10.58,10.58,100
292,10.45,10.55,10.45,10.55,200
293,10.44,10.44,10.43,10.43,300
294,10.455,10.52,10.455,10.52,200
296,10.52,10.52,10.52,10.52,100
299,10.54,10.54,10.54,10.54,100
300,10.52,10.52,10.52,10.52,225
302,10.52,10.52,10.52,10.52,200
312,10.38,10.5,10.38,10.5,2105
313,10.38,10.42,10.38,10.42,300
314,10.39,10.39,10.39,10.39,100
315,10.4,10.52,10.4,10.52,600
319,10.41,10.41,10.41,10.41,200
322,10.45,10.47,10.42,10.44,1040
323,10.44,10.44,10.41,10.44,600
324,10.45,10.45,10.41,10.41,400
325,10.45,10.47,10.41,10.46,500
326,10.43,10.48,10.42,10.42,2352
434,10.42,10.42,10.42,10.42,100
436,10.37,10.37,10.37,10.37,100
438,10.36,10.37,10.36,10.37,200
439,10.37,10.37,10.37,10.37,911
440,10.44,10.44,10.3644,10.38,1439
441,10.4,10.4,10.4,10.4,200
442,10.39,10.41,10.39,10.41,500
443,10.4,10.4026,10.4,10.4026,500
446,10.415,10.415,10.415,10.415,100
447,10.43,10.43,10.43,10.43,100
448,10.4,10.41,10.4,10.41,1300
450,10.4,10.4,10.4,10.4,300
451,10.42,10.42,10.41,10.41,200
452,10.4,10.4,10.4,10.4,300
453,10.43,10.43,10.43,10.43,100
454,10.45,10.45,10.43,10.43,600
457,10.425,10.45,10.41,10.45,400
458,10.48,10.48,10.48,10.48,100
459,10.54,10.54,10.53,10.53,200
462,10.5,10.5,10.5,10.5,100
464,10.51,10.51,10.51,10.51,100
465,10.49,10.54,10.49,10.54,575
466,10.51,10.53,10.51,10.53,500
467,10.42,10.42,10.42,10.42,100
468,10.47,10.47,10.44,10.45,300
469,10.45,10.45,10.45,10.45,200
470,10.45,10.46,10.4,10.436,3739
863,10.4,10.4,10.4,10.4,1024
865,10.38,10.47,10.38,10.47,300
866,10.43,10.43,10.43,10.43,100
867,10.43,10.43,10.43,10.43,100
868,10.445,10.445,10.445,10.445,100
869,10.54,10.54,10.54,10.54,200
870,10.53,10.53,10.53,10.53,300
871,10.44,10.455,10.44,10.455,200
872,10.47,10.47,10.47,10.47,300
873,10.46,10.465,10.46,10.465,200
874,10.47,10.47,10.47,10.47,300
875,10.5,10.5,10.5,10.5,300
880,10.435,10.435,10.435,10.435,100
881,10.41,10.41,10.41,10.41,100
883,10.45,10.45,10.43,10.43,200
892,10.41,10.45,10.41,10.45,600
894,10.41,10.41,10.41,10.41,100
895,10.4,10.4,10.4,10.4,100
896,10.305,10.38,10.305,10.38,1604
897,10.28,10.28,10.25,10.25,200
899,10.315,10.315,10.315,10.315,100
900,10.3,10.3,10.27,10.27,2400
901,10.3,10.3,10.3,10.3,100
902,10.29,10.32,10.27,10.29,1648
a1494337800,10.383,10.383,10.383,10.383,200
1,10.22,10.31,10.22,10.31,700
2,10.23,10.27,10.23,10.23,3700
3,10.22,10.23,10.22,10.23,500
4,10.21,10.2437,10.21,10.21,6712
5,10.24,10.31,10.2,10.2,10616
6,10.2418,10.27,10.2418,10.27,1645
7,10.21,10.21,10.2,10.21,1200
8,10.2783,10.2783,10.23,10.23,600
9,10.25,10.25,10.25,10.25,600
10,10.26,10.26,10.26,10.26,400
13,10.27,10.27,10.27,10.27,200
14,10.28,10.28,10.28,10.28,400
15,10.27,10.27,10.27,10.27,512
16,10.33,10.33,10.33,10.33,200
18,10.32,10.32,10.32,10.32,100
19,10.3,10.3,10.3,10.3,100
20,10.3,10.3,10.3,10.3,300
21,10.3,10.3,10.3,10.3,1000
22,10.3,10.3,10.3,10.3,800
24,10.305,10.305,10.305,10.305,100
25,10.3,10.31,10.3,10.3,500
26,10.325,10.46,10.31,10.46,2075
27,10.3,10.3,10.3,10.3,100
28,10.325,10.325,10.325,10.325,100
29,10.31,10.31,10.31,10.31,100
30,10.33,10.34,10.33,10.34,200
31,10.3,10.3,10.3,10.3,100
32,10.34,10.34,10.32,10.34,600
33,10.33,10.33,10.32,10.33,300
34,10.33,10.33,10.33,10.33,200
35,10.3,10.33,10.3,10.33,3032
36,10.3,10.305,10.3,10.3,1400
37,10.32,10.33,10.3,10.3,3261
143,10.2,10.2,10.07,10.07,672
145,10.25,10.25,10.25,10.25,100
147,10.31,10.31,10.245,10.25,700
148,10.26,10.29,10.25,10.27,1200
149,10.2567,10.27,10.225,10.27,4044
150,10.27,10.28,10.255,10.28,400
151,10.2899,10.29,10.2899,10.29,639
152,10.43,10.43,10.29,10.29,487
155,10.4,10.4,10.4,10.4,100
157,10.3101,10.39,10.3101,10.39,300
160,10.44,10.44,10.44,10.44,100
161,10.43,10.43,10.43,10.43,100
162,10.44,10.44,10.43,10.43,200
163,10.42,10.42,10.3801,10.3801,200
165,10.41,10.41,10.41,10.41,100
167,10.395,10.42,10.3701,10.42,300
168,10.39,10.395,10.39,10.395,400
169,10.43,10.43,10.43,10.43,100
172,10.43,10.43,10.43,10.43,100
173,10.37,10.37,10.37,10.37,200
174,10.38,10.395,10.38,10.395,700
177,10.39,10.39,10.38,10.3801,600
178,10.365,10.38,10.36,10.38,300
179,10.37,10.39,10.37,10.39,300
180,10.36,10.37,10.35,10.35,653
181,10.35,10.38,10.32,10.38,4279
286,10.27,10.27,10.27,10.27,107
288,10.3,10.3,10.3,10.3,300
289,10.2,10.29,10.2,10.29,600
290,10.26,10.26,10.24,10.24,300
291,10.32,10.32,10.32,10.32,100
292,10.28,10.28,10.28,10.28,100
295,10.29,10.29,10.29,10.29,100
298,10.3092,10.31,10.285,10.3089,800
299,10.325,10.325,10.325,10.325,100
300,10.36,10.36,10.312,10.35,541
301,10.305,10.305,10.305,10.305,100
302,10.335,10.35,10.335,10.35,200
303,10.33,10.33,10.33,10.33,100
304,10.35,10.375,10.35,10.35,700
311,10.42,10.42,10.42,10.42,100
312,10.33,10.33,10.3201,10.3201,351
315,10.37,10.39,10.37,10.37,894
317,10.26,10.26,10.26,10.26,100
318,10.28,10.28,10.28,10.28,100
319,10.29,10.29,10.29,10.29,200
321,10.28,10.29,10.28,10.29,300
325,10.25,10.251,10.22,10.25,2849
430,10.23,10.23,10.23,10.23,126
433,10.21,10.21,10.21,10.21,100
434,10.22,10.22,10.2,10.2,994
435,10.18,10.22,10.15,10.22,900
436,10.17,10.17,10.17,10.17,100
437,10.24,10.24,10.24,10.24,100
439,10.18,10.18,10.16,10.16,200
442,10.1725,10.1725,10.1725,10.1725,100
443,10.21,10.21,10.09,10.15,2900
448,10.18,10.18,10.09,10.09,200
452,10.12,10.12,10.12,10.12,100
457,10.1,10.1,10.07,10.07,200
459,10.06,10.06,10.06,10.06,200
461,10.09,10.09,10.09,10.09,200
465,10.1,10.1,10.1,10.1,100
468,10.08,10.08,10.06,10.06,2300
469,10.05,10.05,10.03,10.03,4692
864,10,10.05,10,10.01,800
865,10.17,10.17,10.13,10.1586,1194
866,10.1806,10.1806,10.14,10.17,1642
868,10.2,10.2,10.2,10.2,400
869,10.1653,10.2,10.1653,10.2,526
870,10.18,10.18,10.15,10.16,1100
871,10.23,10.23,10.23,10.23,862
872,10.225,10.23,10.21,10.21,3000
873,10.22,10.22,10.22,10.22,100
874,10.2225,10.2275,10.2225,10.225,1300
875,10.22,10.22,10.22,10.22,800
876,10.22,10.2216,10.22,10.2216,1300
877,10.2001,10.2001,10.2001,10.2001,1000
880,10.2,10.2,10.2,10.2,839
882,10.2,10.21,10.2,10.21,700
883,10.21,10.21,10.21,10.21,500
884,10.2,10.2,10.2,10.2,600
885,10.21,10.21,10.21,10.21,100
886,10.21,10.21,10.205,10.205,600
887,10.21,10.21,10.21,10.21,1200
888,10.205,10.21,10.205,10.21,700
889,10.2075,10.21,10.2,10.2,400
890,10.2,10.205,10.2,10.205,931
892,10.14,10.2,10.13,10.2,1110
894,10.145,10.145,10.145,10.145,100
895,10.13,10.13,10.13,10.13,200
896,10.145,10.15,10.13,10.13,600
898,10.03,10.11,10.03,10.11,600
900,10.04,10.04,10.04,10.04,200
901,10.08,10.08,10.01,10.01,3381
a1494941400,10.07,10.07,10.07,10.07,100
1,10.155,10.155,10.1,10.1,400
2,10.14,10.17,10.11,10.11,2530
3,10.17,10.17,10.17,10.17,100
4,10.17,10.17,10.17,10.17,100
5,10.17,10.17,10.17,10.17,100
6,10.1,10.15,10.1,10.14,700
7,10.08,10.1,10.08,10.1,400
9,10.15,10.15,10.14,10.14,300
10,10.15,10.15,10.15,10.15,400
11,10.17,10.2,10.17,10.19,800
12,10.18,10.18,10.175,10.175,1100
13,10.205,10.22,10.205,10.22,400
14,10.2,10.21,10.2,10.2,600
15,10.23,10.23,10.23,10.23,100
16,10.215,10.215,10.215,10.215,100
17,10.21,10.215,10.2,10.215,1100
18,10.2,10.2,10.2,10.2,100
19,10.22,10.25,10.22,10.25,500
20,10.2,10.215,10.2,10.215,400
21,10.19,10.19,10.19,10.19,100
22,10.215,10.215,10.215,10.215,100
23,10.23,10.23,10.22,10.22,200
24,10.21,10.21,10.21,10.21,151
25,10.22,10.22,10.22,10.22,1464
26,10.2,10.2,10.2,10.2,400
27,10.15,10.21,10.13,10.21,1200
28,10.18,10.18,10.12,10.12,200
29,10.18,10.18,10.18,10.18,100
30,10.18,10.2,10.15,10.15,600
31,10.2,10.2,10.2,10.2,100
32,10.19,10.21,10.19,10.21,1010
33,10.2,10.2,10.195,10.2,500
34,10.17,10.2,10.17,10.19,900
35,10.19,10.19,10.17,10.17,600
36,10.17,10.21,10.17,10.21,1102
37,10.16,10.16,10.16,10.16,100
38,10.17,10.175,10.1,10.125,3049
39,10.18,10.19,10.18,10.18,2820
144,9.97,9.97,9.97,9.97,915
145,10.08,10.08,10.07,10.07,200
146,10.01,10.01,10.01,10.01,154
147,10.01,10.01,9.98,9.98,200
148,10.06,10.1,10.02,10.1,999
149,10.06,10.06,10.06,10.06,100
150,9.95,10.015,9.94,10.015,1731
151,10.02,10.02,10.02,10.02,100
152,10.0237,10.07,10.0237,10.04,300
153,10.08,10.1,10.07,10.07,1590
154,10.08,10.1,10.08,10.097,1400
155,10.08,10.08,10.07,10.07,400
157,10.07,10.11,10.07,10.1089,500
158,10.1,10.15,10.07,10.07,600
159,10.12,10.12,10.12,10.12,100
160,10.165,10.17,10.12,10.12,595
161,10.11,10.15,10.11,10.15,300
162,10.0801,10.1,10.0801,10.1,347
164,10.08,10.08,10.08,10.08,100
165,10.1,10.13,10.1,10.13,300
168,10.08,10.08,10.08,10.08,800
169,10.08,10.08,10.08,10.08,600
170,10.0701,10.0701,10.07,10.07,800
172,10.1,10.1,10.1,10.1,100
173,10.1,10.1,10.1,10.1,200
174,10.13,10.13,10.13,10.13,300
175,10.14,10.14,10.12,10.12,800
176,10.09,10.12,10.09,10.12,1200
177,10.08,10.08,10.08,10.08,300
178,10.07,10.07,10.07,10.07,300
179,10.08,10.08,10.07,10.07,700
180,10.08,10.12,10.08,10.095,601
181,10.1,10.1,10.08,10.09,400
182,10.08,10.1,10.07,10.1,700
183,10.05,10.1,10.05,10.0926,5541
288,10.01,10.01,10.01,10.01,100
289,10.1,10.42,10.0125,10.0136,10294
292,10.2,10.2,10.2,10.2,200
293,10.2,10.2,10.2,10.2,100
294,10.21,10.21,10.2,10.21,1000
295,10.22,10.22,10.22,10.22,800
296,10.2,10.21,10.2,10.21,400
300,10.15,10.15,10.15,10.15,127
301,10.14,10.14,10.14,10.14,300
302,10.205,10.205,10.16,10.16,637
303,10.21,10.21,10.21,10.21,300
304,10.21,10.22,10.17,10.22,800
305,10.325,10.325,10.22,10.22,900
306,10.175,10.325,10.08,10.325,1800
307,10.14,10.14,10.14,10.14,200
308,10.14,10.14,10.14,10.14,100
309,10.14,10.165,10.11,10.11,1200
310,10.18,10.21,10.17,10.21,300
311,10.17,10.17,10.16,10.16,300
313,10.16,10.17,10.16,10.16,900
315,10.15,10.155,10.15,10.155,300
316,10.13,10.13,10.13,10.13,100
317,10.14,10.14,10.13,10.13,200
319,10.13,10.13,10.13,10.13,300
320,10.13,10.13,10.13,10.13,400
321,10.1,10.1,10.1,10.1,500
322,10.08,10.1,10.08,10.1,400
323,10.09,10.09,10.09,10.09,200
325,10.07,10.07,10.07,10.07,200
326,10.005,10.085,10.005,10.07,1479
327,10.08,10.1,10.06,10.1,3238
432,10.05,10.05,10.05,10.05,2383
433,10.1499,10.1499,10.1499,10.1499,3000
434,10.07,10.07,10.07,10.07,100
437,10.2,10.24,10.19,10.19,21955
438,10.22,10.22,10.22,10.22,100
439,10.18,10.22,10.18,10.22,900
442,10.17,10.17,10.14,10.16,1200
443,10.18,10.18,10.125,10.125,200
445,10.17,10.17,10.17,10.17,100
446,10.15,10.17,10.13,10.17,1000
447,10.15,10.15,10.15,10.15,781
449,10.2,10.2,10.14,10.14,400
453,10.21,10.23,10.21,10.23,300
454,10.22,10.22,10.21,10.21,881
455,10.23,10.23,10.22,10.22,1900
456,10.26,10.28,10.26,10.28,200
458,10.25,10.25,10.25,10.25,100
460,10.25,10.25,10.25,10.25,200
461,10.21,10.225,10.21,10.225,200
464,10.21,10.21,10.21,10.21,100
466,10.24,10.24,10.24,10.24,700
467,10.19,10.25,10.19,10.25,600
468,10.2,10.2,10.17,10.17,1000
469,10.17,10.21,10.11,10.19,2000
470,10.21,10.21,10.15,10.17,1600
471,10.18,10.21,10.17,10.21,7761
868,10.12,10.12,10.12,10.12,100
870,10.13,10.13,10.13,10.13,300
873,10.34,10.34,10.33,10.33,400
874,10.42,10.45,10.42,10.45,652
875,10.41,10.5,10.41,10.5,5100
876,10.23,10.4,10.23,10.4,400
877,10.28,10.28,10.27,10.27,300
882,10.27,10.27,10.27,10.27,100
896,10.3,10.3,10.3,10.3,500
897,10.35,10.35,10.34,10.34,251
898,10.33,10.35,10.31,10.31,700
900,10.37,10.37,10.32,10.32,300
901,10.335,10.335,10.335,10.335,675
902,10.47,10.47,10.39,10.41,400
903,10.39,10.45,10.35,10.45,2423
a1495548000,10.39,10.42,10.39,10.42,400
1,10.38,10.38,10.38,10.38,390
2,10.41,10.41,10.41,10.41,100
3,10.495,10.5,10.47,10.47,6900
4,10.51,10.51,10.48,10.48,400
5,10.5,10.5,10.5,10.5,100
7,10.54,10.54,10.53,10.53,235
8,10.63,10.63,10.54,10.54,2200
9,10.685,10.685,10.685,10.685,200
14,10.7,10.7,10.7,10.7,100
15,10.71,10.71,10.7,10.7,300
18,10.69,10.69,10.69,10.69,200
19,10.69,10.69,10.69,10.69,100
21,10.71,10.71,10.67,10.67,300
22,10.7,10.7,10.69,10.7,300
23,10.7,10.71,10.69,10.71,580
25,10.7,10.7,10.7,10.7,500
26,10.6975,10.6975,10.69,10.69,200
29,10.73,10.74,10.69,10.69,607
30,10.78,10.78,10.76,10.76,300
31,10.7,10.7,10.7,10.7,100
32,10.74,10.74,10.74,10.74,200
33,10.68,10.7,10.68,10.7,200
34,10.57,10.57,10.57,10.57,100
35,10.63,10.63,10.63,10.63,100
36,10.63,10.66,10.615,10.65,2248
141,10.62,10.62,10.62,10.62,100
142,10.6901,10.6901,10.6901,10.6901,1400
144,10.5,10.7,10.5,10.7,986
145,10.5,10.5,10.5,10.5,200
146,10.5,10.5,10.5,10.5,200
150,10.5,10.5,10.5,10.5,300
151,10.5,10.5,10.4601,10.4601,252
155,10.56,10.56,10.56,10.56,100
157,10.47,10.495,10.47,10.495,200
158,10.5,10.5,10.5,10.5,124
163,10.5,10.5,10.5,10.5,862
164,10.5,10.5,10.5,10.5,200
166,10.48,10.48,10.48,10.48,100
167,10.4411,10.4411,10.4411,10.4411,630
168,10.485,10.5,10.485,10.5,200
170,10.57,10.57,10.57,10.57,200
175,10.5,10.51,10.37,10.44,900
176,10.5,10.5,10.37,10.5,300
177,10.5,10.5,10.5,10.5,400
179,10.5,10.5,10.5,10.5,100
180,10.5,10.52,10.5,10.51,2599
285,10.51,10.51,10.51,10.51,103
286,10.5,10.5,10.5,10.5,100
293,10.58,10.58,10.57,10.57,400
294,10.58,10.58,10.58,10.58,200
295,10.59,10.6325,10.5501,10.6325,3352
296,10.55,10.55,10.54,10.54,600
303,10.53,10.55,10.53,10.55,600
304,10.54,10.54,10.54,10.54,100
306,10.51,10.54,10.51,10.54,600
307,10.53,10.53,10.53,10.53,100
309,10.58,10.62,10.58,10.62,600
310,10.5406,10.5406,10.5406,10.5406,245
311,10.5296,10.5296,10.5296,10.5296,400
314,10.6,10.61,10.5474,10.55,4890
315,10.585,10.585,10.585,10.585,100
316,10.5812,10.5812,10.58,10.58,975
317,10.58,10.58,10.58,10.58,100
318,10.61,10.61,10.58,10.58,200
323,10.5,10.55,10.5,10.55,270
324,10.56,10.56,10.52,10.52,2907
436,10.49,10.649,10.38,10.649,1100
437,10.41,10.5,10.41,10.5,1173
438,10.46,10.47,10.43,10.45,707
439,10.4,10.5,10.4,10.5,700
443,10.42,10.42,10.42,10.42,400
444,10.4,10.43,10.375,10.42,500
445,10.38,10.38,10.37,10.37,200
446,10.37,10.37,10.37,10.37,100
447,10.4,10.4,10.4,10.4,200
448,10.4,10.4,10.4,10.4,100
449,10.49,10.49,10.4499,10.45,700
450,10.53,10.53,10.5,10.5,300
460,10.58,10.58,10.58,10.58,100
461,10.69,10.69,10.69,10.69,208
463,10.67,10.79,10.66,10.75,2450
467,10.66,10.66,10.66,10.66,100
468,10.71,10.71,10.64,10.64,2256
a1496151000,10.65,10.65,10.65,10.65,109
1,10.5817,10.65,10.5817,10.64,1600
2,10.75,10.75,10.75,10.75,1900
3,10.75,10.75,10.75,10.75,500
4,10.85,10.92,10.84,10.92,500
5,10.85,10.85,10.83,10.83,200
7,10.66,10.66,10.66,10.66,200
9,10.6625,10.67,10.6625,10.67,200
10,10.67,10.67,10.67,10.67,400
11,10.7,10.7,10.69,10.7,600
16,10.75,10.75,10.75,10.75,100
20,10.68,10.73,10.68,10.73,1100
22,10.68,10.68,10.68,10.68,100
23,10.65,10.65,10.65,10.65,200
24,10.6,10.6,10.6,10.6,200
28,10.57,10.57,10.57,10.57,100
29,10.62,10.62,10.62,10.62,400
33,10.6,10.6,10.6,10.6,100
34,10.64,10.64,10.64,10.64,500
36,10.63,10.63,10.63,10.63,300
37,10.5,10.63,10.5,10.63,700
38,10.49,10.49,10.49,10.49,100
39,10.5,10.58,10.49,10.58,2841
144,10.55,10.55,10.55,10.55,321
146,10.51,10.51,10.51,10.51,100
149,10.44,10.5,10.44,10.5,2695
151,10.35,10.35,10.35,10.35,100
152,10.43,10.43,10.39,10.39,200
154,10.43,10.43,10.35,10.35,200
157,10.51,10.51,10.51,10.51,100
164,10.45,10.45,10.37,10.37,200
166,10.44,10.44,10.44,10.44,100
168,10.44,10.455,10.41,10.41,3100
170,10.4,10.43,10.4,10.43,300
173,10.355,10.36,10.35,10.36,10877
174,10.42,10.42,10.42,10.42,100
175,10.42,10.42,10.4,10.4,200
176,10.5,10.525,10.35,10.42,10868
177,10.48,10.505,10.48,10.48,1634
178,10.43,10.49,10.43,10.49,9004
179,10.42,10.44,10.4,10.4,5495
180,10.425,10.425,10.425,10.425,400
181,10.38,10.39,10.37,10.39,400
182,10.41,10.455,10.41,10.41,4004
183,10.35,10.37,10.28,10.37,27261
288,10.43,10.43,10.43,10.43,598
289,10.55,10.844,10.5,10.844,20900
290,10.47,10.58,10.45,10.55,4969
294,10.47,10.47,10.47,10.47,100
295,10.42,10.47,10.39,10.47,400
297,10.3,10.35,10.3,10.35,71700
298,10.43,10.43,10.35,10.35,11126
299,10.36,10.4,10.35,10.36,41527
300,10.43,10.43,10.39,10.39,600
301,10.37,10.37,10.37,10.37,100
302,10.45,10.45,10.45,10.45,100
304,10.435,10.435,10.435,10.435,100
311,10.4425,10.4425,10.4425,10.4425,100
312,10.375,10.475,10.35,10.46,20986
313,10.36,10.36,10.36,10.36,100
314,10.35,10.407,10.35,10.407,24525
315,10.36,10.36,10.36,10.36,400
316,10.37,10.37,10.37,10.37,100
318,10.44,10.44,10.41,10.41,200
319,10.42,10.42,10.42,10.42,100
321,10.47,10.47,10.47,10.47,100
322,10.452,10.452,10.452,10.452,191
323,10.5,10.5,10.43,10.4526,2762
324,10.5154,10.52,10.5,10.5,1700
325,10.51,10.51,10.49,10.5,700
326,10.43,10.43,10.43,10.43,100
327,10.49,10.52,10.49,10.495,7522
432,10.53,10.53,10.53,10.53,532
436,10.5279,10.5279,10.5279,10.5279,2000
437,10.73,10.73,10.73,10.73,100
440,10.83,10.83,10.78,10.78,600
441,10.78,10.85,10.78,10.85,1388
443,10.725,10.8,10.693,10.8,2200
444,10.75,10.82,10.75,10.82,840
445,10.81,10.81,10.81,10.81,100
446,10.85,10.85,10.85,10.85,200
447,10.82,10.85,10.82,10.85,500
448,10.835,10.835,10.835,10.835,100
450,10.78,10.78,10.78,10.78,100
452,10.8102,10.8102,10.81,10.81,678
453,10.82,10.82,10.82,10.82,100
454,10.78,10.82,10.78,10.82,413
456,10.77,10.82,10.77,10.8,2944
457,10.75,10.75,10.73,10.73,300
458,10.79,10.82,10.77,10.78,5581
459,10.78,10.78,10.78,10.78,100
461,10.8147,10.8147,10.8147,10.8147,200
463,10.75,10.75,10.75,10.75,100
465,10.78,10.78,10.78,10.78,300
469,10.78,10.78,10.78,10.78,100
470,10.6,10.6,10.6,10.6,100
471,10.63,10.67,10.6,10.66,6861
864,10.73,10.73,10.73,10.73,1579
865,10.6,10.651,10.55,10.651,1000
867,10.535,10.54,10.53,10.53,1500
868,10.58,10.6,10.54,10.54,800
869,10.57,10.685,10.57,10.685,903
870,10.53,10.53,10.53,10.53,100
872,10.55,10.57,10.545,10.57,490
873,10.53,10.53,10.53,10.53,100
883,10.56,10.56,10.56,10.56,100
885,10.55,10.6,10.55,10.6,600
890,10.5499,10.55,10.5499,10.55,300
891,10.51,10.53,10.51,10.53,800
892,10.5,10.5,10.5,10.5,705
893,10.48,10.49,10.48,10.49,840
894,10.47,10.47,10.47,10.47,114
895,10.47,10.47,10.47,10.47,100
896,10.4875,10.4875,10.4875,10.4875,100
897,10.48,10.485,10.48,10.48,2367
899,10.4926,10.4926,10.4926,10.4926,775
900,10.48,10.4801,10.48,10.48,1400
902,10.48,10.48,10.47,10.47,300
903,10.43,10.4799,10.43,10.45,2493
a1496755800,10.37,10.37,10.37,10.37,178
4,10.36,10.36,10.33,10.33,102200
5,10.36,10.36,10.36,10.36,100
6,10.44,10.44,10.44,10.44,400
7,10.42,10.44,10.405,10.44,1001
8,10.425,10.4275,10.425,10.4275,400
10,10.4271,10.4399,10.4271,10.4399,742
11,10.43,10.44,10.4,10.42,5221
12,10.41,10.41,10.41,10.41,197
13,10.43,10.43,10.43,10.43,300
14,10.43,10.45,10.4,10.43,10367
20,10.43,10.44,10.43,10.4369,558
26,10.43,10.44,10.42,10.42,2626
27,10.44,10.44,10.44,10.44,100
28,10.42,10.44,10.42,10.42,1101
31,10.47,10.47,10.45,10.46,3198
32,10.45,10.45,10.45,10.45,585
33,10.47,10.49,10.47,10.49,1528
34,10.4761,10.4761,10.4601,10.475,1285
36,10.46,10.49,10.46,10.49,6822
37,10.48,10.49,10.4799,10.48,700
38,10.46,10.49,10.44,10.47,2148
39,10.47,10.5199,10.43,10.48,3371
144,10.47,10.47,10.47,10.47,100
151,10.63,10.63,10.55,10.55,817
153,10.59,10.655,10.53,10.56,31964
154,10.6,10.6,10.55,10.6,26800
155,10.56,10.61,10.56,10.6,6705
156,10.6,10.6,10.6,10.6,200
157,10.6,10.605,10.6,10.605,367
158,10.625,10.625,10.6,10.61,1200
159,10.63,10.63,10.63,10.63,500
160,10.63,10.63,10.63,10.63,600
161,10.63,10.63,10.62,10.63,800
162,10.6,10.63,10.6,10.62,1896
163,10.59,10.59,10.59,10.59,300
164,10.56,10.59,10.56,10.59,200
165,10.58,10.59,10.58,10.59,200
168,10.6,10.61,10.6,10.61,500
169,10.58,10.58,10.58,10.58,595
170,10.58,10.6,10.58,10.6,800
171,10.59,10.6,10.59,10.6,1200
172,10.6,10.6,10.6,10.6,200
173,10.6,10.6,10.6,10.6,500
174,10.6,10.6,10.58,10.6,1096
175,10.6,10.605,10.59,10.6,1396
176,10.6,10.605,10.6,10.605,400
177,10.6,10.6,10.6,10.6,200
178,10.6,10.605,10.6,10.6,1500
179,10.6,10.6,10.6,10.6,700
180,10.57,10.6,10.57,10.6,4000
181,10.58,10.58,10.58,10.58,600
182,10.57,10.58,10.57,10.58,1085
183,10.56,10.58,10.56,10.58,4925
289,10.39,10.39,10.39,10.39,100
290,10.57,10.57,10.4906,10.4906,490
291,10.9,10.9,10.57,10.57,650
292,11,11.03,10.85,10.87,1100
294,10.99,10.99,10.99,10.99,100
296,10.98,10.98,10.89,10.89,600
297,10.915,10.915,10.915,10.915,800
299,10.95,10.95,10.91,10.91,700
300,10.9426,10.9426,10.925,10.925,650
301,10.89,10.89,10.89,10.89,200
302,10.89,10.96,10.89,10.95,1253
303,10.88,10.89,10.88,10.89,700
304,10.89,10.9,10.87,10.89,2635
305,10.89,10.89,10.8806,10.89,525
306,10.87,10.87,10.87,10.87,2200
307,10.89,10.89,10.88,10.88,300
308,10.87,10.87,10.87,10.87,1000
309,10.88,10.89,10.88,10.89,985
310,10.87,10.89,10.87,10.89,1600
311,10.89,10.89,10.88,10.89,1100
312,10.89,10.89,10.88,10.89,1215
313,10.89,10.89,10.89,10.89,440
314,10.89,10.89,10.8875,10.89,1830
315,10.88,10.88,10.87,10.88,3200
316,10.87,10.87,10.86,10.86,1216
317,10.87,10.87,10.87,10.87,301
318,10.87,10.87,10.87,10.87,100
319,10.88,10.89,10.88,10.88,2483
320,10.86,10.8764,10.86,10.8707,310
321,10.86,10.88,10.86,10.87,3338
322,10.86,10.86,10.86,10.86,1100
323,10.86,10.8677,10.86,10.865,2054
324,10.85,10.8698,10.85,10.86,2812
325,10.85,10.85,10.85,10.85,300
326,10.86,10.88,10.86,10.88,437
327,10.88,10.88,10.86,10.86,5419
432,10.99,10.99,10.99,10.99,805
433,10.85,10.9268,10.85,10.9268,1600
434,10.87,10.87,10.85,10.86,1000
435,11.0037,11.019,10.9637,10.98,1432
436,11.02,11.03,11.02,11.03,1300
437,10.93,11.03,10.93,11.03,2100
438,10.93,10.93,10.93,10.93,1400
439,10.93,10.93,10.93,10.93,300
440,10.93,10.93,10.93,10.93,300
441,10.93,10.96,10.93,10.96,1200
442,10.93,10.93,10.93,10.93,300
443,10.92,10.93,10.92,10.93,500
444,10.9,10.93,10.9,10.93,10700
445,10.92,10.92,10.9,10.9,875
447,10.9,10.9,10.9,10.9,671
448,10.91,10.93,10.91,10.93,1611
449,10.92,10.92,10.92,10.92,100
450,10.92,10.92,10.92,10.92,200
451,10.9,10.911,10.9,10.91,6289
452,10.9,10.9,10.9,10.9,690
453,10.9,10.9,10.9,10.9,635
454,10.91,10.91,10.9,10.9,821
455,10.92,10.92,10.92,10.92,425
456,10.91,10.92,10.9,10.9,2247
457,10.93,10.93,10.92,10.92,1300
458,10.9,10.921,10.9,10.92,9866
460,10.91,10.93,10.886,10.886,2151
461,10.93,10.93,10.93,10.93,980
462,10.93,10.93,10.93,10.93,100
463,10.9653,10.9653,10.9653,10.9653,250
464,10.99,10.99,10.92,10.92,872
465,11.04,11.04,11.01,11.01,600
466,11.1,11.1,11.05,11.0697,3767
467,11.22,11.22,11.15,11.15,500
469,11.18,11.2038,11.18,11.2038,280
470,11.1996,11.209,11.1996,11.209,430
471,11.2,11.2,11.19,11.19,5607
864,11.27,11.27,11.27,11.27,1194
865,11.28,11.28,11.27,11.27,679
867,11.35,11.359,11.34,11.34,500
868,11.32,11.34,11.32,11.32,2842
869,11.34,11.34,11.335,11.335,400
870,11.32,11.32,11.32,11.32,100
872,11.34,11.34,11.33,11.33,229
873,11.3105,11.34,11.3105,11.34,750
874,11.3,11.3,11.3,11.3,350
875,11.3,11.3,11.3,11.3,187
876,11.2,11.24,11.2,11.23,900
877,11.17,11.2,11.13,11.2,885
878,11.17,11.17,11.17,11.17,300
879,11.21,11.21,11.17,11.17,200
880,11.2,11.2,11.15,11.19,1884
882,11.24,11.24,11.24,11.24,400
885,11.28,11.33,11.26,11.26,1700
887,11.32,11.34,11.31,11.31,951
888,11.34,11.34,11.34,11.34,400
889,11.39,11.39,11.35,11.3575,2645
890,11.37,11.37,11.3675,11.37,800
891,11.36,11.39,11.36,11.37,1678
894,11.365,11.37,11.35,11.37,1978
895,11.3599,11.37,11.3599,11.37,600
897,11.39,11.39,11.35,11.36,3647
898,11.385,11.4,11.37,11.4,1199
900,11.38,11.38,11.38,11.38,300
901,11.37,11.39,11.37,11.39,200
902,11.35,11.39,11.35,11.3511,957
903,11.38,11.4,11.35,11.35,2077
a1497360600,11.4,11.4,11.4,11.4,388
1,11.4,11.4,11.4,11.4,3648
2,11.4499,11.4499,11.4499,11.4499,100
3,11.44,11.44,11.43,11.44,1329
5,11.4,11.45,11.39,11.44,2800
6,11.42,11.42,11.42,11.42,100
7,11.44,11.44,11.44,11.44,200
8,11.44,11.44,11.43,11.43,1399
9,11.45,11.45,11.44,11.44,1100
10,11.46,11.46,11.43,11.45,1420
11,11.5,11.51,11.44,11.46,4190
12,11.55,11.55,11.503,11.503,3074
13,11.53,11.53,11.47,11.52,2047
14,11.52,11.52,11.49,11.5,1000
15,11.5299,11.53,11.527,11.5299,1202
16,11.53,11.53,11.51,11.53,750
17,11.54,11.54,11.51,11.525,400
18,11.54,11.54,11.51,11.51,1061
19,11.5124,11.54,11.5124,11.54,302
20,11.5899,11.59,11.53,11.55,6371
21,11.57,11.59,11.57,11.59,600
22,11.5207,11.57,11.5207,11.57,2419
23,11.55,11.55,11.55,11.55,1300
24,11.55,11.57,11.53,11.57,2200
25,11.59,11.59,11.575,11.575,500
26,11.59,11.59,11.585,11.59,1419
27,11.58,11.59,11.58,11.59,1081
28,11.59,11.59,11.59,11.59,200
29,11.6,11.605,11.6,11.6,900
30,11.595,11.595,11.595,11.595,100
31,11.6,11.6,11.6,11.6,600
32,11.605,11.61,11.595,11.595,1200
33,11.5905,11.6,11.5905,11.6,1600
34,11.57,11.6,11.57,11.595,4575
35,11.58,11.58,11.56,11.58,1900
36,11.5999,11.5999,11.5799,11.5799,643
38,11.51,11.54,11.45,11.52,1028
39,11.6,11.62,11.47,11.47,11581
144,11.59,11.59,11.59,11.59,237
145,11.42,11.59,11.42,11.58,1650
146,11.41,11.41,11.38,11.38,200
147,11.5,11.5,11.41,11.41,400
148,11.325,11.4,11.325,11.4,700
149,11.42,11.43,11.42,11.43,300
152,11.445,11.495,11.4,11.43,1301
153,11.4244,11.4244,11.4244,11.4244,250
154,11.47,11.47,11.42,11.42,300
157,11.42,11.445,11.42,11.445,200
158,11.42,11.43,11.42,11.42,312
159,11.4415,11.4415,11.4415,11.4415,100
160,11.49,11.49,11.44,11.44,1065
161,11.47,11.47,11.455,11.455,200
162,11.45,11.45,11.4493,11.45,2615
163,11.48,11.48,11.43,11.435,4029
168,11.48,11.48,11.48,11.48,100
170,11.49,11.49,11.46,11.46,300
171,11.5,11.5,11.5,11.5,220
172,11.5,11.5,11.48,11.48,200
173,11.4561,11.5,11.4561,11.5,460
177,11.5,11.5,11.49,11.49,200
178,11.5,11.5,11.5,11.5,100
179,11.48,11.48,11.48,11.48,100
180,11.5,11.5,11.5,11.5,1607
181,11.5,11.5,11.5,11.5,100
182,11.48,11.48,11.48,11.48,100
183,11.52,11.52,11.49,11.5,2348
288,11.48,11.48,11.48,11.48,565
290,11.56,11.56,11.54,11.55,700
291,11.56,11.56,11.55,11.55,1983
292,11.55,11.56,11.55,11.56,800
293,11.53,11.55,11.53,11.55,200
294,11.51,11.51,11.51,11.51,100
295,11.54,11.54,11.54,11.54,300
296,11.52,11.52,11.52,11.52,100
297,11.54,11.54,11.53,11.53,300
298,11.51,11.55,11.51,11.54,500
299,11.525,11.525,11.525,11.525,100
300,11.53,11.53,11.53,11.53,100
301,11.53,11.53,11.52,11.53,1489
303,11.51,11.51,11.51,11.51,100
304,11.51,11.51,11.51,11.51,694
307,11.48,11.5,11.48,11.5,706
309,11.53,11.53,11.53,11.53,500
310,11.53,11.53,11.53,11.53,100
311,11.5,11.5,11.5,11.5,100
312,11.54,11.54,11.52,11.52,1100
313,11.54,11.54,11.54,11.54,660
314,11.54,11.54,11.54,11.54,100
315,11.54,11.54,11.54,11.54,100
316,11.54,11.54,11.54,11.54,100
317,11.54,11.54,11.5314,11.54,1274
318,11.54,11.54,11.54,11.54,300
319,11.54,11.54,11.54,11.54,100
321,11.53,11.53,11.53,11.53,1191
322,11.55,11.55,11.53,11.53,796
323,11.54,11.55,11.54,11.55,200
324,11.535,11.535,11.535,11.535,100
327,11.51,11.53,11.49,11.53,5876
432,11.43,11.43,11.43,11.43,24158
433,11.43,11.43,11.43,11.43,405
434,11.32,11.55,11.32,11.55,1097
435,11.37,11.37,11.35,11.35,200
436,11.35,11.53,11.35,11.35,3900
437,11.34,11.34,11.34,11.34,600
439,11.35,11.3888,11.35,11.3888,700
440,11.39,11.412,11.35,11.412,1232
441,11.44,11.44,11.43,11.435,400
442,11.38,11.455,11.38,11.455,400
444,11.3608,11.54,11.35,11.54,4730
445,11.31,11.31,11.31,11.31,100
447,11.37,11.37,11.37,11.37,100
448,11.37,11.37,11.37,11.37,100
449,11.36,11.36,11.36,11.36,500
451,11.33,11.33,11.33,11.33,100
452,11.32,11.34,11.31,11.34,400
453,11.31,11.31,11.31,11.31,200
456,11.34,11.34,11.34,11.34,300
457,11.32,11.32,11.32,11.32,100
458,11.356,11.356,11.33,11.35,1524
459,11.34,11.385,11.33,11.33,300
460,11.365,11.365,11.365,11.365,100
461,11.365,11.3675,11.365,11.3675,200
463,11.37,11.37,11.37,11.37,100
466,11.37,11.37,11.37,11.37,200
468,11.36,11.36,11.36,11.36,100
469,11.36,11.36,11.36,11.36,149
470,11.26,11.31,11.26,11.31,240
471,11.28,11.28,11.23,11.24,8086
864,11.39,11.39,11.39,11.39,1566
865,11.2796,11.2796,11.2796,11.2796,423
866,11.305,11.305,11.305,11.305,100
868,11.27,11.27,11.27,11.27,200
870,11.28,11.28,11.28,11.28,200
871,11.3755,11.3755,11.3755,11.3755,100
874,11.35,11.35,11.35,11.35,100
875,11.31,11.31,11.31,11.31,700
877,11.29,11.29,11.29,11.29,100
878,11.32,11.32,11.32,11.32,600
879,11.33,11.33,11.3095,11.3095,595
882,11.45,11.49,11.34,11.34,4644
883,11.46,11.495,11.455,11.49,820
884,11.45,11.49,11.45,11.49,1105
885,11.42,11.42,11.42,11.42,100
886,11.43,11.43,11.43,11.43,151
887,11.46,11.46,11.46,11.46,297
892,11.43,11.43,11.43,11.43,500
893,11.43,11.43,11.43,11.43,400
895,11.45,11.45,11.44,11.44,2000
898,11.47,11.47,11.46,11.46,800
899,11.49,11.49,11.46,11.46,1100
900,11.5,11.5,11.49,11.49,400
901,11.5,11.5,11.5,11.5,900
902,11.454,11.454,11.43,11.43,700
903,11.46,11.46,11.42,11.43,2392
a1497965400,11.46,11.46,11.46,11.46,273
1,11.39,11.475,11.39,11.475,600
4,11.38,11.38,11.38,11.38,400
6,11.38,11.38,11.37,11.38,1100
8,11.3,11.3,11.3,11.3,100
17,11.31,11.31,11.31,11.31,169
19,11.23,11.23,11.23,11.23,108
20,11.21,11.23,11.21,11.23,200
23,11.31,11.35,11.28,11.28,5386
24,11.31,11.31,11.31,11.31,200
25,11.31,11.31,11.31,11.31,200
26,11.31,11.335,11.31,11.31,700
30,11.32,11.32,11.3,11.3,300
31,11.29,11.29,11.29,11.29,100
32,11.31,11.31,11.31,11.31,100
35,11.31,11.3489,11.31,11.32,900
36,11.3,11.3,11.3,11.3,200
37,11.3051,11.3051,11.3051,11.3051,100
38,11.28,11.31,11.26,11.31,600
39,11.28,11.31,11.25,11.25,2556
144,11.34,11.34,11.34,11.34,250
145,11.3,11.3,11.3,11.3,896
147,11.21,11.21,11.21,11.21,100
149,11.21,11.21,11.2,11.2,300
151,11.17,11.24,11.15,11.1963,1100
152,11.26,11.3,11.23,11.29,815
153,11.2501,11.35,11.2501,11.3,968
155,11.27,11.37,11.27,11.37,946
158,11.37,11.37,11.29,11.29,400
160,11.3,11.3565,11.3,11.3565,600
161,11.36,11.36,11.35,11.35,900
162,11.32,11.33,11.32,11.33,555
164,11.3,11.31,11.3,11.3001,664
165,11.36,11.37,11.36,11.37,300
167,11.36,11.36,11.36,11.36,300
168,11.35,11.35,11.2701,11.2701,278
170,11.3,11.335,11.3,11.335,1000
171,11.33,11.33,11.33,11.33,200
172,11.28,11.31,11.28,11.31,2000
173,11.33,11.33,11.33,11.33,100
174,11.3101,11.3101,11.3101,11.3101,100
175,11.3,11.3,11.3,11.3,400
176,11.3,11.3,11.3,11.3,200
177,11.25,11.25,11.25,11.25,100
178,11.39,11.39,11.35,11.36,1632
179,11.4,11.4,11.39,11.39,900
180,11.2701,11.2701,11.2701,11.2701,200
181,11.27,11.28,11.2201,11.28,300
182,11.245,11.26,11.245,11.26,300
183,11.22,11.24,11.19,11.205,4724
288,11.24,11.24,11.24,11.24,346
297,11.48,11.48,11.48,11.48,100
299,11.29,11.44,11.29,11.43,946
304,11.21,11.28,11.21,11.28,200
305,11.21,11.2101,11.21,11.2101,455
308,11.21,11.21,11.21,11.21,100
309,11.22,11.26,11.22,11.26,300
310,11.272,11.272,11.272,11.272,150
314,11.33,11.33,11.32,11.32,698
315,11.34,11.34,11.25,11.25,300
316,11.35,11.35,11.34,11.34,600
318,11.29,11.29,11.29,11.29,1300
319,11.2905,11.2905,11.2905,11.2905,500
320,11.35,11.35,11.33,11.33,500
321,11.3508,11.353,11.3508,11.353,200
327,11.27,11.29,11.21,11.21,1704
432,11.28,11.28,11.28,11.28,201
434,11.4,11.4,11.39,11.39,300
435,11.3,11.358,11.3,11.358,360
436,11.37,11.37,11.37,11.37,200
440,11.31,11.38,11.31,11.37,2193
441,11.31,11.31,11.3008,11.303,500
446,11.27,11.3,11.27,11.3,500
447,11.27,11.27,11.27,11.27,300
449,11.23,11.28,11.23,11.28,300
451,11.2227,11.2227,11.2227,11.2227,300
452,11.22,11.22,11.22,11.22,100
453,11.2,11.26,11.2,11.235,900
454,11.16,11.2,11.16,11.2,600
456,11.12,11.17,11.12,11.16,1022
458,11.17,11.17,11.17,11.17,200
459,11.18,11.18,11.15,11.15,200
461,11.14,11.2,11.14,11.2,300
462,11.19,11.2,11.19,11.2,200
463,11.2,11.2,11.2,11.2,500
465,11.12,11.12,11.12,11.12,100
466,11.12,11.18,11.12,11.18,200
467,11.13,11.2,11.12,11.2,600
468,11.08,11.145,11.08,11.12,600
469,11.08,11.08,11.07,11.07,200
470,11.075,11.14,11.01,11.04,400
471,11.08,11.1,11.04,11.09,47568
864,11.05,11.05,11.05,11.05,1555
867,11.097,11.097,11.097,11.097,163
870,11.14,11.15,11.13,11.14,811
871,11.14,11.15,11.14,11.14,5078
872,11.14,11.14,11.14,11.14,400
873,11.15,11.15,11.14,11.15,775
874,11.14,11.1411,11.14,11.14,1100
875,11.15,11.15,11.14,11.14,200
876,11.1461,11.15,11.1461,11.15,500
877,11.1408,11.15,11.14,11.15,1100
878,11.15,11.15,11.15,11.15,500
879,11.15,11.15,11.15,11.15,500
880,11.17,11.17,11.1499,11.1499,994
881,11.2,11.2,11.2,11.2,500
883,11.27,11.27,11.24,11.24,3300
884,11.37,11.41,11.3299,11.3299,1711
885,11.37,11.37,11.37,11.37,100
887,11.41,11.43,11.4,11.4,1400
888,11.41,11.41,11.41,11.41,300
889,11.36,11.4,11.35,11.4,1300
890,11.3,11.35,11.3,11.35,1994
893,11.28,11.28,11.28,11.28,100
898,11.29,11.31,11.29,11.31,200
899,11.32,11.32,11.32,11.32,600
901,11.3,11.3,11.3,11.3,120
902,11.38,11.38,11.38,11.38,100
903,11.27,11.34,11.25,11.34,1487
a1498570200,11.26,11.26,11.26,11.26,330
2,11.275,11.275,11.21,11.24,500
3,11.22,11.22,11.22,11.22,600
4,11.245,11.245,11.245,11.245,100
5,11.22,11.22,11.22,11.22,300
6,11.26,11.26,11.22,11.22,700
7,11.22,11.22,11.22,11.22,300
10,11.49,11.49,11.32,11.32,1840
11,11.45,11.48,11.44,11.48,1000
12,11.37,11.45,11.37,11.45,300
13,11.43,11.45,11.43,11.45,675
14,11.45,11.45,11.45,11.45,700
16,11.5,11.5,11.48,11.48,1446
17,11.5,11.5,11.5,11.5,400
18,11.5,11.5,11.5,11.5,200
19,11.5,11.5,11.5,11.5,477
20,11.5,11.5,11.5,11.5,300
21,11.5,11.5,11.5,11.5,100
22,11.45,11.48,11.45,11.48,897
23,11.45,11.45,11.45,11.45,200
25,11.47,11.47,11.46,11.46,539
26,11.455,11.47,11.44,11.45,588
27,11.435,11.454,11.435,11.454,3100
29,11.44,11.44,11.43,11.43,1921
30,11.4325,11.4325,11.4325,11.4325,100
32,11.44,11.44,11.43,11.43,3476
33,11.43,11.43,11.43,11.43,100
34,11.44,11.44,11.435,11.44,2341
35,11.4375,11.4375,11.4375,11.4375,100
36,11.45,11.45,11.45,11.45,100
37,11.35,11.35,11.35,11.35,100
39,11.31,11.36,11.29,11.36,1535
144,11.36,11.36,11.36,11.36,200
146,11.295,11.295,11.295,11.295,500
148,11.49,11.49,11.44,11.44,500
151,11.44,11.56,11.44,11.48,5955
152,11.5,11.5,11.5,11.5,100
153,11.5,11.5,11.49,11.49,411
154,11.47,11.5,11.47,11.5,300
155,11.5,11.5,11.49,11.49,2698
156,11.5799,11.5799,11.53,11.53,200
157,11.55,11.58,11.55,11.58,5300
158,11.54,11.54,11.54,11.54,200
159,11.54,11.54,11.54,11.54,100
160,11.52,11.52,11.51,11.51,300
163,11.53,11.53,11.53,11.53,200
164,11.55,11.55,11.55,11.55,130
165,11.53,11.53,11.52,11.52,200
167,11.53,11.55,11.53,11.55,6500
168,11.53,11.53,11.53,11.53,100
170,11.52,11.535,11.52,11.535,400
171,11.5001,11.54,11.5001,11.54,200
175,11.49,11.49,11.49,11.49,100
176,11.5299,11.5299,11.5299,11.5299,100
177,11.53,11.53,11.53,11.53,133
180,11.43,11.51,11.43,11.51,500
181,11.44,11.44,11.44,11.44,100
183,11.43,11.44,11.4,11.43,4313
288,11.48,11.48,11.48,11.48,835
289,11.415,11.415,11.4121,11.4121,200
290,11.44,11.44,11.44,11.44,200
291,11.495,11.495,11.45,11.49,300
292,11.46,11.5,11.45,11.5,1100
294,11.43,11.495,11.43,11.495,1220
296,11.43,11.43,11.43,11.43,419
297,11.42,11.42,11.42,11.42,600
298,11.43,11.43,11.42,11.42,1400
299,11.24,11.38,11.24,11.38,2269
301,11.23,11.29,11.22,11.29,900
302,11.13,11.28,11.13,11.28,4000
303,11.21,11.21,11.21,11.21,100
307,11.21,11.21,11.21,11.21,100
308,11.24,11.24,11.1901,11.1901,1670
309,11.27,11.27,11.27,11.27,100
310,11.29,11.29,11.29,11.29,200
312,11.32,11.32,11.31,11.31,1100
313,11.34,11.34,11.34,11.34,400
316,11.32,11.32,11.32,11.32,100
317,11.28,11.28,11.28,11.28,100
318,11.313,11.34,11.313,11.34,1102
319,11.31,11.31,11.31,11.31,200
320,11.33,11.33,11.33,11.33,100
321,11.34,11.38,11.34,11.35,2095
323,11.36,11.36,11.36,11.36,100
326,11.28,11.34,11.28,11.34,434
327,11.29,11.31,11.29,11.29,3138
432,11.34,11.34,11.34,11.34,450
433,11.35,11.36,11.35,11.36,200
436,11.2547,11.36,11.2547,11.36,565
437,11.26,11.26,11.26,11.26,686
438,11.3689,11.38,11.36,11.36,400
440,11.3804,11.415,11.38,11.41,1100
441,11.38,11.38,11.38,11.38,300
442,11.36,11.36,11.36,11.36,200
444,11.38,11.38,11.38,11.38,100
445,11.37,11.38,11.33,11.38,700
447,11.39,11.39,11.39,11.39,100
453,11.4,11.4,11.4,11.4,100
454,11.4,11.47,11.4,11.46,800
455,11.42,11.42,11.42,11.42,175
456,11.42,11.42,11.42,11.42,300
457,11.35,11.35,11.35,11.35,700
458,11.35,11.35,11.35,11.35,900
462,11.36,11.4,11.31,11.39,4812
463,11.33,11.33,11.33,11.33,500
464,11.34,11.34,11.33,11.33,681
470,11.34,11.34,11.33,11.34,300
471,11.27,11.3033,11.23,11.25,6469
864,11.3,11.3,11.3,11.3,200
874,11.47,11.47,11.47,11.47,100
883,11.36,11.36,11.36,11.36,100
885,11.38,11.39,11.36,11.39,825
a1499261400,11.39,11.39,11.39,11.39,525
1,11.365,11.365,11.365,11.365,100
6,11.42,11.42,11.35,11.35,400
11,11.5,11.5,11.44,11.44,500
12,11.52,11.52,11.46,11.46,1697
23,11.49,11.49,11.47,11.47,200
30,11.51,11.51,11.51,11.51,100
32,11.48,11.5,11.48,11.5,1000
33,11.49,11.4999,11.47,11.47,910
34,11.45,11.45,11.45,11.45,100
36,11.45,11.45,11.4206,11.4206,600
37,11.47,11.47,11.47,11.47,100
39,11.36,11.44,11.36,11.39,2185
