EXCHANGE%3DNASDAQ
MARKET_OPEN_MINUTE=570
MARKET_CLOSE_MINUTE=960
INTERVAL=600
COLUMNS=DATE,CLOSE,HIGH,LOW,OPEN,VOLUME
DATA=
TIMEZONE_OFFSET=-240
a1493127000,39.97,39.97,39.97,39.97,3726
1,39.9938,40.04,39.7,39.7,4968
2,39.95,40.02,39.9,40,12384
3,39.98,40.02,39.85,39.94,13400
4,39.98,39.98,39.92,39.97,1400
5,39.9,39.99,39.9,39.95,4000
6,39.9414,39.99,39.93,39.94,4500
7,39.86,39.93,39.84,39.9104,4100
8,39.81,39.86,39.8,39.85,9816
9,39.8,39.87,39.795,39.795,11192
10,39.825,39.85,39.79,39.79,3178
11,39.855,39.87,39.8,39.81,11607
12,39.8,39.85,39.795,39.85,9507
13,39.8101,39.85,39.78,39.84,4222
14,39.83,39.86,39.7735,39.81,2188
15,39.855,39.86,39.82,39.82,5799
16,39.83,39.86,39.8,39.85,10700
17,39.845,39.85,39.81,39.82,5200
18,39.83,39.85,39.81,39.845,2900
19,39.73,39.83,39.73,39.82,2791
20,39.77,39.78,39.7,39.755,11010
21,39.79,39.82,39.77,39.77,2500
22,39.8434,39.86,39.79,39.79,2400
23,39.81,39.86,39.81,39.85,5950
24,39.8101,39.85,39.81,39.85,3993
25,39.77,39.81,39.75,39.81,6400
26,39.82,39.865,39.76,39.78,12500
27,39.83,39.83,39.79,39.81,2824
28,39.93,39.93,39.84,39.845,6400
29,39.91,39.955,39.91,39.91,5700
30,39.92,39.93,39.9,39.9,2300
31,39.94,39.95,39.92,39.92,4416
32,39.92,39.95,39.91,39.94,2807
33,39.91,39.91,39.875,39.91,2100
34,39.93,39.96,39.9,39.9078,5592
35,39.92,39.94,39.9,39.92,3200
36,39.78,39.935,39.78,39.935,19325
37,39.82,39.85,39.78,39.795,12259
38,39.76,39.85,39.72,39.83,12004
39,39.79,39.855,39.75,39.78,94165
144,39.55,39.55,39.55,39.55,2805
145,39.59,39.98,39.59,39.98,2050
146,39.74,39.74,39.58,39.65,2087
147,39.64,39.67,39.58,39.67,2987
148,39.62,39.66,39.59,39.64,2122
149,39.62,39.67,39.54,39.61,3200
150,39.66,39.66,39.6,39.61,1925
151,39.78,39.8,39.7,39.71,5334
152,39.71,39.775,39.7,39.77,32187
153,39.69,39.76,39.69,39.75,9400
154,39.75,39.78,39.74,39.7599,2364
155,39.8,39.81,39.75,39.76,2400
156,39.89,39.93,39.81,39.81,11300
157,39.87,39.9,39.85,39.89,1200
158,39.63,39.85,39.63,39.85,4198
159,39.84,39.84,39.66,39.66,18400
160,39.78,39.82,39.75,39.82,12902
161,39.765,39.795,39.73,39.78,4800
162,39.75,39.79,39.74,39.76,5531
163,39.76,39.77,39.73,39.74,2423
164,39.74,39.79,39.74,39.76,8801
165,39.77,39.79,39.7301,39.75,11272
166,39.785,39.79,39.7401,39.78,13903
167,39.78,39.79,39.76,39.78,9124
168,39.7,39.78,39.7,39.78,4018
169,39.72,39.72,39.6501,39.67,3500
170,39.62,39.77,39.6,39.72,4660
171,39.58,39.6701,39.56,39.62,3856
172,39.55,39.57,39.5,39.55,6251
173,39.53,39.61,39.53,39.55,2891
174,39.55,39.615,39.53,39.53,3683
175,39.53,39.59,39.51,39.54,7612
176,39.62,39.67,39.54,39.54,5968
177,39.6324,39.66,39.61,39.63,5435
178,39.67,39.67,39.5901,39.61,6800
179,39.6,39.72,39.58,39.66,13899
180,39.45,39.61,39.45,39.6,14509
181,39.355,39.54,39.34,39.45,21255
182,39.43,39.49,39.35,39.36,22500
183,39.36,39.46,39.33,39.42,56505
288,39.38,39.38,39.38,39.38,1655
289,39.18,39.44,39.13,39.27,3200
290,39.42,39.44,39.26,39.33,2800
291,39.16,39.53,39.15,39.465,12061
292,38.99,39.22,38.93,39.21,12696
293,38.95,39,38.92,38.96,9078
294,38.87,38.98,38.8,38.98,8530
295,38.93,38.93,38.82,38.85,8600
296,38.86,38.99,38.86,38.92,9016
297,38.65,38.86,38.62,38.85,14022
298,38.67,38.75,38.64,38.65,10174
299,38.72,38.73,38.61,38.64,13100
300,38.76,38.77,38.7,38.715,9425
301,38.68,38.75,38.68,38.75,8785
302,38.59,38.7,38.57,38.7,6448
303,38.625,38.625,38.55,38.57,12757
304,38.72,38.74,38.62,38.62,9600
305,38.7,38.75,38.7,38.73,19756
306,38.67,38.72,38.67,38.7,7103
307,38.64,38.75,38.64,38.67,17904
308,38.73,38.73,38.64,38.64,12150
309,38.83,38.84,38.7,38.73,14552
310,38.79,38.83,38.75,38.83,11508
311,38.72,38.83,38.72,38.79,13086
312,38.74,38.76,38.71,38.72,9993
313,38.8,38.81,38.74,38.7436,16854
314,38.72,38.81,38.7,38.8,12501
315,38.76,38.78,38.7,38.72,8600
316,38.71,38.76,38.685,38.76,11674
317,38.79,38.81,38.71,38.71,14400
318,38.75,38.82,38.7,38.81,17200
319,38.74,38.83,38.73,38.75,35103
320,38.78,38.83,38.735,38.74,22745
321,38.7075,38.8,38.69,38.79,34804
322,38.7,38.71,38.64,38.68,24100
323,38.76,38.79,38.7,38.71,16211
324,38.78,38.79,38.715,38.75,21799
325,38.76,38.785,38.66,38.785,38447
326,38.69,38.81,38.685,38.76,26391
327,38.52,38.7,38.42,38.68,198288
432,43,43.03,43,43.03,36338
433,42.28,43.05,41.91,43,116448
434,42.7,43.08,41.94,42.24,310601
435,43.13,43.64,42.82,42.85,140035
436,43.35,43.39,42.93,43.2,58412
437,42.99,43.39,42.98,43.31,89197
438,42.79,43.03,42.63,42.9701,102455
439,42.98,43.1,42.79,42.79,38914
440,42.53,43.065,42.42,42.97,50022
441,42.65,42.69,42.49,42.54,18500
442,42.96,42.99,42.68,42.68,36944
443,43.02,43.06,42.85,42.98,58782
444,42.97,43.1,42.93,43.04,31201
445,43.045,43.25,42.99,42.99,54289
446,43.065,43.11,42.96,43.07,20048
447,42.78,43.08,42.75,43.08,24009
448,43.07,43.09,42.84,42.84,29642
449,43.05,43.25,43.05,43.08,42047
450,43.2,43.22,43.05,43.09,27713
451,43.1801,43.21,43.13,43.2,18400
452,42.97,43.18,42.92,43.18,58203
453,42.945,43.02,42.93,42.99,36741
454,42.88,43.02,42.88,42.945,26341
455,42.92,42.98,42.85,42.88,17956
456,42.95,43.01,42.92,42.93,15847
457,42.85,43,42.845,42.94,13069
458,42.73,42.85,42.73,42.85,19298
459,42.59,42.735,42.58,42.72,17536
460,42.58,42.79,42.58,42.59,13000
461,42.22,42.6,42.13,42.58,100801
462,42.22,42.26,42.17,42.21,76403
463,42.265,42.27,42.15,42.22,89839
464,42.2,42.44,42.2,42.28,56000
465,42.03,42.2,42.03,42.2,31156
466,41.81,42.235,41.81,42.02,81446
467,41.96,42.06,41.8,41.815,72186
468,41.85,41.94,41.76,41.93,54867
469,41.995,42.08,41.86,41.86,58587
470,42.2,42.24,41.88,41.99,90495
471,42.04,42.26,42.02,42.24,359761
864,42.47,42.47,42.46,42.46,12415
865,42.29,42.97,42.12,42.845,12960
866,42.24,42.58,42.24,42.28,10145
867,42.075,42.4,42.06,42.25,12299
868,41.935,42.22,41.91,42.1,15910
869,42.13,42.15,41.89,41.9104,14560
870,41.96,42.15,41.95,42.15,10500
871,42.13,42.21,41.93,41.93,10096
872,42.21,42.25,42.07,42.14,15508
873,42.08,42.21,42.06,42.21,11906
874,42.23,42.32,42.105,42.11,15247
875,42.24,42.3,42.18,42.21,13726
876,42.31,42.34,42.22,42.22,8950
877,42.23,42.33,42.18,42.31,11983
878,42.3,42.34,42.245,42.26,13778
879,42.3,42.33,42.26,42.3,8986
880,42.45,42.46,42.2904,42.2904,12760
881,42.55,42.55,42.45,42.49,17778
882,42.54,42.55,42.46,42.54,6500
883,42.63,42.66,42.52,42.53,13163
884,42.5762,42.675,42.56,42.62,15004
885,42.4,42.56,42.29,42.56,21257
886,42.48,42.53,42.3,42.39,15700
887,42.61,42.62,42.45,42.49,19229
888,42.77,42.81,42.61,42.61,24895
889,42.81,42.86,42.76,42.78,19727
890,42.96,42.97,42.81,42.82,23847
891,43.11,43.11,42.94,42.96,30896
892,42.87,43.17,42.86,43.11,22118
893,42.99,42.99,42.85,42.86,21296
894,42.93,43.02,42.9,42.99,11874
895,42.97,42.99,42.92,42.92,25617
896,42.97,43,42.95,42.97,22601
897,43.015,43.015,42.97,42.99,12771
898,42.98,43.01,42.91,43.01,29076
899,42.9,43.01,42.86,42.97,25466
900,42.76,42.89,42.74,42.89,20027
901,42.825,42.9,42.755,42.76,27328
902,42.83,42.88,42.8,42.82,38255
903,42.73,42.9,42.72,42.81,129090
a1493731800,42.38,42.38,42.38,42.38,11970
1,42.57,42.88,42.27,42.38,21239
2,42.37,42.71,42.36,42.555,10956
3,42.445,42.5,42.32,42.36,9259
4,42.38,42.51,42.38,42.44,20009
5,42.5,42.51,42.35,42.38,12124
6,42.62,42.62,42.52,42.52,16296
7,42.43,42.615,42.4,42.615,14312
8,42.5,42.54,42.39,42.39,23609
9,42.61,42.64,42.51,42.51,9629
10,42.66,42.705,42.59,42.59,16773
11,42.81,42.81,42.67,42.67,9262
12,42.89,42.89,42.77,42.8,9022
13,42.76,42.88,42.76,42.88,10702
14,42.68,42.8,42.68,42.7501,3394
15,42.63,42.67,42.58,42.65,13310
16,42.77,42.78,42.61,42.63,10723
17,42.89,42.89,42.76,42.77,12502
18,42.79,42.87,42.79,42.87,7965
19,42.93,42.95,42.79,42.8056,17315
20,42.97,42.98,42.91,42.94,4800
21,43,43.0125,42.93,42.97,11195
22,42.9,43,42.88,43,10405
23,42.92,42.935,42.82,42.9,10475
24,42.91,42.95,42.89,42.92,6600
25,42.91,42.97,42.89,42.93,13986
26,42.91,42.94,42.89,42.9,11700
27,42.892,42.92,42.86,42.92,10140
28,43.062,43.07,42.891,42.9,17026
29,42.98,43.1,42.96,43.05,25627
30,42.83,42.99,42.83,42.98,17980
31,42.82,42.86,42.78,42.84,16128
32,42.86,42.89,42.81,42.83,12718
33,42.82,42.85,42.77,42.85,11827
34,42.76,42.82,42.76,42.82,22400
35,42.83,42.85,42.76,42.77,23756
36,42.83,42.86,42.78,42.821,20692
37,42.83,42.87,42.79,42.82,30299
38,42.95,42.965,42.8,42.83,49247
39,42.99,43.02,42.96,42.96,132121
144,42.7,42.7,42.7,42.7,2793
145,42.91,42.91,41.91,42,8353
146,43.07,43.07,42.9,42.91,4600
147,43.14,43.14,43.01,43.08,9401
148,43.18,43.295,43.04,43.12,14014
149,43.33,43.38,43.21,43.21,18000
150,43.36,43.445,43.28,43.34,13803
151,43.33,43.37,43.29,43.365,7195
152,43.19,43.33,43.18,43.33,6791
153,43.05,43.26,43.03,43.21,18100
154,43.03,43.08,42.99,43.04,7700
155,43.09,43.1,43.01,43.03,4800
156,43.11,43.18,43.11,43.12,4700
157,43.16,43.2,43.095,43.15,3100
158,43.14,43.14,43.11,43.11,2190
159,43.1,43.18,43.09,43.16,3245
160,43.07,43.1,43.05,43.09,2870
161,42.99,43.05,42.97,43.04,1600
162,43.01,43.025,42.95,43,4600
163,43.04,43.05,42.99,43.02,4806
164,43.04,43.09,43.04,43.04,3300
165,43.08,43.09,43.01,43.01,4954
166,43.1,43.16,43.08,43.09,4962
167,43.14,43.17,43.092,43.11,2346
168,43.1,43.17,43.1,43.13,2958
169,43.08,43.18,43.07,43.13,8994
170,43.06,43.13,43.06,43.11,6500
171,43.05,43.09,43.02,43.07,4501
172,43.33,43.35,43.04,43.04,20666
173,43.255,43.35,43.22,43.32,26600
174,43.325,43.325,43.2,43.2474,5305
175,43.41,43.435,43.295,43.3,20120
176,43.4005,43.46,43.35,43.4,9706
177,43.44,43.48,43.41,43.41,6542
178,43.38,43.52,43.37,43.44,17529
179,43.31,43.42,43.29,43.39,16659
180,43.345,43.36,43.27,43.32,10259
181,43.43,43.43,43.3,43.34,30552
182,43.59,43.59,43.42,43.43,33717
183,43.54,43.64,43.52,43.58,107074
288,43.61,43.61,43.61,43.61,7829
289,43.63,43.79,43.53,43.6,5152
290,43.28,43.53,43.21,43.52,8700
291,43.06,43.31,42.98,43.18,12419
292,43.08,43.1,42.9,43.04,11174
293,43.38,43.385,43.0701,43.0701,4243
294,43.33,43.42,43.28,43.38,4626
295,43.17,43.31,43.11,43.27,49950
296,43.16,43.21,43.05,43.185,50470
297,43.1,43.18,42.98,43.15,29887
298,43.27,43.31,43.09,43.09,10932
299,43.25,43.25,43.18,43.23,7120
300,43.21,43.255,43.21,43.255,4300
301,43.16,43.23,43.15,43.185,10425
302,43.16,43.17,43.1174,43.16,3959
303,42.97,43.18,42.97,43.17,9615
304,42.83,43.01,42.8,42.97,4500
305,42.68,42.84,42.68,42.83,6997
306,42.8,42.8,42.7,42.7,2534
307,42.91,42.91,42.77,42.8,5600
308,42.95,42.96,42.81,42.92,6611
309,42.91,43.02,42.91,42.92,7080
310,42.94,42.975,42.9,42.91,7543
311,42.95,42.97,42.91,42.94,5922
312,42.94,42.98,42.935,42.955,3500
313,42.9,42.97,42.85,42.96,5722
314,42.99,43,42.905,42.905,8504
315,42.99,42.99,42.905,42.985,7781
316,43,43.015,42.95,42.97,9216
317,42.9598,43.04,42.9598,43,8128
318,42.9436,42.9436,42.86,42.92,11613
319,43.02,43.03,42.98,42.98,5500
320,43.03,43.06,42.99,43.03,8634
321,43,43.0501,42.95,43.02,9022
322,42.97,43.07,42.96,42.99,15122
323,42.95,42.96,42.9,42.96,9446
324,42.91,42.95,42.91,42.95,13623
325,43.015,43.05,42.92,42.93,34411
326,43.02,43.08,42.97,43.01,23275
327,42.99,43.08,42.97,43.02,83438
432,43.07,43.07,43.07,43.07,1850
433,43.2,43.23,43.05,43.1,2450
434,43.2,43.28,43.07,43.19,8024
435,43.18,43.18,43.07,43.16,2600
436,43.14,43.22,43.14,43.22,4169
437,43,43.06,42.93,43.05,1700
438,42.89,42.97,42.79,42.97,4100
439,42.86,42.93,42.7801,42.89,2983
440,42.92,42.92,42.77,42.895,5200
441,42.99,43.025,42.93,42.93,4691
442,42.99,43.05,42.95,42.99,4882
443,43.05,43.06,42.99,42.99,1798
444,43.04,43.08,43.02,43.05,8682
445,43.06,43.12,43.04,43.05,8484
446,43.13,43.16,43.08,43.08,2800
447,43.1,43.1595,43.07,43.09,2296
448,43.09,43.12,43.05,43.12,3150
449,42.95,43.06,42.934,43.06,4763
450,42.92,42.965,42.92,42.95,7609
451,42.9,42.95,42.87,42.92,6721
452,42.96,42.98,42.88,42.9,8208
453,42.95,42.96,42.92,42.96,4100
454,42.945,42.98,42.94,42.95,2500
455,42.97,42.97,42.94,42.95,6376
456,42.955,42.9825,42.95,42.97,5400
457,43,43.01,42.95,42.96,5492
458,42.93,43.01,42.93,43,6600
459,42.92,42.99,42.92,42.94,3990
460,42.93,42.97,42.92,42.92,2900
461,42.93,42.93,42.92,42.92,1300
462,42.96,42.96,42.93,42.94,3500
463,42.88,42.955,42.86,42.95,6063
464,42.91,42.95,42.86,42.87,17200
465,42.84,42.91,42.825,42.905,15477
466,42.87,42.87,42.83,42.85,4100
467,42.88,42.88,42.84,42.87,5829
468,42.87,42.94,42.85,42.88,6421
469,42.89,42.93,42.83,42.88,13052
470,42.92,42.94,42.89,42.9,13103
471,42.85,42.95,42.83,42.95,71260
864,42.85,42.85,42.85,42.85,1910
865,42.59,42.82,42.58,42.79,4317
866,42.46,42.7,42.44,42.66,6600
867,42.47,42.47,42.34,42.42,3412
868,42.5,42.62,42.46,42.47,4600
869,42.4,42.44,42.35,42.41,5300
870,42.38,42.46,42.35,42.39,3987
871,42.48,42.48,42.32,42.3366,8200
872,42.58,42.58,42.45,42.47,4600
873,42.5,42.59,42.45,42.575,4700
874,42.49,42.55,42.47,42.52,5540
875,42.49,42.52,42.44,42.45,4100
876,42.41,42.49,42.39,42.48,1900
877,42.41,42.44,42.34,42.42,16672
878,42.45,42.51,42.4203,42.44,3650
879,42.47,42.49,42.43,42.48,2800
880,42.43,42.53,42.43,42.48,3862
881,42.48,42.495,42.44,42.44,2600
882,42.444,42.48,42.43,42.48,2600
883,42.48,42.51,42.45,42.45,3900
884,42.57,42.59,42.47,42.47,3100
885,42.56,42.6,42.56,42.58,1800
886,42.55,42.59,42.52,42.52,5606
887,42.56,42.58,42.51,42.57,4000
888,42.57,42.59,42.53,42.54,3605
889,42.57,42.6,42.52,42.53,1800
890,42.57,42.6,42.54,42.56,5300
891,42.58,42.61,42.57,42.59,4217
892,42.58,42.59,42.55,42.58,6200
893,42.55,42.57,42.53,42.57,1700
894,42.6,42.6,42.55,42.55,3587
895,42.52,42.61,42.52,42.61,6781
896,42.5,42.53,42.48,42.5,5403
897,42.52,42.55,42.52,42.52,2000
898,42.52,42.55,42.45,42.5,4400
899,42.58,42.59,42.53,42.53,4460
900,42.56,42.58,42.51,42.56,9053
901,42.5,42.58,42.5,42.55,5669
902,42.49,42.55,42.47,42.51,23804
903,42.62,42.65,42.48,42.5,64218
a1494336600,42.71,42.71,42.71,42.71,2891
1,42.79,42.86,42.62,42.62,2100
2,42.78,42.99,42.78,42.81,2326
3,42.915,42.915,42.7,42.78,5000
4,43.03,43.065,42.85,42.89,9903
5,43.05,43.11,43,43.05,14173
6,43.135,43.155,43.03,43.05,10577
7,42.97,43.14,42.93,43.14,17003
8,43.06,43.06,42.93,42.95,7816
9,43.11,43.11,43.02,43.03,6000
10,43.1,43.21,43.1,43.13,6100
11,43.03,43.15,43.03,43.11,6913
12,43.06,43.075,43.015,43.02,6700
13,43.135,43.18,43.07,43.07,6650
14,43.2,43.22,43.12,43.14,8343
15,43.24,43.27,43.22,43.22,5952
16,43.27,43.27,43.23,43.23,5088
17,43.28,43.29,43.235,43.27,1950
18,43.26,43.28,43.21,43.265,7400
19,43.25,43.25,43.22,43.25,5906
20,43.27,43.27,43.21,43.25,5100
21,43.26,43.26,43.21,43.26,5497
22,43.28,43.29,43.23,43.24,3200
23,43.28,43.29,43.25,43.27,3804
24,43.17,43.28,43.17,43.27,8100
25,43.25,43.27,43.19,43.19,4402
26,43.29,43.34,43.25,43.25,4011
27,43.28,43.31,43.23,43.3,9300
28,43.2,43.28,43.2,43.27,4648
29,43.2732,43.2732,43.19,43.19,3170
30,43.25,43.28,43.24,43.27,9979
31,43.26,43.29,43.25,43.268,5183
32,43.28,43.29,43.24,43.27,9062
33,43.24,43.28,43.24,43.26,1200
34,43.23,43.275,43.23,43.26,6360
35,43.26,43.28,43.225,43.225,37131
36,43.379,43.385,43.26,43.26,46146
37,43.29,43.38,43.27,43.37,47522
38,43.19,43.29,43.13,43.29,67824
39,43.19,43.26,43.17,43.19,71387
144,43.14,43.14,43.14,43.14,2830
145,43.01,43.1,43,43.1,1250
146,42.87,43.015,42.84,43,3657
147,42.89,42.9,42.75,42.84,4599
148,42.95,43.05,42.86,42.9,8424
149,42.99,43.05,42.93,42.93,10674
150,43.02,43.07,42.985,43.01,15900
151,43,43.0399,42.96,43,12100
152,42.91,43,42.91,42.99,9412
153,42.95,42.98,42.87,42.93,5538
154,43.21,43.21,42.93,42.93,13925
155,43.17,43.23,43.14,43.19,5899
156,43.19,43.27,43.15,43.19,5800
157,43.11,43.18,43.08,43.18,4641
158,43.18,43.18,43.08,43.14,6600
159,43.1,43.21,43.1,43.16,4908
160,43.16,43.16,43.08,43.08,6900
161,43.19,43.19,43.1,43.16,7100
162,43.21,43.23,43.19,43.21,6499
163,43.18,43.23,43.15,43.21,4015
164,43.21,43.22,43.17,43.18,6283
165,43.23,43.23,43.19,43.22,4200
166,43.3,43.37,43.24,43.24,11922
167,43.27,43.28,43.22,43.28,4700
168,43.36,43.37,43.28,43.29,7530
169,43.32,43.42,43.32,43.34,9610
170,43.37,43.38,43.32,43.32,23676
171,43.36,43.45,43.36,43.38,7497
172,43.35,43.37,43.31,43.36,6100
173,43.36,43.38,43.33,43.36,4900
174,43.25,43.395,43.25,43.37,6300
175,43.35,43.38,43.26,43.26,4313
176,43.38,43.4,43.35,43.35,6500
177,43.29,43.41,43.29,43.37,7608
178,43.31,43.31,43.28,43.29,3392
179,43.27,43.32,43.27,43.31,11656
180,43.27,43.28,43.25,43.27,12933
181,43.29,43.31,43.25,43.26,22348
182,43.35,43.57,43.27,43.28,76570
183,43.38,43.4,43.31,43.35,70935
288,42.79,42.79,42.79,42.79,3071
289,42.83,43.35,42.68,43.31,10600
290,42.51,42.82,42.44,42.82,17431
291,42.41,42.49,42.35,42.4831,12015
292,42.49,42.49,42.35,42.38,7715
293,42.51,42.63,42.51,42.52,4700
294,42.33,42.49,42.3,42.49,11700
295,42.1,42.28,42.03,42.28,11852
296,42.33,42.33,42.13,42.13,4100
297,42.35,42.35,42.19,42.29,7891
298,42.58,42.59,42.345,42.37,7021
299,42.61,42.64,42.52,42.6,6788
300,42.54,42.68,42.53,42.63,7790
301,42.38,42.6,42.38,42.54,5900
302,42.37,42.489,42.36,42.4,4469
303,42.48,42.51,42.38,42.4,2600
304,42.58,42.61,42.5,42.51,5818
305,42.65,42.65,42.51,42.53,2200
306,42.58,42.65,42.56,42.65,8252
307,42.58,42.61,42.575,42.61,8983
308,42.605,42.64,42.59,42.5915,6653
309,42.6,42.6,42.52,42.57,4500
310,42.57,42.6,42.568,42.58,4373
311,42.63,42.63,42.558,42.567,8805
312,42.52,42.63,42.44,42.63,6358
313,42.59,42.61,42.545,42.545,6738
314,42.5501,42.61,42.55,42.6,7292
315,42.56,42.59,42.56,42.565,3044
316,42.48,42.57,42.46,42.57,4846
317,42.51,42.51,42.45,42.46,4104
318,42.52,42.57,42.52,42.53,2100
319,42.51,42.57,42.47,42.52,3475
320,42.51,42.54,42.5,42.54,14052
321,42.38,42.54,42.38,42.54,11818
322,42.38,42.41,42.37,42.39,4202
323,42.4,42.43,42.36,42.38,12235
324,42.45,42.45,42.37,42.41,15151
325,42.47,42.49,42.42,42.45,19713
326,42.44,42.48,42.44,42.47,16188
327,42.42,42.49,42.38,42.44,97992
432,42.06,42.06,42.06,42.06,1681
433,41.92,42.2769,40.71,41.93,2415
434,42.08,42.11,41.93,41.95,3800
435,41.9,42.155,41.9,42.08,4750
436,41.71,41.97,41.71,41.86,22262
437,41.56,41.75,41.55,41.75,8847
438,41.48,41.67,41.41,41.58,9346
439,41.62,41.64,41.45,41.47,8400
440,41.57,41.68,41.52,41.67,4631
441,41.59,41.68,41.56,41.635,12326
442,41.7,41.715,41.59,41.605,2600
443,41.655,41.765,41.6,41.76,4348
444,41.7,41.72,41.67,41.67,2600
445,41.8,41.8,41.73,41.75,3400
446,41.73,41.8,41.73,41.8,3524
447,41.78,41.78,41.71,41.71,3445
448,41.78,41.78,41.68,41.7605,10482
449,41.84,41.86,41.76,41.79,2154
450,41.96,41.96,41.84,41.85,3100
451,41.9,41.93,41.875,41.93,5263
452,41.99,42,41.91,41.91,5978
453,41.95,41.99,41.9,41.99,4500
454,41.94,41.96,41.93,41.93,2500
455,41.96,41.96,41.93,41.94,1624
456,41.95,42.02,41.94,41.97,2818
457,41.94,42,41.94,41.97,2696
458,41.99,42,41.93,41.93,1900
459,41.95,41.9925,41.93,41.98,3130
460,41.95,41.98,41.935,41.94,1900
461,41.91,41.95,41.9,41.93,4000
462,41.9,41.94,41.89,41.89,7428
463,41.81,41.92,41.8,41.88,19333
464,41.78,41.855,41.78,41.815,4300
465,41.885,41.92,41.79,41.79,5262
466,41.81,41.88,41.8,41.86,4963
467,41.72,41.79,41.72,41.79,7200
468,41.71,41.77,41.71,41.73,5448
469,41.7,41.72,41.6501,41.71,11864
470,41.73,41.755,41.67,41.72,21042
471,41.85,41.93,41.72,41.73,97758
864,42.07,42.07,42.07,42.07,1227
865,42.04,42.16,41.76,41.76,3474
866,42.03,42.04,41.95,41.965,10294
867,41.99,42.07,41.99,42.05,1100
868,42.05,42.12,41.97,42.0084,6400
869,42.1,42.16,41.99,42.03,4600
870,42.07,42.15,42.05,42.1,4549
871,42.07,42.1,42.04,42.05,4900
872,42.13,42.13,42.05,42.08,3287
873,42.18,42.21,42.11,42.13,6473
874,42.23,42.26,42.2,42.22,3000
875,42.2,42.21,42.17,42.21,2300
876,42.23,42.23,42.16,42.17,1700
877,42.22,42.27,42.22,42.23,3827
878,42.28,42.32,42.21,42.21,12829
879,42.34,42.38,42.27,42.27,10762
880,42.37,42.37,42.32,42.32,4990
881,42.21,42.355,42.21,42.35,26000
882,42.21,42.2801,42.2,42.21,11396
883,42.2,42.2001,42.17,42.19,3000
884,42.365,42.365,42.2,42.215,9234
885,42.3,42.365,42.29,42.35,6135
886,42.31,42.31,42.26,42.28,3416
887,42.36,42.38,42.33,42.33,3000
888,42.42,42.44,42.3676,42.37,2777
889,42.41,42.48,42.4,42.45,2300
890,42.4,42.42,42.38,42.41,2801
891,42.4394,42.44,42.38,42.38,1173
892,42.4,42.45,42.39,42.43,14775
893,42.42,42.42,42.37,42.4,7167
894,42.3,42.44,42.3,42.42,7235
895,42.34,42.35,42.3,42.3,3500
896,42.44,42.45,42.35,42.36,11005
897,42.53,42.53,42.43,42.44,34465
898,42.57,42.57,42.54,42.54,8174
899,42.52,42.57,42.49,42.56,7554
900,42.54,42.56,42.51,42.52,7030
901,42.56,42.56,42.53,42.54,6513
902,42.58,42.6,42.55,42.55,18698
903,42.62,42.67,42.56,42.56,53026
a1494941400,42.77,42.77,42.73,42.73,1955
1,42.59,42.81,42.59,42.81,5055
2,42.35,42.56,42.35,42.56,4454
3,42.41,42.47,42.35,42.35,1886
4,42.52,42.52,42.41,42.44,3818
5,42.47,42.62,42.39,42.5,10375
6,42.5,42.54,42.46,42.49,9400
7,42.56,42.62,42.46,42.56,11860
8,42.5,42.53,42.42,42.53,11112
9,42.52,42.575,42.51,42.55,3922
10,42.52,42.54,42.42,42.5,4800
11,42.55,42.58,42.52,42.56,5800
12,42.6,42.63,42.47,42.54,14319
13,42.61,42.63,42.57,42.6,6208
14,42.71,42.72,42.61,42.61,12000
15,42.83,42.83,42.72,42.75,3300
16,42.74,42.77,42.69,42.77,2800
17,42.84,42.84,42.71,42.73,2029
18,42.8,42.83,42.79,42.8101,3306
19,42.77,42.82,42.76,42.82,2689
20,42.77,42.77,42.72,42.76,2900
21,42.85,42.85,42.76,42.76,600
22,42.87,42.89,42.8,42.82,3518
23,42.85,42.91,42.83,42.91,2600
24,42.82,42.89,42.82,42.89,1696
25,42.83,42.83,42.81,42.81,800
26,42.85,42.87,42.79,42.83,4118
27,42.85,42.86,42.82,42.83,3497
28,42.89,42.89,42.84,42.86,1300
29,42.85,42.9,42.84,42.88,5054
30,42.91,42.95,42.88,42.89,6553
31,42.93,42.94,42.89,42.91,2100
32,43,43,42.94,42.94,4434
33,42.96,43,42.92,42.99,4453
34,42.97,43,42.95,42.98,6664
35,42.92,42.96,42.91,42.96,5084
36,42.98,42.99,42.93,42.93,10680
37,43.02,43.07,42.96,42.98,10754
38,42.95,43.03,42.91,43.02,34477
39,42.82,42.98,42.8,42.92,82613
144,41.6,41.6,41.6,41.6,4051
145,41.68,41.84,41.23,41.44,8794
146,41.57,41.78,41.57,41.775,25725
147,41.48,41.57,41.48,41.56,7818
148,41.11,41.53,41,41.48,17682
149,41.11,41.17,41.06,41.16,7314
150,41.11,41.21,41.02,41.13,7885
151,41.05,41.14,41.01,41.1,20700
152,40.99,41.04,40.93,41.03,16194
153,40.97,41.03,40.89,41.03,25610
154,40.77,41,40.77,40.97,16620
155,40.88,40.88,40.7345,40.77,8127
156,40.79,40.9,40.79,40.88,2900
157,40.79,40.79,40.73,40.77,9399
158,40.79,40.83,40.76,40.81,5500
159,40.81,40.82,40.76,40.785,12412
160,40.665,40.8,40.65,40.8,4000
161,40.57,40.665,40.56,40.665,6364
162,40.5,40.55,40.5,40.55,5109
163,40.51,40.51,40.41,40.49,1800
164,40.55,40.55,40.464,40.51,4101
165,40.605,40.62,40.53,40.54,3400
166,40.6,40.65,40.58,40.62,4400
167,40.51,40.58,40.51,40.58,1100
168,40.49,40.53,40.47,40.53,2400
169,40.46,40.53,40.45,40.46,7748
170,40.47,40.47,40.4,40.46,4498
171,40.36,40.43,40.3,40.43,4399
172,40.34,40.38,40.325,40.35,6140
173,40.19,40.33,40.17,40.33,5629
174,40.095,40.18,40.06,40.1701,27814
175,40.1525,40.1976,40.12,40.12,7531
176,40.01,40.14,39.95,40.1,8333
177,40.16,40.16,39.983,39.983,7076
178,40.13,40.17,40.08,40.15,5723
179,40.23,40.26,40.08,40.11,8961
180,40.1,40.26,40.1,40.21,12075
181,40.18,40.18,40.09,40.1,23046
182,39.92,40.17,39.86,40.17,25312
183,39.91,39.98,39.85,39.9,88839
288,39.64,39.64,39.64,39.64,2103
289,39.945,40.15,39.01,39.01,5070
290,39.92,39.995,39.7,39.97,14343
291,39.65,39.85,39.65,39.77,2698
292,39.86,39.89,39.6,39.71,26071
293,39.93,39.95,39.86,39.9,3662
294,40.0075,40.04,39.79,39.91,4078
295,39.91,40.04,39.91,39.99,14129
296,39.77,39.91,39.77,39.91,7085
297,39.75,39.81,39.73,39.76,5912
298,39.75,39.79,39.66,39.74,8362
299,39.68,39.74,39.64,39.73,3733
300,39.52,39.73,39.52,39.71,9748
301,39.45,39.58,39.45,39.53,5499
302,39.35,39.43,39.27,39.43,5811
303,39.25,39.44,39.25,39.39,6677
304,39.28,39.32,39.24,39.29,15403
305,39.25,39.37,39.25,39.3,7671
306,39.42,39.44,39.27,39.29,9200
307,39.37,39.48,39.37,39.42,16113
308,39.34,39.35,39.27,39.35,7312
309,39.46,39.465,39.29,39.355,12582
310,39.36,39.46,39.35,39.46,6511
311,39.42,39.49,39.33,39.38,8556
312,39.4,39.45,39.4,39.41,11428
313,39.435,39.45,39.35,39.42,12514
314,39.41,39.48,39.4,39.4464,21086
315,39.57,39.59,39.36,39.4,10796
316,39.79,39.79,39.56,39.56,5347
317,39.765,39.82,39.715,39.75,8193
318,39.77,39.8,39.72,39.78,10538
319,39.84,39.91,39.78,39.78,23123
320,39.8,39.87,39.71,39.85,8163
321,39.715,39.85,39.69,39.81,31220
322,39.72,39.73,39.62,39.69,64371
323,39.67,39.74,39.65,39.72,9856
324,39.72,39.77,39.65,39.67,14415
325,39.745,39.75,39.66,39.72,13047
326,39.84,39.84,39.66,39.76,21265
327,39.73,39.86,39.71,39.83,80360
432,39.85,39.85,39.85,39.85,2421
433,40.01,40.04,39.87,39.8772,3066
434,40.13,40.18,40.01,40.11,6275
435,40.03,40.15,40.01,40.15,3500
436,39.98,40.06,39.95,40.03,2700
437,40.06,40.16,40.03,40.06,1800
438,40.055,40.08,39.985,40.04,4100
439,39.9776,40.03,39.94,40.03,3013
440,40.1,40.14,39.87,39.95,13925
441,40.07,40.15,40.025,40.07,9000
442,40.09,40.09,40.01,40.05,42114
443,40.09,40.16,40.04,40.05,10398
444,40.35,40.36,40.1,40.13,15977
445,40.24,40.335,40.22,40.335,23455
446,40.22,40.23,40.15,40.23,7864
447,40.17,40.26,40.11,40.23,17542
448,40.24,40.26,40.17,40.17,7193
449,40.2,40.28,40.2,40.24,11466
450,40.29,40.3,40.19,40.21,20165
451,40.274,40.39,40.27,40.29,14050
452,40.295,40.3,40.24,40.27,6000
453,40.24,40.295,40.22,40.295,11463
454,40.18,40.3,40.18,40.25,26971
455,40.12,40.2,40.12,40.18,17097
456,40.14,40.14,40.12,40.12,3400
457,40.155,40.16,40.11,40.13,4796
458,40.2,40.2,40.12,40.13,7930
459,40.27,40.28,40.21,40.21,9531
460,40.26,40.34,40.24,40.275,9599
461,40.33,40.35,40.28,40.28,3607
462,40.34,40.34,40.28,40.34,8000
463,40.305,40.36,40.26,40.33,15863
464,40.295,40.38,40.295,40.32,14589
465,40.24,40.29,40.23,40.29,11600
466,40.12,40.29,40.11,40.25,12446
467,40.1,40.18,40.1,40.12,10949
468,40.02,40.13,40.02,40.12,19207
469,40.04,40.06,39.965,39.99,20197
470,39.95,40.05,39.94,40.03,36595
471,39.94,39.97,39.89,39.95,74602
864,40.13,40.13,40.13,40.13,1496
865,40.21,40.22,40.1,40.14,2000
866,40.065,40.24,39.975,40.24,3002
867,40.02,40.07,39.98,40.07,3397
868,40.06,40.13,39.98,40,4700
869,39.89,40.03,39.86,40.03,5500
870,39.88,39.91,39.78,39.9,20900
871,39.71,39.88,39.66,39.88,15909
872,39.46,39.73,39.41,39.73,22436
873,39.56,39.57,39.45,39.45,8200
874,39.51,39.65,39.51,39.57,11300
875,39.65,39.65,39.49,39.54,8500
876,39.59,39.68,39.59,39.68,19099
877,39.54,39.635,39.54,39.6,3361
878,39.58,39.62,39.54,39.54,7549
879,39.73,39.73,39.55,39.55,4100
880,39.76,39.76,39.72,39.74,3700
881,39.91,39.92,39.8,39.8,4017
882,39.83,39.94,39.83,39.91,2658
883,39.76,39.84,39.7402,39.82,3150
884,39.74,39.82,39.74,39.8,2000
885,39.75,39.76,39.7,39.76,9562
886,39.77,39.78,39.75,39.77,6100
887,39.79,39.83,39.75,39.78,10400
888,39.82,39.82,39.76,39.78,1950
889,39.72,39.83,39.71,39.83,8568
890,39.72,39.73,39.7,39.71,8429
891,39.72,39.77,39.71,39.73,5500
892,39.78,39.79,39.7,39.71,12256
893,39.84,39.84,39.77,39.77,26723
894,39.85,39.88,39.83,39.86,4328
895,39.865,39.88,39.835,39.835,7494
896,39.83,39.87,39.81,39.86,7614
897,39.77,39.84,39.75,39.82,6683
898,39.8,39.81,39.75,39.75,11408
899,39.78,39.84,39.78,39.79,12843
900,39.86,39.865,39.77,39.77,14368
901,39.86,39.94,39.84,39.87,13442
902,39.97,39.97,39.85,39.86,15143
903,39.85,39.97,39.84,39.96,78745
a1495546200,38.71,39.26,38.71,39.26,12557
1,38.94,39.27,38.54,39.27,58663
2,38.77,38.96,38.65,38.92,87677
3,38.55,38.78,38.43,38.78,17043
4,38.53,38.59,38.48,38.53,19244
5,38.37,38.5402,38.37,38.53,52959
6,38.52,38.56,38.34,38.35,24376
7,38.71,38.75,38.49,38.54,45173
8,38.73,38.78,38.64,38.77,23765
9,38.726,38.78,38.66,38.74,14351
10,39,39.04,38.72,38.76,9093
11,38.93,39.05,38.93,39.03,13300
12,39.05,39.07,38.9,38.935,11203
13,38.97,39.07,38.96,39.03,11100
14,39.02,39.03,38.96,38.98,10871
15,38.92,39.04,38.91,39.01,8200
16,38.93,38.94,38.88,38.92,19247
17,38.89,38.94,38.86,38.935,17819
18,38.7855,38.93,38.7855,38.87,12057
19,38.85,38.85,38.78,38.79,5600
20,38.681,38.89,38.65,38.85,22574
21,38.62,38.7,38.62,38.7,8801
22,38.69,38.76,38.61,38.62,11670
23,38.64,38.72,38.6,38.69,11229
24,38.741,38.741,38.63,38.64,11483
25,38.75,38.8,38.71,38.74,25466
26,38.64,38.77,38.61,38.76,9630
27,38.75,38.75,38.64,38.64,8502
28,38.78,38.8,38.71,38.77,11606
29,38.82,38.843,38.75,38.78,29760
30,38.98,39.03,38.85,38.85,19169
31,39.04,39.055,38.965,38.98,33814
32,39.08,39.16,39.01,39.05,30842
33,39.1,39.14,39.06,39.07,13121
34,39.15,39.2,39.08,39.1,34533
35,39.21,39.22,39.14,39.16,10538
36,39.17,39.22,39.14,39.21,25091
37,39.17,39.19,39.085,39.17,24110
38,39.145,39.17,39.06,39.17,49539
39,39.17,39.26,39.09,39.15,122092
144,39.27,39.27,39.27,39.27,3787
145,39.22,39.41,39.03,39.41,11935
146,39.19,39.29,39.085,39.23,26696
147,38.85,39.2,38.81,39.2,27621
148,38.87,39.01,38.81,38.81,11100
149,38.95,38.98,38.77,38.86,13081
150,38.97,39.02,38.927,38.927,9736
151,38.97,39.07,38.93,38.97,10900
152,38.91,38.96,38.86,38.96,6594
153,38.8,38.91,38.8,38.91,7411
154,38.83,38.85,38.78,38.81,9236
155,38.9,38.94,38.82,38.84,11450
156,38.86,38.94,38.86,38.92,6520
157,38.89,38.9,38.87,38.88,4050
158,38.87,38.89,38.82,38.89,8400
159,38.78,38.85,38.7,38.85,19306
160,38.77,38.8,38.73,38.76,9600
161,38.78,38.79,38.78,38.78,2160
162,38.9,38.92,38.81,38.81,11395
163,38.82,38.9,38.82,38.9,2800
164,38.73,38.82,38.7,38.82,14971
165,38.73,38.81,38.72,38.74,6863
166,38.71,38.72,38.66,38.72,15995
167,38.79,38.81,38.72,38.72,5504
168,38.77,38.79,38.71,38.79,5000
169,38.79,38.8,38.77,38.79,5802
170,38.71,38.795,38.7,38.79,6900
171,38.78,38.79,38.72,38.72,4343
172,38.66,38.8,38.6,38.78,31188
173,38.68,38.79,38.64,38.68,22678
174,38.76,38.79,38.68,38.69,11706
175,38.75,38.78,38.72,38.75,7950
176,38.77,38.82,38.74,38.75,9606
177,38.67,38.75,38.66,38.74,7200
178,38.66,38.74,38.61,38.68,16891
179,38.69,38.73,38.68,38.68,11588
180,38.71,38.73,38.68,38.7,10953
181,38.79,38.81,38.71,38.72,19568
182,38.88,38.94,38.8,38.8,40525
183,38.86,38.9,38.83,38.9,79331
288,39.08,39.08,39.04,39.04,3813
289,39.24,39.5,39.06,39.31,4974
290,39.26,39.345,39.2,39.24,4350
291,39.45,39.51,39.34,39.34,5519
292,39.42,39.46,39.36,39.43,4200
293,39.39,39.47,39.36,39.42,8293
294,39.41,39.41,39.28,39.39,10800
295,39.38,39.41,39.31,39.4,12780
296,39.395,39.4,39.32,39.37,8221
297,39.23,39.41,39.23,39.41,8323
298,39.21,39.22,39.135,39.17,9159
299,39.23,39.26,39.21,39.24,7358
300,39.25,39.26,39.19,39.24,13165
301,39.1,39.27,39.1,39.26,19821
302,39.09,39.09,39,39.07,6449
303,39.03,39.14,39.02,39.12,3100
304,39.15,39.16,39.05,39.05,6252
305,39.11,39.14,39.065,39.14,3600
306,39.15,39.195,39.14,39.15,4700
307,39.22,39.27,39.12,39.13,7240
308,39.27,39.27,39.24,39.24,2100
309,39.2,39.26,39.19,39.26,4266
310,39.26,39.27,39.21,39.22,11046
311,39.26,39.27,39.22,39.27,9458
312,39.32,39.37,39.265,39.27,10050
313,39.3,39.32,39.24,39.315,4227
314,39.325,39.37,39.3,39.3,6944
315,39.43,39.43,39.325,39.325,5339
316,39.43,39.47,39.42,39.44,8700
317,39.46,39.48,39.43,39.45,5303
318,39.56,39.6,39.46,39.48,10785
319,39.56,39.57,39.5,39.53,6100
320,39.55,39.6,39.53,39.595,11618
321,39.54,39.56,39.48,39.55,5324
322,39.54,39.57,39.5,39.52,11833
323,39.58,39.58,39.5,39.535,10912
324,39.52,39.57,39.51,39.56,8627
325,39.635,39.64,39.5268,39.5268,27041
326,39.65,39.72,39.63,39.64,36484
327,39.57,39.64,39.51,39.64,67668
432,39.53,39.53,39.53,39.53,1869
433,39.43,39.59,39.41,39.54,4560
434,39.62,39.69,39.43,39.43,7814
435,39.76,39.76,39.65,39.66,3134
436,39.41,39.74,39.36,39.726,17185
437,39.37,39.42,39.315,39.4,4439
438,39.4,39.43,39.36,39.37,3800
439,39.615,39.615,39.45,39.45,4965
440,39.52,39.6,39.52,39.6,4661
441,39.37,39.49,39.37,39.49,3900
442,39.54,39.54,39.37,39.37,4700
443,39.5,39.56,39.5,39.56,3400
444,39.62,39.6407,39.5,39.5,5204
445,39.51,39.6225,39.51,39.61,5311
446,39.56,39.56,39.49,39.51,1800
447,39.46,39.58,39.46,39.58,5500
448,39.52,39.52,39.47,39.47,8000
449,39.59,39.6,39.54,39.54,3300
450,39.57,39.62,39.57,39.62,4146
451,39.59,39.59,39.51,39.56,2600
452,39.65,39.65,39.6,39.6,2288
453,39.63,39.67,39.63,39.67,3870
454,39.63,39.63,39.58,39.63,4663
455,39.62,39.7,39.62,39.64,4508
456,39.62,39.63,39.59,39.59,900
457,39.59,39.67,39.59,39.64,8378
458,39.63,39.63,39.58,39.6,1200
459,39.64,39.65,39.62,39.63,2100
460,39.66,39.66,39.59,39.64,8030
461,39.675,39.71,39.66,39.68,3645
462,39.66,39.72,39.66,39.66,5760
463,39.61,39.67,39.6,39.64,6700
464,39.59,39.61,39.57,39.6,3300
465,39.65,39.65,39.58,39.59,4200
466,39.61,39.72,39.61,39.65,8525
467,39.715,39.715,39.61,39.625,7993
468,39.76,39.78,39.71,39.71,17215
469,39.75,39.83,39.75,39.76,25403
470,39.7,39.78,39.7,39.75,19597
471,39.69,39.73,39.66,39.71,84203
a1496151000,39.5,39.5,39.5,39.5,946
1,39.48,39.665,39.39,39.55,3200
2,39.45,39.53,39.26,39.34,4300
3,39.28,39.49,39.24,39.46,6500
4,39.07,39.345,39.04,39.345,5216
5,39.03,39.1,38.91,39.06,8200
6,38.91,39.05,38.91,39,5716
7,39.2,39.22,38.94,38.95,6375
8,39.1,39.21,39.055,39.21,3761
9,39.1,39.14,39.08,39.12,6678
10,39.12,39.145,39.11,39.11,3600
11,39.09,39.1,39.02,39.1,3593
12,39.03,39.13,39.03,39.13,6100
13,39.1,39.1,39.03,39.04,1800
14,39.02,39.1,38.99,39.1,5800
15,39.05,39.05,38.93,38.97,9531
16,39.1,39.15,39.06,39.06,3500
17,39.1,39.105,39.07,39.105,2500
18,39.1,39.18,39.1,39.13,1936
19,39.2,39.2,39.13,39.13,3800
20,39.13,39.17,39.13,39.17,2616
21,39.1,39.135,39.1,39.12,1301
22,39.08,39.1,39.06,39.08,2500
23,39.11,39.11,39.08,39.09,3884
24,39.14,39.14,39.07,39.11,3965
25,39.18,39.18,39.14,39.15,2776
26,39.16,39.19,39.13,39.19,3652
27,39.08,39.16,39.08,39.16,2663
28,39.09,39.12,39.07,39.09,4600
29,39.02,39.08,39.02,39.08,2530
30,39.01,39.03,39.002,39.02,5548
31,39,39.04,39,39,3807
32,39.01,39.02,38.99,38.99,7557
33,39,39.025,39,39.01,4998
34,39.02,39.085,39,39.01,9998
35,39.03,39.06,39.01,39.035,6391
36,39.02,39.0385,39,39.03,12331
37,39,39.0369,39,39.03,23756
38,38.98,39.06,38.97,39.02,25832
39,38.98,39.005,38.93,38.99,56256
144,39.06,39.06,39.06,39.06,1347
145,38.84,39.2,38.73,39.055,7145
146,38.39,38.83,38.39,38.81,7012
147,38.29,38.55,38.18,38.47,6340
148,38.02,38.25,38.01,38.25,7582
149,38,38.075,37.96,38.02,13016
150,38.16,38.17,38.025,38.025,11000
151,38.15,38.27,38.14,38.2,9366
152,38.16,38.28,38.16,38.19,14979
153,38.23,38.27,38.14,38.16,16335
154,38.1,38.27,38.04,38.26,25261
155,38.03,38.12,37.92,38.12,10442
156,38.09,38.22,38.02,38.05,10109
157,38,38.1,37.95,38.09,8918
158,38.16,38.16,37.98,38.03,11508
159,38.25,38.25,38.08,38.14,6200
160,38.33,38.33,38.25,38.26,6400
161,38.26,38.34,38.21,38.33,6255
162,38.33,38.33,38.22,38.29,7628
163,38.38,38.39,38.32,38.33,4734
164,38.374,38.45,38.374,38.39,5960
165,38.36,38.42,38.35,38.38,2700
166,38.4,38.4,38.31,38.36,5600
167,38.43,38.53,38.4,38.42,8842
168,38.48,38.49,38.384,38.435,7524
169,38.47,38.5362,38.47,38.47,4960
170,38.38,38.46,38.35,38.46,3200
171,38.43,38.44,38.34,38.39,3450
172,38.49,38.49,38.41,38.42,8592
173,38.51,38.52,38.38,38.51,14764
174,38.53,38.53,38.45,38.51,4599
175,38.53,38.54,38.47,38.49,4653
176,38.5,38.54,38.47,38.53,4658
177,38.5,38.51,38.45,38.51,12664
178,38.58,38.6,38.45,38.455,8811
179,38.68,38.685,38.55,38.55,8549
180,38.72,38.76,38.66,38.66,6000
181,38.78,38.8,38.74,38.74,10418
182,38.87,38.87,38.75,38.77,12324
183,38.93,38.98,38.83,38.88,157850
288,39.15,39.15,39.15,39.15,832
289,39.02,39.17,38.93,39.14,8500
290,39.15,39.18,39.06,39.07,6988
291,39.13,39.22,39.03,39.15,8040
292,39.05,39.135,38.97,39.09,5833
293,39.37,39.37,39.06,39.06,8503
294,39.4468,39.46,39.25,39.4,9682
295,39.34,39.445,39.34,39.44,3200
296,39.295,39.39,39.28,39.36,7117
297,39.46,39.47,39.31,39.31,7062
298,39.47,39.49,39.43,39.46,6700
299,39.56,39.58,39.49,39.49,6200
300,39.56,39.63,39.52,39.52,4500
301,39.46,39.57,39.46,39.56,9821
302,39.51,39.51,39.45,39.48,3700
303,39.61,39.69,39.525,39.55,6216
304,39.7,39.7,39.63,39.64,2200
305,39.72,39.73,39.63,39.66,6300
306,39.69,39.73,39.65,39.73,7164
307,39.7,39.72,39.67,39.68,3100
308,39.81,39.81,39.705,39.705,8521
309,39.77,39.81,39.75,39.77,4100
310,39.865,39.89,39.77,39.77,3107
311,39.86,39.905,39.84,39.865,5900
312,39.91,39.92,39.86,39.87,7010
313,39.92,39.96,39.89,39.91,7850
314,39.875,39.94,39.875,39.91,3000
315,39.81,39.875,39.77,39.87,6354
316,39.805,39.83,39.78,39.79,7047
317,39.83,39.855,39.8,39.82,5271
318,39.94,39.94,39.82,39.84,6435
319,39.825,39.94,39.825,39.93,12709
320,39.8,39.85,39.79,39.81,9586
321,39.67,39.83,39.67,39.82,9826
322,39.62,39.7,39.62,39.67,6600
323,39.69,39.725,39.619,39.64,10560
324,39.74,39.74,39.64,39.68,9600
325,39.65,39.75,39.63,39.73,12390
326,39.68,39.71,39.66,39.66,21338
327,39.78,39.8,39.67,39.67,67148
432,39.38,39.38,39.38,39.38,1888
433,39.19,39.6,38.99,38.99,6320
434,39.18,39.28,39.12,39.27,5236
435,39.03,39.21,38.99,39.19,8400
436,38.99,39.13,38.93,39.05,8200
437,38.94,39.07,38.93,39,4993
438,38.81,38.98,38.79,38.91,8751
439,38.95,38.95,38.8,38.83,7108
440,38.99,38.99,38.88,38.93,6816
441,39.09,39.18,39.01,39.01,10661
442,39.05,39.15,39.05,39.07,10384
443,39.14,39.16,39.06,39.06,13200
444,39.18,39.26,39.12,39.14,21832
445,39.22,39.24,39.1655,39.21,7102
446,39.33,39.3794,39.22,39.23,8301
447,39.49,39.49,39.34,39.34,15200
448,39.43,39.5,39.36,39.5,5650
449,39.54,39.55,39.39,39.42,4984
450,39.56,39.59,39.51,39.54,7194
451,39.46,39.54,39.46,39.54,4951
452,39.48,39.49,39.39,39.44,8400
453,39.53,39.55,39.49,39.5,7214
454,39.56,39.57,39.51,39.53,5240
455,39.52,39.61,39.52,39.56,4301
456,39.49,39.53,39.46,39.49,3800
457,39.46,39.5,39.46,39.48,5308
458,39.47,39.53,39.47,39.48,5873
459,39.46,39.52,39.45,39.47,5526
460,39.44,39.49,39.44,39.46,6200
461,39.44,39.46,39.4,39.42,9141
462,39.39,39.45,39.39,39.4398,11609
463,39.5,39.55,39.42,39.42,12282
464,39.4,39.49,39.38,39.47,12328
465,39.43,39.4574,39.38,39.38,8399
466,39.43,39.46,39.4,39.42,11303
467,39.33,39.425,39.27,39.42,19843
468,39.3,39.38,39.3,39.33,10964
469,39.31,39.35,39.28,39.3,19601
470,39.28,39.37,39.23,39.32,42701
471,39.34,39.35,39.23,39.33,140180
864,39.31,39.31,39.31,39.31,2482
865,39.69,39.79,39.51,39.68,6320
866,39.64,39.75,39.51,39.65,5885
867,39.66,39.7,39.6,39.7,30930
868,39.92,39.92,39.62,39.65,8192
869,39.88,39.95,39.83,39.92,4900
870,39.89,39.91,39.85,39.88,4499
871,39.81,39.86,39.77,39.82,8196
872,39.82,39.83,39.78,39.81,5398
873,39.82,39.82,39.74,39.82,10301
874,39.76,39.81,39.72,39.81,9200
875,39.88,39.89,39.77,39.79,10197
876,39.9,39.9364,39.87,39.89,10923
877,39.805,39.91,39.805,39.91,5600
878,39.71,39.8,39.67,39.8,4921
879,39.8,39.8,39.715,39.72,3272
880,39.8,39.9,39.8,39.84,6375
881,39.8,39.85,39.795,39.8,4440
882,39.8,39.84,39.77,39.82,3800
883,39.83,39.85,39.82,39.82,4719
884,39.9,39.91,39.83,39.85,3492
885,39.94,39.97,39.92,39.92,4600
886,39.92,40,39.92,39.94,7318
887,39.87,39.93,39.87,39.91,4600
888,39.89,39.905,39.84,39.85,5143
889,39.85,39.875,39.85,39.87,4832
890,39.845,39.88,39.81,39.83,7800
891,39.87,39.91,39.83,39.84,5686
892,39.86,39.91,39.85,39.87,9995
893,39.83,39.86,39.815,39.86,1702
894,39.83,39.84,39.78,39.815,10587
895,39.83,39.835,39.78,39.83,12342
896,39.9,39.92,39.84,39.85,10210
897,39.84,39.9,39.84,39.875,7903
898,39.735,39.84,39.73,39.84,15034
899,39.695,39.74,39.69,39.73,12623
900,39.64,39.7,39.59,39.69,18147
901,39.66,39.7,39.63,39.64,19288
902,39.575,39.66,39.51,39.66,46001
903,39.56,39.62,39.55,39.59,67545
a1496755800,39.1,39.1,39.1,39.1,1532
1,38.99,39.18,38.86,39.13,6312
2,39.09,39.105,38.89,38.95,4016
3,39.1952,39.1952,39.04,39.0579,1016
4,39.09,39.23,39.07,39.21,5219
5,39.26,39.3199,39.14,39.14,4327
6,39.16,39.28,39.16,39.28,4670
7,39,39.16,38.99,39.15,6887
8,39.05,39.12,39.03,39.04,6037
9,38.99,39.09,38.98,39.06,10175
10,38.97,39.02,38.95,38.995,10189
11,38.97,39,38.9,38.99,9228
12,38.98,38.985,38.93,38.97,6028
13,39.14,39.15,38.97,38.98,11600
14,39.26,39.27,39.125,39.125,7870
15,39.3,39.3,39.26,39.27,4432
16,39.41,39.48,39.3,39.3,6799
17,39.45,39.51,39.4,39.44,4602
18,39.41,39.4899,39.37,39.45,3473
19,39.42,39.44,39.4,39.41,1800
20,39.48,39.5199,39.43,39.43,3690
21,39.45,39.5199,39.43,39.47,3756
22,39.45,39.47,39.41,39.47,3058
23,39.41,39.45,39.36,39.45,5934
24,39.45,39.47,39.42,39.425,7652
25,39.44,39.47,39.41,39.46,2318
26,39.45,39.47,39.4273,39.46,2364
27,39.52,39.52,39.44,39.46,4347
28,39.555,39.6,39.5,39.52,5900
29,39.49,39.54,39.424,39.53,20915
30,39.485,39.5001,39.45,39.5001,3564
31,39.56,39.64,39.51,39.51,4868
32,39.59,39.63,39.53,39.53,5431
33,39.51,39.62,39.495,39.62,11500
34,39.62,39.71,39.51,39.53,31363
35,39.58,39.61,39.54,39.61,7010
36,39.63,39.64,39.58,39.58,9931
37,39.69,39.73,39.58,39.65,35971
38,39.56,39.73,39.5,39.65,21054
39,39.62,39.67,39.54,39.55,81637
144,39.81,39.81,39.81,39.81,1439
145,40,40.07,39.52,39.52,7933
146,40.11,40.1399,40.03,40.03,6289
147,40.18,40.27,40.08,40.11,8712
148,40.27,40.34,40.1993,40.23,5156
149,40.49,40.53,40.3,40.3,5303
150,40.36,40.49,40.3,40.48,54711
151,40.29,40.38,40.23,40.325,18885
152,40.51,40.51,40.25,40.29,14738
153,40.71,40.71,40.51,40.51,15900
154,40.53,40.71,40.53,40.71,21007
155,40.65,40.685,40.53,40.53,10906
156,40.37,40.65,40.37,40.65,11127
157,40.31,40.45,40.31,40.37,24871
158,40.1,40.31,40.1,40.31,9064
159,40.22,40.3,40.13,40.13,11773
160,40.26,40.3,40.14,40.22,23023
161,40.25,40.31,40.22,40.27,28813
162,40.245,40.31,40.23,40.265,4389
163,40.11,40.23,40.11,40.23,7867
164,40.04,40.15,40.04,40.09,12320
165,39.89,40.05,39.89,40.05,22900
166,39.66,39.91,39.66,39.89,18040
167,39.67,39.7,39.66,39.6601,8089
168,39.58,39.68,39.561,39.66,15185
169,39.74,39.74,39.5301,39.5701,24254
170,39.74,39.8725,39.72,39.74,22865
171,39.72,39.78,39.72,39.75,7272
172,39.88,39.88,39.71,39.71,5927
173,39.7401,39.875,39.74,39.86,8175
174,39.74,39.8001,39.72,39.74,10096
175,39.8,39.83,39.74,39.74,10480
176,39.92,39.92,39.78,39.8,7157
177,39.91,39.95,39.88,39.92,10464
178,39.88,39.9101,39.82,39.895,11402
179,39.96,39.96,39.85,39.88,11578
180,40.05,40.05,39.94,39.95,14960
181,40.02,40.15,40,40.06,43876
182,40.04,40.05,39.93,40,28697
183,39.95,40.0201,39.88,40.02,85791
288,39.96,39.96,39.96,39.96,1594
289,40.19,40.19,39.88,39.97,6198
290,40.6,40.61,40.22,40.39,4470
291,40.76,40.84,40.49,40.56,5216
292,40.73,40.88,40.71,40.79,3200
293,40.88,40.9,40.66,40.6992,5225
294,40.655,40.85,40.62,40.84,4779
295,40.66,40.79,40.61,40.67,4038
296,40.61,40.71,40.5,40.69,12496
297,40.4,40.58,40.4,40.58,6213
298,40.47,40.47,40.4,40.41,17085
299,40.46,40.5,40.435,40.48,17529
300,40.47,40.55,40.45,40.5,43111
301,40.43,40.51,40.41,40.47,7919
302,40.174,40.45,40.17,40.45,12342
303,40.08,40.21,40.066,40.17,22373
304,40.1,40.125,40,40.1,43036
305,40.2,40.2,40.05,40.15,33777
306,40.12,40.24,40.12,40.2,11200
307,40.21,40.25,40.14,40.16,11200
308,40.23,40.3,40.14,40.18,18959
309,40.29,40.29,40.18,40.23,13837
310,40.25,40.3,40.23,40.3,31426
311,40.22,40.3,40.18,40.27,10907
312,40.215,40.3,40.2,40.23,5429
313,40.18,40.32,40.18,40.23,15970
314,40.21,40.28,40.1,40.205,12973
315,40.3,40.35,40.2,40.21,13566
316,40.385,40.4,40.26,40.265,12822
317,40.29,40.425,40.29,40.39,11479
318,40.34,40.48,40.15,40.2601,201405
319,40.5,40.5,40.24,40.38,46658
320,40.48,40.52,40.44,40.51,9196
321,40.64,40.64,40.49,40.49,14341
322,40.725,40.78,40.67,40.67,11800
323,40.65,40.74,40.625,40.74,15588
324,40.74,40.74,40.63,40.63,9200
325,40.69,40.74,40.59,40.74,20697
326,40.81,40.81,40.65,40.69,28975
327,40.8,40.88,40.77,40.81,71841
432,41.22,41.22,41.22,41.22,3270
433,41.29,41.43,41.11,41.11,2450
434,41.23,41.23,41.13,41.22,1700
435,41.455,41.58,41.27,41.27,5900
436,41.56,41.61,41.41,41.5,11050
437,41.58,41.6,41.46,41.54,8800
438,41.78,41.81,41.53,41.6,9163
439,41.875,41.89,41.8,41.82,12000
440,41.91,41.91,41.8,41.875,3010
441,41.86,41.94,41.77,41.92,7803
442,42.14,42.17,41.82,41.85,36771
443,41.95,42.11,41.95,42.11,8120
444,42.04,42.1,41.91,41.98,18406
445,42.05,42.07,42.02,42.06,19795
446,42.1,42.14,42.04,42.045,5300
447,42.03,42.14,42.03,42.12,5200
448,41.91,41.99,41.88,41.99,8709
449,41.91,41.95,41.91,41.93,2572
450,41.99,42.02,41.68,41.935,34788
451,41.93,42.01,41.9,41.99,2304
452,41.92,41.975,41.89,41.91,2440
453,41.87,41.96,41.86,41.93,6221
454,41.88,41.93,41.86,41.88,18014
455,41.74,41.87,41.74,41.87,6092
456,41.74,41.79,41.68,41.76,5300
457,41.74,41.77,41.72,41.7496,8014
458,41.585,41.755,41.58,41.755,6121
459,41.43,41.54,41.41,41.54,9900
460,41.64,41.67,41.43,41.47,28587
461,41.585,41.7,41.585,41.67,4300
462,41.5401,41.63,41.54,41.575,5814
463,41.48,41.565,41.4,41.55,8771
464,41.39,41.54,41.39,41.51,6214
465,41.3,41.355,41.23,41.35,10026
466,41.43,41.46,41.31,41.36,10518
467,41.56,41.56,41.43,41.43,4645
468,41.645,41.645,41.54,41.56,11887
469,41.42,41.62,41.42,41.62,12061
470,41.53,41.53,41.31,41.41,35757
471,41.47,41.55,41.38,41.51,76354
864,41.38,41.7,41.38,41.7,6622
865,41.62,41.81,41.125,41.125,6968
866,41.56,41.74,41.52,41.61,11612
867,41.17,41.66,41.16,41.59,12667
868,41.11,41.335,40.97,41.2,30503
869,41.4,41.43,41.08,41.1,8836
870,41.5,41.5,41.34,41.415,14120
871,41.41,41.5,41.36,41.45,8700
872,41.5,41.52,41.38,41.44,36002
873,41.65,41.67,41.44,41.48,24861
874,41.49,41.68,41.49,41.67,36117
875,41.47,41.57,41.4,41.52,24348
876,41.48,41.53,41.38,41.46,18477
877,41.43,41.6,41.38,41.47,22770
878,41.43,41.5,41.37,41.44,17266
879,41.47,41.51,41.4,41.47,11692
880,41.47,41.505,41.36,41.47,9082
881,41.47,41.5,41.45,41.5,13240
882,41.5,41.51,41.43,41.5,9200
883,41.5,41.55,41.45,41.55,10221
884,41.5,41.55,41.45,41.52,9986
885,41.46,41.53,41.43,41.53,8400
886,41.5,41.57,41.47,41.47,17795
887,41.5,41.535,41.49,41.5,3942
888,41.5,41.56,41.46,41.5,16514
889,41.5,41.54,41.48,41.52,18000
890,41.5,41.53,41.48,41.52,26955
891,41.62,41.64,41.46,41.51,21914
892,41.85,41.86,41.67,41.67,8832
893,41.83,41.88,41.83,41.87,8489
894,41.89,41.91,41.83,41.84,5700
895,42.01,42.03,41.85,41.86,12450
896,42.16,42.16,42,42,15327
897,42.23,42.24,42.12,42.16,11173
898,42.22,42.26,42.17,42.25,12775
899,42.27,42.34,42.2224,42.2224,15031
900,42.2,42.28,42.2,42.275,49648
901,42.285,42.32,42.21,42.215,23562
902,42.18,42.28,42.12,42.28,25935
903,42.24,42.25,42.12,42.17,67081
a1497360600,42.61,42.61,42.61,42.61,2972
1,42.63,42.71,42.39,42.6,3705
2,42.34,42.62,42.335,42.55,13628
3,42.25,42.37,42.19,42.37,53300
4,42.38,42.43,42.18,42.23,42000
5,42.45,42.605,42.4,42.44,13188
6,42.42,42.53,42.37,42.44,13815
7,42.2,42.43,42.17,42.43,9376
8,42.23,42.26,42.15,42.2,5894
9,42.15,42.22,42.1,42.21,8594
10,42.04,42.19,42.04,42.155,8924
11,41.91,42.14,41.91,42.04,17163
12,42.05,42.06,41.86,41.92,14476
13,42.21,42.21,42.06,42.09,14274
14,42.27,42.35,42.21,42.21,10760
15,42.27,42.31,42.24,42.275,8626
16,42.2,42.27,42.18,42.27,7409
17,42.2,42.23,42.175,42.205,6842
18,42.225,42.255,42.165,42.2,4600
19,42.32,42.34,42.2275,42.24,13164
20,42.38,42.38,42.26,42.32,8968
21,42.3101,42.395,42.29,42.39,10692
22,42.18,42.3101,42.1701,42.3101,6300
23,42.14,42.205,42.12,42.185,4930
24,42.13,42.15,42.1,42.1301,7004
25,42.16,42.18,42.1201,42.15,5700
26,42.14,42.14,42.06,42.14,7796
27,42.15,42.17,42.1201,42.135,5997
28,42.06,42.1201,42.0401,42.1201,4953
29,41.96,42.085,41.93,42.085,8419
30,41.9,41.97,41.86,41.955,6991
31,41.96,41.97,41.86,41.92,8801
32,41.97,42.02,41.95,41.96,17459
33,41.94,41.99,41.9101,41.965,8733
34,41.8,41.94,41.77,41.94,11594
35,41.78,41.795,41.69,41.79,10547
36,41.86,41.86,41.74,41.775,15894
37,41.99,41.995,41.84,41.86,25170
38,42.09,42.15,41.98,42,45442
39,42.08,42.16,42,42.16,110582
144,41.68,41.68,41.68,41.68,1678
145,41.45,41.67,41.26,41.5733,8309
146,41.77,41.77,41.54,41.54,3400
147,41.93,41.96,41.83,41.86,5216
148,41.87,41.99,41.85,41.93,9400
149,42.03,42.06,41.79,41.83,7800
150,41.87,42,41.85,42,10058
151,41.65,41.82,41.65,41.82,6500
152,41.57,41.66,41.54,41.66,9348
153,41.66,41.69,41.6,41.63,6450
154,41.7,41.73,41.59,41.67,12181
155,41.7,41.74,41.61,41.68,9802
156,41.81,41.81,41.69,41.71,4058
157,41.7,41.78,41.68,41.78,6637
158,41.65,41.7,41.53,41.68,10472
159,41.59,41.67,41.58,41.65,4100
160,41.42,41.59,41.42,41.59,7416
161,41.44,41.44,41.35,41.43,20426
162,41.33,41.47,41.33,41.43,7600
163,41.32,41.42,41.32,41.35,7000
164,41.33,41.34,41.25,41.33,8240
165,41.31,41.34,41.27,41.34,8980
166,41.23,41.35,41.22,41.34,14566
167,41.235,41.25,41.2,41.22,5000
168,41.23,41.29,41.19,41.22,7600
169,41.24,41.28,41.22,41.22,3813
170,41.21,41.26,41.19,41.24,5251
171,41.25,41.29,41.22,41.22,5896
172,41.48,41.61,41.21,41.23,12700
173,41.71,41.74,41.48,41.54,15213
174,41.9866,41.9866,41.67,41.77,10509
175,41.99,42.01,41.8,42,21915
176,41.88,42.01,41.65,41.985,15200
177,41.84,41.94,41.77,41.89,16725
178,41.87,41.97,41.74,41.84,14009
179,41.93,42.02,41.82,41.85,21070
180,42.01,42.07,41.9,41.9,32330
181,42.07,42.07,41.92,42.01,27537
182,41.95,42.06,41.88,42.06,55615
183,41.98,42.03,41.91,41.94,90178
288,41.71,41.71,41.71,41.71,1090
289,42.12,42.32,41.97,41.99,7400
290,42,42.14,42,42.07,8300
291,42.22,42.22,42,42,3000
292,42.32,42.32,42.17,42.3,3900
293,42.19,42.31,42.19,42.27,2593
294,42.09,42.22,42.06,42.165,4953
295,42.14,42.18,42.08,42.11,4900
296,41.9,42.135,41.86,42.135,9200
297,41.81,41.92,41.77,41.87,6815
298,41.79,41.91,41.79,41.82,13290
299,41.84,41.9,41.8,41.8,6421
300,41.9,41.94,41.8,41.87,7920
301,41.87,41.96,41.87,41.92,5200
302,41.83,41.94,41.83,41.94,5801
303,41.84,41.89,41.84,41.84,2291
304,41.72,41.84,41.7,41.835,5400
305,41.59,41.69,41.58,41.69,2200
306,41.63,41.65,41.58,41.63,2200
307,41.68,41.7,41.66,41.66,2000
308,41.75,41.79,41.67,41.68,4600
309,41.78,41.78,41.73,41.78,3736
310,41.8,41.84,41.75,41.77,3900
311,41.78,41.87,41.78,41.8,6700
312,41.72,41.81,41.72,41.79,2500
313,41.8,41.81,41.76,41.76,1700
314,41.74,41.8,41.69,41.8,7600
315,41.84,41.855,41.77,41.79,3842
316,41.85,41.85,41.78,41.8,2700
317,41.75,41.83,41.72,41.83,12291
318,41.76,41.8,41.75,41.75,4954
319,41.68,41.79,41.6675,41.77,4363
320,41.77,41.8,41.67,41.68,7072
321,41.7501,41.8,41.725,41.775,3748
322,41.81,41.82,41.74,41.75,9566
323,41.76,41.81,41.725,41.81,11161
324,41.73,41.78,41.73,41.77,6923
325,41.715,41.75,41.71,41.74,31582
326,41.77,41.81,41.645,41.71,23329
327,41.7,41.79,41.64,41.77,100444
432,41.74,41.74,41.74,41.74,4826
433,41.57,41.57,41.455,41.46,3500
434,41.54,41.56,41.43,41.55,2950
435,41.6,41.71,41.55,41.64,6900
436,41.68,41.68,41.56,41.65,4700
437,41.61,41.66,41.61,41.63,1200
438,41.61,41.7,41.61,41.62,1500
439,41.735,41.74,41.58,41.64,2300
440,41.58,41.82,41.56,41.75,14700
441,41.5,41.56,41.38,41.56,4313
442,41.37,41.48,41.37,41.48,5241
443,41.37,41.41,41.3,41.39,3900
444,41.37,41.4,41.32,41.4,3500
445,41.415,41.42,41.32,41.38,3700
446,41.34,41.44,41.34,41.43,1600
447,41.34,41.36,41.25,41.31,5100
448,41.36,41.43,41.33,41.35,2849
449,41.33,41.355,41.279,41.355,4890
450,41.32,41.37,41.27,41.36,7523
451,41.3725,41.41,41.33,41.34,2600
452,41.3398,41.39,41.32,41.35,2100
453,41.3,41.32,41.27,41.32,2000
454,41.34,41.39,41.27,41.28,7928
455,41.31,41.35,41.285,41.34,10319
456,41.32,41.34,41.305,41.32,2067
457,41.31,41.325,41.27,41.31,5876
458,41.2,41.31,41.2,41.31,9655
459,41.23,41.25,41.185,41.2,11200
460,41.275,41.29,41.24,41.25,15975
461,41.28,41.3,41.26,41.265,4100
462,41.32,41.34,41.27,41.29,5201
463,41.29,41.35,41.27,41.31,4700
464,41.3,41.31,41.24,41.25,9400
465,41.36,41.36,41.27,41.29,8861
466,41.4,41.43,41.34,41.345,4104
467,41.36,41.39,41.33,41.38,6146
468,41.35,41.42,41.33,41.38,11024
469,41.34,41.39,41.3,41.36,12752
470,41.33,41.425,41.31,41.36,17895
471,41.42,41.46,41.33,41.395,267676
864,41.62,41.62,41.62,41.62,1259
865,41.9,41.97,41.6,41.6,2908
866,42.007,42.007,41.76,41.91,9782
867,41.96,42.07,41.935,41.995,8607
868,42,42.02,41.9,42,4900
869,41.98,42.05,41.89,41.98,36616
870,42.015,42.065,41.94,41.99,15877
871,41.98,42,41.89,42,8700
872,42.01,42.04,41.92,41.96,7576
873,42.17,42.28,42,42,17325
874,42.01,42.19,42.01,42.15,10474
875,41.93,42.02,41.92,41.99,7174
876,41.85,41.95,41.837,41.9,6600
877,42.06,42.06,41.9,41.91,6491
878,42.025,42.06,41.98,42.06,5456
879,42,42.06,42,42.025,5100
880,41.99,42.06,41.99,42,5513
881,41.93,42.005,41.89,42.005,8236
882,41.9707,42.025,41.91,41.91,2726
883,42,42,41.93,41.98,4100
884,42.015,42.03,42,42.02,7244
885,42.025,42.07,42,42,7768
886,42.225,42.225,42.025,42.025,5580
887,42.195,42.23,42.17,42.23,4827
888,42.17,42.225,42.17,42.2,3700
889,42.15,42.22,42.135,42.17,8365
890,42.15,42.17,42.14,42.155,1600
891,42.24,42.24,42.155,42.155,14291
892,42.16,42.275,42.16,42.26,3682
893,42.08,42.18,42.07,42.18,4852
894,42.065,42.08,42.01,42.07,10007
895,42.09,42.16,42.09,42.1,5400
896,42.07,42.11,42.05,42.08,6900
897,42.0675,42.09,42.035,42.08,4800
898,42.065,42.1,42.05,42.08,5400
899,42.055,42.09,42.0362,42.06,9939
900,41.98,42.04,41.98,42.04,5325
901,42.07,42.08,41.98,42,8413
902,42.06,42.11,42.01,42.06,22900
903,42.09,42.1,42,42.06,285258
a1497965400,42.03,42.03,42.03,42.03,1284
1,41.9,41.97,41.74,41.89,2783
2,41.86,41.93,41.85,41.91,2700
3,41.85,41.93,41.785,41.91,12768
4,41.98,42.021,41.83,41.85,4325
5,42.16,42.16,41.96,41.99,19000
6,42.085,42.2,42.07,42.16,13995
7,41.94,42.15,41.93,42.085,21830
8,42,42.06,41.96,41.96,8298
9,41.93,42.07,41.87,41.99,4971
10,41.86,41.94,41.83,41.94,3100
11,41.77,41.85,41.72,41.85,2600
12,41.92,41.92,41.71,41.77,8276
13,41.96,42.03,41.93,41.93,10037
14,42.01,42.05,41.95,41.95,5962
15,41.92,41.99,41.92,41.94,3300
16,41.85,41.92,41.82,41.89,3400
17,41.73,41.85,41.7,41.85,5400
18,41.665,41.76,41.65,41.74,10800
19,41.68,41.72,41.64,41.665,4401
20,41.66,41.7,41.64,41.66,2400
21,41.79,41.8,41.7,41.7,1300
22,41.76,41.8,41.76,41.79,1500
23,41.755,41.77,41.72,41.76,2635
24,41.79,41.81,41.7501,41.765,4681
25,41.81,41.82,41.78,41.78,3900
26,41.82,41.84,41.78,41.81,3090
27,41.84,41.84,41.79,41.81,3500
28,41.845,41.85,41.8,41.83,4600
29,41.91,41.91,41.84,41.86,4322
30,41.91,41.93,41.89,41.91,4371
31,41.92,41.96,41.87,41.92,5537
32,41.91,41.955,41.875,41.91,6100
33,41.935,41.965,41.91,41.92,10032
34,41.92,41.97,41.91,41.94,3743
35,41.91,41.95,41.9,41.91,2820
36,41.855,41.91,41.82,41.91,7127
37,41.8,41.84,41.76,41.84,9200
38,41.69,41.8,41.68,41.78,10654
39,41.71,41.76,41.67,41.69,28228
144,41.8,41.8,41.8,41.8,2044
145,41.4,42.2,41.4,42.2,2600
146,41.23,41.395,41.16,41.395,14478
147,41.22,41.39,41.19,41.24,47433
148,41.27,41.33,41.19,41.19,14270
149,41.35,41.37,41.27,41.29,6249
150,41.41,41.45,41.33,41.37,10300
151,41.47,41.51,41.44,41.44,3652
152,41.44,41.52,41.42,41.5,4819
153,41.32,41.49,41.32,41.48,3600
154,41.31,41.33,41.29,41.3,5300
155,41.29,41.3,41.23,41.29,12844
156,41.31,41.35,41.26,41.3,4498
157,41.31,41.36,41.28,41.3,6800
158,41.34,41.43,41.34,41.34,4393
159,41.39,41.4,41.33,41.34,3298
160,41.29,41.4,41.28,41.4,4200
161,41.22,41.34,41.22,41.33,3100
162,41.28,41.3,41.23,41.23,2344
163,41.2,41.24,41.17,41.24,3517
164,41.15,41.24,41.15,41.22,6900
165,41.16,41.18,41.16,41.17,1925
166,41.15,41.18,41.12,41.17,4000
167,41.14,41.17,41.1,41.17,6874
168,41.22,41.22,41.13,41.14,3000
169,41.3,41.33,41.2,41.21,9347
170,41.18,41.3,41.18,41.3,6265
171,41.16,41.16,41.07,41.14,3843
172,41.13,41.14,41.07,41.14,3647
173,41.09,41.14,41.073,41.14,2100
174,41.11,41.17,41.08,41.08,4198
175,41.14,41.14,41.05,41.1,3702
176,41.095,41.16,41.083,41.11,6300
177,41.08,41.11,41.033,41.09,3306
178,41.05,41.075,40.99,41.07,5254
179,41.1,41.115,41.04,41.05,8064
180,41.18,41.19,41.11,41.11,8929
181,41.01,41.18,40.99,41.18,10553
182,41.13,41.13,41.015,41.015,19174
183,41.1,41.14,41.05,41.09,68633
288,41.06,41.06,41.06,41.06,1583
289,40.82,40.9879,40.82,40.9879,2656
290,40.89,40.96,40.82,40.82,5150
291,40.78,40.92,40.78,40.86,2797
292,40.8002,40.89,40.78,40.79,5413
293,40.9,40.91,40.76,40.81,8824
294,40.87,40.93,40.86,40.89,5591
295,40.86,40.89,40.81,40.86,9814
296,41.04,41.04,40.84,40.85,4547
297,41.04,41.09,41.03,41.04,3700
298,40.98,41.03,40.95,41.02,4700
299,41.02,41.02,40.96,40.99,6081
300,41.06,41.06,41.02,41.02,800
301,41.03,41.08,41.03,41.06,2400
302,40.99,41.02,40.98,41.02,1922
303,41,41,40.95,40.98,2417
304,40.98,41.03,40.98,41.03,3298
305,40.97,41.02,40.97,40.99,1908
306,40.99,41.01,40.97,40.97,1100
307,40.88,40.99,40.88,40.99,4862
308,40.91,40.91,40.86,40.87,4100
309,40.8796,40.94,40.8796,40.94,4500
310,40.827,40.87,40.827,40.87,1701
311,40.87,40.91,40.84,40.86,3468
312,40.91,40.91,40.86,40.86,1915
313,40.84,40.92,40.83,40.9,3149
314,40.84,40.85,40.82,40.82,300
315,40.88,40.9,40.87,40.88,4510
316,40.93,40.93,40.86,40.91,6892
317,40.94,40.95,40.88,40.9,2690
318,40.98,40.99,40.95,40.97,2987
319,40.94,40.95,40.94,40.94,1654
320,40.92,40.945,40.91,40.93,3542
321,41.01,41.01,40.92,40.93,2305
322,41,41.02,40.97,41.01,13884
323,40.98,41,40.953,41,8304
324,40.92,41,40.92,40.98,7027
325,40.9,40.95,40.89,40.92,11067
326,40.84,40.94,40.84,40.9,14000
327,40.79,40.84,40.78,40.84,47472
432,40.92,40.92,40.92,40.92,1128
433,40.78,41,40.61,40.61,3790
434,40.7,40.8,40.65,40.72,12713
435,40.58,40.7,40.45,40.7,9517
436,40.7,40.75,40.6,40.62,7800
437,40.7,40.72,40.615,40.67,3448
438,40.78,40.78,40.665,40.665,6129
439,40.98,40.99,40.76,40.76,38400
440,41.08,41.18,41,41,4700
441,40.99,41.09,40.99,41.09,2600
442,40.91,41.01,40.86,41.01,8389
443,40.81,40.97,40.81,40.92,5950
444,40.84,40.88,40.82,40.83,3094
445,40.77,40.83,40.7625,40.83,4800
446,40.78,40.82,40.75,40.8,6258
447,40.785,40.83,40.75,40.76,3928
448,40.81,40.83,40.8,40.8,900
449,40.78,40.82,40.76,40.81,3710
450,40.73,40.78,40.7,40.775,1500
451,40.65,40.72,40.65,40.71,4956
452,40.62,40.66,40.62,40.65,3400
453,40.63,40.6825,40.63,40.67,1500
454,40.5,40.63,40.5,40.62,3200
455,40.55,40.55,40.5,40.5,5228
456,40.56,40.6,40.53,40.575,5100
457,40.66,40.67,40.56,40.56,4700
458,40.63,40.66,40.63,40.66,2523
459,40.7,40.71,40.64,40.65,8875
460,40.7,40.71,40.66,40.71,2843
461,40.705,40.76,40.7,40.7,5149
462,40.66,40.71,40.65,40.71,3400
463,40.635,40.66,40.61,40.66,3200
464,40.61,40.64,40.59,40.63,2700
465,40.54,40.61,40.54,40.6,4900
466,40.53,40.59,40.52,40.56,4540
467,40.61,40.635,40.53,40.53,6680
468,40.57,40.62,40.55,40.61,16465
469,40.555,40.6,40.51,40.58,11654
470,40.65,40.66,40.53,40.55,16389
471,40.56,40.65,40.54,40.65,924750
864,40.79,40.79,40.79,40.79,1759
865,40.83,40.88,40.55,40.81,5000
866,40.73,40.95,40.64,40.84,10903
867,41.1,41.11,40.84,40.84,11072
868,41.02,41.11,40.96,41.11,15740
869,40.81,41,40.75,41,3450
870,40.7525,40.82,40.74,40.81,4100
871,40.67,40.82,40.67,40.78,5400
872,40.59,40.72,40.57,40.6649,4179
873,40.43,40.6,40.43,40.58,5500
874,40.37,40.45,40.265,40.42,7965
875,40.56,40.56,40.36,40.38,5000
876,40.61,40.68,40.5,40.53,8066
877,40.73,40.76,40.6,40.62,4806
878,40.82,40.85,40.74,40.74,13506
879,40.76,40.88,40.76,40.83,5215
880,40.86,40.86,40.76,40.76,2900
881,40.8,40.9,40.8,40.86,4432
882,40.73,40.82,40.73,40.8,5015
883,40.83,40.83,40.73,40.755,2100
884,40.86,40.86,40.8,40.81,2214
885,40.84,40.89,40.8,40.88,3200
886,40.93,40.935,40.825,40.825,3100
887,40.83,40.93,40.83,40.92,5901
888,40.875,40.875,40.83,40.84,3424
889,40.88,40.9,40.85,40.85,2103
890,40.86,40.885,40.84,40.88,4600
891,40.87,40.87,40.83,40.84,3708
892,40.91,40.915,40.86,40.865,4401
893,40.96,40.98,40.9,40.9,3070
894,40.97,40.98,40.95,40.97,2300
895,41.02,41.02,40.935,40.96,6836
896,41.05,41.09,41.02,41.02,2900
897,40.935,41.06,40.935,41.05,5402
898,41.04,41.04,40.88,40.93,5543
899,40.99,41.06,40.98,41.025,4116
900,41.015,41.03,40.98,41,10325
901,41.04,41.06,41,41,6753
902,40.96,41.03,40.93,41.03,22440
903,40.92,41.02,40.92,40.96,66789
a1498570200,41.01,41.01,41.01,41.01,2524
1,40.94,41.1,40.83,41.09,6225
2,41.05,41.17,40.93,41.07,5004
3,41.185,41.185,41.1,41.1,4800
4,41.25,41.29,41.22,41.26,3292
5,41.41,41.41,41.19,41.24,7300
6,41.4,41.48,41.39,41.47,6269
7,41.5,41.53,41.38,41.4,8533
8,41.535,41.67,41.535,41.55,4479
9,41.57,41.62,41.53,41.53,1900
10,41.54,41.58,41.47,41.58,3188
11,41.6,41.6,41.51,41.545,4500
12,41.64,41.66,41.59,41.59,4900
13,41.73,41.73,41.66,41.66,1914
14,41.68,41.72,41.67,41.7,4800
15,41.74,41.765,41.6703,41.6703,2700
16,41.79,41.8,41.6966,41.72,10780
17,41.7,41.79,41.7,41.79,655
18,41.74,41.755,41.72,41.73,2700
19,41.73,41.77,41.73,41.75,800
20,41.67,41.73,41.62,41.69,1700
21,41.63,41.7,41.63,41.66,1400
22,41.6,41.68,41.6,41.63,3400
23,41.6,41.61,41.53,41.55,2783
24,41.62,41.66,41.58,41.62,2000
25,41.57,41.63,41.54,41.605,1800
26,41.49,41.53,41.44,41.53,3234
27,41.53,41.53,41.5,41.5,800
28,41.445,41.55,41.445,41.49,7430
29,41.47,41.47,41.405,41.43,8455
30,41.53,41.56,41.43,41.475,7700
31,41.54,41.57,41.52,41.53,3200
32,41.58,41.62,41.52,41.53,4500
33,41.59,41.62,41.58,41.58,2500
34,41.57,41.6,41.52,41.59,4300
35,41.59,41.65,41.58,41.59,2700
36,41.64,41.64,41.555,41.58,6100
37,41.745,41.76,41.64,41.65,14684
38,41.63,41.74,41.61,41.74,19824
39,41.59,41.65,41.56,41.62,80431
144,42.06,42.06,42.06,42.06,2055
145,42.05,42.1,41.8,41.8,3300
146,41.91,42.045,41.91,42,3400
147,41.9,41.93,41.75,41.86,5489
148,41.68,41.84,41.68,41.84,7500
149,41.664,41.74,41.44,41.68,10200
150,41.59,41.72,41.59,41.67,4675
151,41.65,41.68,41.47,41.59,59500
152,41.7,41.77,41.61,41.61,3900
153,41.775,41.79,41.64,41.68,8296
154,41.81,41.85,41.77,41.8,13230
155,41.765,41.84,41.73,41.83,4078
156,41.85,41.85,41.76,41.77,5000
157,41.86,41.87,41.78,41.84,11300
158,41.78,41.86,41.75,41.81,3425
159,41.85,41.91,41.75,41.75,5100
160,41.99,42,41.85,41.85,11936
161,41.89,41.99,41.83,41.99,9278
162,41.875,41.925,41.85,41.91,5500
163,41.855,41.88,41.82,41.875,3300
164,41.93,41.98,41.82,41.855,10500
165,41.92,41.99,41.91,41.97,5050
166,41.87,41.94,41.86,41.93,3900
167,41.87,41.89,41.83,41.85,4000
168,41.91,41.91,41.85,41.85,3300
169,41.9,41.91,41.87,41.89,8100
170,41.9,41.9,41.83,41.89,7408
171,41.91,41.94,41.88,41.9,4500
172,41.91,41.94,41.85,41.94,5400
173,41.88,41.92,41.85,41.92,3400
174,41.8,41.87,41.8,41.87,4100
175,41.75,41.81,41.72,41.81,4235
176,41.81,41.84,41.74,41.74,5882
177,41.82,41.84,41.75,41.805,3000
178,41.88,41.92,41.81,41.82,6210
179,41.82,41.88,41.77,41.88,8389
180,41.84,41.87,41.81,41.82,9281
181,41.9,41.91,41.81,41.85,10782
182,41.84,41.9,41.79,41.9,17158
183,41.93,41.98,41.84,41.85,88726
288,42.57,42.57,42.53,42.53,6098
289,42.49,42.67,42.04,42.33,11747
290,42.2,42.46,42.18,42.46,8200
291,42.23,42.32,42.16,42.2,3000
292,41.99,42.16,41.98,42.16,3100
293,41.97,42.03,41.87,41.99,6417
294,41.99,42.02,41.93,41.94,3700
295,41.97,42.05,41.92,41.99,4740
296,42.08,42.08,41.99,42.02,2700
297,41.91,42.07,41.91,42.07,700
298,41.98,42.05,41.93,41.93,2400
299,41.81,41.95,41.79,41.95,2100
300,41.75,41.89,41.72,41.84,6003
301,41.685,41.77,41.63,41.73,2700
302,41.55,41.66,41.55,41.66,2300
303,41.39,41.53,41.39,41.53,2500
304,41.45,41.45,41.34,41.42,3608
305,41.51,41.55,41.45,41.45,1600
306,41.39,41.53,41.39,41.53,900
307,41.33,41.43,41.33,41.43,2500
308,41.3,41.33,41.3,41.32,1600
309,41.43,41.44,41.34,41.34,4651
310,41.5,41.51,41.43,41.43,7502
311,41.43,41.5,41.41,41.5,8771
312,41.34,41.5,41.34,41.42,13000
313,41.48,41.5,41.35,41.36,4623
314,41.65,41.65,41.5,41.5,3994
315,41.74,41.74,41.62,41.64,3200
316,41.73,41.76,41.68,41.71,1703
317,41.73,41.76,41.71,41.76,2200
318,41.777,41.78,41.7,41.71,2861
319,41.78,41.78,41.69,41.76,2885
320,41.71,41.76,41.69,41.735,48500
321,41.81,41.81,41.71,41.71,3900
322,41.89,41.92,41.81,41.81,5500
323,41.86,41.96,41.84,41.88,11688
324,41.91,41.95,41.835,41.86,13585
325,42.01,42.01,41.9,41.91,20062
326,41.97,42,41.9,41.99,30755
327,41.95,42.01,41.88,41.97,127410
432,42.24,42.24,42.24,42.24,1570
433,42.18,42.31,42.08,42.25,8050
434,42.18,42.29,42.15,42.18,11700
435,42.0091,42.215,41.95,42.215,4715
436,41.91,42.01,41.9,42.01,12473
437,41.8,41.95,41.8,41.95,6300
438,41.8,41.86,41.7,41.84,7700
439,41.99,41.99,41.75,41.75,6700
440,41.87,42.02,41.87,42,8519
441,41.93,41.95,41.83,41.85,2866
442,41.97,41.99,41.87,41.91,3900
443,41.93,41.98,41.93,41.97,3500
444,41.98,42,41.95,41.95,6710
445,42.005,42.02,41.99,41.99,8500
446,42.055,42.06,41.97,42.01,20232
447,42.1,42.1,42.05,42.08,2800
448,42.14,42.16,42.09,42.09,6700
449,42.03,42.12,42.03,42.12,3100
450,42.05,42.06,42.025,42.025,7300
451,42.16,42.16,42.06,42.06,15800
452,42.1,42.15,42.09,42.14,4700
453,42.03,42.095,42.03,42.08,3947
454,42.12,42.12,42.055,42.06,1919
455,42.15,42.19,42.15,42.15,2500
456,42.17,42.185,42.11,42.165,4647
457,42.15,42.175,42.11,42.175,3200
458,42.17,42.17,42.13,42.16,4400
459,42.12,42.16,42.11,42.16,5220
460,42.075,42.12,42.07,42.11,6376
461,42.07,42.09,42.03,42.08,3957
462,42.1,42.1,42.02,42.06,6500
463,42.07,42.1,42.05,42.09,11515
464,42.16,42.17,42.04,42.05,10300
465,42.29,42.29,42.14,42.16,10251
466,42.35,42.36,42.29,42.29,8400
467,42.32,42.34,42.27,42.33,9140
468,42.35,42.37,42.325,42.325,10128
469,42.34,42.4,42.31,42.34,18317
470,42.56,42.58,42.34,42.34,37804
471,42.46,42.58,42.42,42.55,135891
864,42.61,42.61,42.61,42.61,3186
865,42.94,42.94,42.82,42.89,3500
866,42.83,42.95,42.76,42.92,4400
867,42.71,42.78,42.58,42.78,6960
868,42.765,42.8,42.66,42.72,6991
869,43.12,43.17,42.74,42.75,29298
870,43.03,43.135,43.02,43.135,9633
871,43.1,43.13,42.99,43.07,23456
872,43.2,43.225,43.07,43.095,9450
873,43.14,43.24,43.14,43.21,5620
874,43.07,43.16,43.055,43.16,6681
875,43.17,43.18,43.06,43.09,6900
876,43.21,43.27,43.17,43.17,7303
877,43.27,43.29,43.13,43.23,14100
878,43.37,43.37,43.2684,43.2684,5290
879,43.18,43.35,43.17,43.35,8952
880,43,43.25,42.98,43.19,6705
881,42.97,42.99,42.89,42.99,5989
882,42.99,43,42.94,42.98,5388
883,43.07,43.11,43.01,43.01,6100
884,42.97,43.08,42.89,43.07,24030
885,42.91,43,42.8,42.97,60976
a1499261400,42.94,42.94,42.94,42.94,3025
1,42.67,43,42.635,43,4311
2,42.69,42.94,42.345,42.77,22908
3,42.75,42.75,42.5,42.665,11875
4,42.71,42.77,42.57,42.72,12000
5,42.775,42.82,42.62,42.7,20028
6,42.805,42.83,42.69,42.76,17217
7,42.81,42.85,42.73,42.8,15700
8,42.88,42.99,42.82,42.85,9000
9,42.91,42.93,42.77,42.85,38108
10,43.14,43.14,42.91,42.91,14592
11,43.01,43.155,42.985,43.15,14227
12,42.93,43,42.9,43,9652
13,42.99,43,42.92,42.93,10684
14,42.99,43.06,42.99,42.99,8830
15,43.02,43.05,42.91,43.02,15273
16,43.01,43.03,42.95,43.03,5400
17,43.02,43.031,42.955,43,4500
18,43.1025,43.11,43.02,43.02,3600
19,43.12,43.2,43.08,43.09,22084
20,43.115,43.14,43.1,43.1,30063
21,43.24,43.24,43.125,43.125,9307
22,43.25,43.29,43.2,43.22,22999
23,43.26,43.3,43.25,43.25,24496
24,43.35,43.38,43.28,43.28,22925
25,43.35,43.37,43.32,43.355,6765
26,43.31,43.37,43.29,43.37,6100
27,43.27,43.34,43.26,43.29,4884
28,43.23,43.34,43.23,43.29,16208
29,43.215,43.23,43.18,43.22,5800
30,43.125,43.215,43.12,43.2,7920
31,43.16,43.19,43.14,43.15,7200
32,43.11,43.19,43.08,43.18,15442
33,43.12,43.17,43.1,43.115,10533
34,43.02,43.11,43,43.11,9311
35,43.03,43.03,42.98,43.02,18170
36,42.95,43.08,42.95,43.04,23912
37,42.935,42.995,42.89,42.95,20129
38,42.81,42.95,42.78,42.94,45240
39,42.91,42.92,42.805,42.81,98242
