EXCHANGE%3DNASDAQ
MARKET_OPEN_MINUTE=570
MARKET_CLOSE_MINUTE=960
INTERVAL=600
COLUMNS=DATE,CLOSE,HIGH,LOW,OPEN,VOLUME
DATA=
TIMEZONE_OFFSET=-240
a1493128800,33.71,33.71,33.2523,33.2523,964
7,33.34,33.344,33.265,33.344,800
9,33.347,33.347,33.347,33.347,150
17,33.34,33.34,33.34,33.34,1235
29,33.1399,33.1399,33.1399,33.1399,401
30,33.216,33.38,33.216,33.38,2150
31,33.266,33.37,33.266,33.37,3462
34,33.358,33.358,33.358,33.358,1478
147,32.8517,32.8517,32.8517,32.8517,267
149,33.332,33.37,33.2,33.2,2321
157,33.27,33.27,33.27,33.27,750
158,33.275,33.275,33.275,33.275,750
176,33.1908,33.1908,33.1908,33.1908,150
178,33.47,33.47,33.32,33.47,898
180,33.27,33.27,33.27,33.27,200
285,33.85,33.85,33.85,33.85,239
286,33.75,33.76,33.75,33.76,2275
288,33.4504,33.4504,33.4504,33.4504,541
290,33.473,33.473,33.23,33.3782,2400
313,33.4002,33.4002,33.4002,33.4002,300
315,33.44,33.44,33.44,33.44,630
317,33.2426,33.2426,33.2426,33.2426,3036
318,33.497,33.497,33.497,33.497,200
436,33.3625,33.44,33.3625,33.44,850
437,33.274,33.434,33.274,33.41,3300
438,33.2989,33.416,33.2989,33.416,725
439,33.3568,33.39,33.3275,33.39,2500
457,33.1485,33.1485,33.1485,33.1485,100
468,33.1604,33.35,33.1604,33.34,6620
a1493733000,33.478,33.55,33.4,33.55,900
1,33.46,33.46,33.46,33.46,400
2,33.42,33.42,33.39,33.39,400
3,33.44,33.44,33.42,33.42,300
4,33.48,33.48,33.44,33.44,300
5,33.47,33.49,33.47,33.49,300
6,33.46,33.46,33.46,33.46,300
7,33.45,33.46,33.45,33.45,300
8,33.44,33.45,33.44,33.44,300
9,33.45,33.45,33.44,33.44,300
10,33.45,33.46,33.45,33.46,300
11,33.47,33.47,33.44,33.44,300
12,33.47,33.48,33.47,33.48,200
13,33.44,33.45,33.44,33.45,300
14,33.48,33.48,33.48,33.48,100
15,33.49,33.49,33.48,33.48,200
16,33.5,33.5,33.5,33.5,200
17,33.49,33.5,33.49,33.5,200
18,33.5,33.5,33.5,33.5,200
19,33.49,33.5,33.49,33.5,200
20,33.49,33.5,33.49,33.5,300
21,33.48,33.48,33.48,33.48,200
22,33.47,33.47,33.47,33.47,200
23,33.48,33.48,33.47,33.47,200
24,33.48,33.48,33.47,33.47,200
25,33.46,33.46,33.46,33.46,200
26,33.47,33.47,33.46,33.46,300
27,33.47,33.48,33.47,33.48,200
28,33.47,33.47,33.47,33.47,200
29,33.43,33.45,33.43,33.44,1000
30,33.43,33.43,33.43,33.43,100
31,33.36,33.43,33.36,33.43,400
148,33.34,33.34,33.34,33.34,100
151,33.25,33.25,33.25,33.25,100
153,33.27,33.27,33.27,33.27,344
155,33.3,33.3,33.3,33.3,100
163,33.3,33.3,33.3,33.3,100
173,33.2352,33.2352,33.2352,33.2352,1157
322,33.32,33.32,33.3199,33.3199,1007
435,33.295,33.295,33.295,33.295,750
437,33.32,33.32,33.32,33.32,100
443,33.43,33.43,33.43,33.43,100
449,33.23,33.23,33.23,33.23,500
459,33.34,33.34,33.34,33.34,100
461,33.32,33.32,33.32,33.32,100
463,33.34,33.34,33.34,33.34,100
465,33.36,33.36,33.36,33.36,100
466,33.37,33.37,33.37,33.37,100
468,33.37,33.37,33.37,33.37,200
469,33.38,33.38,33.38,33.38,100
871,33.3303,33.3303,33.3303,33.3303,100
a1494336600,33.87,33.87,33.87,33.87,775
4,33.44,33.44,33.44,33.44,100
6,33.4,33.4,33.4,33.4,100
10,33.33,33.33,33.33,33.33,100
35,33.37,33.37,33.37,33.37,314
36,33.3412,33.3412,33.3412,33.3412,850
37,33.3297,33.3297,33.28,33.28,3720
38,33.178,33.28,33.178,33.28,420
153,33.3342,33.41,33.3342,33.41,546
157,33.4178,33.4178,33.4178,33.4178,135
164,33.38,33.38,33.3301,33.38,2400
165,33.3605,33.41,33.3605,33.41,200
288,33.98,33.98,33.98,33.98,290
291,33.92,33.92,33.92,33.92,100
293,33.33,33.33,33.32,33.32,200
296,33.33,33.33,33.33,33.33,100
299,33.46,33.46,33.46,33.46,100
300,33.2967,33.46,33.2947,33.2947,2518
302,33.45,33.45,33.45,33.45,100
307,33.51,33.51,33.51,33.51,100
311,33.51,33.51,33.51,33.51,100
315,33.53,33.53,33.53,33.53,100
319,33.55,33.55,33.55,33.55,100
436,33.31,33.31,33.31,33.31,100
439,33.31,33.31,33.31,33.31,100
443,33.36,33.36,33.36,33.36,100
447,33.36,33.36,33.36,33.36,100
451,33.39,33.39,33.39,33.39,100
456,33.39,33.39,33.39,33.39,100
461,33.37,33.37,33.37,33.37,100
463,33.2997,33.2997,33.2997,33.2997,233
465,33.46,33.46,33.39,33.39,994
864,33.12,33.12,33.12,33.12,300
868,33.67,33.67,33.67,33.67,100
884,33.67,33.67,33.67,33.67,1000
889,33.47,33.51,33.46,33.46,1546
895,33.6124,33.6124,33.6124,33.6124,534
a1494946200,33.44,33.44,33.44,33.44,200
15,33.4,33.4,33.4,33.4,220
23,33.4693,33.4693,33.4693,33.4693,116
29,33.4,33.4,33.4,33.4,297
136,33,33,33,33,111
137,33,33,32.97,32.97,400
147,33,33,33,33,300
150,33.0128,33.0128,33.0128,33.0128,100
154,33.097,33.097,33.097,33.097,550
165,33.1,33.1,33.1,33.1,100
166,33,33,33,33,100
168,33.0071,33.009,32.923,33,3031
172,32.9589,32.9589,32.9589,32.9589,157
173,32.9886,32.9886,32.9886,32.9886,384
288,32.8308,33,32.81,33,500
290,32.8924,32.94,32.8924,32.94,304
291,32.9207,32.97,32.9207,32.97,304
295,32.9,32.9,32.9,32.9,100
437,33.25,33.25,33.25,33.25,1000
450,33.292,33.292,33.292,33.292,149
856,33.69,33.69,33.69,33.69,144
857,33.69,33.69,33.69,33.69,794
862,33.5,33.5,33.5,33.5,700
863,33.53,33.53,33.53,33.53,100
883,33.33,33.44,33.33,33.41,300
885,33.2879,33.32,33.2879,33.32,200
886,33.287,33.287,33.287,33.287,200
887,33.335,33.335,33.335,33.335,100
893,33.33,33.33,33.33,33.33,700
a1495551600,33.357,33.45,33.357,33.45,1977
7,33.4898,33.4898,33.4898,33.4898,363
12,33.4197,33.4197,33.4197,33.4197,211
20,33.5193,33.54,33.5193,33.54,2460
22,33.5111,33.53,33.5111,33.52,2412
23,33.56,33.56,33.4832,33.4832,917
24,33.4892,33.4892,33.4892,33.4892,719
26,33.516,33.55,33.46,33.55,1200
27,33.4756,33.4756,33.4756,33.4756,1044
30,33.53,33.53,33.53,33.53,100
137,33.54,33.54,33.54,33.54,100
139,33.54,33.54,33.54,33.54,100
140,33.57,33.57,33.57,33.57,100
142,33.58,33.58,33.58,33.58,100
144,33.58,33.58,33.58,33.58,100
146,33.57,33.57,33.57,33.57,100
149,33.58,33.58,33.58,33.58,100
151,33.475,33.475,33.475,33.475,100
154,33.56,33.56,33.56,33.56,100
155,33.4881,33.4881,33.4881,33.4881,228
156,33.4478,33.4478,33.4478,33.4478,246
157,33.47,33.47,33.47,33.47,100
160,33.46,33.46,33.46,33.46,100
162,33.4697,33.4697,33.4697,33.4697,309
163,33.46,33.46,33.46,33.46,100
166,33.56,33.56,33.56,33.56,100
168,33.55,33.55,33.48,33.48,994
173,33.5935,33.6,33.5935,33.6,400
174,33.61,33.61,33.6027,33.61,500
279,34.18,34.18,34.18,34.18,102
280,33.65,33.77,33.65,33.77,900
283,33.7,33.7,33.68,33.68,500
289,33.71,33.71,33.71,33.71,200
296,33.55,33.55,33.55,33.55,200
304,33.56,33.56,33.56,33.56,200
307,33.5512,33.5512,33.5512,33.5512,745
308,33.511,33.56,33.511,33.56,1020
309,33.59,33.59,33.59,33.59,200
313,33.6,33.63,33.6,33.63,300
315,33.59,33.6,33.59,33.6,833
317,33.61,33.61,33.61,33.61,100
318,33.579,33.6,33.579,33.59,1200
443,33.75,33.75,33.75,33.75,100
a1496169600,33.4097,33.4097,33.4097,33.4097,388
8,33.45,33.45,33.45,33.45,100
114,33.5243,33.5243,33.5243,33.5243,258
115,33.5,33.5,33.5,33.5,200
116,33.36,33.55,33.36,33.55,420
130,33.36,33.4,33.36,33.4,420
134,33.233,33.233,33.233,33.233,173
137,33.41,33.41,33.41,33.41,100
141,33.39,33.39,33.3566,33.3566,700
146,33.42,33.42,33.42,33.42,100
149,33.4212,33.4212,33.4212,33.4212,452
257,33.26,33.26,33.26,33.26,150
260,33.9,33.9,33.9,33.9,100
266,33.65,33.65,33.65,33.65,200
282,33.88,33.88,33.88,33.88,100
288,33.8,33.95,33.8,33.95,400
294,33.926,33.926,33.926,33.926,300
405,34.205,34.28,34.1724,34.25,700
417,34.3515,34.3515,34.3515,34.3515,500
418,34.4033,34.4033,34.4033,34.4033,150
432,34.31,34.31,34.31,34.31,1089
438,34.34,34.34,34.34,34.34,909
440,34.2,34.26,34.192,34.26,800
833,34.55,34.55,34.55,34.55,150
846,34.2,34.2,34.2,34.2,100
850,34.16,34.16,34.105,34.16,500
872,34.1,34.1,34.1,34.1,300
977,35.72,35.72,35.72,35.72,430
978,35.72,35.72,35.72,35.72,450
986,34.06,34.07,34.06,34.07,215
996,34.07,34.07,34.05,34.05,21022
a1496776200,34.09,34.09,34.09,34.09,7004
2,34.15,34.15,34.15,34.15,100
5,34.05,34.05,34.05,34.05,100
148,34.05,34.05,34.05,34.05,100
412,34.5,34.5,34.5,34.5,100
421,34.4,34.4,34.4,34.4,400
424,34.2509,34.2509,34.2509,34.2509,100
428,34.1847,34.1847,34.1847,34.1847,140
430,34.02,34.1303,34.02,34.1303,208
831,34.1553,34.34,34.1553,34.34,1944
832,34.04,34.04,34.04,34.04,300
833,33.82,34,33.82,34,200
834,33.81,33.82,33.81,33.82,300
835,33.9,33.9,33.9,33.9,918
836,33.87,33.87,33.87,33.87,200
845,34,34,34,34,200
975,34.41,34.41,34.4,34.41,1300
988,34.281,34.29,34.281,34.29,1742
992,34.1077,34.21,34.1077,34.21,200
a1497379200,34.2199,34.2199,34.2199,34.2199,449
8,34.29,34.29,34.29,34.29,100
113,34.95,34.95,34.95,34.95,190
114,34.95,34.95,34.95,34.95,100
120,33.94,33.94,33.94,33.94,400
122,34.2,34.2,34.2,34.2,100
123,34.2,34.25,34.2,34.25,200
148,33.9216,34.04,33.9216,34.04,204
263,33.7482,33.7482,33.7482,33.7482,300
266,33.99,33.99,33.99,33.99,100
283,33.9822,33.9822,33.9822,33.9822,100
290,33.9512,33.9512,33.8549,33.8549,448
423,33.8,33.8,33.8,33.8,100
436,34.09,34.09,34.09,34.09,307
845,34.3888,34.3888,34.3888,34.3888,134
862,34.5,34.5,34.5,34.5,400
863,34.47,34.47,34.45,34.45,200
865,34.53,34.53,34.5,34.5,2059
866,34.3516,34.3516,34.3516,34.3516,300
870,34.5356,34.5356,34.5356,34.5356,300
872,34.56,34.56,34.56,34.56,420
980,34.52,34.52,34.52,34.52,100
982,34.45,34.45,34.162,34.44,700
984,34.37,34.37,34.37,34.37,100
987,34.41,34.41,34.41,34.41,100
989,34.31,34.31,34.31,34.31,100
992,34.33,34.33,34.33,34.33,100
995,34.18,34.18,34.18,34.18,100
999,34.29,34.29,34.29,34.29,100
a1497980400,34.32,34.32,34.32,34.32,100
3,34.33,34.33,34.33,34.33,100
6,34.28,34.28,34.28,34.28,100
7,34.27,34.27,34.27,34.27,1237
12,34.1536,34.1536,34.1536,34.1536,235
124,34.28,34.28,34.28,34.28,426
130,34.0919,34.26,34.0919,34.26,400
288,34.249,34.249,34.249,34.249,300
294,33.94,34.256,33.94,34.256,312
296,34.31,34.31,34.29,34.29,727
302,33.91,33.91,33.91,33.91,2000
409,33.97,33.97,33.97,33.97,100
413,34.06,34.06,34.06,34.06,100
417,34.52,34.52,34.52,34.52,100
434,34.4116,34.4959,34.4116,34.4959,809
852,34.1401,34.1401,34.1401,34.1401,300
853,34.56,34.56,34.56,34.56,100
863,34.23,34.23,34.23,34.23,100
989,34.4329,34.52,34.4329,34.52,225
991,34.4831,34.4831,34.4629,34.4629,340
a1498584600,34.3681,34.3681,34.3681,34.3681,1700
13,34.232,34.27,34.224,34.27,2600
14,34.224,34.232,34.224,34.232,200
135,34.55,34.55,34.55,34.55,596
136,34.55,34.55,34.55,34.55,100
143,34.55,34.55,34.55,34.55,100
150,34.54,34.54,34.54,34.54,100
156,34.425,34.425,34.425,34.425,1447
159,34.4501,34.4501,34.4501,34.4501,300
276,34.27,34.29,34.27,34.29,499
280,34,34,34,34,700
282,34.1707,34.1707,34.1707,34.1707,114
288,33.9,33.9,33.9,33.9,600
289,33.9895,34.019,33.9895,34.019,572
291,34,34,34,34,300
292,34.05,34.05,34.05,34.05,118
295,33.8662,33.8662,33.8662,33.8662,514
296,34.07,34.07,34.07,34.07,100
302,34.25,34.25,34.25,34.25,100
856,34.37,34.37,34.37,34.37,700
859,34.31,34.31,34.31,34.31,1400
860,34.35,34.35,34.35,34.35,100
a1499267400,34.3,34.3,34.3,34.3,1616
19,34.38,34.38,34.38,34.38,1127
29,34.43,34.43,34.43,34.43,122
