EXCHANGE%3DNASDAQ
MARKET_OPEN_MINUTE=570
MARKET_CLOSE_MINUTE=960
INTERVAL=600
COLUMNS=DATE,CLOSE,HIGH,LOW,OPEN,VOLUME
DATA=
TIMEZONE_OFFSET=-240
a1493127000,8.93,8.93,8.93,8.93,36817
1,8.88,8.98,8.86,8.95,192415
2,8.815,8.8926,8.81,8.88,250967
3,8.79,8.8292,8.78,8.815,167072
4,8.855,8.86,8.79,8.8,147208
5,8.87,8.9,8.835,8.86,166785
6,8.9,8.9,8.87,8.87,140687
7,8.91,8.92,8.88,8.9,93606
8,8.895,8.915,8.89,8.91,63918
9,8.9,8.91,8.88,8.8957,157855
10,8.94,8.95,8.89,8.9001,87226
11,9.03,9.03,8.93,8.935,213671
12,9,9.025,8.97,9.025,192809
13,9.02,9.03,8.99,9,66628
14,8.96,9.0199,8.96,9.01,117930
15,8.975,8.9852,8.96,8.96,45807
16,8.96,8.99,8.96,8.975,66617
17,8.9852,8.9852,8.955,8.96,77305
18,8.975,8.99,8.97,8.98,40218
19,8.975,8.99,8.94,8.975,104955
20,8.97,8.98,8.95,8.97,64131
21,8.96,8.99,8.96,8.97,71418
22,8.97,8.97,8.95,8.9607,43330
23,8.995,8.995,8.9606,8.965,68318
24,8.97,8.9998,8.96,8.99,71125
25,8.945,8.979,8.94,8.975,91613
26,8.975,8.985,8.94,8.95,129566
27,8.97,8.99,8.96,8.97,58236
28,8.985,8.99,8.97,8.97,44739
29,9.01,9.015,8.98,8.985,195149
30,9.025,9.04,9.01,9.015,277055
31,9.05,9.06,9.02,9.025,264291
32,9.04,9.05,9.02,9.045,153579
33,9.065,9.0698,9.04,9.045,113257
34,9.08,9.095,9.06,9.065,233428
35,9.065,9.09,9.05,9.09,141732
36,9.05,9.08,9.05,9.07,181956
37,9.05,9.07,9.05,9.055,140315
38,9.035,9.07,9.03,9.05,245882
39,9.04,9.05,9.03,9.035,474251
144,8.8,8.82,8.78,8.8,244617
145,8.275,8.82,8.27,8.8,2198340
146,8.4,8.45,8.27,8.275,1771548
147,8.269,8.41,8.2142,8.3999,1308559
148,8.16,8.2799,8.16,8.27,930574
149,8.17,8.185,8.11,8.165,940241
150,8.27,8.33,8.16,8.1601,740284
151,8.2399,8.28,8.2,8.275,601158
152,8.275,8.29,8.2301,8.24,370711
153,8.21,8.28,8.21,8.2701,388508
154,8.24,8.25,8.21,8.215,274982
155,8.2001,8.24,8.2,8.235,334030
156,8.2,8.23,8.2,8.205,736606
157,8.2,8.23,8.18,8.2001,466911
158,8.165,8.21,8.16,8.195,240404
159,8.17,8.18,8.15,8.165,374173
160,8.15,8.19,8.15,8.17,394084
161,8.1701,8.18,8.15,8.16,170729
162,8.21,8.22,8.17,8.1799,222887
163,8.18,8.205,8.18,8.205,117216
164,8.18,8.19,8.17,8.18,308996
165,8.17,8.2,8.17,8.175,248452
166,8.1601,8.18,8.16,8.176,157783
167,8.17,8.17,8.16,8.165,123597
168,8.115,8.17,8.11,8.165,953707
169,8.13,8.14,8.11,8.115,222244
170,8.075,8.13,8.07,8.125,688492
171,8.035,8.1099,8.03,8.075,558331
172,8.051,8.07,8.04,8.04,344115
173,8.07,8.08,8.05,8.06,276066
174,8.035,8.07,8.03,8.065,293825
175,8.015,8.055,8,8.035,585263
176,8.015,8.03,8.01,8.0162,286867
177,8.0425,8.06,8.01,8.0101,622497
178,8.025,8.05,8.02,8.045,434031
179,8.03,8.05,8.01,8.02,575848
180,8.035,8.05,8.01,8.04,450579
181,8.025,8.05,8.01,8.0325,574141
182,7.97,8.04,7.942,8.025,1560302
183,7.92,7.97,7.91,7.965,2012139
288,8.08,8.08,8.05,8.05,107772
289,8.0368,8.0901,7.95,8.05,513462
290,8.1199,8.17,8.02,8.03,609356
291,8.06,8.15,8.01,8.12,393299
292,8.035,8.08,8.011,8.07,325297
293,8.0258,8.04,7.9802,8.035,299104
294,7.97,8.03,7.96,8.025,176766
295,8.0061,8.02,7.9762,7.98,155711
296,7.98,8.01,7.95,8.005,255562
297,7.91,7.9889,7.89,7.9875,407153
298,7.95,7.98,7.8992,7.91,243855
299,7.95,7.99,7.95,7.955,112008
300,7.9301,7.96,7.93,7.95,93370
301,7.945,7.96,7.92,7.935,178440
302,7.9001,7.95,7.9,7.94,680250
303,7.89,7.91,7.8601,7.905,306663
304,7.894,7.91,7.87,7.891,150594
305,7.85,7.92,7.85,7.9,184445
306,7.8995,7.9,7.8325,7.86,201545
307,7.9,7.915,7.88,7.9,147441
308,7.9381,7.945,7.905,7.91,137604
309,7.98,7.98,7.93,7.94,165418
310,7.96,7.98,7.95,7.98,145446
311,7.97,7.97,7.93,7.955,144742
312,7.955,7.97,7.95,7.96,65147
313,7.955,7.96,7.95,7.955,36285
314,7.955,7.96,7.93,7.96,81159
315,7.96,7.96,7.95,7.955,64576
316,7.951,7.96,7.95,7.95,139403
317,7.93,7.9599,7.93,7.95,55580
318,7.93,7.96,7.92,7.93,99851
319,7.945,7.96,7.93,7.93,123623
320,7.95,7.96,7.94,7.945,81839
321,7.955,7.96,7.95,7.955,61762
322,7.95,7.96,7.95,7.955,192041
323,7.94,7.95,7.93,7.95,199884
324,7.925,7.94,7.9,7.935,754911
325,7.895,7.93,7.89,7.93,279334
326,7.93,7.93,7.89,7.9,178367
327,7.93,7.93,7.92,7.92,587547
432,7.95,7.96,7.93,7.95,85277
433,7.42,7.95,7.41,7.94,1709644
434,7.53,7.55,6.915,7.41,3680960
435,7.68,7.7,7.49,7.53,1429166
436,7.68,7.72,7.67,7.67,611785
437,7.6071,7.69,7.51,7.6801,680667
438,7.6484,7.7,7.6,7.605,509584
439,7.6246,7.67,7.57,7.64,514109
440,7.61,7.64,7.59,7.6201,234091
441,7.65,7.665,7.59,7.615,273959
442,7.611,7.69,7.591,7.65,347470
443,7.625,7.66,7.6,7.61,174032
444,7.63,7.66,7.6,7.625,247215
445,7.74,7.75,7.61,7.625,361402
446,7.775,7.8,7.71,7.75,239307
447,7.815,7.87,7.77,7.7701,192541
448,7.8601,7.89,7.81,7.815,232925
449,7.8601,7.88,7.85,7.865,167615
450,7.8699,7.89,7.8501,7.87,162661
451,7.817,7.869,7.8,7.865,155027
452,7.8602,7.87,7.81,7.815,92891
453,7.845,7.8675,7.84,7.86,37174
454,7.88,7.88,7.84,7.84,108724
455,7.89,7.9,7.86,7.87,184796
456,7.88,7.89,7.87,7.885,122009
457,7.91,7.91,7.87,7.88,167300
458,7.94,7.95,7.9,7.91,255469
459,7.96,7.99,7.94,7.94,181206
460,7.9599,7.9699,7.95,7.9601,101853
461,7.95,7.96,7.95,7.95,145569
462,7.9801,8,7.95,7.9599,344399
463,8.0261,8.03,7.97,7.99,407111
464,8.005,8.025,7.98,8.025,218493
465,8.015,8.02,7.99,8.01,234166
466,8.0001,8.02,8,8.0101,79862
467,7.97,8.03,7.95,8.01,516594
468,7.975,7.995,7.97,7.98,279295
469,7.975,7.98,7.95,7.97,408307
470,7.98,7.99,7.97,7.9701,395292
471,8.01,8.01,7.98,7.98,1001978
864,8.12,8.12,8.12,8.12,101441
865,8.1,8.18,8.1,8.15,422275
866,8.1262,8.13,8.03,8.1032,371301
867,8.09,8.13,8.07,8.1299,375801
868,8.105,8.11,8.08,8.09,313564
869,8.105,8.14,8.1,8.11,192942
870,8.115,8.12,8.095,8.1,172545
871,8.21,8.21,8.115,8.12,377618
872,8.22,8.22,8.16,8.21,399847
873,8.135,8.22,8.13,8.22,331658
874,8.13,8.14,8.13,8.14,181228
875,8.165,8.17,8.12,8.135,294694
876,8.18,8.18,8.15,8.1655,365103
877,8.165,8.19,8.16,8.1859,59152
878,8.1975,8.2,8.165,8.17,165214
879,8.18,8.195,8.15,8.195,236700
880,8.195,8.195,8.17,8.18,156927
881,8.16,8.2,8.16,8.19,185508
882,8.18,8.19,8.16,8.1699,114576
883,8.205,8.21,8.18,8.18,134590
884,8.17,8.21,8.17,8.205,113088
885,8.17,8.18,8.17,8.17,54302
886,8.2,8.21,8.17,8.175,380038
887,8.2,8.21,8.195,8.1961,124695
888,8.26,8.27,8.2,8.21,548643
889,8.25,8.29,8.25,8.265,166238
890,8.235,8.26,8.23,8.25,95322
891,8.28,8.285,8.23,8.235,187512
892,8.25,8.28,8.235,8.28,262773
893,8.25,8.28,8.2301,8.25,199995
894,8.25,8.26,8.24,8.25,100721
895,8.27,8.28,8.24,8.25,202728
896,8.265,8.28,8.26,8.2798,114111
897,8.265,8.28,8.26,8.2699,136253
898,8.25,8.27,8.24,8.27,142959
899,8.25,8.27,8.25,8.255,197748
900,8.2798,8.28,8.25,8.25,248528
901,8.315,8.32,8.27,8.275,485636
902,8.32,8.33,8.31,8.32,234301
903,8.36,8.36,8.32,8.32,1059956
a1493731800,8.46,8.47,8.44,8.44,115636
1,8.2401,8.51,8.18,8.46,701416
2,8.22,8.29,8.18,8.24,663096
3,8.2501,8.26,8.21,8.221,354875
4,8.245,8.26,8.19,8.25,781675
5,8.255,8.255,8.215,8.245,797538
6,8.28,8.28,8.21,8.255,648692
7,8.3416,8.405,8.27,8.275,911935
8,8.3299,8.35,8.3,8.34,575816
9,8.24,8.35,8.19,8.32,609292
10,8.21,8.27,8.205,8.24,287107
11,8.189,8.255,8.17,8.21,456999
12,8.16,8.21,8.14,8.1892,506376
13,8.21,8.23,8.15,8.17,355007
14,8.1801,8.22,8.18,8.205,415526
15,8.2,8.2,8.16,8.185,347922
16,8.2,8.2159,8.17,8.2,743526
17,8.24,8.26,8.2,8.2,288898
18,8.21,8.25,8.2,8.24,127925
19,8.22,8.245,8.185,8.21,459872
20,8.225,8.23,8.205,8.225,1165472
21,8.195,8.245,8.1804,8.225,329291
22,8.2,8.2099,8.19,8.195,248788
23,8.15,8.205,8.12,8.2,736494
24,8.115,8.16,8.1,8.145,696171
25,8.1,8.14,8.09,8.11,362468
26,8.0899,8.1,8.06,8.09,387632
27,8.0284,8.095,8.01,8.085,456250
28,8.042,8.069,8.02,8.0279,467081
29,8.065,8.07,8.04,8.04,373698
30,8.025,8.07,8.02,8.065,171928
31,7.9601,8.03,7.96,8.025,299101
32,8.03,8.04,7.96,7.96,291428
33,8.005,8.04,8,8.04,260287
34,8.03,8.04,7.985,8,485607
35,8.085,8.09,8.03,8.04,383916
36,8.1201,8.14,8.08,8.085,662782
37,8.15,8.18,8.12,8.1263,490211
38,8.135,8.16,8.1,8.15,787837
39,8.19,8.205,8.13,8.135,2178776
144,7.37,7.39,7.32,7.36,366000
145,7.54,7.65,7.35,7.4,1854221
146,7.685,7.83,7.4946,7.535,1212444
147,7.83,7.9,7.68,7.685,1142590
148,7.615,7.85,7.6,7.83,758916
149,7.666,7.71,7.58,7.61,721252
150,7.705,7.75,7.66,7.665,628061
151,7.805,7.85,7.705,7.71,872649
152,7.77,7.81,7.72,7.805,648601
153,7.675,7.78,7.67,7.76,346725
154,7.66,7.68,7.61,7.68,263080
155,7.59,7.67,7.57,7.655,317444
156,7.69,7.69,7.595,7.5999,312562
157,7.5693,7.69,7.55,7.685,388218
158,7.54,7.59,7.5,7.57,344699
159,7.52,7.54,7.51,7.535,225560
160,7.525,7.55,7.51,7.52,369535
161,7.5153,7.525,7.51,7.525,113070
162,7.555,7.56,7.51,7.52,260177
163,7.6,7.6,7.535,7.5599,313707
164,7.65,7.65,7.59,7.5963,271502
165,7.62,7.65,7.61,7.645,162609
166,7.6368,7.66,7.61,7.61,307041
167,7.725,7.77,7.63,7.635,985114
168,7.77,7.78,7.7,7.73,440685
169,7.785,7.8,7.755,7.775,220181
170,7.83,7.83,7.76,7.785,355615
171,7.83,7.84,7.81,7.83,274107
172,7.8299,7.83,7.76,7.83,413847
173,7.81,7.88,7.8,7.83,700248
174,7.835,7.84,7.81,7.815,72782
175,7.925,7.93,7.83,7.835,347937
176,7.945,7.95,7.9,7.93,402635
177,7.993,8,7.935,7.945,508103
178,8.025,8.04,7.98,8,574512
179,8.015,8.03,8,8.025,503221
180,8.05,8.07,8.01,8.015,481525
181,8.09,8.1,8.04,8.051,900270
182,8.11,8.12,8.065,8.1,1332825
183,8.19,8.19,8.1,8.11,1856667
288,8.25,8.25,8.25,8.25,118346
289,8.2658,8.32,8.19,8.25,645578
290,8.2799,8.3,8.23,8.2601,318599
291,8.26,8.3,8.25,8.27,464645
292,8.29,8.31,8.25,8.27,656570
293,8.25,8.32,8.24,8.2904,341379
294,8.2701,8.29,8.235,8.245,605988
295,8.2625,8.32,8.26,8.28,221994
296,8.25,8.27,8.25,8.27,266794
297,8.17,8.26,8.1225,8.26,398016
298,8.145,8.17,8.12,8.17,643256
299,8.1101,8.15,8.11,8.14,326908
300,8.03,8.115,8.03,8.1101,382960
301,8.119,8.12,8.03,8.0301,488830
302,8.095,8.11,8.09,8.11,262326
303,8.08,8.095,8.07,8.09,155962
304,8.06,8.1,8.06,8.09,238478
305,8.04,8.07,8.04,8.065,161727
306,8.05,8.07,8.015,8.04,289110
307,8.055,8.06,8.045,8.05,82506
308,8.0962,8.11,8.02,8.055,427231
309,8.139,8.15,8.08,8.0992,343947
310,8.15,8.15,8.12,8.13,211663
311,8.155,8.19,8.14,8.15,152743
312,8.19,8.22,8.155,8.155,541081
313,8.21,8.215,8.18,8.185,234680
314,8.2,8.21,8.1645,8.205,130160
315,8.195,8.2,8.19,8.2,16226
316,8.19,8.22,8.18,8.195,253622
317,8.15,8.2,8.15,8.19,235897
318,8.12,8.1584,8.12,8.155,90506
319,8.105,8.13,8.1,8.1201,102360
320,8.13,8.14,8.1,8.105,351660
321,8.105,8.13,8.1,8.13,127122
322,8.105,8.11,8.1,8.105,66672
323,8.1504,8.16,8.1,8.1,1316664
324,8.14,8.16,8.13,8.155,159247
325,8.135,8.14,8.13,8.135,358748
326,8.135,8.16,8.13,8.135,302187
327,8.15,8.15,8.13,8.14,661299
432,8.21,8.21,8.21,8.21,138560
433,8.039,8.22,7.98,8.22,587945
434,8.04,8.09,8.02,8.0318,438042
435,8.01,8.05,8.005,8.05,301393
436,8.06,8.08,8.01,8.015,254564
437,8.035,8.07,8.01,8.06,213721
438,8.0647,8.075,8.025,8.04,176326
439,8.16,8.16,8.06,8.07,185461
440,8.145,8.17,8.12,8.169,197140
441,8.1418,8.18,8.1301,8.15,252910
442,8.18,8.19,8.13,8.1455,356668
443,8.22,8.22,8.18,8.18,303116
444,8.21,8.24,8.19,8.22,198982
445,8.25,8.25,8.2093,8.21,186524
446,8.26,8.27,8.22,8.25,172346
447,8.27,8.28,8.24,8.2647,141298
448,8.23,8.29,8.2,8.27,202181
449,8.22,8.24,8.21,8.22,116370
450,8.21,8.23,8.21,8.22,182982
451,8.27,8.28,8.21,8.2134,161784
452,8.27,8.28,8.25,8.265,116138
453,8.27,8.285,8.2516,8.275,221457
454,8.27,8.27,8.25,8.265,106351
455,8.3,8.315,8.26,8.26,242494
456,8.31,8.32,8.3,8.3,115309
457,8.345,8.36,8.31,8.315,396747
458,8.35,8.35,8.33,8.34,194270
459,8.36,8.41,8.34,8.345,418904
460,8.34,8.3688,8.34,8.36,154462
461,8.4,8.41,8.34,8.3447,233916
462,8.37,8.4,8.34,8.39,184234
463,8.3501,8.38,8.35,8.36,113118
464,8.41,8.41,8.335,8.35,381030
465,8.385,8.41,8.38,8.4,172971
466,8.3699,8.4,8.36,8.38,235237
467,8.35,8.37,8.35,8.36,152842
468,8.33,8.36,8.32,8.36,360243
469,8.35,8.36,8.33,8.34,180966
470,8.36,8.38,8.35,8.35,337733
471,8.39,8.39,8.36,8.365,1001422
864,8.39,8.39,8.37,8.37,40680
865,8.4438,8.45,8.355,8.365,320267
866,8.37,8.475,8.37,8.45,218498
867,8.44,8.46,8.36,8.3701,214635
868,8.5,8.519,8.4349,8.44,276966
869,8.44,8.5,8.44,8.4901,172112
870,8.3915,8.45,8.38,8.44,230855
871,8.4201,8.43,8.39,8.39,106568
872,8.44,8.465,8.425,8.4255,131985
873,8.395,8.435,8.385,8.43,185188
874,8.395,8.42,8.39,8.3999,100122
875,8.39,8.4,8.37,8.3939,87862
876,8.35,8.3953,8.35,8.38,87802
877,8.37,8.38,8.34,8.35,148162
878,8.37,8.39,8.37,8.37,103011
879,8.36,8.38,8.35,8.374,80716
880,8.345,8.37,8.32,8.365,151257
881,8.34,8.36,8.33,8.345,86792
882,8.37,8.39,8.34,8.345,157035
883,8.42,8.43,8.37,8.37,126700
884,8.45,8.45,8.41,8.43,133443
885,8.435,8.47,8.43,8.4499,201922
886,8.48,8.48,8.42,8.43,239503
887,8.48,8.49,8.455,8.4718,124197
888,8.525,8.53,8.475,8.4787,143360
889,8.5007,8.52,8.47,8.52,177205
890,8.5,8.525,8.5,8.51,93168
891,8.505,8.53,8.5,8.5,118840
892,8.54,8.54,8.5,8.505,87436
893,8.55,8.56,8.54,8.54,175582
894,8.59,8.59,8.54,8.5537,305340
895,8.595,8.6,8.585,8.585,137628
896,8.58,8.6,8.56,8.6,281355
897,8.6,8.6,8.5701,8.58,70369
898,8.575,8.6,8.5501,8.59,211961
899,8.57,8.58,8.555,8.58,145025
900,8.57,8.57,8.535,8.569,174520
901,8.54,8.57,8.54,8.57,117430
902,8.53,8.55,8.53,8.54,184620
903,8.53,8.55,8.52,8.535,653346
a1494336600,8.62,8.64,8.6,8.6,89762
1,8.6299,8.68,8.585,8.62,264417
2,8.675,8.68,8.58,8.62,246789
3,8.69,8.69,8.625,8.675,274663
4,8.77,8.78,8.69,8.69,333181
5,8.805,8.85,8.76,8.77,288027
6,8.74,8.82,8.73,8.81,342537
7,8.68,8.74,8.67,8.7394,211506
8,8.725,8.7494,8.665,8.68,178385
9,8.7835,8.79,8.725,8.725,282270
10,8.76,8.83,8.73,8.79,283579
11,8.7399,8.82,8.7345,8.77,234339
12,8.75,8.755,8.715,8.73,133353
13,8.72,8.76,8.72,8.75,97342
14,8.715,8.73,8.69,8.72,193801
15,8.705,8.72,8.675,8.7199,149465
16,8.7799,8.78,8.705,8.715,356274
17,8.815,8.8273,8.77,8.77,344306
18,8.83,8.85,8.8,8.8199,201274
19,8.83,8.86,8.815,8.84,284467
20,8.83,8.86,8.81,8.83,238523
21,8.8265,8.84,8.81,8.82,89128
22,8.8746,8.91,8.82,8.825,218342
23,8.895,8.91,8.86,8.875,178938
24,8.87,8.9,8.87,8.9,137791
25,8.86,8.89,8.86,8.87,135399
26,8.86,8.89,8.855,8.86,238453
27,8.865,8.88,8.845,8.86,163062
28,8.85,8.88,8.85,8.86,124679
29,8.885,8.89,8.845,8.8505,189095
30,8.895,8.9,8.87,8.885,124557
31,8.89,8.9,8.87,8.9,190187
32,8.85,8.8975,8.85,8.895,138854
33,8.84,8.865,8.83,8.85,127382
34,8.8675,8.87,8.83,8.84,147908
35,8.87,8.88,8.85,8.86,120718
36,8.855,8.88,8.85,8.87,102376
37,8.8575,8.86,8.85,8.85,168660
38,8.82,8.86,8.81,8.855,380940
39,8.82,8.83,8.81,8.82,698159
144,8.65,8.67,8.65,8.67,56409
145,8.77,8.79,8.64,8.65,535908
146,8.7001,8.7984,8.67,8.77,414991
147,8.7301,8.745,8.69,8.71,211505
148,8.75,8.76,8.715,8.735,228574
149,8.795,8.845,8.74,8.75,369817
150,8.79,8.81,8.77,8.8,157173
151,8.805,8.82,8.75,8.795,237768
152,8.79,8.84,8.785,8.805,142011
153,8.82,8.82,8.7799,8.795,200138
154,8.845,8.85,8.8,8.82,132184
155,8.84,8.865,8.83,8.845,139251
156,8.864,8.875,8.84,8.84,229741
157,8.8399,8.87,8.81,8.865,141607
158,8.785,8.84,8.77,8.835,273835
159,8.8004,8.81,8.78,8.785,204593
160,8.825,8.83,8.7809,8.81,135172
161,8.81,8.835,8.79,8.8299,139368
162,8.83,8.84,8.8,8.805,152144
163,8.84,8.85,8.82,8.82,127326
164,8.87,8.87,8.835,8.84,95265
165,8.885,8.89,8.85,8.87,166353
166,8.89,8.8999,8.87,8.8882,127150
167,8.875,8.9,8.87,8.89,70140
168,8.92,8.93,8.87,8.875,171047
169,8.94,8.94,8.91,8.92,88125
170,8.95,8.96,8.92,8.94,416206
171,8.925,8.955,8.91,8.955,161101
172,8.89,8.93,8.88,8.92,107813
173,8.88,8.91,8.86,8.89,174061
174,8.865,8.89,8.865,8.89,99445
175,8.92,8.92,8.86,8.86,224102
176,8.935,8.95,8.89,8.92,266028
177,8.975,8.98,8.92,8.93,283040
178,8.94,8.98,8.93,8.98,248674
179,8.92,8.94,8.91,8.935,172253
180,8.915,8.94,8.9,8.915,186655
181,8.92,8.92,8.9,8.91,210879
182,8.9301,8.94,8.91,8.915,223696
183,8.94,8.94,8.915,8.935,897561
288,8.82,8.83,8.82,8.83,89267
289,8.875,8.88,8.77,8.82,282223
290,8.9201,8.97,8.87,8.88,244162
291,8.91,8.92,8.83,8.915,243890
292,8.93,8.93,8.88,8.92,171682
293,8.9,8.95,8.9,8.93,148783
294,8.89,8.92,8.87,8.9,85917
295,8.85,8.935,8.85,8.8999,208650
296,8.855,8.89,8.84,8.85,138762
297,8.91,8.92,8.85,8.86,126271
298,8.945,8.95,8.9105,8.9105,114861
299,8.99,9,8.95,8.95,175906
300,9.04,9.04,8.985,8.99,333498
301,8.99,9.055,8.97,9.035,268933
302,8.99,9,8.96,8.99,133327
303,9.0276,9.05,8.995,8.995,112491
304,9.01,9.03,9,9.025,77251
305,9.03,9.05,9,9.015,95353
306,9.0493,9.05,9.03,9.035,77793
307,9.0301,9.06,9.02,9.045,144294
308,9.05,9.07,9.03,9.04,166558
309,9.03,9.05,9.02,9.05,88245
310,9.035,9.06,9.025,9.025,60437
311,9.035,9.05,9.03,9.035,71937
312,9,9.04,9,9.03,157746
313,9.035,9.045,9,9,71848
314,9.04,9.05,9.025,9.04,96858
315,9.05,9.05,9.03,9.05,60631
316,9.025,9.05,9.01,9.04,97706
317,9.04,9.04,9.01,9.02,108045
318,9.01,9.05,9.01,9.04,86870
319,9.01,9.03,9.01,9.0169,49840
320,9.025,9.04,9.01,9.015,69531
321,8.965,9.025,8.96,9.025,145277
322,8.96,8.97,8.94,8.96,94485
323,8.94,8.965,8.94,8.96,77870
324,8.9068,8.95,8.9,8.945,188805
325,8.935,8.94,8.9,8.905,130060
326,8.93,8.94,8.91,8.94,177378
327,8.91,8.93,8.9,8.925,419884
432,8.83,8.83,8.82,8.82,38678
433,8.8654,8.88,8.74,8.86,190529
434,8.77,8.8699,8.7696,8.8699,292440
435,8.65,8.77,8.625,8.77,406886
436,8.7,8.73,8.64,8.65,452639
437,8.74,8.75,8.68,8.7,209264
438,8.76,8.78,8.73,8.735,146739
439,8.75,8.765,8.71,8.76,77506
440,8.715,8.76,8.69,8.7535,99379
441,8.74,8.745,8.7,8.7144,145236
442,8.79,8.79,8.7307,8.74,110948
443,8.795,8.8278,8.7801,8.79,141538
444,8.83,8.83,8.79,8.8,51935
445,8.855,8.88,8.8147,8.825,373498
446,8.91,8.94,8.845,8.86,489128
447,8.975,8.99,8.915,8.915,334457
448,8.905,8.98,8.9,8.975,225422
449,8.935,8.94,8.88,8.906,106844
450,8.9336,8.955,8.925,8.94,132456
451,8.95,8.97,8.936,8.94,111399
452,8.96,8.97,8.935,8.9436,97971
453,8.945,8.965,8.93,8.95,105433
454,8.93,8.945,8.915,8.945,95911
455,8.9761,8.98,8.93,8.93,159751
456,9.03,9.03,8.955,8.975,341395
457,9.025,9.04,9.0001,9.03,197485
458,9,9.0299,8.99,9.025,197763
459,9,9.005,8.98,9,124470
460,9.0347,9.04,9,9.005,160642
461,9.02,9.05,9.02,9.04,125859
462,9.01,9.03,8.99,9.02,181041
463,9.03,9.045,9,9.01,112542
464,9.03,9.05,9.02,9.035,111731
465,9.03,9.05,9.0247,9.04,131146
466,9.02,9.0362,9.0047,9.03,107965
467,9.005,9.02,8.99,9.02,128271
468,9.005,9.02,8.995,9,95653
469,9.04,9.04,9,9.005,128423
470,9.04,9.05,9.03,9.035,185518
471,9.02,9.04,9.02,9.035,565799
864,9.03,9.03,9.03,9.03,49335
865,9.12,9.15,8.96,9.03,261083
866,9.26,9.28,9.12,9.12,500327
867,9.2652,9.29,9.21,9.2601,517474
868,9.2569,9.32,9.22,9.26,271075
869,9.225,9.26,9.19,9.2542,277747
870,9.305,9.35,9.21,9.22,526295
871,9.325,9.35,9.29,9.31,192267
872,9.315,9.35,9.3,9.33,198895
873,9.265,9.335,9.24,9.3045,214281
874,9.285,9.315,9.25,9.265,121191
875,9.295,9.31,9.2653,9.29,147141
876,9.33,9.33,9.295,9.3,139457
877,9.31,9.33,9.28,9.33,166257
878,9.32,9.33,9.3,9.31,91504
879,9.325,9.34,9.3,9.33,114865
880,9.35,9.36,9.325,9.325,148929
881,9.335,9.38,9.3203,9.36,177367
882,9.301,9.347,9.285,9.3349,186871
883,9.33,9.34,9.31,9.31,83254
884,9.285,9.34,9.28,9.33,186609
885,9.29,9.29,9.28,9.28,54786
886,9.26,9.29,9.25,9.285,152150
887,9.255,9.29,9.25,9.255,66404
888,9.28,9.28,9.25,9.25,55099
889,9.28,9.29,9.27,9.27,57419
890,9.275,9.305,9.27,9.275,167437
891,9.29,9.29,9.27,9.27,54008
892,9.2,9.29,9.195,9.285,328004
893,9.185,9.21,9.17,9.2,123028
894,9.1601,9.2,9.15,9.18,159732
895,9.17,9.18,9.14,9.165,166058
896,9.235,9.24,9.17,9.1795,121178
897,9.23,9.24,9.21,9.24,98105
898,9.225,9.25,9.205,9.24,336339
899,9.19,9.23,9.17,9.225,205221
900,9.2,9.2,9.18,9.19,107987
901,9.145,9.2,9.14,9.2,210785
902,9.13,9.15,9.1,9.145,483438
903,9.13,9.14,9.1,9.13,533820
a1494941400,9.16,9.17,9.16,9.16,20234
1,9.1662,9.219,9.11,9.16,131679
2,9.11,9.1699,9.11,9.1674,137004
3,9.135,9.15,9.111,9.115,229523
4,9.13,9.15,9.13,9.135,248249
5,9.19,9.2,9.13,9.135,120728
6,9.08,9.2,9.08,9.2,189904
7,9.147,9.147,9.08,9.09,117313
8,9.125,9.145,9.11,9.14,234651
9,9.14,9.15,9.1,9.12,361020
10,9.165,9.175,9.13,9.14,143765
11,9.125,9.17,9.11,9.165,203057
12,9.13,9.14,9.11,9.1247,72379
13,9.15,9.17,9.12,9.13,111389
14,9.18,9.19,9.14,9.15,131685
15,9.195,9.2,9.17,9.19,199637
16,9.13,9.2,9.13,9.195,346049
17,9.16,9.165,9.09,9.13,185526
18,9.17,9.18,9.15,9.165,163896
19,9.16,9.18,9.15,9.18,132626
20,9.17,9.195,9.16,9.17,267602
21,9.18,9.195,9.16,9.17,91290
22,9.22,9.22,9.17,9.18,214382
23,9.2417,9.25,9.2142,9.22,211657
24,9.22,9.25,9.2,9.24,136927
25,9.22,9.235,9.2,9.225,89716
26,9.25,9.25,9.21,9.215,181609
27,9.25,9.255,9.23,9.25,156677
28,9.23,9.28,9.22,9.25,407269
29,9.22,9.26,9.19,9.2364,172972
30,9.21,9.24,9.19,9.22,130436
31,9.23,9.23,9.18,9.2,98401
32,9.26,9.265,9.21,9.23,113896
33,9.235,9.27,9.22,9.26,268827
34,9.21,9.24,9.2,9.2301,188055
35,9.19,9.21,9.17,9.21,244361
36,9.19,9.22,9.18,9.185,157317
37,9.23,9.23,9.19,9.19,271267
38,9.235,9.24,9.19,9.23,301507
39,9.23,9.24,9.19,9.24,808283
144,8.9,8.923,8.9,8.91,150181
145,8.86,9,8.6,8.91,1248079
146,8.7512,8.98,8.73,8.86,623278
147,8.68,8.7501,8.66,8.7501,462994
148,8.687,8.72,8.62,8.6758,574070
149,8.68,8.7,8.6301,8.6892,318027
150,8.6901,8.693,8.64,8.68,173460
151,8.63,8.7,8.61,8.69,206693
152,8.6699,8.68,8.615,8.63,174002
153,8.635,8.68,8.62,8.66,145785
154,8.59,8.64,8.57,8.64,253676
155,8.6,8.63,8.57,8.59,135835
156,8.55,8.61,8.55,8.605,193207
157,8.557,8.61,8.53,8.555,707202
158,8.6,8.67,8.55,8.55,300478
159,8.59,8.615,8.57,8.6,279752
160,8.54,8.585,8.52,8.585,611136
161,8.455,8.5482,8.44,8.54,638959
162,8.46,8.48,8.44,8.455,258733
163,8.45,8.49,8.44,8.46,136196
164,8.46,8.49,8.45,8.45,180039
165,8.5,8.5,8.46,8.465,157899
166,8.485,8.5166,8.47,8.4999,154191
167,8.55,8.56,8.46,8.485,188014
168,8.5465,8.56,8.52,8.545,107743
169,8.56,8.5999,8.54,8.55,286752
170,8.51,8.567,8.51,8.565,235544
171,8.505,8.53,8.49,8.52,479079
172,8.49,8.53,8.47,8.5,192322
173,8.465,8.51,8.45,8.49,170954
174,8.415,8.49,8.4,8.47,215790
175,8.41,8.455,8.41,8.41,243482
176,8.39,8.435,8.36,8.42,417013
177,8.39,8.46,8.36,8.4,411854
178,8.3701,8.405,8.3701,8.395,157138
179,8.39,8.42,8.35,8.37,494137
180,8.44,8.44,8.38,8.39,469791
181,8.42,8.44,8.401,8.44,353432
182,8.375,8.42,8.36,8.42,724501
183,8.35,8.38,8.34,8.37,948001
288,8.21,8.22,8.21,8.22,116535
289,8.41,8.47,8.05,8.2,696436
290,8.43,8.53,8.36,8.45,372245
291,8.36,8.45,8.3201,8.4316,305742
292,8.43,8.4453,8.36,8.36,218467
293,8.43,8.45,8.405,8.44,165905
294,8.38,8.43,8.33,8.425,184810
295,8.45,8.47,8.37,8.38,217687
296,8.4,8.45,8.4,8.445,95789
297,8.45,8.48,8.4,8.4,125050
298,8.46,8.48,8.44,8.45,160997
299,8.5299,8.53,8.455,8.46,98088
300,8.56,8.6,8.525,8.525,218425
301,8.475,8.57,8.47,8.55,110512
302,8.49,8.5,8.44,8.48,107938
303,8.4382,8.5,8.41,8.499,127346
304,8.38,8.4405,8.37,8.439,98352
305,8.415,8.44,8.38,8.38,142770
306,8.42,8.45,8.41,8.41,50817
307,8.39,8.4575,8.385,8.4294,83844
308,8.38,8.405,8.36,8.3983,116811
309,8.39,8.4,8.35,8.38,94746
310,8.36,8.41,8.35,8.4,62568
311,8.37,8.385,8.35,8.365,206381
312,8.3401,8.375,8.34,8.37,142031
313,8.35,8.35,8.32,8.3499,108685
314,8.32,8.36,8.32,8.355,93141
315,8.325,8.35,8.3,8.325,293865
316,8.34,8.37,8.32,8.33,254390
317,8.2988,8.35,8.29,8.345,150426
318,8.32,8.35,8.29,8.2999,118070
319,8.345,8.36,8.32,8.32,198715
320,8.32,8.35,8.31,8.35,94407
321,8.32,8.33,8.3,8.32,96055
322,8.32,8.33,8.31,8.315,114635
323,8.33,8.33,8.31,8.32,79876
324,8.36,8.36,8.32,8.33,158149
325,8.345,8.37,8.31,8.355,334183
326,8.38,8.38,8.31,8.345,236774
327,8.34,8.39,8.34,8.38,592276
432,8.42,8.42,8.41,8.41,65308
433,8.51,8.51,8.42,8.42,247113
434,8.53,8.56,8.4984,8.51,222127
435,8.5136,8.53,8.49,8.525,190076
436,8.52,8.53,8.48,8.5186,116445
437,8.53,8.58,8.51,8.52,164063
438,8.56,8.575,8.51,8.54,220558
439,8.565,8.575,8.54,8.55,134260
440,8.535,8.565,8.52,8.565,94205
441,8.59,8.6,8.54,8.54,118823
442,8.58,8.63,8.57,8.59,247686
443,8.55,8.605,8.55,8.585,99977
444,8.5801,8.59,8.55,8.55,76146
445,8.57,8.5853,8.5336,8.585,118232
446,8.52,8.575,8.51,8.5736,76876
447,8.53,8.54,8.51,8.525,64380
448,8.53,8.54,8.5,8.5354,111436
449,8.5,8.53,8.48,8.52,105231
450,8.515,8.52,8.5,8.505,60433
451,8.53,8.535,8.5,8.515,54313
452,8.53,8.54,8.5,8.53,136697
453,8.54,8.55,8.51,8.535,330531
454,8.535,8.54,8.525,8.53,35816
455,8.54,8.56,8.53,8.54,28401
456,8.52,8.55,8.52,8.5401,70020
457,8.54,8.54,8.515,8.5205,162609
458,8.535,8.54,8.5225,8.5399,58172
459,8.55,8.55,8.53,8.5399,37004
460,8.5001,8.55,8.49,8.55,148061
461,8.5099,8.515,8.49,8.5,40588
462,8.505,8.52,8.48,8.51,59955
463,8.51,8.52,8.5,8.505,33447
464,8.5012,8.53,8.5,8.52,50423
465,8.51,8.52,8.495,8.5,84924
466,8.5,8.52,8.48,8.505,120965
467,8.49,8.515,8.47,8.49,174453
468,8.49,8.51,8.48,8.5,132916
469,8.5,8.51,8.48,8.495,167854
470,8.5,8.52,8.49,8.505,255748
471,8.5,8.52,8.49,8.51,419422
864,8.86,8.9,8.86,8.88,184914
865,9.0001,9.045,8.87,8.88,1542588
866,9.1236,9.16,8.94,9.01,1064409
867,9.28,9.29,9.12,9.13,927511
868,9.2199,9.305,9.18,9.285,1282906
869,9.345,9.35,9.215,9.215,812397
870,9.345,9.35,9.24,9.34,733666
871,9.3,9.375,9.26,9.345,706890
872,9.3007,9.36,9.275,9.2938,435939
873,9.32,9.36,9.295,9.3,377748
874,9.2861,9.37,9.27,9.325,404698
875,9.26,9.305,9.21,9.28,379082
876,9.2977,9.33,9.2325,9.255,320485
877,9.355,9.39,9.2916,9.2916,629655
878,9.3315,9.39,9.33,9.355,340452
879,9.27,9.36,9.27,9.33,349389
880,9.275,9.29,9.25,9.27,221786
881,9.274,9.3,9.25,9.27,187223
882,9.27,9.29,9.27,9.275,89849
883,9.25,9.28,9.25,9.27,203517
884,9.28,9.28,9.24,9.26,178181
885,9.26,9.29,9.24,9.28,252182
886,9.245,9.27,9.22,9.255,117554
887,9.2,9.25,9.2,9.25,137659
888,9.26,9.26,9.2,9.2,158582
889,9.25,9.27,9.23,9.27,250240
890,9.31,9.31,9.24,9.25,194225
891,9.31,9.32,9.29,9.31,204359
892,9.321,9.33,9.3,9.31,90346
893,9.32,9.33,9.3,9.33,200980
894,9.375,9.38,9.325,9.3293,229424
895,9.37,9.4,9.36,9.375,284249
896,9.35,9.39,9.35,9.375,194068
897,9.31,9.36,9.3001,9.35,364325
898,9.33,9.335,9.3,9.31,87435
899,9.34,9.36,9.32,9.33,164969
900,9.335,9.36,9.31,9.337,264662
901,9.37,9.38,9.32,9.3399,443511
902,9.36,9.38,9.33,9.38,267830
903,9.37,9.38,9.35,9.36,912368
a1495546200,9.43,9.43,9.43,9.43,59764
1,9.33,9.52,9.3,9.44,463525
2,9.23,9.34,9.2,9.34,460370
3,9.2899,9.3098,9.205,9.2301,297239
4,9.3,9.34,9.274,9.28,173035
5,9.24,9.3,9.23,9.3,127672
6,9.27,9.28,9.23,9.24,152752
7,9.215,9.26,9.21,9.26,86895
8,9.25,9.25,9.21,9.22,88664
9,9.245,9.26,9.23,9.25,67325
10,9.2478,9.26,9.235,9.24,76122
11,9.24,9.26,9.23,9.24,62988
12,9.29,9.29,9.24,9.245,88528
13,9.31,9.3499,9.29,9.29,262931
14,9.35,9.35,9.3,9.31,167215
15,9.29,9.35,9.29,9.3482,60316
16,9.3,9.31,9.275,9.2999,98694
17,9.29,9.3,9.27,9.3,75852
18,9.25,9.29,9.24,9.28,100547
19,9.255,9.26,9.23,9.2401,58595
20,9.225,9.26,9.215,9.255,116334
21,9.1538,9.2201,9.15,9.22,256690
22,9.18,9.21,9.13,9.15,409235
23,9.19,9.2,9.17,9.18,91828
24,9.2,9.2,9.18,9.185,41934
25,9.19,9.2,9.175,9.195,36588
26,9.17,9.19,9.16,9.19,96862
27,9.17,9.198,9.1548,9.17,85747
28,9.18,9.18,9.16,9.165,16942
29,9.195,9.2,9.1693,9.175,82674
30,9.16,9.2,9.15,9.2,145959
31,9.15,9.165,9.12,9.16,345926
32,9.13,9.18,9.13,9.15,170459
33,9.13,9.15,9.12,9.13,147711
34,9.17,9.19,9.13,9.13,147773
35,9.15,9.2,9.13,9.17,230166
36,9.11,9.16,9.11,9.15,273219
37,9.13,9.14,9.11,9.11,203373
38,9.1,9.135,9.08,9.13,455412
39,9.13,9.13,9.09,9.095,538957
144,9.1,9.1,9.1,9.1,48073
145,8.98,9.13,8.95,9.1,439132
146,9.0001,9.075,8.97,8.983,189413
147,9.005,9.03,8.95,9,241057
148,9.07,9.07,9.005,9.01,110368
149,9.11,9.11,9.03,9.07,176031
150,9.1,9.13,9.08,9.11,137122
151,9.12,9.14,9.1,9.1099,72677
152,9.14,9.14,9.09,9.1103,83602
153,9.03,9.135,9.03,9.135,360836
154,9.03,9.065,9.03,9.035,74695
155,8.98,9.03,8.97,9.03,422384
156,8.98,8.995,8.98,8.99,42652
157,8.98,9,8.96,8.99,146413
158,9.0001,9.02,8.98,8.985,50732
159,8.9561,9,8.93,9,303432
160,8.99,9.01,8.94,8.958,131631
161,8.995,9,8.98,8.99,43899
162,9,9.0201,8.99,8.995,33951
163,9,9.02,8.99,9.005,53533
164,8.9595,9.0035,8.95,9.0035,81289
165,8.92,8.96,8.9,8.95,221158
166,8.9199,8.94,8.91,8.92,95764
167,8.93,8.95,8.91,8.91,52176
168,8.9101,8.9353,8.9,8.93,80150
169,8.94,8.94,8.91,8.91,33678
170,8.94,8.95,8.915,8.94,54751
171,8.91,8.945,8.9,8.93,163291
172,8.9,8.915,8.86,8.91,191953
173,8.9,8.93,8.89,8.8976,72332
174,8.91,8.93,8.89,8.9,150496
175,8.85,8.915,8.83,8.91,568171
176,8.81,8.85,8.81,8.85,128024
177,8.855,8.86,8.81,8.81,102831
178,8.86,8.86,8.83,8.85,71422
179,8.89,8.9,8.845,8.855,195342
180,8.905,8.92,8.89,8.895,100544
181,8.93,8.95,8.9,8.9001,157678
182,8.92,8.95,8.91,8.93,199899
183,8.9,8.93,8.9,8.92,1012823
288,9.15,9.15,9.14,9.14,76718
289,9.12,9.26,9.04,9.15,760164
290,9.04,9.12,9.02,9.12,395773
291,8.915,9.05,8.9,9.03,284196
292,8.91,8.98,8.91,8.92,207391
293,8.96,8.97,8.9048,8.9083,177751
294,8.83,8.96,8.82,8.96,236792
295,8.8469,8.89,8.81,8.835,205694
296,8.78,8.85,8.745,8.85,497756
297,8.76,8.79,8.76,8.79,239201
298,8.825,8.8436,8.765,8.7663,109129
299,8.77,8.83,8.75,8.8263,208709
300,8.765,8.78,8.72,8.77,276744
301,8.7658,8.78,8.73,8.77,120844
302,8.74,8.77,8.74,8.764,63195
303,8.69,8.7463,8.67,8.745,162542
304,8.685,8.7,8.65,8.69,236213
305,8.75,8.759,8.68,8.685,212374
306,8.74,8.755,8.73,8.745,226474
307,8.755,8.76,8.73,8.735,174642
308,8.72,8.76,8.72,8.76,68315
309,8.7,8.735,8.7,8.725,113674
310,8.67,8.71,8.67,8.7,105253
311,8.655,8.67,8.65,8.67,138336
312,8.68,8.7,8.65,8.6525,131063
313,8.66,8.68,8.65,8.675,78115
314,8.645,8.68,8.64,8.655,135272
315,8.65,8.65,8.64,8.6439,112063
316,8.635,8.65,8.63,8.65,125280
317,8.63,8.64,8.63,8.635,55337
318,8.62,8.64,8.6,8.64,344888
319,8.615,8.63,8.61,8.619,103242
320,8.63,8.64,8.61,8.62,84178
321,8.643,8.65,8.63,8.63,98145
322,8.665,8.68,8.645,8.645,246729
323,8.66,8.67,8.65,8.67,145855
324,8.64,8.66,8.625,8.66,285395
325,8.6499,8.65,8.64,8.64,142533
326,8.65,8.68,8.64,8.645,323457
327,8.59,8.66,8.58,8.65,1429704
432,8.58,8.64,8.58,8.63,23580
433,8.53,8.64,8.52,8.59,360950
434,8.53,8.56,8.485,8.526,453471
435,8.545,8.56,8.48,8.535,766711
436,8.545,8.62,8.54,8.55,784246
437,8.5101,8.56,8.51,8.55,202980
438,8.545,8.55,8.48,8.52,147763
439,8.54,8.56,8.52,8.545,150033
440,8.55,8.56,8.53,8.54,118219
441,8.65,8.68,8.55,8.55,552349
442,8.77,8.8,8.65,8.65,382135
443,8.77,8.81,8.7601,8.77,320319
444,8.79,8.82,8.74,8.77,312792
445,8.85,8.85,8.7805,8.785,261918
446,8.82,8.85,8.795,8.8447,262907
447,8.77,8.83,8.755,8.83,125205
448,8.83,8.83,8.765,8.765,109460
449,8.85,8.87,8.81,8.83,206792
450,8.87,8.89,8.84,8.85,172910
451,8.89,8.899,8.86,8.87,134975
452,8.8746,8.89,8.86,8.89,79967
453,8.855,8.89,8.85,8.88,125771
454,8.88,8.88,8.85,8.86,126838
455,8.92,8.93,8.8747,8.88,230547
456,8.89,8.92,8.86,8.915,80925
457,8.89,8.89,8.8701,8.8816,57563
458,8.87,8.9,8.87,8.89,111074
459,8.9,8.91,8.87,8.87,109823
460,8.94,8.94,8.89,8.895,244177
461,8.925,8.95,8.9,8.94,142564
462,8.94,8.95,8.92,8.9261,69812
463,8.92,8.94,8.8947,8.93,130290
464,8.9,8.92,8.9,8.92,89873
465,8.9,8.91,8.87,8.89,88772
466,8.855,8.9,8.85,8.8999,135301
467,8.86,8.865,8.85,8.8599,79528
468,8.84,8.86,8.83,8.86,145945
469,8.88,8.89,8.85,8.85,241679
470,8.88,8.895,8.87,8.88,308384
471,8.91,8.915,8.8735,8.88,912010
a1496151000,8.93,8.93,8.93,8.93,85146
1,9.0242,9.05,8.9,8.94,477866
2,9.01,9.095,8.99,9.025,408212
3,8.975,9.0434,8.97,9.01,216456
4,8.93,8.97,8.89,8.97,207981
5,8.96,8.99,8.91,8.93,184506
6,8.96,9.01,8.96,8.97,307232
7,8.98,8.99,8.965,8.97,108603
8,9.07,9.075,8.97,8.98,257998
9,9.005,9.08,9,9.07,131747
10,9.021,9.04,8.98,9.0001,110048
11,9.04,9.04,9.01,9.025,93338
12,8.99,9.04,8.975,9.035,221959
13,9.015,9.02,8.98,8.98,132243
14,9.015,9.02,9,9.02,95068
15,8.974,9.02,8.97,9.015,121285
16,8.97,8.98,8.96,8.975,95185
17,8.94,8.97,8.94,8.96,84981
18,8.88,8.95,8.87,8.941,307639
19,8.87,8.88,8.86,8.8765,111692
20,8.82,8.87,8.81,8.87,298364
21,8.8399,8.84,8.8,8.81,93033
22,8.78,8.84,8.76,8.835,118554
23,8.7847,8.8,8.77,8.78,56688
24,8.83,8.83,8.78,8.79,88372
25,8.83,8.86,8.82,8.83,85828
26,8.85,8.86,8.83,8.83,82637
27,8.87,8.87,8.85,8.851,75693
28,8.91,8.91,8.855,8.87,99241
29,8.89,8.94,8.89,8.91,140477
30,8.9,8.9,8.88,8.89,51670
31,8.87,8.9,8.86,8.9,73866
32,8.8799,8.885,8.86,8.86,71122
33,8.885,8.895,8.86,8.875,67474
34,8.92,8.92,8.8801,8.89,67259
35,8.91,8.92,8.89,8.92,112024
36,8.89,8.91,8.8743,8.91,131704
37,8.9,8.92,8.89,8.895,112830
38,8.9,8.92,8.89,8.9,224779
39,8.88,8.92,8.88,8.895,393667
144,8.92,8.98,8.92,8.98,116399
145,9.205,9.21,8.92,8.92,988786
146,9.0931,9.25,9.05,9.205,686102
147,8.92,9.1,8.9,9.095,516485
148,8.98,8.985,8.86,8.9272,443758
149,8.97,9.01,8.94,8.975,366118
150,8.975,9,8.91,8.97,393240
151,9,9.025,8.97,8.98,353711
152,9.0701,9.075,8.97,9,441094
153,9.1514,9.16,9.06,9.0701,210328
154,9.17,9.2,9.155,9.16,199157
155,9.15,9.19,9.13,9.16,381234
156,9.135,9.19,9.12,9.1401,276282
157,9.15,9.155,9.11,9.1339,238731
158,9.145,9.15,9.125,9.145,164879
159,9.18,9.2,9.13,9.15,240163
160,9.15,9.2,9.15,9.18,140737
161,9.1,9.16,9.1,9.1525,98020
162,9.11,9.12,9.09,9.1,71230
163,9.11,9.11,9.0825,9.1,64689
164,9.097,9.14,9.09,9.11,91088
165,9.05,9.095,9.05,9.09,86124
166,9.065,9.065,9.05,9.05,41160
167,9.05,9.1,9.04,9.07,118525
168,9.09,9.09,9.05,9.055,135865
169,9.04,9.1,9.04,9.09,124887
170,9.04,9.06,9.04,9.045,70569
171,9.03,9.05,9.01,9.04,81356
172,8.99,9.04,8.98,9.03,111167
173,8.96,8.99,8.96,8.985,151583
174,8.97,8.97,8.95,8.96,89874
175,8.905,8.97,8.9,8.96,85333
176,8.8899,8.915,8.875,8.905,209593
177,8.885,8.905,8.88,8.885,99986
178,8.895,8.905,8.88,8.889,94506
179,8.9199,8.92,8.89,8.9,95680
180,8.9,8.92,8.88,8.92,103026
181,8.89,8.91,8.89,8.895,109667
182,8.91,8.91,8.88,8.89,125184
183,8.88,8.92,8.865,8.905,982055
288,9.15,9.18,9.09,9.17,154502
289,9.4243,9.49,9.135,9.15,1924316
290,9.38,9.52,9.3601,9.425,1222511
291,9.22,9.47,9.17,9.3739,669234
292,9.26,9.35,9.16,9.2299,594404
293,9.19,9.28,9.15,9.26,175756
294,9.245,9.25,9.181,9.19,201662
295,9.24,9.245,9.175,9.24,143449
296,9.25,9.26,9.21,9.23,180496
297,9.23,9.26,9.2,9.25,179551
298,9.2593,9.26,9.2,9.23,151092
299,9.3,9.3,9.25,9.26,98927
300,9.285,9.32,9.27,9.29,143669
301,9.275,9.3,9.24,9.29,136876
302,9.28,9.29,9.27,9.28,69206
303,9.33,9.33,9.27,9.28,160727
304,9.412,9.42,9.32,9.33,392593
305,9.44,9.44,9.41,9.415,289690
306,9.465,9.47,9.43,9.44,271067
307,9.49,9.49,9.46,9.465,350837
308,9.4614,9.52,9.435,9.485,730471
309,9.41,9.4767,9.4,9.46,140173
310,9.425,9.44,9.38,9.4,119560
311,9.375,9.43,9.37,9.425,116713
312,9.31,9.38,9.31,9.37,140600
313,9.27,9.32,9.25,9.315,174124
314,9.285,9.29,9.26,9.265,88131
315,9.245,9.29,9.24,9.285,157231
316,9.33,9.33,9.235,9.245,202635
317,9.335,9.36,9.29,9.325,180987
318,9.345,9.36,9.31,9.34,200341
319,9.32,9.35,9.32,9.34,99764
320,9.35,9.37,9.32,9.32,155680
321,9.33,9.36,9.315,9.35,187413
322,9.305,9.34,9.28,9.3276,188801
323,9.32,9.32,9.3,9.305,41524
324,9.31,9.335,9.3,9.315,134756
325,9.33,9.33,9.3,9.315,202295
326,9.35,9.38,9.33,9.33,325093
327,9.36,9.37,9.35,9.36,608815
432,9.35,9.35,9.35,9.35,45153
433,9.45,9.54,9.356,9.36,521326
434,9.33,9.49,9.3,9.45,480238
435,9.31,9.33,9.26,9.3299,185478
436,9.43,9.43,9.31,9.31,248653
437,9.4,9.48,9.39,9.43,255047
438,9.42,9.43,9.4,9.4,105269
439,9.385,9.43,9.345,9.4101,131392
440,9.38,9.39,9.33,9.39,351919
441,9.39,9.42,9.37,9.39,243869
442,9.345,9.39,9.34,9.39,63889
443,9.335,9.37,9.32,9.35,117089
444,9.34,9.3628,9.33,9.335,130442
445,9.35,9.36,9.32,9.35,51619
446,9.33,9.36,9.325,9.34,55974
447,9.31,9.33,9.3,9.32,87931
448,9.25,9.31,9.24,9.305,204282
449,9.28,9.28,9.25,9.255,68531
450,9.28,9.32,9.27,9.275,117585
451,9.2639,9.28,9.245,9.28,67420
452,9.2776,9.28,9.24,9.2601,78281
453,9.2501,9.28,9.24,9.275,54509
454,9.27,9.28,9.25,9.2586,35764
455,9.265,9.28,9.26,9.27,21160
456,9.26,9.2793,9.26,9.265,32666
457,9.2501,9.2798,9.25,9.265,56819
458,9.335,9.34,9.25,9.2501,135413
459,9.335,9.34,9.32,9.335,66537
460,9.335,9.36,9.33,9.33,69543
461,9.3543,9.37,9.33,9.33,58681
462,9.3701,9.405,9.3588,9.36,200474
463,9.365,9.38,9.35,9.375,59844
464,9.34,9.37,9.335,9.36,36715
465,9.335,9.35,9.33,9.34,35633
466,9.36,9.36,9.32,9.3343,48382
467,9.32,9.36,9.31,9.36,51596
468,9.3401,9.36,9.32,9.32,68638
469,9.34,9.35,9.33,9.34,44848
470,9.325,9.36,9.31,9.345,161406
471,9.31,9.335,9.265,9.33,951479
864,9.3,9.3,9.3,9.3,50151
865,9.31,9.33,9.25,9.29,280833
866,9.15,9.3,9.135,9.3,334166
867,9.1637,9.18,9.09,9.16,482416
868,9.19,9.23,9.16,9.1601,155886
869,9.31,9.31,9.175,9.19,201677
870,9.285,9.315,9.27,9.31,144539
871,9.29,9.31,9.2749,9.285,86350
872,9.3,9.32,9.26,9.3,113232
873,9.285,9.3,9.24,9.2947,275976
874,9.24,9.29,9.225,9.29,82273
875,9.22,9.26,9.21,9.245,96641
876,9.24,9.24,9.21,9.22,395764
877,9.2348,9.28,9.23,9.235,227224
878,9.21,9.24,9.1934,9.24,169423
879,9.215,9.22,9.18,9.2068,142268
880,9.21,9.24,9.2,9.2151,127170
881,9.205,9.22,9.2,9.21,33157
882,9.22,9.23,9.1801,9.21,124940
883,9.295,9.3,9.22,9.22,204458
884,9.39,9.39,9.2899,9.295,428597
885,9.43,9.45,9.38,9.3875,296078
886,9.42,9.44,9.395,9.435,191285
887,9.49,9.5,9.42,9.43,505870
888,9.485,9.5,9.465,9.485,227865
889,9.53,9.53,9.485,9.49,309722
890,9.58,9.59,9.52,9.525,478611
891,9.53,9.59,9.53,9.575,186051
892,9.49,9.565,9.49,9.535,133667
893,9.525,9.54,9.49,9.4949,156514
894,9.515,9.55,9.5,9.5254,128780
895,9.5518,9.56,9.511,9.515,160710
896,9.55,9.56,9.54,9.555,70496
897,9.54,9.59,9.54,9.56,206314
898,9.525,9.55,9.51,9.54,186315
899,9.545,9.565,9.51,9.53,305144
900,9.58,9.59,9.54,9.545,304074
901,9.6,9.6,9.56,9.585,273856
902,9.61,9.635,9.57,9.595,592874
903,9.64,9.66,9.6,9.61,1384163
a1496755800,9.58,9.6,9.58,9.59,79271
1,9.88,9.89,9.57,9.58,1184476
2,9.959,9.98,9.8151,9.88,1307413
3,10.16,10.18,9.91,9.96,1758545
4,10.49,10.5,10.08,10.163,3908902
5,10.4401,10.5,10.3,10.49,2953975
6,10.6,10.67,10.44,10.45,2279768
7,10.859,10.9,10.58,10.605,2307193
8,10.41,10.8711,10.36,10.855,2904630
9,10.269,10.47,10.26,10.41,1874445
10,10.37,10.38,10.2,10.2601,1216813
11,10.5,10.51,10.35,10.365,879925
12,10.46,10.51,10.42,10.5,674827
13,10.4259,10.58,10.42,10.46,516881
14,10.45,10.48,10.41,10.425,204787
15,10.4037,10.47,10.4,10.45,260104
16,10.4346,10.5092,10.405,10.405,267178
17,10.475,10.5,10.43,10.435,304644
18,10.46,10.5,10.43,10.47,207888
19,10.46,10.47,10.435,10.45,154975
20,10.5047,10.51,10.445,10.46,298663
21,10.5,10.519,10.455,10.505,206310
22,10.605,10.62,10.49,10.5,508332
23,10.65,10.67,10.59,10.605,601982
24,10.64,10.655,10.5903,10.6501,320218
25,10.645,10.685,10.62,10.6395,324889
26,10.72,10.72,10.64,10.64,375982
27,10.555,10.72,10.55,10.71,787797
28,10.55,10.58,10.48,10.56,453846
29,10.635,10.65,10.52,10.5516,494387
30,10.725,10.73,10.63,10.635,727912
31,10.825,10.83,10.7,10.72,871885
32,10.86,10.86,10.76,10.83,1053007
33,10.73,10.93,10.73,10.8543,1459648
34,10.56,10.76,10.56,10.735,611076
35,10.575,10.62,10.5,10.5642,872018
36,10.55,10.59,10.51,10.575,360122
37,10.505,10.565,10.5,10.555,563755
38,10.47,10.53,10.47,10.5099,1109594
39,10.48,10.51,10.455,10.47,1867204
144,10.64,10.64,10.64,10.64,124607
145,10.43,10.65,10.24,10.64,944567
146,10.27,10.46,10.2,10.44,869452
147,10.27,10.29,10.16,10.28,761471
148,10.31,10.35,10.21,10.2699,556880
149,10.18,10.31,10.18,10.31,358865
150,10.2,10.28,10.18,10.19,206369
151,10.425,10.43,10.18,10.2,630612
152,10.34,10.43,10.32,10.425,359456
153,10.48,10.49,10.33,10.33,390524
154,10.48,10.49,10.415,10.48,248871
155,10.45,10.49,10.4,10.475,221711
156,10.4401,10.47,10.44,10.44,202594
157,10.445,10.46,10.425,10.4401,162002
158,10.38,10.45,10.358,10.445,219194
159,10.38,10.415,10.34,10.385,158744
160,10.2735,10.37,10.25,10.37,245522
161,10.26,10.3,10.24,10.2757,159479
162,10.295,10.305,10.26,10.27,188298
163,10.25,10.3,10.22,10.295,218185
164,10.195,10.27,10.19,10.25,141261
165,10.2108,10.23,10.1689,10.2,351335
166,10.26,10.31,10.2,10.215,150167
167,10.27,10.28,10.24,10.26,74374
168,10.29,10.3,10.25,10.26,131908
169,10.261,10.32,10.261,10.3,112389
170,10.283,10.3,10.255,10.26,75877
171,10.29,10.32,10.26,10.28,58709
172,10.335,10.35,10.28,10.295,136714
173,10.33,10.35,10.31,10.34,75453
174,10.35,10.365,10.315,10.32,156597
175,10.36,10.39,10.34,10.35,146410
176,10.3,10.37,10.27,10.365,436305
177,10.315,10.325,10.26,10.31,224819
178,10.305,10.325,10.29,10.315,134587
179,10.35,10.36,10.29,10.3,157559
180,10.335,10.37,10.3,10.36,301317
181,10.365,10.38,10.33,10.335,385211
182,10.37,10.38,10.3301,10.365,298341
183,10.395,10.43,10.37,10.375,1082198
288,10.2,10.2,10.19,10.19,217121
289,10.275,10.3536,10.19,10.2,361197
290,10.41,10.44,10.285,10.29,472382
291,10.5296,10.55,10.33,10.4,560443
292,10.4858,10.53,10.43,10.52,237669
293,10.4275,10.53,10.41,10.49,212382
294,10.315,10.43,10.3,10.43,261978
295,10.3563,10.39,10.32,10.33,222551
296,10.32,10.36,10.31,10.3596,171950
297,10.3,10.34,10.28,10.33,224902
298,10.315,10.33,10.27,10.3,230748
299,10.31,10.33,10.285,10.32,202271
300,10.355,10.36,10.31,10.32,170320
301,10.37,10.38,10.32,10.36,40265
302,10.41,10.41,10.355,10.38,188105
303,10.4,10.4401,10.385,10.41,95054
304,10.4,10.41,10.365,10.4,78123
305,10.385,10.41,10.38,10.4,81677
306,10.37,10.385,10.35,10.385,99120
307,10.3504,10.39,10.33,10.365,216750
308,10.28,10.36,10.28,10.35,390092
309,10.231,10.32,10.225,10.29,651180
310,10.2,10.2388,10.2,10.235,199482
311,10.25,10.295,10.17,10.2,284333
312,10.235,10.25,10.205,10.25,50541
313,10.215,10.26,10.2,10.24,71342
314,10.225,10.235,10.2,10.215,54808
315,10.245,10.255,10.22,10.2211,134071
316,10.265,10.28,10.23,10.245,162743
317,10.21,10.28,10.2,10.27,135387
318,10.21,10.22,10.16,10.2099,246934
319,10.26,10.28,10.205,10.21,120430
320,10.26,10.27,10.24,10.26,89941
321,10.25,10.29,10.24,10.27,127062
322,10.27,10.29,10.25,10.2588,108081
323,10.28,10.28,10.24,10.265,108673
324,10.295,10.31,10.27,10.28,153461
325,10.36,10.38,10.295,10.295,294365
326,10.375,10.39,10.35,10.36,205427
327,10.37,10.4,10.36,10.37,693976
432,10.43,10.43,10.43,10.43,73430
433,10.28,10.46,10.22,10.42,485045
434,10.41,10.41,10.19,10.28,443241
435,10.4,10.43,10.31,10.41,306844
436,10.415,10.43,10.365,10.4,221079
437,10.49,10.5,10.38,10.415,200883
438,10.5129,10.52,10.46,10.49,174971
439,10.4012,10.53,10.34,10.52,514805
440,10.38,10.49,10.35,10.4099,295165
441,10.41,10.41,10.36,10.38,111622
442,10.44,10.46,10.4,10.405,126178
443,10.36,10.44,10.36,10.435,258171
444,10.3,10.365,10.29,10.36,240052
445,10.3101,10.33,10.28,10.3,112019
446,10.32,10.36,10.3,10.31,110020
447,10.2734,10.33,10.27,10.32,165767
448,10.21,10.29,10.2,10.2725,326723
449,10.1401,10.22,10.14,10.21,479444
450,10.16,10.19,10.12,10.14,273745
451,10.03,10.1743,9.98,10.16,813943
452,10.03,10.06,9.98,10.025,416156
453,10.03,10.095,10.015,10.03,237531
454,10.01,10.085,10,10.027,126115
455,9.9453,10.01,9.9,10.01,444811
456,10.015,10.0501,9.914,9.945,155668
457,9.98,10.09,9.95,10.015,234191
458,9.98,10.09,9.965,9.97,269314
459,9.92,10.04,9.92,9.99,225583
460,9.915,9.975,9.9,9.92,258361
461,9.89,9.935,9.87,9.918,417717
462,9.84,9.89,9.83,9.89,420864
463,9.75,9.87,9.74,9.83,534760
464,9.46,9.7501,9.45,9.74,1389982
465,9.595,9.64,9.41,9.45,783688
466,9.68,9.72,9.59,9.595,479444
467,9.735,9.8,9.675,9.68,726887
468,9.7053,9.7601,9.62,9.74,509273
469,9.66,9.715,9.625,9.705,751015
470,9.64,9.66,9.6,9.66,755205
471,9.63,9.685,9.59,9.64,2283356
864,9.32,9.32,9.25,9.25,168126
865,9.18,9.48,9.06,9.325,1268782
866,9.05,9.33,9.02,9.1701,1215639
867,9.165,9.2,9.02,9.0511,877622
868,9.14,9.29,9.11,9.16,960353
869,9.24,9.265,9.115,9.14,890680
870,9.1,9.3,9.095,9.24,717823
871,9.172,9.19,9.0729,9.1,631956
872,9.2871,9.3,9.15,9.17,673663
873,9.39,9.45,9.23,9.28,517069
874,9.48,9.535,9.35,9.39,440284
875,9.52,9.56,9.43,9.48,563892
876,9.485,9.61,9.47,9.525,343361
877,9.54,9.6,9.49,9.49,245705
878,9.49,9.56,9.46,9.53,326420
879,9.4557,9.505,9.44,9.485,268001
880,9.48,9.49,9.44,9.45,137527
881,9.515,9.57,9.4807,9.4807,161893
882,9.45,9.55,9.425,9.53,107669
883,9.545,9.55,9.46,9.46,91782
884,9.515,9.5499,9.465,9.54,108413
885,9.48,9.52,9.445,9.51,102957
886,9.46,9.49,9.435,9.48,98210
887,9.465,9.5,9.445,9.45,74366
888,9.48,9.49,9.46,9.47,39681
889,9.47,9.5,9.45,9.475,84219
890,9.4699,9.49,9.45,9.465,56818
891,9.435,9.48,9.43,9.46,80090
892,9.455,9.47,9.43,9.435,96790
893,9.47,9.5,9.45,9.455,155414
894,9.48,9.51,9.45,9.475,170504
895,9.49,9.525,9.46,9.48,191750
896,9.49,9.52,9.45,9.49,113738
897,9.445,9.5,9.44,9.49,111287
898,9.45,9.475,9.421,9.445,127489
899,9.41,9.46,9.4,9.45,391101
900,9.375,9.42,9.36,9.41,356488
901,9.33,9.38,9.32,9.375,669972
902,9.3,9.34,9.26,9.325,1352097
903,9.37,9.38,9.305,9.31,1379247
a1497360600,9.53,9.53,9.53,9.53,91521
1,9.5387,9.65,9.45,9.52,868138
2,9.77,9.78,9.5199,9.54,603097
3,9.705,9.82,9.65,9.76,869378
4,9.56,9.78,9.55,9.6976,665193
5,9.57,9.61,9.5,9.57,406339
6,9.63,9.64,9.5633,9.565,388055
7,9.62,9.66,9.59,9.625,300893
8,9.5,9.63,9.435,9.625,405943
9,9.345,9.505,9.34,9.5,388035
10,9.37,9.3999,9.31,9.34,608873
11,9.41,9.4344,9.33,9.37,484696
12,9.4101,9.46,9.345,9.415,702786
13,9.35,9.42,9.31,9.42,183646
14,9.451,9.455,9.345,9.345,216189
15,9.49,9.49,9.39,9.451,246736
16,9.48,9.56,9.47,9.49,334235
17,9.455,9.49,9.441,9.48,98489
18,9.4499,9.47,9.425,9.455,106726
19,9.481,9.49,9.435,9.445,116433
20,9.498,9.51,9.47,9.4828,154484
21,9.48,9.505,9.47,9.495,120858
22,9.44,9.5,9.42,9.47,215774
23,9.445,9.47,9.43,9.435,95613
24,9.42,9.46,9.395,9.44,94593
25,9.435,9.445,9.405,9.42,80358
26,9.38,9.435,9.35,9.435,151932
27,9.42,9.43,9.37,9.378,58776
28,9.405,9.42,9.385,9.42,117528
29,9.39,9.42,9.375,9.405,88489
30,9.395,9.4,9.35,9.385,324413
31,9.405,9.42,9.38,9.4,157967
32,9.41,9.42,9.38,9.4,161764
33,9.44,9.455,9.4,9.41,294432
34,9.47,9.48,9.425,9.43,206276
35,9.505,9.51,9.47,9.48,148441
36,9.56,9.57,9.5,9.5,218796
37,9.52,9.565,9.515,9.56,262195
38,9.485,9.5499,9.48,9.53,401239
39,9.48,9.51,9.475,9.485,636700
144,9.55,9.55,9.54,9.54,29419
145,9.45,9.61,9.43,9.565,444653
146,9.44,9.5,9.41,9.445,339545
147,9.42,9.45,9.355,9.4399,129113
148,9.43,9.45,9.39,9.42,97660
149,9.42,9.45,9.36,9.44,195869
150,9.41,9.43,9.385,9.42,119596
151,9.395,9.425,9.365,9.41,128142
152,9.39,9.42,9.36,9.39,136808
153,9.345,9.41,9.31,9.39,152583
154,9.29,9.35,9.27,9.34,155154
155,9.33,9.345,9.28,9.29,122506
156,9.32,9.35,9.3,9.33,114444
157,9.34,9.36,9.33,9.33,94801
158,9.365,9.38,9.33,9.345,61016
159,9.44,9.46,9.355,9.36,399991
160,9.6499,10.06,9.43,9.44,5698009
161,9.78,9.84,9.61,9.65,2077909
162,9.8427,9.93,9.77,9.7799,2040050
163,9.75,9.875,9.735,9.848,876860
164,9.725,9.77,9.66,9.75,698604
165,9.68,9.775,9.66,9.725,371648
166,9.68,9.72,9.63,9.68,289100
167,9.7,9.7471,9.685,9.6899,188632
168,9.71,9.745,9.7,9.705,151913
169,9.685,9.725,9.65,9.71,227106
170,9.705,9.715,9.665,9.695,105253
171,9.73,9.75,9.69,9.7,282524
172,9.8025,9.83,9.71,9.721,337138
173,9.72,9.8268,9.69,9.8,428654
174,9.725,9.78,9.7101,9.72,141536
175,9.695,9.7299,9.65,9.72,232923
176,9.62,9.725,9.56,9.695,305278
177,9.71,9.73,9.62,9.62,218843
178,9.63,9.715,9.62,9.705,168848
179,9.56,9.62,9.55,9.62,292665
180,9.5964,9.625,9.55,9.55,146818
181,9.665,9.665,9.5801,9.59,244919
182,9.715,9.72,9.645,9.66,445868
183,9.73,9.74,9.68,9.71,892159
288,9.55,9.55,9.52,9.55,76317
289,9.6899,9.71,9.4442,9.56,479536
290,9.53,9.71,9.53,9.69,441420
291,9.5799,9.62,9.51,9.54,376981
292,9.53,9.6,9.525,9.5799,156069
293,9.39,9.545,9.38,9.525,397658
294,9.3799,9.44,9.34,9.39,231502
295,9.39,9.4066,9.33,9.37,168669
296,9.36,9.4055,9.32,9.39,229162
297,9.34,9.36,9.28,9.36,324166
298,9.25,9.3585,9.25,9.3499,226189
299,9.37,9.37,9.255,9.26,159596
300,9.44,9.44,9.375,9.3766,312551
301,9.4,9.47,9.39,9.45,140648
302,9.43,9.46,9.4,9.405,103888
303,9.42,9.44,9.4,9.42,115579
304,9.42,9.43,9.39,9.42,69778
305,9.47,9.49,9.41,9.42,74273
306,9.45,9.4701,9.43,9.47,73840
307,9.45,9.46,9.43,9.45,34611
308,9.5,9.53,9.44,9.45,154122
309,9.58,9.59,9.5,9.5099,199105
310,9.55,9.59,9.54,9.58,86383
311,9.55,9.62,9.54,9.56,131009
312,9.5411,9.58,9.53,9.555,135671
313,9.525,9.545,9.47,9.54,379401
314,9.52,9.555,9.515,9.525,182027
315,9.535,9.55,9.52,9.522,82767
316,9.51,9.56,9.51,9.53,126508
317,9.4599,9.52,9.45,9.51,113884
318,9.495,9.4999,9.455,9.46,149538
319,9.505,9.52,9.48,9.49,96609
320,9.505,9.53,9.48,9.51,75502
321,9.505,9.51,9.4707,9.5,65106
322,9.545,9.55,9.5,9.51,108819
323,9.58,9.58,9.53,9.545,145884
324,9.565,9.59,9.56,9.58,182384
325,9.51,9.589,9.5,9.56,203468
326,9.5,9.535,9.48,9.51,208625
327,9.54,9.55,9.49,9.5,603912
432,9.68,9.7,9.68,9.7,243797
433,9.58,9.78,9.51,9.7,864834
434,9.795,9.795,9.56,9.5697,501197
435,9.83,9.93,9.76,9.795,895115
436,9.8,9.89,9.75,9.83,345439
437,9.82,9.91,9.779,9.805,455750
438,9.91,9.925,9.82,9.82,322594
439,9.835,9.96,9.83,9.905,455381
440,9.865,9.89,9.83,9.835,301275
441,9.87,9.91,9.85,9.865,281757
442,9.8001,9.89,9.79,9.88,182390
443,9.75,9.81,9.68,9.81,503505
444,9.755,9.78,9.72,9.75,232563
445,9.75,9.77,9.715,9.755,156026
446,9.66,9.75,9.63,9.75,285097
447,9.7,9.7,9.6622,9.665,117352
448,9.69,9.71,9.65,9.69,236517
449,9.68,9.7,9.65,9.695,169656
450,9.685,9.69,9.62,9.67,221817
451,9.67,9.69,9.6543,9.685,75804
452,9.65,9.68,9.64,9.67,112272
453,9.62,9.66,9.61,9.64,142453
454,9.67,9.68,9.62,9.62,76533
455,9.63,9.67,9.6,9.665,138798
456,9.6393,9.645,9.6,9.63,111721
457,9.6,9.64,9.6,9.63,85621
458,9.6,9.62,9.6,9.61,53544
459,9.63,9.63,9.6,9.605,67600
460,9.6118,9.64,9.6,9.63,53549
461,9.55,9.62,9.54,9.615,166450
462,9.58,9.6,9.54,9.55,83201
463,9.585,9.62,9.57,9.58,79405
464,9.58,9.6,9.58,9.59,41183
465,9.61,9.62,9.58,9.59,136720
466,9.61,9.63,9.6,9.605,71699
467,9.61,9.62,9.6,9.62,56304
468,9.61,9.63,9.59,9.61,215822
469,9.585,9.61,9.56,9.6,189515
470,9.635,9.65,9.58,9.59,281820
471,9.67,9.67,9.63,9.64,1036040
864,9.84,9.84,9.78,9.78,56796
865,9.735,9.84,9.705,9.83,298646
866,9.59,9.735,9.58,9.735,464391
867,9.58,9.6677,9.56,9.5999,325135
868,9.57,9.63,9.56,9.58,248778
869,9.4999,9.5799,9.47,9.57,335120
870,9.51,9.52,9.46,9.495,223417
871,9.54,9.56,9.49,9.52,293400
872,9.59,9.5975,9.54,9.55,252859
873,9.56,9.61,9.5501,9.59,134331
874,9.64,9.65,9.54,9.56,136790
875,9.595,9.65,9.561,9.64,132367
876,9.5952,9.605,9.57,9.599,76061
877,9.6,9.62,9.575,9.6,226052
878,9.605,9.62,9.575,9.605,140417
879,9.558,9.6,9.535,9.6,208802
880,9.565,9.58,9.545,9.555,80590
881,9.59,9.59,9.56,9.57,87449
882,9.57,9.6,9.5601,9.585,44549
883,9.545,9.575,9.53,9.57,43160
884,9.535,9.55,9.52,9.54,55988
885,9.555,9.57,9.52,9.535,138089
886,9.565,9.5701,9.55,9.5527,45264
887,9.5,9.57,9.5,9.57,98712
888,9.515,9.52,9.5,9.5,123069
889,9.5405,9.565,9.51,9.515,90478
890,9.525,9.545,9.52,9.545,30960
891,9.505,9.535,9.5,9.53,59954
892,9.56,9.56,9.5,9.5,76706
893,9.545,9.5599,9.515,9.55,126938
894,9.57,9.58,9.54,9.545,117616
895,9.56,9.58,9.56,9.565,129621
896,9.56,9.58,9.55,9.565,76303
897,9.55,9.56,9.515,9.5599,77076
898,9.5324,9.55,9.52,9.54,63255
899,9.55,9.56,9.52,9.535,108257
900,9.57,9.575,9.55,9.55,97724
901,9.605,9.62,9.57,9.57,106438
902,9.61,9.64,9.6,9.6,273784
903,9.62,9.65,9.61,9.615,982092
a1497965400,9.6,9.6,9.58,9.59,33126
1,9.63,9.65,9.6,9.6,125427
2,9.61,9.67,9.58,9.6201,232197
3,9.6401,9.69,9.588,9.6,299275
4,9.655,9.69,9.62,9.65,132595
5,9.7,9.72,9.64,9.66,166719
6,9.67,9.7,9.63,9.6957,194317
7,9.68,9.71,9.66,9.66,111368
8,9.695,9.7041,9.66,9.68,109860
9,9.69,9.72,9.66,9.7,147498
10,9.65,9.69,9.635,9.69,153816
11,9.62,9.66,9.62,9.65,113427
12,9.609,9.645,9.59,9.63,149273
13,9.56,9.62,9.55,9.605,329874
14,9.57,9.59,9.54,9.55,101990
15,9.5801,9.61,9.56,9.575,192343
16,9.57,9.59,9.56,9.58,43150
17,9.625,9.64,9.56,9.57,121409
18,9.62,9.64,9.58,9.62,68147
19,9.6301,9.66,9.61,9.615,71970
20,9.6,9.64,9.58,9.63,44732
21,9.625,9.64,9.6,9.6,37090
22,9.62,9.64,9.62,9.62,26782
23,9.61,9.65,9.61,9.62,77237
24,9.61,9.65,9.61,9.62,43985
25,9.59,9.625,9.58,9.61,99996
26,9.5734,9.61,9.56,9.598,96143
27,9.575,9.59,9.56,9.5767,58954
28,9.565,9.58,9.54,9.57,100831
29,9.54,9.57,9.53,9.565,191193
30,9.55,9.55,9.53,9.54,49126
31,9.53,9.57,9.505,9.54,107585
32,9.52,9.535,9.51,9.53,52883
33,9.5299,9.54,9.51,9.5251,76793
34,9.52,9.55,9.5146,9.525,58883
35,9.52,9.55,9.51,9.51,80417
36,9.521,9.54,9.51,9.52,76099
37,9.51,9.53,9.48,9.52,229073
38,9.465,9.52,9.46,9.51,136369
39,9.47,9.48,9.47,9.47,468488
144,9.48,9.49,9.48,9.49,25004
145,9.4818,9.53,9.42,9.4801,164914
146,9.49,9.53,9.48,9.49,133966
147,9.42,9.49,9.405,9.48,103091
148,9.49,9.52,9.42,9.42,118333
149,9.457,9.49,9.44,9.485,108131
150,9.5052,9.51,9.45,9.46,97879
151,9.61,9.63,9.505,9.51,283798
152,9.64,9.68,9.61,9.62,148635
153,9.64,9.665,9.61,9.64,194445
154,9.665,9.67,9.63,9.64,157695
155,9.59,9.67,9.5737,9.66,202548
156,9.58,9.62,9.58,9.595,111065
157,9.58,9.61,9.565,9.58,103266
158,9.58,9.6,9.55,9.59,69250
159,9.64,9.65,9.58,9.58,113028
160,9.6,9.64,9.57,9.64,76756
161,9.56,9.595,9.53,9.595,135163
162,9.6,9.6,9.56,9.56,54513
163,9.595,9.62,9.585,9.6,74528
164,9.615,9.64,9.59,9.59,133482
165,9.59,9.61,9.57,9.61,55887
166,9.57,9.6,9.565,9.59,26875
167,9.58,9.58,9.56,9.575,25181
168,9.58,9.59,9.57,9.574,30154
169,9.58,9.59,9.56,9.58,57779
170,9.545,9.59,9.545,9.58,32184
171,9.515,9.5534,9.51,9.545,122494
172,9.5099,9.54,9.5,9.515,46721
173,9.545,9.55,9.505,9.51,91946
174,9.52,9.55,9.51,9.5499,111696
175,9.56,9.58,9.515,9.52,89602
176,9.54,9.58,9.54,9.5601,105483
177,9.54,9.555,9.52,9.53,226341
178,9.5254,9.55,9.51,9.53,93859
179,9.52,9.54,9.5,9.53,80503
180,9.54,9.56,9.51,9.52,75102
181,9.525,9.55,9.52,9.54,55233
182,9.545,9.55,9.52,9.52,121884
183,9.54,9.55,9.53,9.54,283900
288,9.58,9.58,9.58,9.58,22437
289,9.465,9.68,9.46,9.58,310741
290,9.53,9.57,9.43,9.4699,349057
291,9.495,9.53,9.465,9.525,214337
292,9.46,9.495,9.45,9.49,160410
293,9.48,9.49,9.445,9.46,227272
294,9.455,9.48,9.44,9.48,112819
295,9.475,9.475,9.4,9.455,161766
296,9.55,9.55,9.4701,9.48,210941
297,9.535,9.585,9.53,9.55,179804
298,9.52,9.56,9.5113,9.54,61475
299,9.54,9.56,9.525,9.525,42273
300,9.555,9.57,9.53,9.54,67284
301,9.54,9.56,9.5348,9.55,38319
302,9.515,9.565,9.49,9.55,61472
303,9.53,9.53,9.51,9.52,116620
304,9.5501,9.57,9.53,9.53,83214
305,9.6,9.6,9.545,9.56,125230
306,9.57,9.6,9.57,9.5901,83088
307,9.57,9.58,9.555,9.57,122634
308,9.5456,9.57,9.52,9.57,138400
309,9.53,9.56,9.52,9.55,63398
310,9.54,9.56,9.53,9.535,133220
311,9.49,9.55,9.48,9.54,112055
312,9.47,9.5,9.47,9.49,83367
313,9.5,9.51,9.465,9.475,89357
314,9.5168,9.52,9.49,9.5,52904
315,9.49,9.52,9.49,9.52,36514
316,9.51,9.52,9.485,9.5,35477
317,9.53,9.54,9.51,9.51,92285
318,9.52,9.54,9.51,9.53,56996
319,9.505,9.52,9.485,9.52,64989
320,9.5,9.52,9.49,9.51,66745
321,9.5,9.51,9.48,9.51,50627
322,9.5,9.52,9.5,9.505,44600
323,9.47,9.495,9.455,9.49,78150
324,9.48,9.5,9.4742,9.475,117070
325,9.46,9.49,9.45,9.48,65684
326,9.435,9.48,9.43,9.46,255661
327,9.44,9.47,9.43,9.44,839585
432,9.65,9.65,9.65,9.65,82807
433,9.65,9.655,9.5701,9.63,559995
434,9.81,9.83,9.61,9.6501,950507
435,9.89,9.905,9.76,9.81,941347
436,9.8637,9.91,9.81,9.9,586331
437,9.78,9.87,9.74,9.8661,322859
438,9.85,9.85,9.77,9.77,173730
439,9.8631,9.88,9.83,9.84,297012
440,9.805,9.88,9.8,9.87,247742
441,9.795,9.81,9.7601,9.81,259778
442,9.795,9.81,9.76,9.795,174341
443,9.84,9.84,9.78,9.7968,203508
444,9.86,9.88,9.82,9.84,261342
445,9.91,9.915,9.855,9.87,240264
446,9.94,9.94,9.88,9.91,192920
447,9.905,9.95,9.905,9.93,192470
448,9.89,9.91,9.83,9.9,388872
449,9.95,9.96,9.87,9.885,121349
450,10.014,10.02,9.935,9.94,371143
451,10.0608,10.08,10,10.015,297653
452,10.09,10.11,10.05,10.0599,345156
453,10.09,10.11,10.0606,10.085,287386
454,10.02,10.11,10,10.09,309562
455,10.0899,10.09,10,10.02,294160
456,10.105,10.11,10.08,10.084,239813
457,10.115,10.15,10.1,10.105,289353
458,10.1347,10.16,10.1,10.1132,202490
459,10.095,10.159,10.085,10.13,127898
460,10.09,10.13,10.07,10.099,171431
461,10.095,10.11,10.089,10.09,108263
462,10.09,10.12,10.09,10.095,164342
463,10.03,10.09,10,10.09,273566
464,10,10.055,10,10.02,136582
465,9.97,10.02,9.97,10.01,203740
466,9.97,9.98,9.93,9.97,187669
467,9.95,9.98,9.95,9.979,118186
468,9.965,9.97,9.945,9.955,113698
469,9.98,10.01,9.963,9.965,274016
470,9.98,10,9.96,9.975,388378
471,10.01,10.02,9.96,9.99,4868520
864,10.1001,10.1001,10.07,10.07,81319
865,10.07,10.21,10.06,10.11,475223
866,10.09,10.135,10,10.0708,411264
867,10.09,10.11,10.05,10.08,227094
868,9.94,10.1,9.94,10.1,292550
869,9.87,9.945,9.815,9.945,427494
870,9.96,9.96,9.86,9.861,233561
871,9.845,9.97,9.825,9.9666,421218
872,9.77,9.86,9.77,9.84,548140
873,9.895,9.895,9.75,9.77,302271
874,9.85,9.91,9.82,9.89,172787
875,9.789,9.87,9.77,9.85,302865
876,9.8339,9.84,9.78,9.785,162546
877,9.81,9.84,9.78,9.8399,145278
878,9.86,9.88,9.8,9.8099,124828
879,9.88,9.895,9.84,9.87,138642
880,9.93,9.93,9.87,9.88,126169
881,9.89,9.93,9.89,9.925,95782
882,9.92,9.94,9.89,9.89,67048
883,9.93,9.94,9.91,9.92,51515
884,9.96,9.97,9.935,9.935,71033
885,9.9699,9.995,9.95,9.955,183079
886,9.96,9.965,9.93,9.96,71840
887,9.99,9.99,9.95,9.96,108074
888,10,10.01,9.98,9.98,211292
889,10.03,10.03,10,10,113245
890,9.98,10.03,9.97,10.0201,173203
891,9.975,9.99,9.97,9.9782,43829
892,9.95,9.98,9.93,9.975,81388
893,9.93,9.95,9.93,9.94,56684
894,9.93,9.94,9.91,9.94,48984
895,9.935,9.935,9.92,9.935,46644
896,9.98,10.01,9.93,9.9327,289095
897,9.95,10.01,9.94,9.985,195969
898,9.975,9.975,9.91,9.945,71911
899,9.965,9.98,9.96,9.979,73043
900,9.975,9.98,9.94,9.97,113298
901,9.9636,9.98,9.94,9.975,100569
902,9.99,9.99,9.95,9.965,213563
903,9.97,9.99,9.96,9.99,784136
a1498570200,9.9,9.9,9.89,9.9,33283
1,9.8275,9.885,9.68,9.885,353175
2,9.81,9.96,9.8,9.83,272253
3,9.8,9.86,9.77,9.805,274772
4,9.9,9.91,9.81,9.81,173395
5,9.815,9.91,9.78,9.9,247050
6,9.81,9.85,9.8,9.82,120386
7,9.86,9.88,9.81,9.81,336312
8,9.86,9.88,9.85,9.8699,49547
9,9.82,9.88,9.82,9.855,224099
10,9.8352,9.875,9.8,9.82,309788
11,9.82,9.86,9.815,9.84,89364
12,9.78,9.839,9.77,9.83,166252
13,9.765,9.8,9.76,9.78,98320
14,9.7701,9.81,9.765,9.77,72427
15,9.8017,9.81,9.74,9.77,271831
16,9.8,9.8501,9.79,9.81,98201
17,9.77,9.81,9.76,9.795,77129
18,9.77,9.8,9.74,9.7673,106926
19,9.725,9.775,9.7101,9.775,132200
20,9.74,9.77,9.725,9.73,71631
21,9.715,9.74,9.69,9.74,239829
22,9.68,9.72,9.68,9.715,113517
23,9.705,9.71,9.67,9.6838,113371
24,9.695,9.74,9.69,9.705,95630
25,9.63,9.7,9.6,9.69,254281
26,9.5799,9.65,9.57,9.635,446623
27,9.585,9.59,9.53,9.57,318549
28,9.58,9.5996,9.54,9.59,170803
29,9.56,9.5899,9.53,9.57,182906
30,9.58,9.5968,9.53,9.565,94405
31,9.585,9.63,9.56,9.58,121058
32,9.62,9.63,9.58,9.585,73043
33,9.62,9.64,9.6,9.62,65727
34,9.62,9.65,9.61,9.62,179887
35,9.57,9.63,9.57,9.62,144365
36,9.57,9.58,9.56,9.57,127640
37,9.55,9.57,9.54,9.57,208893
38,9.575,9.58,9.54,9.55,341990
39,9.55,9.575,9.53,9.57,672172
144,9.61,9.62,9.6,9.6,27338
145,9.62,9.69,9.56,9.6438,326855
146,9.61,9.7101,9.58,9.63,430270
147,9.575,9.63,9.56,9.62,401680
148,9.661,9.715,9.58,9.58,691253
149,9.68,9.69,9.62,9.665,122629
150,9.64,9.72,9.64,9.69,148569
151,9.69,9.73,9.64,9.645,217698
152,9.743,9.743,9.69,9.7,104763
153,9.73,9.76,9.716,9.75,130815
154,9.74,9.76,9.7,9.73,67889
155,9.75,9.76,9.7239,9.735,68783
156,9.69,9.75,9.69,9.74,49501
157,9.65,9.695,9.62,9.69,243325
158,9.65,9.68,9.63,9.6527,136314
159,9.64,9.68,9.63,9.655,99372
160,9.71,9.73,9.6399,9.64,213309
161,9.7,9.74,9.7,9.7,56660
162,9.715,9.73,9.695,9.7,66172
163,9.735,9.75,9.71,9.715,141209
164,9.74,9.77,9.735,9.735,91715
165,9.72,9.74,9.71,9.73,28203
166,9.73,9.75,9.71,9.71,32182
167,9.73,9.73,9.715,9.73,16946
168,9.75,9.75,9.7,9.73,64317
169,9.755,9.76,9.74,9.75,42862
170,9.73,9.7532,9.72,9.7532,22701
171,9.7341,9.74,9.69,9.72,119171
172,9.72,9.75,9.71,9.74,89285
173,9.725,9.73,9.71,9.72,38437
174,9.7,9.73,9.69,9.73,115783
175,9.74,9.75,9.705,9.71,251034
176,9.75,9.75,9.72,9.74,106111
177,9.75,9.75,9.74,9.75,81485
178,9.76,9.76,9.74,9.75,101189
179,9.715,9.76,9.7,9.76,108860
180,9.73,9.73,9.7101,9.72,43868
181,9.74,9.74,9.7107,9.72,115087
182,9.74,9.74,9.69,9.735,261450
183,9.75,9.75,9.72,9.74,633791
288,9.74,9.74,9.74,9.74,22701
289,9.72,9.82,9.6169,9.74,314323
290,9.6199,9.715,9.585,9.715,393294
291,9.655,9.71,9.6,9.62,398128
292,9.62,9.69,9.5899,9.6599,371101
293,9.6,9.625,9.555,9.6199,270070
294,9.605,9.635,9.5799,9.59,84642
295,9.65,9.65,9.59,9.605,58731
296,9.63,9.685,9.63,9.64,132331
297,9.61,9.65,9.61,9.63,123977
298,9.565,9.63,9.5599,9.615,207072
299,9.57,9.57,9.525,9.56,137746
300,9.55,9.59,9.525,9.57,116200
301,9.52,9.58,9.48,9.545,275738
302,9.54,9.55,9.49,9.52,84405
303,9.515,9.54,9.49,9.53,119760
304,9.54,9.54,9.5,9.525,63530
305,9.565,9.575,9.525,9.54,66222
306,9.56,9.57,9.54,9.56,37663
307,9.535,9.565,9.53,9.56,40071
308,9.53,9.56,9.5239,9.54,63539
309,9.51,9.53,9.49,9.526,91305
310,9.505,9.53,9.48,9.5068,89473
311,9.3973,9.5067,9.39,9.5067,237397
312,9.34,9.41,9.31,9.4,305802
313,9.355,9.37,9.26,9.335,345535
314,9.33,9.4,9.33,9.35,146431
315,9.39,9.4,9.31,9.33,131392
316,9.38,9.41,9.35,9.39,212747
317,9.435,9.435,9.36,9.38,200104
318,9.415,9.46,9.41,9.425,197014
319,9.4101,9.445,9.4,9.415,170343
320,9.38,9.43,9.38,9.415,69833
321,9.42,9.43,9.375,9.38,299009
322,9.4199,9.455,9.41,9.42,131454
323,9.45,9.46,9.395,9.41,137996
324,9.415,9.46,9.4,9.45,84960
325,9.455,9.465,9.4,9.42,142437
326,9.4699,9.48,9.44,9.45,151766
327,9.45,9.51,9.44,9.465,651756
432,9.52,9.52,9.52,9.52,36214
433,9.46,9.52,9.3499,9.5,265969
434,9.47,9.51,9.42,9.45,337323
435,9.43,9.5,9.4,9.4799,587318
436,9.3754,9.45,9.37,9.43,186471
437,9.37,9.4,9.33,9.37,167425
438,9.44,9.465,9.38,9.38,377292
439,9.425,9.475,9.425,9.445,194126
440,9.424,9.465,9.41,9.43,165665
441,9.45,9.47,9.4237,9.43,97781
442,9.45,9.46,9.435,9.45,109785
443,9.47,9.49,9.45,9.455,205819
444,9.46,9.48,9.45,9.47,55282
445,9.45,9.48,9.43,9.45,111525
446,9.465,9.48,9.44,9.45,62326
447,9.46,9.47,9.4401,9.46,81025
448,9.43,9.47,9.41,9.45,280788
449,9.41,9.44,9.4,9.439,91152
450,9.405,9.41,9.385,9.41,46340
451,9.46,9.46,9.41,9.41,85640
452,9.44,9.46,9.43,9.46,40921
453,9.45,9.455,9.43,9.435,38466
454,9.43,9.45,9.425,9.445,57616
455,9.42,9.44,9.4,9.435,64753
456,9.395,9.43,9.395,9.42,108567
457,9.41,9.41,9.38,9.395,49185
458,9.415,9.42,9.4,9.41,39728
459,9.41,9.42,9.39,9.42,28494
460,9.385,9.405,9.38,9.405,27366
461,9.365,9.385,9.33,9.38,120385
462,9.375,9.4,9.36,9.365,103625
463,9.375,9.39,9.36,9.37,46080
464,9.39,9.4,9.36,9.38,62323
465,9.39,9.42,9.385,9.385,64928
466,9.365,9.41,9.36,9.39,83247
467,9.38,9.38,9.33,9.365,204653
468,9.365,9.38,9.35,9.375,108510
469,9.3611,9.37,9.34,9.36,99300
470,9.375,9.38,9.36,9.37,123947
471,9.34,9.39,9.33,9.38,569602
864,9.44,9.44,9.44,9.44,72405
865,9.29,9.44,9.28,9.44,217591
866,9.4,9.4,9.28,9.29,204931
867,9.36,9.43,9.3,9.4,129805
868,9.325,9.37,9.275,9.365,134238
869,9.2801,9.355,9.26,9.32,159368
870,9.2999,9.3,9.26,9.29,85959
871,9.27,9.31,9.25,9.295,96466
872,9.27,9.3,9.26,9.265,68598
873,9.22,9.28,9.22,9.275,217863
874,9.26,9.26,9.22,9.225,174155
875,9.355,9.36,9.2599,9.26,144898
876,9.395,9.41,9.36,9.36,197979
877,9.39,9.41,9.37,9.395,93633
878,9.335,9.39,9.33,9.385,122649
879,9.32,9.34,9.3,9.33,97048
880,9.3,9.35,9.29,9.32,86094
881,9.27,9.31,9.26,9.305,58220
882,9.26,9.29,9.24,9.275,93141
883,9.22,9.27,9.22,9.2665,71262
884,9.265,9.29,9.22,9.22,187949
885,9.29,9.32,9.265,9.27,242139
a1499261400,9.32,9.32,9.32,9.32,31160
1,9.4,9.41,9.24,9.34,147640
2,9.28,9.41,9.22,9.39,222046
3,9.305,9.3501,9.27,9.285,144733
4,9.255,9.32,9.23,9.31,189313
5,9.195,9.3,9.18,9.26,164499
6,9.195,9.25,9.18,9.21,165262
7,9.285,9.29,9.18,9.2,123828
8,9.27,9.32,9.25,9.285,208431
9,9.23,9.27,9.21,9.27,160037
10,9.235,9.245,9.2,9.23,129976
11,9.25,9.255,9.185,9.235,275631
12,9.27,9.305,9.245,9.245,147002
13,9.25,9.28,9.22,9.27,44293
14,9.25,9.26,9.22,9.255,47069
15,9.25,9.285,9.25,9.26,43669
16,9.23,9.25,9.23,9.25,38376
17,9.27,9.285,9.22,9.23,153559
18,9.29,9.3,9.265,9.271,102454
19,9.265,9.3,9.26,9.295,80066
20,9.26,9.27,9.26,9.26,18102
21,9.245,9.26,9.24,9.26,57800
22,9.265,9.28,9.24,9.245,60028
23,9.28,9.3,9.25,9.27,170331
24,9.31,9.32,9.28,9.2852,112927
25,9.325,9.33,9.32,9.32,53826
26,9.31,9.345,9.29,9.32,118750
27,9.26,9.31,9.255,9.31,189838
28,9.255,9.285,9.23,9.265,162227
29,9.24,9.29,9.235,9.25,58513
30,9.27,9.28,9.24,9.245,49958
31,9.3,9.31,9.26,9.27,89707
32,9.255,9.31,9.25,9.3001,94773
33,9.235,9.28,9.235,9.25,199507
34,9.225,9.25,9.21,9.23,153223
35,9.225,9.23,9.22,9.22,48311
36,9.225,9.245,9.22,9.22,170152
37,9.265,9.27,9.22,9.22,198851
38,9.27,9.295,9.265,9.265,180880
39,9.26,9.28,9.26,9.27,389259
