EXCHANGE%3DNASDAQ
MARKET_OPEN_MINUTE=570
MARKET_CLOSE_MINUTE=960
INTERVAL=600
COLUMNS=DATE,CLOSE,HIGH,LOW,OPEN,VOLUME
DATA=
TIMEZONE_OFFSET=-240
a1495033200,14.55,15.23,14.15,15,1223334
1,14.444,14.565,13.35,14.55,297448
2,14.53,14.64,14.31,14.425,59834
3,14.76,14.95,14.4,14.52,112005
4,14.585,14.8,14.43,14.73,47300
5,14.5,14.74,14.44,14.605,57028
6,14.5,14.515,14.4,14.5,26550
7,14.4,14.51,14.4,14.5,32490
8,14.48,14.51,14.24,14.4,39942
9,14.41,14.5658,14.4,14.48,22200
10,14.46,14.46,14.41,14.44,13200
11,14.54,14.5895,14.44,14.46,31740
12,14.47,14.56,14.47,14.525,7655
13,14.52,14.6,14.47,14.495,10500
14,14.51,14.55,14.4814,14.4814,6100
15,14.54,14.55,14.5,14.51,6000
16,14.515,14.54,14.5,14.54,5100
17,14.4825,14.515,14.47,14.5,12100
18,14.59,14.6,14.48,14.49,33210
19,14.52,14.55,14.5,14.55,6850
20,14.855,14.855,14.5,14.525,30444
21,14.66,15,14.65,14.76,74312
22,14.8535,14.9399,14.6,14.6,25900
23,14.94,14.94,14.85,14.85,29200
24,14.99,15,14.82,14.9366,16300
25,15,15,14.8,14.94,43000
26,14.8,15,14.78,14.9696,31702
27,14.86,14.92,14.75,14.75,28800
28,14.985,15,14.83,14.88,77300
29,14.99,15.24,14.9,14.99,97429
30,15,15.17,14.8,14.99,173110
135,14.88,14.88,14.88,14.88,3011
136,14.98,14.98,14.86,14.87,1500
137,15.08,15.1,14.88,14.88,4400
138,15.61,15.68,15.15,15.15,26591
139,15.42,15.79,15.4,15.5216,30534
140,15.525,15.57,15.3,15.57,7292
141,15.5065,15.78,15.445,15.505,11500
142,15.7,15.7637,15.2766,15.6955,1085
143,16.13,16.13,15.65,15.67,19262
144,15.96,16.3268,15.91,16.13,17114
145,16.19,16.19,16.02,16.02,300
146,16,16.34,16,16.1,5700
147,16.01,16.3448,16,16.3448,34016
148,16,16.17,16,16.07,17170
149,16.08,16.1,16.08,16.1,400
150,16.2388,16.3368,16.02,16.02,500
151,16.03,16.235,16.03,16.235,800
152,16.035,16.2729,16.02,16.0551,2800
153,16.1999,16.1999,16.11,16.155,5625
154,16.88,16.88,16.16,16.18,16124
155,16.3548,16.7,16.3548,16.7,5699
156,16.51,16.86,16.45,16.49,10133
157,16.82,16.82,16.4001,16.63,450
158,16.52,16.78,16.465,16.78,5865
159,16.7,16.7,16.57,16.61,900
160,16.5,16.68,16.49,16.61,2100
161,16.2,16.509,16.2,16.4099,5305
162,16.545,16.545,16.21,16.215,905
163,16.322,16.65,16.08,16.65,1800
164,16.29,16.47,16.081,16.47,3950
165,16.5,16.54,16.225,16.225,4144
166,16.2,16.5465,16.2,16.5465,2300
167,16.55,16.55,16.33,16.331,14800
168,16.625,16.75,16.5,16.72,2475
169,16.55,16.625,16.5,16.53,6588
170,16.53,16.5635,16.51,16.5635,1680
171,16.7,16.75,16.51,16.51,2300
172,16.7899,16.79,16.73,16.75,2350
173,16.73,16.79,16.72,16.79,3975
174,16.6,16.79,16.5,16.72,23420
279,16.61,16.61,16.61,16.61,1667
280,16.45,16.61,16.12,16.61,1301
281,16.25,16.5,16.22,16.22,1750
282,16.4,16.6,16.27,16.5,4300
283,16.534,16.589,16.26,16.55,3231
284,16.45,16.48,16.45,16.46,400
285,16.29,16.45,16.29,16.45,500
286,16.3,16.6299,16.3,16.4,1700
287,16.3,16.34,16.3,16.301,750
288,16.3,16.32,16.3,16.32,600
289,16.3,16.4254,16.3,16.4254,1000
290,16.3,16.31,16.3,16.3,700
291,16.61,16.61,16.3,16.3,500
292,16.36,16.5899,16.3,16.3,3700
293,16.45,16.51,16.32,16.36,1200
294,16.37,16.37,16.36,16.36,400
295,16.42,16.46,16.35,16.37,2600
296,16.49,16.4999,16.41,16.44,1000
297,16.3,16.54,16.26,16.49,6800
298,16.4,16.41,16.23,16.23,2700
299,16.77,16.78,16.36,16.36,4000
300,16.51,16.554,16.49,16.53,6460
301,16.67,16.7,16.4094,16.55,3300
302,16.7,16.7,16.61,16.61,1100
303,16.6,16.6084,16.6,16.6,400
304,16.51,16.71,16.47,16.6,2245
305,16.606,16.65,16.46,16.52,3200
306,16.5982,16.5982,16.52,16.56,940
307,16.5,16.57,16.45,16.57,2100
308,16.68,16.785,16.5252,16.5252,3100
309,16.7224,16.78,16.6362,16.7245,1410
310,16.715,16.79,16.6501,16.78,2001
311,16.67,16.79,16.67,16.72,1900
312,16.65,16.76,16.65,16.655,2000
313,16.65,16.76,16.65,16.6501,2900
314,16.6,16.7154,16.6,16.61,1820
315,16.61,16.74,16.45,16.6,5721
316,16.6,16.7,16.455,16.65,1000
317,16.41,16.46,16.35,16.46,3300
318,16.52,16.7645,16.305,16.41,10492
711,16.55,16.55,16.55,16.55,646
712,16.7175,16.87,16.7175,16.87,1400
713,16.86,16.86,16.86,16.86,400
714,16.68,16.68,16.68,16.68,100
715,16.5122,16.72,16.43,16.72,3326
716,16.52,16.57,16.52,16.52,2100
717,16.51,16.51,16.3,16.32,1300
718,16.395,16.395,16.395,16.395,100
719,16.35,16.49,16.28,16.3612,2996
720,16.495,16.5,16.27,16.35,3300
721,16.45,16.5,16.435,16.48,2800
722,16.74,16.755,16.44,16.44,5600
723,16.77,16.77,16.75,16.75,1170
724,16.5,16.719,16.5,16.719,4700
725,16.44,16.56,16.44,16.5,4700
726,16.5501,16.59,16.43,16.49,5600
727,16.62,16.62,16.56,16.6,400
728,16.52,16.605,16.52,16.58,1500
729,16.55,16.55,16.48,16.52,2210
730,16.57,16.62,16.57,16.57,900
731,16.62,16.62,16.55,16.62,500
732,16.63,16.63,16.63,16.63,100
733,16.595,16.62,16.56,16.62,900
734,16.7,16.8,16.5999,16.6,4091
735,16.785,16.785,16.785,16.785,100
736,16.78,16.78,16.665,16.69,700
737,16.76,16.785,16.66,16.785,800
738,16.54,16.66,16.5,16.66,1500
739,16.685,16.685,16.685,16.685,100
740,16.64,16.6899,16.64,16.67,500
741,16.62,16.62,16.53,16.53,200
742,16.685,16.685,16.5404,16.5404,1200
743,16.62,16.69,16.62,16.69,950
744,16.6,16.6,16.6,16.6,400
746,16.5,16.6899,16.5,16.6899,500
747,16.61,16.61,16.61,16.61,100
748,16.565,16.615,16.5,16.505,600
749,16.5699,16.61,16.55,16.6,666
750,16.57,16.57,16.5,16.54,4517
855,16.49,16.49,16.49,16.49,794
856,16.31,16.31,16.31,16.31,105
857,16.3108,16.5,16.31,16.5,1200
858,16.31,16.499,16.31,16.499,2100
859,16.48,16.48,16.48,16.48,100
860,16.35,16.35,16.35,16.35,100
863,16.34,16.34,16.34,16.34,300
864,16.3493,16.3493,16.3493,16.3493,200
865,16.3595,16.3595,16.3595,16.3595,200
866,16.49,16.49,16.4087,16.4087,1715
867,16.45,16.5,16.45,16.5,600
868,16.49,16.49,16.49,16.49,100
869,16.45,16.45,16.45,16.45,100
872,16.48,16.48,16.4,16.41,900
874,16.41,16.45,16.4,16.4,5200
875,16.34,16.41,16.33,16.41,2000
876,16.3316,16.37,16.33,16.37,620
877,16.355,16.355,16.355,16.355,100
878,16.3601,16.37,16.3601,16.37,240
880,16.37,16.37,16.36,16.3675,1700
882,16.3675,16.37,16.3675,16.37,200
883,16.34,16.36,16.34,16.36,300
884,16.205,16.36,16.155,16.32,7872
885,16.5528,16.64,16.42,16.42,2125
886,16.62,16.65,16.62,16.65,200
887,16.525,16.525,16.52,16.52,2000
888,16.52,16.5486,16.52,16.5486,2300
889,16.5,16.56,16.5,16.56,200
890,16.47,16.47,16.3684,16.3684,200
891,16.37,16.37,16.3468,16.3468,400
892,16.4,16.4,16.275,16.32,1500
893,16.355,16.41,16.3,16.31,600
894,16.36,16.39,16.33,16.37,3775
999,16.34,16.34,16.34,16.34,145
a1495633800,16.9,16.91,16.9,16.91,215
2,16.69,16.69,16.69,16.69,300
3,16.77,16.77,16.59,16.6,400
6,16.7499,16.7499,16.5347,16.5347,440
7,16.74,16.74,16.365,16.365,300
9,16.3345,16.3345,16.3345,16.3345,300
10,16.75,16.75,16.75,16.75,100
11,16.48,16.735,16.48,16.735,200
12,16.59,16.6275,16.59,16.6275,200
13,16.7,16.7311,16.37,16.7311,1900
15,16.74,16.74,16.54,16.605,1590
16,16.6,16.7,16.365,16.535,4100
17,16.525,16.67,16.49,16.49,2100
19,16.59,16.59,16.59,16.59,200
20,16.55,16.66,16.525,16.59,9900
21,16.55,16.55,16.53,16.55,800
23,16.72,16.72,16.54,16.55,1000
24,16.6,16.6,16.575,16.6,800
26,16.5,16.59,16.5,16.59,896
27,16.5,16.5,16.5,16.5,100
28,16.493,16.5001,16.43,16.5,2212
32,16.5,16.5,16.4301,16.4301,1299
33,16.55,16.55,16.4588,16.4999,4800
34,16.55,16.55,16.4775,16.55,300
35,16.55,16.55,16.55,16.55,100
37,16.57,16.6,16.5,16.53,19060
142,16.69,16.69,16.69,16.69,564
143,16.97,17,16.8857,16.96,2750
144,16.945,16.945,16.945,16.945,300
145,16.78,16.8,16.78,16.8,320
146,16.7,16.75,16.7,16.75,1000
147,16.6,16.6348,16.6,16.6348,410
150,16.69,16.69,16.66,16.69,991
152,16.73,16.73,16.72,16.72,1000
156,16.61,16.61,16.61,16.61,200
157,16.6013,16.6176,16.6013,16.6176,1400
159,16.6,16.61,16.57,16.61,1500
160,16.5,16.5256,16.5,16.5256,800
161,16.6,16.6,16.45,16.45,264
162,16.6,16.6,16.59,16.59,2000
163,16.63,16.63,16.62,16.62,200
164,16.59,16.65,16.59,16.64,600
165,16.65,16.65,16.5503,16.5503,1300
166,16.6734,16.6734,16.6734,16.6734,100
169,16.75,16.75,16.65,16.65,3375
171,16.75,16.77,16.75,16.75,1000
172,16.78,16.78,16.78,16.78,300
173,16.7601,16.7601,16.7601,16.7601,300
174,16.89,16.89,16.7865,16.8,4452
175,16.8406,16.89,16.8406,16.8406,1300
176,16.898,16.91,16.8648,16.89,1500
177,16.8,16.8,16.8,16.8,100
178,16.745,16.835,16.74,16.8,7600
180,16.7835,16.8467,16.7835,16.8467,366
181,16.81,16.86,16.73,16.8269,9360
287,16.91,16.91,16.6001,16.91,2200
288,16.91,16.91,16.91,16.91,100
289,16.91,16.91,16.91,16.91,200
291,16.876,16.876,16.876,16.876,300
301,16.9,16.9,16.8796,16.9,1150
302,16.91,16.91,16.8401,16.8401,4000
303,16.89,16.91,16.89,16.91,1100
305,16.86,16.86,16.86,16.86,200
306,16.82,16.82,16.82,16.82,990
307,16.8542,16.8542,16.8542,16.8542,800
309,16.9187,16.95,16.8666,16.9,8200
310,17.04,17.04,16.8852,16.9396,8350
311,17.0398,17.04,17.012,17.04,6200
312,17.04,17.04,17.0327,17.04,3600
313,17.04,17.04,17.04,17.04,1054
314,17.09,17.14,17.065,17.09,4600
315,17.12,17.14,17.08,17.09,6000
316,17.11,17.14,17.09,17.13,7727
317,17.209,17.21,17.14,17.14,6400
318,17.31,17.52,17.2,17.21,8155
319,17.15,17.31,17.15,17.31,1400
320,17.3532,17.3532,17.3532,17.3532,300
321,17.23,17.23,17.23,17.23,100
322,17.295,17.295,17.21,17.21,400
323,17.3852,17.44,17.23,17.23,1194
324,17.35,17.39,17.15,17.25,10189
325,17.24,17.35,17.15,17.35,7352
862,17.52,17.52,17.52,17.52,185
863,17.83,17.83,17.52,17.52,534
864,17.7592,17.8,17.72,17.72,500
865,17.82,17.82,17.82,17.82,200
866,17.83,17.83,17.83,17.83,300
867,17.79,17.84,17.6184,17.84,1702
868,17.71,17.73,17.56,17.73,1700
869,17.72,17.72,17.56,17.56,200
870,17.7026,17.73,17.7026,17.73,480
871,17.73,17.73,17.5764,17.5764,350
872,17.7999,17.7999,17.79,17.79,640
873,17.8,17.81,17.8,17.8,2174
874,17.8,17.8,17.8,17.8,286
875,17.8,17.8,17.8,17.8,100
876,17.8,17.8,17.8,17.8,100
877,17.7,17.7,17.7,17.7,500
878,17.7351,17.8,17.7351,17.8,308
879,17.8,17.8,17.8,17.8,100
880,17.82,17.82,17.82,17.82,100
881,17.7935,17.7935,17.7935,17.7935,698
882,17.67,17.97,17.66,17.82,8300
883,17.86,17.86,17.86,17.86,100
884,17.88,17.88,17.81,17.81,300
885,17.9231,17.95,17.91,17.91,2520
886,17.95,17.95,17.95,17.95,100
887,17.97,17.97,17.95,17.95,200
888,17.94,17.97,17.8,17.92,3833
889,17.97,17.97,17.95,17.95,200
890,17.97,17.98,17.95,17.97,1120
891,17.9,17.925,17.9,17.925,700
892,17.9,17.9,17.89,17.89,1900
893,17.7054,17.8,17.7054,17.8,600
894,17.874,17.93,17.7199,17.72,1835
895,17.95,17.95,17.95,17.95,100
896,17.95,17.96,17.95,17.96,400
897,17.77,17.95,17.76,17.95,1100
898,17.8925,17.935,17.8925,17.92,500
899,17.9,17.9,17.9,17.9,300
900,17.88,17.8898,17.88,17.8898,1467
901,17.92,17.96,17.82,17.87,6381
a1496237400,18.2,18.2,18.2,18.2,1299
2,18.33,18.33,18.33,18.33,100
3,18.08,18.1,18.0709,18.0709,898
4,18.19,18.1946,18.19,18.1946,500
6,17.9,17.9,17.7601,17.8501,3808
8,17.8798,17.8798,17.8798,17.8798,500
10,17.8,17.8,17.8,17.8,100
12,17.56,17.56,17.26,17.26,1800
14,17.275,17.4121,17.275,17.39,1034
15,17.45,17.45,17.45,17.45,100
16,17.38,17.53,17.28,17.43,600
17,17.73,17.73,17.32,17.35,13600
18,17.79,17.92,17.65,17.65,6395
19,17.815,17.815,17.7,17.75,1151
23,17.78,17.78,17.78,17.78,100
27,17.8125,17.8125,17.8125,17.8125,100
28,17.79,17.8067,17.79,17.8067,599
29,17.75,17.7837,17.75,17.7837,1198
31,17.78,17.78,17.735,17.75,400
33,17.7008,17.75,17.69,17.75,5300
34,17.67,17.77,17.58,17.74,8590
35,18.345,18.435,17.3373,17.818,41999
36,18.1499,18.35,17.91,18.345,62117
37,18.12,18.3257,18.1001,18.3257,3049
38,18.5346,18.63,18.155,18.16,4900
39,18.3,18.49,18.3,18.49,10747
144,18.89,18.89,18.89,18.89,2136
147,18.7367,18.95,18.489,18.64,8650
149,18.4172,18.77,18.4172,18.77,3731
150,18.48,18.5,18.44,18.44,3301
151,18.65,18.65,18.53,18.57,1125
152,18.61,18.6101,18.61,18.61,500
153,18.7548,18.7548,18.6201,18.6201,600
154,18.6378,18.6378,18.617,18.617,483
156,18.802,18.802,18.61,18.6924,3398
157,18.65,18.65,18.65,18.65,3993
158,18.67,18.8019,18.67,18.8019,397
159,18.81,18.83,18.671,18.74,3301
161,18.79,18.79,18.75,18.75,2355
162,18.6897,18.79,18.6897,18.79,1600
163,18.7,18.79,18.69,18.69,1300
164,18.7332,18.75,18.7332,18.75,2000
165,18.75,18.75,18.75,18.75,100
168,18.75,18.75,18.7035,18.7499,600
169,18.75,18.75,18.7128,18.7128,1652
170,18.75,18.75,18.75,18.75,100
171,18.7401,18.75,18.7401,18.75,400
172,18.73,18.73,18.73,18.73,3893
173,18.7314,18.75,18.7314,18.75,800
176,18.73,18.74,18.73,18.74,395
177,18.7011,18.7333,18.7,18.7,300
178,18.7,18.7,18.7,18.7,600
179,18.75,18.75,18.65,18.7,4795
180,18.62,18.65,18.62,18.65,300
181,19.429,19.74,18.6,18.611,23985
182,19.04,19.371,18.81,19.371,1500
183,18.93,18.99,18.76,18.9079,5587
288,18.89,18.89,18.89,18.89,919
289,19.1844,19.79,18.43,18.43,3268
290,19,19,19,19,200
291,19.3,19.47,18.9835,18.9835,3550
292,18.945,18.945,18.945,18.945,100
296,19.2685,19.2685,19.2685,19.2685,500
297,19.45,19.45,19.45,19.45,100
298,19.3015,19.45,19.2601,19.36,4300
299,19.44,19.48,19.3101,19.39,5200
300,19.64,19.64,19.44,19.44,6540
301,19.67,19.67,19.585,19.64,500
302,19.31,19.67,19.31,19.62,2150
303,19.4,19.4,19.4,19.4,200
304,19.42,19.42,19.42,19.42,100
305,19.4998,19.53,19.4201,19.4201,702
306,19.4001,19.45,19.4001,19.45,200
307,19.47,19.47,19.4,19.43,1680
308,19.105,19.105,19.105,19.105,100
309,19.42,19.43,19.42,19.43,200
310,19.3886,19.461,19.3886,19.461,250
311,19.3001,19.32,19.3001,19.32,600
312,19.348,19.348,19.3001,19.3001,1100
313,19.35,19.47,19.35,19.4,500
314,19.35,19.35,19.35,19.35,100
316,19.29,19.48,19.29,19.48,700
317,19.31,19.31,19.025,19.025,200
318,19.17,19.2802,19.03,19.11,800
319,19.01,19.19,19.01,19.16,6100
320,18.735,19.11,18.735,19.01,1500
321,19.14,19.14,18.71,18.71,200
323,19.03,19.475,18.51,18.945,20398
324,19.04,19.07,18.8164,18.8164,1990
325,19.04,19.07,19.04,19.07,6300
326,19.01,19.0386,19.01,19.03,1759
327,18.94,19.01,18.91,19.008,8642
720,19.27,19.27,19.27,19.27,394
721,19.4244,19.9999,18.9855,18.9855,15661
722,19.96,19.9899,19.45,19.9899,500
723,20,20.6,19.75,19.98,10010
724,20.2592,20.2592,20.0202,20.05,800
725,20.08,20.08,20.08,20.08,300
726,20,20,20,20,200
727,19.965,19.965,19.2746,19.2746,600
728,19.8899,19.9899,19.8097,19.8097,1150
729,19.4402,19.9,19.4402,19.89,1050
730,19.8,19.9799,19.5,19.57,2680
731,19.94,19.94,19.62,19.82,1100
732,19.8899,19.9299,19.74,19.74,500
733,19.89,19.89,19.8899,19.8899,300
734,19.7654,19.7654,19.7654,19.7654,200
736,19.755,19.755,19.7354,19.7354,400
737,19.7347,19.7347,19.7347,19.7347,100
738,19.88,19.88,19.85,19.85,370
739,19.7475,19.88,19.7475,19.8509,1249
740,19.8523,19.869,19.8233,19.84,900
742,19.762,19.762,19.762,19.762,500
743,19.6795,19.7171,19.6795,19.7171,499
745,19.75,19.75,19.75,19.75,300
746,19.77,19.855,19.7303,19.7303,5167
747,19.642,19.7,19.45,19.69,2650
748,19.84,19.84,19.68,19.68,300
749,19.77,19.84,19.77,19.84,400
750,19.84,19.84,19.84,19.84,200
751,19.81,19.84,19.81,19.84,1892
755,19.7196,19.7996,19.57,19.58,599
756,19.8094,19.828,19.8094,19.828,700
757,19.76,19.76,19.76,19.76,100
758,19.6,19.625,19.47,19.47,1800
759,19.14,19.575,19,19.52,4110
864,19.1,19.1,19.1,19.1,608
865,19,19.17,19,19.0612,510
866,19.23,19.23,19.23,19.23,100
867,19.38,19.94,19.36,19.37,1500
868,19.505,19.9792,19.46,19.728,1420
869,19.6,19.6,19.4643,19.4643,599
870,19.6895,19.69,19.63,19.67,1399
871,19.26,19.66,19.0748,19.66,2800
872,19.2675,19.72,19.26,19.41,1820
874,19.35,19.6,19.35,19.6,1200
875,19.2325,19.4195,19.1201,19.19,998
876,19.4195,19.4195,19.4195,19.4195,100
877,19.4194,19.4194,19.4194,19.4194,200
878,19.38,19.38,19.14,19.14,500
879,19.25,19.31,19.17,19.27,1517
880,18.85,19.48,18.81,19.1988,106645
881,19.0801,19.0801,19.07,19.0701,948
882,18.515,18.979,17.9,18.945,3390
883,18.15,18.58,18.15,18.4895,2965
884,17.5001,18.3199,17.5001,18.3,8899
885,17.8,17.9122,17.63,17.7,2830
886,18.595,18.9808,17.8,17.8,2213
887,17.985,18,17.985,18,200
888,18.34,18.4227,18,18,2100
889,18.27,18.27,18.105,18.21,500
890,18.42,18.42,18.16,18.1996,2600
891,18.65,18.65,18.4,18.45,500
892,18.45,18.5301,18.45,18.5301,500
893,18.2926,18.37,18.25,18.37,300
894,18.005,18.15,18,18.15,1800
895,18.15,18.15,18,18.09,400
896,18.027,18.027,18,18,200
897,18,18,18,18,200
899,17.899,18.075,17.66,18.075,950
900,18.13,18.14,17.84,17.84,700
901,17.95,18.07,17.95,18.07,400
902,17.88,18.0871,17.81,18.0871,1500
903,18.09,18.14,17.86,17.88,5402
a1496842200,18,18,18,18,373
1,17.71,18.01,17.66,18.01,1442
2,17.56,17.94,17.56,17.94,300
3,17.23,17.9835,17.225,17.9835,2365
4,17.3995,17.3995,17.39,17.39,200
5,17.57,17.6,17.31,17.3467,4543
6,17.4,17.485,17.2329,17.485,500
7,17.5,17.5,17.29,17.5,400
8,17.59,17.85,17.38,17.745,2670
10,17.43,17.8,17.43,17.65,2085
12,17.5,17.5,17.495,17.495,405
13,17.45,17.59,17.45,17.59,400
15,17.25,17.59,17.21,17.59,1621
16,17.6,17.6,17.49,17.49,700
17,17.475,17.475,17.475,17.475,200
18,17.48,17.48,17.48,17.48,200
24,17.4458,17.5,17.3,17.36,742
26,17.45,17.5,17.45,17.5,400
27,17.36,17.36,17.36,17.36,100
28,17.2769,17.2769,17.21,17.21,280
29,17.0801,17.2618,17.0801,17.2618,1400
30,17.07,17.07,17.07,17.07,100
32,17.07,17.3297,17.07,17.3297,1900
33,17.07,17.07,17.07,17.07,175
34,17.285,17.33,17.12,17.27,700
35,17.3,17.5,17.18,17.29,3456
36,17.49,17.5,17.31,17.5,1160
37,17.43,17.5,17.35,17.49,2723
38,17.79,17.79,17.355,17.355,3261
39,18.5,18.98,17.62,17.79,15921
144,18.52,18.52,18.52,18.52,184
147,18.44,18.44,18.44,18.44,100
151,18.31,18.31,18.31,18.31,800
152,18.11,18.11,18.11,18.11,500
153,18.28,18.41,18.28,18.41,500
154,18.1897,18.1897,18.1648,18.1648,245
156,18.1,18.1,18.1,18.1,100
169,18.28,18.28,18.28,18.28,100
172,18.18,18.74,18.18,18.74,700
173,18.35,18.385,18.11,18.305,800
174,18.135,18.41,18.135,18.4,410
175,19.18,19.18,18.35,18.38,700
176,18.51,18.68,18.51,18.68,600
177,18.5,18.5,18.5,18.5,100
178,18.5,18.5,18.5,18.5,100
180,18.9,18.99,18.255,18.29,7312
182,18.8,19,18.6,18.75,8961
183,18.67,19.085,18.5,18.83,7195
288,18.46,18.46,18.46,18.46,286
291,18.64,18.64,18.4,18.4,25200
295,18.64,18.64,18.64,18.64,100
296,18.95,18.95,18.65,18.65,505
297,18.6,18.6,18.597,18.6,569
298,18.6,18.6,18.6,18.6,4200
299,19.0969,19.16,18.98,18.98,1860
300,18.99,19.115,18.99,19.115,1170
301,18.9,18.98,18.9,18.98,200
302,18.75,18.88,18.66,18.88,800
303,18.99,18.99,18.99,18.99,200
304,18.99,19.09,18.92,18.92,600
305,19.095,19.095,19.06,19.09,900
306,19.14,19.14,18.83,18.881,2340
307,18.69,18.8416,18.65,18.84,2379
308,18.6,18.745,18.6,18.745,700
309,18.7,18.7,18.7,18.7,100
310,18.6,18.63,18.6,18.61,800
311,18.6,18.95,18.6,18.62,7403
313,18.87,18.87,18.57,18.57,300
315,18.585,18.805,18.585,18.805,300
316,18.7,18.7,18.7,18.7,200
317,18.805,18.805,18.805,18.805,100
318,18.7,18.7,18.7,18.7,100
319,18.75,18.75,18.75,18.75,100
320,18.59,18.665,18.59,18.665,300
321,18.61,18.61,18.61,18.61,200
322,18.65,18.65,18.645,18.645,200
323,18.6,18.65,18.59,18.59,300
324,18.59,18.65,18.59,18.65,600
325,18.62,18.65,18.27,18.65,1400
326,18.46,18.52,18.36,18.52,1630
327,18.59,18.835,18.4263,18.46,5955
720,18.6,18.6,18.6,18.6,1299
721,18.79,18.97,18.78,18.785,17500
722,18.78,18.79,18.7002,18.79,4300
723,18.9,18.9,18.64,18.705,2515
724,18.24,18.895,18.24,18.895,5500
725,18.54,18.54,18.31,18.31,26000
726,18.29,18.55,17.58,18.5,4045
727,18.28,18.28,18.02,18.02,500
728,18.16,18.16,18.16,18.16,200
729,18.04,18.04,18.04,18.04,200
730,17.95,18.145,17.84,18.03,3000
731,18.08,18.08,18.01,18.01,770
732,17.982,18.04,17.68,17.68,1000
733,17.8,17.8,17.8,17.8,100
734,17.83,17.83,17.82,17.82,400
735,17.9,17.9,17.761,17.761,500
736,18.6441,18.6441,17.8999,17.8999,4400
738,17.91,18.58,17.91,18.5621,400
739,18.02,18.02,17.87,17.87,200
740,18.02,18.06,18.02,18.02,301
741,18.01,18.01,18,18.01,624
742,18.16,18.24,18,18,700
743,18.39,18.39,18.24,18.24,800
744,18.57,18.8,18.39,18.39,2400
745,18.4426,18.66,18.4426,18.56,905
746,18.55,18.55,18.15,18.16,300
747,18.2,18.2,18.15,18.15,200
748,18.22,18.45,18.22,18.41,700
749,18.26,18.45,18.15,18.15,300
750,18.45,18.45,18.45,18.45,200
751,18.43,18.43,18.11,18.11,400
752,17.85,18.14,17.85,18.14,2133
753,18.18,18.18,17.81,17.83,500
754,18.01,18.15,17.83,17.83,500
755,18,18.16,18,18.01,964
756,18,18.13,17.84,17.84,300
757,18.11,18.11,17.89,18,1500
758,17.91,17.99,17.91,17.91,500
759,17.99,17.99,17.81,17.92,4181
864,18.2,18.2,18.2,18.2,755
866,18.115,18.5,18.115,18.499,20273
868,18.09,18.09,18.09,18.09,100
869,18.485,18.485,18.4718,18.4718,200
870,18.45,18.45,18.0901,18.0901,213
872,18.48,18.48,18.48,18.48,100
873,18.14,18.48,18.13,18.4718,650
874,18.21,18.21,18.13,18.135,400
875,18.08,18.36,18.08,18.36,1609
876,17.52,18.12,17.52,18.07,1300
877,17.7634,17.9,17.75,17.9,938
878,17.81,17.81,17.81,17.81,100
880,17.71,17.711,17.71,17.711,3200
881,17.82,17.83,17.82,17.82,400
882,18.12,18.435,17.91,17.91,800
883,17.96,18.19,17.8,17.81,2188
884,17.74,18.01,17.61,17.61,500
885,18.2621,18.2721,17.72,17.9,2300
886,17.18,18.09,17.18,18.09,1500
887,17.4,17.6,17.05,17.05,2100
888,17.3,17.52,17.12,17.36,2702
889,17.21,17.45,17.005,17.1,3032
890,17.24,17.45,17.16,17.2,1802
891,17.24,17.51,17.17,17.2752,2000
892,17.19,17.21,17.13,17.13,500
893,17.2,17.22,17.2,17.22,400
894,17.21,17.5,17.1,17.24,1663
895,17.22,17.4731,17.22,17.26,1700
896,17.22,17.33,17.22,17.33,900
897,17.73,17.92,17.22,17.22,3300
898,17.32,17.93,17.055,17.72,7650
899,17.5,17.5,17.16,17.36,5001
900,17.18,17.82,17.15,17.35,4200
901,17.26,17.5332,17.11,17.2,8300
902,17.19,17.69,17.1,17.29,5086
903,17.24,18.16,17.05,17.16,6120
a1497447000,17.24,17.24,17.15,17.15,1071
1,17.43,17.43,17.43,17.43,100
2,17.15,17.2068,17.15,17.2068,1630
3,17.46,17.46,17.46,17.46,200
4,17.3968,17.5299,17.3968,17.5299,1129
5,17.21,17.38,17.21,17.38,300
6,17.39,17.39,17.39,17.39,100
7,17.0701,17.17,17.07,17.17,900
9,17.09,17.11,16.65,17.1,6800
11,16.27,16.9,16.2,16.86,5600
12,16.45,16.6,16.3,16.3,5476
13,16.5,16.95,16.5,16.73,1491
14,17,17,16.64,16.98,2000
16,16.89,17,16.824,16.824,911
17,17.09,17.1,16.89,16.89,626
20,16.95,16.96,16.95,16.96,200
22,17.1,17.1,17.1,17.1,100
23,16.81,16.84,16.81,16.84,200
26,16.88,16.88,16.81,16.81,300
27,16.8,16.8,16.8,16.8,300
28,16.8,16.8,16.8,16.8,300
29,16.65,16.79,16.65,16.79,200
32,16.815,16.92,16.815,16.92,200
33,16.665,16.84,16.65,16.7552,700
34,16.5,16.65,16.5,16.65,600
35,16.51,16.51,16.5,16.5,600
36,16.5,16.62,16.49,16.51,8600
37,16.57,16.582,16.48,16.582,4600
38,16.5,16.71,16.5,16.71,1698
39,16.59,16.65,16.49,16.58,4540
144,16.4,16.4,16.4,16.4,482
145,16.5001,16.5944,16.5001,16.5944,200
146,16.738,17.4,16.5,16.52,8800
147,16.7,16.7001,16.67,16.67,500
148,16.58,16.66,16.58,16.66,200
149,16.501,16.501,16.501,16.501,125
150,16.5,16.5,16.5,16.5,300
151,16.5,16.5,16.5,16.5,100
152,16.6,16.6,16.57,16.57,400
153,16.495,16.59,16.48,16.54,2315
154,16.5,16.52,16.44,16.495,4800
155,16.5,16.5,16.48,16.5,900
156,16.5,16.5,16.5,16.5,400
157,16.5,16.5,16.5,16.5,1100
158,16.5248,16.5539,16.49,16.5,2700
159,16.52,16.52,16.52,16.52,100
160,16.53,16.74,16.51,16.51,800
161,16.58,16.68,16.47,16.53,4600
162,16.5,16.61,16.49,16.61,3805
163,16.7042,16.7042,16.5,16.5,400
164,16.5,16.5713,16.5,16.5713,1699
165,16.5,16.5,16.5,16.5,300
166,16.5,16.5,16.5,16.5,900
167,16.5372,16.5372,16.5,16.5,300
168,16.5,16.5,16.5,16.5,700
169,16.5,16.5,16.5,16.5,400
170,16.54,16.56,16.5,16.5,2000
171,16.5,16.5401,16.5,16.54,800
172,16.5,16.5,16.5,16.5,700
173,16.5,16.5,16.5,16.5,300
174,16.5,16.51,16.491,16.5,1400
175,16.5,16.5,16.5,16.5,600
176,16.5,16.5,16.5,16.5,2700
177,16.5,16.5,16.5,16.5,900
178,16.5,16.5,16.5,16.5,600
179,16.5,16.5,16.5,16.5,600
180,16.5,16.5099,16.5,16.505,700
181,16.5,16.5,16.49,16.5,14888
182,16.5,16.5,16.49,16.5,3000
183,16.55,16.59,16.495,16.5,5363
289,17.1777,17.1777,16.5501,16.59,1533
293,16.8,16.8,16.8,16.8,100
295,16.75,16.75,16.75,16.75,900
296,16.99,16.99,16.71,16.73,1100
298,16.98,16.98,16.9799,16.9799,407
300,16.78,16.78,16.78,16.78,100
301,16.86,16.86,16.86,16.86,100
302,16.75,16.75,16.75,16.75,100
304,16.75,16.75,16.75,16.75,100
305,16.75,16.75,16.75,16.75,100
307,16.99,16.99,16.885,16.96,1700
308,17.03,17.09,16.94,16.99,4575
309,17.08,17.09,17.08,17.09,200
313,16.9,16.9,16.89,16.89,200
315,16.75,17.01,16.75,16.9,800
316,16.9,16.9,16.9,16.9,100
317,16.9,16.9,16.8,16.8,700
319,16.85,16.875,16.76,16.76,1148
321,16.82,16.82,16.82,16.82,100
322,16.82,16.82,16.82,16.82,100
324,16.875,16.875,16.875,16.875,100
325,16.8,16.875,16.75,16.875,1500
326,17.11,17.11,16.8,16.845,6400
327,17.12,17.24,16.93,17.12,29802
720,16.98,16.98,16.98,16.98,328
723,17.015,17.015,17.015,17.015,100
725,17.1,17.1,17.1,17.1,155
728,17.05,17.195,17.05,17.11,500
740,17,17.1055,17,17.08,1100
741,17.09,17.12,17,17,600
742,17.52,17.52,17.01,17.01,200
745,17.035,17.035,17.035,17.035,100
747,17.025,17.35,17.025,17.35,200
749,17.01,17.01,17.01,17.01,100
750,17.1222,17.1222,17.1222,17.1222,168
751,17.0347,17.0347,17,17,300
753,17.14,17.14,17,17,400
754,17,17,17,17,300
755,17,17,17,17,600
756,17.14,17.14,16.98,17.0496,2650
757,17,17,17,17,700
758,16.95,17.0476,16.95,17,3300
759,17.02,17.04,16.72,16.95,3700
864,17,17,17,17,155
868,17.48,17.48,17.45,17.45,823
869,17.27,17.27,17.27,17.27,100
870,17.24,17.45,17.24,17.45,450
872,17,17,17,17,100
873,17.15,17.15,17.0274,17.0274,2405
874,17,17.1,17,17.1,1695
877,17,17,17,17,200
878,17.05,17.05,17,17,500
879,17.2,17.27,17.08,17.08,500
882,17.06,17.06,17.06,17.06,100
884,17.05,17.05,17.05,17.05,400
886,17.05,17.05,17.05,17.05,100
887,17.05,17.12,17.05,17.12,312
889,17.15,17.15,17.15,17.15,100
890,17.06,17.06,17.06,17.06,100
892,17.18,17.18,17.06,17.06,200
893,17.1544,17.1544,17.1534,17.1534,220
894,17.04,17.04,17.04,17.04,100
895,17,17,16.66,17,363
897,16.85,16.85,16.85,16.85,100
898,17.19,17.2,16.86,16.92,1807
902,16.87,16.87,16.87,16.87,300
903,16.81,16.87,16.66,16.87,3415
a1498051800,16.83,16.83,16.83,16.83,113
1,17.51,17.525,16.79,17.525,10300
3,17.46,17.49,17.24,17.43,2600
4,17.03,17.03,17.03,17.03,100
6,17.03,17.03,17.03,17.03,100
7,17.1,17.43,17.03,17.43,700
8,17.2,17.41,17.11,17.41,6600
9,17,17.25,17,17.2,500
10,17.02,17.48,17.02,17.055,30895
11,16.95,16.95,16.95,16.95,100
12,16.83,16.84,16.725,16.725,900
13,17.055,17.105,16.86,16.86,6600
14,17.02,17.165,17,17.165,12100
15,17.35,17.35,17.13,17.16,12013
16,17.15,17.35,17.13,17.35,10400
17,17.07,17.255,17.07,17.255,700
19,17.11,17.11,17.08,17.08,367
20,17.12,17.12,17.12,17.12,200
21,17.03,17.03,17.03,17.03,100
22,16.9426,17.02,16.91,17.02,300
23,16.84,16.84,16.84,16.84,200
24,16.78,16.8113,16.78,16.8113,400
26,16.81,16.81,16.81,16.81,200
27,16.79,16.79,16.79,16.79,100
28,16.8,16.8,16.8,16.8,100
31,16.79,16.8414,16.79,16.8414,800
34,16.8,16.8,16.8,16.8,100
35,16.51,16.9401,16.51,16.9401,1573
36,16.9,16.9,16.52,16.7,500
37,16.71,16.71,16.65,16.65,200
38,16.745,16.94,16.61,16.87,1300
39,16.85,16.98,16.63,16.98,17204
145,17.4,17.4,17.14,17.305,15600
146,17.45,17.75,17.45,17.45,2785
147,17.48,17.48,17.45,17.45,375
148,17.6,17.6,17.6,17.6,200
149,17.31,17.5976,17.31,17.5827,1300
150,17.34,17.45,17.34,17.45,800
152,17.31,17.455,17.31,17.455,500
153,17.31,17.3363,17.31,17.3363,200
154,17.33,17.33,17.3,17.3092,2100
155,17.3,17.3,17.3,17.3,700
156,17.3,17.3,17.3,17.3,100
157,17.3,17.3,17.3,17.3,700
158,17.3,17.3,17.3,17.3,100
159,17.3,17.3,17.3,17.3,100
160,17.28,17.3,17.02,17.18,31800
161,17.03,17.03,17.03,17.03,100
162,17.3,17.3,17.18,17.18,200
163,17.3,17.4319,17.06,17.4319,680
164,17.08,17.3,16.91,17.0201,1051
165,17.295,17.295,17.28,17.28,300
166,17.35,17.35,17.03,17.03,2200
168,17.35,17.35,17.21,17.21,1000
169,17.35,17.35,17.35,17.35,700
170,17.35,17.35,17.35,17.35,1500
171,17.02,17.5,17.02,17.5,25200
172,16.85,16.88,16.85,16.88,200
173,17.1,17.1,17.1,17.1,400
174,17,17,17,17,100
175,17.01,17.01,17,17,200
177,17.02,17.02,17.02,17.02,100
178,17,17.01,17,17.01,300
179,17,17,17,17,100
180,17.01,17.07,17,17,300
182,17.1,17.1499,17,17.03,533
183,17.54,17.54,17.14,17.14,45100
288,17.62,17.62,17.62,17.62,300
289,17.8202,17.8202,17.8202,17.8202,450
290,17.53,17.53,17.53,17.53,100
292,17.1,17.51,17.1,17.51,250
293,16.54,17.02,16.54,16.6,400
294,16.9,17.6,16.9,17.6,500
295,17.56,17.56,17.087,17.09,1000
296,17.0362,17.0362,17.0362,17.0362,105
298,16.91,16.91,16.91,16.91,100
300,17.05,17.05,17.05,17.05,100
301,17.0005,17.01,17.0005,17.01,200
302,16.95,16.9951,16.57,16.91,500
304,16.57,16.57,16.57,16.57,100
307,16.65,16.65,16.65,16.65,100
308,16.9151,16.94,16.63,16.63,300
310,16.65,16.65,16.65,16.65,100
312,16.7261,16.7261,16.7261,16.7261,100
313,17,17,16.95,16.98,400
314,17,17,17,17,200
316,16.98,16.98,16.87,16.87,380
317,16.7,18.25,16.7,17,9660
318,17.25,17.25,17.25,17.25,100
319,17.51,17.69,16.7461,16.7461,700
321,17.1995,17.625,17.1724,17.45,1300
322,17.7,17.7,16.665,17.36,12550
323,17.7,17.7,17.331,17.67,1000
324,17.65,17.66,17.5,17.66,3933
325,17.65,17.65,17.63,17.65,2200
326,17.68,17.7,17.65,17.65,800
327,17.59,17.7,17.41,17.41,10671
720,17.6,17.6,17.6,17.6,414
721,17.88,18.22,17.88,18.0206,10917
722,17.9,18.0004,17.9,18.0004,930
723,17.65,18.04,17.65,18.04,9500
724,17.23,17.23,17.215,17.215,200
725,17.5043,17.8,17.5043,17.648,1500
728,18.005,18.22,17.87,17.87,4431
733,17.8,17.8,17.6301,17.7821,300
734,17.975,17.975,17.75,17.75,1000
741,17.95,18,17.79,17.79,1931
742,17.93,17.93,17.93,17.93,100
753,17.89,17.9,17.53,17.86,14138
754,17.95,18,17.77,17.78,13496
755,17.97,17.97,17.97,17.97,5302
756,17.95,18.2,17.95,17.95,17244
757,18.11,18.11,18.11,18.11,100
758,18.05,18.18,17.785,18.01,14775
759,18,18.11,17.275,18,55554
864,17.64,17.64,17.64,17.64,245
865,18.38,18.72,18.16,18.18,62125
866,18.45,18.48,18.18,18.19,8255
867,18.48,18.48,18.301,18.48,2129
868,18.4,18.48,18.4,18.48,1000
869,18.3,18.4,18.03,18.4,21700
870,18.3,18.31,18,18.31,1800
871,18.3,18.32,18.3,18.3,1600
872,18.3,18.31,18.29,18.3,1600
873,18.3,18.3,17.61,18.3,1800
874,18.3,18.3,18.3,18.3,100
876,18.3,18.4,18.3,18.4,2600
877,18.31,18.31,18.31,18.31,100
880,18.295,18.4,18.295,18.37,4900
881,18.4,18.4,18.4,18.4,2800
882,18.4,18.4,18.37,18.4,2100
883,18.4,18.4,17.69,18.4,1100
884,18.4,18.4,18.4,18.4,300
885,18.4,18.4,18.25,18.25,500
886,18.4,18.41,18.4,18.41,300
888,18.285,18.285,18.285,18.285,100
890,18.39,18.4,18.11,18.4,900
891,18.31,18.4,18.04,18.04,3000
892,18.3,18.335,18.19,18.28,1900
893,18.315,18.315,18.315,18.315,2300
894,18.3,18.3,18.275,18.275,400
895,18.32,18.32,18.29,18.29,1800
896,18.09,18.29,17.75,18.29,23593
897,18.25,18.35,17.87,18.02,72294
898,18.4,18.48,18.27,18.3,12769
899,18.4,18.4,18.4,18.4,1000
900,18.4,18.4,18.38,18.4,5180
902,18.25,18.39,18.18,18.39,3133
903,18.2,18.29,18.135,18.26,13085
a1498657800,18.7175,18.7739,18.4,18.65,14249
1,18.2,18.2,18.2,18.2,100
2,18.11,18.2,18.11,18.2,600
3,17.9519,18.01,17.9,18.01,2516
4,17.98,17.98,17.98,17.98,200
5,17.98,17.98,17.98,17.98,100
6,17.98,17.98,17.7266,17.7266,2100
8,18.025,18.025,17.745,17.745,200
13,18.01,18.02,17.73,18.015,1583
14,17.89,17.89,17.89,17.89,200
15,18.075,18.075,17.89,17.89,525
18,18.12,18.12,18.12,18.12,100
21,18.1,18.1,18.1,18.1,300
24,17.83,17.83,17.83,17.83,100
28,17.84,17.86,17.84,17.86,300
31,17.95,17.95,17.95,17.95,200
33,18.63,18.63,17.8401,17.96,15205
34,18.18,18.2,18.1,18.2,1800
35,18.11,18.12,18.11,18.12,500
36,18.13,18.59,18.11,18.11,1400
37,18.1,18.3,18.07,18.3,4522
142,17.98,17.98,17.98,17.98,400
143,18.4,19.07,18.4,18.59,14519
144,18.6,18.82,18.4,18.4,3115
145,18.27,18.43,18.27,18.345,400
146,18.5699,18.5699,18.5699,18.5699,129
148,18.16,18.4036,18.1196,18.1196,1103
150,18.16,18.16,18.16,18.16,700
162,18.015,18.04,18.015,18.04,3093
167,17.835,18.0565,17.8201,18.0565,1900
168,17.71,17.9075,17.595,17.8305,15942
169,17.85,17.85,17.85,17.85,1246
170,17.63,17.83,17.63,17.81,1400
172,17.641,17.641,17.641,17.641,100
176,17.63,17.72,17.63,17.667,2711
179,17.8072,17.8072,17.7,17.805,2128
180,17.99,18.1,17.95,17.96,3010
181,18,18.11,17.82,18.105,7199
286,17.87,17.87,17.87,17.87,170
287,17.88,18.28,17.87,18.25,30512
288,17.84,17.84,17.84,17.84,100
289,17.72,17.81,17.7,17.81,1800
291,17.6601,17.8,17.6601,17.8,1200
292,17.74,17.8,17.74,17.8,660
294,17.7,17.76,17.6,17.75,700
296,17.8,17.8206,17.8,17.8206,600
298,17.8,17.8,17.8,17.8,100
299,17.8,17.8,17.8,17.8,100
300,17.67,17.67,17.67,17.67,100
302,17.71,17.71,17.66,17.66,300
304,17.46,17.66,17.46,17.63,5400
305,17.53,17.53,17.53,17.53,200
306,17.64,17.67,17.17,17.18,13697
307,17.63,17.64,17.63,17.64,300
308,17.56,17.56,17.56,17.56,100
311,17.44,17.44,17.44,17.44,100
313,17.61,17.61,17.61,17.61,100
314,17.8498,17.8498,17.8498,17.8498,100
315,17.62,17.62,17.615,17.615,200
317,17.42,17.42,17.42,17.42,100
318,17.6,17.6,17.6,17.6,100
319,17.5301,17.5301,17.5301,17.5301,100
320,17.57,17.57,17.57,17.57,770
323,17.53,17.53,17.53,17.53,100
325,17.44,17.6,17.435,17.53,4095
718,17.6,17.6,17.6,17.6,484
719,17.46,17.75,17.46,17.74,22271
720,17.5,17.5,17.5,17.5,100
721,17.47,17.47,17.4,17.41,600
724,17.33,17.33,17.33,17.33,100
728,17.33,17.33,17.33,17.33,200
730,17.17,17.37,17.1,17.11,11324
731,17.4,17.42,17.39,17.42,300
732,17.35,17.35,17.35,17.35,100
733,17.35,17.4,17.35,17.35,1000
734,17.38,17.48,17.305,17.35,7150
735,17.47,17.64,17.33,17.33,1000
736,17.44,17.52,17.39,17.46,2000
737,17.45,17.45,17.38,17.38,2000
738,17.72,17.72,17.45,17.45,1368
739,17.55,17.72,17.33,17.72,6100
a1499261400,17.55,17.55,17.55,17.55,604
2,17.28,17.7,17.28,17.6,7300
3,17.3086,17.36,17.3086,17.36,450
4,17.21,17.21,17.21,17.21,100
6,17.21,17.21,17.21,17.21,100
7,17.2439,17.37,17.01,17.23,4642
8,17.08,17.08,17.08,17.08,100
9,17.14,17.3,17.06,17.06,4150
10,17.2,17.31,17.17,17.31,3109
13,17.13,17.13,17.13,17.13,100
15,17.11,17.11,17.01,17.01,200
16,17.415,17.415,17.415,17.415,100
18,17.51,17.51,17.51,17.51,100
22,17.12,17.12,17.12,17.12,100
24,17.935,17.935,17.05,17.05,200
26,17.3,17.3,17.3,17.3,100
27,17.12,17.12,17.12,17.12,100
29,17.05,17.05,17.05,17.05,100
31,17.147,17.147,17.04,17.04,300
32,17.0189,17.0189,17.0189,17.0189,1000
33,17.02,17.02,17.02,17.02,100
34,17.11,17.11,17.11,17.11,100
36,17.22,17.515,17.15,17.16,600
38,17.14,17.16,17.14,17.16,200
39,17.12,17.57,17.07,17.07,1302
