EXCHANGE%3DNASDAQ
MARKET_OPEN_MINUTE=570
MARKET_CLOSE_MINUTE=960
INTERVAL=600
COLUMNS=DATE,CLOSE,HIGH,LOW,OPEN,VOLUME
DATA=
TIMEZONE_OFFSET=-240
a1493127000,8.33,8.33,8.33,8.33,11619
1,8.45,8.4856,8.35,8.39,7886
2,8.46,8.49,8.41,8.443,7971
3,8.49,8.49,8.46,8.49,18040
4,8.48,8.49,8.46,8.475,10955
5,8.45,8.49,8.44,8.49,8461
6,8.41,8.45,8.41,8.45,5500
7,8.45,8.46,8.41,8.41,6532
8,8.452,8.46,8.45,8.45,2665
9,8.45,8.46,8.45,8.46,2000
10,8.46,8.47,8.45,8.4508,4081
11,8.58,8.58,8.46,8.46,116964
12,8.61,8.65,8.58,8.58,20285
13,8.6,8.63,8.57,8.61,4600
14,8.62,8.62,8.53,8.61,27250
15,8.62,8.62,8.6,8.61,10600
16,8.64,8.65,8.6099,8.6199,16747
17,8.61,8.64,8.585,8.64,17800
18,8.51,8.61,8.51,8.61,18904
19,8.54,8.54,8.47,8.52,16880
20,8.58,8.6,8.54,8.54,11000
21,8.58,8.64,8.51,8.58,53048
22,8.59,8.6047,8.57,8.5784,9700
23,8.62,8.62,8.57,8.59,8734
24,8.59,8.61,8.57,8.61,25620
25,8.56,8.5895,8.54,8.57,10490
26,8.55,8.55,8.54,8.55,4300
27,8.55,8.57,8.54,8.55,12700
28,8.55,8.565,8.55,8.565,2033
29,8.5222,8.55,8.5222,8.54,3974
30,8.54,8.57,8.5,8.55,5600
31,8.52,8.53,8.51,8.52,3700
32,8.54,8.55,8.52,8.52,4000
33,8.57,8.57,8.55,8.55,2100
34,8.57,8.58,8.55,8.57,5585
35,8.58,8.58,8.55,8.57,14400
36,8.59,8.59,8.57,8.58,2088
37,8.5,8.58,8.5,8.58,20517
38,8.4819,8.51,8.48,8.503,13332
39,8.44,8.5,8.43,8.48,128783
144,8.43,8.43,8.43,8.43,2530
145,8.48,8.52,8.43,8.43,2406
146,8.5,8.52,8.41,8.47,4432
147,8.48,8.51,8.48,8.49,2835
148,8.51,8.532,8.5,8.501,3100
149,8.495,8.51,8.47,8.5098,4700
150,8.57,8.57,8.49,8.5,10301
151,8.575,8.61,8.5635,8.58,5800
152,8.64,8.645,8.57,8.58,5940
153,8.62,8.66,8.62,8.64,15244
154,8.615,8.63,8.58,8.61,6100
155,8.65,8.66,8.62,8.63,8190
156,8.65,8.66,8.64,8.65,11130
157,8.64,8.66,8.64,8.64,13100
158,8.64,8.66,8.64,8.65,8830
159,8.63,8.65,8.63,8.63,5768
160,8.68,8.68,8.63,8.63,6900
161,8.69,8.75,8.69,8.7,8251
162,8.69,8.705,8.67,8.69,4526
163,8.72,8.72,8.69,8.69,5200
164,8.71,8.74,8.71,8.72,4497
165,8.74,8.74,8.72,8.72,1700
166,8.72,8.73,8.7,8.73,6755
167,8.7125,8.74,8.71,8.72,4371
168,8.72,8.73,8.706,8.72,8896
169,8.7301,8.74,8.7,8.715,8348
170,8.69,8.75,8.69,8.74,25818
171,8.73,8.76,8.695,8.695,9552
172,8.705,8.73,8.69,8.72,4600
173,8.72,8.74,8.7,8.71,10680
174,8.73,8.76,8.73,8.73,4100
175,8.74,8.765,8.72,8.72,4050
176,8.74,8.76,8.73,8.745,4779
177,8.75,8.75,8.735,8.74,3800
178,8.76,8.77,8.71,8.73,15642
179,8.76,8.77,8.76,8.765,4188
180,8.7512,8.76,8.73,8.75,10988
181,8.72,8.77,8.719,8.7592,11588
182,8.64,8.71,8.61,8.71,24272
183,8.65,8.66,8.62,8.63,77531
288,8.67,8.67,8.67,8.67,6039
289,8.62,8.7117,8.56,8.7117,4743
290,8.6,8.6,8.53,8.6,7300
291,8.64,8.645,8.59,8.59,2600
292,8.66,8.695,8.64,8.65,3100
293,8.68,8.71,8.65,8.65,3676
294,8.59,8.67,8.58,8.67,4460
295,8.615,8.66,8.57,8.59,13209
296,8.55,8.62,8.55,8.5924,5900
297,8.53,8.56,8.51,8.56,10800
298,8.55,8.55,8.521,8.521,3500
299,8.55,8.55,8.52,8.55,3400
300,8.55,8.61,8.55,8.56,6070
301,8.54,8.56,8.52,8.55,2700
302,8.54,8.57,8.52,8.55,4013
303,8.51,8.545,8.51,8.545,5636
304,8.55,8.56,8.52,8.52,1800
305,8.53,8.55,8.53,8.55,3158
306,8.53,8.54,8.52,8.52,1300
307,8.565,8.57,8.53,8.54,1800
308,8.6,8.615,8.56,8.56,2300
309,8.61,8.61,8.56,8.59,2957
310,8.57,8.6099,8.56,8.6099,3119
311,8.58,8.6,8.565,8.565,1800
312,8.565,8.58,8.56,8.57,1400
313,8.6,8.6,8.57,8.57,3013
314,8.59,8.61,8.59,8.6,1500
315,8.56,8.59,8.56,8.57,1900
316,8.56,8.58,8.55,8.58,2700
317,8.55,8.58,8.55,8.57,2000
318,8.51,8.57,8.51,8.57,2500
319,8.52,8.55,8.52,8.55,4600
320,8.52,8.53,8.51,8.52,3200
321,8.5,8.52,8.48,8.52,7514
322,8.46,8.505,8.45,8.495,12317
323,8.465,8.5,8.46,8.46,5336
324,8.52,8.52,8.46,8.465,5060
325,8.52,8.54,8.5025,8.53,6531
326,8.52,8.54,8.51,8.52,7762
327,8.5,8.53,8.5,8.525,44140
432,8.51,8.51,8.51,8.51,2539
433,8.47,8.58,8.45,8.4692,5715
434,8.525,8.56,8.51,8.51,1895
435,8.62,8.63,8.5,8.52,15772
436,8.57,8.62,8.55,8.6,2634
437,8.49,8.57,8.475,8.57,1500
438,8.45,8.47,8.45,8.47,600
439,8.45,8.47,8.4374,8.45,4500
440,8.43,8.45,8.43,8.44,3912
441,8.43,8.46,8.43,8.4514,6400
442,8.43,8.43,8.37,8.42,15667
443,8.43,8.45,8.4,8.41,9471
444,8.41,8.425,8.41,8.42,5300
445,8.44,8.44,8.42,8.42,2700
446,8.45,8.465,8.42,8.43,7500
447,8.45,8.46,8.44,8.44,1000
448,8.465,8.48,8.455,8.46,1700
449,8.48,8.48,8.4673,8.47,1600
450,8.45,8.46,8.445,8.46,1400
451,8.44,8.455,8.44,8.45,1650
452,8.45,8.47,8.45,8.45,1701
453,8.44,8.45,8.44,8.45,1425
454,8.48,8.48,8.44,8.44,4958
455,8.48,8.5,8.46,8.49,4300
456,8.495,8.495,8.46,8.47,2900
457,8.5,8.51,8.5,8.5,5379
458,8.45,8.48,8.45,8.47,800
459,8.49,8.5,8.47,8.47,4000
460,8.5,8.5,8.47,8.49,2000
461,8.5,8.51,8.49,8.49,4800
462,8.52,8.55,8.51,8.51,3850
463,8.51,8.51,8.51,8.51,500
464,8.555,8.555,8.5,8.505,8900
465,8.56,8.56,8.55,8.55,5500
466,8.58,8.58,8.55,8.55,5324
467,8.58,8.6,8.58,8.6,5181
468,8.52,8.58,8.515,8.58,6398
469,8.51,8.53,8.51,8.525,28302
470,8.49,8.51,8.48,8.51,6742
471,8.44,8.49,8.44,8.49,66372
864,8.48,8.48,8.48,8.48,3602
865,8.44,8.52,8.44,8.5,3459
866,8.44,8.485,8.44,8.48,4500
867,8.46,8.5,8.42,8.44,9900
868,8.435,8.46,8.42,8.45,4779
869,8.41,8.44,8.41,8.43,6000
870,8.4,8.42,8.4,8.4,1900
871,8.48,8.48,8.41,8.41,4000
872,8.51,8.52,8.48,8.48,4100
873,8.4899,8.51,8.485,8.49,5250
874,8.51,8.53,8.47,8.48,5797
875,8.5599,8.56,8.51,8.51,5415
876,8.53,8.55,8.51,8.55,3600
877,8.495,8.53,8.495,8.53,2405
878,8.55,8.55,8.5,8.5,4600
879,8.59,8.5984,8.54,8.54,2995
880,8.6,8.6,8.59,8.59,1100
881,8.57,8.6,8.57,8.6,2200
882,8.5584,8.57,8.55,8.57,1680
883,8.56,8.56,8.53,8.55,4100
884,8.565,8.57,8.55,8.55,1300
885,8.55,8.575,8.53,8.56,7619
886,8.59,8.6,8.5499,8.55,5180
887,8.57,8.6,8.57,8.595,3400
888,8.57,8.58,8.5685,8.57,1915
889,8.59,8.59,8.58,8.58,984
890,8.605,8.62,8.5977,8.6,1800
891,8.61,8.63,8.595,8.61,3391
892,8.57,8.62,8.57,8.61,2700
893,8.56,8.575,8.56,8.57,2500
894,8.55,8.57,8.55,8.57,2200
895,8.57,8.58,8.52,8.54,6415
896,8.545,8.565,8.54,8.56,4895
897,8.55,8.57,8.54,8.54,4636
898,8.56,8.57,8.55,8.56,3000
899,8.565,8.57,8.55,8.55,4300
900,8.56,8.57,8.55,8.56,6482
901,8.56,8.57,8.55,8.55,6000
902,8.56,8.56,8.5501,8.555,9643
903,8.55,8.57,8.55,8.56,60884
a1493731800,8.55,8.56,8.55,8.56,2041
1,8.6,8.6361,8.6,8.6361,3300
2,8.59,8.61,8.57,8.6,3300
3,8.66,8.68,8.58,8.58,3428
4,8.7,8.71,8.62,8.65,8300
5,8.7,8.72,8.645,8.69,37300
6,8.72,8.73,8.7044,8.71,5980
7,8.72,8.73,8.715,8.73,7190
8,8.7299,8.73,8.68,8.7171,11405
9,8.72,8.7499,8.715,8.73,3032
10,8.715,8.73,8.715,8.715,3339
11,8.7,8.73,8.685,8.715,4384
12,8.73,8.74,8.69,8.695,10988
13,8.71,8.7299,8.69,8.72,14800
14,8.66,8.72,8.66,8.72,5744
15,8.66,8.6661,8.63,8.66,5637
16,8.71,8.72,8.67,8.67,10477
17,8.71,8.72,8.7,8.71,47180
18,8.72,8.72,8.7,8.7101,11843
19,8.705,8.7199,8.7,8.7148,12820
20,8.705,8.72,8.705,8.71,3100
21,8.71,8.72,8.705,8.7099,3600
22,8.71,8.72,8.7,8.71,1600
23,8.63,8.705,8.63,8.705,31726
24,8.61,8.6252,8.61,8.6252,1950
25,8.56,8.6099,8.55,8.6,4125
26,8.61,8.63,8.555,8.555,9024
27,8.63,8.66,8.59,8.61,12946
28,8.62,8.65,8.62,8.62,11135
29,8.6,8.6199,8.6,8.6199,2200
30,8.612,8.63,8.58,8.5999,6527
31,8.59,8.605,8.575,8.605,5137
32,8.61,8.61,8.6,8.6,1100
33,8.58,8.62,8.58,8.62,3900
34,8.6,8.62,8.58,8.58,6429
35,8.63,8.66,8.605,8.605,8993
36,8.655,8.66,8.62,8.625,21905
37,8.67,8.68,8.65,8.65,16881
38,8.66,8.68,8.64,8.67,22999
39,8.62,8.65,8.61,8.64,55461
144,8.61,8.61,8.61,8.61,4572
145,8.6,8.6,8.5,8.53,1776
146,8.46,8.55,8.44,8.54,4700
147,8.45,8.5158,8.45,8.49,1600
148,8.48,8.5,8.45,8.5,750
149,8.51,8.51,8.51,8.51,115
150,8.47,8.47,8.435,8.45,650
151,8.35,8.43,8.34,8.43,2416
152,8.31,8.335,8.27,8.335,5682
153,8.25,8.29,8.2,8.26,10475
154,8.29,8.29,8.23,8.25,3552
155,8.33,8.35,8.27,8.2774,4987
156,8.2676,8.37,8.26,8.33,8625
157,8.3,8.33,8.285,8.31,3738
158,8.25,8.295,8.25,8.28,7215
159,8.23,8.2525,8.23,8.2525,2400
160,8.22,8.25,8.22,8.24,4500
161,8.23,8.25,8.21,8.2264,4730
162,8.22,8.24,8.21,8.22,2448
163,8.21,8.2232,8.2,8.22,2700
164,8.21,8.23,8.2,8.23,3200
165,8.14,8.205,8.12,8.2,15589
166,8.21,8.22,8.17,8.17,5581
167,8.2,8.21,8.18,8.2,2338
168,8.18,8.205,8.16,8.17,6169
169,8.1771,8.18,8.115,8.18,5193
170,8.14,8.17,8.1306,8.145,1450
171,8.17,8.1711,8.155,8.155,5673
172,8.2,8.21,8.16,8.18,5075
173,8.205,8.21,8.16,8.18,6100
174,8.165,8.22,8.14,8.22,7943
175,8.14,8.16,8.14,8.15,10900
176,8.1197,8.145,8.1,8.14,4919
177,8.175,8.18,8.13,8.13,6653
178,8.15,8.15,8.12,8.15,9926
179,8.111,8.155,8.1,8.155,20719
180,8.111,8.13,8.11,8.11,11210
181,8.1,8.111,8.09,8.11,19850
182,8.15,8.15,8.09,8.09,42116
183,8.07,8.155,8.05,8.15,131183
288,8,8,8,8,11549
289,7.1772,8.22,7.11,8.12,166006
290,7.41,7.44,7.14,7.15,125269
291,7.26,7.45,7.21,7.45,57455
292,7.325,7.3455,7.26,7.26,33471
293,7.315,7.33,7.305,7.32,24826
294,7.49,7.49,7.31,7.315,41574
295,7.57,7.59,7.47,7.49,41699
296,7.44,7.57,7.415,7.57,69851
297,7.405,7.43,7.4,7.43,36866
298,7.43,7.44,7.39,7.405,42000
299,7.45,7.5,7.435,7.44,26626
300,7.395,7.4458,7.39,7.4432,20021
301,7.3,7.395,7.295,7.39,51913
302,7.355,7.36,7.3016,7.3016,39240
303,7.31,7.36,7.31,7.355,18510
304,7.32,7.42,7.31,7.315,57596
305,7.315,7.325,7.31,7.325,8200
306,7.31,7.32,7.31,7.3101,23244
307,7.47,7.47,7.31,7.31,59601
308,7.545,7.55,7.45,7.46,12524
309,7.485,7.62,7.48,7.54,23807
310,7.5,7.52,7.46,7.485,22260
311,7.595,7.61,7.5,7.5,31044
312,7.53,7.5999,7.53,7.5999,38083
313,7.48,7.52,7.48,7.52,10601
314,7.48,7.49,7.48,7.48,9000
315,7.44,7.49,7.44,7.49,22811
316,7.545,7.55,7.435,7.4399,17709
317,7.605,7.61,7.545,7.545,14663
318,7.595,7.61,7.59,7.6,7552
319,7.7,7.76,7.593,7.6,34931
320,7.75,7.76,7.705,7.71,9448
321,7.7,7.755,7.7,7.75,23903
322,7.8,7.8,7.695,7.695,18120
323,7.8,7.83,7.77,7.8,26164
324,7.777,7.8,7.7701,7.8,5778
325,7.745,7.8,7.74,7.775,51689
326,7.75,7.81,7.74,7.745,36995
327,7.735,7.76,7.7,7.76,191157
432,7.82,7.82,7.82,7.82,8385
433,7.76,7.85,7.61,7.62,15800
434,7.58,7.75,7.55,7.75,10218
435,7.555,7.62,7.54,7.5701,12545
436,7.48,7.56,7.4701,7.555,38254
437,7.55,7.6,7.485,7.485,11110
438,7.54,7.582,7.5279,7.5279,8497
439,7.55,7.55,7.5199,7.54,6000
440,7.555,7.56,7.535,7.545,10143
441,7.66,7.66,7.555,7.56,13250
442,7.645,7.67,7.62,7.665,13696
443,7.69,7.7,7.65,7.65,5700
444,7.78,7.79,7.68,7.685,14198
445,7.85,7.89,7.77,7.78,17673
446,7.935,7.935,7.85,7.85,10725
447,7.88,7.95,7.88,7.935,8730
448,7.76,7.885,7.76,7.8801,9256
449,7.78,7.82,7.76,7.76,8385
450,7.7939,7.8,7.78,7.78,2200
451,7.755,7.8,7.755,7.8,3986
452,7.76,7.76,7.75,7.755,1600
453,7.65,7.76,7.65,7.755,26200
454,7.71,7.74,7.655,7.655,11549
455,7.72,7.72,7.71,7.72,1423
456,7.73,7.73,7.715,7.715,3300
457,7.7099,7.735,7.7,7.73,7896
458,7.72,7.72,7.705,7.705,4900
459,7.725,7.73,7.715,7.715,2900
460,7.72,7.73,7.72,7.725,2382
461,7.725,7.73,7.72,7.725,1680
462,7.72,7.73,7.72,7.725,5400
463,7.69,7.73,7.685,7.725,8280
464,7.695,7.7,7.685,7.685,10462
465,7.695,7.7,7.69,7.695,10300
466,7.81,7.81,7.695,7.7,20199
467,7.765,7.82,7.765,7.805,13836
468,7.805,7.81,7.765,7.765,13112
469,7.81,7.81,7.8,7.81,11953
470,7.805,7.825,7.8,7.805,17740
471,7.8,7.81,7.8,7.805,43326
865,7.71,7.8,7.71,7.75,14177
866,7.7138,7.76,7.71,7.71,4700
867,7.7,7.72,7.6607,7.71,7713
868,7.7307,7.7307,7.7,7.71,4800
869,7.65,7.72,7.62,7.72,6371
870,7.6,7.65,7.6,7.6378,27700
871,7.57,7.61,7.57,7.6,8153
872,7.5698,7.6,7.53,7.56,7251
873,7.53,7.56,7.51,7.56,5600
874,7.48,7.56,7.46,7.54,12268
875,7.495,7.5,7.46,7.48,9581
876,7.45,7.49,7.43,7.49,7994
877,7.48,7.48,7.43,7.44,5100
878,7.47,7.49,7.442,7.48,3936
879,7.45,7.47,7.45,7.47,3100
880,7.42,7.45,7.41,7.45,2416
881,7.405,7.43,7.38,7.42,9813
882,7.37,7.4099,7.37,7.4,3392
883,7.365,7.38,7.35,7.37,5393
884,7.36,7.38,7.35,7.3699,8195
885,7.36,7.36,7.34,7.34,3480
886,7.404,7.404,7.35,7.355,3799
887,7.42,7.46,7.39,7.405,33351
888,7.55,7.56,7.42,7.43,16290
889,7.635,7.65,7.54,7.55,23078
890,7.66,7.67,7.62,7.635,11664
891,7.7,7.72,7.66,7.66,19438
892,7.74,7.75,7.69,7.7,8840
893,7.785,7.8,7.738,7.74,14573
894,7.86,7.89,7.79,7.79,42253
895,7.81,7.89,7.79,7.865,9300
896,7.86,7.885,7.82,7.82,13050
897,7.875,7.875,7.84,7.85,4085
898,7.86,7.875,7.85,7.875,7000
899,7.85,7.8599,7.76,7.855,41258
900,7.83,7.8525,7.83,7.84,9537
901,7.815,7.835,7.81,7.835,8397
902,7.83,7.86,7.815,7.82,21540
903,7.84,7.85,7.83,7.83,36005
a1494336600,7.8,7.8,7.8,7.8,4836
1,7.8115,7.9,7.74,7.77,11100
2,7.68,7.83,7.65,7.8,8725
3,7.6999,7.7,7.66,7.68,2341
4,7.62,7.68,7.62,7.68,5934
5,7.55,7.62,7.55,7.62,8248
6,7.59,7.59,7.53,7.565,10538
7,7.5498,7.59,7.5,7.58,7655
8,7.53,7.545,7.46,7.54,16970
9,7.45,7.51,7.44,7.51,5387
10,7.43,7.5,7.43,7.46,10243
11,7.4,7.46,7.4,7.43,10011
12,7.4,7.435,7.38,7.4079,9838
13,7.48,7.495,7.41,7.41,9357
14,7.48,7.5,7.43,7.48,18627
15,7.512,7.535,7.48,7.48,10096
16,7.52,7.55,7.5,7.51,11210
17,7.51,7.53,7.495,7.52,13111
18,7.58,7.6,7.51,7.51,13274
19,7.59,7.59,7.56,7.57,4317
20,7.55,7.58,7.55,7.58,4503
21,7.535,7.56,7.52,7.55,4160
22,7.56,7.6,7.53,7.535,8551
23,7.56,7.57,7.55,7.5601,4148
24,7.6,7.62,7.56,7.565,9986
25,7.6,7.61,7.58,7.59,6682
26,7.5835,7.59,7.57,7.59,5729
27,7.585,7.595,7.57,7.585,16092
28,7.59,7.61,7.5696,7.585,12483
29,7.66,7.67,7.585,7.59,10256
30,7.66,7.68,7.65,7.67,10107
31,7.64,7.67,7.62,7.665,9968
32,7.69,7.69,7.64,7.645,9101
33,7.68,7.705,7.68,7.69,13110
34,7.68,7.715,7.68,7.685,11864
35,7.69,7.7,7.685,7.685,8913
36,7.7058,7.715,7.695,7.695,14443
37,7.655,7.71,7.65,7.705,15753
38,7.64,7.655,7.62,7.655,28701
39,7.65,7.66,7.64,7.64,61753
144,7.6,7.6,7.6,7.6,5925
145,7.64,7.64,7.52,7.6,7668
146,7.63,7.665,7.625,7.64,3255
147,7.695,7.7099,7.6485,7.6599,1833
148,7.67,7.69,7.67,7.68,3421
149,7.6099,7.67,7.6,7.67,4600
150,7.54,7.605,7.54,7.605,3470
151,7.5828,7.5828,7.54,7.55,1301
152,7.5574,7.58,7.54,7.57,6492
153,7.63,7.65,7.55,7.55,5396
154,7.6699,7.6699,7.62,7.63,3900
155,7.66,7.67,7.66,7.67,2400
156,7.62,7.6799,7.6,7.6799,2500
157,7.56,7.61,7.55,7.61,3460
158,7.62,7.62,7.56,7.56,4583
159,7.635,7.65,7.615,7.62,8172
160,7.65,7.659,7.635,7.635,5680
161,7.7498,7.7498,7.645,7.65,9805
162,7.7,7.7399,7.68,7.7399,11760
163,7.695,7.72,7.695,7.7,3615
164,7.695,7.71,7.69,7.6993,5264
165,7.695,7.7,7.6899,7.695,4328
166,7.695,7.715,7.695,7.695,5734
167,7.695,7.6999,7.69,7.6999,2069
168,7.72,7.72,7.695,7.6999,7066
169,7.695,7.7,7.69,7.7,4735
170,7.72,7.72,7.695,7.695,6468
171,7.69,7.7199,7.69,7.7199,4084
172,7.69,7.7,7.68,7.69,7652
173,7.71,7.72,7.7,7.7,6029
174,7.7,7.72,7.7,7.7199,6077
175,7.738,7.738,7.7,7.7,5265
176,7.73,7.75,7.72,7.74,5574
177,7.73,7.74,7.71,7.73,9331
178,7.77,7.77,7.725,7.73,8088
179,7.76,7.77,7.75,7.76,10884
180,7.755,7.77,7.75,7.76,11726
181,7.815,7.82,7.74,7.75,35450
182,7.83,7.86,7.815,7.82,32398
183,7.83,7.84,7.8,7.82,80522
288,7.78,7.78,7.78,7.78,2376
289,7.76,7.85,7.73,7.85,5799
290,7.7,7.755,7.7,7.75,3101
291,7.68,7.73,7.68,7.7,3427
292,7.7225,7.7225,7.66,7.68,4180
293,7.7299,7.74,7.7101,7.72,6300
294,7.71,7.71,7.66,7.71,7866
295,7.71,7.71,7.68,7.71,4584
296,7.69,7.71,7.68,7.691,12550
297,7.7,7.7,7.67,7.67,2900
298,7.7,7.71,7.69,7.7,15900
299,7.69,7.71,7.69,7.7,4691
300,7.71,7.71,7.69,7.71,3390
301,7.68,7.7,7.68,7.69,3685
302,7.685,7.6899,7.66,7.67,1550
303,7.7,7.71,7.68,7.68,6300
304,7.7,7.71,7.69,7.71,1400
305,7.7,7.7,7.67,7.69,3763
306,7.69,7.7,7.69,7.69,3600
307,7.69,7.7,7.68,7.69,4023
308,7.69,7.71,7.68,7.68,5000
309,7.67,7.68,7.67,7.68,1000
310,7.69,7.7,7.67,7.69,1598
311,7.68,7.7,7.68,7.7,2600
312,7.66,7.7,7.66,7.69,3045
313,7.67,7.67,7.66,7.66,1900
314,7.69,7.69,7.66,7.66,1700
315,7.68,7.7,7.68,7.7,3835
316,7.69,7.7,7.68,7.68,3200
317,7.7,7.72,7.68,7.68,10862
318,7.7,7.71,7.69,7.71,6900
319,7.69,7.71,7.69,7.71,3457
320,7.68,7.69,7.68,7.68,600
321,7.71,7.71,7.66,7.68,8109
322,7.7,7.72,7.69,7.7,10000
323,7.68,7.71,7.68,7.69,9667
324,7.67,7.68,7.6675,7.68,2200
325,7.69,7.71,7.66,7.66,15936
326,7.69,7.71,7.69,7.7,17800
327,7.69,7.7,7.665,7.6975,46139
432,7.65,7.65,7.65,7.65,2589
433,7.61,7.705,7.6,7.64,1111
434,7.68,7.69,7.55,7.63,11400
435,7.698,7.72,7.66,7.68,5700
436,7.64,7.7,7.64,7.7,2000
437,7.57,7.615,7.56,7.61,3142
438,7.58,7.61,7.56,7.57,7577
439,7.6,7.6,7.57,7.57,2125
440,7.58,7.59,7.5735,7.59,1900
441,7.56,7.57,7.56,7.57,2000
442,7.57,7.57,7.55,7.56,3858
443,7.55,7.56,7.55,7.56,1000
444,7.57,7.57,7.55,7.55,1400
445,7.62,7.63,7.57,7.57,1200
446,7.628,7.628,7.628,7.628,150
447,7.63,7.63,7.61,7.63,900
448,7.6,7.64,7.6,7.63,3857
449,7.56,7.6,7.56,7.6,1215
450,7.58,7.58,7.57,7.58,1919
451,7.54,7.57,7.53,7.57,2600
452,7.55,7.55,7.53,7.53,1650
454,7.55,7.56,7.55,7.55,1500
455,7.56,7.56,7.55,7.55,1999
456,7.57,7.57,7.56,7.56,850
457,7.575,7.575,7.56,7.56,1100
458,7.56,7.57,7.56,7.57,750
459,7.58,7.58,7.57,7.57,1800
460,7.58,7.58,7.57,7.57,400
461,7.58,7.58,7.58,7.58,1060
462,7.575,7.575,7.575,7.575,100
463,7.58,7.58,7.57,7.5732,3500
464,7.58,7.59,7.57,7.58,4377
465,7.58,7.59,7.58,7.58,1700
466,7.59,7.6001,7.56,7.58,12965
467,7.57,7.6,7.55,7.58,9709
468,7.55,7.58,7.53,7.58,7170
469,7.532,7.55,7.53,7.55,8189
470,7.54,7.55,7.53,7.5456,13600
471,7.53,7.56,7.52,7.545,42119
864,7.58,7.58,7.58,7.58,2351
865,7.7,7.71,7.55,7.6046,4300
866,7.77,7.7778,7.7,7.705,15093
867,7.78,7.78,7.745,7.77,2400
868,7.73,7.76,7.73,7.755,5783
869,7.755,7.755,7.705,7.73,4600
870,7.78,7.795,7.755,7.755,8315
871,7.8299,7.83,7.76,7.77,12975
872,7.86,7.88,7.81,7.82,12300
873,7.89,7.89,7.86,7.86,4000
874,7.93,7.93,7.88,7.89,8367
875,7.945,7.96,7.91,7.91,16666
876,7.98,7.99,7.95,7.95,5975
877,7.971,7.99,7.97,7.97,8965
878,7.91,7.97,7.89,7.97,18412
879,7.93,7.93,7.895,7.9,5963
880,7.91,7.93,7.91,7.93,1200
881,7.9,7.92,7.89,7.92,3400
882,7.88,7.9,7.88,7.8902,5170
883,7.875,7.88,7.86,7.86,1100
884,7.91,7.91,7.87,7.87,3000
885,7.9,7.905,7.89,7.9,7300
886,7.885,7.895,7.86,7.895,13693
887,7.9,7.91,7.89,7.89,6014
888,7.88,7.89,7.88,7.89,600
889,7.88,7.88,7.88,7.88,600
890,7.885,7.89,7.87,7.875,1600
891,7.885,7.885,7.88,7.8801,4200
892,7.86,7.89,7.86,7.885,2300
893,7.84,7.87,7.84,7.86,5200
894,7.85,7.85,7.83,7.84,11501
895,7.8675,7.87,7.845,7.845,3800
896,7.905,7.91,7.87,7.87,37844
897,7.9,7.91,7.89,7.9,5002
898,8.01,8.02,7.91,7.91,25758
899,8.03,8.05,8,8.005,12817
900,8.04,8.045,8.02,8.035,6100
901,8.075,8.08,8.04,8.04,19489
902,8.09,8.1171,8.07,8.075,26366
903,8.06,8.1,8.05,8.095,46892
a1494941400,8.1,8.1,8.1,8.1,4384
1,8.17,8.21,8.02,8.02,6859
2,8.09,8.19,8.08,8.19,2800
3,8.15,8.22,8.13,8.13,12888
4,8.17,8.18,8.1278,8.13,7100
5,8.22,8.22,8.15,8.17,10700
6,8.14,8.22,8.12,8.22,7383
7,8.1,8.175,8.1,8.15,10705
8,8.09,8.0999,8.06,8.0999,4597
9,8.07,8.1,8.07,8.07,3567
10,8.11,8.13,8.065,8.065,6028
11,8.08,8.11,8.065,8.105,6078
12,8.0129,8.09,8.0129,8.08,8101
13,8,8.0299,7.99,8.01,17500
14,7.99,8.01,7.99,8,2974
15,8,8.05,7.995,8,7537
16,7.95,7.97,7.93,7.97,6026
17,7.96,7.96,7.94,7.96,2871
18,7.95,7.97,7.945,7.97,10256
19,7.97,7.97,7.945,7.95,4254
20,7.95,7.96,7.93,7.96,5167
21,7.94,7.97,7.94,7.95,4272
22,7.935,7.955,7.93,7.945,9841
23,7.95,7.96,7.93,7.935,15702
24,7.93,7.96,7.93,7.95,2100
25,7.95,7.96,7.93,7.93,3440
26,7.945,7.96,7.94,7.95,2167
27,7.93,7.9582,7.93,7.95,6121
28,7.87,7.935,7.86,7.93,14509
29,7.85,7.88,7.84,7.86,7336
30,7.85,7.85,7.83,7.85,6533
31,7.83,7.86,7.83,7.85,10497
32,7.82,7.83,7.81,7.83,7086
33,7.83,7.84,7.82,7.82,10314
34,7.81,7.835,7.81,7.835,7693
35,7.81,7.82,7.78,7.82,24973
36,7.8199,7.83,7.8,7.81,11452
37,7.79,7.815,7.79,7.81,10255
38,7.765,7.815,7.76,7.8,24427
39,7.77,7.8,7.76,7.76,90133
144,7.61,7.61,7.61,7.61,3838
145,7.57,7.65,7.53,7.53,12771
146,7.51,7.57,7.51,7.55,13039
147,7.52,7.53,7.51,7.5265,9890
148,7.54,7.54,7.5,7.52,4739
149,7.59,7.59,7.54,7.54,3500
150,7.55,7.59,7.53,7.59,2200
151,7.63,7.68,7.56,7.56,8657
152,7.55,7.63,7.55,7.63,6768
153,7.5772,7.59,7.56,7.56,8531
154,7.63,7.64,7.58,7.58,7909
155,7.627,7.67,7.6093,7.61,14597
156,7.61,7.65,7.6,7.63,5587
157,7.59,7.59,7.59,7.59,200
158,7.63,7.63,7.56,7.56,3500
159,7.6,7.63,7.57,7.615,6651
160,7.62,7.63,7.59,7.6,2400
161,7.58,7.61,7.58,7.61,2000
162,7.5601,7.58,7.56,7.57,1200
163,7.59,7.6,7.56,7.58,4274
164,7.57,7.59,7.56,7.59,3300
165,7.57,7.58,7.57,7.58,900
166,7.54,7.57,7.54,7.57,1770
167,7.54,7.57,7.53,7.57,4426
168,7.54,7.54,7.51,7.54,3000
169,7.53,7.56,7.525,7.54,4099
170,7.53,7.54,7.53,7.53,1600
171,7.52,7.53,7.51,7.5276,2590
172,7.52,7.5257,7.51,7.52,8900
173,7.53,7.57,7.53,7.53,5101
174,7.54,7.54,7.51,7.53,6111
175,7.54,7.555,7.53,7.53,4488
176,7.52,7.54,7.51,7.54,1389
177,7.57,7.57,7.51,7.51,9170
178,7.61,7.62,7.56,7.565,7090
179,7.65,7.65,7.6,7.62,5300
180,7.64,7.64,7.62,7.64,6120
181,7.63,7.64,7.605,7.63,12405
182,7.59,7.64,7.58,7.63,29456
183,7.61,7.629,7.59,7.59,57908
288,7.58,7.58,7.58,7.58,3353
289,7.65,7.65,7.55,7.55,2976
290,7.69,7.71,7.66,7.7,2500
291,7.54,7.65,7.54,7.65,4285
292,7.65,7.66,7.57,7.57,3851
293,7.61,7.66,7.59,7.65,3800
294,7.605,7.615,7.57,7.61,3100
295,7.67,7.67,7.6,7.61,5000
296,7.7,7.71,7.66,7.67,6000
297,7.735,7.74,7.71,7.71,4200
298,7.7,7.77,7.695,7.74,5300
299,7.665,7.71,7.665,7.71,2800
300,7.67,7.67,7.64,7.665,3800
301,7.665,7.69,7.665,7.67,2800
302,7.64,7.65,7.61,7.65,1900
303,7.64,7.67,7.63,7.64,4576
304,7.59,7.65,7.59,7.65,3900
305,7.58,7.61,7.58,7.6,4600
306,7.63,7.63,7.57,7.58,9735
307,7.66,7.66,7.62,7.62,4099
308,7.66,7.67,7.62,7.62,2300
309,7.64,7.66,7.64,7.66,5473
310,7.635,7.65,7.62,7.64,2800
311,7.64,7.665,7.63,7.64,9551
312,7.7,7.71,7.65,7.65,5600
313,7.67,7.7,7.64,7.7,3892
314,7.67,7.69,7.66,7.67,3800
315,7.67,7.69,7.65,7.66,5600
316,7.68,7.69,7.68,7.68,2700
317,7.71,7.72,7.68,7.68,7930
318,7.69,7.7,7.67,7.7,4313
319,7.71,7.74,7.68,7.68,3600
320,7.69,7.72,7.69,7.72,4936
321,7.675,7.69,7.67,7.69,4790
322,7.75,7.75,7.68,7.68,11700
323,7.77,7.81,7.76,7.76,12318
324,7.79,7.79,7.72,7.775,19932
325,7.79,7.82,7.76,7.8,14090
326,7.8,7.82,7.79,7.79,22615
327,7.73,7.8,7.72,7.795,82110
432,7.79,7.79,7.79,7.79,9202
433,7.748,7.748,7.741,7.741,332
434,7.89,7.905,7.81,7.84,7962
435,7.84,7.89,7.83,7.89,2959
436,7.79,7.82,7.79,7.82,1674
437,7.9,7.9,7.8,7.8,3100
438,7.88,7.895,7.83,7.88,3200
439,7.84,7.9,7.84,7.9,2900
440,7.82,7.84,7.82,7.84,12900
441,7.88,7.88,7.83,7.83,2000
442,7.92,7.92,7.87,7.9,5420
443,7.86,7.92,7.86,7.92,3234
444,7.87,7.87,7.85,7.86,1326
445,7.82,7.86,7.8,7.85,4431
446,7.8,7.83,7.8,7.81,1400
447,7.81,7.81,7.79,7.79,2800
448,7.8132,7.84,7.8132,7.82,2573
449,7.81,7.82,7.81,7.81,900
450,7.8,7.8193,7.8,7.8193,1560
451,7.81,7.81,7.8,7.8,6200
452,7.81,7.81,7.8,7.8,2100
453,7.85,7.86,7.81,7.82,4179
454,7.84,7.85,7.84,7.85,2600
455,7.85,7.85,7.83,7.84,1900
456,7.85,7.86,7.84,7.86,1490
457,7.85,7.87,7.82,7.84,3895
458,7.86,7.86,7.83,7.84,2600
459,7.85,7.85,7.8378,7.85,8929
460,7.86,7.86,7.85,7.85,4670
461,7.87,7.87,7.85,7.86,1400
462,7.87,7.87,7.86,7.87,1230
463,7.89,7.9,7.875,7.875,3892
464,7.89,7.9,7.88,7.89,1200
465,7.9,7.9,7.88,7.88,1972
466,7.87,7.9,7.87,7.88,21876
467,7.87,7.9,7.87,7.89,4766
468,7.87,7.92,7.87,7.88,33601
469,7.91,7.91,7.87,7.87,9943
470,7.93,7.94,7.92,7.92,13104
471,7.9,7.93,7.89,7.93,37272
864,7.92,7.92,7.92,7.92,2194
865,7.96,7.96,7.949,7.949,2900
866,8,8.05,7.96,7.962,8258
867,7.99,8.03,7.99,8.03,1100
868,7.96,8,7.9497,7.98,3600
869,7.99,8,7.93,7.99,3400
870,7.96,7.99,7.96,7.96,1500
871,7.94,7.97,7.91,7.96,4385
872,7.925,7.97,7.91,7.93,6500
873,7.915,7.93,7.9,7.92,4262
874,7.92,7.92,7.9,7.9,1720
875,7.97,7.97,7.92,7.92,2000
876,7.92,7.95,7.92,7.95,1900
877,7.88,7.95,7.88,7.93,3780
878,7.89,7.91,7.85,7.86,4200
879,7.9073,7.92,7.865,7.88,14364
880,7.89,7.91,7.875,7.91,1600
881,7.89,7.92,7.89,7.89,1800
882,7.93,7.93,7.86,7.89,3626
883,7.92,7.93,7.89,7.93,2200
884,7.89,7.89,7.89,7.89,600
885,7.88,7.9,7.88,7.89,2100
886,7.93,7.93,7.87,7.88,5497
887,7.91,7.95,7.9,7.93,1600
888,7.9,7.93,7.89,7.89,2100
889,7.89,7.9,7.88,7.9,1010
890,7.88,7.89,7.88,7.89,1000
891,7.89,7.9,7.88,7.88,1000
892,7.89,7.9,7.88,7.89,2145
893,7.9,7.91,7.89,7.89,3973
894,7.9,7.92,7.9,7.92,1200
895,7.93,7.93,7.9,7.9,3425
896,7.925,7.93,7.92,7.92,1600
897,7.97,7.98,7.91,7.91,6752
898,7.97,7.98,7.95,7.96,4200
899,7.98,8,7.96,7.98,15536
900,7.98,7.99,7.97,7.97,7300
901,7.975,7.99,7.97,7.98,10292
902,7.99,8.01,7.97,7.975,34775
903,7.97,7.99,7.96,7.99,36227
a1495546200,8,8,8,8,2444
1,7.95,8.05,7.95,8.05,3166
2,7.89,7.94,7.86,7.94,2235
3,7.945,7.95,7.9079,7.91,3770
4,7.92,7.99,7.92,7.92,4376
5,7.92,7.93,7.92,7.92,2412
6,7.9,7.94,7.9,7.93,4240
7,7.93,7.93,7.92,7.92,1100
8,7.95,7.95,7.92,7.9302,1250
9,7.95,7.975,7.95,7.96,600
10,8,8,7.95,7.95,3200
11,8,8.0152,7.99,8,4914
12,8.07,8.07,8.015,8.02,4150
13,8.1,8.12,8.08,8.08,5771
14,8.1,8.11,8.1,8.11,1400
15,8.08,8.09,8.0612,8.08,3335
16,8.0646,8.0799,8.06,8.0799,1190
17,8.06,8.06,8.06,8.06,100
18,8.04,8.08,8.039,8.055,3800
19,8.03,8.04,8,8.04,1807
20,8.02,8.0399,8.01,8.0399,2301
21,8.0026,8.01,8.0026,8.01,700
22,8.03,8.03,7.99,7.99,1900
23,8.02,8.03,8.02,8.03,500
24,8.07,8.07,8.02,8.02,1327
25,8.07,8.07,8.05,8.05,600
26,8.08,8.08,8.06,8.07,4173
27,8.06,8.08,8.06,8.08,1700
28,8.1,8.1,8.06,8.07,5413
29,8.065,8.11,8.06,8.11,2600
30,8.08,8.08,8.06,8.06,20160
31,8.08,8.09,8.06,8.08,10805
32,8.07,8.08,8.06,8.06,1600
33,8.07,8.09,8.06,8.08,2686
34,8.07,8.0734,8.07,8.07,761
35,8.09,8.1,8.06,8.07,12362
36,8.065,8.09,8.06,8.09,5494
37,8.07,8.09,8.06,8.065,12972
38,8.09,8.1,8.055,8.07,11974
39,8.08,8.1,8.07,8.1,35798
144,8.08,8.08,8.08,8.08,1773
145,8,8.06,7.89,7.9,4069
146,8.11,8.13,8.04,8.06,4422
147,8.1,8.126,8.1,8.12,2480
148,8.08,8.1,8.08,8.1,700
149,8.09,8.11,8.06,8.06,300
150,8.13,8.14,8.09,8.11,6195
151,8.2,8.22,8.14,8.14,10123
152,8.14,8.19,8.14,8.19,1900
153,8.12,8.14,8.12,8.14,4599
154,8.1,8.12,8.1,8.12,400
155,8.14,8.1448,8.11,8.12,3676
156,8.12,8.13,8.11,8.13,950
157,8.07,8.11,8.07,8.11,6273
158,8.06,8.08,8.05,8.07,2300
159,8.054,8.06,8.01,8.06,3669
160,8.05,8.05,8.04,8.04,800
161,8.01,8.04,8.01,8.04,800
162,8.1,8.1,8.01,8.01,13800
163,8.09,8.105,8.08,8.1,5066
164,8.06,8.08,8.06,8.07,1200
165,8.08,8.08,8.06,8.06,6848
166,8.07,8.085,8.07,8.07,3190
167,8.05,8.07,8.05,8.07,700
168,8.025,8.05,8.02,8.05,900
169,8.03,8.05,8,8,2206
170,8.02,8.04,8.02,8.03,400
171,8.06,8.065,8.02,8.02,7855
172,8.06,8.06,8.04,8.05,1200
173,8.085,8.085,8.05,8.06,2300
174,8.08,8.11,8.08,8.09,7500
175,8.09,8.09,8.07,8.08,6550
176,8.09,8.09,8.08,8.08,2661
177,8.05,8.09,8.05,8.09,2000
178,8.03,8.0511,8.01,8.0511,3105
179,8.06,8.078,8.03,8.03,5891
180,8.1,8.12,8.06,8.06,15318
181,8.11,8.17,8.095,8.1,20850
182,8.07,8.11,8.05,8.11,14760
183,8.06,8.07,8.04,8.06,137590
288,8.09,8.09,8.09,8.09,4034
289,8.07,8.12,8.07,8.09,730
290,8.15,8.15,8.11,8.11,2432
291,8.16,8.16,8.14,8.15,1296
292,8.16,8.16,8.14,8.15,1900
293,8.1427,8.1647,8.14,8.1647,700
294,8.12,8.12,8.1,8.1,500
295,8.1,8.125,8.1,8.125,550
296,8.1199,8.1199,8.08,8.08,3366
297,8.1,8.12,8.1,8.11,2500
298,8.038,8.1,8.02,8.1,6504
299,8.04,8.08,8.04,8.05,2857
300,8.03,8.03,7.97,8.026,7860
301,7.98,8.02,7.98,8.02,3495
302,7.94,7.96,7.92,7.96,1100
303,7.93,7.958,7.93,7.95,1990
304,7.95,7.95,7.93,7.93,1400
305,7.92,7.94,7.92,7.94,4790
306,7.94,7.94,7.9,7.9,1100
307,7.99,8,7.93,7.93,3750
308,7.97,8,7.97,7.9873,3800
309,7.97,7.97,7.94,7.96,2500
310,7.94,7.94,7.94,7.94,200
311,7.9,7.93,7.9,7.9,3500
312,7.93,7.93,7.9,7.9,1600
313,7.9399,7.96,7.91,7.93,5849
314,7.96,7.96,7.94,7.94,1300
315,7.955,7.955,7.95,7.955,700
316,8.01,8.01,7.94,7.95,12865
317,7.94,7.99,7.94,7.99,800
318,7.9497,7.9497,7.93,7.93,400
319,7.97,7.98,7.94,7.94,4780
320,7.9899,7.99,7.9621,7.9799,2600
321,7.96,7.98,7.95,7.98,1750
322,8.02,8.02,7.95,7.95,5639
323,8,8.0199,7.995,8.0197,6120
324,7.96,7.9997,7.96,7.99,8350
325,8,8,7.96,7.97,5627
326,7.98,8.025,7.98,8,16759
327,7.97,7.995,7.96,7.98,116853
432,7.95,7.95,7.95,7.95,1425
433,7.92,7.99,7.92,7.9619,1845
434,7.9,7.93,7.9,7.93,5962
435,7.95,7.9619,7.89,7.9,1700
436,7.91,7.98,7.91,7.96,3542
437,7.97,7.98,7.92,7.92,3743
438,7.96,7.975,7.93,7.97,2500
439,8.03,8.04,7.96,7.96,6778
440,7.99,8.01,7.98,8.01,5311
441,8,8.02,8,8,2700
442,8.02,8.02,7.99,8.01,3110
443,8.01,8.02,8.01,8.02,1700
444,8.01,8.01,7.98,8.01,2400
445,8.01,8.05,8.01,8.01,1800
446,8,8,7.98,7.99,1500
447,7.95,7.99,7.95,7.99,2800
448,8.015,8.03,7.96,7.96,1800
449,7.97,8.01,7.97,8,2500
450,7.9999,8,7.95,7.97,7735
451,7.98,8.03,7.98,7.98,8185
452,7.99,8,7.97,7.98,6631
453,8,8,7.99,7.99,1100
454,8.02,8.025,7.988,8,3649
455,8,8.01,7.98,8.01,2000
456,8.0008,8.005,7.97,7.97,4900
457,8,8,7.99,7.99,2300
458,7.98,8.02,7.98,8.01,1900
459,7.98,8,7.97,7.99,1900
460,8.025,8.04,7.9999,7.9999,4800
461,8.01,8.03,8.01,8.01,2097
462,8.03,8.04,8,8.03,2550
463,8.01,8.03,8.01,8.01,1788
464,8.015,8.03,8,8,2900
465,8.02,8.03,8,8,4000
466,7.995,8.02,7.98,8.01,2500
467,8,8.03,7.99,7.99,7576
468,8.03,8.035,7.99,8,6575
469,8.03,8.07,8,8.02,15063
470,8.04,8.06,8.02,8.03,16504
471,8,8.04,7.975,8.04,93214
a1496151000,7.95,7.95,7.95,7.95,1947
1,7.86,7.9,7.86,7.9,4600
2,7.938,7.938,7.85,7.87,3771
3,7.91,7.95,7.91,7.92,6600
4,7.8603,7.9,7.8603,7.9,1825
5,7.88,7.88,7.845,7.86,3500
6,7.84,7.91,7.84,7.88,1600
7,7.9,7.9,7.85,7.85,3700
8,7.89,7.9,7.885,7.9,1578
9,7.87,7.88,7.87,7.88,1400
10,7.88,7.88,7.86,7.87,2600
11,7.88,7.88,7.87,7.87,200
12,7.81,7.89,7.81,7.89,12789
13,7.86,7.86,7.83,7.83,2400
14,7.83,7.85,7.83,7.85,2598
15,7.83,7.84,7.83,7.84,600
16,7.85,7.85,7.83,7.832,2600
17,7.83,7.85,7.83,7.85,2100
18,7.82,7.87,7.82,7.85,11500
19,7.805,7.83,7.8,7.83,5314
20,7.74,7.8,7.74,7.8,26363
21,7.72,7.73,7.69,7.72,4300
22,7.74,7.76,7.725,7.73,7300
23,7.75,7.77,7.74,7.74,2900
24,7.75,7.75,7.75,7.75,700
25,7.775,7.78,7.75,7.75,3200
26,7.78,7.79,7.78,7.79,1700
27,7.76,7.78,7.76,7.78,2700
28,7.79,7.79,7.755,7.78,3600
29,7.76,7.81,7.76,7.79,3800
30,7.72,7.76,7.72,7.76,500
31,7.745,7.7551,7.73,7.73,4720
32,7.73,7.735,7.73,7.735,300
33,7.76,7.76,7.74,7.74,700
34,7.795,7.8,7.75,7.75,2300
35,7.77,7.79,7.77,7.79,3945
36,7.74,7.78,7.74,7.77,4000
37,7.72,7.76,7.72,7.74,3500
38,7.69,7.74,7.69,7.72,6400
39,7.69,7.695,7.67,7.69,32090
144,7.68,7.68,7.68,7.68,6929
145,7.63,7.68,7.58,7.68,7188
146,7.55,7.5952,7.545,7.5952,6831
147,7.455,7.55,7.455,7.545,13547
148,7.42,7.4616,7.41,7.45,3979
149,7.4,7.42,7.36,7.414,10759
150,7.4,7.42,7.36,7.405,5353
151,7.45,7.45,7.415,7.415,4660
152,7.48,7.5,7.44,7.44,1400
153,7.46,7.465,7.39,7.465,7902
154,7.41,7.455,7.41,7.44,3800
155,7.3968,7.42,7.385,7.42,9025
156,7.3501,7.4,7.33,7.4,22711
157,7.39,7.39,7.355,7.355,15063
158,7.43,7.43,7.38,7.38,31430
159,7.5,7.5,7.42,7.43,5321
160,7.518,7.518,7.47,7.47,3500
161,7.55,7.55,7.53,7.53,2250
162,7.575,7.575,7.54,7.54,4600
163,7.59,7.59,7.55,7.57,3800
164,7.61,7.63,7.59,7.59,5967
165,7.6,7.61,7.57,7.61,3142
166,7.51,7.59,7.49,7.59,6000
167,7.53,7.55,7.52,7.52,1900
168,7.51,7.53,7.51,7.53,3075
169,7.52,7.52,7.49,7.51,3300
170,7.48,7.52,7.48,7.52,700
171,7.46,7.48,7.46,7.48,3300
172,7.54,7.54,7.46,7.46,3701
173,7.53,7.55,7.51,7.54,2100
174,7.56,7.59,7.54,7.55,4200
175,7.57,7.58,7.55,7.57,1300
176,7.51,7.57,7.5,7.57,1890
177,7.52,7.55,7.51,7.51,2925
178,7.57,7.57,7.5214,7.5214,4800
179,7.62,7.64,7.57,7.575,8854
180,7.6,7.61,7.595,7.6,4463
181,7.59,7.61,7.59,7.61,20154
182,7.605,7.62,7.57,7.59,30482
183,7.59,7.61,7.55,7.57,155152
288,7.59,7.59,7.59,7.59,9629
289,7.56,7.59,7.47,7.52,3300
290,7.6,7.67,7.59,7.59,1100
291,7.7,7.71,7.66,7.66,1400
292,7.65,7.708,7.65,7.708,1580
293,7.67,7.69,7.65,7.65,1608
294,7.665,7.69,7.65,7.69,3647
295,7.73,7.735,7.6603,7.6603,7094
296,7.68,7.745,7.68,7.745,8465
297,7.75,7.77,7.685,7.685,1800
298,7.74,7.785,7.73,7.76,4000
299,7.74,7.78,7.74,7.74,3055
300,7.74,7.75,7.74,7.75,1895
301,7.74,7.75,7.74,7.744,2900
302,7.74,7.74,7.73,7.73,1400
303,7.76,7.78,7.735,7.735,4824
304,7.76,7.76,7.75,7.76,1600
305,7.77,7.77,7.74,7.75,2200
306,7.75,7.77,7.75,7.76,5200
307,7.71,7.755,7.71,7.75,4100
308,7.73,7.75,7.72,7.72,500
309,7.77,7.77,7.74,7.75,1687
310,7.76,7.77,7.75,7.76,1900
311,7.78,7.79,7.76,7.765,1100
312,7.8,7.8,7.78,7.79,1000
313,7.73,7.79,7.73,7.79,2120
314,7.72,7.75,7.72,7.7375,8921
315,7.73,7.74,7.725,7.73,1142
316,7.76,7.76,7.73,7.735,3300
317,7.7697,7.771,7.75,7.76,8613
318,7.76,7.77,7.76,7.765,1862
319,7.735,7.7617,7.72,7.7617,2900
320,7.705,7.73,7.705,7.73,10800
321,7.69,7.705,7.69,7.7,5001
322,7.71,7.72,7.69,7.6944,5980
323,7.74,7.74,7.71,7.71,4056
324,7.74,7.75,7.73,7.75,2500
325,7.74,7.75,7.73,7.735,5636
326,7.745,7.745,7.72,7.74,24219
327,7.78,7.8,7.74,7.75,72371
432,7.61,7.69,7.61,7.69,10302
433,7.84,7.87,7.69,7.69,4743
434,7.83,7.89,7.82,7.84,2640
435,7.8,7.845,7.8,7.83,6631
436,7.72,7.81,7.66,7.81,5038
437,7.71,7.72,7.68,7.71,3099
438,7.68,7.725,7.68,7.71,2700
439,7.725,7.73,7.68,7.69,5000
440,7.725,7.75,7.72,7.72,2300
441,7.76,7.79,7.72,7.72,3299
442,7.72,7.77,7.72,7.73,6200
443,7.73,7.74,7.71,7.72,4818
444,7.74,7.75,7.72,7.73,4599
445,7.77,7.78,7.73,7.75,7180
446,7.82,7.83,7.77,7.77,3500
447,7.84,7.845,7.81,7.81,4906
448,7.795,7.84,7.795,7.84,3700
449,7.79,7.8,7.78,7.8,2500
450,7.795,7.795,7.79,7.795,3436
451,7.75,7.79,7.75,7.79,2100
452,7.74,7.755,7.74,7.755,2100
453,7.745,7.745,7.74,7.745,2050
454,7.715,7.745,7.71,7.74,4300
455,7.7,7.715,7.7,7.71,4099
456,7.7,7.715,7.7,7.7,3102
457,7.71,7.72,7.7,7.7,4100
458,7.64,7.7,7.59,7.7,41987
459,7.65,7.66,7.64,7.64,5080
460,7.63,7.64,7.62,7.64,3700
461,7.65,7.65,7.61,7.62,10150
462,7.64,7.68,7.64,7.65,2321
463,7.65,7.66,7.65,7.65,2023
464,7.625,7.65,7.615,7.65,4000
465,7.61,7.64,7.61,7.63,4500
466,7.625,7.63,7.615,7.6199,3900
467,7.6,7.625,7.6,7.625,6000
468,7.6,7.61,7.6,7.605,4400
469,7.635,7.64,7.59,7.605,17216
470,7.61,7.64,7.61,7.64,10808
471,7.59,7.6199,7.57,7.615,123027
864,7.55,7.55,7.55,7.55,2569
865,7.6,7.72,7.52,7.56,11467
866,7.6,7.65,7.6,7.6168,3210
867,7.51,7.6,7.5,7.6,5527
868,7.55,7.57,7.51,7.51,1800
869,7.58,7.59,7.57,7.57,3519
870,7.57,7.59,7.57,7.575,4400
871,7.6,7.61,7.57,7.58,2830
872,7.6,7.62,7.6,7.61,2400
873,7.57,7.6,7.57,7.6,3600
874,7.57,7.575,7.54,7.57,6900
875,7.57,7.57,7.57,7.57,1500
876,7.54,7.565,7.54,7.56,5474
877,7.53,7.555,7.52,7.55,7400
878,7.51,7.52,7.5,7.52,6794
879,7.5,7.52,7.5,7.52,4580
880,7.55,7.55,7.51,7.51,4903
881,7.54,7.55,7.54,7.55,2800
882,7.55,7.58,7.54,7.54,4823
883,7.56,7.56,7.55,7.555,1400
884,7.56,7.56,7.54,7.56,2600
885,7.55,7.57,7.55,7.56,900
886,7.62,7.64,7.565,7.565,6523
887,7.6,7.62,7.6,7.62,1100
888,7.58,7.61,7.58,7.61,945
889,7.54,7.58,7.53,7.58,4900
890,7.55,7.56,7.54,7.55,1000
891,7.55,7.55,7.55,7.55,500
892,7.56,7.6,7.56,7.57,6200
893,7.56,7.57,7.55,7.55,1600
894,7.59,7.595,7.56,7.56,4600
895,7.59,7.6,7.58,7.59,3360
896,7.59,7.6,7.59,7.59,4500
897,7.56,7.605,7.56,7.5999,15476
898,7.54,7.56,7.535,7.56,5931
899,7.52,7.57,7.52,7.54,9123
900,7.53,7.54,7.52,7.52,1000
901,7.53,7.55,7.53,7.54,1200
902,7.51,7.54,7.5,7.53,16340
903,7.54,7.555,7.5,7.5,98326
a1496755800,7.45,7.45,7.45,7.45,4788
1,7.46,7.56,7.38,7.56,8313
2,7.45,7.495,7.44,7.45,10495
3,7.5,7.525,7.5,7.5,1052
4,7.5,7.536,7.48,7.5,12771
5,7.5,7.53,7.49,7.49,1222
6,7.49,7.51,7.44,7.51,7217
7,7.45,7.5,7.435,7.485,11492
8,7.48,7.4899,7.47,7.47,2900
9,7.47,7.485,7.45,7.485,7401
10,7.455,7.465,7.445,7.46,10990
11,7.46,7.46,7.45,7.455,5900
12,7.4922,7.4922,7.46,7.47,9320
13,7.495,7.5199,7.49,7.49,4247
14,7.53,7.54,7.495,7.495,3800
15,7.5,7.525,7.5,7.52,1600
16,7.5,7.505,7.5,7.5,2400
17,7.56,7.5698,7.5,7.5,7217
18,7.535,7.56,7.535,7.56,2200
19,7.53,7.53,7.51,7.53,3507
20,7.53,7.54,7.52,7.52,2204
21,7.55,7.5644,7.5201,7.53,6992
22,7.55,7.56,7.54,7.55,3633
23,7.54,7.54,7.54,7.54,538
24,7.55,7.56,7.53,7.53,4714
25,7.51,7.55,7.51,7.55,1400
26,7.51,7.52,7.5,7.51,1900
27,7.51,7.51,7.5,7.5,2000
28,7.52,7.54,7.51,7.51,4900
29,7.58,7.6,7.54,7.54,3192
30,7.635,7.635,7.5793,7.59,6764
31,7.62,7.64,7.615,7.635,4500
32,7.6,7.64,7.6,7.62,17235
33,7.615,7.63,7.6,7.6,4135
34,7.625,7.655,7.61,7.61,7854
35,7.61,7.63,7.595,7.62,4541
36,7.65,7.655,7.61,7.61,7266
37,7.62,7.66,7.61,7.65,8614
38,7.6,7.625,7.6,7.6208,15620
39,7.61,7.62,7.6,7.6,36960
144,7.62,7.62,7.62,7.62,2057
145,7.6,7.72,7.59,7.62,937
146,7.57,7.58,7.54,7.55,3900
147,7.6,7.6,7.53,7.55,5163
148,7.6,7.63,7.6,7.6,1500
149,7.65,7.68,7.62,7.63,4190
150,7.6,7.64,7.6,7.64,2400
151,7.51,7.6,7.51,7.6,5100
152,7.52,7.55,7.51,7.51,3100
153,7.58,7.59,7.52,7.526,3500
154,7.562,7.58,7.56,7.58,1000
155,7.58,7.58,7.56,7.57,1700
156,7.53,7.58,7.53,7.58,1587
157,7.5,7.525,7.5,7.525,700
158,7.48,7.5,7.48,7.5,700
159,7.46,7.48,7.45,7.48,4632
160,7.46,7.46,7.445,7.46,6168
161,7.44,7.465,7.42,7.465,3581
162,7.43,7.4399,7.42,7.4399,3323
163,7.42,7.45,7.42,7.44,900
164,7.4,7.42,7.39,7.402,11349
165,7.3801,7.4,7.37,7.39,3535
166,7.38,7.39,7.37,7.38,2700
167,7.35,7.39,7.35,7.39,9581
168,7.399,7.42,7.35,7.35,9990
169,7.39,7.41,7.37,7.39,1800
170,7.411,7.425,7.4,7.4,4598
171,7.42,7.44,7.42,7.44,1700
172,7.43,7.46,7.42,7.43,3611
173,7.41,7.42,7.41,7.42,4157
174,7.41,7.43,7.41,7.42,1600
175,7.42,7.45,7.4,7.4,7000
176,7.47,7.47,7.4,7.4,18799
177,7.47,7.505,7.4698,7.4698,5090
178,7.49,7.51,7.4734,7.48,3666
179,7.56,7.57,7.47,7.481,11311
180,7.58,7.605,7.55,7.55,14997
181,7.6,7.61,7.57,7.57,27428
182,7.61,7.62,7.57,7.6,16013
183,7.63,7.64,7.57,7.6,79309
288,7.59,7.59,7.59,7.59,2340
289,7.68,7.68,7.5956,7.5956,2500
290,7.73,7.775,7.71,7.73,2800
291,7.71,7.73,7.69,7.73,5450
292,7.74,7.75,7.72,7.72,1100
293,7.81,7.82,7.76,7.76,5823
294,7.775,7.81,7.775,7.8,2130
295,7.8,7.8127,7.76,7.77,4500
296,7.86,7.86,7.8003,7.81,2787
297,7.82,7.86,7.8,7.86,2100
298,7.87,7.88,7.82,7.83,3000
299,7.86,7.87,7.86,7.87,1200
300,7.86,7.8768,7.8553,7.87,3820
301,7.85,7.86,7.8,7.86,17000
302,7.88,7.88,7.85,7.85,2600
303,7.87,7.88,7.8575,7.87,1953
304,7.9,7.9,7.87,7.87,1400
305,7.94,7.945,7.89,7.9,21162
306,7.94,7.95,7.93,7.93,1309
307,7.91,7.94,7.91,7.93,7070
308,7.93,7.97,7.91,7.91,4922
309,7.95,7.95,7.94,7.95,1313
310,7.96,7.96,7.93,7.93,1200
311,7.96,7.98,7.96,7.97,1600
312,7.92,7.96,7.92,7.955,900
313,7.97,7.97,7.95,7.97,700
314,7.99,7.99,7.96,7.97,1900
315,7.99,7.99,7.97,7.98,1000
316,7.99,7.99,7.97,7.99,3150
317,7.99,7.99,7.99,7.99,400
318,7.98,7.99,7.97,7.99,3850
319,8,8,7.98,7.98,102698
320,7.99,8,7.99,8,19804
321,8.01,8.07,7.99,8,173121
322,8.0501,8.055,7.98,8.02,42354
323,8.04,8.06,8.02,8.055,8795
324,8.1,8.11,8.05,8.05,11657
325,8.1,8.16,8.1,8.1,32867
326,8.07,8.09,8.05,8.09,22004
327,8.07,8.08,8.06,8.065,50198
432,8.1,8.1,8.1,8.1,1769
433,8.19,8.19,8.16,8.16,200
434,8.13,8.18,8.09,8.18,4400
435,8.125,8.15,8.12,8.1426,2550
436,8.09,8.13,8.065,8.13,1100
437,8.11,8.12,8.04,8.11,7000
438,8.1,8.13,8.0986,8.1,5299
439,8.11,8.12,8.105,8.11,3135
440,8.14,8.14,8.1,8.1,2100
441,8.164,8.17,8.133,8.133,2890
442,8.24,8.24,8.16,8.16,7168
443,8.25,8.2644,8.2301,8.2302,16488
444,8.1998,8.25,8.17,8.25,8110
445,8.2,8.24,8.19,8.2079,8220
446,8.22,8.24,8.21,8.23,6300
447,8.24,8.24,8.23,8.24,2400
448,8.23,8.24,8.215,8.24,4878
449,8.22,8.27,8.22,8.24,4533
450,8.2,8.23,8.2,8.23,2623
451,8.21,8.23,8.195,8.2,5103
452,8.24,8.26,8.23,8.25,4500
453,8.2,8.26,8.2,8.25,8902
454,8.25,8.25,8.2,8.23,2600
455,8.2419,8.25,8.22,8.23,5600
456,8.25,8.26,8.2368,8.25,7400
457,8.22,8.26,8.22,8.26,7316
458,8.23,8.25,8.23,8.23,2009
459,8.21,8.235,8.21,8.23,3500
460,8.19,8.23,8.18,8.23,6509
461,8.16,8.18,8.16,8.18,6100
462,8.19,8.2,8.165,8.165,2800
463,8.18,8.1999,8.17,8.18,3308
464,8.12,8.19,8.111,8.19,5740
465,8.165,8.17,8.13,8.13,2445
466,8.13,8.18,8.1,8.18,5849
467,8.16,8.17,8.13,8.15,7816
468,8.18,8.19,8.15,8.16,7449
469,8.13,8.175,8.13,8.17,10282
470,8.11,8.12,8.09,8.12,20560
471,8.13,8.15,8.1,8.11,68270
864,8.12,8.12,8.12,8.12,2078
865,8.24,8.26,8.05,8.12,3300
866,8.27,8.29,8.24,8.255,33190
867,8.26,8.29,8.26,8.26,3362
868,8.21,8.265,8.19,8.25,9750
869,8.21,8.225,8.18,8.18,2117
870,8.18,8.23,8.16,8.23,4512
871,8.19,8.2,8.16,8.17,4200
872,8.24,8.27,8.2,8.2,5506
873,8.26,8.28,8.25,8.25,4365
874,8.27,8.28,8.26,8.26,2100
875,8.24,8.29,8.23,8.2799,6397
876,8.25,8.26,8.23,8.24,3200
877,8.27,8.27,8.24,8.26,4100
878,8.24,8.27,8.24,8.27,2300
879,8.26,8.26,8.23,8.26,3200
880,8.29,8.29,8.26,8.27,2500
881,8.25,8.3,8.24,8.3,2564
882,8.28,8.28,8.24,8.24,1299
883,8.26,8.3,8.26,8.27,1800
884,8.26,8.265,8.26,8.265,200
885,8.25,8.26,8.24,8.26,2700
886,8.24,8.26,8.24,8.255,800
887,8.22,8.24,8.22,8.24,1400
888,8.24,8.24,8.22,8.22,2000
889,8.25,8.25,8.24,8.24,600
890,8.28,8.28,8.245,8.245,3273
891,8.28,8.28,8.28,8.28,200
892,8.28,8.28,8.26,8.28,4427
893,8.265,8.28,8.265,8.27,1100
894,8.25,8.27,8.23,8.26,3236
895,8.21,8.2599,8.21,8.2599,2400
896,8.17,8.21,8.17,8.21,3300
897,8.175,8.175,8.15,8.17,2100
898,8.22,8.22,8.18,8.18,3700
899,8.21,8.25,8.21,8.21,5661
900,8.21,8.23,8.2,8.22,2498
901,8.19,8.22,8.19,8.22,8290
902,8.19,8.2,8.185,8.19,6900
903,8.23,8.23,8.185,8.185,33347
a1497360600,8.26,8.26,8.26,8.26,1333
1,8.38,8.4,8.29,8.29,14782
2,8.33,8.44,8.328,8.39,13100
3,8.24,8.35,8.22,8.35,12230
4,8.18,8.24,8.18,8.24,3087
5,8.18,8.18,8.18,8.18,200
6,8.19,8.21,8.18,8.2,6449
7,8.165,8.2,8.165,8.2,1700
8,8.18,8.19,8.14,8.165,3905
9,8.18,8.25,8.17,8.17,10800
10,8.21,8.21,8.17,8.17,3575
11,8.2,8.22,8.195,8.21,5520
12,8.205,8.205,8.18,8.2,3273
13,8.24,8.255,8.2113,8.215,10352
14,8.2,8.25,8.2,8.25,3800
15,8.2,8.2,8.17,8.18,2115
16,8.17,8.19,8.15,8.19,2600
17,8.16,8.18,8.13,8.16,4097
18,8.14,8.15,8.14,8.15,800
19,8.16,8.19,8.15,8.15,3800
20,8.17,8.19,8.16,8.17,2233
21,8.16,8.17,8.15,8.17,1400
22,8.19,8.1911,8.11,8.16,6935
23,8.155,8.2,8.155,8.2,2100
24,8.15,8.17,8.14,8.16,2267
25,8.15,8.18,8.13,8.17,7791
26,8.16,8.17,8.14,8.16,4200
27,8.18,8.185,8.15,8.17,4434
28,8.215,8.23,8.17,8.18,4430
29,8.22,8.23,8.2138,8.2138,3100
30,8.21,8.24,8.21,8.23,6409
31,8.2,8.2225,8.195,8.2,4800
32,8.2,8.205,8.19,8.2,4100
33,8.215,8.22,8.2,8.2,4793
34,8.23,8.23,8.21,8.21,5003
35,8.22,8.225,8.17,8.225,9298
36,8.21,8.225,8.2,8.22,5900
37,8.205,8.22,8.2,8.22,7450
38,8.2,8.21,8.19,8.21,13546
39,8.21,8.23,8.19,8.195,42179
144,8.2,8.2,8.2,8.2,1758
145,8.25,8.25,8.16,8.2,3490
146,8.14,8.195,8.14,8.18,1500
147,8.16,8.18,8.1,8.11,5700
148,8.14,8.17,8.11,8.17,3100
149,8.2,8.22,8.13,8.13,2849
150,8.16,8.22,8.15,8.21,5500
151,8.07,8.13,8.055,8.13,2700
152,8.05,8.09,8.04,8.07,2900
153,8.02,8.05,8,8.035,2000
154,8.05,8.07,8.03,8.05,3000
155,8.06,8.06,8.02,8.04,3600
156,8.04,8.09,8.04,8.06,5800
157,8.03,8.04,8.01,8.04,2678
158,8.01,8.02,8,8.02,4000
159,8.035,8.035,8,8.01,2947
160,7.92,8.02,7.92,8.02,7081
161,7.93,7.95,7.92,7.92,2700
162,7.98,7.99,7.95,7.95,3385
163,8,8.01,7.97,7.97,2200
164,7.99,8.02,7.99,8.005,2709
165,7.98,7.98,7.97,7.98,1600
166,8.01,8.05,7.99,7.99,3400
167,8.02,8.03,8.01,8.01,1800
168,8.04,8.04,8.03,8.03,2700
169,8.05,8.05,7.99,8.03,4800
170,8.03,8.03,8.02,8.02,300
171,7.98,8.02,7.98,8.02,1500
172,7.97,8.005,7.95,7.95,3200
173,7.92,7.99,7.92,7.97,2700
174,7.95,7.95,7.9,7.92,4125
175,7.92,7.965,7.91,7.95,2608
176,7.95,7.96,7.91,7.925,3896
177,7.995,8.01,7.94,7.96,4389
178,8,8.02,7.97,7.98,4988
179,7.96,7.98,7.93,7.95,6899
180,7.93,7.97,7.93,7.96,4154
181,7.98,7.98,7.92,7.92,6483
182,7.97,8.02,7.97,7.99,11600
183,7.95,7.99,7.9201,7.98,61687
288,7.84,7.84,7.84,7.84,3835
289,7.9,8.03,7.82,8.03,3057
290,7.96,8,7.84,7.93,7373
291,7.975,7.98,7.93,7.98,1690
292,7.955,8,7.95,7.985,3100
293,7.97,7.98,7.97,7.975,2100
294,7.96,7.97,7.93,7.965,3300
295,7.95,7.985,7.93,7.985,6592
296,7.91,7.9468,7.9,7.9468,5950
297,7.88,7.92,7.82,7.92,6583
298,7.86,7.9,7.85,7.88,3400
299,7.83,7.87,7.83,7.84,6700
300,7.88,7.88,7.82,7.82,3199
301,7.865,7.88,7.86,7.87,2500
302,7.905,7.905,7.87,7.87,3613
303,7.88,7.91,7.88,7.905,2700
304,7.89,7.9,7.89,7.89,700
305,7.89,7.9,7.88,7.88,1734
306,7.86,7.89,7.86,7.89,700
307,7.8601,7.87,7.8601,7.87,700
308,7.86,7.88,7.86,7.87,2900
309,7.86,7.88,7.85,7.85,1675
310,7.88,7.92,7.84,7.88,4599
311,7.87,7.89,7.87,7.88,2175
312,7.86,7.8799,7.86,7.87,950
313,7.89,7.89,7.87,7.87,1400
314,7.87,7.9,7.87,7.89,2000
315,7.85,7.88,7.85,7.8678,2650
316,7.86,7.87,7.83,7.85,4233
317,7.84,7.87,7.84,7.86,3825
318,7.86,7.87,7.82,7.82,2397
319,7.82,7.87,7.81,7.86,7027
320,7.86,7.86,7.82,7.82,4777
321,7.85,7.87,7.835,7.86,4595
322,7.86,7.87,7.849,7.85,4500
323,7.89,7.895,7.86,7.86,13994
324,7.87,7.89,7.87,7.885,8550
325,7.84,7.89,7.84,7.87,10360
326,7.89,7.91,7.84,7.85,42423
327,7.9,7.9,7.86,7.895,52486
432,7.86,7.86,7.86,7.86,61304
433,7.81,7.86,7.8,7.86,2000
434,7.81,7.84,7.79,7.8,3638
435,7.88,7.91,7.84,7.84,5360
436,7.86,7.91,7.86,7.883,4200
437,7.88,7.88,7.87,7.87,900
438,7.88,7.9,7.88,7.89,4500
439,7.87,7.9,7.87,7.87,2800
440,7.84,7.89,7.83,7.89,6645
441,7.85,7.85,7.83,7.84,1000
442,7.84,7.86,7.82,7.86,1600
443,7.8,7.85,7.8,7.85,1700
444,7.74,7.8,7.711,7.8,8756
445,7.74,7.75,7.72,7.75,4433
446,7.71,7.74,7.71,7.74,1600
447,7.7,7.72,7.7,7.715,2425
448,7.7,7.73,7.69,7.7,1500
449,7.73,7.73,7.715,7.73,1800
450,7.735,7.74,7.72,7.74,1809
451,7.77,7.78,7.7314,7.7314,2685
452,7.78,7.785,7.76,7.76,2753
453,7.735,7.79,7.73,7.78,2300
454,7.73,7.76,7.73,7.74,3878
455,7.76,7.76,7.73,7.73,1900
456,7.85,7.85,7.77,7.77,2809
457,7.79,7.84,7.78,7.84,2132
458,7.76,7.78,7.76,7.78,2190
459,7.775,7.7898,7.76,7.77,3600
460,7.79,7.79,7.77,7.79,500
461,7.77,7.79,7.77,7.78,500
462,7.81,7.81,7.77,7.77,3000
463,7.8,7.82,7.8,7.81,4174
464,7.82,7.84,7.79,7.79,6039
465,7.83,7.84,7.815,7.82,2600
466,7.845,7.85,7.8334,7.835,2000
467,7.845,7.85,7.83,7.845,7360
468,7.8,7.85,7.8,7.85,5800
469,7.78,7.8,7.77,7.8,8448
470,7.73,7.8,7.73,7.79,10810
471,7.74,7.76,7.73,7.74,323523
864,7.77,7.77,7.77,7.77,2445
865,7.79,7.82,7.77,7.77,2500
866,7.69,7.78,7.65,7.78,8343
867,7.68,7.71,7.61,7.7,4724
868,7.665,7.68,7.66,7.67,1900
869,7.62,7.665,7.6,7.65,4000
870,7.649,7.649,7.6,7.62,3943
871,7.66,7.67,7.64,7.65,2580
872,7.65,7.74,7.65,7.67,5617
873,7.72,7.72,7.66,7.66,2112
874,7.7,7.71,7.66,7.7,3899
875,7.645,7.7,7.645,7.7,1900
876,7.58,7.65,7.57,7.65,5700
877,7.62,7.62,7.56,7.585,14300
878,7.59,7.62,7.59,7.62,1600
879,7.57,7.6,7.56,7.59,3100
880,7.62,7.62,7.575,7.575,2332
881,7.62,7.63,7.61,7.61,3619
882,7.63,7.63,7.61,7.61,4097
883,7.69,7.69,7.62,7.62,17299
884,7.7,7.705,7.67,7.68,2600
885,7.695,7.71,7.69,7.7,4626
886,7.69,7.7,7.68,7.695,6032
887,7.69,7.7,7.68,7.68,5348
888,7.685,7.705,7.685,7.69,4441
889,7.695,7.7,7.68,7.685,6300
890,7.7,7.7,7.68,7.69,2300
891,7.695,7.705,7.69,7.7,18890
892,7.7199,7.7199,7.665,7.69,31467
893,7.76,7.76,7.7,7.705,2624
894,7.76,7.76,7.73,7.75,2988
895,7.78,7.81,7.78,7.785,2700
896,7.81,7.82,7.79,7.8,4025
897,7.82,7.82,7.8,7.81,3100
898,7.83,7.84,7.82,7.83,6400
899,7.84,7.86,7.83,7.84,6400
900,7.85,7.85,7.83,7.84,5700
901,7.86,7.89,7.83,7.85,5786
902,7.85,7.88,7.83,7.85,12475
903,7.82,7.86,7.81,7.85,38532
a1497965400,7.78,7.78,7.78,7.78,818
1,7.68,7.78,7.66,7.78,3296
2,7.64,7.7,7.63,7.69,2798
3,7.64,7.65,7.62,7.65,2286
4,7.6332,7.64,7.6,7.64,7500
5,7.72,7.73,7.64,7.64,3300
6,7.71,7.73,7.7,7.72,3100
7,7.725,7.75,7.705,7.71,7990
8,7.71,7.72,7.71,7.72,1394
9,7.75,7.75,7.73,7.73,600
10,7.78,7.78,7.73,7.73,1200
11,7.78,7.78,7.77,7.78,400
12,7.81,7.81,7.79,7.79,1700
13,7.83,7.84,7.8,7.8,900
14,7.85,7.86,7.8202,7.8202,1600
15,7.86,7.89,7.85,7.8599,2396
16,7.86,7.88,7.852,7.852,3700
17,7.77,7.85,7.77,7.85,3300
18,7.77,7.78,7.75,7.78,3489
19,7.75,7.79,7.75,7.775,1300
20,7.69,7.75,7.69,7.75,3469
21,7.735,7.735,7.69,7.69,1971
22,7.77,7.77,7.75,7.75,500
23,7.78,7.79,7.78,7.78,800
24,7.77,7.79,7.75,7.79,1200
25,7.745,7.76,7.72,7.72,1000
26,7.8,7.8,7.74,7.76,1300
27,7.75,7.8,7.75,7.8,1492
28,7.77,7.78,7.75,7.75,2190
29,7.77,7.78,7.75,7.765,1100
30,7.78,7.79,7.77,7.77,900
31,7.77,7.8,7.77,7.77,1304
32,7.78,7.78,7.75,7.76,1300
33,7.76,7.78,7.76,7.78,1700
34,7.75,7.78,7.75,7.77,2514
35,7.72,7.76,7.71,7.75,3765
36,7.69,7.73,7.67,7.71,5885
37,7.65,7.69,7.65,7.68,5700
38,7.62,7.67,7.61,7.65,14695
39,7.66,7.67,7.625,7.625,35441
144,7.72,7.72,7.72,7.72,4982
145,7.615,7.66,7.59,7.66,2660
146,7.62,7.64,7.6,7.6,3070
147,7.63,7.64,7.63,7.63,1272
148,7.6,7.63,7.59,7.625,3862
149,7.61,7.63,7.61,7.61,1370
150,7.6,7.6,7.6,7.6,500
151,7.64,7.64,7.61,7.61,1100
152,7.65,7.66,7.64,7.66,1000
153,7.63,7.65,7.63,7.64,5700
154,7.61,7.64,7.61,7.64,1200
155,7.59,7.6125,7.59,7.61,1992
156,7.59,7.6,7.59,7.6,746
157,7.5925,7.6,7.59,7.6,1600
158,7.615,7.62,7.59,7.59,1453
159,7.64,7.64,7.6001,7.61,3500
160,7.61,7.645,7.61,7.64,1400
161,7.62,7.63,7.6001,7.62,2569
162,7.625,7.63,7.61,7.63,510
163,7.6,7.62,7.6,7.62,2881
164,7.5804,7.6,7.58,7.6,6356
165,7.585,7.6,7.58,7.6,15318
166,7.58,7.59,7.58,7.58,10221
167,7.46,7.585,7.45,7.58,37039
168,7.46,7.46,7.46,7.46,200
169,7.45,7.46,7.44,7.46,1258
170,7.4511,7.46,7.4511,7.46,1700
171,7.42,7.4389,7.409,7.43,16401
172,7.42,7.436,7.42,7.43,4660
173,7.42,7.44,7.42,7.44,900
174,7.48,7.48,7.43,7.4335,7673
175,7.515,7.515,7.48,7.48,3985
176,7.5,7.515,7.5,7.51,1863
177,7.48,7.5015,7.48,7.495,3039
178,7.5,7.5,7.48,7.49,1600
179,7.48,7.5,7.48,7.49,550
180,7.47,7.5,7.47,7.4885,3111
181,7.425,7.48,7.425,7.48,8020
182,7.44,7.47,7.42,7.425,17135
183,7.45,7.465,7.435,7.435,49442
288,7.48,7.48,7.48,7.48,1830
289,7.43,7.58,7.43,7.53,6749
290,7.53,7.57,7.44,7.44,5153
291,7.6,7.64,7.54,7.54,2234
292,7.58,7.592,7.58,7.59,1500
293,7.6,7.61,7.57,7.57,2800
294,7.62,7.645,7.61,7.62,3000
295,7.61,7.64,7.58,7.62,1400
296,7.63,7.63,7.57,7.605,1157
297,7.71,7.71,7.63,7.63,3500
298,7.72,7.73,7.71,7.71,3684
299,7.67,7.68,7.64,7.68,1500
300,7.74,7.74,7.66,7.66,4610
301,7.725,7.74,7.71,7.715,3630
302,7.77,7.81,7.72,7.74,10300
303,7.75,7.76,7.75,7.75,2600
304,7.79,7.79,7.76,7.76,1600
305,7.8,7.81,7.78,7.78,3769
306,7.78,7.819,7.78,7.8,3900
307,7.819,7.82,7.78,7.78,2641
308,7.81,7.82,7.79,7.81,2600
309,7.84,7.84,7.81,7.82,3254
310,7.79,7.84,7.79,7.84,3750
311,7.71,7.79,7.71,7.79,3100
312,7.67,7.72,7.67,7.701,2100
313,7.71,7.71,7.65,7.65,800
314,7.7,7.72,7.7,7.7,900
315,7.7,7.73,7.7,7.72,1700
316,7.755,7.77,7.71,7.71,7090
317,7.75,7.757,7.74,7.74,1000
318,7.775,7.78,7.74,7.74,3268
319,7.77,7.79,7.77,7.79,700
320,7.8,7.82,7.77,7.79,10200
321,7.84,7.84,7.8,7.81,2685
322,7.84,7.85,7.83,7.84,2900
323,7.78,7.84,7.78,7.839,6115
324,7.74,7.77,7.74,7.77,5172
325,7.75,7.77,7.74,7.74,5270
326,7.7,7.755,7.7,7.74,13159
327,7.71,7.72,7.68,7.68,30231
432,7.71,7.71,7.71,7.71,888
433,7.565,7.7,7.565,7.63,2200
434,7.58,7.59,7.54,7.54,3240
435,7.64,7.64,7.595,7.595,1617
436,7.655,7.68,7.64,7.64,4297
437,7.71,7.72,7.645,7.645,4935
438,7.71,7.74,7.7,7.7,3448
439,7.68,7.76,7.68,7.72,3871
440,7.69,7.71,7.67,7.67,2706
441,7.72,7.72,7.695,7.7,2390
442,7.71,7.7268,7.71,7.71,1800
443,7.68,7.7,7.68,7.7,1200
444,7.66,7.68,7.66,7.67,1700
445,7.66,7.67,7.6582,7.665,850
447,7.71,7.71,7.645,7.65,4900
449,7.7,7.72,7.7,7.72,500
450,7.65,7.7,7.65,7.7,4500
451,7.64,7.67,7.63,7.64,12689
453,7.64,7.66,7.64,7.66,200
454,7.585,7.64,7.58,7.64,2200
455,7.59,7.62,7.59,7.6,2001
458,7.57,7.6,7.56,7.59,1800
459,7.58,7.6,7.58,7.58,2000
460,7.65,7.65,7.59,7.59,6477
461,7.66,7.67,7.62,7.64,4894
462,7.64,7.66,7.63,7.66,5711
463,7.65,7.65,7.64,7.65,2900
464,7.66,7.66,7.639,7.64,5215
465,7.66,7.72,7.63,7.67,10586
466,7.65,7.66,7.65,7.65,2100
467,7.675,7.68,7.649,7.65,3800
468,7.7,7.705,7.67,7.7,5100
469,7.7,7.72,7.7,7.7,6108
470,7.77,7.77,7.7,7.705,12300
471,7.76,7.78,7.74,7.75,197462
864,7.87,7.88,7.76,7.76,13037
865,7.83,7.87,7.77,7.87,8408
866,7.86,7.98,7.83,7.83,31996
867,7.9,7.93,7.86,7.86,1500
868,7.93,7.95,7.93,7.94,1200
869,7.87,7.9,7.87,7.9,600
870,7.87,7.87,7.845,7.865,2200
871,7.87,7.87,7.85,7.86,5275
872,7.85,7.87,7.82,7.86,4404
873,7.835,7.85,7.82,7.85,2000
874,7.81,7.83,7.8,7.82,4888
875,7.895,7.9,7.82,7.82,2100
876,8,8,7.9,7.9,30702
877,8.05,8.05,7.98,7.98,11420
878,8.12,8.14,8.0411,8.07,14713
879,8.09,8.15,8.06,8.11,15880
880,8.06,8.09,8.05,8.09,2200
881,8.08,8.08,8.07,8.07,500
882,8.02,8.07,8.02,8.07,2406
883,8.1,8.1,8.0115,8.0115,6380
884,8.05,8.09,8.05,8.09,800
885,8.11,8.11,8.05,8.05,9014
886,8.11,8.11,8.08,8.08,1900
887,8.13,8.15,8.09,8.09,5204
888,8.12,8.13,8.085,8.13,7399
889,8.14,8.14,8.105,8.11,2299
890,8.11,8.14,8.08,8.12,2738
891,8.09,8.09,8.08,8.09,400
892,8.08,8.1,8.0718,8.08,3750
893,8.05,8.08,8.05,8.07,1500
894,8.07,8.08,8.04,8.055,10100
895,8.1,8.1,8.075,8.075,2656
896,8.08,8.1,8.08,8.1,1400
897,8.07,8.09,8.07,8.08,2934
898,8.05,8.089,8.05,8.089,4246
899,8.06,8.07,8.05,8.07,3600
900,8.06,8.07,8.05,8.06,1876
901,8.065,8.07,8.05,8.06,3000
902,8.06,8.07,8.04,8.065,12905
903,8.03,8.07,8.03,8.06,31589
a1498570200,8.06,8.06,8.06,8.06,1738
1,8.02,8.06,8.01,8.06,3400
2,8.08,8.08,8.03,8.03,900
3,8.05,8.08,8.05,8.06,1250
4,8.035,8.08,8.03,8.055,3500
5,8.04,8.04,8.02,8.02,1800
6,8.05,8.055,8.03,8.03,2100
7,8.06,8.075,8.06,8.06,1775
8,8.22,8.24,8.07,8.08,27405
9,8.18,8.215,8.18,8.21,4610
10,8.2307,8.25,8.17,8.17,15805
11,8.24,8.3,8.24,8.24,9811
12,8.25,8.25,8.24,8.24,780
13,8.27,8.28,8.24,8.24,3923
14,8.28,8.28,8.26,8.26,2000
15,8.32,8.32,8.275,8.275,13891
16,8.35,8.36,8.31,8.31,3800
17,8.34,8.37,8.34,8.37,4016
18,8.26,8.335,8.24,8.33,6400
19,8.2,8.27,8.18,8.27,13174
20,8.2,8.2,8.19,8.2,2200
21,8.23,8.25,8.2,8.21,8000
22,8.19,8.26,8.19,8.24,4300
23,8.21,8.22,8.18,8.19,1900
24,8.21,8.21,8.2,8.2,800
25,8.17,8.24,8.17,8.22,2700
26,8.15,8.16,8.15,8.16,1257
27,8.14,8.17,8.14,8.15,6776
28,8.14,8.15,8.11,8.13,5900
29,8.13,8.14,8.13,8.13,1100
30,8.13,8.14,8.112,8.14,3100
31,8.17,8.18,8.12,8.13,9800
32,8.195,8.195,8.15,8.17,1772
33,8.18,8.19,8.17,8.19,3300
34,8.18,8.19,8.18,8.18,2190
35,8.19,8.19,8.19,8.19,200
36,8.2,8.2,8.18,8.2,2600
37,8.21,8.22,8.19,8.2,7813
38,8.24,8.25,8.21,8.21,19192
39,8.25,8.27,8.22,8.24,59489
144,8.25,8.31,8.23,8.31,2147
145,8.31,8.41,8.28,8.3,7200
146,8.3,8.38,8.29,8.37,4214
147,8.34,8.34,8.26,8.3,3366
148,8.3956,8.43,8.34,8.34,2900
149,8.41,8.45,8.41,8.42,2785
150,8.365,8.45,8.35,8.43,3100
151,8.36,8.3999,8.3,8.365,21320
152,8.3,8.34,8.3,8.33,3103
153,8.33,8.35,8.3,8.3,2100
154,8.375,8.39,8.36,8.36,5000
155,8.4,8.41,8.37,8.37,3200
156,8.365,8.4,8.35,8.39,4457
157,8.355,8.37,8.34,8.35,2642
158,8.3,8.35,8.3,8.35,2245
159,8.375,8.375,8.3,8.3,1850
160,8.365,8.365,8.35,8.36,600
161,8.34,8.38,8.34,8.35,2909
162,8.365,8.37,8.34,8.34,2725
163,8.374,8.39,8.37,8.37,3700
164,8.38,8.39,8.36,8.38,4390
165,8.45,8.45,8.38,8.3864,8623
166,8.44,8.47,8.44,8.45,3902
167,8.44,8.46,8.43,8.44,1200
168,8.42,8.45,8.42,8.44,3800
169,8.44,8.44,8.42,8.42,2300
170,8.39,8.43,8.37,8.42,6512
171,8.4099,8.42,8.385,8.39,4774
172,8.4,8.42,8.3455,8.41,20239
173,8.38,8.41,8.38,8.4,3100
174,8.35,8.38,8.35,8.38,1900
175,8.34,8.355,8.33,8.35,2233
176,8.335,8.37,8.335,8.34,26600
177,8.31,8.335,8.31,8.33,3236
178,8.3,8.33,8.29,8.3,5800
179,8.28,8.31,8.28,8.31,1425
180,8.33,8.33,8.28,8.28,9010
181,8.325,8.33,8.31,8.325,6556
182,8.31,8.33,8.26,8.33,14566
183,8.32,8.32,8.3,8.31,41821
288,8.34,8.34,8.34,8.34,3002
289,8.31,8.33,8.25,8.26,1327
290,8.37,8.39,8.3,8.3,43081
291,8.36,8.36,8.36,8.36,599
292,8.34,8.36,8.33,8.36,1200
293,8.38,8.39,8.33,8.34,3300
294,8.44,8.46,8.39,8.39,2049
295,8.51,8.51,8.46,8.46,4431
296,8.51,8.51,8.48,8.5,3280
297,8.548,8.61,8.51,8.51,16492
298,8.54,8.58,8.52,8.55,6500
299,8.55,8.55,8.52,8.54,2300
300,8.47,8.55,8.4585,8.55,10215
301,8.4,8.47,8.3801,8.47,4500
302,8.39,8.41,8.36,8.38,2600
303,8.39,8.42,8.39,8.41,1500
304,8.39,8.39,8.37,8.37,1645
305,8.4,8.405,8.39,8.39,1771
306,8.36,8.39,8.33,8.38,8800
307,8.32,8.3398,8.31,8.3398,1400
308,8.31,8.32,8.305,8.31,1800
309,8.29,8.31,8.29,8.3,5430
310,8.26,8.28,8.26,8.28,1500
311,8.25,8.255,8.245,8.25,2850
312,8.2,8.25,8.19,8.25,5462
313,8.23,8.23,8.2,8.21,2100
314,8.28,8.28,8.23,8.23,4135
315,8.29,8.29,8.27,8.29,3200
316,8.32,8.32,8.285,8.3,2300
317,8.33,8.34,8.32,8.32,1545
318,8.39,8.39,8.33,8.33,3393
319,8.39,8.39,8.3601,8.38,5600
320,8.37,8.39,8.37,8.39,4060
321,8.33,8.38,8.32,8.3693,6477
322,8.34,8.35,8.32,8.34,1000
323,8.35,8.355,8.33,8.35,4775
324,8.34,8.35,8.325,8.34,6100
325,8.35,8.36,8.34,8.34,6248
326,8.335,8.35,8.325,8.35,48040
327,8.37,8.39,8.315,8.33,67457
432,8.37,8.37,8.37,8.37,4916
433,8.34,8.36,8.2501,8.36,400
434,8.36,8.44,8.34,8.34,1935
435,8.32,8.36,8.27,8.27,600
436,8.34,8.35,8.32,8.34,1364
437,8.28,8.32,8.28,8.32,500
438,8.3,8.32,8.28,8.29,2700
439,8.27,8.3,8.27,8.3,500
440,8.22,8.275,8.22,8.27,1400
441,8.24,8.25,8.21,8.22,3500
442,8.3,8.3,8.23,8.24,5086
443,8.3,8.31,8.28,8.31,700
444,8.29,8.33,8.29,8.31,2300
445,8.31,8.31,8.3,8.3,900
446,8.31,8.321,8.31,8.321,700
447,8.36,8.38,8.3,8.31,9500
448,8.34,8.34,8.34,8.34,200
449,8.32,8.36,8.32,8.36,1200
450,8.31,8.31,8.3,8.31,800
451,8.3,8.32,8.3,8.31,1100
452,8.31,8.355,8.28,8.3,18211
453,8.31,8.33,8.29,8.29,800
454,8.36,8.36,8.32,8.32,600
455,8.365,8.39,8.34,8.36,2400
456,8.42,8.42,8.36,8.39,1300
457,8.43,8.43,8.4,8.4,1481
458,8.405,8.42,8.4,8.41,1200
459,8.37,8.41,8.36,8.41,2630
460,8.4,8.4225,8.37,8.37,5006
461,8.4,8.42,8.4,8.4,1900
462,8.42,8.42,8.39,8.41,2000
463,8.38,8.45,8.38,8.41,12100
464,8.38,8.41,8.375,8.38,6691
465,8.39,8.4,8.37,8.37,2000
466,8.36,8.375,8.32,8.375,11017
467,8.33,8.36,8.32,8.33,2000
468,8.33,8.35,8.33,8.34,2837
469,8.28,8.33,8.28,8.33,2905
470,8.285,8.35,8.27,8.28,9540
471,8.29,8.34,8.28,8.31,77394
864,8.33,8.33,8.33,8.33,1672
865,8.32,8.39,8.29,8.31,1800
866,8.34,8.42,8.34,8.37,8200
867,8.31,8.34,8.31,8.32,1900
868,8.39,8.4,8.33,8.33,1600
869,8.43,8.43,8.35,8.39,2670
870,8.39,8.4278,8.35,8.4278,5504
871,8.39,8.4,8.37,8.38,1700
872,8.405,8.41,8.38,8.38,1500
873,8.32,8.39,8.32,8.39,5051
874,8.33,8.355,8.29,8.32,3300
875,8.32,8.34,8.305,8.34,1700
876,8.36,8.38,8.31,8.32,3400
877,8.37,8.37,8.34,8.35,3000
878,8.355,8.3684,8.35,8.36,1800
879,8.29,8.35,8.29,8.35,3000
880,8.26,8.28,8.26,8.28,4830
881,8.22,8.27,8.22,8.26,10000
882,8.3,8.34,8.21,8.23,9365
883,8.34,8.35,8.31,8.32,4616
884,8.41,8.43,8.36,8.36,6305
885,8.37,8.43,8.36,8.43,28307
a1499261400,8.35,8.35,8.35,8.35,2880
1,8.28,8.32,8.23,8.32,2894
2,8.2201,8.29,8.22,8.27,34227
3,8.26,8.2633,8.24,8.24,1021
4,8.14,8.28,8.14,8.26,5041
5,8.11,8.15,8.1,8.15,1701
6,8.08,8.1,8.05,8.1,4340
7,8.0901,8.11,8.08,8.1,3299
8,8.07,8.14,8.06,8.1,4750
9,8.02,8.06,8.01,8.06,4120
10,8.15,8.15,8.02,8.02,7141
11,8.19,8.19,8.17,8.17,2700
12,8.1,8.19,8.1,8.19,3838
13,8.075,8.09,8.065,8.09,3037
14,8.04,8.08,8.03,8.07,5700
15,8.04,8.04,8.04,8.04,3736
16,8,8.04,8,8.03,3560
17,8.01,8.01,7.96,7.98,3381
18,7.98,7.99,7.98,7.99,700
19,7.96,7.995,7.96,7.995,1600
20,7.93,7.96,7.93,7.96,1900
21,7.99,7.998,7.915,7.92,12219
22,7.95,7.99,7.95,7.99,1400
23,7.965,7.98,7.95,7.95,18046
24,7.92,7.96,7.91,7.96,4080
25,7.96,7.96,7.93,7.93,3000
26,7.93,7.97,7.93,7.97,500
27,7.94,7.94,7.92,7.93,4200
28,7.92,7.94,7.91,7.94,3787
29,7.96,7.96,7.91,7.92,2362
30,7.95,8.002,7.945,7.97,9279
31,7.93,7.96,7.92,7.96,204853
32,7.91,7.93,7.9,7.93,4359
33,7.905,7.92,7.9,7.92,6867
34,7.95,7.96,7.9,7.912,6051
35,8,8,7.95,7.95,6500
36,8.02,8.02,7.99,8.01,4078
37,7.96,8.01,7.96,8.01,7126
38,7.965,8,7.94,7.97,15112
39,7.95,7.97,7.93,7.97,45834
