EXCHANGE%3DNASDAQ
MARKET_OPEN_MINUTE=570
MARKET_CLOSE_MINUTE=960
INTERVAL=600
COLUMNS=DATE,CLOSE,HIGH,LOW,OPEN,VOLUME
DATA=
TIMEZONE_OFFSET=-240
a1493040600,12.73,12.73,12.73,12.73,3144
1,12.47,12.7,12.47,12.7,14815
2,12.4,12.52,12.4,12.52,5560
3,12.5,12.53,12.38,12.48,7430
4,12.55,12.55,12.4687,12.48,3876
5,12.46,12.53,12.46,12.471,2000
6,12.44,12.49,12.38,12.4806,7150
7,12.43,12.45,12.4,12.45,4224
8,12.44,12.46,12.405,12.46,4265
9,12.44,12.44,12.39,12.391,4373
10,12.47,12.47,12.45,12.45,6000
11,12.53,12.53,12.48,12.51,2300
12,12.53,12.571,12.515,12.515,5050
13,12.49,12.52,12.49,12.5,2200
14,12.51,12.51,12.5,12.51,1100
15,12.5,12.5401,12.5,12.52,6600
16,12.52,12.52,12.5,12.5,1700
17,12.55,12.555,12.51,12.53,4950
18,12.55,12.58,12.55,12.55,1200
19,12.56,12.58,12.55,12.58,2556
20,12.57,12.58,12.555,12.56,1700
21,12.55,12.58,12.55,12.57,1800
22,12.56,12.6,12.54,12.58,7000
23,12.54,12.56,12.54,12.56,1400
24,12.55,12.56,12.53,12.55,4308
25,12.53,12.56,12.53,12.55,2100
26,12.55,12.56,12.54,12.56,1400
27,12.57,12.57,12.54,12.54,1900
28,12.55,12.57,12.54,12.54,4155
29,12.57,12.58,12.55,12.57,1000
30,12.53,12.58,12.52,12.57,8014
31,12.54,12.54,12.5,12.53,1861
32,12.525,12.55,12.51,12.55,400
33,12.524,12.53,12.51,12.53,1500
34,12.53,12.53,12.51,12.51,1100
35,12.5,12.55,12.5,12.55,700
36,12.53,12.53,12.5,12.515,1300
37,12.5,12.52,12.5,12.5,8684
38,12.565,12.58,12.505,12.51,9516
39,12.71,12.71,12.54,12.56,79642
144,12.84,12.84,12.84,12.84,3844
145,12.8804,12.89,12.6301,12.72,4974
146,12.77,12.8672,12.76,12.85,11823
147,12.79,12.8395,12.74,12.787,8700
148,12.81,12.9,12.8,12.81,7280
149,12.7352,12.802,12.71,12.8,4308
150,12.75,12.75,12.71,12.7282,5269
151,12.77,12.805,12.73,12.75,2900
152,12.767,12.77,12.74,12.76,3800
153,12.9,12.9,12.762,12.762,20075
154,12.9,12.92,12.85,12.9,7205
155,12.98,12.98,12.89,12.8935,7525
156,12.99,13.066,12.99,12.99,9005
157,12.99,13.04,12.97,13.0189,6139
158,12.97,13,12.9436,12.99,5735
159,12.94,12.98,12.94,12.98,3724
160,12.975,12.99,12.92,12.94,3903
161,12.905,12.96,12.9,12.96,1600
162,12.815,12.905,12.79,12.9033,3619
163,12.69,12.7664,12.6721,12.7664,4000
164,12.82,12.82,12.72,12.72,4245
165,12.8,12.807,12.78,12.8,3700
166,12.8,12.8,12.78,12.78,2586
167,12.8,12.84,12.78,12.82,5483
168,12.81,12.82,12.78,12.78,3500
169,12.8,12.82,12.78,12.795,6876
170,12.79,12.815,12.79,12.815,1250
171,12.785,12.81,12.78,12.79,4700
172,12.79,12.79,12.78,12.789,1700
173,12.76,12.8296,12.74,12.79,33706
174,12.7,12.77,12.7,12.77,2867
175,12.53,12.68,12.53,12.68,14093
176,12.61,12.67,12.525,12.5274,7877
177,12.59,12.64,12.57,12.615,900
178,12.6,12.6,12.54,12.57,3093
179,12.79,12.79,12.57,12.57,12093
180,12.735,12.82,12.73,12.8,5280
181,12.7,12.735,12.64,12.73,6932
182,12.81,12.82,12.71,12.71,9575
183,12.8,12.86,12.74,12.81,31247
288,13.7,13.7,13.7,13.7,19831
289,13.59,13.75,13.47,13.72,29952
290,13.41,13.67,13.41,13.63,30870
291,13.55,13.55,13.45,13.4501,4502
292,13.88,13.9,13.55,13.57,22922
293,13.81,13.89,13.8,13.86,17620
294,13.74,13.8,13.7,13.8,8050
295,13.695,13.8,13.66,13.76,11300
296,13.7,13.77,13.7,13.71,11008
297,13.77,13.77,13.68,13.68,9200
298,13.81,13.8224,13.77,13.77,6233
299,13.78,13.815,13.75,13.81,20975
300,13.81,13.81,13.77,13.79,5564
301,13.76,13.81,13.76,13.81,3350
302,13.65,13.77,13.65,13.77,2200
303,13.7,13.7,13.65,13.6685,1250
304,13.67,13.75,13.66,13.75,4000
305,13.7,13.7,13.66,13.66,1200
306,13.7,13.7,13.68,13.7,1705
307,13.67,13.695,13.67,13.695,500
308,13.7,13.76,13.6501,13.6501,4450
309,13.78,13.79,13.72,13.72,5300
310,13.76,13.8,13.75,13.8,6900
311,13.74,13.75,13.71,13.75,2210
312,13.75,13.76,13.7,13.74,5825
313,13.71,13.75,13.7,13.75,3800
314,13.65,13.71,13.65,13.71,2936
315,13.59,13.64,13.58,13.6399,5458
316,13.56,13.59,13.55,13.58,5286
317,13.52,13.56,13.52,13.56,2400
318,13.54,13.5414,13.52,13.52,2000
319,13.47,13.54,13.47,13.54,2498
320,13.46,13.49,13.46,13.48,2513
321,13.43,13.47,13.43,13.47,3324
322,13.4025,13.44,13.39,13.43,11828
323,13.45,13.45,13.374,13.4,14697
324,13.42,13.5236,13.42,13.45,15777
325,13.4,13.49,13.4,13.43,10100
326,13.35,13.4,13.33,13.4,8789
327,13.36,13.39,13.33,13.36,29701
432,13.46,13.46,13.46,13.46,2698
433,13.5,13.61,13.37,13.44,12756
434,13.73,13.75,13.49,13.49,7000
435,13.62,13.764,13.62,13.72,6130
436,13.63,13.67,13.55,13.55,4920
437,13.68,13.7399,13.63,13.63,4400
438,13.6,13.64,13.58,13.63,1800
439,13.62,13.65,13.53,13.55,52476
440,13.53,13.62,13.36,13.62,34596
441,13.74,13.75,13.48,13.53,8300
442,13.79,13.81,13.71,13.73,10340
443,13.8499,13.88,13.79,13.79,16389
444,13.69,13.8436,13.68,13.83,9980
445,13.68,13.725,13.65,13.69,11387
446,13.56,13.67,13.52,13.67,75200
447,13.59,13.6,13.529,13.53,9150
448,13.57,13.6,13.52,13.58,18133
449,13.555,13.59,13.54,13.59,6300
450,13.52,13.57,13.5,13.54,2250
451,13.49,13.52,13.48,13.52,3555
452,13.455,13.48,13.441,13.48,2002
453,13.42,13.45,13.41,13.45,3400
454,13.41,13.45,13.41,13.42,6300
455,13.34,13.44,13.34,13.41,3503
456,13.28,13.32,13.21,13.3,6300
457,13.28,13.315,13.25,13.315,12243
458,13.29,13.315,13.26,13.27,10250
459,13.245,13.28,13.21,13.28,7500
460,13.2,13.265,13.2,13.24,6550
461,13.21,13.21,13.2,13.2,6150
462,13.22,13.24,13.18,13.21,2856
463,13.21,13.315,13.2,13.2,11250
464,13.26,13.26,13.22,13.23,4200
465,13.1,13.26,13.1,13.26,7915
466,13.22,13.24,13.1,13.12,3300
467,13.24,13.24,13.205,13.22,5000
468,13.35,13.36,13.24,13.24,5300
469,13.26,13.35,13.26,13.35,7275
470,13.33,13.36,13.26,13.29,5100
471,13.42,13.43,13.33,13.33,32698
576,13.47,13.47,13.47,13.47,1255
577,13.32,13.62,13.28,13.62,2500
578,13.13,13.338,13.06,13.27,3500
579,13.01,13.106,12.91,13.09,5511
580,12.97,12.97,12.88,12.93,5411
581,12.98,12.98,12.917,12.9799,2100
582,12.9365,13,12.88,13,4142
583,12.79,12.91,12.67,12.89,12719
584,12.9,12.95,12.76,12.79,3203
585,12.98,12.98,12.92,12.94,2100
586,12.94,12.9498,12.922,12.925,1100
587,13.1,13.1,12.95,12.95,5938
588,13.1,13.11,13.056,13.09,2600
589,13.06,13.091,13.06,13.091,400
590,13.06,13.13,13.043,13.043,2800
591,13.02,13.08,13,13.06,2900
592,13.07,13.11,13.03,13.03,1300
593,13.075,13.09,13.07,13.09,1070
594,13.08,13.11,13.045,13.046,3100
595,13.05,13.09,13.04,13.055,3892
596,13.09,13.09,13.04,13.06,4100
597,13.06,13.1,13.04,13.085,2400
598,13.052,13.07,13.052,13.07,400
599,13.053,13.08,13.05,13.07,2600
600,13.02,13.05,13,13.05,5200
601,13.01,13.0586,12.97,12.984,6200
602,13.02,13.0302,13.02,13.02,1695
603,13.04,13.05,13.02,13.03,2400
604,13.06,13.07,13.013,13.02,2600
605,13.09,13.1,13.075,13.075,700
606,13.05,13.1,13.01,13.1,2672
607,13.04,13.07,13.014,13.034,2300
608,13.033,13.033,13.031,13.033,450
609,13.05,13.06,13,13.0464,6857
610,13.06,13.07,13.035,13.05,2900
611,13.09,13.09,13.05,13.0625,2400
612,13.075,13.09,13.05,13.07,3000
613,13.07,13.08,13.06,13.08,2100
614,13.051,13.073,13.03,13.065,9993
615,13.05,13.06,13.05,13.055,31014
a1493645400,13.1,13.1,13.07,13.07,1602
1,12.97,13.2393,12.97,13.1759,9438
2,12.86,12.97,12.86,12.95,3875
3,12.96,13,12.86,12.9,2610
4,12.94,13,12.91,13,6170
5,12.99,12.99,12.92,12.93,900
6,12.9156,12.95,12.9156,12.95,1800
7,12.89,12.97,12.89,12.91,3100
8,13,13,12.8939,12.91,5501
9,13,13,12.96,12.96,800
10,13.01,13.01,12.96,13,900
11,13,13.01,12.97,13.01,800
12,12.99,13,12.97,12.97,1200
13,13.04,13.2,12.94,12.99,33974
14,13,13.01,12.97,13.01,4512
15,13.01,13.07,12.99,13,7900
16,12.93,12.99,12.93,12.971,6822
17,12.95,12.955,12.93,12.93,2100
18,12.94,12.97,12.94,12.95,4335
19,12.95,12.95,12.94,12.94,4426
20,12.99,13,12.95,12.95,1300
21,13.09,13.1,12.98,13,5000
22,13.06,13.08,13.06,13.0701,7945
23,13.07,13.08,13.06,13.07,2544
24,13.08,13.085,13.06,13.08,1541
25,13.11,13.11,13.07,13.08,1410
26,13.07,13.13,13.06,13.13,5209
27,13.06,13.07,13.06,13.07,1000
28,13.07,13.07,13.06,13.07,2348
29,13.06,13.09,13.06,13.065,4800
30,13.06,13.07,13.06,13.06,3892
31,13.07,13.07,13.06,13.06,1400
32,12.975,13.07,12.97,13.06,51674
33,13,13,12.97,12.98,8893
34,13.01,13.04,12.99,13,3192
35,13.06,13.06,13.02,13.02,3589
36,12.99,13.04,12.98,13.04,6410
37,12.99,13,12.99,12.99,1500
38,12.99,13,12.98,12.99,5269
39,13,13.015,12.98,12.995,42421
144,13.04,13.04,13.04,13.04,1258
145,13,13.09,13,13.085,3900
146,13,13.07,12.98,13,7200
147,12.99,13.015,12.97,13,1700
148,12.98,13.01,12.975,12.9902,5200
149,13.01,13.01,12.9774,12.98,3120
150,13.05,13.05,12.98,12.9928,5900
151,13,13.05,13,13.045,2100
152,13.0199,13.03,13,13.03,1330
153,13.05,13.06,12.99,13.005,21558
154,13.03,13.08,13,13.055,9900
155,13.01,13.13,12.96,13.03,34100
156,13.04,13.09,13.03,13.03,10500
157,13.04,13.085,13.02,13.0453,17300
158,13.035,13.0573,13.01,13.0573,10251
159,13.03,13.05,12.99,13.035,11583
160,12.995,13.07,12.99,13.03,47313
161,13.005,13.015,12.98,13.005,11100
162,13,13.001,12.99,13.001,4950
163,12.98,13,12.96,13,4536
164,13,13,12.97,12.98,2500
165,13,13,12.95,13,4300
166,13,13.005,12.985,12.99,5700
167,13,13.01,12.98,13,18893
168,13.03,13.05,12.95,13,20167
169,13.01,13.055,13,13.02,18466
170,12.99,13.025,12.98,13.01,2900
171,13.01,13.02,12.98,12.99,3167
172,13.03,13.035,13,13.01,4097
173,13.0097,13.02,12.9976,13.02,2604
174,13.045,13.06,13.005,13.005,6725
175,12.98,13.045,12.98,13.045,4468
176,13,13,12.97,12.98,4300
177,12.99,13.01,12.99,13.005,4860
178,12.97,12.99,12.97,12.98,2700
179,12.99,12.99,12.98,12.98,3880
180,12.955,12.99,12.95,12.99,6200
181,12.97,12.97,12.95,12.955,71320
182,13,13,12.965,12.97,10197
183,12.97,13.065,12.97,12.99,37715
288,12.85,12.85,12.85,12.85,5429
289,12.94,13.03,12.83,12.83,2563
290,13.03,13.03,12.93,12.93,1400
291,12.99,13.08,12.95,13.065,38276
292,12.89,13,12.89,13,28533
293,12.87,12.9261,12.81,12.89,12983
294,12.88,12.9,12.82,12.9,2160
295,12.9,12.94,12.85,12.86,13868
296,12.92,12.92,12.845,12.9,1500
297,12.91,12.94,12.89,12.94,9800
298,12.98,12.98,12.92,12.92,2200
299,12.97,12.97,12.94,12.94,1690
300,12.93,12.99,12.92,12.97,5100
301,12.92,12.98,12.92,12.935,2040
302,12.82,12.92,12.75,12.92,28227
303,12.92,12.93,12.8,12.815,4100
304,12.9,12.94,12.89,12.92,2400
305,12.88,12.95,12.88,12.915,4200
306,12.8799,12.88,12.815,12.87,2599
307,12.89,12.94,12.88,12.88,1800
308,12.9308,12.95,12.91,12.945,1800
309,12.92,12.94,12.92,12.93,1600
310,12.91,12.92,12.89,12.91,1700
311,12.89,12.9,12.87,12.9,600
312,12.9,12.91,12.895,12.9,4800
313,12.9,12.93,12.9,12.93,400
314,12.89,12.92,12.89,12.9,900
315,12.91,12.92,12.87,12.87,1000
316,12.92,12.96,12.89,12.94,3900
317,12.88,12.92,12.88,12.92,1100
318,12.87,12.91,12.87,12.9,3108
319,12.86,12.885,12.86,12.86,700
320,12.87,12.88,12.86,12.88,1500
321,12.88,12.89,12.86,12.86,1200
322,12.88,12.9,12.88,12.89,6700
323,12.86,12.8801,12.86,12.88,3502
324,12.83,12.87,12.82,12.87,4950
325,12.84,12.89,12.82,12.82,5258
326,12.83,12.84,12.82,12.83,4500
327,12.82,12.86,12.74,12.83,19735
432,12.93,12.93,12.93,12.93,3435
433,12.9,12.95,12.86,12.95,3910
434,12.9,12.91,12.88,12.9,3000
435,13.0231,13.05,12.87,12.9,8300
436,12.99,13.05,12.96,13.02,8973
437,13.04,13.04,12.998,13.023,1150
438,13.04,13.08,13.04,13.045,2200
439,13.08,13.08,13,13.02,10900
440,13.07,13.0899,13.05,13.0899,3850
441,13.065,13.0704,13.05,13.07,1400
442,13.065,13.075,13.05,13.06,2700
443,13.05,13.065,13.05,13.06,1883
444,12.967,13.06,12.967,13.05,6371
445,13.01,13.02,12.97,12.97,2500
446,12.98,12.9999,12.96,12.99,2300
447,12.98,13,12.98,13,154595
448,12.96,12.98,12.96,12.98,3400
449,12.9599,12.96,12.93,12.96,4030
450,12.94,12.975,12.93,12.9599,2800
451,12.96,12.98,12.955,12.9552,4050
452,12.95,12.965,12.91,12.965,7730
453,12.9332,12.96,12.9,12.96,3400
454,12.96,12.96,12.93,12.94,2900
455,12.94,12.95,12.935,12.95,1450
456,12.89,12.94,12.89,12.935,28107
457,12.89,12.91,12.87,12.89,1600
458,12.875,12.9,12.8701,12.8701,2400
459,12.9,12.9,12.865,12.89,1700
460,12.9001,12.91,12.89,12.89,800
461,12.93,12.93,12.91,12.91,2450
462,12.8611,12.92,12.8611,12.92,3535
463,12.89,12.9,12.88,12.89,1310
464,12.89,12.91,12.875,12.9,1874
465,12.895,12.91,12.875,12.895,18651
466,12.875,12.91,12.86,12.9,17231
467,12.8832,12.9,12.86,12.86,46131
468,12.875,12.89,12.87,12.875,52400
469,12.8783,12.885,12.86,12.88,5951
470,12.88,12.89,12.86,12.86,51296
471,13.01,13.015,12.87,12.88,58961
576,13.65,13.67,13.65,13.65,11106
577,13.72,13.8,13.46,13.65,52443
578,13.7,13.75,13.68,13.705,27020
579,13.69,13.74,13.66,13.705,24128
580,13.66,13.72,13.655,13.69,23521
581,13.74,13.8,13.66,13.66,17510
582,13.65,13.89,13.65,13.75,34106
583,13.66,13.69,13.65,13.69,8700
584,13.59,13.675,13.58,13.66,12552
585,13.6901,13.715,13.6,13.6,15750
586,13.8,13.8,13.73,13.74,36330
587,13.765,13.8,13.74,13.7744,6653
588,13.89,13.9,13.78,13.78,8100
589,13.87,13.9,13.87,13.9,14323
590,13.835,13.86,13.8,13.86,15109
591,13.82,13.84,13.8,13.84,3500
592,13.835,13.835,13.74,13.82,12275
593,13.87,13.87,13.8,13.82,5000
594,13.82,13.88,13.81,13.86,9300
595,13.83,13.84,13.8182,13.82,9200
596,13.81,13.84,13.81,13.83,9684
597,13.815,13.82,13.8,13.81,5811
598,13.815,13.8344,13.8,13.8,6435
599,13.79,13.82,13.74,13.815,16616
600,13.67,13.7875,13.67,13.785,10500
601,13.61,13.68,13.57,13.68,14345
602,13.62,13.63,13.6,13.615,10422
603,13.6,13.65,13.6,13.61,14308
604,13.635,13.69,13.61,13.615,13855
605,13.62,13.69,13.58,13.62,18511
606,13.69,13.69,13.61,13.64,4420
607,13.73,13.78,13.66,13.69,17395
608,13.66,13.75,13.66,13.735,7245
609,13.73,13.73,13.62,13.66,9845
610,13.7,13.78,13.7,13.725,15400
611,13.69,13.705,13.67,13.7,2400
612,13.775,13.79,13.69,13.7,30349
613,13.78,13.79,13.76,13.77,8228
614,13.76,13.8,13.75,13.79,31425
615,13.86,13.87,13.77,13.79,61952
a1494250800,13.375,13.61,13.375,13.51,179241
1,13.47,13.559,13.36,13.36,75663
2,13.45,13.48,13.37,13.4744,56750
3,13.22,13.45,13.2,13.45,77720
4,13.13,13.205,13.09,13.2,25728
5,13.18,13.2,13.1,13.13,31638
6,13.25,13.25,13.1801,13.19,54362
7,13.3,13.34,13.247,13.25,47738
8,13.34,13.34,13.25,13.3,51820
9,13.35,13.36,13.3,13.34,64210
10,13.39,13.39,13.3,13.35,33051
11,13.355,13.38,13.34,13.37,17920
12,13.38,13.38,13.34,13.35,57500
13,13.31,13.385,13.31,13.385,132983
14,13.26,13.31,13.23,13.31,37248
15,13.28,13.29,13.26,13.26,13900
16,13.33,13.335,13.29,13.29,10606
17,13.305,13.32,13.3,13.32,12355
18,13.3,13.31,13.3,13.3,17192
19,13.305,13.31,13.3,13.3,5400
20,13.4,13.44,13.3,13.305,23525
21,13.255,13.4492,13.1,13.4,149072
22,13.36,13.36,13.26,13.26,6950
23,13.34,13.35,13.335,13.35,3000
24,13.31,13.34,13.26,13.335,13750
25,13.33,13.33,13.3,13.31,3900
26,13.385,13.39,13.33,13.33,15034
27,13.39,13.39,13.38,13.38,1600
28,13.41,13.43,13.36,13.385,106810
29,13.405,13.41,13.39,13.41,135541
30,13.14,13.405,13.12,13.4,192654
31,13.15,13.16,13.05,13.15,176840
32,13,13.15,12.938,13.14,69352
33,13.035,13.04,12.99,13,29260
34,13.01,13.04,13,13.04,70367
35,13,13.1,13,13.01,146646
36,13.01,13.04,12.98,13.01,69704
37,13.015,13.02,13.01,13.01,178842
38,13.11,13.11,13.01,13.015,288408
143,13.03,13.03,13.03,13.03,7188
144,13.364,13.364,13.02,13.02,8828
145,13.3,13.3899,13.24,13.27,7925
146,13.37,13.455,13.33,13.3513,30600
147,13.37,13.44,13.32,13.36,47123
148,13.26,13.4,13.25,13.4,31584
149,13.315,13.405,13.26,13.275,22099
150,13.37,13.41,13.29,13.3,7300
151,13.36,13.43,13.315,13.37,15932
152,13.5,13.51,13.34,13.35,11674
153,13.4,13.56,13.35,13.5,27349
154,13.555,13.56,13.4,13.4,12000
155,13.64,13.65,13.53,13.56,36378
156,13.6,13.66,13.55,13.64,35857
157,13.59,13.6,13.57,13.595,42173
158,13.595,13.6,13.59,13.59,13500
159,13.455,13.6,13.44,13.6,46148
160,13.5,13.55,13.44,13.45,34611
161,13.5,13.5,13.49,13.5,19200
162,13.47,13.5,13.42,13.5,35635
163,13.5,13.5,13.44,13.44,44497
164,13.5,13.5,13.48,13.5,77061
165,13.5,13.5,13.495,13.5,49300
166,13.5,13.5,13.494,13.5,60300
167,13.5,13.51,13.495,13.495,19060
168,13.42,13.5,13.3797,13.5,35289
169,13.4374,13.5,13.41,13.49,9070
170,13.425,13.45,13.42,13.43,7200
171,13.5,13.5,13.43,13.43,20859
172,13.47,13.5,13.47,13.5,18566
173,13.49,13.5,13.46,13.47,11126
174,13.5,13.51,13.48,13.49,22550
175,13.5,13.5,13.49,13.5,14500
176,13.56,13.7,13.495,13.5,25548
177,13.58,13.6,13.5,13.57,11863
178,13.65,13.65,13.53,13.58,23100
179,13.68,13.69,13.5975,13.64,27573
180,13.64,13.705,13.63,13.69,28840
181,13.59,13.68,13.54,13.64,56277
182,13.56,13.63,13.5,13.59,121805
287,13.62,13.62,13.62,13.62,1476
288,13.74,13.79,13.49,13.62,6425
289,13.8301,13.89,13.7299,13.7299,12684
290,13.8979,13.9,13.81,13.86,6035
291,14,14.07,13.86,13.89,70255
292,13.98,14,13.97,13.991,23860
293,13.9,14,13.85,13.99,24549
294,13.99,14,13.87,13.8868,10738
295,13.985,14.03,13.9759,13.9759,18065
296,14.03,14.03,13.9872,14,82830
297,14.17,14.17,14.02,14.02,25972
298,14.115,14.24,14.115,14.18,11877
299,14.13,14.17,14.12,14.12,2834
300,14.03,14.13,14.01,14.12,18900
301,14,14.04,13.945,14.03,13900
302,14.03,14.05,13.99,14.02,4700
303,14.06,14.09,14.03,14.05,10900
304,14.065,14.08,14.06,14.0792,4400
305,14.02,14.09,14.02,14.07,11694
306,14.06,14.08,14,14.0101,6859
307,14.18,14.18,14.0651,14.08,5198
308,14.199,14.2,14.1121,14.1666,3000
309,14.12,14.2,14.1005,14.18,15608
310,14.02,14.14,14.02,14.12,10820
311,14.05,14.055,14.02,14.03,9212
312,14.07,14.09,14.06,14.09,2000
313,14.04,14.095,14.04,14.095,3870
314,14.03,14.03,14.02,14.03,3550
315,14.035,14.04,14.03,14.03,3100
316,13.99,14.055,13.99,14.035,15800
317,14,14.008,13.99,14,5400
318,14.04,14.07,13.99,14,11601
319,14,14.04,13.99,14.035,2700
320,14.02,14.07,13.99,14,12307
321,13.99,14.08,13.99,14.0207,111600
322,13.95,14.01,13.95,13.995,11063
323,14,14.01,13.96,13.9652,7450
324,13.995,14.01,13.98,13.99,6102
325,14,14,13.99,14,8380
326,13.87,14,13.85,13.995,92266
431,14,14,14,14,15054
432,13.99,14.07,13.95,13.99,2700
433,13.94,14.0599,13.91,14.0599,4860
434,13.85,13.93,13.85,13.92,3606
435,13.72,13.84,13.6,13.82,30214
436,13.84,13.87,13.79,13.79,4400
437,13.93,13.93,13.82,13.85,9700
438,14.07,14.07,13.935,13.95,9500
439,14.04,14.08,13.98,14.0707,7504
440,14.05,14.14,14.03,14.08,29567
441,14.14,14.14,14.025,14.025,7515
442,14.13,14.2,14.031,14.17,21358
443,14.2,14.22,14.11,14.125,20400
444,14.19,14.21,14.14,14.19,10780
445,14.2,14.22,14.16,14.2,5800
446,14.19,14.22,14.17,14.2,28114
447,14.2,14.2,14.16,14.2,4800
448,14.14,14.199,14.07,14.18,75711
449,14.15,14.15,14.09,14.09,3700
450,14.12,14.15,14.12,14.15,3280
451,14.15,14.15,14.06,14.12,6800
452,14.14,14.15,14.11,14.14,4500
453,14.15,14.15,14.11,14.14,10500
454,14.15,14.15,14.14,14.15,4100
455,14.13,14.15,14.11,14.15,4570
456,14.14,14.15,14.14,14.14,4100
457,14.15,14.16,14.14,14.15,17800
458,14.15,14.15,14.14,14.15,8200
459,14.17,14.22,14.15,14.15,17653
460,14.18,14.18,14.14,14.18,17847
461,14.14,14.18,14.14,14.18,14090
462,14.09,14.14,14.09,14.14,2900
463,14.1,14.12,14.09,14.11,4100
464,14.1,14.1,14.075,14.09,4000
465,14.1,14.1,14.09,14.1,3690
466,14.09,14.1,14.09,14.1,2200
467,14.08,14.1,14.08,14.1,4700
468,14.095,14.1,14.085,14.09,4200
469,14,14.095,13.99,14.09,25263
470,14.01,14.01,13.98,14,44570
575,14.03,14.03,14.03,14.03,1417
576,13.95,14.18,13.934,14.17,2400
577,13.83,13.93,13.83,13.9,2150
578,13.85,13.86,13.7901,13.821,7015
579,13.8365,13.89,13.81,13.86,3400
580,13.78,13.7915,13.75,13.7915,1300
581,13.76,13.76,13.716,13.73,1300
582,13.83,13.86,13.74,13.74,4598
583,13.79,13.84,13.79,13.83,2100
584,13.8,13.82,13.78,13.78,3100
585,13.88,13.88,13.83,13.83,800
586,13.9,13.92,13.88,13.88,1100
587,13.925,13.94,13.88,13.88,1360
588,14.0602,14.08,13.94,13.94,13236
589,14,14.1,14,14.05,6900
590,14.04,14.04,14.01,14.02,900
591,14,14.04,13.99,14.04,900
592,14,14.04,14,14,1100
593,13.98,14.05,13.975,14.04,7600
594,14.015,14.04,14.01,14.0159,950
595,14.05,14.05,14.01,14.02,3300
596,14.04,14.05,14.02,14.03,1800
597,14.05,14.05,14.03,14.04,4400
598,14,14.03,14,14.03,1756
599,14.05,14.05,14.03,14.03,600
600,14.04,14.05,14.02,14.05,1200
601,14.05,14.05,14.02,14.04,1780
602,14.03,14.05,14.03,14.05,1600
603,14.05,14.05,14.03,14.05,28100
604,14.05,14.05,14.04,14.05,15829
605,14.02,14.05,14.02,14.05,3600
606,14.02,14.04,14.01,14.04,2500
607,14.03,14.05,14.03,14.04,21200
608,14.03,14.05,14.02,14.03,1000
609,14.01,14.04,14.01,14.03,1400
610,14.024,14.04,14.02,14.03,2700
611,14.03,14.04,14.02,14.03,4150
612,14.05,14.05,14.03,14.04,6100
613,14.04,14.05,14.02,14.05,13525
614,14.04,14.05,14.02,14.04,37558
a1494855000,14.1,14.1,14.1,14.1,545
1,14.495,14.63,14.09,14.09,84694
2,14.45,14.73,14.45,14.5,39430
3,14.575,14.6,14.46,14.46,12847
4,14.44,14.57,14.419,14.56,63330
5,14.63,14.6388,14.441,14.46,29776
6,14.789,14.86,14.64,14.64,44317
7,14.68,14.79,14.66,14.785,9804
8,14.74,14.74,14.68,14.68,4176
9,14.8,14.84,14.74,14.74,8912
10,14.68,14.79,14.64,14.77,14524
11,14.675,14.69,14.66,14.69,1900
12,14.675,14.7,14.65,14.68,2700
13,14.63,14.7,14.62,14.7,7900
14,14.59,14.625,14.58,14.62,6600
15,14.505,14.6,14.49,14.595,13234
16,14.58,14.5999,14.51,14.51,4004
17,14.56,14.5956,14.56,14.5956,2100
18,14.67,14.7,14.59,14.59,4900
19,14.76,14.79,14.69,14.69,6459
20,14.84,14.84,14.76,14.76,3500
21,14.83,14.89,14.83,14.85,4545
22,14.9,14.9,14.8,14.83,4100
23,14.88,14.91,14.86,14.885,9500
24,14.88,14.88,14.86,14.87,1700
25,14.97,15.03,14.87,14.87,58304
26,14.75,14.98,14.7,14.96,7500
27,14.82,14.83,14.76,14.76,6296
28,14.755,14.8,14.75,14.78,2100
29,14.79,14.79,14.74,14.75,1900
30,14.81,14.86,14.8,14.81,2800
31,14.86,14.87,14.818,14.82,1640
32,14.85,14.87,14.84,14.85,2802
33,14.8482,14.8482,14.83,14.84,1500
34,14.86,14.86,14.845,14.85,3000
35,14.79,14.86,14.79,14.86,2750
36,14.7359,14.78,14.73,14.78,7800
37,14.655,14.75,14.65,14.74,7000
38,14.63,14.65,14.63,14.65,7168
39,14.69,14.7,14.62,14.64,25824
144,14.74,14.74,14.74,14.74,1891
145,14.9,15,14.74,15,9857
146,14.9472,14.97,14.83,14.9,6040
147,15,15,14.92,14.95,2440
148,14.98,15.04,14.93,14.98,15070
149,15.06,15.14,14.99,14.99,4306
150,14.93,15.05,14.93,15.05,27110
151,14.9,14.99,14.86,14.99,21000
152,14.89,14.91,14.84,14.9,10272
153,14.95,14.95,14.86,14.88,9650
154,15.03,15.07,14.95,14.98,3000
155,14.92,15.07,14.91,15.07,5314
156,14.91,14.96,14.86,14.95,5733
157,14.89,14.93,14.87,14.91,5842
158,14.93,14.93,14.89,14.89,1400
159,14.98,14.99,14.9193,14.9193,3900
160,14.91,14.98,14.8866,14.98,3450
161,14.91,14.94,14.9,14.9,3500
162,14.88,14.9299,14.78,14.9299,7180
163,14.87,14.92,14.8451,14.87,5650
164,14.85,14.85,14.85,14.85,200
165,14.89,14.89,14.84,14.85,2700
166,14.8499,14.87,14.84,14.85,1600
167,14.78,14.85,14.78,14.84,2800
168,14.69,14.79,14.65,14.7716,31277
169,14.68,14.7,14.68,14.7,3113
170,14.68,14.71,14.66,14.67,4100
171,14.77,14.77,14.68,14.68,2700
172,14.77,14.77,14.75,14.77,2100
173,14.7,14.74,14.69,14.74,12950
174,14.72,14.72,14.67,14.7,4250
175,14.7,14.74,14.69,14.74,1955
176,14.69,14.71,14.66,14.69,4200
177,14.75,14.75,14.68,14.68,5226
178,14.71,14.76,14.71,14.73,3685
179,14.7186,14.72,14.7,14.71,3300
180,14.78,14.78,14.71,14.72,5000
181,14.78,14.82,14.73,14.78,13360
182,14.86,14.86,14.75,14.75,10500
183,14.87,14.87,14.84,14.855,18864
288,14.75,14.75,14.75,14.75,2574
289,14.67,14.8,14.52,14.75,23260
290,15.07,15.14,14.68,14.68,13031
291,15,15.085,14.921,15.085,8353
292,15.07,15.09,14.88,15,27713
293,15,15.15,15,15.09,17420
294,14.95,15.03,14.9401,15,12400
295,14.7992,14.95,14.797,14.95,4352
296,14.88,14.88,14.77,14.79,8900
297,15.03,15.03,14.9001,14.905,8300
298,15,15.05,14.95,15.03,12164
299,15,15.07,14.95,14.99,14388
300,14.94,14.99,14.93,14.96,4200
301,14.85,14.98,14.83,14.955,5800
302,14.87,14.91,14.8501,14.88,5701
303,14.95,14.98,14.87,14.87,16200
304,14.96,15,14.96,14.98,5000
305,15.01,15.01,14.95,14.95,1300
306,15.04,15.08,15.01,15.01,2300
307,14.99,15.06,14.97,15.04,4600
308,15.015,15.1,15.01,15.01,4900
309,14.98,15.06,14.98,15.003,2245
310,15.02,15.02,14.99,14.99,789
311,14.94,15.03,14.94,15.02,3300
312,14.92,14.942,14.85,14.93,3600
313,14.9,14.93,14.85,14.92,25200
314,14.95,14.95,14.871,14.871,2700
315,14.815,14.94,14.81,14.94,7500
316,14.85,14.85,14.8,14.8,1200
317,14.86,14.92,14.8479,14.85,14801
318,14.82,14.86,14.82,14.85,7820
319,14.79,14.8114,14.77,14.8,2734
320,14.725,14.79,14.725,14.7899,4500
321,14.65,14.72,14.61,14.72,19928
322,14.58,14.66,14.5796,14.66,7997
323,14.62,14.63,14.52,14.595,16350
324,14.65,14.6598,14.62,14.62,5900
325,14.74,14.74,14.61,14.63,20200
326,14.75,14.77,14.71,14.72,27683
327,14.74,14.78,14.7,14.77,43228
432,14.74,14.74,14.74,14.74,888
433,14.68,14.73,14.6062,14.73,4000
434,14.74,14.74,14.62,14.62,3100
435,14.83,14.83,14.7,14.7,3500
436,14.95,14.98,14.83,14.83,3530
437,14.93,14.97,14.91,14.94,3095
438,14.9301,14.94,14.87,14.93,3600
439,14.98,14.98,14.91,14.93,9000
440,14.9782,14.99,14.95,14.96,3000
441,14.92,15.05,14.92,14.98,7284
442,15,15.02,14.9302,14.9302,9700
443,15.02,15.04,14.9888,15,3020
444,15.065,15.1,14.98,15.025,9000
445,15.08,15.1,15.03,15.04,8600
446,15.02,15.1,15.02,15.04,5189
447,14.98,15.06,14.98,15.03,18717
448,15.025,15.07,14.98,14.98,12590
449,14.9887,15.034,14.9887,15.025,5150
450,15.02,15.08,14.95,14.9898,11650
451,15.03,15.08,15.01,15.03,3800
452,15.03,15.07,15,15.07,2500
453,15.15,15.15,15,15.01,7018
454,15.06,15.14,15.06,15.14,5500
455,15.12,15.12,15.0575,15.07,2030
456,15.06,15.11,15.06,15.09,2200
457,15.08,15.1,15.07,15.08,1086
458,15.1,15.14,15.08,15.08,9900
459,15.11,15.14,15.06,15.11,10893
460,15.14,15.15,15.11,15.11,2048
461,15.12,15.13,15.12,15.13,1750
462,15.1001,15.15,15.1,15.1,6126
463,15.08,15.12,15.06,15.11,11194
464,15.06,15.09,15.03,15.09,5300
465,15.01,15.06,15,15.05,6200
466,15.05,15.059,15.01,15.01,6864
467,15.02,15.05,15.01,15.0301,2612
468,15,15.05,15,15,10140
469,15.15,15.15,15.005,15.01,25262
470,15.38,15.38,15.14,15.15,34980
471,15.25,15.43,15.24,15.38,211855
576,15.4,15.4,15.4,15.4,5950
577,15.48,15.5,15.33,15.39,44962
578,15.37,15.49,15.37,15.475,22583
579,15.44,15.47,15.39,15.45,10050
580,15.3,15.45,15.3,15.44,19478
581,15.3672,15.38,15.31,15.31,8650
582,15.37,15.4,15.31,15.36,5200
583,15.4,15.4025,15.32,15.34,8243
584,15.26,15.42,15.26,15.405,9350
585,15.26,15.31,15.25,15.27,4200
586,15.25,15.3,15.25,15.29,4951
587,15.27,15.29,15.24,15.25,3097
588,15.28,15.29,15.25,15.28,3500
589,15.34,15.34,15.28,15.28,5440
590,15.29,15.36,15.29,15.35,5170
591,15.37,15.38,15.3,15.3,1300
592,15.35,15.38,15.35,15.38,2520
593,15.32,15.3499,15.32,15.34,1350
594,15.38,15.38,15.29,15.32,8129
595,15.33,15.37,15.27,15.3566,9650
596,15.35,15.37,15.33,15.34,3400
597,15.35,15.3752,15.34,15.35,2980
598,15.39,15.39,15.35,15.35,1710
599,15.4,15.42,15.38,15.4,5100
600,15.39,15.42,15.39,15.41,2950
601,15.35,15.39,15.35,15.39,3600
602,15.322,15.343,15.3,15.343,3650
603,15.35,15.36,15.31,15.32,3253
604,15.31,15.375,15.28,15.36,20332
605,15.32,15.3379,15.23,15.3,8630
606,15.28,15.32,15.27,15.3,4843
607,15.28,15.3,15.26,15.28,4238
608,15.23,15.29,15.22,15.28,3716
609,15.15,15.245,15.15,15.24,33774
610,15.05,15.16,15.05,15.15,4800
611,15.1,15.13,15.08,15.08,6100
612,15.16,15.16,15.11,15.11,6500
613,15.175,15.18,15.11,15.15,6662
614,15.15,15.19,15.12,15.18,19589
615,15.13,15.18,15.12,15.13,156497
a1495459800,15.24,15.24,15.24,15.24,2398
1,15.33,15.48,15.21,15.475,14632
2,15.44,15.48,15.32,15.36,19633
3,15.42,15.49,15.4,15.4199,32374
4,15.42,15.42,15.32,15.42,23028
5,15.465,15.49,15.37,15.37,8200
6,15.4899,15.4901,15.46,15.46,11500
7,15.45,15.48,15.38,15.453,10766
8,15.41,15.45,15.39,15.435,10500
9,15.43,15.4303,15.36,15.42,21805
10,15.46,15.5,15.39,15.45,27463
11,15.46,15.5,15.42,15.45,17006
12,15.65,15.69,15.46,15.47,15280
13,15.6,15.68,15.56,15.68,5950
14,15.5935,15.61,15.57,15.6,5100
15,15.61,15.66,15.6,15.6,1965
16,15.61,15.63,15.54,15.6,12539
17,15.69,15.74,15.63,15.63,5700
18,15.6457,15.7,15.6457,15.7,1050
19,15.65,15.74,15.64,15.66,2012
20,15.67,15.71,15.58,15.5958,2962
21,15.545,15.68,15.5372,15.68,8870
22,15.59,15.6,15.53,15.53,2500
23,15.57,15.58,15.54,15.58,1725
24,15.605,15.64,15.58,15.58,2600
25,15.6,15.6099,15.55,15.6099,2700
26,15.58,15.58,15.57,15.58,400
27,15.59,15.64,15.5668,15.5668,5556
28,15.588,15.6,15.51,15.59,6600
29,15.59,15.6125,15.58,15.58,5200
30,15.6,15.6,15.54,15.58,6323
31,15.62,15.64,15.59,15.59,4750
32,15.6185,15.64,15.6,15.625,6274
33,15.63,15.64,15.61,15.62,4920
34,15.62,15.63,15.6,15.6,2200
35,15.6162,15.63,15.61,15.63,3831
36,15.62,15.63,15.59,15.62,11500
37,15.66,15.68,15.61,15.62,12856
38,15.69,15.69,15.62,15.65,11338
39,15.69,15.7,15.66,15.69,182507
144,15.7,15.7,15.7,15.7,1677
145,15.64,15.86,15.5616,15.78,13801
146,15.72,15.72,15.65,15.65,1100
147,15.68,15.69,15.64,15.66,2199
148,15.688,15.73,15.67,15.69,9783
149,15.69,15.7301,15.67,15.7301,3350
150,15.68,15.68,15.67,15.68,2241
151,15.67,15.67,15.67,15.67,100
152,15.7417,15.75,15.67,15.69,8281
153,15.71,15.75,15.68,15.74,4357
154,15.68,15.71,15.68,15.71,2008
155,15.68,15.74,15.67,15.6899,6251
156,15.7,15.74,15.68,15.68,2299
157,15.75,15.75,15.7,15.7,1900
158,15.81,15.81,15.75,15.75,6900
159,15.85,15.88,15.7997,15.7997,4300
160,15.82,15.8686,15.79,15.85,5400
161,15.91,15.91,15.8193,15.82,15180
162,15.84,15.92,15.82,15.89,4100
163,15.81,15.85,15.81,15.83,2020
164,15.72,15.8,15.72,15.8,1720
165,15.72,15.8,15.7,15.71,5064
166,15.71,15.7436,15.7,15.74,2933
167,15.7099,15.72,15.7,15.7,800
168,15.6803,15.7,15.67,15.7,6586
169,15.76,15.79,15.67,15.67,3549
170,15.72,15.79,15.72,15.79,1300
171,15.72,15.73,15.72,15.72,5100
172,15.74,15.76,15.73,15.73,1200
173,15.73,15.74,15.73,15.7384,2700
174,15.72,15.74,15.72,15.74,6322
175,15.8,15.855,15.73,15.73,6900
176,15.84,15.84,15.81,15.81,1200
177,15.85,15.94,15.84,15.84,5881
178,15.87,15.91,15.84,15.855,4481
179,15.83,15.873,15.83,15.87,3078
180,15.81,15.83,15.81,15.83,3077
181,15.84,15.84,15.81,15.81,4402
182,15.88,15.89,15.83,15.84,13296
183,15.89,15.9,15.88,15.89,19913
288,15.92,15.92,15.92,15.92,5652
289,15.9732,16,15.91,15.97,14218
290,16.22,16.22,15.99,15.99,10227
291,16.18,16.34,16.11,16.1556,22004
292,16.235,16.24,16.06,16.1492,38906
293,16.18,16.23,16.1,16.23,12559
294,16.07,16.2,16.05,16.1674,12927
295,15.94,16.1175,15.93,16.08,23000
296,15.84,15.92,15.82,15.92,10452
297,16.05,16.079,15.86,15.86,38310
298,15.97,16.075,15.96,16.04,23838
299,16,16,15.96,15.98,3250
300,16.01,16.05,15.98,16.01,3350
301,15.98,16.03,15.98,16.0201,2975
302,15.9901,16.01,15.98,16,4505
303,15.95,15.99,15.95,15.99,1800
304,15.96,15.96,15.96,15.96,700
305,15.97,15.97,15.95,15.96,910
306,15.99,16.01,15.96,15.96,6940
307,15.93,16,15.91,15.99,8548
308,15.95,15.95,15.92,15.95,400
309,15.9,15.92,15.9,15.92,1755
310,15.94,15.97,15.9134,15.9134,1550
311,15.98,15.99,15.94,15.94,2800
312,15.92,15.98,15.91,15.98,1556
313,15.9381,15.96,15.92,15.96,1550
314,15.95,15.97,15.94,15.95,1700
315,15.98,15.99,15.95,15.95,2000
316,15.967,16.01,15.95,15.97,7415
317,15.98,16,15.95,15.97,3800
318,15.96,16,15.96,15.9799,4200
319,15.95,16.01,15.95,15.99,1950
320,15.97,15.97,15.96,15.97,2700
321,16,16.01,15.95,15.95,5301
322,15.99,16.02,15.97,15.98,6859
323,16,16.015,16,16,5500
324,16.11,16.11,15.975,15.98,16424
325,16.1,16.1,16.06,16.0932,13110
326,16.09,16.12,16.03,16.1,16803
327,16.01,16.09,15.99,16.09,41937
432,16.01,16.01,16.01,16.01,3596
433,15.935,16.16,15.8701,16.1,32000
434,16.06,16.11,15.9401,15.97,6500
435,16.02,16.12,16,16.12,4500
436,16.04,16.1,16.01,16.055,36533
437,16.05,16.12,16.013,16.013,6700
438,16.04,16.05,16.04,16.05,2600
439,16.0801,16.1,16.05,16.05,9771
440,16.06,16.1,16.06,16.08,3650
441,16.06,16.08,16.05,16.05,3699
442,16,16.09,15.99,16.06,23749
443,16.04,16.04,15.91,15.98,9623
444,16.02,16.07,16.0104,16.03,3325
445,16.01,16.1,16.01,16.05,27798
446,16.11,16.11,16,16,11154
447,16.08,16.16,16.06,16.09,5600
448,16.01,16.07,16.01,16.06,6400
449,16,16.02,16,16.02,8267
450,16.01,16.02,16,16,2863
451,15.98,16.02,15.98,16,2600
452,15.99,15.99,15.97,15.97,700
453,16,16.02,15.98,15.98,20661
454,16,16.01,15.976,16,4085
455,15.99,16,15.98,15.99,10000
456,15.99,16,15.97,15.97,500
457,15.99,15.99,15.99,15.99,900
458,15.995,15.995,15.98,15.99,700
459,15.99,16,15.99,16,3662
460,16.05,16.07,15.995,15.995,9552
461,16.03,16.07,16.02,16.07,104529
462,16.03,16.04,16,16.035,10700
463,16.13,16.14,16.0201,16.03,10401
464,16.07,16.13,16.03,16.13,8718
465,16.07,16.1,16.06,16.07,5100
466,16.08,16.09,16.07,16.09,3200
467,16.06,16.09,16.05,16.0801,18719
468,16.07,16.1,16.05,16.0512,3100
469,16.02,16.07,16.0101,16.07,14751
470,16.08,16.08,16.01,16.01,8200
471,16.11,16.11,16.08,16.08,36715
576,16.12,16.12,16.12,16.12,4927
577,16.1,16.12,16.04,16.12,2150
578,16.06,16.06,16.02,16.03,32230
579,16.09,16.09,16.08,16.08,1400
580,16.1,16.12,16.07,16.11,2349
581,16.135,16.15,16.12,16.12,2500
582,16.19,16.23,16.16,16.16,4099
583,16.26,16.28,16.2,16.205,7728
584,16.25,16.3,16.24,16.26,3378
585,16.22,16.27,16.19,16.25,16806
586,16.24,16.25,16.2,16.23,2900
587,16.14,16.21,16.14,16.21,4200
588,16.2,16.21,16.13,16.16,10000
589,16.2,16.2,16.17,16.17,4900
590,16.2124,16.22,16.2,16.22,2600
591,16.2,16.25,16.1772,16.215,15141
592,16.18,16.21,16.18,16.21,4440
593,16.17,16.18,16.16,16.16,1800
594,16.21,16.23,16.17,16.17,2200
595,16.1556,16.23,16.15,16.22,1500
596,16.2,16.22,16.17,16.17,1550
597,16.2373,16.24,16.22,16.23,1600
598,16.21,16.23,16.2,16.23,3100
599,16.27,16.29,16.2147,16.22,5483
600,16.27,16.29,16.25,16.25,2350
601,16.35,16.37,16.27,16.27,4900
602,16.4,16.4,16.35,16.37,7057
603,16.43,16.47,16.395,16.395,9042
604,16.45,16.47,16.423,16.43,1875
605,16.4,16.44,16.4,16.43,6754
606,16.41,16.45,16.39,16.4,19270
607,16.4,16.44,16.4,16.41,9911
608,16.34,16.41,16.32,16.41,3516
609,16.35,16.37,16.33,16.35,3294
610,16.35,16.39,16.345,16.35,7151
611,16.34,16.35,16.335,16.35,2100
612,16.3,16.39,16.2963,16.35,13599
613,16.355,16.36,16.27,16.28,15477
614,16.38,16.39,16.35,16.36,12471
615,16.46,16.49,16.35,16.35,121388
a1496151000,16.5,16.5,16.5,16.5,1651
1,16.42,16.5,16.13,16.13,20855
2,16.48,16.48,16.41,16.4462,11059
3,16.45,16.47,16.41,16.43,3430
4,16.42,16.48,16.42,16.4625,6310
5,16.45,16.49,16.36,16.41,37236
6,16.485,16.66,16.43,16.45,48642
7,16.66,16.66,16.44,16.49,15082
8,16.54,16.7,16.52,16.68,30713
9,16.56,16.57,16.48,16.555,6990
10,16.48,16.575,16.47,16.55,31450
11,16.39,16.52,16.36,16.505,9600
12,16.45,16.505,16.36,16.38,27324
13,16.4501,16.47,16.45,16.4601,3200
14,16.46,16.51,16.45,16.45,5600
15,16.5,16.58,16.48,16.49,8750
16,16.4501,16.52,16.45,16.5,4100
17,16.4501,16.49,16.45,16.47,4490
18,16.4501,16.4707,16.45,16.46,14200
19,16.43,16.45,16.41,16.45,4880
20,16.44,16.48,16.4,16.44,4300
21,16.43,16.46,16.37,16.38,5320
22,16.38,16.44,16.38,16.41,4100
23,16.43,16.45,16.3814,16.3814,12789
24,16.45,16.45,16.42,16.42,3100
25,16.3925,16.43,16.37,16.43,13509
26,16.36,16.39,16.34,16.3872,3885
27,16.33,16.37,16.28,16.37,3600
28,16.36,16.4,16.29,16.29,9000
29,16.36,16.37,16.36,16.36,3540
30,16.38,16.39,16.36,16.36,15989
31,16.34,16.39,16.34,16.38,2188
32,16.34,16.3599,16.34,16.3599,1400
33,16.39,16.46,16.32,16.34,10771
34,16.39,16.42,16.38,16.4,6575
35,16.39,16.39,16.38,16.38,5235
36,16.3892,16.3892,16.38,16.38,6225
37,16.4,16.44,16.38,16.38,9143
38,16.4,16.455,16.4,16.4035,22048
39,16.42,16.45,16.4,16.44,65112
144,16.43,16.43,16.43,16.43,1860
145,16.36,16.6466,16.36,16.6466,9013
146,16.44,16.58,16.36,16.36,26753
147,16.42,16.46,16.41,16.44,16000
148,16.41,16.465,16.4064,16.42,3500
149,16.46,16.48,16.4,16.41,6008
150,16.46,16.47,16.445,16.47,9300
151,16.46,16.49,16.42,16.47,17025
152,16.47,16.49,16.45,16.45,25422
153,16.46,16.49,16.46,16.48,20080
154,16.42,16.51,16.42,16.47,35802
155,16.4053,16.453,16.38,16.39,5804
156,16.44,16.46,16.4,16.43,2990
157,16.45,16.5,16.44,16.44,15350
158,16.46,16.48,16.44,16.44,2912
159,16.48,16.48,16.45,16.4567,4415
160,16.5,16.54,16.47,16.48,55042
161,16.44,16.5095,16.44,16.5,9300
162,16.43,16.44,16.38,16.44,3869
163,16.41,16.45,16.38,16.38,4400
164,16.39,16.44,16.38,16.425,1860
165,16.275,16.39,16.25,16.38,15400
166,16.37,16.4,16.29,16.3,6355
167,16.37,16.44,16.37,16.37,3060
168,16.345,16.39,16.32,16.34,6811
169,16.37,16.39,16.33,16.36,5423
170,16.42,16.42,16.37,16.37,2300
171,16.33,16.4,16.3,16.39,8979
172,16.3,16.38,16.27,16.33,6800
173,16.26,16.2899,16.19,16.284,27904
174,16.4,16.41,16.25,16.25,13500
175,16.38,16.465,16.38,16.4,10800
176,16.3725,16.41,16.36,16.41,1400
177,16.4,16.41,16.36,16.37,4100
178,16.44,16.44,16.38,16.4,4450
179,16.46,16.46,16.41,16.425,4691
180,16.43,16.47,16.42,16.46,3880
181,16.42,16.43,16.41,16.43,2455
182,16.52,16.52,16.41,16.42,12627
183,16.52,16.56,16.49,16.52,98357
288,16.51,16.51,16.51,16.51,317
289,16.49,16.67,16.48,16.67,2700
290,16.52,16.56,16.47,16.55,1400
291,16.52,16.6,16.5,16.53,8575
292,16.63,16.63,16.5,16.52,16340
293,16.59,16.65,16.53,16.6,3723
294,16.59,16.61,16.55,16.55,3006
295,16.77,16.78,16.61,16.61,12940
296,16.7,16.89,16.7,16.8,17726
297,16.845,16.89,16.7,16.7,11860
298,16.8,16.85,16.78,16.8425,16979
299,16.82,16.85,16.79,16.8199,15397
300,16.76,16.83,16.75,16.83,6103
301,16.83,16.83,16.76,16.77,4100
302,16.79,16.825,16.79,16.825,2400
303,16.7704,16.86,16.77,16.82,14828
304,16.825,16.83,16.78,16.78,2300
305,16.825,16.84,16.79,16.8272,4599
306,16.805,16.82,16.8,16.82,2000
307,16.86,16.86,16.78,16.8,5600
308,16.81,16.85,16.81,16.85,2150
309,16.85,16.86,16.8299,16.8299,5500
310,16.82,16.87,16.82,16.86,3913
311,16.84,16.85,16.81,16.83,3856
312,16.8,16.84,16.8,16.84,5200
313,16.92,16.9399,16.8053,16.8053,10780
314,16.88,16.95,16.88,16.92,5000
315,16.82,16.88,16.8,16.88,8500
316,16.81,16.87,16.79,16.8,114245
317,16.94,16.94,16.81,16.81,12975
318,16.87,16.94,16.77,16.92,82083
319,16.9,16.98,16.85,16.87,28400
320,17.0399,17.06,16.89,16.9,32021
321,17,17.06,16.98,17.02,10332
322,17.01,17.02,16.97,16.99,26460
323,17.1,17.1,16.98,17,5450
324,17.13,17.18,17.09,17.1,20384
325,17.09,17.12,17.03,17.12,11500
326,17.16,17.16,17.1,17.1,27035
327,17.14,17.16,17.09,17.15,62700
432,17.15,17.15,17.15,17.15,727
433,17.2296,17.271,16.99,16.99,40364
434,17.145,17.21,17.13,17.19,24100
435,17.05,17.16,17.05,17.14,6300
436,16.99,17.16,16.99,17.09,8700
437,16.95,17.0656,16.95,17.01,9800
438,16.91,16.946,16.89,16.91,4806
439,16.79,16.957,16.73,16.927,11128
440,16.8,16.833,16.75,16.78,6537
441,16.74,16.83,16.694,16.8,7757
442,16.795,16.86,16.725,16.725,11415
443,16.79,16.857,16.76,16.796,3445
444,16.82,16.86,16.78,16.813,3075
445,16.89,16.89,16.8069,16.84,3400
446,16.9,16.94,16.85,16.8504,9656
447,16.83,17,16.79,16.9,20608
448,16.8582,16.92,16.84,16.868,3778
449,16.8572,16.9,16.8572,16.865,2550
450,16.896,16.905,16.85,16.88,1385
451,16.77,16.9,16.77,16.88,2700
452,16.79,16.81,16.75,16.8,2750
453,16.774,16.825,16.73,16.81,7286
454,16.75,16.795,16.73,16.78,5300
455,16.81,16.8125,16.74,16.74,5200
456,16.86,16.86,16.83,16.836,1300
457,16.9,16.91,16.85,16.87,1700
458,16.8328,16.91,16.83,16.89,1740
459,16.84,16.86,16.78,16.855,3584
460,16.82,16.85,16.79,16.82,2886
461,16.8579,16.858,16.79,16.79,4674
462,16.805,16.86,16.8,16.85,10608
463,16.83,16.86,16.79,16.805,8629
464,16.855,16.88,16.8,16.82,2710
465,16.86,16.89,16.83,16.85,2800
466,16.93,16.955,16.86,16.87,16736
467,16.97,16.99,16.92,16.93,11435
468,17.03,17.03,16.97,16.97,15399
469,16.99,17.04,16.93,17.03,16467
470,16.98,17,16.98,16.99,16439
471,17,17.02,16.96,16.98,31173
864,16.78,16.78,16.78,16.78,13188
865,16.94,16.94,16.7,16.7775,5447
866,16.98,17,16.8869,16.99,7874
867,16.99,17,16.94,16.96,3169
868,16.99,17.02,16.95,16.97,30819
869,16.991,17.01,16.98,16.99,8804
870,17.03,17.03,16.983,16.99,3996
871,17.14,17.14,17.03,17.03,11552
872,17.03,17.16,16.94,17.14,63669
873,17.02,17.07,17.0175,17.03,6588
874,16.94,17,16.94,17,3100
875,17,17,16.96,16.96,4100
876,16.9401,17.03,16.94,17.02,6167
877,16.97,16.974,16.94,16.94,3472
878,16.95,16.98,16.94,16.97,5878
879,16.99,16.99,16.95,16.95,3399
880,17.01,17.02,16.98,16.998,14594
881,17.005,17.016,17,17,3087
882,16.9892,17.005,16.935,17.005,11881
883,16.95,16.99,16.94,16.98,22540
884,16.99,17,16.95,16.96,4000
885,16.9702,17,16.9638,16.99,5660
886,16.985,17,16.98,16.98,3461
887,16.995,17,16.98,16.985,2864
888,16.985,16.9964,16.98,16.995,3450
889,16.97,16.99,16.96,16.985,4900
890,16.98,16.99,16.97,16.97,1600
891,16.98,16.99,16.96,16.99,2199
892,16.97,16.98,16.96,16.98,3057
893,16.99,16.99,16.97,16.97,1994
894,16.98,16.99,16.96,16.98,4251
895,16.965,16.99,16.96,16.98,2700
896,16.995,16.995,16.96,16.97,14260
897,16.98,17,16.95,16.995,16997
898,16.975,16.99,16.96,16.98,8428
899,16.99,16.99,16.97,16.98,12000
900,16.97,16.98,16.95,16.98,13600
901,16.99,17.005,16.9687,16.97,55115
902,16.985,17.02,16.98,16.99,13977
903,16.99,17.03,16.98,16.98,27616
a1496755800,16.88,16.88,16.88,16.88,1017
1,16.91,16.9831,16.9,16.9,2400
2,16.9308,16.97,16.91,16.9101,7904
3,16.99,16.99,16.937,16.98,500
4,16.96,16.98,16.96,16.98,1200
5,16.98,16.99,16.96,16.97,4100
6,16.95,16.98,16.95,16.97,5328
7,16.97,16.98,16.92,16.95,5618
8,16.94,16.97,16.91,16.96,5700
9,16.935,16.95,16.92,16.94,4391
10,16.93,16.97,16.93,16.935,4400
11,16.94,16.96,16.93,16.96,700
12,16.95,16.97,16.94,16.95,4700
13,16.9701,16.99,16.93,16.93,2900
14,16.95,16.99,16.95,16.99,16281
15,16.96,16.96,16.95,16.95,1300
16,16.96,16.98,16.96,16.98,6963
17,16.98,16.99,16.96,16.96,2700
18,16.955,16.99,16.95,16.99,3600
19,16.96,16.98,16.95,16.96,3200
20,16.98,16.98,16.95,16.95,10300
21,16.955,16.975,16.955,16.975,3598
22,16.97,16.97,16.93,16.955,8307
23,16.96,16.97,16.9448,16.9448,6336
24,16.96,16.97,16.95,16.97,2095
25,16.96,16.97,16.95,16.96,2800
26,16.97,16.975,16.96,16.96,2100
27,16.95,16.97,16.95,16.97,4064
28,16.97,16.97,16.9501,16.9501,400
29,16.9701,16.98,16.95,16.95,4100
30,16.96,16.98,16.95,16.97,6753
31,16.97,16.98,16.95,16.95,3390
32,16.98,16.99,16.96,16.98,35523
33,16.99,16.99,16.98,16.98,12000
34,16.99,16.99,16.985,16.985,2600
35,16.9601,16.99,16.96,16.99,8200
36,16.86,16.977,16.86,16.977,7538
37,16.86,16.9,16.83,16.9,7550
38,16.8381,16.87,16.82,16.87,9328
39,16.87,16.89,16.82,16.84,32941
144,16.86,16.86,16.86,16.86,2479
145,16.89,16.92,16.8,16.83,2200
146,16.86,16.93,16.86,16.8634,2900
147,16.85,16.85,16.81,16.81,900
148,16.737,16.88,16.737,16.86,11253
149,16.65,16.73,16.65,16.71,11650
150,16.5449,16.66,16.53,16.65,6345
151,16.29,16.5199,16.29,16.5199,9658
152,16.3376,16.34,16.1,16.25,22926
153,16.376,16.38,16.21,16.35,34466
154,16.4,16.4,16.35,16.39,14109
155,16.34,16.395,16.34,16.395,7734
156,16.3611,16.39,16.31,16.35,7000
157,16.39,16.45,16.34,16.36,141247
158,16.3937,16.43,16.39,16.4,32294
159,16.2,16.395,16.2,16.395,9143
160,16.23,16.26,16.185,16.2,6044
161,16.1647,16.24,16.11,16.24,5500
162,16.2783,16.28,16.175,16.175,3700
163,16.17,16.275,16.16,16.27,6600
164,16.23,16.26,16.11,16.17,74551
165,16.31,16.35,16.23,16.24,14866
166,16.3,16.31,16.29,16.29,1900
167,16.345,16.36,16.295,16.295,2164
168,16.42,16.46,16.33,16.36,7300
169,16.37,16.42,16.37,16.42,1200
170,16.46,16.46,16.4047,16.42,1610
171,16.47,16.49,16.42,16.46,3711
172,16.49,16.54,16.425,16.49,7100
173,16.54,16.54,16.49,16.4996,3065
174,16.57,16.65,16.54,16.54,22716
175,16.56,16.63,16.485,16.56,43866
176,16.57,16.61,16.51,16.57,6066
177,16.49,16.59,16.47,16.59,6289
178,16.48,16.5,16.45,16.49,5000
179,16.4765,16.48,16.43,16.48,7428
180,16.52,16.52,16.48,16.48,8300
181,16.51,16.52,16.5,16.52,4100
182,16.44,16.55,16.42,16.52,30838
183,16.44,16.48,16.43,16.45,49284
288,16.33,16.39,16.33,16.39,12012
289,16.68,16.77,16.32,16.34,4091
290,16.5955,16.67,16.23,16.67,12727
291,16.56,16.56,16.5,16.51,5000
292,16.6,16.6,16.56,16.56,1200
293,16.6,16.6,16.52,16.58,1850
294,16.58,16.6002,16.51,16.6002,3600
295,16.6125,16.7,16.59,16.6,6300
296,16.56,16.6,16.55,16.59,3000
297,16.49,16.58,16.46,16.58,7000
298,16.52,16.57,16.51,16.52,6000
299,16.47,16.52,16.46,16.515,15000
300,16.44,16.53,16.44,16.48,6970
301,16.3856,16.45,16.3856,16.45,7000
302,16.34,16.415,16.34,16.415,6257
303,16.44,16.45,16.36,16.365,7150
304,16.404,16.45,16.4,16.4447,7787
305,16.43,16.43,16.41,16.42,2133
306,16.41,16.45,16.41,16.45,8238
307,16.42,16.43,16.41,16.42,1600
308,16.44,16.48,16.43,16.43,10003
309,16.46,16.46,16.4323,16.4323,5824
310,16.46,16.46,16.42,16.44,5034
311,16.46,16.46,16.44,16.45,4600
312,16.415,16.46,16.36,16.46,7319
313,16.49,16.53,16.4,16.4,7632
314,16.48,16.53,16.47,16.49,2400
315,16.49,16.57,16.47,16.47,3150
316,16.46,16.49,16.44,16.49,3107
317,16.455,16.49,16.44,16.44,2600
318,16.46,16.48,16.45,16.45,2200
319,16.495,16.53,16.47,16.47,5302
320,16.505,16.505,16.475,16.495,3900
321,16.54,16.57,16.5,16.51,5209
322,16.57,16.59,16.55,16.55,1700
323,16.59,16.6,16.57,16.57,4500
324,16.595,16.6,16.57,16.59,9493
325,16.63,16.63,16.5801,16.595,10579
326,16.61,16.64,16.59,16.62,13169
327,16.61,16.644,16.6,16.61,30893
432,16.72,16.72,16.72,16.72,1098
433,16.72,16.72,16.72,16.72,200
434,16.76,16.76,16.66,16.67,1710
435,16.8,16.8,16.72,16.79,2900
436,16.81,16.83,16.74,16.77,3101
437,16.84,16.85,16.73,16.84,6500
438,16.84,16.88,16.82,16.85,9700
439,16.78,16.83,16.75,16.81,3450
440,16.87,16.87,16.78,16.78,2725
441,16.9,16.94,16.87,16.89,6202
442,16.81,16.87,16.81,16.84,4250
443,16.85,16.8637,16.785,16.785,13800
444,16.8,16.845,16.74,16.84,6200
445,16.81,16.88,16.798,16.81,4760
446,16.85,16.86,16.79,16.82,2500
447,16.83,16.92,16.83,16.85,6175
448,16.87,16.89,16.83,16.83,2500
449,16.74,16.88,16.74,16.87,6410
450,16.7,16.73,16.665,16.71,4297
451,16.61,16.76,16.6,16.72,12168
452,16.59,16.59,16.52,16.57,5400
453,16.76,16.79,16.59,16.59,7025
454,16.64,16.77,16.64,16.77,3300
455,16.534,16.635,16.52,16.62,7270
456,16.59,16.65,16.54,16.54,6453
457,16.49,16.58,16.48,16.56,9600
458,16.42,16.47,16.375,16.41,4200
459,16.45,16.49,16.39,16.42,6650
460,16.285,16.455,16.285,16.423,17390
461,16.28,16.285,16.14,16.285,6710
462,16.33,16.33,16.2701,16.31,6687
463,16.275,16.34,16.27,16.33,5296
464,15.95,16.28,15.92,16.28,41661
465,16.13,16.14,15.8601,15.95,22774
466,16.115,16.15,16.07,16.14,8462
467,16.17,16.17,16.05,16.115,18167
468,16.16,16.175,16.13,16.175,10191
469,16.135,16.16,16.09,16.155,13039
470,16.08,16.135,16.0686,16.135,16555
471,16.11,16.13,16.07,16.07,34995
864,15.87,15.87,15.87,15.87,6060
865,15.99,16.33,15.8,15.8,12320
866,15.8401,16.1,15.8401,15.92,8756
867,15.95,15.95,15.78,15.84,12788
868,15.91,16.03,15.87,15.94,23539
869,15.94,16.02,15.89,15.9,15553
870,15.92,16.13,15.77,15.99,16521
871,15.96,15.97,15.78,15.891,11255
872,15.75,16.02,15.69,15.97,10831
873,15.9,15.91,15.72,15.8,9900
874,15.91,15.91,15.83,15.9,5200
875,15.99,16.05,15.96,16.01,6800
876,16.16,16.28,16.0525,16.0547,9752
877,16.15,16.24,16.11,16.161,21321
878,16.2,16.22,16.13,16.15,7404
879,16.2,16.27,16.17,16.24,4400
880,16.35,16.35,16.21,16.21,2525
881,16.23,16.38,16.19,16.35,7075
882,16.31,16.35,16.23,16.23,6600
883,16.44,16.44,16.3101,16.3101,3925
884,16.37,16.42,16.325,16.42,4273
885,16.31,16.36,16.31,16.36,3775
886,16.39,16.42,16.31,16.31,2600
887,16.47,16.48,16.41,16.41,7191
888,16.5,16.5,16.47,16.47,2711
889,16.51,16.51,16.48,16.51,1900
890,16.51,16.51,16.48,16.51,2000
891,16.48,16.51,16.44,16.48,14592
892,16.49,16.53,16.46,16.46,9782
893,16.52,16.55,16.46,16.48,10560
894,16.53,16.53,16.46,16.51,2800
895,16.535,16.55,16.52,16.52,2675
896,16.54,16.5825,16.53,16.55,5700
897,16.47,16.54,16.45,16.54,5500
898,16.515,16.53,16.46,16.46,2800
899,16.46,16.53,16.45,16.52,5000
900,16.39,16.48,16.38,16.47,4500
901,16.4,16.41,16.38,16.39,4600
902,16.39,16.41,16.34,16.4,49382
903,16.48,16.49,16.395,16.395,26453
a1497360600,16.5,16.5,16.5,16.5,2662
1,16.63,16.74,16.5,16.5,8202
2,16.7,16.73,16.61,16.61,2300
3,16.6,16.78,16.6,16.78,8600
4,16.6793,16.7,16.58,16.6,6375
5,16.69,16.69,16.64,16.67,1900
6,16.71,16.71,16.67,16.67,1600
7,16.65,16.74,16.64,16.71,4762
8,16.61,16.63,16.56,16.63,8600
9,16.55,16.61,16.52,16.61,3000
10,16.56,16.62,16.53,16.54,8726
11,16.68,16.68,16.57,16.57,3200
12,16.575,16.68,16.575,16.68,3150
13,16.6,16.65,16.55,16.575,8550
14,16.65,16.67,16.59,16.59,2100
15,16.665,16.67,16.595,16.63,5100
16,16.66,16.7,16.65,16.67,3600
17,16.59,16.67,16.54,16.6401,2353
18,16.64,16.64,16.57,16.58,3400
19,16.665,16.68,16.64,16.668,1796
20,16.73,16.73,16.668,16.668,2500
21,16.71,16.7979,16.71,16.73,8091
22,16.75,16.77,16.69,16.72,2200
23,16.74,16.79,16.74,16.75,2991
24,16.69,16.75,16.68,16.75,3800
25,16.73,16.77,16.68,16.69,4700
26,16.71,16.72,16.69,16.72,1800
27,16.73,16.76,16.72,16.72,3100
28,16.73,16.74,16.71,16.73,3950
29,16.71,16.725,16.71,16.725,1100
30,16.7,16.72,16.7,16.72,2700
31,16.72,16.74,16.71,16.71,4250
32,16.73,16.74,16.72,16.73,1500
33,16.74,16.74,16.72,16.73,2750
34,16.735,16.75,16.72,16.75,7427
35,16.7,16.75,16.7,16.735,5895
36,16.75,16.76,16.715,16.72,5216
37,16.72,16.75,16.72,16.74,7740
38,16.74,16.74,16.7,16.735,7973
39,16.76,16.76,16.72,16.74,22059
144,16.7,16.7,16.7,16.7,2624
146,16.79,16.79,16.65,16.68,2891
147,16.7342,16.79,16.72,16.79,1527
148,16.698,16.76,16.698,16.7179,3200
149,16.72,16.7281,16.69,16.7281,2300
150,16.75,16.75,16.72,16.72,1100
151,16.7,16.76,16.7,16.76,903
152,16.7,16.72,16.69,16.71,3902
153,16.7,16.74,16.69,16.71,7145
154,16.71,16.73,16.7,16.73,4570
155,16.7,16.74,16.7,16.72,2752
156,16.725,16.74,16.71,16.71,1200
157,16.77,16.77,16.7,16.725,3759
158,16.76,16.76,16.71,16.75,3000
159,16.75,16.79,16.75,16.77,4900
160,16.7,16.76,16.7,16.75,3108
161,16.68,16.72,16.62,16.7,20650
162,16.67,16.71,16.66,16.68,2780
163,16.65,16.67,16.64,16.67,800
164,16.67,16.68,16.66,16.66,2400
165,16.645,16.67,16.63,16.67,1998
166,16.63,16.66,16.62,16.64,3950
167,16.62,16.66,16.61,16.63,1700
168,16.645,16.66,16.6,16.6,3500
169,16.66,16.66,16.645,16.645,1400
170,16.64,16.66,16.63,16.66,2900
171,16.64,16.64,16.62,16.62,2000
172,16.63,16.7,16.62,16.63,5145
173,16.64,16.77,16.61,16.65,6589
174,16.66,16.68,16.6,16.62,4154
175,16.69,16.74,16.6,16.66,12416
176,16.64,16.695,16.61,16.695,22496
177,16.64,16.66,16.63,16.64,8233
178,16.63,16.68,16.6,16.63,25234
179,16.67,16.68,16.6,16.62,6838
180,16.675,16.675,16.6,16.66,12697
181,16.645,16.69,16.6,16.67,8097
182,16.68,16.71,16.63,16.65,21089
183,16.66,16.715,16.64,16.715,25947
288,16.51,16.51,16.51,16.51,600
289,16.72,16.82,16.5656,16.612,3498
290,16.55,16.68,16.54,16.68,5181
291,16.84,16.94,16.6,16.6,5801
292,16.96,17,16.91,16.93,21377
293,16.99,17.04,16.98,16.99,5813
294,16.75,16.92,16.7,16.92,4630
295,16.76,16.83,16.74,16.74,1400
296,16.66,16.75,16.64,16.75,5213
297,16.78,16.78,16.63,16.67,2600
298,16.65,16.75,16.65,16.75,2900
299,16.66,16.69,16.65,16.66,2241
300,16.73,16.73,16.67,16.67,800
301,16.675,16.73,16.675,16.73,1380
302,16.66,16.685,16.66,16.6702,2950
303,16.7,16.7,16.675,16.68,1400
304,16.68,16.7,16.67,16.7,1400
305,16.68,16.68,16.66,16.67,1300
306,16.68,16.68,16.66,16.68,1031
307,16.68,16.68,16.65,16.66,2733
308,16.68,16.68,16.65,16.65,500
309,16.67,16.68,16.65,16.68,1498
310,16.66,16.7,16.66,16.69,800
311,16.71,16.71,16.67,16.69,1825
312,16.7,16.7,16.66,16.7,600
313,16.7,16.7,16.67,16.7,1000
314,16.69,16.7,16.6641,16.7,1048
315,16.7,16.76,16.68,16.68,3489
316,16.68,16.7,16.68,16.7,1100
317,16.71,16.7167,16.67,16.69,4420
318,16.6701,16.71,16.66,16.66,8000
319,16.71,16.74,16.6701,16.6701,3100
320,16.7101,16.74,16.69,16.71,4771
321,16.68,16.74,16.6701,16.7101,4500
322,16.72,16.73,16.69,16.7,6600
323,16.68,16.75,16.67,16.72,7687
324,16.71,16.74,16.67,16.72,7034
325,16.68,16.72,16.68,16.715,7408
326,16.66,16.68,16.65,16.68,13847
327,16.72,16.73,16.67,16.67,29456
432,16.67,16.67,16.67,16.67,12468
433,16.69,16.69,16.52,16.56,5693
434,16.77,16.78,16.67,16.71,800
435,16.72,16.8,16.68,16.765,5700
436,16.76,16.8,16.63,16.73,9500
437,16.77,16.77,16.685,16.74,3842
438,16.73,16.8,16.72,16.77,1600
439,16.72,16.74,16.7,16.735,3900
440,16.705,16.715,16.7,16.71,3370
441,16.77,16.77,16.7,16.7025,3316
442,16.75,16.76,16.72,16.7461,1300
443,16.74,16.75,16.7,16.73,6650
444,16.75,16.75,16.72,16.72,1000
445,16.73,16.76,16.7278,16.7278,5311
446,16.66,16.735,16.66,16.73,3890
447,16.73,16.75,16.67,16.67,4700
448,16.77,16.77,16.74,16.74,500
449,16.725,16.76,16.71,16.76,1800
450,16.71,16.72,16.7,16.72,1300
451,16.79,16.79,16.71,16.7199,2100
452,16.79,16.79,16.78,16.79,300
453,16.74,16.87,16.74,16.79,3400
454,16.87,16.87,16.76,16.76,1674
455,16.83,16.9,16.81,16.9,3493
456,16.865,16.89,16.84,16.84,2071
457,16.89,16.9,16.85,16.8779,1000
458,16.87,16.93,16.86,16.8879,11400
459,16.89,16.94,16.865,16.865,3200
460,16.895,16.91,16.88,16.895,800
461,16.92,16.93,16.8913,16.8923,4339
462,16.95,16.95,16.88,16.92,3500
463,16.98,16.98,16.94,16.94,1263
464,16.95,16.98,16.92,16.96,2700
465,16.94,16.99,16.92,16.96,2500
466,16.95,16.97,16.94,16.96,1700
467,16.94,16.95,16.92,16.95,3369
468,16.84,16.95,16.84,16.95,6900
469,16.77,16.85,16.7,16.842,13900
470,16.89,16.89,16.72,16.795,21205
471,16.93,16.95,16.79,16.88,312645
864,16.98,16.98,16.98,16.98,1276
865,17.0095,17.19,16.9,16.99,9231
866,17.17,17.22,16.94,16.97,7057
867,17.17,17.22,17.17,17.17,1400
868,17.2,17.21,17.08,17.115,1800
869,17.04,17.18,17.03,17.18,2500
870,17.2,17.2,17.04,17.0464,7987
871,17.34,17.34,17.17,17.185,16527
872,17.34,17.44,17.33,17.4,5275
873,17.34,17.3906,17.3,17.3906,7426
874,17.365,17.42,17.36,17.36,2774
875,17.325,17.37,17.3201,17.355,2300
876,17.34,17.37,17.28,17.33,5296
877,17.36,17.36,17.3,17.315,2725
878,17.34,17.37,17.34,17.3501,3300
879,17.33,17.35,17.28,17.33,6240
880,17.32,17.33,17.32,17.32,600
881,17.405,17.43,17.34,17.35,7614
882,17.42,17.42,17.37,17.3901,3400
883,17.36,17.41,17.28,17.4056,14051
884,17.34,17.37,17.34,17.3642,700
885,17.355,17.38,17.32,17.34,5100
886,17.39,17.4028,17.37,17.37,1300
887,17.43,17.43,17.37,17.38,3100
888,17.39,17.42,17.37,17.39,1500
889,17.44,17.44,17.36,17.36,2200
890,17.395,17.41,17.34,17.41,2673
891,17.37,17.4,17.37,17.38,9600
892,17.3338,17.38,17.32,17.38,4381
893,17.4,17.4,17.32,17.32,2100
894,17.32,17.385,17.3,17.385,1500
895,17.38,17.4,17.3275,17.34,6599
896,17.34,17.385,17.34,17.385,1384
897,17.32,17.37,17.32,17.34,2100
898,17.38,17.39,17.33,17.35,6198
899,17.35,17.39,17.33,17.38,7910
900,17.42,17.44,17.35,17.35,6140
901,17.38,17.44,17.34,17.435,7183
902,17.33,17.4,17.3,17.34,30536
903,17.33,17.35,17.29,17.33,32492
a1497965400,17.28,17.28,17.28,17.28,485
1,17.31,17.48,17.151,17.48,2000
2,17.4,17.42,17.34,17.35,7367
3,17.4,17.4,17.38,17.4,3800
4,17.44,17.44,17.3812,17.4,3650
5,17.53,17.53,17.44,17.44,9216
6,17.72,17.72,17.5532,17.5892,5500
7,17.56,17.7518,17.505,17.73,4500
8,17.75,17.75,17.53,17.53,17500
9,17.73,17.76,17.68,17.68,5900
10,17.6189,17.75,17.58,17.72,3920
11,17.61,17.655,17.6,17.64,2600
12,17.55,17.63,17.55,17.63,6600
13,17.55,17.58,17.46,17.56,10100
14,17.56,17.63,17.49,17.57,5390
15,17.56,17.595,17.55,17.59,3300
16,17.54,17.58,17.53,17.58,1300
17,17.51,17.59,17.51,17.54,4000
18,17.522,17.53,17.48,17.51,4287
19,17.5,17.59,17.5,17.52,9088
20,17.53,17.58,17.5,17.51,2721
21,17.55,17.56,17.52,17.56,3298
22,17.58,17.595,17.55,17.58,2800
23,17.56,17.6,17.5,17.6,3600
24,17.58,17.58,17.55,17.55,1400
25,17.52,17.59,17.52,17.59,5800
26,17.55,17.57,17.52,17.52,1100
27,17.55,17.57,17.55,17.57,1389
28,17.58,17.58,17.53,17.58,10213
29,17.555,17.59,17.52,17.59,21817
30,17.54,17.57,17.52,17.55,3670
31,17.5201,17.56,17.5,17.545,4950
32,17.52,17.55,17.51,17.55,7469
33,17.54,17.56,17.51,17.53,14140
34,17.51,17.5508,17.5,17.55,12936
35,17.51,17.52,17.42,17.5,6600
36,17.47,17.485,17.42,17.48,9765
37,17.47,17.53,17.47,17.47,18380
38,17.48,17.5,17.47,17.49,9100
39,17.47,17.5,17.46,17.49,15048
144,17.63,17.63,17.63,17.63,5001
145,17.58,17.58,17.2638,17.2638,2580
146,17.7,17.7,17.565,17.59,1100
147,17.64,17.7,17.63,17.7,1500
148,17.58,17.64,17.58,17.64,3300
149,17.545,17.6,17.54,17.54,1400
150,17.58,17.62,17.53,17.53,1600
151,17.54,17.61,17.54,17.585,6366
152,17.4,17.57,17.4,17.53,4967
153,17.31,17.45,17.31,17.4,6539
154,17.37,17.42,17.28,17.3,8789
155,17.34,17.41,17.32,17.41,6600
156,17.425,17.43,17.37,17.37,3200
157,17.43,17.45,17.41,17.43,4600
158,17.45,17.46,17.42,17.42,4000
159,17.425,17.43,17.41,17.42,2400
160,17.41,17.45,17.41,17.44,3400
161,17.41,17.43,17.41,17.42,1500
162,17.45,17.45,17.41,17.41,3370
163,17.41,17.46,17.41,17.44,1600
164,17.42,17.44,17.41,17.42,1800
165,17.43,17.43,17.41,17.43,1923
166,17.47,17.47,17.41,17.42,3000
167,17.49,17.49,17.465,17.48,500
168,17.485,17.485,17.47,17.47,200
169,17.52,17.539,17.5,17.5,3552
170,17.51,17.54,17.51,17.51,1699
171,17.53,17.54,17.5,17.54,2880
172,17.485,17.54,17.48,17.54,3682
173,17.475,17.51,17.465,17.465,2700
174,17.52,17.52,17.46,17.4862,1550
175,17.525,17.53,17.5,17.52,3677
176,17.455,17.54,17.45,17.53,6263
177,17.44,17.5,17.43,17.46,2000
178,17.475,17.48,17.43,17.445,1300
179,17.46,17.49,17.46,17.49,2400
180,17.46,17.51,17.442,17.442,7570
181,17.45,17.47,17.44,17.47,2492
182,17.47,17.47,17.44,17.44,6525
183,17.49,17.49,17.47,17.47,16568
288,17.55,17.55,17.55,17.55,681
289,17.53,17.74,17.3961,17.74,5035
290,17.47,17.59,17.47,17.49,3000
291,17.55,17.56,17.48,17.48,1400
292,17.44,17.55,17.44,17.55,1569
293,17.43,17.4649,17.41,17.44,2150
294,17.355,17.45,17.34,17.45,33346
295,17.42,17.42,17.36,17.36,7099
296,17.5301,17.57,17.49,17.49,2000
297,17.47,17.56,17.47,17.56,1600
298,17.57,17.57,17.41,17.4374,2300
299,17.48,17.56,17.47,17.56,1300
300,17.465,17.48,17.41,17.41,1400
301,17.49,17.49,17.43,17.45,1100
302,17.48,17.5,17.45,17.5,6800
303,17.49,17.5,17.45,17.45,2000
304,17.57,17.57,17.475,17.475,3501
305,17.55,17.57,17.52,17.57,2400
306,17.58,17.6,17.56,17.56,1300
307,17.5799,17.5799,17.52,17.565,7887
308,17.6,17.6,17.57,17.57,1000
309,17.62,17.63,17.6,17.6,1470
310,17.58,17.63,17.58,17.6082,1000
311,17.57,17.57,17.57,17.57,100
312,17.6,17.605,17.58,17.58,1782
313,17.56,17.61,17.56,17.61,3691
314,17.58,17.58,17.56,17.56,500
315,17.58,17.6,17.58,17.59,500
316,17.64,17.65,17.6,17.6,1000
317,17.58,17.62,17.5792,17.62,2851
318,17.59,17.6,17.59,17.59,800
319,17.56,17.6,17.56,17.6,1458
320,17.6,17.61,17.57,17.57,1300
321,17.59,17.61,17.59,17.6,1600
322,17.59,17.6,17.56,17.58,2782
323,17.59,17.6,17.53,17.595,56957
324,17.59,17.62,17.59,17.62,1600
325,17.59,17.6,17.56,17.57,4125
326,17.57,17.6,17.55,17.6,9207
327,17.61,17.64,17.56,17.56,73768
432,17.67,17.67,17.67,17.67,729
433,17.72,17.72,17.72,17.72,100
434,17.73,17.73,17.65,17.66,1234
435,17.76,17.8,17.76,17.77,3800
436,17.89,17.9,17.78,17.79,9920
437,17.91,17.94,17.85,17.9,2350
438,17.95,17.98,17.94,17.94,7552
439,18.06,18.06,17.95,17.9599,22660
440,18.04,18.11,17.98,18.07,17919
441,18.03,18.09,18.01,18.05,5800
442,17.99,18.08,17.96,18.03,10680
443,17.93,18.05,17.92,17.99,7159
444,17.94,17.95,17.93,17.94,4400
445,17.9299,17.935,17.84,17.92,8699
446,17.87,17.93,17.87,17.93,1800
447,17.91,17.95,17.8899,17.8899,3500
448,17.91,17.94,17.89,17.94,1800
449,17.78,17.91,17.78,17.87,13107
450,17.79,17.81,17.76,17.78,5226
451,17.83,17.86,17.8,17.8,1200
452,17.78,17.82,17.77,17.78,1700
453,17.79,17.83,17.79,17.83,1000
454,17.77,17.84,17.77,17.82,2572
455,17.79,17.79,17.76,17.77,5031
456,17.79,17.82,17.775,17.775,1000
457,17.78,17.83,17.78,17.83,1900
458,17.88,17.93,17.79,17.82,10601
459,17.88,17.89,17.85,17.85,1600
460,17.86,17.87,17.85,17.87,1400
461,17.83,17.855,17.81,17.85,2700
462,17.82,17.84,17.81,17.81,1200
463,17.82,17.84,17.81,17.83,7418
464,17.79,17.81,17.76,17.81,4502
465,17.82,17.82,17.78,17.79,1500
466,17.83,17.83,17.78,17.82,5186
467,17.82,17.86,17.79,17.83,6050
468,17.85,17.91,17.82,17.82,4750
469,17.78,17.9,17.775,17.85,17230
470,17.93,17.95,17.77,17.8,31741
471,17.99,18.04,17.9,17.93,1114369
864,18.05,18.05,18.05,18.05,1528
865,17.91,17.99,17.88,17.99,4708
866,17.97,18.02,17.84,17.85,3324
867,18.03,18.03,17.96,18,1323
868,18,18.04,17.97,18.04,3868
869,18.03,18.04,17.994,18,2100
870,18.19,18.19,18.05,18.05,2500
871,18.0536,18.3,18.03,18.19,10565
872,17.93,18.03,17.88,18.03,17100
873,17.9,17.975,17.82,17.89,7973
874,17.78,17.88,17.7,17.88,9719
875,17.4501,17.83,17.45,17.8,39942
876,17.72,17.72,17.3929,17.46,8590
877,17.74,17.76,17.54,17.7,7124
878,17.82,17.85,17.74,17.74,4167
879,17.88,17.89,17.79,17.83,2100
880,17.96,17.98,17.88,17.89,12816
881,17.96,18,17.96,17.98,2400
882,17.96,17.97,17.89,17.94,4500
883,18.02,18.15,17.97,17.97,7730
884,18.06,18.09,18,18.05,2243
885,18.02,18.14,18.02,18.13,4318
886,18.12,18.13,18.025,18.025,4340
887,18.19,18.19,18.12,18.12,5760
888,18.19,18.19,18.08,18.18,18941
889,18.325,18.34,18.15,18.185,6200
890,18.11,18.32,18.08,18.32,9354
891,18.17,18.17,18.08,18.08,5504
892,18.04,18.16,17.97,18.16,22462
893,18.08,18.08,18,18.04,6600
894,17.92,18.05,17.85,18.05,13886
895,17.98,17.98,17.89,17.89,2900
896,17.99,17.99,17.96,17.96,300
897,18.03,18.06,17.98,17.985,3900
898,18,18.01,17.97,17.97,2044
899,18,18.02,17.98,18.02,2756
900,17.94,18,17.935,17.97,4577
901,17.91,17.97,17.9,17.93,14882
902,17.91,17.94,17.9,17.92,4500
903,17.86,17.95,17.85,17.92,24738
a1498570200,17.76,17.76,17.76,17.76,358
1,17.88,17.8864,17.71,17.8864,3500
2,17.82,17.82,17.77,17.79,1600
3,17.78,17.7855,17.74,17.76,4100
4,17.87,17.87,17.79,17.82,1218
5,17.88,17.88,17.8432,17.8432,500
6,17.94,17.95,17.89,17.89,800
7,17.89,17.99,17.89,17.95,2300
8,17.99,17.99,17.88,17.96,1628
9,17.99,17.99,17.9536,17.97,2907
10,17.89,17.97,17.89,17.96,2608
11,17.9599,17.98,17.9,17.9099,3435
12,17.98,17.98,17.94,17.96,3700
13,17.96,17.98,17.94,17.96,3000
14,17.85,17.96,17.85,17.96,2800
15,17.87,17.87,17.81,17.84,3455
16,17.86,17.87,17.85,17.85,1500
17,17.92,17.92,17.83,17.91,2050
18,17.87,17.92,17.87,17.87,2300
19,17.84,17.88,17.8,17.88,6200
20,17.81,17.82,17.7605,17.82,2525
21,17.8,17.87,17.77,17.82,2100
22,17.75,17.81,17.75,17.76,5500
23,17.79,17.79,17.75,17.75,2585
24,17.83,17.83,17.77,17.79,2300
25,17.65,17.8,17.62,17.8,16884
26,17.64,17.66,17.55,17.63,3800
27,17.56,17.64,17.56,17.59,3839
28,17.5,17.58,17.5,17.56,4100
29,17.485,17.56,17.48,17.51,2890
30,17.64,17.65,17.49,17.49,1300
31,17.66,17.66,17.62,17.62,300
32,17.65,17.65,17.57,17.65,4200
33,17.605,17.65,17.605,17.64,1000
34,17.58,17.61,17.55,17.59,4700
35,17.63,17.68,17.58,17.58,5552
36,17.595,17.63,17.53,17.61,6923
37,17.57,17.68,17.54,17.61,13750
38,17.65,17.66,17.59,17.6,13400
39,17.64,17.67,17.58,17.65,36465
144,17.69,17.69,17.69,17.69,704
145,17.71,17.71,17.6,17.6,2812
146,17.71,17.7631,17.71,17.71,600
147,17.665,17.71,17.615,17.64,9520
148,17.72,17.75,17.63,17.665,3500
149,17.78,17.78,17.69,17.69,1665
150,17.8,17.84,17.8,17.8,1502
151,17.805,17.81,17.73,17.78,1900
152,17.75,17.83,17.74,17.8,5801
153,17.83,17.83,17.75,17.75,1800
154,17.76,17.815,17.76,17.815,2764
155,17.77,17.82,17.77,17.79,2809
156,17.8,17.8,17.75,17.75,2005
157,17.74,17.77,17.73,17.77,859
158,17.77,17.77,17.74,17.74,800
159,17.82,17.82,17.77,17.77,2187
160,17.81,17.83,17.78,17.83,2605
161,17.82,17.83,17.81,17.81,700
162,17.85,17.85,17.82,17.82,3000
163,17.85,17.85,17.81,17.81,1325
164,17.85,17.86,17.85,17.85,1200
165,17.81,17.85,17.81,17.85,1025
166,17.8,17.81,17.78,17.81,1700
167,17.81,17.815,17.8,17.8,1185
168,17.83,17.83,17.81,17.81,1200
169,17.82,17.82,17.8,17.8,1300
170,17.82,17.83,17.79,17.83,3115
171,17.82,17.83,17.81,17.82,2788
172,17.777,17.83,17.77,17.81,5885
173,17.74,17.7949,17.74,17.7949,1143
174,17.76,17.76,17.74,17.76,600
175,17.71,17.755,17.66,17.74,9637
176,17.75,17.75,17.63,17.695,3896
177,17.7,17.73,17.69,17.73,800
178,17.7999,17.8,17.73,17.73,3911
179,17.785,17.8,17.78,17.8,2600
180,17.8,17.81,17.78,17.8,2000
181,17.75,17.8,17.75,17.79,4850
182,17.86,17.88,17.75,17.75,7849
183,17.87,17.9,17.82,17.88,34905
288,17.85,17.85,17.85,17.85,880
289,17.75,17.85,17.75,17.85,2610
290,17.75,17.77,17.74,17.75,9520
291,17.75,17.79,17.75,17.75,621
292,17.76,17.81,17.75,17.78,1413
293,17.73,17.78,17.7,17.74,3011
294,17.79,17.79,17.74,17.74,2200
295,17.78,17.78,17.74,17.77,1956
296,17.86,17.86,17.74,17.76,1636
297,17.83,17.83,17.8,17.8,400
298,17.76,17.79,17.75,17.79,3700
299,17.75,17.78,17.74,17.75,4454
300,17.59,17.75,17.57,17.75,4544
301,17.57,17.57,17.52,17.54,1700
302,17.54,17.56,17.51,17.53,1500
303,17.49,17.54,17.4621,17.54,2760
304,17.49,17.54,17.47,17.52,1200
305,17.52,17.53,17.47,17.47,800
306,17.4,17.52,17.3941,17.51,2900
307,17.36,17.4,17.36,17.3941,3817
308,17.41,17.41,17.3548,17.3548,1290
309,17.1935,17.36,17.1935,17.36,4213
310,17.24,17.29,17.19,17.19,5115
311,17.27,17.27,17.255,17.255,700
312,17.32,17.37,17.25,17.255,5957
313,17.39,17.42,17.2737,17.32,7196
314,17.32,17.41,17.32,17.38,3200
315,17.3,17.36,17.25,17.3,29159
316,17.26,17.37,17.25,17.31,6400
317,17.31,17.34,17.28,17.28,11422
318,17.5,17.52,17.31,17.31,9356
319,17.47,17.5,17.38,17.48,4700
320,17.5,17.5,17.41,17.47,3605
321,17.48,17.48,17.41,17.44,3258
322,17.47,17.5,17.47,17.5,1000
323,17.53,17.53,17.43,17.485,4796
324,17.54,17.57,17.5,17.54,3872
325,17.62,17.63,17.53,17.54,7351
326,17.67,17.71,17.6,17.61,6694
327,17.67,17.7,17.65,17.7,24876
432,17.68,17.68,17.68,17.68,270
433,17.73,17.75,17.45,17.75,3400
434,17.71,17.74,17.67,17.74,1644
435,17.58,17.61,17.56,17.61,1000
436,17.65,17.71,17.57,17.57,2900
437,17.65,17.74,17.65,17.65,1100
438,17.75,17.755,17.64,17.64,2000
439,17.77,17.8,17.705,17.73,2200
440,17.68,17.77,17.65,17.77,2205
441,17.75,17.75,17.68,17.68,1800
442,17.71,17.75,17.7,17.75,1300
443,17.72,17.72,17.69,17.72,1000
444,17.72,17.75,17.69,17.71,2801
445,17.66,17.73,17.65,17.7,2030
446,17.73,17.73,17.68,17.71,1123
447,17.71,17.765,17.69,17.72,2500
448,17.75,17.75,17.7,17.7,1800
449,17.72,17.75,17.71,17.75,900
450,17.72,17.74,17.72,17.72,926
451,17.72,17.73,17.7,17.73,900
452,17.66,17.72,17.66,17.72,2500
453,17.63,17.655,17.615,17.655,2400
454,17.68,17.688,17.625,17.64,4132
455,17.73,17.73,17.66,17.67,800
456,17.73,17.7308,17.7,17.7308,1125
457,17.84,17.84,17.72,17.72,7077
458,17.83,17.85,17.8,17.83,610
459,17.69,17.79,17.675,17.79,4874
460,17.674,17.6801,17.674,17.6801,1983
461,17.71,17.71,17.68,17.68,1100
462,17.705,17.71,17.69,17.7,1900
463,17.72,17.73,17.6953,17.72,1726
464,17.63,17.72,17.62,17.72,4850
465,17.66,17.7,17.645,17.67,800
466,17.6384,17.67,17.6,17.67,1999
467,17.47,17.64,17.44,17.61,11072
468,17.44,17.57,17.39,17.5,12411
469,17.41,17.45,17.36,17.41,6313
470,17.35,17.42,17.28,17.42,10210
471,17.35,17.455,17.35,17.37,38901
864,17.43,17.43,17.43,17.43,420
865,17.38,17.5,17.345,17.5,1100
866,17.37,17.37,17.19,17.31,4400
867,17.26,17.41,17.26,17.4,2837
868,17.37,17.4,17.29,17.34,2850
869,17.27,17.405,17.27,17.31,2900
870,17.29,17.31,17.22,17.3,3688
871,17.31,17.375,17.255,17.3,4697
872,17.4,17.4,17.27,17.32,1900
873,17.19,17.375,17.19,17.375,4100
874,17.26,17.26,17.19,17.21,4750
875,17.32,17.33,17.2,17.21,1900
876,17.38,17.4,17.31,17.325,4536
877,17.39,17.39,17.35,17.375,3200
878,17.34,17.38,17.34,17.37,2000
879,17.365,17.38,17.3,17.33,4934
880,17.3,17.4,17.29,17.37,7449
881,17.23,17.315,17.22,17.3,2200
882,17.35,17.41,17.23,17.23,5100
883,17.35,17.37,17.3,17.34,4086
884,17.36,17.37,17.29,17.35,4000
885,17.32,17.38,17.3,17.36,22647
