EXCHANGE%3DNASDAQ
MARKET_OPEN_MINUTE=570
MARKET_CLOSE_MINUTE=960
INTERVAL=600
COLUMNS=DATE,CLOSE,HIGH,LOW,OPEN,VOLUME
DATA=
TIMEZONE_OFFSET=-240
a1493127000,119.58,119.97,119.58,119.97,9124
1,119.65,119.838,119.45,119.58,8479
2,119.64,119.73,119.55,119.66,14579
3,119.9,119.91,119.63,119.64,19913
4,120.06,120.09,119.87,119.87,19471
5,119.81,120.08,119.79,120.07,13201
6,119.85,119.905,119.8,119.84,10235
7,119.87,119.91,119.78,119.8625,11649
8,119.81,119.8799,119.78,119.85,24116
9,119.74,119.86,119.68,119.8,21663
10,119.73,119.82,119.69,119.72,14298
11,119.77,119.8,119.67,119.73,19330
12,119.86,119.867,119.75,119.79,12599
13,119.75,119.8432,119.67,119.83,23992
14,119.69,119.9,119.69,119.735,27340
15,119.6,119.75,119.59,119.69,13057
16,119.56,119.64,119.56,119.61,4675
17,119.54,119.5698,119.48,119.5629,6333
18,119.41,119.5516,119.38,119.55,8300
19,119.3,119.45,119.29,119.39,6361
20,119.39,119.39,119.29,119.32,8999
21,119.35,119.44,119.33,119.39,6450
22,119.28,119.36,119.24,119.33,11000
23,119.46,119.46,119.26,119.26,8229
24,119.42,119.5,119.39,119.48,18357
25,119.41,119.5,119.39,119.425,21922
26,119.417,119.43,119.36,119.43,8806
27,119.46,119.478,119.39,119.4,11168
28,119.5,119.52,119.44,119.4553,14535
29,119.55,119.595,119.51,119.52,8369
30,119.57,119.57,119.5,119.55,7447
31,119.72,119.73,119.52,119.5502,36460
32,119.73,119.76,119.7,119.72,10855
33,119.64,119.74,119.62,119.72,8077
34,119.74,119.74,119.6433,119.6433,11510
35,119.75,119.77,119.68,119.74,11298
36,119.75,119.81,119.73,119.77,18597
37,119.71,119.76,119.69,119.75,17413
38,119.66,119.75,119.62,119.72,45006
39,119.62,119.74,119.565,119.64,96060
144,119.45,119.45,119.45,119.45,6211
145,119.36,119.55,119.23,119.48,7043
146,119.4,119.47,119.17,119.36,13641
147,119.59,119.59,119.26,119.38,30094
148,119.58,119.61,119.4,119.54,8991
149,119.9699,119.9699,119.59,119.625,20597
150,119.78,119.94,119.7534,119.93,6233
151,119.91,119.96,119.69,119.75,19995
152,119.77,119.88,119.73,119.88,12638
153,119.69,119.76,119.56,119.76,18201
154,119.54,119.75,119.5,119.69,21563
155,119.54,119.59,119.51,119.56,18855
156,119.7854,119.83,119.5,119.52,29551
157,119.89,119.94,119.79,119.79,14033
158,119.71,119.93,119.66,119.9,15449
159,119.84,119.88,119.71,119.72,11442
160,119.85,119.93,119.78,119.83,9386
161,120.01,120.03,119.83,119.83,11600
162,119.99,120.02,119.94,120.01,16724
163,120.04,120.06,119.91,119.98,12156
164,120.01,120.07,119.95,120.03,18537
165,120.17,120.23,120.02,120.02,13981
166,120.23,120.23,120.08,120.17,11025
167,120.2,120.27,120.17,120.21,11850
168,120.27,120.31,120.1901,120.22,7280
169,120.11,120.25,120.07,120.25,12092
170,119.95,120.2,119.89,120.11,17026
171,119.98,120.03,119.96,119.965,15085
172,120.12,120.12,119.95,119.98,13214
173,120.14,120.26,120.09,120.11,11367
174,120.28,120.31,120.13,120.13,8896
175,120.28,120.34,120.27,120.29,6651
176,120.365,120.44,120.27,120.29,12042
177,120.32,120.41,120.31,120.39,9897
178,120.35,120.39,120.28,120.31,14546
179,120.29,120.36,120.22,120.36,37024
180,120.41,120.41,120.23,120.29,33992
181,120.14,120.42,120.14,120.41,34459
182,120.12,120.24,120.07,120.14,66340
183,119.99,120.19,119.91,120.11,224240
288,120.85,120.85,120.85,120.85,9415
289,121.82,122.27,120.3,120.9,68999
290,122.25,122.25,121.41,121.71,40025
291,122.53,122.665,122.1,122.25,28779
292,122.63,122.65,122.32,122.53,16923
293,122.79,122.91,122.63,122.63,25116
294,122.72,122.88,122.7,122.8,69129
295,122.34,122.79,122.24,122.77,40925
296,121.055,122.32,121,122.32,55018
297,121.28,121.42,121.04,121.055,51568
298,120.9,121.31,120.39,121.295,47779
299,120.11,120.93,120.11,120.9,25686
300,120.12,120.41,119.83,120.2,32313
301,120.03,120.41,120.03,120.08,18248
302,119.88,120.12,119.88,119.93,23512
303,119.83,119.97,119.76,119.92,16751
304,119.72,119.97,119.68,119.81,19291
305,119.79,119.91,119.68,119.74,20563
306,119.74,119.78,119.6,119.72,14920
307,119.77,119.83,119.6875,119.76,15600
308,119.86,120.01,119.78,119.78,13914
309,119.95,119.95,119.78,119.87,11811
310,120.08,120.09,119.99,119.99,14901
311,120.05,120.13,120.01,120.09,11324
312,120.08,120.31,120.07,120.07,13886
313,120.13,120.27,120.09,120.09,9175
314,120.1,120.15,120.01,120.12,11245
315,120.035,120.22,120.01,120.12,12619
316,120.14,120.15,120.03,120.05,11057
317,120.13,120.23,120.1,120.16,9453
318,119.97,120.13,119.93,120.13,7269
319,119.95,120.04,119.9474,119.99,7757
320,119.94,120,119.91,119.93,10674
321,119.83,119.94,119.73,119.94,8749
322,119.74,119.845,119.63,119.845,12446
323,119.73,119.8,119.72,119.72,10193
324,119.64,119.77,119.64,119.73,18049
325,119.59,119.66,119.56,119.64,30328
326,119.58,119.63,119.55,119.585,23390
327,119.89,119.93,119.6,119.64,162327
432,119.8,120.12,119.8,120.12,13210
433,119.21,120.12,118.9,120.12,15996
434,118.92,119.26,118.82,119.21,15053
435,118.93,118.96,118.8,118.93,8960
436,118.62,118.93,118.55,118.92,20981
437,118.83,118.88,118.61,118.62,9830
438,118.71,118.89,118.64,118.86,7571
439,118.52,118.69,118.5116,118.68,11149
440,118.58,118.58,118.46,118.51,14108
441,118.57,118.61,118.54,118.607,7778
442,118.43,118.56,118.37,118.54,11386
443,118.44,118.525,118.43,118.44,8176
444,118.46,118.47,118.39,118.435,10657
445,118.51,118.56,118.46,118.47,10436
446,118.94,118.94,118.515,118.515,9843
447,118.9254,119,118.9,118.95,17852
448,119.01,119.04,118.82,118.94,20680
449,118.9,119.02,118.89,119,9118
450,118.97,118.97,118.85,118.87,6900
451,118.82,119,118.795,118.97,8200
452,119.01,119.04,118.82,118.82,8080
453,119,119.035,118.93,119.01,6998
454,119.02,119.09,118.97,119,7600
455,118.91,119.04,118.91,119.015,5300
456,119.04,119.07,118.905,118.92,6760
457,119.16,119.18,119.05,119.05,6508
458,119.115,119.21,119.115,119.16,6856
459,119.11,119.13,119.08,119.12,5192
460,119.13,119.15,119.1,119.12,7364
461,119.06,119.16,119.06,119.13,9024
462,119.12,119.13,119.07,119.07,9521
463,119.18,119.25,119.13,119.13,10029
464,119.21,119.23,119.17,119.19,8274
465,119.135,119.23,119.07,119.23,11111
466,119.15,119.16,119.07,119.13,10732
467,119.23,119.28,119.14,119.14,12049
468,119.15,119.23,119.09,119.23,14583
469,119.03,119.14,119.02,119.14,22045
470,118.98,119.02,118.97,119.02,25504
471,119.14,119.21,118.97,118.975,187343
864,119.415,119.63,119.38,119.5,6282
865,119.5,119.61,119.16,119.56,7800
866,119.145,119.485,119.11,119.4301,12022
867,119.13,119.21,118.86,119.2,9165
868,119.22,119.26,119.03,119.1695,6552
869,119.28,119.32,119.13,119.2,8988
870,119.25,119.3,119.16,119.3,5747
871,119.32,119.3683,119.2219,119.25,10296
872,119.39,119.39,119.27,119.32,7593
873,119.44,119.49,119.34,119.38,5964
874,119.355,119.53,119.34,119.42,8337
875,119.26,119.38,119.26,119.3276,6766
876,119.08,119.26,119.08,119.26,9807
877,118.96,119.07,118.92,119.07,10871
878,118.93,118.94,118.83,118.93,8400
879,118.95,118.98,118.88,118.93,10667
880,119.035,119.04,118.96,118.97,4591
881,118.86,119.07,118.85,119.05,9544
882,118.91,118.925,118.84,118.845,10650
883,119.1484,119.16,118.91,118.92,19461
884,119.04,119.14,118.99,119.13,5301
885,118.95,119.07,118.83,119.07,6463
886,118.9797,119.07,118.97,118.97,6723
887,119.07,119.07,118.97,119.01,3250
888,119,119.09,119,119.09,3305
889,119.07,119.08,119.02,119.02,5301
890,119.09,119.15,119.06,119.06,3100
891,119.17,119.17,119.1,119.11,2622
892,119.18,119.23,119.133,119.2,6212
893,119.24,119.26,119.19,119.19,3129
894,119.14,119.22,119.14,119.22,7833
895,119.1,119.17,119.0878,119.11,8913
896,119.13,119.2,119.11,119.11,12541
897,119.15,119.15,119.1,119.13,7418
898,119.21,119.22,119.13,119.16,10528
899,119.27,119.31,119.18,119.18,7317
900,119.27,119.271,119.215,119.26,12655
901,119.35,119.43,119.262,119.28,15386
902,119.25,119.34,119.24,119.33,13812
903,119.09,119.26,119.09,119.26,118458
a1493731800,119.11,119.44,119.11,119.44,7276
1,119.19,119.44,118.51,119.16,16835
2,119.13,119.21,118.8,119.08,17249
3,119.07,119.3,118.94,119.13,29621
4,118.88,119.03,118.81,119.03,8261
5,119.02,119.02,118.81,118.85,6690
6,119.13,119.21,118.97,119.02,4442
7,118.89,119.12,118.86,119.095,5966
8,118.98,119.01,118.87,118.87,9220
9,118.75,118.98,118.74,118.98,8050
10,118.81,118.98,118.7401,118.7401,13730
11,118.7,118.86,118.7,118.83,11454
12,118.6,118.8,118.5701,118.7,7786
13,118.69,118.69,118.5601,118.6,10808
14,118.82,118.85,118.7291,118.73,7977
15,118.77,118.8401,118.76,118.83,10226
16,118.8001,118.86,118.77,118.79,11685
17,118.725,118.84,118.71,118.84,9455
18,118.57,118.72,118.57,118.7101,5262
19,118.64,118.641,118.4801,118.55,12550
20,118.48,118.66,118.43,118.64,17661
21,118.41,118.5,118.41,118.48,9424
22,118.49,118.49,118.352,118.41,8773
23,118.5,118.5001,118.44,118.5,15973
24,118.43,118.49,118.43,118.49,5922
25,118.58,118.58,118.44,118.45,7200
26,118.5,118.565,118.5,118.56,5845
27,118.55,118.55,118.47,118.5,7292
28,118.47,118.59,118.39,118.56,11979
29,118.42,118.49,118.42,118.47,8463
30,118.41,118.43,118.3691,118.42,6819
31,118.39,118.4599,118.39,118.4,10285
32,118.32,118.42,118.32,118.39,9141
33,118.42,118.43,118.29,118.3,13163
34,118.43,118.45,118.33,118.42,17353
35,118.5499,118.5499,118.42,118.43,18357
36,118.58,118.59,118.54,118.54,17815
37,118.57,118.6,118.54,118.58,21236
38,118.55,118.59,118.51,118.57,31957
39,118.64,118.72,118.56,118.56,184894
144,118.63,118.63,118.63,118.63,7890
145,118.21,118.63,118.06,118.4,9758
146,118.24,118.27,117.93,118.23,7740
147,118.435,118.47,118.24,118.24,5101
148,118.16,118.49,118.13,118.4638,9918
149,118.05,118.17,118.02,118.13,6600
150,117.98,118.02,117.81,118.02,10111
151,117.91,118.09,117.91,118.03,15159
152,117.73,117.95,117.71,117.9299,13756
153,117.73,117.75,117.46,117.71,16750
154,117.81,117.8827,117.691,117.73,16005
155,117.78,117.88,117.78,117.81,10346
156,118.03,118.04,117.8,117.8,9821
157,118.02,118.09,117.93,118.03,11226
158,117.92,118.05,117.89,118.03,33522
159,117.935,118.01,117.92,117.93,11499
160,117.76,117.94,117.73,117.92,10090
161,117.82,117.86,117.69,117.73,8735
162,117.92,117.95,117.81,117.82,11815
163,117.95,117.97,117.88,117.89,10082
164,117.87,117.95,117.83,117.95,18191
165,117.88,117.91,117.81,117.9,19198
166,117.86,117.9,117.81,117.88,21980
167,117.84,117.88,117.77,117.83,38068
168,117.7,117.85,117.6525,117.84,13617
169,117.72,117.78,117.67,117.7,14666
170,117.68,117.76,117.66,117.76,7512
171,117.88,117.88,117.66,117.68,9489
172,117.74,117.88,117.66,117.88,32180
173,117.54,117.74,117.47,117.69,36048
174,117.47,117.62,117.3625,117.56,27218
175,117.356,117.47,117.34,117.46,38084
176,117.34,117.45,117.33,117.37,48441
177,117.69,117.73,117.36,117.36,52410
178,117.71,117.78,117.6725,117.7,24028
179,117.8425,117.89,117.74,117.74,22052
180,118.07,118.07,117.8,117.86,33761
181,118.24,118.27,118.04,118.07,25755
182,118.43,118.45,118.2,118.24,30618
183,118.46,118.64,118.44,118.45,159031
288,118.67,118.67,118.63,118.63,7591
289,119.03,119.29,117.752,117.752,20331
290,119.61,119.7,118.99,118.99,17609
291,119.83,119.83,119.61,119.64,12441
292,119.98,120,119.7371,119.83,28098
293,120.13,120.13,119.88,119.985,17036
294,120.11,120.15,119.91,120.13,25499
295,120.22,120.24,120.0575,120.09,14601
296,120.25,120.25,120.135,120.22,18545
297,120.13,120.26,120.07,120.25,20446
298,120.15,120.17,119.925,120.13,15125
299,120.36,120.36,120.15,120.15,16183
300,120.37,120.46,120.34,120.345,16427
301,120.41,120.46,120.32,120.38,13362
302,120.36,120.41,120.32,120.41,10460
303,120.355,120.44,120.23,120.36,18330
304,120.15,120.34,120.14,120.34,9918
305,119.94,120.11,119.88,120.09,15121
306,120.1,120.11,119.95,119.95,8855
307,120.17,120.17,120.08,120.08,7750
308,120.355,120.4,120.14,120.16,12147
309,120.48,120.53,120.34,120.355,19335
310,120.64,120.65,120.43,120.49,8816
311,120.92,120.92,120.64,120.64,13355
312,120.95,120.99,120.9,120.9,20588
313,120.93,120.99,120.919,120.95,13041
314,121.18,121.18,120.9,120.91,18943
315,120.8,121.16,120.7201,121.16,22216
316,120.57,120.8541,120.5288,120.845,18025
317,120.38,120.61,120.38,120.57,15629
318,120.48,120.5,120.33,120.38,7463
319,120.6,120.61,120.5,120.5,13697
320,120.64,120.67,120.61,120.61,19167
321,120.535,120.66,120.44,120.65,12760
322,120.38,120.546,120.38,120.546,11156
323,120.41,120.5,120.34,120.34,13918
324,120.35,120.47,120.29,120.41,16804
325,120.45,120.47,120.345,120.35,27514
326,120.32,120.51,120.32,120.44,29701
327,120.25,120.36,120.14,120.32,218027
432,120.34,120.34,120.34,120.34,7306
433,120.29,120.4122,120.16,120.4122,3317
434,119.81,120.23,119.73,120.23,8373
435,119.79,119.91,119.64,119.85,12249
436,120,120.08,119.8,119.8,15934
437,119.84,120,119.84,119.99,13200
438,119.65,119.84,119.54,119.8,7096
439,119.71,119.71,119.53,119.65,7027
440,119.81,119.85,119.72,119.72,6895
441,119.655,119.89,119.65,119.81,6309
442,119.72,119.77,119.66,119.67,8177
443,119.6871,119.78,119.66,119.76,10366
444,119.67,119.72,119.585,119.6874,13617
445,119.67,119.73,119.63,119.72,5300
446,119.82,119.82,119.62,119.675,7085
447,119.94,119.95,119.81,119.83,4725
448,119.92,120.035,119.92,119.98,8346
449,119.84,119.98,119.84,119.9,4100
450,119.68,119.84,119.68,119.84,5101
451,119.54,119.65,119.47,119.63,6142
452,119.54,119.56,119.47,119.51,8289
453,119.55,119.56,119.51,119.52,4340
454,119.55,119.572,119.51,119.56,3528
455,119.5,119.59,119.5,119.55,7175
456,119.58,119.58,119.505,119.51,3804
457,119.53,119.59,119.26,119.585,15248
458,119.45,119.53,119.42,119.53,5583
459,119.47,119.49,119.43,119.45,6099
460,119.62,119.62,119.44,119.46,8894
461,119.7,119.7,119.54,119.6,7799
462,119.62,119.795,119.62,119.7,9446
463,119.58,119.67,119.57,119.62,8376
464,119.65,119.67,119.54,119.57,14011
465,119.65,119.67,119.63,119.64,10210
466,119.76,119.77,119.61,119.64,10770
467,119.86,119.88,119.75,119.76,14728
468,119.69,119.86,119.68,119.86,13166
469,119.76,119.7775,119.63,119.69,19913
470,119.865,119.88,119.76,119.76,38387
471,120,120.02,119.84,119.8625,97681
864,119.98,119.98,119.98,119.98,3951
865,119.93,120.18,119.41,119.94,10872
866,120.01,120.1,119.8,119.98,5366
867,120.01,120.04,119.92,120.01,6400
868,119.9,120.0495,119.88,119.96,9037
869,119.87,119.96,119.815,119.89,34599
870,119.88,119.96,119.84,119.85,6343
871,119.85,119.95,119.815,119.88,7940
872,119.91,119.91,119.72,119.85,5383
873,119.93,119.93,119.77,119.9,5025
874,119.93,120,119.92,119.92,6579
875,120.02,120.05,119.84,119.91,7364
876,119.945,120.02,119.92,120.01,6025
877,119.96,120.04,119.93,119.95,10495
878,119.95,120.01,119.94,119.98,5221
879,119.96,120,119.9,119.95,4600
880,119.96,119.99,119.84,119.99,5000
881,119.83,119.98,119.83,119.96,2322
882,119.87,119.87,119.81,119.83,6300
883,119.97,119.98,119.86,119.89,3500
884,119.975,120.01,119.9206,119.97,6512
885,120.08,120.16,119.97,119.9799,20011
886,119.96,120.07,119.94,120.07,5620
887,120.04,120.05,119.95,120,5373
888,120.02,120.07,120,120.03,4300
889,120.05,120.05,119.99,120.03,3200
890,120.06,120.07,120.005,120.03,2700
891,119.9971,120.06,119.955,120.06,4793
892,120,120.02,119.9669,120.01,8156
893,119.94,120.04,119.91,120.02,11990
894,120.01,120.02,119.94,119.94,8229
895,120.04,120.04,119.96,120.01,9147
896,119.98,120.0399,119.97,120.0399,9310
897,119.97,119.99,119.94,119.98,4800
898,119.98,119.99,119.895,119.965,11898
899,119.95,120.04,119.95,119.96,10485
900,119.9,119.94,119.8709,119.93,11700
901,119.78,119.94,119.78,119.9,8125
902,119.76,119.86,119.75,119.78,17666
903,119.84,119.86,119.77,119.8,91522
a1494336600,120,120,120,120,10049
1,119.98,120.133,119.75,119.91,14045
2,119.9,120.03,119.81,119.97,14982
3,119.76,119.887,119.58,119.887,13779
4,119.44,119.824,119.43,119.76,13614
5,119.57,119.664,119.39,119.395,20147
6,119.57,119.64,119.45,119.63,9250
7,119.8,119.8199,119.51,119.54,17679
8,119.82,119.89,119.71,119.77,13644
9,119.74,119.83,119.68,119.83,7520
10,119.87,119.87,119.7,119.72,7901
11,119.891,119.915,119.8,119.87,9835
12,119.94,119.98,119.85,119.925,6922
13,119.98,119.98,119.9,119.95,6603
14,120.06,120.06,119.93,119.97,5489
15,120.15,120.17,120.06,120.07,6300
16,120.05,120.2,120.04,120.16,16760
17,119.99,120.08,119.99,120.06,3279
18,119.906,120.03,119.87,120.02,6200
19,120,120.02,119.82,119.87,7855
20,120.04,120.07,119.98,120,4700
21,120.007,120.09,119.9686,120.04,3605
22,120.01,120.05,119.97,120,5330
23,120,120.02,119.97,120.01,3700
24,119.79,120.03,119.79,120.01,4800
25,119.82,119.84,119.74,119.81,7700
26,119.94,119.94,119.81,119.81,5276
27,120.01,120.05,119.93,119.945,7980
28,119.9,120.01,119.9,120.01,6381
29,119.9659,120,119.855,119.9,5010
30,120.02,120.03,119.91,119.95,5100
31,120.027,120.05,119.98,120,7178
32,120.16,120.16,120.015,120.06,7274
33,120.1,120.1637,120.08,120.1637,10898
34,120,120.1,120,120.1,6841
35,119.92,120.005,119.9,119.96,8074
36,119.87,119.93,119.87,119.92,8211
37,119.67,119.89,119.62,119.87,12465
38,119.65,119.69,119.58,119.66,16228
39,119.73,119.8,119.66,119.68,201560
144,119.42,119.42,119.42,119.42,5975
145,119.54,119.66,119.45,119.57,5574
146,119.525,119.54,119.35,119.54,11949
147,119.73,119.74,119.45,119.52,20004
148,119.69,119.81,119.58,119.72,18330
149,119.72,119.89,119.67,119.69,21802
150,119.53,119.73,119.5,119.68,10561
151,119.48,119.55,119.44,119.53,30800
152,119.33,119.525,119.33,119.47,10340
153,119.14,119.335,119.14,119.335,12000
154,119.36,119.37,119.09,119.13,8429
155,119.49,119.51,119.34,119.34,6203
156,119.57,119.595,119.49,119.5,9806
157,119.69,119.69,119.57,119.58,3865
158,119.73,119.77,119.69,119.7,8157
159,119.7995,119.83,119.73,119.73,6285
160,119.81,119.87,119.77,119.79,6000
161,119.79,119.82,119.77,119.79,4400
162,119.8,119.82,119.73,119.79,6959
163,119.75,119.83,119.7,119.8,8560
164,119.77,119.77,119.72,119.75,3891
165,119.76,119.78,119.76,119.77,3843
166,119.72,119.765,119.7,119.765,11959
167,119.58,119.75,119.58,119.72,6790
168,119.58,119.59,119.56,119.5899,3682
169,119.43,119.57,119.43,119.57,9554
170,119.4186,119.49,119.4186,119.45,5069
171,119.3,119.42,119.3,119.41,4648
172,119.43,119.43,119.28,119.29,7644
173,119.39,119.46,119.37,119.45,10987
174,119.4,119.4,119.31,119.39,5504
175,119.36,119.44,119.36,119.4,5648
176,119.35,119.4,119.34,119.36,7400
177,119.27,119.37,119.255,119.35,5625
178,119.43,119.43,119.27,119.27,7600
179,119.4,119.48,119.37,119.435,8503
180,119.29,119.38,119.28,119.37,10029
181,119.32,119.37,119.25,119.3,15981
182,119.3425,119.36,119.31,119.32,17943
183,119.25,119.35,119.23,119.35,92341
288,118.97,118.97,118.97,118.97,4383
289,118.78,118.99,118.6383,118.8752,3769
290,118.927,119.08,118.81,118.82,10979
291,118.9,118.95,118.79,118.89,10780
292,118.92,118.96,118.8,118.88,7661
293,118.8,118.94,118.8,118.93,7187
294,118.665,118.77,118.598,118.73,4812
295,118.46,118.69,118.46,118.69,6960
296,118.44,118.52,118.38,118.49,6700
297,118.54,118.54,118.34,118.4,3500
298,118.53,118.57,118.46,118.57,4200
299,118.58,118.62,118.52,118.55,4500
300,118.44,118.62,118.43,118.58,6189
301,118.385,118.56,118.385,118.44,4800
302,118.25,118.38,118.2278,118.38,5321
303,118.2,118.28,118.18,118.24,3400
304,118.14,118.24,118.14,118.23,4212
305,118.27,118.28,118.1,118.11,4214
306,118.3435,118.35,118.27,118.29,5237
307,118.33,118.38,118.31,118.34,4852
308,118.34,118.4,118.32,118.33,3975
309,118.37,118.39,118.28,118.34,5050
310,118.59,118.59,118.39,118.4,5926
311,118.67,118.68,118.55,118.56,5681
312,118.63,118.69,118.6,118.67,6715
313,118.77,118.78,118.65,118.66,7796
314,118.94,118.94,118.75,118.75,6300
315,119.06,119.06,118.91,118.93,14605
316,119.14,119.15,119.05,119.07,11433
317,119.19,119.2,119.07,119.14,8629
318,119.26,119.27,119.2,119.2,8662
319,119.27,119.29,119.21,119.27,8000
320,119.32,119.35,119.29,119.3,7288
321,119.29,119.36,119.26,119.34,6600
322,119.3,119.32,119.28,119.31,8703
323,119.3,119.43,119.29,119.3,7001
324,119.38,119.39,119.29,119.3,9512
325,119.62,119.66,119.385,119.385,24597
326,119.85,119.85,119.48,119.64,38556
327,119.86,119.9,119.8,119.84,149278
432,119.64,119.64,119.64,119.64,15966
433,119.48,119.6,119.41,119.58,5305
434,119.21,119.51,119.21,119.43,6852
435,119.25,119.37,119.2,119.26,5800
436,119.5,119.6,119.19,119.25,10708
437,119.5,119.57,119.36,119.54,7919
438,119.29,119.43,119.25,119.43,6500
439,119.53,119.54,119.27,119.29,7768
440,119.62,119.63,119.52,119.54,4873
441,119.67,119.67,119.49,119.63,5000
442,119.655,119.695,119.6,119.69,10210
443,119.46,119.665,119.41,119.66,8024
444,119.5,119.52,119.46,119.4885,10713
445,119.42,119.56,119.42,119.5,7790
446,119.37,119.42,119.35,119.37,3200
447,119.56,119.6,119.36,119.37,4937
448,119.47,119.5604,119.47,119.5604,5904
449,119.5,119.51,119.44,119.47,2460
450,119.57,119.6,119.51,119.51,5275
451,119.58,119.62,119.56,119.57,4378
452,119.72,119.72,119.62,119.62,4564
453,119.7,119.73,119.66,119.72,2599
454,119.65,119.7,119.65,119.7,3838
455,119.83,119.84,119.66,119.66,5986
456,119.8626,119.91,119.82,119.83,3567
457,119.88,119.9,119.81,119.86,7392
458,119.81,119.87,119.81,119.862,3887
459,119.76,119.84,119.73,119.83,5222
460,119.71,119.7399,119.7,119.73,6020
461,119.64,119.74,119.64,119.71,4827
462,119.64,119.66,119.61,119.64,3524
463,119.65,119.69,119.63,119.64,3985
464,119.71,119.763,119.63,119.63,7032
465,119.71,119.73,119.7,119.71,4242
466,119.68,119.71,119.64,119.71,8302
467,119.73,119.74,119.65,119.68,8378
468,119.72,119.78,119.72,119.73,8365
469,119.63,119.72,119.6,119.72,9682
470,119.69,119.71,119.63,119.64,24147
471,119.78,119.78,119.65,119.7,104990
864,119.63,119.63,119.63,119.63,9094
865,119.9138,119.99,119.63,119.63,5925
866,120.15,120.21,119.9401,119.96,14848
867,120.361,120.361,120.15,120.15,5000
868,120.49,120.49,120.31,120.41,6763
869,120.67,120.7,120.43,120.49,15813
870,120.6,120.72,120.56,120.6714,7046
871,120.71,120.78,120.57,120.67,11533
872,120.72,120.75,120.62,120.74,10510
873,120.67,120.76,120.6,120.71,6400
874,120.56,120.71,120.56,120.67,5468
875,120.5,120.62,120.44,120.57,8270
876,120.57,120.655,120.5,120.53,11510
877,120.61,120.66,120.53,120.57,15468
878,120.78,120.78,120.62,120.64,18627
879,120.86,120.88,120.78,120.78,8980
880,120.73,120.89,120.73,120.89,7966
881,120.8,120.85,120.74,120.75,6893
882,120.72,120.8,120.71,120.8,3200
883,120.65,120.73,120.63,120.73,6145
884,120.54,120.65,120.52,120.65,7508
885,120.51,120.545,120.45,120.54,3618
886,120.52,120.55,120.5,120.51,3900
887,120.67,120.7,120.54,120.54,5670
888,120.79,120.79,120.655,120.67,4914
889,120.815,120.865,120.815,120.83,4843
890,120.77,120.83,120.725,120.81,7224
891,120.81,120.84,120.77,120.77,5400
892,120.8,120.88,120.8,120.84,7467
893,120.71,120.84,120.695,120.83,5615
894,120.58,120.71,120.58,120.71,7127
895,120.71,120.71,120.59,120.59,7240
896,120.72,120.74,120.66,120.72,7226
897,120.76,120.83,120.7,120.7243,10317
898,120.78,120.855,120.755,120.755,14040
899,120.78,120.82,120.75,120.77,12613
900,120.87,120.885,120.74,120.78,19228
901,120.72,120.895,120.68,120.86,20292
902,120.87,120.9,120.71,120.74,21197
903,120.9,120.94,120.81,120.88,168710
a1494941400,120.77,120.77,120.25,120.25,16931
1,120.888,120.98,120.31,120.77,13555
2,121.1,121.14,120.89,120.92,21836
3,120.87,121.1,120.87,121.1,30983
4,120.9,120.9354,120.71,120.91,17831
5,120.88,120.96,120.79,120.87,12988
6,120.81,120.96,120.78,120.94,9725
7,120.723,120.9,120.71,120.85,14965
8,120.71,120.74,120.55,120.735,17010
9,120.61,120.74,120.59,120.68,9348
10,120.4,120.62,120.4,120.62,22176
11,120.26,120.42,120.26,120.41,10269
12,120.31,120.34,120.22,120.27,5941
13,120.19,120.39,120.19,120.3,11646
14,120.165,120.22,120.1,120.18,17124
15,120.15,120.31,120.15,120.165,6904
16,120.085,120.1899,119.92,120.17,13088
17,119.995,120.16,119.96,120.13,8216
18,119.87,119.995,119.82,119.995,11316
19,119.94,119.945,119.74,119.84,7913
20,119.98,120.01,119.92,119.92,5607
21,119.885,120.05,119.88,120,10301
22,119.87,119.89,119.745,119.88,23661
23,119.78,119.96,119.78,119.86,6383
24,119.7,119.825,119.69,119.74,7880
25,119.73,119.76,119.64,119.71,8199
26,119.725,119.77,119.715,119.7342,7925
27,119.61,119.74,119.59,119.72,10800
28,119.63,119.7,119.61,119.61,10450
29,119.62,119.68,119.58,119.61,9124
30,119.5,119.64,119.49,119.64,10169
31,119.5,119.52,119.49,119.51,8508
32,119.54,119.55,119.49,119.51,9612
33,119.59,119.59,119.54,119.54,11099
34,119.755,119.76,119.57,119.57,10401
35,119.83,119.85,119.725,119.74,15855
36,119.7725,119.88,119.75,119.831,14037
37,119.64,119.78,119.64,119.77,18636
38,119.62,119.78,119.58,119.66,22982
39,119.75,119.75,119.62,119.63,82299
144,118.9,119.01,118.74,119.01,9428
145,119.42,119.71,118.73,118.76,21442
146,119.81,119.81,119.3562,119.42,16320
147,119.51,119.8,119.3,119.8,6310
148,119.55,119.55,119.3,119.51,6341
149,119.67,119.725,119.41,119.55,6091
150,119.56,119.68,119.46,119.63,4457
151,119.63,119.63,119.44,119.56,13434
152,119.69,119.855,119.555,119.63,10606
153,119.43,119.67,119.43,119.63,7228
154,119.445,119.52,119.33,119.49,12669
155,119.65,119.69,119.46,119.4676,12740
156,119.51,119.64,119.51,119.6,5912
157,119.55,119.55,119.38,119.47,7943
158,119.61,119.62,119.485,119.51,12615
159,119.66,119.71,119.55,119.61,5240
160,119.61,119.68,119.56,119.66,7060
161,119.46,119.655,119.42,119.655,8012
162,119.38,119.445,119.37,119.43,5651
163,119.56,119.56,119.38,119.38,8178
164,119.59,119.6298,119.5,119.58,7725
165,119.55,119.62,119.52,119.57,4400
166,119.52,119.52,119.41,119.51,7493
167,119.49,119.53,119.41,119.52,6912
168,119.5099,119.54,119.43,119.4699,8887
169,119.4581,119.5799,119.4581,119.49,9438
170,119.5499,119.55,119.39,119.47,27548
171,119.65,119.6899,119.49,119.5599,14769
172,119.9,119.9599,119.65,119.65,10322
173,119.77,120.0099,119.7599,119.89,16073
174,119.7,119.86,119.595,119.81,17055
175,119.78,119.88,119.72,119.72,9415
176,119.75,119.85,119.72,119.79,11215
177,119.88,119.9106,119.76,119.76,11536
178,119.69,119.87,119.665,119.87,12050
179,119.82,119.86,119.63,119.69,23127
180,119.71,119.86,119.69,119.82,16042
181,119.69,119.85,119.69,119.72,15651
182,119.36,119.7,119.33,119.67,31862
183,119.13,119.4,119.08,119.4,224611
288,119.3,119.3,119.3,119.3,10914
289,119.3,119.4,119.215,119.31,11574
290,119.13,119.4,118.95,119.38,10751
291,119.34,119.39,119.03,119.19,8153
292,119.62,119.645,119.18,119.27,16089
293,119.79,119.85,119.66,119.66,6673
294,119.8,119.95,119.73,119.78,7000
295,119.91,119.98,119.81,119.83,9141
296,119.98,119.99,119.89,119.92,8650
297,120.09,120.11,119.94,119.98,12113
298,120.15,120.25,120.1,120.12,7844
299,120.05,120.19,119.99,120.19,8471
300,120.17,120.27,120.05,120.07,24172
301,120.3,120.36,120.21,120.23,10932
302,120.33,120.37,120.22,120.29,9154
303,120.14,120.35,120.14,120.345,5795
304,119.86,120.15,119.84,120.14,9454
305,119.72,119.9,119.72,119.87,9238
306,119.78,119.84,119.73,119.74,7510
307,119.91,120,119.7664,119.8,15399
308,119.95,120.04,119.93,119.95,4024
309,119.92,119.95,119.89,119.94,3600
310,119.775,120,119.775,119.97,6345
311,119.84,119.8476,119.73,119.78,3729
312,119.77,119.81,119.75,119.79,8037
313,119.86,119.91,119.74,119.77,5758
314,119.81,119.91,119.81,119.85,3310
315,119.91,120.02,119.82,119.82,9462
316,120.14,120.16,119.89,119.93,7224
317,119.9,120.12,119.9,120.12,4900
318,119.95,119.99,119.86,119.9,6247
319,120.02,120.09,119.97,119.99,8049
320,120.1,120.1,120,120.01,15338
321,120.04,120.1,119.99,120.1,13625
322,120.07,120.07,119.98,120.06,12572
323,119.99,120.08,119.93,120.08,15649
324,120.02,120.08,119.93,119.98,15200
325,120.06,120.085,119.93,120.04,18218
326,120.22,120.25,119.98,120.04,30626
327,120.04,120.27,120.0253,120.25,138399
432,120.12,120.12,120.12,120.12,85669
433,119.74,120.12,119.47,120.12,7733
434,120.23,120.27,119.68,119.71,13815
435,120.13,120.4,120.126,120.28,11164
436,120.21,120.22,120.07,120.12,10337
437,120.27,120.33,120.16,120.2603,5427
438,120.45,120.45,120.26,120.26,8175
439,120.39,120.52,120.39,120.46,4615
440,120.195,120.42,120.195,120.36,8015
441,120.15,120.19,120.09,120.18,6389
442,120.32,120.33,120.12,120.17,10485
443,120.3201,120.47,120.3201,120.35,5327
444,120.58,120.61,120.33,120.33,11797
445,120.67,120.6962,120.5712,120.58,6851
446,120.56,120.7,120.54,120.67,6001
447,120.78,120.78,120.59,120.6,4002
448,120.78,120.81,120.72,120.75,5244
449,120.73,120.78,120.69,120.75,4426
450,120.77,120.88,120.71,120.74,9018
451,120.86,120.89,120.76,120.78,8050
452,120.99,120.99,120.84,120.86,6490
453,120.96,121.02,120.95,121.02,5902
454,120.845,120.96,120.84,120.96,6303
455,120.86,120.91,120.83,120.86,45766
456,120.95,120.9925,120.89,120.89,6073
457,120.84,120.99,120.82,120.99,22759
458,120.73,120.86,120.71,120.82,7199
459,120.79,120.79,120.66,120.73,23357
460,120.83,120.92,120.8,120.8,4890
461,120.86,120.89,120.81,120.83,6100
462,120.94,120.94,120.83,120.88,4200
463,121.07,121.08,120.92,120.93,5304
464,120.99,121.109,120.96,121.07,6167
465,120.99,121.06,120.99,121.02,8394
466,120.83,121.02,120.83,121,10981
467,120.72,120.9,120.72,120.82,8961
468,120.75,120.86,120.7,120.74,12523
469,120.85,120.88,120.72,120.75,12115
470,120.77,120.85,120.71,120.85,21098
471,120.68,120.82,120.64,120.78,181077
864,120.75,120.75,120.75,120.75,8956
865,121.31,121.45,120.68,120.76,11038
866,121.43,121.5,121.3,121.3,13663
867,121.46,121.48,121.4,121.43,15673
868,121.46,121.48,121.4,121.47,18703
869,121.43,121.52,121.4,121.46,16606
870,121.41,121.49,121.395,121.4,10056
871,121.44,121.479,121.4,121.44,18927
872,121.5392,121.57,121.38,121.44,7923
873,121.55,121.67,121.52,121.52,6191
874,121.8,121.82,121.5,121.5597,13782
875,121.72,121.8,121.7,121.79,5590
876,121.61,121.72,121.61,121.72,5181
877,121.83,121.85,121.62,121.63,8900
878,121.61,121.83,121.6,121.83,15301
879,121.74,121.74,121.61,121.61,9473
880,121.64,121.7,121.61,121.7,5701
881,121.86,121.86,121.66,121.66,4600
882,121.83,121.85,121.8,121.85,5769
883,121.89,121.989,121.8175,121.8175,8300
884,121.93,121.95,121.865,121.91,9577
885,121.88,121.93,121.86,121.92,13896
886,121.87,121.91,121.86,121.88,8465
887,121.9,121.915,121.8,121.82,6781
888,121.99,121.99,121.92,121.92,13403
889,122.01,122.0649,121.98,122,9204
890,121.89,121.98,121.84,121.98,5423
891,121.86,121.9,121.84,121.88,5909
892,122.015,122.015,121.8067,121.87,6279
893,122,122.05,121.98,122.04,7027
894,121.99,122.01,121.9295,122.01,7472
895,122.12,122.13,121.99,121.99,9770
896,122.26,122.26,122.1,122.12,28180
897,122.16,122.3299,122.16,122.25,9284
898,122.23,122.31,122.16,122.16,15921
899,122.13,122.26,122.12,122.22,16511
900,122.21,122.24,122.13,122.1343,15919
901,122.375,122.4106,122.17,122.19,24739
902,122.44,122.48,122.34,122.39,22742
903,122.32,122.49,122.31,122.46,131555
a1495546200,123.12,123.12,122.91,122.91,13686
1,122.7,123.17,122.3277,123.16,13472
2,122.64,122.85,122.56,122.65,17011
3,122.73,122.8,122.585,122.64,5555
4,122.89,122.89,122.7,122.72,12008
5,122.98,123.0526,122.88,122.92,13356
6,123.05,123.09,122.995,123.01,10000
7,122.8,123.05,122.79,123.05,11220
8,122.84,122.86,122.73,122.83,7626
9,122.865,122.89,122.82,122.86,11859
10,122.8901,123.01,122.845,122.87,11011
11,122.99,122.99,122.82,122.91,10637
12,123.08,123.08,122.93,122.97,10745
13,123.08,123.11,122.98,123.07,15931
14,123.02,123.065,122.89,123.06,17650
15,122.91,122.9999,122.89,122.99,11361
16,122.97,122.99,122.8542,122.89,10116
17,123.09,123.12,122.96,122.99,8910
18,122.72,123.06,122.72,123.06,13834
19,122.85,122.895,122.67,122.71,12806
20,122.76,122.95,122.74,122.85,11729
21,122.755,122.77,122.67,122.74,6318
22,122.74,122.8,122.71,122.75,8100
23,122.73,122.77,122.69,122.75,10355
24,122.71,122.8,122.71,122.74,8196
25,122.63,122.745,122.55,122.74,18954
26,122.575,122.67,122.55,122.635,17190
27,122.63,122.6499,122.56,122.57,11928
28,122.62,122.68,122.61,122.65,4096
29,122.44,122.61,122.44,122.61,7738
30,122.34,122.43,122.34,122.43,7447
31,122.42,122.43,122.34,122.34,7138
32,122.35,122.42,122.35,122.42,9117
33,122.25,122.34,122.24,122.34,6856
34,122.31,122.33,122.25,122.25,6312
35,122.08,122.29,122.08,122.28,8690
36,122.17,122.18,122.06,122.09,14681
37,122.21,122.22,122.1,122.15,20901
38,122.14,122.21,122.06,122.21,23423
39,122.34,122.35,122.135,122.15,116442
144,122.27,122.27,122.27,122.27,7740
145,122.28,122.37,122.16,122.16,4041
146,122.33,122.4699,122.26,122.26,7805
147,122.36,122.44,122.31,122.35,8877
148,122.67,122.72,122.32,122.344,10948
149,122.68,122.78,122.67,122.72,11388
150,122.26,122.65,122.26,122.65,6605
151,122.28,122.31,122.22,122.29,7870
152,122.22,122.3,122.21,122.27,5400
153,122.13,122.22,122.13,122.22,7448
154,122.03,122.135,122.02,122.135,15948
155,122.006,122.075,122,122.05,10733
156,122.07,122.1,122.01,122.01,6647
157,122.19,122.19,122.09,122.1,7016
158,122.27,122.29,122.16,122.16,8066
159,122.125,122.28,122.125,122.28,8833
160,122.11,122.16,122.11,122.13,5718
161,122.14,122.17,122.1,122.115,6192
162,122.19,122.19,122.12,122.14,4605
163,122.2,122.21,122.14,122.21,5756
164,122.24,122.27,122.2,122.21,3550
165,122.2875,122.3,122.24,122.24,3800
166,122.31,122.34,122.29,122.3,5287
167,122.23,122.3,122.23,122.3,4662
168,122.21,122.21,122.16,122.2,2800
169,122.24,122.24,122.19,122.23,3603
170,122.247,122.28,122.21,122.26,7035
171,122.26,122.27,122.2,122.22,4175
172,122.32,122.3541,122.21,122.24,7523
173,122.48,122.519,122.33,122.35,7466
174,122.45,122.48,122.43,122.46,5000
175,122.4,122.45,122.38,122.43,8906
176,122.47,122.47,122.36,122.4,6200
177,122.475,122.49,122.41,122.47,8308
178,122.42,122.48,122.35,122.48,8848
179,122.56,122.58,122.44,122.44,9048
180,122.52,122.63,122.485,122.57,13008
181,122.66,122.68,122.54,122.54,10509
182,122.73,122.74,122.65,122.6652,23401
183,122.76,122.79,122.71,122.72,100538
288,122.87,122.87,122.87,122.87,9463
289,123.29,123.29,122.82,122.82,3058
290,123.57,123.58,123.18,123.26,4600
291,123.32,123.5399,123.28,123.5399,20700
292,123.4929,123.695,123.3,123.34,15870
293,123.6,123.72,123.48,123.495,13366
294,123.89,123.89,123.58,123.59,8713
295,123.97,124.13,123.925,123.925,12930
296,123.89,124.08,123.89,123.975,11600
297,123.99,124.08,123.83,123.89,7910
298,123.96,124,123.8086,124,12190
299,124.076,124.1,123.99,124,4409
300,124,124.16,123.98,124.09,11597
301,124.015,124.09,123.94,124.02,6813
302,123.89,124,123.85,124,6599
303,123.93,124.01,123.88,123.935,18321
304,124.105,124.105,123.85,123.945,34463
305,124.33,124.33,124.06,124.12,8960
306,124.1,124.42,124.0942,124.33,10438
307,124.17,124.19,124.07,124.09,5623
308,124.25,124.3,124.18,124.18,5363
309,124.35,124.38,124.26,124.26,12058
310,124.29,124.35,124.24,124.34,7036
311,124.37,124.4,124.31,124.31,5500
312,124.27,124.4,124.27,124.375,8120
313,124.3,124.32,124.24,124.28,17144
314,124.52,124.53,124.34,124.34,10855
315,124.56,124.56,124.5,124.54,4063
316,124.55,124.58,124.498,124.58,6985
317,124.67,124.67,124.56,124.56,6801
318,124.69,124.78,124.62,124.67,6640
319,124.79,124.79,124.6,124.67,7350
320,124.75,124.8,124.72,124.79,8052
321,124.71,124.78,124.71,124.75,9029
322,124.71,124.73,124.63,124.73,12944
323,124.64,124.76,124.64,124.7114,16509
324,124.74,124.75,124.58,124.65,14125
325,124.7,124.79,124.65,124.71,21982
326,124.67,124.77,124.54,124.67,30505
327,124.52,124.6501,124.47,124.6501,136949
432,124.59,124.59,124.59,124.59,9823
433,124.2,124.5965,124.18,124.56,9011
434,124.3,124.35,124.15,124.23,10650
435,124.7,124.8,124.402,124.44,18069
436,124.49,124.75,124.49,124.75,4234
437,124.62,124.7,124.36,124.44,10274
438,124.62,124.67,124.5,124.61,6300
439,124.69,124.81,124.56,124.67,8046
440,124.595,124.69,124.54,124.69,5425
441,124.55,124.68,124.52,124.57,7500
442,124.46,124.63,124.44,124.57,7866
443,124.34,124.47,124.34,124.47,4466
444,124.25,124.41,124.17,124.31,6905
445,124.25,124.33,124.21,124.265,9339
446,124.25,124.28,124.14,124.25,4800
447,124.21,124.37,124.18,124.27,6485
448,124.24,124.25,124.19,124.21,6600
449,124.33,124.33,124.21,124.23,4444
450,124.3,124.338,124.21,124.3323,7617
451,124.21,124.28,124.15,124.28,7170
452,124.2,124.26,124.125,124.22,7500
453,124.13,124.24,124.075,124.24,3469
454,124.11,124.16,124.07,124.16,6918
455,124.09,124.13,124.08,124.1,5025
456,124.12,124.12,124.045,124.1,3100
457,124.08,124.15,124.08,124.15,4879
458,123.99,124.12,123.99,124.07,3574
459,123.99,124.03,123.97,124.02,3822
460,123.98,124.01,123.92,123.9835,4219
461,123.94,123.99,123.91,123.99,5082
462,123.88,123.94,123.88,123.93,5235
463,123.91,123.93,123.87,123.88,8157
464,123.94,123.99,123.9,123.91,3818
465,124.01,124.04,123.93,123.94,7735
466,123.98,124.04,123.98,124,6042
467,123.97,124.03,123.97,123.99,5625
468,123.95,124,123.95,123.98,9787
469,123.97,123.98,123.925,123.94,11557
470,123.98,124.04,123.95,123.9678,19121
471,124.09,124.11,124,124.03,107963
a1496151000,123.93,123.93,123.93,123.93,4823
1,124.04,124.11,123.765,123.98,4100
2,124.15,124.15,123.95,124.01,4300
3,123.935,124.1,123.92,124.07,6910
4,123.75,123.92,123.69,123.88,6386
5,123.79,123.83,123.7225,123.73,6336
6,123.83,123.93,123.83,123.83,5199
7,124.04,124.04,123.85,123.85,7831
8,124.03,124.16,124.03,124.06,8144
9,123.855,124.01,123.85,124.01,8200
10,124.035,124.08,123.87,123.87,6839
11,124.24,124.24,124.03,124.05,4810
12,124.22,124.27,124.13,124.23,9874
13,124.32,124.34,124.23,124.23,5947
14,124.3,124.35,124.195,124.29,10644
15,124.16,124.285,124.16,124.285,6417
16,124.27,124.27,124.17,124.17,5521
17,124.27,124.3,124.23,124.27,4333
18,124.43,124.43,124.27,124.27,10090
19,124.49,124.5,124.44,124.44,11334
20,124.36,124.47,124.34,124.47,6498
21,124.39,124.4,124.31,124.345,6700
22,124.46,124.47,124.37,124.37,5391
23,124.49,124.49,124.42,124.48,7071
24,124.47,124.51,124.47,124.48,4551
25,124.48,124.5,124.44,124.45,3450
26,124.45,124.49,124.4,124.49,7642
27,124.46,124.5,124.45,124.46,3400
28,124.45,124.52,124.43,124.465,7240
29,124.5,124.53,124.4497,124.455,6798
30,124.49,124.5,124.46,124.48,6238
31,124.45,124.525,124.45,124.49,8513
32,124.48,124.48,124.44,124.48,5895
33,124.5,124.5355,124.47,124.48,7920
34,124.42,124.5,124.4,124.5,6990
35,124.445,124.51,124.41,124.41,8260
36,124.515,124.52,124.43,124.46,9849
37,124.62,124.6536,124.48,124.51,18294
38,124.63,124.7,124.61,124.6208,17478
39,124.53,124.63,124.51,124.63,81179
144,124.73,124.93,124.73,124.89,8045
145,124.99,125.1,124.81,124.81,9783
146,124.88,125,124.86,124.9823,9476
147,124.75,124.91,124.53,124.9,17532
148,124.72,124.74,124.43,124.74,11095
149,124.61,124.74,124.53,124.7,5471
150,124.64,124.68,124.53,124.59,8664
151,124.42,124.655,124.42,124.655,8133
152,124.54,124.58,124.43,124.45,8855
153,124.7799,124.7799,124.54,124.54,7506
154,124.6995,124.81,124.62,124.77,12244
155,124.58,124.67,124.58,124.67,6694
156,124.43,124.66,124.33,124.59,15318
157,124.42,124.5,124.35,124.43,10258
158,124.62,124.62,124.43,124.43,4718
159,124.64,124.66,124.61,124.625,5643
160,124.6641,124.685,124.62,124.62,4755
161,124.72,124.77,124.64,124.68,14168
162,124.72,124.73,124.64,124.7,5719
163,124.7,124.72,124.64,124.7,4735
164,124.53,124.71,124.5,124.7,6964
165,124.62,124.6414,124.49,124.54,6200
166,124.7594,124.76,124.63,124.63,5143
167,124.63,124.84,124.63,124.77,8936
168,124.57,124.63,124.53,124.63,5678
169,124.611,124.6243,124.55,124.6,4967
170,124.77,124.77,124.6,124.61,7779
171,124.825,124.825,124.71,124.79,5439
172,124.84,124.9,124.79,124.83,7686
173,124.77,124.8,124.66,124.79,6117
174,124.9,124.9,124.77,124.79,5960
175,125.08,125.08,124.89,124.9,14356
176,125.06,125.12,125.06,125.08,7223
177,125.06,125.12,124.98,125.07,10189
178,124.97,125.09,124.88,125.06,9355
179,125.02,125.05,124.95,124.97,6517
180,125.06,125.14,124.97,124.98,11371
181,125.19,125.2,125.06,125.06,21258
182,125.2,125.31,125.12,125.19,17845
183,125.28,125.33,125.19,125.225,760099
288,125.37,125.39,125.37,125.39,9222
289,125.43,125.63,125.24,125.37,7740
290,125.3727,125.49,125.21,125.48,8445
291,125.58,125.6,125.29,125.43,13200
292,125.29,125.6399,125.2092,125.6,16738
293,125.07,125.35,124.98,125.29,8109
294,125,125.22,124.93,125.09,8300
295,124.87,125.05,124.86,125.05,5205
296,124.79,124.96,124.79,124.9,4400
297,124.53,124.79,124.53,124.775,4874
298,124.725,124.725,124.53,124.54,6936
299,124.61,124.71,124.57,124.71,10732
300,124.77,124.785,124.63,124.64,8352
301,124.725,124.8,124.64,124.79,11244
302,124.79,124.79,124.66,124.725,3889
303,124.74,124.8,124.73,124.7983,9472
304,124.83,124.84,124.715,124.74,7466
305,124.805,124.83,124.765,124.83,14383
306,124.68,124.85,124.68,124.805,8979
307,124.61,124.745,124.61,124.7,9812
308,124.69,124.71,124.61,124.615,9119
309,124.74,124.8114,124.695,124.695,18833
310,124.81,124.85,124.695,124.745,15727
311,124.72,124.83,124.7,124.81,19000
312,124.66,124.77,124.66,124.725,13398
313,124.46,124.655,124.45,124.655,19319
314,124.53,124.53,124.44,124.46,6765
315,124.43,124.51,124.43,124.51,6110
316,124.465,124.465,124.3818,124.44,9147
317,124.615,124.6299,124.435,124.465,15040
318,124.49,124.635,124.48,124.63,19506
319,124.59,124.59,124.48,124.49,14590
320,124.48,124.6,124.47,124.6,13974
321,124.4899,124.54,124.42,124.48,9666
322,124.74,124.76,124.5,124.5,13499
323,124.79,124.8,124.72,124.72,10003
324,124.8436,124.85,124.78,124.81,10120
325,124.88,124.91,124.72,124.84,23648
326,125.03,125.04,124.8,124.89,20673
327,125.23,125.23,125.01,125.01,175046
432,125.6,125.6,125.6,125.6,9239
433,125.04,125.28,124.57,125.2,11855
434,125.15,125.18,124.96,124.96,8334
435,124.96,125.16,124.93,125.11,4700
436,125.07,125.21,125.02,125.03,5000
437,125.01,125.13,124.92,125.04,10760
438,125.2,125.22,124.97,125.01,8495
439,125.15,125.24,125.07,125.2,5500
440,125.13,125.2,125.08,125.18,4285
441,125.14,125.28,125.1,125.1,10751
442,125.14,125.2,125.07,125.15,5803
443,125.07,125.17,125,125.15,12487
444,125.11,125.11,124.99,125.05,13363
445,125.2,125.265,125.08,125.1,9200
446,125.22,125.27,125.16,125.2271,5756
447,125.135,125.22,125.1,125.21,8120
448,124.97,125.12,124.97,125.12,5133
449,125.04,125.09,124.97,124.97,6900
450,125.02,125.06,124.98,125.03,5573
451,125,125.05,124.98,125.04,3300
452,125.08,125.09,125,125.02,6100
453,125.24,125.24,125.1,125.1,6714
454,125.22,125.25,125.18,125.25,6175
455,125.13,125.21,125.11,125.2,5397
456,125.12,125.15,125.07,125.12,5825
457,125.33,125.39,125.15,125.15,8281
458,125.29,125.4,125.26,125.3395,4338
459,125.2,125.32,125.07,125.3014,37579
460,125.34,125.385,125.1899,125.22,11256
461,125.36,125.41,125.3,125.33,12586
462,125.434,125.52,125.36,125.36,11611
463,125.51,125.52,125.44,125.45,12004
464,125.42,125.51,125.38,125.49,8237
465,125.47,125.48,125.42,125.43,14315
466,125.61,125.63,125.44,125.46,15592
467,125.79,125.81,125.62,125.62,19778
468,125.88,125.9,125.8,125.8,19207
469,125.85,125.905,125.8,125.87,25154
470,125.55,125.86,125.51,125.86,32206
471,125.71,125.71,125.54,125.57,185815
864,126,126,126,126,10212
865,126.095,126.16,125.05,126,2823
866,126.16,126.2,125.95,126.04,8585
867,126.18,126.18,125.917,126.16,10800
868,126.21,126.24,126.14,126.18,8864
869,126.12,126.28,126.09,126.22,16282
870,125.95,126.13,125.95,126.1,6563
871,125.82,125.935,125.78,125.92,7275
872,125.79,125.845,125.74,125.83,6100
873,125.7,125.84,125.7,125.78,7360
874,125.66,125.77,125.63,125.71,8558
875,125.68,125.77,125.67,125.67,5119
876,125.49,125.67,125.49,125.67,8201
877,125.595,125.595,125.485,125.51,7322
878,125.78,125.79,125.57,125.595,12221
879,125.8,125.8,125.71,125.79,2500
880,125.77,125.805,125.74,125.79,4700
881,125.73,125.77,125.7,125.76,5000
882,125.65,125.71,125.61,125.71,2900
883,125.62,125.7,125.6,125.66,4800
884,125.5,125.62,125.5,125.61,3885
885,125.55,125.56,125.47,125.49,3400
886,125.625,125.625,125.54,125.56,5200
887,125.6,125.62,125.54,125.62,6375
888,125.49,125.56,125.47,125.56,3681
889,125.46,125.49,125.43,125.47,3313
890,125.59,125.6,125.46,125.48,4900
891,125.63,125.65,125.6,125.6,4429
892,125.65,125.68,125.63,125.63,3400
893,125.66,125.68,125.64,125.66,4722
894,125.58,125.72,125.58,125.665,5856
895,125.61,125.63,125.535,125.6,5448
896,125.75,125.76,125.59,125.615,6486
897,125.68,125.75,125.66,125.74,6868
898,125.75,125.76,125.665,125.67,10229
899,125.7,125.82,125.67,125.75,8895
900,125.74,125.79,125.65,125.7,10226
901,125.6559,125.77,125.6559,125.73,9800
902,125.51,125.665,125.48,125.66,18916
903,125.46,125.51,125.43,125.5,147457
a1496755800,125.4,125.41,125.4,125.41,6813
1,125.44,125.59,125.23,125.44,13129
2,125.625,125.8,125.43,125.45,22152
3,125.105,125.66,125.03,125.65,39373
4,124.995,125.18,124.88,125.14,14082
5,124.865,125.02,124.81,125.02,42697
6,124.65,124.95,124.59,124.89,45321
7,124.59,124.68,124.52,124.645,71135
8,124.55,124.62,124.37,124.59,109562
9,124.91,125,124.44,124.6,42941
10,124.92,125,124.79,124.94,18186
11,124.8,124.89,124.73,124.84,16364
12,124.775,124.8,124.71,124.8,17704
13,124.69,124.83,124.57,124.77,40578
14,124.65,124.83,124.61,124.7,58825
15,124.93,124.93,124.56,124.64,48813
16,124.97,124.98,124.84,124.96,8186
17,124.98,125.06,124.92,124.97,14667
18,124.87,125.05,124.87,124.98,6240
19,124.78,124.875,124.765,124.875,6862
20,124.7,124.77,124.66,124.77,6778
21,124.62,124.7,124.61,124.7,5816
22,124.52,124.63,124.52,124.62,4400
23,124.4201,124.5,124.36,124.5,8790
24,124.355,124.45,124.33,124.43,3834
25,124.52,124.54,124.34,124.34,6253
26,124.665,124.665,124.51,124.52,5400
27,124.76,124.77,124.675,124.675,6083
28,124.72,124.77,124.68,124.77,5248
29,124.68,124.74,124.66,124.7,4352
30,124.76,124.76,124.68,124.72,5478
31,124.85,124.86,124.75,124.775,9305
32,124.765,124.88,124.76,124.84,7361
33,124.7,124.7686,124.7,124.74,5366
34,124.82,124.82,124.7,124.72,7084
35,124.8,124.885,124.79,124.84,12592
36,124.64,124.83,124.6,124.81,11177
37,124.5,124.61,124.39,124.61,11885
38,124.35,124.52,124.31,124.49,20769
39,124.43,124.51,124.36,124.36,129082
144,124.5,124.5,124.5,124.5,8775
145,124.2,124.67,124.16,124.67,23038
146,124.3,124.41,123.98,124.19,38494
147,124.58,124.65,124.24,124.2901,7778
148,124.53,124.65,124.52,124.61,4696
149,124.55,124.58,124.49,124.545,7440
150,124.26,124.52,124.255,124.52,6181
151,124.5,124.57,124.25,124.25,10805
152,124.48,124.505,124.39,124.505,18494
153,124.48,124.51,124.34,124.475,12932
154,124.7,124.7134,124.4701,124.4701,5585
155,124.701,124.82,124.701,124.72,7972
156,124.58,124.79,124.561,124.7,11387
157,124.6599,124.69,124.58,124.595,4196
158,124.69,124.69,124.61,124.651,6425
159,124.75,124.85,124.69,124.69,3700
160,124.68,124.75,124.65,124.74,4339
161,124.72,124.74,124.68,124.68,2100
162,124.61,124.71,124.58,124.71,3900
163,124.57,124.62,124.53,124.59,8230
164,124.39,124.54,124.32,124.54,8162
165,124.44,124.44,124.26,124.37,6500
166,124.46,124.51,124.39,124.435,3965
167,124.47,124.505,124.44,124.47,2967
168,124.61,124.63,124.42,124.44,5750
169,124.62,124.63,124.57,124.62,3070
170,124.7,124.7,124.59,124.62,3500
171,124.74,124.75,124.665,124.68,3876
172,124.81,124.88,124.71,124.74,6265
173,124.86,124.86,124.77,124.84,4998
174,125,125.02,124.87,124.89,6317
175,124.96,125.04,124.94,125,6000
176,124.95,125.05,124.9,124.95,8701
177,124.87,124.97,124.87,124.94,4900
178,124.93,124.93,124.84,124.87,8406
179,124.9,124.925,124.866,124.89,6776
180,124.99,125.01,124.91,124.91,9164
181,124.98,125.03,124.97,124.98,6831
182,125.125,125.16,124.905,124.97,19759
183,125.1,125.15,125,125.11,176512
288,124.97,124.97,124.97,124.97,8024
289,124.61,125.18,124.61,124.97,10109
290,124.48,124.83,124.44,124.79,7129
291,124.51,124.63,124.38,124.47,9064
292,124.31,124.53,124.31,124.45,5129
293,124.215,124.34,124.16,124.34,9648
294,123.9339,124.21,123.85,124.21,8077
295,124.19,124.25,123.97,123.98,7857
296,124.01,124.22,124.01,124.22,6300
297,124.06,124.08,123.99,124.04,7050
298,124.17,124.19,124.08,124.13,10449
299,124.18,124.245,124.15,124.19,9700
300,123.91,124.22,123.83,124.18,10060
301,123.85,123.92,123.83,123.92,12865
302,123.86,123.93,123.81,123.86,8316
303,123.79,123.91,123.77,123.86,12521
304,123.64,123.83,123.63,123.79,12369
305,123.76,123.772,123.57,123.65,16565
306,123.77,123.84,123.74,123.75,7294
307,123.8,123.87,123.77,123.77,9650
308,123.74,123.85,123.74,123.82,6963
309,123.69,123.76,123.69,123.76,5892
310,123.66,123.69,123.64,123.69,8187
311,123.68,123.7288,123.65,123.65,8286
312,123.43,123.67,123.41,123.67,9437
313,123.51,123.56,123.4,123.4,6310
314,123.58,123.6,123.47,123.5,8354
315,123.56,123.69,123.55,123.59,10604
316,123.46,123.57,123.44,123.57,7790
317,123.24,123.48,123.23,123.47,12206
318,123.07,123.25,123.05,123.25,15844
319,122.985,123.07,122.96,123.07,20564
320,122.88,123.03,122.84,123,16306
321,122.95,122.97,122.86,122.88,15082
322,123.33,123.33,122.955,122.96,20181
323,123.345,123.39,123.31,123.33,18278
324,123.28,123.37,123.27,123.3446,21454
325,123.58,123.61,123.22,123.28,25563
326,123.71,123.71,123.58,123.58,32444
327,123.75,123.88,123.68,123.72,134707
432,123.92,123.92,123.92,123.92,8317
433,123.45,123.9,123.32,123.9,5255
434,123.67,123.76,123.54,123.55,6200
435,123.77,123.8,123.6,123.63,4653
436,124.03,124.1,123.62,123.65,14832
437,124.29,124.29,123.96,124.01,11095
438,124.37,124.41,124.255,124.26,5150
439,124.29,124.42,124.26,124.33,3856
440,124.21,124.4,124.21,124.33,7885
441,124.02,124.1787,124,124.17,4885
442,124.045,124.06,123.935,124,4547
443,124.01,124.21,124.01,124.055,7489
444,124.1594,124.175,123.88,123.99,10210
445,124.09,124.32,124.09,124.18,6995
446,123.97,124.15,123.97,124.12,4997
447,123.95,123.99,123.875,123.99,8018
448,124.07,124.17,123.89,123.95,6515
449,124,124.07,123.895,124.07,8728
450,123.9,124.07,123.9,123.98,6225
451,123.79,123.96,123.7,123.96,6000
452,123.74,123.82,123.71,123.8107,5100
453,123.86,123.92,123.76,123.76,4050
454,123.62,123.91,123.58,123.87,9000
455,123.47,123.62,123.39,123.62,8048
456,123.45,123.61,123.43,123.49,6560
457,123.18,123.4636,123.06,123.4636,12851
458,123.02,123.27,122.99,123.21,8601
459,123.05,123.2,122.96,123.04,8465
460,123.22,123.26,123.02,123.02,9521
461,123.25,123.31,123.09,123.245,8481
462,123.2,123.32,123.15,123.23,10298
463,122.85,123.24,122.66,123.16,17554
464,122.1,122.82,122.1,122.82,22700
465,122.585,122.7,121.95,121.9975,16573
466,122.82,122.99,122.635,122.66,12460
467,122.9,122.94,122.7,122.76,11635
468,122.76,122.92,122.57,122.92,29217
469,122.62,122.72,122.53,122.72,17900
470,122.38,122.6,122.35,122.58,29995
471,122.86,122.92,122.41,122.42,175758
864,122.45,122.45,122.45,122.45,4573
865,122.78,123.585,122.57,122.605,24426
866,123.05,123.26,122.52,122.77,23310
867,123.21,123.34,122.74,123.07,13551
868,122.72,123.28,122.57,123.28,22117
869,123.2799,123.2799,122.6,122.62,11452
870,122.905,123.27,122.905,123.27,7513
871,123.12,123.13,122.89,122.93,11384
872,122.87,123.19,122.7601,123.08,6169
873,122.82,122.97,122.75,122.88,7439
874,122.95,123.06,122.81,122.88,10128
875,123.03,123.18,122.92,122.92,9887
876,122.71,123.02,122.64,123.02,20196
877,122.77,122.84,122.66,122.72,7312
878,122.71,122.87,122.69,122.78,20481
879,122.767,122.82,122.66,122.74,23179
880,122.54,122.78,122.54,122.7692,17503
881,122.34,122.59,122.32,122.54,23169
882,122.34,122.39,122.26,122.35,21590
883,122.95,122.96,122.34,122.35,64604
884,123.27,123.305,122.94,122.95,23570
885,123.11,123.38,123.08,123.29,5633
886,122.64,123.11,122.64,123.11,15992
887,122.845,122.875,122.51,122.63,42002
888,123.03,123.095,122.86,122.88,5700
889,122.93,123.08,122.93,123.04,5350
890,122.99,122.99,122.83,122.91,7209
891,122.88,123.015,122.86,122.98,4037
892,122.98,123.03,122.85,122.85,7885
893,123.04,123.055,122.95,122.96,3924
894,122.87,123.04,122.785,123.02,26104
895,123.02,123.17,122.83,122.86,17662
896,122.91,123.1,122.89,123.02,8005
897,122.77,122.95,122.72,122.95,5090
898,122.865,122.96,122.69,122.77,10466
899,122.825,122.88,122.71,122.86,11600
900,122.73,122.88,122.68,122.84,9682
901,122.86,122.95,122.79,122.79,12518
902,122.85,122.95,122.8,122.86,26881
903,123.18,123.24,122.86,122.86,93342
a1497360600,123.13,123.13,123.13,123.13,6576
1,123.39,123.61,122.81,123.02,8267
2,123.66,123.74,123.53,123.57,5492
3,123.745,123.77,123.51,123.72,7952
4,123.615,123.85,123.55,123.74,13141
5,123.55,123.83,123.525,123.61,16200
6,123.675,123.83,123.6,123.63,9951
7,123.9,123.98,123.64,123.69,15347
8,123.85,123.9,123.65,123.9,11705
9,123.95,124,123.78,123.85,8200
10,124.17,124.195,123.9,123.95,8397
11,124.08,124.2168,124.04,124.15,3903
12,124.08,124.14,124.02,124.101,5910
13,124.07,124.19,124.01,124.08,5726
14,124.06,124.13,124.01,124.07,5311
15,124.32,124.3217,124.05,124.06,7815
16,124.29,124.433,124.29,124.3212,11792
17,124.37,124.45,124.3,124.3,9384
18,124.34,124.41,124.3,124.35,6705
19,124.42,124.42,124.26,124.34,7172
20,124.43,124.48,124.38,124.42,5086
21,124.54,124.54,124.41,124.46,4726
22,124.42,124.56,124.39,124.52,7424
23,124.345,124.45,124.34,124.42,5784
24,124.41,124.41,124.33,124.34,3540
25,124.45,124.45,124.36,124.44,6383
26,124.46,124.47,124.39,124.46,5216
27,124.6,124.63,124.47,124.48,7646
28,124.63,124.6465,124.57,124.58,4399
29,124.45,124.61,124.45,124.61,7000
30,124.45,124.5,124.39,124.48,8489
31,124.53,124.53,124.45,124.46,7590
32,124.6,124.6,124.52,124.53,5901
33,124.4,124.5925,124.34,124.59,10841
34,124.42,124.47,124.4,124.41,8922
35,124.39,124.42,124.37,124.4,9662
36,124.64,124.64,124.39,124.39,12550
37,124.65,124.6617,124.55,124.64,20433
38,124.66,124.69,124.55,124.65,25102
39,124.51,124.67,124.34,124.66,160193
144,125.04,125.04,125.04,125.04,8772
145,125.04,125.34,124.66,125.34,5829
146,125.3,125.3,125.03,125.1,5988
147,125.49,125.53,125.22,125.27,12363
148,125.1872,125.55,125.1872,125.45,6300
149,125.13,125.23,124.95,125.23,8534
150,124.9,125.1,124.9,125.1,7597
151,124.85,124.944,124.785,124.87,7057
152,124.7793,124.87,124.76,124.82,5537
153,124.71,124.94,124.67,124.79,11865
154,124.94,125,124.66,124.725,8918
155,124.94,125.005,124.89,124.93,5695
156,125.02,125.05,124.93,124.94,5990
157,124.93,125.06,124.92,125.02,7101
158,124.98,124.98,124.86,124.92,4602
159,125.01,125.039,124.94,125.01,5684
160,124.99,125.08,124.99,125.0042,3290
161,124.95,125.0407,124.91,125.01,6993
162,124.8399,124.96,124.83,124.93,7438
163,124.855,124.87,124.79,124.85,6125
164,125.01,125.03,124.86,124.87,13222
165,124.98,125.04,124.98,125.01,5758
166,124.99,125.1,124.96,124.995,6203
167,125.01,125.07,124.97,125.01,6256
168,124.98,125.01,124.93,125,10434
169,125.02,125.0425,124.91,124.97,10464
170,124.98,125.02,124.98,125.02,4000
171,125.03,125.12,124.98,124.98,4445
172,125.19,125.21,124.97,125.09,8900
173,125.01,125.22,124.94,125.22,9613
174,125.05,125.11,125.0099,125.06,5330
175,124.87,125.06,124.85,125.02,15794
176,124.42,124.91,124.35,124.89,19747
177,124.31,124.59,124.3,124.37,13856
178,124.07,124.33,124.07,124.28,22850
179,124.06,124.07,123.69,124.05,37105
180,124.22,124.37,124.02,124.04,36037
181,124.425,124.47,124.18,124.235,29474
182,124.475,124.475,124.26,124.4,20943
183,124.62,124.65,124.425,124.5,107400
288,123.9,123.9,123.9,123.9,6148
289,123.94,124.45,123.89,124.43,6083
290,123.89,123.93,123.37,123.93,14623
291,124.2,124.2,123.72,123.935,12806
292,124.425,124.5,124.18,124.18,8600
293,124.42,124.5,124.27,124.42,9943
294,124.51,124.52,124.22,124.45,15643
295,124.51,124.6,124.2,124.46,11665
296,124.5,124.55,124.42,124.48,12500
297,124.6,124.62,124.41,124.49,8775
298,124.6,124.68,124.5901,124.6,7499
299,124.98,125,124.61,124.61,8845
300,125.06,125.08,124.94,124.98,9443
301,125.05,125.1425,125.01,125.06,7840
302,124.83,125.055,124.82,125.055,6101
303,124.85,124.95,124.82,124.83,6400
304,124.85,124.9,124.82,124.86,5084
305,124.83,124.86,124.78,124.83,3310
306,124.75,124.84,124.7,124.84,3646
307,124.86,124.89,124.76,124.76,3100
308,125.23,125.29,124.84,124.86,44450
309,125.07,125.27,124.96,125.23,25285
310,125.01,125.09,124.95,125.04,5604
311,125.15,125.2,125.04,125.04,2300
312,125.05,125.14,125.04,125.14,3966
313,125.22,125.22,125.1,125.1,2300
314,125.16,125.22,125.12,125.22,7667
315,125.16,125.2,125.11,125.15,4246
316,125.14,125.16,125.05,125.15,5327
317,125.19,125.22,125.15,125.17,4705
318,125.29,125.435,125.21,125.21,9240
319,125.22,125.33,125.2,125.3,6883
320,125.5,125.5,125.25,125.25,4575
321,125.42,125.55,125.34,125.49,13532
322,125.41,125.45,125.34,125.4,7707
323,125.31,125.43,125.31,125.41,5471
324,125.3,125.36,125.29,125.31,7569
325,125.23,125.36,125.21,125.3,11800
326,125.29,125.34,125.2,125.24,15582
327,125.47,125.48,125.26,125.29,98665
432,125.48,125.59,121.74,121.74,338534
433,124.6901,125.59,124.55,125.47,34182
434,124.48,125.06,124.21,124.86,18191
435,124.32,124.59,124.035,124.59,12691
436,124.62,124.62,124.06,124.34,11025
437,124.245,124.55,124.1901,124.55,5423
438,124.15,124.235,123.96,124.11,9335
439,124.07,124.21,123.93,124.15,7584
440,124.035,124.16,123.97,124.05,7394
441,124.01,124.13,123.74,124.02,13974
442,123.9201,124.1,123.845,124.07,7467
443,124.06,124.1,123.88,123.93,9870
444,124.11,124.14,124.02,124.06,8957
445,124.37,124.37,124.1,124.13,9190
446,124.29,124.4,124.26,124.37,6302
447,124.48,124.52,124.29,124.29,7222
448,124.64,124.65,124.53,124.55,4805
449,124.52,124.64,124.47,124.63,4400
450,124.58,124.58,124.51,124.52,5763
451,124.59,124.61,124.54,124.595,11400
452,124.41,124.58,124.375,124.57,7480
453,124.41,124.45,124.34,124.4,14197
454,124.35,124.46,124.35,124.46,4600
455,124.2,124.33,124.15,124.33,5187
456,124.1375,124.23,124.11,124.23,10033
457,124.43,124.44,124.13,124.13,9000
458,124.555,124.57,124.41,124.41,6320
459,124.49,124.56,124.38,124.55,18926
460,124.5,124.53,124.44,124.48,8447
461,124.46,124.5,124.4,124.49,8491
462,124.39,124.57,124.39,124.44,12636
463,124.38,124.41,124.3,124.38,13375
464,124.45,124.51,124.3883,124.39,11007
465,124.62,124.66,124.47,124.47,9435
466,124.59,124.7,124.54,124.65,10641
467,124.54,124.59,124.48,124.57,18738
468,124.475,124.62,124.41,124.54,14623
469,124.4175,124.47,124.3595,124.47,17612
470,124.55,124.55,124.39,124.45,21448
471,124.65,124.71,124.48,124.51,525664
864,125.06,125.06,125.06,125.06,7826
865,125.04,125.25,124.73,125.125,9204
866,124.87,125.14,124.845,125.085,19517
867,124.815,125.0225,124.73,124.825,14298
868,125.11,125.28,124.78,124.85,17543
869,125.05,125.15,124.95,125.09,10200
870,125.21,125.21,125.03,125.08,9463
871,125.3,125.32,125.17,125.23,13114
872,125.08,125.305,125.08,125.27,15414
873,124.97,125.1225,124.94,125.115,24318
874,124.83,125,124.83,124.98,14243
875,124.94,125,124.84,124.84,7127
876,125.015,125.045,124.9,124.95,9235
877,125.06,125.12,124.96,125.02,9597
878,125.06,125.1,125.02,125.06,5201
879,125.095,125.14,125.02,125.03,8775
880,125.15,125.16,125.095,125.095,3020
881,125.12,125.14,125.08,125.13,5001
882,125.265,125.265,125.11,125.12,5510
883,125.095,125.28,125.095,125.28,6403
884,125.045,125.08,125.01,125.04,4300
885,125.04,125.08,125,125.04,5158
886,125.035,125.09,125.02,125.04,4406
887,124.94,125.02,124.92,125.01,20282
888,124.9,124.95,124.89,124.94,5364
889,125.06,125.09,124.9,124.9,8895
890,125.08,125.08,124.99,125.045,4799
891,125.01,125.06,124.99,125.05,8644
892,124.85,125.0025,124.84,124.99,11100
893,124.91,124.96,124.855,124.86,7955
894,124.82,124.94,124.76,124.915,10300
895,124.85,124.855,124.76,124.802,10838
896,124.75,124.89,124.75,124.86,9934
897,124.765,124.78,124.68,124.78,9529
898,124.78,124.82,124.74,124.76,10419
899,124.79,124.8,124.65,124.78,16386
900,124.845,124.87,124.77,124.78,18887
901,124.89,124.89,124.8,124.845,18382
902,125,125.01,124.89,124.9,18814
903,125.19,125.24,125.03,125.03,170683
a1497965400,124.77,124.77,124.77,124.77,7203
1,124.76,124.865,124.39,124.76,7881
2,124.765,125.06,124.735,124.88,4000
3,125.19,125.25,124.62,124.73,9520
4,125.21,125.38,124.81,125.14,34884
5,125.27,125.28,125.02,125.135,3320
6,125.145,125.28,125.11,125.26,66030
7,125.91,125.91,125.14,125.14,14289
8,125.71,125.95,125.7,125.95,7612
9,125.42,125.76,125.35,125.745,6442
10,125.41,125.41,125.27,125.39,23595
11,125.41,125.5,125.34,125.41,12477
12,125.33,125.44,125.275,125.4,8434
13,125.19,125.4225,125.19,125.28,43782
14,125.1977,125.225,125.11,125.19,13177
15,125.12,125.2271,125.12,125.21,13469
16,125.36,125.36,125.02,125.12,27569
17,125.39,125.53,125.32,125.32,33323
18,125.14,125.46,125.09,125.37,23017
19,125.29,125.31,125.1,125.13,11337
20,125.23,125.29,125.145,125.265,4829
21,125.62,125.62,125.2,125.21,8631
22,125.57,125.61,125.48,125.59,44888
23,125.57,125.6,125.51,125.56,7084
24,125.76,125.79,125.595,125.595,6778
25,125.68,125.78,125.68,125.78,2828
26,125.63,125.7125,125.61,125.705,7958
27,125.54,125.65,125.535,125.6,9178
28,125.27,125.55,125.26,125.54,15856
29,125.19,125.35,125.19,125.295,7183
30,125.05,125.21,125.03,125.18,10621
31,125.02,125.16,125.01,125.02,10044
32,124.87,125.0275,124.87,124.94,10102
33,124.93,125,124.87,124.87,10370
34,124.87,125,124.78,124.95,19966
35,124.78,124.94,124.78,124.87,21314
36,124.84,124.85,124.73,124.78,18799
37,124.83,124.87,124.75,124.85,18338
38,124.7,124.86,124.68,124.835,43624
39,124.62,124.825,124.62,124.71,121461
144,124.63,124.76,124.54,124.74,13127
145,124.86,124.99,124.31,124.54,24778
146,125,125.07,124.71,124.9,19976
147,124.66,125.04,124.66,124.98,24335
148,125.38,125.44,124.67,124.67,31844
149,125.25,125.38,125.16,125.36,25152
150,125.02,125.25,125.01,125.24,7224
151,125.25,125.2875,124.98,125.02,17419
152,125.34,125.44,125.22,125.25,9018
153,125.185,125.37,125.12,125.33,18892
154,125.26,125.34,125.14,125.15,12693
155,125.135,125.26,124.97,125.25,13331
156,125.22,125.285,125.14,125.14,9805
157,125.16,125.27,125.1008,125.21,56509
158,124.99,125.295,124.99,125.175,5745
159,125.06,125.06,124.84,124.99,6818
160,124.91,125.03,124.82,125.02,5597
161,124.76,124.91,124.76,124.91,4010
162,124.99,124.99,124.71,124.72,7046
163,125.11,125.15,124.96,124.96,26526
164,125.165,125.26,125.1,125.1,22018
165,125.16,125.34,125.16,125.2,8880
166,125.3,125.3,125.07,125.12,5725
167,125.44,125.44,125.26,125.28,6191
168,125.4,125.56,125.4,125.47,63471
169,125.4,125.55,125.4,125.41,37204
170,125.23,125.39,125.23,125.39,5690
171,125.31,125.32,125.17,125.26,28827
172,125.29,125.33,125.2,125.3,10147
173,125.25,125.32,125.24,125.27,44027
174,125.16,125.25,125.16,125.25,83167
175,125.61,125.63,125.11,125.14,21354
176,125.62,125.72,125.56,125.58,9945
177,125.75,125.758,125.62,125.65,19433
178,125.55,125.74,125.54,125.73,17801
179,125.45,125.56,125.39,125.55,41431
180,125.5,125.5,125.4,125.47,13375
181,125.35,125.49,125.34,125.48,19046
182,125.44,125.485,125.31,125.33,58846
183,125.38,125.44,125.305,125.44,130360
288,125.22,125.22,125.22,125.22,7738
289,124.81,125.62,124.75,125.03,13615
290,124.465,124.78,124.43,124.67,16819
291,124.45,124.55,124.39,124.49,13152
292,124.07,124.47,124,124.47,17978
293,124.01,124.13,123.95,124.035,12743
294,124.25,124.37,123.98,124.025,12918
295,124.36,124.37,124.225,124.29,7375
296,124.54,124.57,124.39,124.39,8332
297,124.36,124.53,124.21,124.53,12618
298,124.62,124.65,124.45,124.45,7800
299,124.47,124.7,124.47,124.6218,17766
300,124.66,124.71,124.44,124.5,9041
301,124.73,124.81,124.69,124.7,4827
302,124.85,124.93,124.76,124.76,7566
303,124.97,125.03,124.88,124.88,4504
304,124.79,124.97,124.79,124.95,6244
305,124.89,124.93,124.81,124.81,2900
306,125.07,125.19,124.85,124.85,95530
307,125.01,125.1,124.98,125.08,4200
308,125.11,125.14,125,125.01,4750
309,125.235,125.28,125.13,125.13,5678
310,125.34,125.35,125.22,125.24,3800
311,125.38,125.39,125.31,125.33,4802
312,125.3601,125.385,125.27,125.37,5205
313,125.28,125.43,125.28,125.37,9412
314,125.24,125.25,125.205,125.25,1800
315,125.35,125.35,125.22,125.25,4900
316,125.4,125.47,125.33,125.35,6706
317,125.28,125.46,125.28,125.41,10961
318,125.31,125.32,125.18,125.25,4841
319,125.24,125.32,125.19,125.27,4500
320,125.24,125.25,125.175,125.2101,6009
321,125.2356,125.26,125.16,125.26,4875
322,125.3,125.3,125.18,125.23,8132
323,125.25,125.33,125.22,125.3,6498
324,125.23,125.32,125.23,125.25,5728
325,125.15,125.29,125.15,125.24,14466
326,124.99,125.18,124.97,125.15,17169
327,124.91,124.99,124.86,124.97,147141
432,124.97,124.97,124.97,124.97,8551
433,124.93,125.01,124.77,124.9175,4206
434,124.69,125,124.66,124.89,29700
435,124.945,125,124.76,124.76,5136
436,124.95,124.98,124.79,124.94,7300
437,124.87,125.01,124.74,124.99,29933
438,124.8,124.88,124.74,124.87,18586
439,124.76,124.91,124.73,124.86,22897
440,124.95,124.96,124.75,124.765,31481
441,124.85,125.03,124.85,124.97,9638
442,124.7,124.9,124.7,124.86,8901
443,124.79,124.79,124.64,124.71,11364
444,124.87,124.92,124.74,124.77,10078
445,124.98,124.99,124.84,124.84,5110
446,124.92,125,124.88,124.98,6262
447,125.04,125.04,124.9,124.92,6398
448,125.05,125.06,124.98,125.04,4737
449,125.11,125.12,125.05,125.06,3016
450,125.27,125.27,125.08,125.1,4073
451,125.36,125.42,125.23,125.25,7880
452,125.35,125.41,125.31,125.4,4300
453,125.37,125.37,125.29,125.37,14200
454,125.39,125.42,125.13,125.35,15069
455,125.45,125.45,125.36,125.39,2575
456,125.37,125.44,125.36,125.44,2464
457,125.37,125.43,125.33,125.36,4885
458,125.42,125.46,125.33,125.395,5500
459,125.3,125.4,125.28,125.39,3550
460,125.31,125.4,125.3,125.31,2878
461,125.3,125.39,125.28,125.32,3056
462,125.205,125.3,125.15,125.3,7903
463,125.21,125.2975,125.2,125.22,3647
464,125.3,125.3,125.2,125.21,4294
465,125.1825,125.41,125.17,125.3,8828
466,125.02,125.19,124.96,125.19,16952
467,125.06,125.07,124.98,125,22209
468,124.87,125.045,124.83,125.045,27333
469,124.91,124.96,124.85,124.85,16167
470,124.91,125.03,124.88,124.91,25730
471,124.8,124.95,124.73,124.91,547831
864,125.06,125.06,125.06,125.06,7777
865,125.315,127.0972,124.87,127.0972,17454
866,125.353,125.45,125.2,125.35,9022
867,125.05,125.29,125.04,125.29,5599
868,125.33,125.42,124.94,125.01,11103
869,125.26,125.4,125.17,125.33,9730
870,125.2,125.44,125.1912,125.1912,4600
871,124.925,125.21,124.925,125.21,20434
872,124.95,124.95,124.8649,124.88,7400
873,124.954,125.09,124.91,124.91,3700
874,124.78,124.97,124.74,124.97,32802
875,124.8273,124.83,124.76,124.77,3545
876,124.87,124.9,124.67,124.81,5480
877,124.6866,124.83,124.57,124.83,3810
878,124.75,124.85,124.69,124.77,4816
879,124.77,124.79,124.65,124.745,4100
880,124.71,124.82,124.68,124.8,3115
881,124.64,124.69,124.6,124.68,5406
882,124.627,124.66,124.56,124.64,2575
883,124.67,124.7,124.62,124.62,4462
884,124.57,124.69,124.5,124.69,4500
885,124.69,124.69,124.58,124.61,3811
886,124.62,124.71,124.57,124.71,5002
887,124.51,124.59,124.5,124.59,2636
888,124.58,124.59,124.51,124.55,27473
889,124.59,124.65,124.56,124.58,6737
890,124.59,124.62,124.53,124.59,6823
891,124.76,124.84,124.59,124.59,5117
892,124.7,124.8,124.7,124.75,5718
893,124.73,124.73,124.59,124.71,7680
894,124.67,124.73,124.62,124.69,6567
895,124.64,124.76,124.58,124.67,54252
896,124.59,124.62,124.43,124.62,17097
897,124.5854,124.6599,124.54,124.58,9704
898,124.51,124.59,124.41,124.59,8824
899,124.45,124.56,124.4,124.49,13693
900,124.4201,124.45,124.36,124.43,9847
901,124.31,124.44,124.25,124.44,21381
902,124.23,124.33,124.14,124.31,36741
903,124.33,124.42,124.235,124.235,101812
a1498570200,123.86,123.86,123.86,123.86,5901
1,123.8,124.05,123.64,124,5455
2,123.44,123.87,123.44,123.74,18472
3,123.67,123.77,123.51,123.51,5536
4,123.69,123.88,123.61,123.72,11081
5,123.74,123.87,123.69,123.74,10633
6,123.74,123.85,123.7,123.79,7145
7,123.89,123.95,123.81,123.81,5978
8,123.84,124.08,123.84,123.96,5214
9,123.87,123.94,123.83,123.87,7735
10,123.85,123.97,123.82,123.86,11378
11,123.78,123.85,123.7329,123.85,4494
12,123.7,123.82,123.63,123.8,8930
13,123.76,123.8,123.68,123.7,5700
14,123.9,123.94,123.804,123.804,4617
15,123.77,123.91,123.77,123.91,2700
16,123.68,123.75,123.59,123.75,14819
17,123.61,123.7,123.58,123.66,5375
18,123.73,123.75,123.62,123.62,3416
19,123.54,123.7,123.54,123.7,4469
20,123.6,123.64,123.51,123.54,5936
21,123.4155,123.58,123.3,123.58,5474
22,123.32,123.48,123.32,123.4328,11385
23,123.31,123.36,123.27,123.29,4980
24,123.35,123.4,123.31,123.32,4888
25,123.05,123.38,123.04,123.36,6512
26,122.93,123.15,122.81,123.07,10670
27,122.92,122.99,122.84,122.93,17600
28,123.06,123.06,122.88,122.93,15462
29,122.99,123.06,122.84,123.06,11044
30,123.18,123.23,123.02,123.02,5778
31,123.16,123.27,123.14,123.21,9026
32,123.19,123.25,123.11,123.145,11223
33,123.145,123.25,123.145,123.18,8883
34,122.99,123.23,122.97,123.14,14366
35,123.06,123.08,123.01,123.05,9014
36,123.2,123.24,123.07,123.07,23278
37,123.09,123.2,123.07,123.2,13250
38,123.04,123.16,122.98,123.07,18423
39,122.85,122.99,122.82,122.99,148981
144,123.16,123.16,123.16,123.16,5890
145,122.9,123.18,122.3,123.14,14097
146,122.76,123.0043,122.6,122.86,15175
147,122.925,122.97,122.65,122.79,35665
148,123.24,123.33,122.94,123.01,9553
149,123.36,123.555,123.24,123.24,5127
150,123.39,123.41,123.16,123.41,115144
151,123.43,123.62,123.26,123.35,10706
152,123.63,123.78,123.39,123.39,9927
153,123.95,124.02,123.63,123.63,8944
154,124.05,124.115,123.94,123.94,9160
155,123.86,124.11,123.86,124.04,10614
156,123.635,123.83,123.54,123.83,9759
157,123.365,123.64,123.36,123.64,12294
158,123.5,123.6,123.36,123.36,10966
159,123.53,123.765,123.47,123.47,11348
160,123.4499,123.56,123.34,123.56,9285
161,123.46,123.52,123.35,123.44,6713
162,123.41,123.54,123.41,123.49,5300
163,123.53,123.59,123.4,123.45,7049
164,123.57,123.58,123.485,123.54,6634
165,123.76,123.76,123.58,123.59,6166
166,123.76,123.84,123.72,123.79,4400
167,123.69,123.82,123.68,123.78,8100
168,123.67,123.76,123.65,123.68,5835
169,123.56,123.66,123.55,123.65,9380
170,123.39,123.6,123.39,123.58,7181
171,123.38,123.44,123.32,123.38,25109
172,123.63,123.63,123.29,123.37,10627
173,123.7,123.72,123.61,123.65,6971
174,123.53,123.68,123.5,123.67,11848
175,123.33,123.565,123.26,123.54,14658
176,123.725,123.77,123.4,123.4,9648
177,123.7,123.74,123.63,123.72,7213
178,123.88,123.88,123.69,123.71,7019
179,124.01,124.03,123.88,123.94,10123
180,124.1,124.1,123.89,124,9834
181,124.08,124.15,123.97,124.1,18617
182,124.21,124.22,124.0401,124.07,21960
183,124.06,124.25,124.04,124.22,114519
288,123.62,123.62,123.62,123.62,7253
289,123.04,123.64,122.85,123.64,9042
290,122.51,122.93,122.31,122.93,9920
291,122.14,122.49,122.14,122.49,12186
292,121.97,122.28,121.94,122.19,13613
293,121.845,121.94,121.62,121.937,10857
294,121.74,121.86,121.61,121.85,12100
295,121.77,121.78,121.62,121.7,13896
296,122.18,122.21,121.69,121.75,20173
297,121.8261,122.26,121.81,122.17,25710
298,121.6,121.94,121.53,121.84,14537
299,121.45,121.56,121.24,121.53,35634
300,121.41,121.52,121.32,121.48,7384
301,121.21,121.44,121.025,121.44,18877
302,121.46,121.58,121.26,121.26,7165
303,121.2,121.43,121.11,121.43,13071
304,121.28,121.31,121.05,121.15,9571
305,121.19,121.36,121.125,121.27,9250
306,121.15,121.21,121.06,121.21,10079
307,121.26,121.39,121.1,121.21,9944
308,121.18,121.366,121.15,121.23,8080
309,120.9699,121.15,120.86,121.15,5065
310,120.8,120.97,120.73,120.92,6025
311,120.71,120.83,120.66,120.81,6250
312,120.41,120.73,120.3722,120.72,11026
313,120.81,120.87,120.48,120.48,9790
314,120.82,120.9,120.71,120.81,7211
315,120.68,120.82,120.65,120.76,9539
316,121,121,120.58,120.63,39162
317,120.91,121.15,120.9,121,11806
318,121.1,121.14,120.87,120.91,16813
319,121.43,121.44,120.97,121.1,35621
320,121.48,121.62,121.36,121.39,23389
321,121.29,121.42,121.245,121.36,11536
322,121.355,121.44,121.24,121.27,28685
323,121.53,121.59,121.27,121.31,12900
324,121.43,121.52,121.35,121.52,15174
325,121.77,121.81,121.43,121.43,17919
326,121.635,121.788,121.57,121.78,44277
327,121.61,121.75,121.46,121.6,291675
432,121.95,122.17,121.95,122.14,57325
433,122.3,122.3,121.37,122.08,20659
434,122.53,122.56,122.2,122.28,19652
435,122.4,122.5,122.3,122.489,18815
436,122.41,122.49,122.25,122.38,83996
437,122.29,122.49,122.22,122.405,27203
438,122.24,122.59,122.24,122.34,16556
439,122.05,122.29,122.04,122.27,27298
440,122.2,122.23,122.09,122.09,29209
441,122.43,122.53,122.23,122.24,4752
442,122.45,122.45,122.26,122.42,8675
443,122.22,122.43,122.13,122.43,7346
444,122.08,122.23,122.07,122.18,4833
445,122.14,122.19,121.96,122,6000
446,122.34,122.34,122.13,122.13,4214
447,122.41,122.44,122.29,122.341,3409
448,122.53,122.58,122.4175,122.4175,4810
449,122.64,122.64,122.56,122.56,3336
450,122.6,122.72,122.59,122.68,5607
451,122.521,122.65,122.51,122.59,3978
452,122.325,122.51,122.325,122.51,4300
453,122.43,122.43,122.31,122.32,6966
454,122.38,122.45,122.35,122.44,4799
455,122.28,122.4,122.28,122.385,2702
456,122.4,122.4,122.31,122.31,9323
457,122.49,122.53,122.33,122.37,12100
458,122.32,122.48,122.32,122.48,5847
459,122.32,122.39,122.29,122.31,5979
460,122.34,122.395,122.29,122.31,6992
461,122.56,122.56,122.31,122.31,4998
462,122.63,122.66,122.49,122.52,8827
463,122.59,122.63,122.56,122.61,7108
464,122.65,122.68,122.585,122.585,9242
465,122.64,122.67,122.61,122.655,5913
466,122.61,122.69,122.61,122.65,8376
467,122.48,122.6,122.41,122.6,10942
468,122.68,122.68,122.47,122.47,12561
469,122.64,122.68,122.53,122.65,16972
470,122.67,122.77,122.64,122.65,40065
471,122.34,122.7,122.31,122.69,226159
864,122.97,123,122.76,122.76,7212
865,122.64,123.475,122.49,123.11,13848
866,122.74,122.74,122.54,122.605,5464
867,122.815,122.85,122.6,122.62,8500
868,123.015,123.015,122.73,122.85,9058
869,122.78,123.04,122.76,122.96,7728
870,122.64,122.79,122.565,122.77,7978
871,122.49,122.64,122.3,122.64,6205
872,122.475,122.49,122.33,122.43,4700
873,122.59,122.67,122.49,122.49,7607
874,122.46,122.57,122.37,122.55,7046
875,122.51,122.6,122.41,122.51,8271
876,122.52,122.5408,122.43,122.46,8662
877,122.28,122.53,122.24,122.53,9719
878,122.13,122.24,122.06,122.24,16001
879,122.17,122.2,122.06,122.12,15657
880,121.76,122.14,121.76,122.14,8962
881,121.65,121.81,121.64,121.76,6255
882,121.79,121.81,121.67,121.69,10161
883,121.66,121.8,121.56,121.8,9957
884,121.65,121.77,121.6,121.64,13987
885,121.31,121.68,121.24,121.65,157256
a1499261400,121.49,121.49,121.49,121.49,6937
1,121.995,122.15,121.275,121.35,10140
2,121.83,122.13,121.75,121.97,11654
3,121.93,121.93,121.75,121.85,10669
4,121.695,121.88,121.68,121.87,11796
5,121.85,121.94,121.72,121.72,9250
6,121.85,121.89,121.65,121.82,18261
7,122.06,122.1,121.79,121.82,9371
8,122.24,122.38,121.98,122.07,8500
9,122.2887,122.31,122.08,122.17,6749
10,122.32,122.45,122.2,122.29,7730
11,122.38,122.475,122.29,122.35,7346
12,122.455,122.49,122.36,122.395,9152
13,122.08,122.38,121.98,122.355,17332
14,122.0374,122.11,121.96,122.08,7082
15,122.13,122.15,122,122.02,5300
16,122.3,122.35,122.08,122.1,7300
17,122.03,122.35,122.01,122.35,10853
18,122.3399,122.35,122.045,122.07,7641
19,122.465,122.49,122.27,122.32,24188
20,122.22,122.46,122.18,122.45,10652
21,122.19,122.2525,122.135,122.22,8495
22,122.24,122.26,122.16,122.16,18060
23,122.36,122.38,122.23,122.26,7968
24,122.44,122.5,122.35,122.355,7964
25,122.43,122.61,122.43,122.43,61320
26,122.47,122.55,122.42,122.425,7924
27,122.64,122.64,122.47,122.47,3733
28,122.3,122.72,122.25,122.63,15651
29,122.24,122.33,122.21,122.2612,6600
30,122.45,122.52,122.26,122.26,8864
31,122.35,122.52,122.35,122.45,9225
32,122.26,122.39,122.21,122.34,10584
33,122.23,122.37,122.22,122.26,7175
34,122.03,122.28,122,122.24,15148
35,122.17,122.25,122.03,122.03,11878
36,122.13,122.22,122.03,122.19,15282
37,122.2,122.21,122.12,122.14,29617
38,122.45,122.45,122.22,122.22,27146
39,122.35,122.46,122.34,122.45,161538
