EXCHANGE%3DTLV
MARKET_OPEN_MINUTE=585
MARKET_CLOSE_MINUTE=986
INTERVAL=600
COLUMNS=DATE,CLOSE,HIGH,LOW,OPEN,VOLUME
DATA=
TIMEZONE_OFFSET=180
a1492930200,705,706,705,706,2376
1,710,715,710,710,2000
2,705,710,705,710,6038
3,707,710,707,710,1631
4,707,714.8,705,707,4253
7,708,708.1,708,708.1,600
12,700,708.1,700,708.1,15598
16,702,702,702,702,409
18,709.2,709.2,709.2,709.2,200
25,709.6,709.6,707.9,707.9,853
28,703,703.4,703,703.4,3725
30,703.3,703.3,703.3,703.3,611
31,703,703.3,703,703.3,2905
32,708,708,703,703,2418
35,703.7,704,703.7,704,450
36,703,703.7,703,703.7,2486
39,703,703,703,703,358
144,711.7,711.7,703,703,191
156,706,706,706,706,570
157,703,706,703,706,3482
159,714,714,712,712,994
160,716,716,714,714,1805
162,710,710.1,710,710.1,1737
164,715.9,715.9,715.9,715.9,190
166,712,712,712,712,250
173,716.1,716.1,716.1,716.1,698
176,716.2,716.2,716.1,716.1,250
179,705.1,705.1,705.1,705.1,400
180,714.9,714.9,714.9,714.9,190
183,706,706,706,706,230
288,700,700,696,696,1333
294,700,700,700,700,916
295,690,700,690,700,1429
296,690,690,690,690,99
298,690,690,690,690,145
299,699.9,699.9,699.9,699.9,190
309,697.9,697.9,697.9,697.9,45
315,685,685.1,685,685.1,1357
316,685,685,685,685,184
317,680,681.3,680,681.3,2030
318,680,680,680,680,124
320,680,680,680,680,220
322,680,680,680,680,2200
323,680,680,680,680,180
325,685,685,685,685,730
326,681,681,681,681,300
433,698.9,698.9,690,690,190
471,675,675,675,675,200
576,671.7,671.7,651,651,1756
577,696.9,696.9,696.9,696.9,200
582,663.9,663.9,663.9,663.9,287
585,668.1,668.1,668.1,668.1,447
595,655,658.1,655,658.1,813
596,655,655,651.8,651.8,350
598,651,651.7,651,651.7,1433
599,650,651,650,651,5046
600,640,650,640,650,2936
601,640,640,640,640,294
604,630,640,630,640,2994
605,654.9,654.9,654.9,654.9,200
615,672.9,672.9,654.9,654.9,1550
a1493535000,628.8,628.8,628.8,628.8,386
1,640,640,628.8,628.8,1331
2,640,640,640,640,200
3,648,648,648,648,463
5,650,657.2,625,648,2534
6,649.9,649.9,620,630,1000
12,633.9,641,633.9,641,2258
18,630,630,630,630,258
27,643.9,643.9,643,643,210
33,656,656,640,640,3200
432,629.8,632.4,625,632.4,1766
433,635,643.9,629.8,629.8,1970
434,640,640,635,635,1653
437,640,640,640,640,373
439,632,632,632,632,290
441,650,650,643.5,643.5,3076
442,660.9,660.9,649.9,649.9,2941
444,660,660,655,655,1000
445,692,692,660,660,5610
446,670,690,670,690,310
447,660,670,660,670,990
448,659.9,659.9,659.9,659.9,500
449,659.4,659.4,659.4,659.4,310
452,659,659,655,655,500
460,658,658,656,656,1000
466,650,652.1,650,652.1,2518
467,649.9,649.9,645.1,646.1,5660
471,645,646,645,646,4800
576,615,629.2,615,629.2,1896
577,605,605,605,605,350
578,616.9,616.9,616.9,616.9,310
579,616.9,616.9,616.9,616.9,825
580,616,616,616,616,800
583,610,610.1,610,610.1,970
584,612.8,612.8,611,611,1037
586,611,611,611,611,310
588,606,608.3,606,608.3,5562
589,604,606,604,606,1548
590,604,604,604,604,1696
592,610,610,610,610,310
594,610,610,610,610,310
608,610,610,610,610,500
614,610,610,610,610,500
615,614,614,610,610,3000
a1494140400,509,509,505,505,8866
1,512,512,512,512,475
2,510,510,510,510,491
3,515,515,511.9,511.9,8747
4,515,515,515,515,2751
5,512,513,512,513,2100
6,514,514,511,511.1,2145
8,514,514,514,514,23
13,513.6,513.6,513.6,513.6,2921
14,513,513.6,513,513.6,1486
16,513.6,513.6,513.5,513.5,2500
17,512.2,512.2,512.2,512.2,700
18,512.1,512.1,512.1,512.1,1946
19,512,512,512,512,54
20,509,511.5,509,511.5,5053
21,512.9,512.9,509,509,1170
23,512.8,512.8,512,512,500
26,511.9,512,511.9,512,1785
27,512,512,511.9,511.9,686
29,512,512,510.7,511.1,2544
32,512,512,512,512,1175
33,510,511.1,510,511.1,2522
34,511.8,511.8,511.8,511.8,310
36,507,510.3,507,510.3,3637
38,509.9,509.9,509.9,509.9,951
143,507,507,507,507,310
146,510,510,510,510,937
147,510,510,510,510,464
148,519.5,519.5,516.7,516.7,1317
151,507,510,507,510,1860
152,500,502.2,500,502.2,1500
154,509.9,509.9,509.9,509.9,320
160,502,502,502,502,1474
164,502,502,502,502,310
165,502,502,502,502,1195
179,509,509,505.6,505.6,3461
287,472.3,472.3,472.3,472.3,1152
288,461.2,466.1,461.2,465,3441
289,460,460.9,460,460.9,1446
292,456,456.5,456,456.5,1743
293,456,456,456,456,73
294,452.8,455,452.8,455,966
295,450,450,450,450,400
296,444,448.9,444,445,4422
299,447.5,447.5,447.4,447.4,1871
301,450,450,449,449,1191
307,449.9,449.9,449.9,449.9,340
308,444.2,446.8,444.2,446.8,2441
309,450,450,449.9,449.9,1111
324,465,465,449.9,449.9,8813
325,465,465,465,465,1000
326,465,465,465,465,500
431,443.9,443.9,443.9,443.9,566
432,433,450,433,448.9,5240
436,433,433.4,433,433.4,3487
437,433.1,436.6,433.1,436.5,1919
441,433.1,435,433,435,3663
450,437.7,437.7,437.5,437.5,1300
451,433.2,433.6,433.2,433.6,2771
461,438,438,433.1,433.1,3092
462,438,438,437.9,437.9,773
464,472,472,438,438,5869
465,477,480,472,472,4231
466,479.9,479.9,470,470.1,4798
467,470,476.6,470,476.6,5283
468,495.1,495.1,475,475,12231
469,489.3,492,481,492,4710
575,462.4,473.9,462.4,473.9,589
577,460,462,457,457.3,4336
581,460,460,460,460,500
582,463.9,463.9,460,460,1053
583,465.5,465.5,463.9,463.9,1932
585,465.5,465.5,465.5,465.5,500
590,465.5,465.5,465.5,465.5,310
596,455,470,450,463.9,13529
598,455,455,455,455,900
599,454,454,454,454,550
600,454,454,454,454,400
601,454,454,454,454,50
602,445,450.2,445,450.2,1310
605,449.9,449.9,449.9,449.9,310
606,450,450,438,445,7803
614,450,450,449.8,449.8,1959
a1494745200,465.3,465.3,465.3,465.3,310
3,469.8,469.8,469.8,469.8,310
5,468.9,468.9,459.1,459.1,1203
27,467.9,467.9,453,459,2455
30,449,449.2,449,449.2,1850
33,449,449,449,449,1642
34,459.9,459.9,449,449,710
37,445,448.9,445,448.9,1043
143,454,454,446,446,310
148,445.4,445.5,445.4,445.5,1111
152,446,446,446,446,600
153,448,448,448,448,320
156,449,449,448.9,448.9,3889
287,449.9,449.9,449.9,449.9,1161
288,454,454,449.9,449.9,2173
290,448,448,448,448,670
291,445,448,445,448,1561
294,437.3,437.3,437.3,437.3,844
295,437.2,437.2,431,437.2,1623
298,437.3,437.3,437.3,437.3,395
299,434.3,434.3,430,431.1,3310
301,435,435,434.3,434.3,3529
303,428.1,430.1,428.1,430.1,2004
304,432,432,432,432,310
310,426,426.7,426,426.7,400
314,431.5,431.5,431.5,431.5,310
317,433,435,432,432,2847
324,431.2,431.4,431.2,431.4,999
325,433,433,433,433,401
326,460,460,435.4,435.4,17738
431,505,505,505,505,3131
432,505,506.3,505,506.3,8148
433,505,505,504.8,504.8,990
435,480.5,491.1,460,491.1,11944
436,467.5,471,464,471,3078
437,474.9,474.9,464.4,464.4,1715
441,468,470,468,470,620
442,464.5,465.1,464.5,465.1,2160
443,464.5,464.5,464.5,464.5,49
444,459,459,459,459,1441
445,458,458,457,458,1831
446,468.3,468.3,468.3,468.3,310
457,474.4,474.4,474.4,474.4,310
465,465.1,465.1,465.1,465.1,600
466,488,488,474.2,474.2,12555
468,490,499.9,490,490,4082
470,480,485,480,485,949
575,432.1,445.1,432.1,445.1,1246
577,439,439,439,439,420
581,434,434.6,434,434.6,1777
582,441.5,441.5,441.5,441.5,1000
583,436,436,436,436,310
584,435,437.3,435,437.3,1924
586,432.1,435,432.1,435,8203
587,430,432.3,430,432.3,1222
590,425,427,425,427,3125
595,439,439,430,430,865
596,420,425.1,420,425.1,11657
597,431.4,431.4,431.4,431.4,310
603,441.7,441.7,441.6,441.6,2000
605,444,444,441.7,441.7,310
606,428.6,428.7,428.6,428.7,874
612,424,424,424,424,987
a1495356000,420,420,417.4,417.5,2000
4,419,419,419,419,500
5,419,419,419,419,200
6,422.2,422.2,421.4,421.4,1525
10,422.2,422.2,422.2,422.2,400
11,422.2,422.2,422.2,422.2,330
12,426,426,426,426,310
13,425,427.8,425,425,2734
14,429,429,425,425,942
16,425,425.1,425,425.1,2318
18,426,426,426,426,1200
22,422,425,422,425,3200
26,429.6,429.6,429.6,429.6,334
28,428.5,428.5,428.5,428.5,500
133,440.2,440.2,440.2,440.2,310
134,440.2,440.2,440.2,440.2,310
137,440.2,440.2,429.6,429.6,950
143,440.2,440.2,440.2,440.2,310
149,458,458,440.2,440.2,6121
153,458,458,458,458,987
158,445,445.1,445,445.1,937
159,435.1,440.7,435.1,440.7,704
161,454.7,454.7,454.7,454.7,394
164,428,435.3,428,435.3,4395
165,429,429,425,425.1,1533
168,421,429,421,429,2774
169,431.7,431.8,425,425,1469
170,447.9,447.9,435,435,4531
171,460,460,438,445,19491
172,474.9,480,457.2,462.2,7894
277,446,446,440,445.1,534
283,439.9,439.9,434.3,435.3,1583
284,437,437,437,437,376
286,437,437,437,437,500
287,435.8,435.8,426.6,426.7,1214
290,426,435.8,426,435.8,12135
291,431.9,431.9,431.9,431.9,310
292,431.3,431.3,430.9,430.9,2083
293,435.7,435.7,434.9,434.9,2555
294,436,436,435.7,435.7,652
295,436.4,436.4,436.4,436.4,310
298,438,438,437.1,437.1,1000
299,440,441,439,439,1535
301,445,445,445,445,810
302,450,450,450,450,622
303,450,450,450,450,310
305,435,435.1,435,435.1,2298
306,445,445,445,445,500
307,432.1,435,432.1,435,1157
312,430,432.1,430,432.1,2394
421,416,429,416,429,3043
422,416,416,416,416,955
425,420,420,416,417,898
426,412.1,416,412.1,416,800
434,412.7,414,412.7,414,687
435,418.8,418.8,418.8,418.8,323
447,413.3,418.8,413.3,414.1,3662
448,413.2,413.3,413.2,413.3,3120
456,440,453.9,417.9,417.9,31657
457,444.7,444.7,439.7,439.7,2248
458,438,438,438,438,500
459,433,442,430,438,6722
565,423,423,423,423,500
566,433.3,433.3,432,432,3231
567,409.9,425,399.9,425,14509
568,400,401,400,401,2103
570,401,401.5,401,401.5,6452
572,402.1,405,402.1,405,2254
579,409.1,409.1,409.1,409.1,246
581,410,410,410,410,976
583,411,411,411,411,304
585,416,416,413.6,413.6,2500
591,408,408.1,408,408.1,1355
595,406.1,408,406.1,408,2237
a1495959600,401.5,402,401.5,402,3855
2,400.4,400.4,392.1,398.1,1371
10,395.1,395.1,395.1,395.1,376
11,395.5,395.5,395.5,395.5,500
14,390,395.1,390,395.1,4718
15,390,390,390,390,325
16,390,390,390,390,6462
24,394.9,394.9,394.9,394.9,983
135,402.5,402.5,402.5,402.5,833
150,401.4,401.4,390.8,391.1,2000
160,399.9,399.9,399.9,399.9,1069
161,399.9,399.9,399.9,399.9,181
567,435,440,430,430,7750
568,426.2,444,426.2,440,4476
569,445,445,438.1,443.8,15672
570,442,442,440,440,1455
571,430,442,430,442,3563
573,441.5,441.5,432,435,7782
574,444,444,441.5,441.5,4600
575,435,438.1,435,438.1,4794
576,438,440,438,438.1,4303
577,445,445,440.4,440.4,10551
578,445,445,445,445,967
579,446,446,446,446,1065
580,449,449,446,446,6800
581,460,460,449,449,9320
582,460,460,460,460,26
583,451.4,451.5,451.4,451.5,2833
584,445,450,445,449.9,1800
586,440.1,440.2,440.1,440.2,1432
587,451,451,444,444,13689
588,451,451,451,451,1250
589,451,451,451,451,61
590,460,460,447,447,4942
591,459.9,460,456,460,3121
592,465,465,456,456,5805
593,465,465,465,465,1
594,468,468,465,465,1000
595,460,465,460,463.9,11265
599,450,450,450,450,667
603,455.9,455.9,454,454,1280
605,447,447.2,447,447.2,694
a1496559600,440.9,440.9,440.9,440.9,2508
1,430,433.7,430,433.7,3797
2,439.8,439.8,430,430,1347
3,430,430.1,430,430.1,8432
6,430,430,429.8,429.8,3325
10,430,430,429,429,1305
13,438.8,438.8,431,431,4114
15,437.2,437.2,434.2,435,1799
17,440,440,439.4,439.4,6200
21,440,440,440,440,1106
23,440,440,440,440,923
24,440,440,440,440,1136
28,440,440,440,440,1667
30,440,440,440,440,674
33,440,440.1,440,440.1,2646
143,440,440,440,440,222
146,441,441,441,441,1478
149,440,440,440,440,2793
156,435,435,435,435,923
160,439.9,439.9,439.9,439.9,607
161,447,447,440,440,5989
164,440,440.1,440,440.1,1737
169,436,436,436,436,1136
171,438,438,436,436,8359
172,447,447,447,447,52
173,450,450,449.8,449.8,1250
174,448,448.1,448,448.1,555
175,450.7,450.7,449.9,449.9,1510
176,454.9,454.9,454.9,454.9,1350
177,460,460,454.9,454.9,3271
178,460,460.1,460,460.1,1596
180,465,468,465,466,2778
181,465,465,465,465,7838
182,476.9,476.9,465.4,476.6,6497
287,482.1,482.1,482.1,482.1,10
288,500,500,475,485,7970
289,488,488,488,488,743
290,495,505,495,495,7282
291,495,495,495,495,2026
292,510,510,495,495,5882
295,499.8,500.5,499.8,500.5,2190
296,490,491.7,490,491.7,1920
299,490,490,490,490,1400
300,502,502,501.9,501.9,2078
301,502,502,502,502,1000
304,502,502,502,502,1405
305,500,500,500,500,1000
309,503.9,503.9,503.9,503.9,675
311,498,505,498,504.9,7199
314,500.1,500.1,500.1,500.1,510
316,500,500,500,500,1000
320,498.2,498.2,498.2,498.2,694
326,509.9,510,506.7,506.7,10720
431,535,535,505,505,3118
432,523,524.6,523,524.6,2122
433,522,523,522,523,1915
434,521.9,522.2,521,522.2,4336
435,521.9,522,521.9,522,1991
438,518,518,518,518,1250
439,510.5,516.1,510.5,516.1,7238
440,524.7,524.7,512,512,2157
441,524.8,524.8,524.7,524.7,963
442,518,518,518,518,772
443,520,520,520,520,769
444,532.6,532.7,520,520,2676
446,525,532.6,525,531.9,9312
447,518.1,525,518.1,525,1609
448,532.5,532.5,532.5,532.5,606
449,532.5,532.5,532.5,532.5,800
455,532.6,532.6,525,525,1952
456,525.1,525.1,525.1,525.1,40
457,525.1,525.1,525.1,525.1,600
459,525,525,525,525,1000
465,516,520.2,516,520.2,8000
466,516,519,516,519,2278
470,523,523,523,523,1022
575,612,632.7,593.3,593.3,6388
576,616.1,616.2,615.1,616,4948
577,620,633,616,616,10798
578,622.1,632.9,622.1,626,3606
579,627.9,627.9,620,622,5559
580,628,628,628,628,793
582,620,633,620,628,10260
583,616.3,630.7,616.3,621.2,9394
584,630,630,619.1,619.1,2362
585,621.3,630.4,621.3,630,2799
588,629.5,629.5,629.5,629.5,1750
589,625,629.5,625,629.5,4496
591,616.2,618.1,616.2,618.1,6266
592,615.6,616.2,615.6,616.1,6204
594,625,625,621,621,2999
598,629.5,629.5,629.5,629.5,510
599,630,631,629.5,629.5,2383
600,630,630,630,630,1617
601,620,625,620,625,1213
603,615.7,627.9,615.7,627.9,2613
604,638.9,639,629.9,629.9,4081
605,645,645,638.9,638.9,2398
606,649.9,649.9,648,648,6226
607,648,650,648,649.9,3426
608,650,650,649.5,649.5,8328
609,670,687.7,660,660,7090
610,700,700,670.4,684,6143
611,692.9,705,692.9,700,4681
612,692.9,721,692.9,707,12317
613,673,699.4,665,692,10060
614,674,676,673,673,3066
a1497164400,540.2,550,540.2,550,8594
1,538.5,540.1,538.5,540.1,5329
2,538.6,540,538.6,540,1170
3,535.1,539,535.1,538.6,2887
5,532,535.1,532,535.1,6041
6,511,520,511,520,3766
7,516,516,502,505.1,4096
8,524,524,518,518,950
9,524.5,524.5,515,515.1,2666
10,532,532,524.7,524.7,1787
12,537.5,537.5,537.3,537.3,2235
14,531,531,531,531,510
16,530.1,531,530.1,531,1000
17,515.4,530,515.4,530,7000
19,527.4,527.4,527.4,527.4,510
20,515,515.1,515,515.1,518
23,516,516,516,516,1002
26,517,520.1,517,520.1,1789
38,522,522,522,522,597
143,503,503,503,503,5707
144,501,501,495,500.2,3648
145,508.8,508.8,508.8,508.8,476
151,510,510,506.5,506.5,3932
153,510,510,510,510,588
154,510,510,510,510,510
156,510,510,510,510,573
157,511,511,511,511,1200
160,512,512,512,512,700
161,511,512,511,512,1167
165,516.6,516.6,516.6,516.6,510
167,516,516,516,516,1000
169,517,517,515,516,1857
170,508,512,508,512,5905
171,506,508,506,508,3557
179,535,538.9,511.6,511.6,19175
180,529.3,539,529.3,535,5172
181,529,529.8,529,529.8,3595
182,543,543,533.7,533.7,3510
288,500,505,500,505,3500
289,500,500,500,500,2500
292,489,495,489,495,7430
293,487,487,481,485,3932
294,495,495,487,487,1258
297,487,487.1,487,487.1,1670
299,495,495,494.9,494.9,4200
300,495,495,495,495,445
302,492,495.1,492,495.1,2040
306,491,492.1,491,492.1,3937
311,501.8,501.8,501.8,501.8,510
318,498.8,498.8,498.8,498.8,1110
325,498.8,498.8,498.8,498.8,400
326,501.9,501.9,496,496,1510
431,495.8,495.8,495.8,495.8,20
432,490.8,490.9,490.8,490.9,1210
433,482,490,482,490,5400
435,494.7,494.7,490.1,490.1,1345
436,497.8,497.8,495.4,495.4,2478
439,505,505,498,498,1878
445,503.3,503.3,503.3,503.3,600
446,503.3,503.3,503.3,503.3,1100
449,499.2,503.3,499.2,503.3,1594
450,505,505,499,499.3,2708
452,515,515,512.3,512.3,4028
453,515,515,515,515,200
458,508,508.2,508,508.2,900
459,508,508,508,508,1829
462,508,508,508,508,700
465,510,510,509.9,509.9,961
466,510,510,510,510,299
467,513.9,513.9,506.1,508,1020
469,513.6,513.6,503.4,503.5,1610
575,513.6,513.6,513.6,513.6,200
576,510,510,510,510,510
578,523,523,510,510,3824
579,511,511,510,510,1174
582,510,510,510,510,1200
583,511,511,511,511,825
585,505,505,505,505,510
586,492,505,492,505,1394
589,495.1,495.1,495.1,495.1,510
590,490,495,490,495,1526
591,489.9,489.9,489.9,489.9,99
592,488,488,488,488,1412
598,485,485,485,485,766
607,492.9,492.9,481,481,3839
608,476.2,476.2,476.2,476.2,840
609,478,478,478,478,2000
610,478,478,478,478,860
611,476,477.5,476,477.5,1826
a1497768600,465.8,465.8,465.8,465.8,2
8,445,448.6,445,448.6,2420
13,444.2,444.2,444.2,444.2,510
18,444.2,444.2,444.2,444.2,1350
20,443.7,444.1,443.7,444.1,3500
25,443,443,443,443,510
28,440,443,440,443,2270
29,440,440,440,440,162
30,440,440,440,440,368
33,443,443,443,443,1000
144,453.2,453.2,453.2,453.2,20
149,452.8,452.8,445,445,2312
150,450,450,450,450,525
152,453.3,453.3,453.3,453.3,766
154,453.3,453.3,453.3,453.3,1250
155,450,463.9,450,463.9,3851
156,458.1,458.1,458.1,458.1,510
157,463.9,463.9,458.1,458.1,4000
158,461.9,461.9,445.9,450.1,5050
159,445,445.1,445,445.1,2000
160,459.9,459.9,459.9,459.9,510
162,460,460,459.9,459.9,1086
288,437.2,459,437.2,459,702
290,443.1,443.1,430.3,431.2,3577
295,438,438,438,438,510
307,437.6,437.6,437,437,1000
309,435,435,435,435,1149
310,434.9,434.9,432.4,432.4,1347
312,435.7,435.7,435.6,435.6,781
314,431,432.4,431,432.4,6389
315,436.2,436.2,431,431,1538
319,435,435,431,431,743
323,435.4,435.4,435,435,1200
324,435,435,435,435,700
325,435,435,435,435,771
326,435,435,435,435,209
432,453.5,467,453.5,467,13810
433,465.5,465.5,460,460,7277
434,456.6,470.8,456.6,465.5,9000
435,457,457.2,457,457.2,2000
438,458.1,459,458.1,459,800
440,460,460,460,460,220
441,460,460,460,460,550
442,457,459.3,457,459.3,3030
443,457,457,457,457,39
446,459,459,459,459,1000
450,457,457.1,457,457.1,3400
457,455.1,455.4,455.1,455.4,1000
458,457.2,457.2,455,455.1,2746
462,461,461,458.9,458.9,6409
463,460,460,460,460,1080
464,464,464,460,460,685
465,464,464,464,464,600
466,465.6,465.6,464,464,3000
469,465,465,463.6,463.6,1500
470,465.6,465.6,465,465,4504
471,465.8,467.5,465.5,465.5,13353
576,443,443,443,443,1057
578,435,436,435,436,2929
580,430,430.2,430,430.2,2326
581,435.5,435.5,435.2,435.2,1800
582,439.9,439.9,438,438,600
583,433.5,433.6,433.5,433.6,900
587,433.8,434,433.8,434,2520
592,437.1,437.1,437.1,437.1,1000
597,433.2,433.8,433.2,433.8,510
601,436,436,436,436,1000
602,437.9,437.9,437.9,437.9,32
603,433.2,437.9,433.2,437.9,4549
605,431,433,431,433,1770
611,431.6,432,431.6,432,581
612,433,433.1,433,433.1,1500
613,433,433,433,433,400
614,435,435,435,435,2000
a1498373400,420,425,420,425,2510
4,419,420,419,420,3110
10,417.2,419,417.2,419,668
23,417.3,417.5,417.3,417.5,1367
33,417.6,419.6,417.6,419.6,2901
37,417.9,417.9,417,417.5,5600
39,417,417,417,417,1848
144,418,418,418,418,10
146,418,418,418,418,68
172,421,421,421,421,1000
179,426,426,422.9,422.9,7000
293,429.5,429.5,429.5,429.5,510
299,419,419,419,419,510
306,419,419.1,419,419.1,2360
314,419.3,419.4,419.3,419.4,7483
315,419.3,419.3,419.3,419.3,1250
319,419.3,419.3,419.3,419.3,123
321,417,418,417,418,8987
322,419.3,419.3,419.3,419.3,343
323,421.1,421.1,419.3,419.3,569
432,412,412,412,412,400
434,412,412,412,412,24
436,415.9,415.9,391,410,10533
442,409,409,408.9,408.9,3000
444,394,396.9,394,396.9,2065
445,399.9,399.9,399.9,399.9,510
450,409.5,409.5,399.9,399.9,6484
456,409.4,409.4,399.9,402.7,1462
468,407.8,407.8,398,402,2731
576,402.2,402.2,402.2,402.2,1200
579,400,400,400,400,895
581,406.2,406.2,400,400,1625
592,399.1,399.1,399.1,399.1,548
608,398.5,398.5,398.5,398.5,750
a1498978200,405.7,405.7,400,400,1510
1,408.2,408.2,408.2,408.2,979
2,411,411,411,411,3000
5,406.3,406.4,406.3,406.4,700
9,405,406.4,405,406.4,4250
27,410,410,409.1,409.1,1500
28,410,410,410,410,500
29,406,406,406,406,500
30,406.9,406.9,406.9,406.9,500
35,405.1,406,405.1,406,1500
144,410,410,410,410,165
147,410,410,410,410,85
174,405,405,405,405,250
288,407.9,407.9,407.9,407.9,2
290,406,406,405.9,405.9,2463
307,400,400.1,400,400.1,2231
322,401.6,401.6,401.6,401.6,500
432,409.8,409.8,409.8,409.8,2
452,399.5,399.5,399.5,399.5,2239
458,400,402.8,400,402.8,1831
