EXCHANGE%3DNASDAQ
MARKET_OPEN_MINUTE=570
MARKET_CLOSE_MINUTE=960
INTERVAL=600
COLUMNS=DATE,CLOSE,HIGH,LOW,OPEN,VOLUME
DATA=
TIMEZONE_OFFSET=-240
a1493127000,12.17,12.17,12.17,12.17,5967
1,12.3,12.3,12.12,12.12,13102
2,12.31,12.32,12.27,12.3,20214
3,12.31,12.32,12.28,12.32,3262
4,12.32,12.32,12.3,12.32,8757
5,12.29,12.32,12.29,12.32,3900
6,12.3,12.3,12.28,12.295,2615
7,12.2982,12.3,12.275,12.29,5962
8,12.26,12.3,12.26,12.3,3402
9,12.24,12.27,12.23,12.26,5500
10,12.25,12.26,12.24,12.24,3836
11,12.26,12.26,12.25,12.25,5200
12,12.25,12.26,12.241,12.26,10503
13,12.25,12.25,12.24,12.24,1200
14,12.23,12.26,12.23,12.245,4499
15,12.24,12.245,12.235,12.24,4100
16,12.25,12.25,12.24,12.24,1400
17,12.25,12.26,12.245,12.25,4200
18,12.255,12.26,12.25,12.25,2299
19,12.245,12.26,12.24,12.26,3200
20,12.245,12.26,12.245,12.25,3800
21,12.22,12.25,12.22,12.245,4000
22,12.24,12.24,12.225,12.23,1200
23,12.25,12.25,12.24,12.24,1400
24,12.24,12.26,12.235,12.25,5481
25,12.255,12.26,12.24,12.25,1936
26,12.3,12.3,12.26,12.26,14591
27,12.3,12.3,12.29,12.3,15211
28,12.3,12.3,12.295,12.3,18500
29,12.3,12.3,12.29,12.3,14135
30,12.295,12.3,12.285,12.3,8814
31,12.3,12.3,12.295,12.3,9998
32,12.3,12.3,12.29,12.3,4712
33,12.29,12.3,12.2801,12.3,2608
34,12.31,12.31,12.29,12.29,2896
35,12.3,12.3,12.29,12.3,3800
36,12.28,12.295,12.25,12.2941,14490
37,12.29,12.3,12.28,12.29,7942
38,12.295,12.3,12.29,12.2958,7614
39,12.29,12.3,12.27,12.3,35365
144,12.24,12.24,12.24,12.24,1324
145,12.32,12.33,12.3085,12.32,7562
146,12.33,12.33,12.32,12.32,9380
147,12.37,12.4,12.33,12.33,18703
148,12.42,12.45,12.39,12.39,23668
149,12.39,12.42,12.38,12.41,12040
150,12.48,12.5,12.4,12.4,4664
151,12.45,12.5,12.41,12.5,1600
152,12.47,12.47,12.46,12.46,200
153,12.47,12.48,12.46,12.47,15642
154,12.47,12.47,12.47,12.47,7100
155,12.47,12.47,12.47,12.47,1509
156,12.505,12.53,12.465,12.465,10871
157,12.55,12.55,12.51,12.51,4975
158,12.53,12.55,12.51,12.55,2127
159,12.55,12.55,12.55,12.55,1016
160,12.56,12.59,12.56,12.57,3778
161,12.58,12.6,12.56,12.58,1100
162,12.59,12.6,12.57,12.59,900
163,12.58,12.6,12.58,12.58,1500
164,12.63,12.63,12.588,12.59,3948
165,12.64,12.64,12.6142,12.63,917
166,12.64,12.64,12.62,12.64,1300
167,12.64,12.65,12.63,12.64,1300
168,12.62,12.65,12.62,12.64,1100
169,12.65,12.65,12.62,12.62,900
170,12.61,12.65,12.61,12.65,964
171,12.6,12.63,12.6,12.62,1800
172,12.56,12.61,12.56,12.59,1875
173,12.57,12.59,12.56,12.58,3200
174,12.56,12.5998,12.52,12.55,5065
175,12.58,12.6,12.575,12.59,3816
176,12.6,12.62,12.58,12.6,5229
177,12.57,12.62,12.56,12.605,2000
178,12.575,12.61,12.575,12.59,6193
179,12.58,12.61,12.58,12.59,2300
180,12.59,12.59,12.55,12.585,4318
181,12.575,12.59,12.57,12.59,3639
182,12.57,12.58,12.55,12.575,8924
183,12.52,12.56,12.47,12.55,43298
288,12.37,12.37,12.37,12.37,3795
289,12.64,12.64,12.33,12.39,41889
290,12.7,12.72,12.52,12.64,49061
291,12.55,12.69,12.54,12.69,45674
292,12.53,12.55,12.46,12.53,49889
293,12.52,12.54,12.5075,12.52,32683
294,12.52,12.53,12.51,12.52,17747
295,12.525,12.53,12.47,12.5,16856
296,12.53,12.54,12.5,12.525,7816
297,12.5,12.54,12.49,12.531,12591
298,12.48,12.51,12.47,12.5,15559
299,12.49,12.5,12.48,12.48,20764
300,12.47,12.49,12.45,12.49,22562
301,12.42,12.47,12.42,12.47,16460
302,12.3825,12.43,12.34,12.42,30406
303,12.385,12.39,12.37,12.385,7435
304,12.4,12.4,12.385,12.385,8500
305,12.4,12.4,12.39,12.4,6543
306,12.395,12.405,12.39,12.395,15900
307,12.38,12.46,12.38,12.4,48479
308,12.39,12.42,12.38,12.4,15526
309,12.38,12.4,12.38,12.39,6400
310,12.385,12.4,12.355,12.39,13545
311,12.36,12.4,12.35,12.385,24863
312,12.38,12.38,12.36,12.36,6400
313,12.39,12.4,12.38,12.39,13100
314,12.395,12.4,12.38,12.39,4644
315,12.385,12.4,12.38,12.395,30921
316,12.35,12.39,12.35,12.385,38148
317,12.38,12.38,12.33,12.35,29122
318,12.4,12.41,12.36,12.37,15062
319,12.43,12.47,12.4,12.4,42507
320,12.48,12.48,12.42,12.42,3976
321,12.51,12.53,12.46,12.48,20145
322,12.47,12.51,12.47,12.5,14431
323,12.47,12.5,12.47,12.5,11150
324,12.47,12.49,12.46,12.47,8504
325,12.41,12.47,12.41,12.47,25431
326,12.41,12.43,12.4,12.41,28712
327,12.44,12.44,12.4,12.4,121661
432,12.4,12.4,12.4,12.4,920
433,12.37,12.44,12.35,12.4,8500
434,12.43,12.45,12.35,12.35,13874
435,12.43,12.45,12.41,12.41,26431
436,12.4,12.45,12.38,12.43,13837
437,12.35,12.41,12.35,12.3907,20358
438,12.35,12.36,12.33,12.35,26300
439,12.31,12.355,12.3,12.35,13114
440,12.27,12.31,12.27,12.3,22755
441,12.3,12.305,12.27,12.27,20669
442,12.27,12.31,12.27,12.3,13097
443,12.31,12.33,12.25,12.27,17099
444,12.27,12.31,12.26,12.31,6052
445,12.26,12.265,12.24,12.26,13591
446,12.23,12.31,12.23,12.26,23979
447,12.27,12.29,12.24,12.24,14891
448,12.29,12.3,12.25,12.27,11500
449,12.335,12.335,12.29,12.3,13197
450,12.35,12.36,12.31,12.335,14449
451,12.32,12.35,12.3,12.35,15000
452,12.31,12.32,12.29,12.3,7400
453,12.35,12.35,12.31,12.32,6351
454,12.37,12.375,12.34,12.35,12502
455,12.355,12.385,12.35,12.375,39351
456,12.375,12.38,12.34,12.35,7893
457,12.4,12.42,12.37,12.38,10900
458,12.38,12.42,12.379,12.42,12165
459,12.43,12.44,12.38,12.39,19300
460,12.36,12.42,12.36,12.42,25836
461,12.39,12.4,12.34,12.36,7504
462,12.36,12.4,12.36,12.38,10600
463,12.365,12.39,12.36,12.37,6317
464,12.365,12.37,12.36,12.36,5500
465,12.305,12.37,12.305,12.365,22970
466,12.32,12.32,12.3,12.3,9900
467,12.31,12.32,12.29,12.31,16700
468,12.3,12.31,12.26,12.305,37121
469,12.32,12.33,12.29,12.3,23884
470,12.3,12.31,12.3,12.31,12000
471,12.3,12.33,12.26,12.31,132882
864,12.32,12.32,12.32,12.32,3919
865,12.3,12.385,12.28,12.385,12150
866,12.33,12.33,12.25,12.3,33001
867,12.275,12.38,12.275,12.33,11188
868,12.235,12.27,12.235,12.26,3710
869,12.29,12.29,12.22,12.235,5517
870,12.24,12.29,12.23,12.29,2100
871,12.31,12.32,12.25,12.25,4593
872,12.26,12.31,12.26,12.31,3098
873,12.255,12.263,12.25,12.26,5178
874,12.265,12.27,12.25,12.25,3000
875,12.27,12.33,12.26,12.26,16141
876,12.29,12.29,12.26,12.26,4700
877,12.28,12.29,12.26,12.29,10916
878,12.3,12.3,12.29,12.29,11531
879,12.29,12.3,12.29,12.3,3053
880,12.3,12.3,12.29,12.3,11500
881,12.29,12.3,12.28,12.3,9690
882,12.285,12.295,12.28,12.29,3583
883,12.29,12.3,12.28,12.285,19186
884,12.285,12.29,12.28,12.282,9281
885,12.27,12.29,12.22,12.285,22790
886,12.3,12.3,12.27,12.28,7786
887,12.31,12.31,12.26,12.3,32922
888,12.34,12.35,12.31,12.32,17115
889,12.33,12.345,12.32,12.34,6428
890,12.34,12.34,12.33,12.33,36923
891,12.37,12.37,12.34,12.34,7482
892,12.35,12.37,12.35,12.37,1669
893,12.37,12.375,12.33,12.37,7100
894,12.37,12.39,12.37,12.37,10738
895,12.34,12.37,12.34,12.37,1937
896,12.3,12.345,12.29,12.34,12236
897,12.27,12.3,12.27,12.29,12400
898,12.26,12.29,12.24,12.27,117063
899,12.26,12.27,12.24,12.26,67100
900,12.26,12.27,12.23,12.25,38257
901,12.265,12.27,12.25,12.26,18600
902,12.26,12.3,12.26,12.26,11367
903,12.29,12.31,12.26,12.27,86015
a1493731800,12.29,12.29,12.29,12.29,1041
1,12.31,12.37,12.27,12.3,17103
2,12.24,12.31,12.21,12.31,7249
3,12.265,12.28,12.23,12.25,3200
4,12.22,12.27,12.204,12.25,11231
5,12.2,12.24,12.2,12.228,2700
6,12.21,12.22,12.19,12.21,4900
7,12.2,12.22,12.16,12.21,8163
8,12.2,12.21,12.16,12.19,19300
9,12.235,12.255,12.21,12.21,26513
10,12.24,12.25,12.23,12.235,4750
11,12.26,12.26,12.235,12.24,5611
12,12.29,12.29,12.25,12.25,6500
13,12.275,12.28,12.255,12.28,16079
14,12.24,12.28,12.24,12.27,6792
15,12.215,12.22,12.21,12.21,4100
16,12.26,12.26,12.21,12.21,11205
17,12.24,12.26,12.24,12.26,5564
18,12.235,12.245,12.235,12.245,2000
19,12.24,12.24,12.215,12.23,6800
20,12.23,12.23,12.22,12.22,1800
21,12.25,12.26,12.22,12.22,11720
22,12.25,12.25,12.23,12.24,5737
23,12.22,12.24,12.21,12.23,3480
24,12.21,12.22,12.2,12.21,5401
25,12.19,12.205,12.19,12.2,3040
26,12.195,12.2,12.19,12.19,5654
27,12.16,12.19,12.155,12.19,6585
28,12.175,12.18,12.155,12.16,13980
29,12.15,12.18,12.15,12.18,11933
30,12.18,12.2,12.14,12.14,16791
31,12.17,12.19,12.17,12.18,4900
32,12.2,12.2,12.17,12.17,3800
33,12.2,12.2,12.17,12.19,2247
34,12.205,12.21,12.19,12.19,8032
35,12.19,12.205,12.185,12.205,3345
36,12.19,12.2,12.17,12.2,4964
37,12.21,12.21,12.185,12.185,4482
38,12.19,12.205,12.19,12.205,4300
39,12.22,12.24,12.19,12.195,117086
144,12.12,12.12,12.12,12.12,9546
145,12.09,12.17,12.05,12.17,5099
146,12.15,12.17,12.11,12.12,8817
147,12.21,12.23,12.15,12.15,3832
148,12.14,12.2,12.14,12.195,59470
149,12.17,12.19,12.1349,12.14,7298
150,12.175,12.18,12.16,12.165,5094
151,12.17,12.19,12.17,12.18,4900
152,12.145,12.165,12.14,12.16,2100
153,12.145,12.15,12.13,12.15,1500
154,12.155,12.16,12.12,12.15,4951
155,12.17,12.17,12.155,12.16,2000
156,12.18,12.195,12.17,12.17,2699
157,12.19,12.195,12.16,12.175,3411
158,12.19,12.2,12.19,12.19,900
159,12.18,12.19,12.18,12.19,2425
160,12.175,12.19,12.165,12.18,6385
161,12.16,12.17,12.14,12.17,1400
162,12.15,12.155,12.145,12.155,2100
163,12.15,12.16,12.14,12.15,3892
164,12.15,12.16,12.135,12.14,7499
165,12.185,12.185,12.145,12.15,6400
166,12.19,12.195,12.185,12.185,4200
167,12.185,12.19,12.185,12.19,600
168,12.17,12.185,12.16,12.185,4200
169,12.18,12.18,12.1507,12.17,2364
170,12.165,12.2,12.165,12.18,4500
171,12.175,12.18,12.165,12.165,1150
172,12.185,12.22,12.18,12.18,18143
173,12.14,12.18,12.14,12.17,8837
174,12.16,12.16,12.13,12.14,5200
175,12.17,12.18,12.14,12.15,9600
176,12.17,12.18,12.16,12.165,18953
177,12.17,12.2,12.17,12.18,7508
178,12.17,12.19,12.1665,12.1668,24497
179,12.18,12.18,12.155,12.16,7406
180,12.16,12.19,12.15,12.175,8390
181,12.19,12.19,12.15,12.155,9891
182,12.195,12.2,12.19,12.19,18404
183,12.19,12.2,12.185,12.19,43464
288,12.21,12.21,12.21,12.21,6386
289,12.195,12.21,12.17,12.21,16545
290,12.21,12.21,12.15,12.19,17834
291,12.21,12.24,12.18,12.2,47657
292,12.21,12.23,12.19,12.22,13800
293,12.23,12.245,12.2,12.21,24570
294,12.2,12.24,12.2,12.23,100543
295,12.21,12.22,12.2,12.22,14503
296,12.21,12.21,12.18,12.2,18519
297,12.21,12.22,12.19,12.21,10116
298,12.218,12.22,12.21,12.21,19737
299,12.19,12.21,12.18,12.21,7000
300,12.185,12.19,12.18,12.185,6502
301,12.2,12.21,12.18,12.19,14099
302,12.19,12.2,12.18,12.2,1800
303,12.18,12.2,12.16,12.19,7100
304,12.16,12.21,12.15,12.19,13431
305,12.16,12.16,12.14,12.155,10168
306,12.18,12.18,12.14,12.15,6172
307,12.155,12.18,12.15,12.17,2700
308,12.21,12.21,12.16,12.16,8363
309,12.19,12.2,12.19,12.2,4600
310,12.19,12.205,12.19,12.195,9100
311,12.18,12.19,12.17,12.185,3733
312,12.185,12.195,12.18,12.18,2700
313,12.1899,12.19,12.18,12.185,3374
314,12.21,12.21,12.17,12.185,30397
315,12.2,12.21,12.19,12.205,14759
316,12.2,12.21,12.19,12.2,8000
317,12.21,12.21,12.19,12.2,27507
318,12.2,12.21,12.19,12.205,6489
319,12.2,12.22,12.19,12.21,7542
320,12.21,12.22,12.19,12.2,11124
321,12.18,12.2,12.18,12.195,2306
322,12.19,12.2,12.17,12.185,6802
323,12.21,12.21,12.19,12.19,91909
324,12.21,12.22,12.2,12.21,12188
325,12.215,12.225,12.21,12.22,134824
326,12.2,12.22,12.19,12.21,21048
327,12.22,12.22,12.2,12.21,49451
432,12.13,12.21,12.13,12.21,1212
433,12.15,12.22,12.15,12.2,3100
434,12.16,12.2,12.12,12.18,3365
435,12.1,12.12,12.08,12.12,700
436,12.08,12.1,12.07,12.09,2809
437,12.09,12.1,12.07,12.08,2721
438,12.08,12.1,12.06,12.09,13474
439,12.07,12.09,12.04,12.09,12206
440,12.08,12.08,12.04,12.08,1910
441,12.07,12.08,12.06,12.08,3100
442,12.1,12.12,12.075,12.09,8527
443,12.11,12.12,12.09,12.11,3331
444,12.1,12.12,12.1,12.11,7415
445,12.11,12.13,12.09,12.09,7200
446,12.1,12.12,12.1,12.1,4967
447,12.11,12.13,12.104,12.12,1809
448,12.14,12.14,12.12,12.13,5126
449,12.1,12.14,12.1,12.14,782
450,12.07,12.09,12.07,12.09,3300
451,12.06,12.08,12.06,12.07,11207
452,12.09,12.09,12.06,12.07,3724
453,12.1,12.105,12.1,12.1,3800
454,12.11,12.11,12.09,12.1,1800
455,12.1,12.11,12.09,12.11,600
456,12.1,12.1,12.0942,12.1,1305
457,12.1,12.11,12.09,12.1,1100
458,12.095,12.1,12.09,12.1,997
459,12.09,12.1075,12.09,12.1,4500
460,12.07,12.095,12.07,12.09,6389
461,12.08,12.08,12.07,12.07,700
462,12.07,12.08,12.07,12.08,300
463,12.055,12.08,12.04,12.0701,6600
464,12.085,12.1,12.06,12.06,5950
465,12.071,12.075,12.06,12.075,1874
466,12.07,12.07,12.07,12.07,100
467,12.085,12.09,12.075,12.08,7174
468,12.08,12.0975,12.08,12.095,6678
469,12.12,12.12,12.08,12.09,8289
470,12.13,12.15,12.11,12.1132,26857
471,12.2,12.2,12.15,12.15,76582
864,12.16,12.16,12.16,12.16,2144
865,12.17,12.26,12.15,12.21,8773
866,12.17,12.18,12.15,12.16,700
867,12.155,12.18,12.15,12.17,500
868,12.15,12.18,12.15,12.17,2046
869,12.13,12.17,12.13,12.1548,3332
870,12.14,12.15,12.1,12.12,6400
871,12.11,12.14,12.105,12.12,4257
872,12.11,12.12,12.1,12.1,1800
873,12.0962,12.11,12.08,12.11,5059
874,12.1,12.12,12.09,12.11,7627
875,12.13,12.13,12.08,12.1,2681
876,12.12,12.12,12.1,12.12,2285
877,12.13,12.13,12.12,12.13,6720
878,12.13,12.13,12.12,12.13,4390
879,12.13,12.13,12.121,12.125,2697
880,12.13,12.14,12.125,12.13,7446
881,12.135,12.14,12.12,12.14,3640
882,12.13,12.14,12.12,12.14,3831
883,12.13,12.14,12.13,12.1399,6600
884,12.14,12.15,12.12,12.13,5041
885,12.15,12.16,12.14,12.15,11160
886,12.15,12.15,12.15,12.15,600
887,12.13,12.15,12.12,12.15,3011
888,12.11,12.135,12.11,12.13,1000
889,12.12,12.12,12.11,12.11,2400
890,12.13,12.14,12.12,12.12,21600
891,12.14,12.16,12.14,12.14,12706
892,12.14,12.15,12.14,12.15,1482
893,12.14,12.14,12.125,12.13,2464
894,12.14,12.14,12.12,12.14,1800
895,12.1,12.13,12.1,12.13,920
896,12.09,12.11,12.09,12.1,2605
897,12.0901,12.1,12.08,12.09,5309
898,12.09,12.1,12.07,12.095,3083
899,12.12,12.125,12.1,12.1,3737
900,12.11,12.12,12.1,12.12,3646
901,12.095,12.11,12.085,12.11,7629
902,12.1,12.11,12.08,12.09,49237
903,12.115,12.135,12.1,12.105,103940
a1494336600,12.12,12.12,12.12,12.12,1005
1,12.09,12.19,12.09,12.18,3292
2,12.1372,12.16,12.09,12.09,2494
3,12.14,12.18,12.13,12.14,15254
4,12.135,12.14,12.12,12.14,5736
5,12.13,12.135,12.11,12.13,7470
6,12.13,12.14,12.11,12.14,9200
7,12.1,12.14,12.1,12.13,4900
8,12.1,12.1,12.065,12.09,3300
9,12.1,12.1,12.06,12.09,4300
10,12.07,12.1,12.07,12.1,11500
11,12.03,12.08,12.029,12.08,8600
12,12,12.03,12,12.02,24738
13,12.02,12.05,12,12,11197
14,12.03,12.07,12.02,12.03,21880
15,12.1,12.1,12.05,12.05,1700
16,12.15,12.15,12.11,12.11,5422
17,12.13,12.15,12.12,12.15,8837
18,12.15,12.15,12.13,12.13,9167
19,12.13,12.15,12.13,12.15,2200
20,12.14,12.14,12.125,12.125,1400
21,12.11,12.15,12.11,12.15,1400
22,12.15,12.15,12.12,12.13,24150
23,12.13,12.15,12.11,12.14,7800
24,12.11,12.15,12.11,12.14,2010
25,12.11,12.12,12.1,12.11,1100
26,12.12,12.15,12.11,12.11,2500
27,12.13,12.14,12.12,12.12,1300
28,12.1,12.135,12.09,12.13,3100
29,12.15,12.15,12.1,12.1,2596
30,12.11,12.15,12.1,12.14,900
31,12.1,12.12,12.0901,12.11,1100
32,12.1,12.12,12.0855,12.11,6000
33,12.07,12.1,12.07,12.09,3200
34,12.08,12.1,12.08,12.09,4900
35,12.06,12.094,12.06,12.08,11600
36,12.055,12.065,12.05,12.06,59044
37,12,12.05,12,12.05,23593
38,12.0393,12.0393,11.99,12,28223
39,12.06,12.085,12.04,12.04,66696
144,12.04,12.04,12.04,12.04,3140
145,12.11,12.15,12.03,12.03,7198
146,12.13,12.15,12.09,12.1299,10876
147,12.14,12.15,12.09,12.1199,10710
148,12.14,12.1575,12.1208,12.1208,11804
149,12.12,12.15,12.11,12.15,6860
150,12.04,12.12,12.03,12.11,9587
151,12.01,12.04,11.99,12.0399,5800
152,12.005,12.04,11.98,11.99,12565
153,12.06,12.06,12,12,2200
154,12.08,12.11,12.06,12.06,6909
155,12.07,12.08,12.06,12.07,10100
156,12.14,12.14,12.07,12.08,16752
157,12.145,12.15,12.12,12.135,18028
158,12.13,12.15,12.13,12.15,12900
159,12.12,12.14,12.1,12.14,18600
160,12.14,12.15,12.12,12.12,8693
161,12.145,12.15,12.14,12.145,8140
162,12.15,12.15,12.14,12.145,6000
163,12.15,12.15,12.145,12.15,23312
164,12.15,12.15,12.145,12.15,6496
165,12.135,12.15,12.13,12.15,15200
166,12.14,12.17,12.135,12.14,41499
167,12.1399,12.14,12.135,12.14,53300
168,12.13,12.15,12.13,12.14,12400
169,12.14,12.14,12.13,12.135,4609
170,12.14,12.15,12.135,12.135,18229
171,12.1399,12.14,12.135,12.14,5221
172,12.14,12.14,12.11,12.135,6639
173,12.14,12.14,12.13,12.14,2700
174,12.1116,12.145,12.1,12.14,21666
175,12.13,12.14,12.115,12.115,12940
176,12.105,12.14,12.105,12.125,14379
177,12.12,12.125,12.1,12.1,58891
178,12.1,12.12,12.08,12.12,13300
179,12.07,12.12,12.06,12.1,21874
180,12.06,12.08,12.06,12.07,7550
181,12.1,12.1,12.05,12.07,19704
182,12.135,12.15,12.1,12.1,60515
183,12.15,12.16,12.12,12.135,81494
288,12.09,12.09,12.09,12.09,1567
289,12,12.06,12,12.05,3200
290,11.98,12.02,11.97,11.99,13367
291,11.98,12.0124,11.96,11.99,11462
292,11.95,11.99,11.91,11.99,12029
293,11.98,11.98,11.94,11.95,5435
294,11.92,11.96,11.87,11.96,10049
295,11.87,11.9026,11.84,11.88,8000
296,11.945,11.945,11.88,11.88,5925
297,11.97,11.97,11.92,11.94,8605
298,12.07,12.07,11.97,11.97,12119
299,12.1,12.11,12.09,12.09,6341
300,12.11,12.13,12.1,12.1,3500
301,12.05,12.115,12.05,12.11,5195
302,12.03,12.055,12.025,12.055,6600
303,12.06,12.06,12.025,12.03,2639
304,12.0546,12.08,12.0546,12.07,5935
305,12.05,12.05,12.04,12.05,2500
306,12.015,12.055,12.015,12.05,5550
307,12.03,12.04,12.02,12.02,2803
308,12.025,12.035,12.01,12.035,3300
309,11.98,12.01,11.98,12.01,2900
310,12.005,12.01,11.985,11.99,4100
311,12,12.005,11.99,12.005,5076
312,11.98,12.01,11.98,12.01,2495
313,11.98,11.995,11.98,11.99,1600
314,11.98,11.99,11.97,11.98,5603
315,12.02,12.02,11.99,11.99,2650
316,12,12.02,12,12.02,5700
317,12,12.01,11.99,12.01,31085
318,11.995,12.015,11.99,12,8851
319,12,12.01,11.985,11.99,8457
320,11.985,12,11.98,12,4633
321,11.98,11.99,11.95,11.99,6800
322,11.94,11.975,11.94,11.975,11353
323,11.92,11.93,11.9,11.93,39304
324,11.89,11.925,11.88,11.925,6700
325,11.9,11.92,11.88,11.895,19924
326,11.9,11.91,11.89,11.9,56963
327,11.88,11.91,11.87,11.905,73518
432,11.84,11.84,11.84,11.84,2247
433,11.71,11.855,11.695,11.8101,8612
434,11.7,11.8,11.64,11.71,37162
435,11.75,11.78,11.7,11.7,19998
436,11.75,11.84,11.75,11.75,12626
437,11.71,11.77,11.71,11.74,5300
438,11.75,11.76,11.7,11.7,7807
439,11.72,11.72,11.7,11.72,2000
440,11.66,11.73,11.66,11.72,10237
441,11.66,11.685,11.64,11.68,4610
442,11.72,11.73,11.65,11.65,12007
443,11.74,11.76,11.73,11.73,6856
444,11.725,11.74,11.71,11.73,2100
445,11.75,11.77,11.73,11.73,2753
446,11.8,11.8,11.75,11.75,10024
447,11.79,11.8,11.775,11.78,1495
448,11.78,11.79,11.76,11.78,2707
449,11.78,11.8,11.77,11.79,1200
450,11.84,11.84,11.8,11.8,2692
451,11.835,11.84,11.83,11.83,2600
452,11.83,11.85,11.83,11.83,7600
453,11.81,11.83,11.78,11.83,5100
454,11.77,11.8,11.76,11.8,5653
455,11.78,11.79,11.78,11.78,2100
456,11.79,11.79,11.77,11.77,1900
457,11.805,11.805,11.79,11.79,2490
458,11.78,11.81,11.78,11.81,1200
459,11.77,11.8,11.76,11.79,3300
460,11.77,11.78,11.76,11.78,1900
461,11.75,11.775,11.75,11.77,5200
462,11.73,11.74,11.72,11.74,4862
463,11.755,11.77,11.73,11.73,6547
464,11.74,11.76,11.74,11.75,11331
465,11.75,11.76,11.74,11.74,7637
466,11.74,11.76,11.71,11.76,12867
467,11.71,11.73,11.71,11.73,3600
468,11.69,11.71,11.69,11.7,5885
469,11.73,11.73,11.68,11.7,14917
470,11.74,11.76,11.72,11.755,14839
471,11.75,11.755,11.72,11.745,68698
864,11.76,11.76,11.76,11.76,3831
865,11.79,11.81,11.73,11.75,25582
866,11.75,11.79,11.75,11.77,3866
867,11.8,11.8,11.77,11.77,4193
868,11.8,11.8,11.765,11.8,8050
869,11.78,11.8,11.73,11.8,14541
870,11.79,11.8,11.78,11.78,13082
871,11.78,11.8,11.78,11.78,1394
872,11.79,11.8,11.7808,11.7808,5394
873,11.8,11.8,11.8,11.8,5800
874,11.8,11.81,11.79,11.8,27510
875,11.78,11.8,11.78,11.8,11720
876,11.8,11.805,11.78,11.78,10069
877,11.8,11.8,11.795,11.8,20322
878,11.77,11.8,11.77,11.8,5057
879,11.78,11.79,11.75,11.76,1700
880,11.79,11.8,11.79,11.79,3300
881,11.76,11.8,11.76,11.8,1500
882,11.74,11.78,11.74,11.76,7700
883,11.76,11.76,11.74,11.74,1121
884,11.78,11.78,11.75,11.76,2251
885,11.79,11.8,11.78,11.78,2100
886,11.77,11.78,11.77,11.78,1200
887,11.79,11.8,11.775,11.78,1662
888,11.79,11.79,11.78,11.79,2300
889,11.8,11.8,11.79,11.79,1600
890,11.78,11.8,11.78,11.8,900
891,11.79,11.79,11.78,11.78,6632
892,11.78,11.8,11.77,11.8,3900
893,11.76,11.78,11.75,11.78,7001
894,11.7,11.76,11.7,11.76,2900
895,11.71,11.72,11.7,11.7,1900
896,11.74,11.74,11.71,11.71,2225
897,11.71,11.74,11.71,11.74,5700
898,11.72,11.72,11.7,11.7,3871
899,11.69,11.72,11.68,11.72,9297
900,11.71,11.71,11.68,11.68,8638
901,11.73,11.74,11.7,11.7,17306
902,11.77,11.77,11.72,11.74,19835
903,11.77,11.77,11.75,11.76,80653
a1494941400,11.83,11.83,11.83,11.83,3240
1,11.721,11.82,11.72,11.82,9061
2,11.69,11.77,11.69,11.77,5140
3,11.68,11.72,11.66,11.69,7600
4,11.71,11.73,11.68,11.69,4964
5,11.72,11.73,11.71,11.72,3100
6,11.66,11.73,11.62,11.73,14203
7,11.62,11.66,11.61,11.66,3426
8,11.58,11.62,11.58,11.61,800
9,11.58,11.62,11.575,11.58,3300
10,11.63,11.63,11.555,11.57,2238
11,11.58,11.63,11.58,11.63,5600
12,11.62,11.64,11.57,11.58,2900
13,11.64,11.65,11.61,11.62,3500
14,11.69,11.69,11.64,11.64,3800
15,11.72,11.72,11.7,11.71,1200
16,11.68,11.73,11.68,11.71,1900
17,11.69,11.71,11.68,11.7,2400
18,11.7175,11.72,11.69,11.69,2000
19,11.68,11.71,11.68,11.71,6900
20,11.66,11.67,11.64,11.67,7232
21,11.68,11.685,11.66,11.66,1400
22,11.68,11.68,11.66,11.67,1400
23,11.69,11.69,11.68,11.68,3100
24,11.65,11.67,11.64,11.67,2377
25,11.7,11.7,11.66,11.66,905
26,11.67,11.7,11.65,11.7,8685
27,11.64,11.67,11.64,11.67,5700
28,11.65,11.66,11.64,11.64,16900
29,11.65,11.67,11.65,11.65,4900
30,11.65,11.66,11.64,11.65,3800
31,11.68,11.69,11.65,11.65,8300
32,11.7,11.7,11.67,11.67,2800
33,11.7,11.71,11.69,11.7,2498
34,11.72,11.72,11.7,11.7,1900
35,11.69,11.715,11.69,11.71,5618
36,11.72,11.72,11.69,11.69,6200
37,11.77,11.77,11.71,11.71,14190
38,11.77,11.775,11.76,11.76,14214
39,11.8,11.8,11.77,11.78,52741
144,11.61,11.61,11.61,11.61,3206
145,11.56,11.58,11.49,11.58,3700
146,11.59,11.62,11.56,11.57,9170
147,11.53,11.61,11.51,11.61,5809
148,11.48,11.52,11.46,11.52,1700
149,11.47,11.47,11.47,11.47,400
150,11.44,11.48,11.435,11.48,5100
151,11.4,11.48,11.39,11.45,4652
152,11.38,11.41,11.38,11.41,3944
153,11.34,11.38,11.32,11.38,1850
154,11.3,11.37,11.3,11.34,9953
155,11.35,11.35,11.29,11.29,4368
156,11.33,11.35,11.33,11.34,3988
157,11.33,11.33,11.28,11.31,7424
158,11.35,11.35,11.32,11.33,2300
159,11.34,11.35,11.34,11.35,642
160,11.33,11.34,11.33,11.34,2096
161,11.31,11.33,11.3,11.33,2000
162,11.26,11.29,11.25,11.29,2504
163,11.28,11.29,11.26,11.26,2245
164,11.3,11.3,11.27,11.29,3465
165,11.33,11.33,11.3,11.3,4863
166,11.31,11.3299,11.3,11.3299,2343
167,11.3,11.33,11.29,11.31,3953
168,11.29,11.29,11.27,11.28,800
169,11.28,11.3,11.28,11.29,2600
170,11.2781,11.28,11.25,11.26,5528
171,11.26,11.28,11.25,11.27,4125
172,11.25,11.26,11.25,11.26,4600
173,11.18,11.26,11.18,11.26,900
174,11.18,11.21,11.155,11.18,2318
175,11.23,11.23,11.2,11.2,4298
176,11.22,11.23,11.18,11.23,4932
177,11.28,11.295,11.21,11.21,5814
178,11.29,11.305,11.28,11.2899,3500
179,11.34,11.34,11.27,11.3,2100
180,11.35,11.38,11.34,11.34,7146
181,11.36,11.38,11.335,11.35,13392
182,11.34,11.38,11.33,11.37,5689
183,11.31,11.34,11.3,11.33,55934
288,11.25,11.25,11.25,11.25,205
289,11.42,11.42,11.36,11.36,800
290,11.33,11.36,11.33,11.33,4509
291,11.36,11.36,11.34,11.34,1100
292,11.35,11.38,11.35,11.38,4276
293,11.37,11.38,11.36,11.38,4800
294,11.34,11.37,11.33,11.34,19945
295,11.34,11.36,11.33,11.35,20027
296,11.34,11.34,11.32,11.32,2700
297,11.34,11.35,11.33,11.34,3600
298,11.36,11.36,11.34,11.35,12271
299,11.38,11.38,11.34,11.35,700
300,11.37,11.39,11.36,11.38,1800
301,11.33,11.37,11.33,11.37,2000
302,11.3,11.32,11.28,11.32,2500
303,11.31,11.35,11.3,11.32,2700
304,11.29,11.31,11.29,11.31,4700
305,11.33,11.33,11.3,11.3,1990
306,11.39,11.39,11.34,11.34,2186
307,11.36,11.4,11.36,11.4,1400
308,11.36,11.37,11.34,11.35,800
309,11.4,11.41,11.35,11.36,4300
310,11.4,11.42,11.4,11.41,800
311,11.38,11.39,11.38,11.39,1128
312,11.37,11.39,11.37,11.38,1400
313,11.38,11.38,11.36,11.37,1300
314,11.38,11.4,11.36,11.38,2700
315,11.38,11.38,11.35,11.36,3700
316,11.42,11.42,11.39,11.39,1900
317,11.38,11.4,11.38,11.4,1700
318,11.41,11.43,11.39,11.4,2511
319,11.415,11.43,11.415,11.43,549
320,11.39,11.41,11.39,11.4,4000
321,11.36,11.4,11.36,11.39,4800
322,11.37,11.39,11.36,11.36,5144
323,11.365,11.38,11.35,11.37,3800
324,11.39,11.4,11.37,11.37,14129
325,11.43,11.43,11.38,11.39,21805
326,11.48,11.51,11.41,11.425,42134
327,11.47,11.51,11.46,11.51,70782
432,11.44,11.44,11.44,11.44,12601
433,11.55,11.55,11.49,11.51,6819
434,11.55,11.55,11.5,11.53,4000
435,11.5,11.57,11.5,11.51,3700
436,11.49,11.49,11.47,11.48,1600
437,11.525,11.53,11.5,11.5,10900
438,11.56,11.56,11.51,11.51,15199
439,11.55,11.56,11.54,11.55,3261
440,11.55,11.55,11.54,11.54,4465
441,11.56,11.56,11.545,11.55,2154
442,11.6,11.605,11.565,11.57,14793
443,11.62,11.65,11.6,11.6,70753
444,11.59,11.63,11.59,11.62,13472
445,11.54,11.6,11.54,11.6,5422
446,11.55,11.57,11.53,11.57,11724
447,11.6,11.6,11.54,11.55,8455
448,11.56,11.6,11.56,11.6,6304
449,11.54,11.58,11.54,11.56,1100
450,11.565,11.57,11.54,11.54,800
451,11.59,11.59,11.56,11.565,1153
452,11.59,11.59,11.58,11.58,1700
453,11.59,11.6,11.59,11.59,3300
454,11.56,11.6,11.56,11.59,1100
455,11.55,11.59,11.55,11.56,700
456,11.56,11.58,11.55,11.55,1200
457,11.55,11.59,11.55,11.57,7578
458,11.57,11.57,11.54,11.54,2302
459,11.59,11.59,11.57,11.57,4900
460,11.55,11.6,11.55,11.59,7883
461,11.58,11.58,11.56,11.57,2400
462,11.58,11.58,11.55,11.58,4600
463,11.58,11.585,11.575,11.58,2483
464,11.59,11.6,11.58,11.58,11852
465,11.595,11.62,11.57,11.57,13400
466,11.545,11.6,11.545,11.6,6300
467,11.54,11.56,11.54,11.54,5167
468,11.515,11.54,11.51,11.54,6965
469,11.535,11.54,11.51,11.51,18435
470,11.54,11.54,11.52,11.53,11885
471,11.52,11.55,11.51,11.54,61897
864,11.54,11.54,11.54,11.54,484
865,11.57,11.57,11.57,11.57,100
866,11.58,11.58,11.56,11.56,1481
867,11.52,11.54,11.52,11.54,300
868,11.53,11.57,11.51,11.51,56752
869,11.5,11.52,11.49,11.51,4560
870,11.49,11.5,11.45,11.5,3722
871,11.46,11.52,11.43,11.49,9751
872,11.42,11.47,11.42,11.46,7203
873,11.39,11.42,11.39,11.42,1900
874,11.44,11.46,11.39,11.4,13163
875,11.5,11.51,11.45,11.45,6597
876,11.5,11.52,11.49,11.49,4100
877,11.52,11.53,11.52,11.53,5753
878,11.58,11.59,11.53,11.53,25502
879,11.61,11.61,11.57,11.57,2800
880,11.58,11.62,11.58,11.62,2000
881,11.63,11.63,11.61,11.61,400
882,11.59,11.64,11.59,11.62,2700
883,11.57,11.6,11.57,11.59,6177
884,11.56,11.6,11.56,11.57,3800
885,11.54,11.57,11.52,11.565,6765
886,11.541,11.56,11.53,11.55,3718
887,11.57,11.58,11.55,11.55,11801
888,11.57,11.57,11.56,11.56,3300
889,11.56,11.585,11.56,11.58,5100
890,11.57,11.57,11.57,11.57,400
891,11.56,11.59,11.56,11.57,7765
892,11.57,11.57,11.55,11.55,500
893,11.59,11.6,11.57,11.59,1480
894,11.58,11.59,11.56,11.59,13069
895,11.57,11.58,11.55,11.58,8031
896,11.59,11.59,11.57,11.58,400
897,11.58,11.6,11.58,11.59,1300
898,11.59,11.59,11.58,11.59,738
899,11.57,11.59,11.57,11.59,1894
900,11.57,11.59,11.57,11.57,20533
901,11.57,11.58,11.56,11.565,49080
902,11.57,11.58,11.56,11.57,10500
903,11.56,11.57,11.55,11.57,28290
a1495546200,11.58,11.58,11.58,11.58,1179
1,11.49,11.59,11.49,11.59,900
2,11.5,11.5,11.5,11.5,1700
3,11.5,11.5,11.49,11.49,800
4,11.48,11.51,11.47,11.5,9440
5,11.46,11.49,11.43,11.47,2200
6,11.5,11.5,11.45,11.48,1500
7,11.55,11.57,11.5,11.53,2701
8,11.57,11.57,11.54,11.56,3200
9,11.6,11.62,11.57,11.57,3366
10,11.6,11.6,11.58,11.59,4806
11,11.59,11.6,11.59,11.6,1000
12,11.65,11.65,11.6,11.6,800
13,11.65,11.67,11.65,11.65,500
14,11.67,11.67,11.66,11.66,200
15,11.68,11.69,11.67,11.68,1585
16,11.68,11.68,11.65,11.67,10840
17,11.69,11.69,11.68,11.68,6700
18,11.655,11.69,11.64,11.68,1900
19,11.63,11.64,11.63,11.63,757
20,11.62,11.63,11.62,11.63,500
21,11.58,11.59,11.58,11.59,1900
22,11.61,11.61,11.57,11.5774,1712
23,11.63,11.63,11.61,11.61,700
24,11.6289,11.63,11.61,11.61,2800
25,11.61,11.61,11.6,11.6,600
26,11.6163,11.63,11.6163,11.63,1200
27,11.623,11.63,11.61,11.62,1467
28,11.64,11.64,11.62,11.64,1600
29,11.64,11.64,11.63,11.63,500
30,11.65,11.65,11.63,11.63,2099
31,11.69,11.69,11.65,11.66,1200
32,11.72,11.72,11.7,11.7,2200
33,11.73,11.73,11.72,11.72,1827
34,11.72,11.72,11.69,11.72,3500
35,11.715,11.73,11.71,11.72,3107
36,11.68,11.71,11.68,11.71,1200
37,11.69,11.69,11.67,11.68,5583
38,11.68,11.7,11.68,11.69,7200
39,11.71,11.715,11.69,11.7,28631
144,11.71,11.71,11.71,11.71,167
145,11.65,11.68,11.63,11.63,1100
146,11.66,11.7,11.66,11.67,1447
147,11.67,11.71,11.66,11.66,1572
148,11.64,11.67,11.64,11.67,1300
149,11.625,11.66,11.6,11.66,1732
150,11.66,11.68,11.62,11.6201,2405
151,11.66,11.68,11.65,11.68,700
152,11.64,11.66,11.62,11.65,2488
153,11.65,11.66,11.64,11.64,5129
154,11.64,11.66,11.63,11.645,1458
155,11.64,11.65,11.63,11.64,1345
156,11.67,11.68,11.64,11.64,5200
157,11.71,11.71,11.67,11.68,1700
158,11.69,11.7,11.68,11.68,958
159,11.59,11.65,11.55,11.65,4843
160,11.63,11.65,11.59,11.59,800
161,11.62,11.63,11.62,11.63,1790
162,11.67,11.67,11.64,11.64,1609
163,11.63,11.67,11.63,11.66,900
164,11.61,11.64,11.61,11.63,1700
165,11.62,11.6201,11.6,11.61,2900
166,11.59,11.62,11.57,11.62,4000
167,11.56,11.59,11.555,11.58,1999
168,11.59,11.59,11.54,11.555,7630
169,11.58,11.59,11.58,11.59,2728
170,11.6,11.6,11.58,11.585,2100
171,11.61,11.62,11.5901,11.5901,1200
172,11.6,11.61,11.55,11.6,3781
173,11.6001,11.62,11.5801,11.5801,400
174,11.6,11.6,11.5901,11.6,700
175,11.61,11.62,11.6,11.62,1300
176,11.6,11.6,11.57,11.6,1500
177,11.62,11.62,11.59,11.61,2871
178,11.57,11.61,11.57,11.61,1300
179,11.58,11.59,11.57,11.57,1698
180,11.59,11.61,11.57,11.57,3212
181,11.625,11.63,11.6,11.61,3835
182,11.65,11.65,11.62,11.62,3415
183,11.65,11.67,11.64,11.65,28026
288,11.7,11.7,11.7,11.7,1282
289,11.64,11.74,11.64,11.69,9794
290,11.67,11.715,11.62,11.66,20415
291,11.68,11.72,11.68,11.72,1100
292,11.69,11.7,11.65,11.68,6652
293,11.68,11.73,11.68,11.71,2675
294,11.71,11.71,11.66,11.68,4782
295,11.7,11.72,11.7,11.71,6097
296,11.73,11.73,11.71,11.71,600
297,11.67,11.71,11.67,11.71,3100
298,11.66,11.67,11.64,11.64,11197
299,11.66,11.685,11.65,11.68,7650
300,11.65,11.67,11.6201,11.67,3490
301,11.58,11.65,11.58,11.65,900
302,11.58,11.58,11.58,11.58,100
303,11.56,11.58,11.56,11.56,300
304,11.59,11.59,11.57,11.57,300
305,11.57,11.6,11.56,11.59,1400
306,11.62,11.62,11.59,11.59,762
307,11.62,11.63,11.61,11.61,700
308,11.59,11.63,11.59,11.63,5200
309,11.6,11.6,11.58,11.59,900
311,11.54,11.58,11.53,11.58,7000
312,11.55,11.5575,11.54,11.54,1500
313,11.51,11.535,11.51,11.535,300
314,11.54,11.54,11.52,11.52,1718
315,11.54,11.54,11.52,11.54,2000
316,11.515,11.54,11.51,11.52,13190
317,11.52,11.525,11.51,11.52,1800
318,11.535,11.54,11.52,11.52,3465
319,11.515,11.53,11.51,11.53,9100
320,11.53,11.53,11.495,11.52,21112
321,11.545,11.545,11.52,11.52,3100
322,11.57,11.57,11.54,11.54,1500
323,11.56,11.565,11.55,11.56,1626
324,11.57,11.57,11.54,11.54,5940
325,11.62,11.62,11.57,11.575,2750
326,11.62,11.63,11.605,11.625,9493
327,11.58,11.62,11.58,11.62,25330
432,11.57,11.57,11.57,11.57,457
433,11.6,11.6,11.54,11.6,3400
434,11.56,11.56,11.54,11.56,1158
435,11.57,11.62,11.54,11.54,600
436,11.56,11.5928,11.55,11.5928,4731
437,11.51,11.52,11.5,11.5,25139
438,11.51,11.52,11.5,11.5,13300
439,11.5298,11.54,11.52,11.52,1251
440,11.55,11.55,11.53,11.53,400
441,11.55,11.55,11.54,11.54,700
442,11.62,11.62,11.55,11.56,8883
443,11.61,11.62,11.61,11.61,300
444,11.62,11.62,11.61,11.61,1407
445,11.59,11.61,11.59,11.61,700
446,11.59,11.6,11.59,11.6,300
447,11.6,11.61,11.6,11.61,400
448,11.61,11.61,11.6,11.6,600
449,11.645,11.645,11.62,11.62,1000
450,11.65,11.65,11.65,11.65,300
451,11.66,11.66,11.64,11.64,6324
452,11.68,11.68,11.65,11.65,3800
453,11.65,11.68,11.65,11.66,5701
454,11.64,11.64,11.63,11.64,300
455,11.66,11.66,11.65,11.65,400
456,11.62,11.65,11.62,11.65,300
457,11.61,11.6217,11.61,11.6217,1600
458,11.62,11.63,11.62,11.63,600
459,11.63,11.63,11.61,11.63,400
460,11.61,11.615,11.61,11.61,3000
461,11.5801,11.63,11.5801,11.63,1000
462,11.6,11.6,11.5901,11.6,1600
463,11.5601,11.5801,11.5601,11.5801,1100
464,11.56,11.57,11.5501,11.56,1688
465,11.5501,11.565,11.5501,11.5601,3010
466,11.59,11.6,11.56,11.56,6472
467,11.5901,11.61,11.5701,11.5701,1200
468,11.61,11.61,11.59,11.59,1400
469,11.61,11.63,11.61,11.6101,4194
470,11.6,11.625,11.57,11.6001,21519
471,11.6,11.6,11.56,11.6,54902
a1496151000,11.54,11.54,11.54,11.54,325
1,11.5,11.54,11.5,11.54,596
2,11.54,11.54,11.54,11.54,700
3,11.5,11.52,11.48,11.52,800
4,11.42,11.45,11.42,11.45,33550
5,11.39,11.42,11.37,11.42,3200
6,11.34,11.39,11.34,11.39,7026
7,11.42,11.42,11.345,11.345,600
8,11.4201,11.44,11.42,11.43,1700
9,11.43,11.45,11.43,11.43,2105
10,11.47,11.475,11.45,11.45,2100
11,11.46,11.46,11.44,11.46,3781
12,11.45,11.49,11.45,11.47,3399
13,11.47,11.47,11.46,11.46,955
14,11.46,11.475,11.44,11.47,4089
15,11.48,11.48,11.469,11.47,2000
16,11.48,11.48,11.47,11.47,2600
17,11.47,11.475,11.46,11.46,776
18,11.47,11.49,11.47,11.48,2100
19,11.47,11.49,11.47,11.49,7400
20,11.46,11.46,11.45,11.45,700
21,11.46,11.47,11.45,11.45,1500
22,11.465,11.47,11.46,11.46,700
23,11.47,11.47,11.47,11.47,1300
24,11.47,11.47,11.46,11.46,1527
25,11.49,11.51,11.46,11.46,10999
26,11.47,11.5,11.47,11.49,2700
27,11.46,11.48,11.43,11.475,14978
28,11.45,11.46,11.44,11.46,1966
29,11.45,11.46,11.43,11.45,1980
30,11.49,11.49,11.45,11.46,10004
31,11.49,11.5,11.47,11.48,5358
32,11.51,11.51,11.48,11.48,2600
33,11.57,11.57,11.51,11.51,10349
34,11.58,11.59,11.57,11.57,5906
35,11.585,11.59,11.58,11.585,3200
36,11.6,11.6,11.585,11.585,3239
37,11.61,11.62,11.595,11.595,6358
38,11.63,11.64,11.61,11.61,9762
39,11.65,11.65,11.635,11.645,70766
144,11.71,11.71,11.71,11.71,668
145,11.65,11.71,11.65,11.7,3500
146,11.55,11.63,11.55,11.63,368
147,11.53,11.55,11.52,11.54,1430
148,11.45,11.5,11.44,11.5,10348
149,11.48,11.48,11.48,11.48,200
150,11.47,11.5,11.47,11.5,700
151,11.49,11.51,11.49,11.5,1571
152,11.52,11.52,11.52,11.52,200
153,11.52,11.55,11.51,11.52,5799
154,11.52,11.54,11.52,11.54,1885
155,11.51,11.53,11.495,11.52,2900
156,11.52,11.55,11.51,11.51,6329
157,11.5,11.52,11.48,11.52,6713
158,11.5,11.5,11.495,11.5,3000
159,11.52,11.53,11.5101,11.5101,2100
160,11.54,11.54,11.51,11.52,4151
161,11.54,11.54,11.53,11.54,1200
162,11.55,11.55,11.53,11.53,2248
163,11.59,11.59,11.54,11.545,3600
164,11.6,11.6,11.57,11.59,3038
165,11.6,11.6,11.585,11.59,826
166,11.59,11.6,11.58,11.59,1445
167,11.6,11.61,11.59,11.59,1395
168,11.585,11.6,11.585,11.6,800
169,11.6,11.605,11.59,11.59,2628
170,11.58,11.6,11.57,11.6,4534
171,11.58,11.58,11.56,11.57,3243
172,11.58,11.59,11.57,11.575,3400
173,11.59,11.59,11.56,11.57,15156
174,11.6,11.605,11.59,11.59,3000
175,11.61,11.62,11.59,11.6,3912
176,11.62,11.62,11.59,11.61,4661
177,11.59,11.61,11.59,11.61,3300
178,11.58,11.6,11.58,11.58,9569
179,11.58,11.58,11.57,11.58,2900
180,11.605,11.61,11.585,11.585,4600
181,11.6,11.62,11.595,11.61,6297
182,11.65,11.68,11.59,11.6,52481
183,11.61,11.67,11.59,11.67,214329
288,11.66,11.66,11.66,11.66,216
289,11.61,11.67,11.61,11.67,1700
290,11.61,11.61,11.6,11.6,647
291,11.57,11.62,11.57,11.62,1600
292,11.54,11.59,11.54,11.59,1803
293,11.62,11.62,11.53,11.53,4300
294,11.63,11.64,11.62,11.63,900
295,11.61,11.62,11.57,11.62,2200
296,11.56,11.605,11.56,11.6,1940
297,11.59,11.59,11.56,11.56,1100
298,11.58,11.6,11.57,11.59,1350
299,11.58,11.6,11.58,11.58,700
300,11.59,11.59,11.58,11.58,200
301,11.58,11.59,11.57,11.59,1000
302,11.6,11.6,11.58,11.58,2450
303,11.66,11.68,11.62,11.62,2620
304,11.65,11.67,11.65,11.67,2000
305,11.68,11.68,11.65,11.65,5696
306,11.66,11.68,11.66,11.68,1700
307,11.65,11.65,11.65,11.65,2957
308,11.66,11.66,11.6339,11.64,5306
309,11.67,11.67,11.655,11.66,2130
310,11.68,11.7,11.66,11.67,5200
311,11.71,11.71,11.6899,11.6899,1452
312,11.69,11.71,11.69,11.7,1700
313,11.7125,11.7125,11.69,11.69,2500
314,11.69,11.72,11.69,11.706,13025
315,11.69,11.69,11.69,11.69,1300
316,11.7,11.7,11.67,11.68,8839
317,11.7,11.7,11.7,11.7,500
318,11.72,11.73,11.7,11.7,4500
319,11.71,11.725,11.71,11.725,2100
320,11.73,11.76,11.71,11.71,4900
321,11.71,11.74,11.71,11.74,4961
322,11.69,11.72,11.69,11.71,5591
323,11.75,11.75,11.69,11.69,10665
324,11.69,11.745,11.69,11.74,5599
325,11.72,11.72,11.69,11.695,7002
326,11.77,11.78,11.73,11.73,15561
327,11.8,11.815,11.765,11.77,49546
432,11.8,11.8,11.8,11.8,3027
433,11.85,11.9,11.77,11.77,6262
434,11.78,11.82,11.77,11.82,3800
435,11.82,11.82,11.79,11.79,1600
436,11.82,11.83,11.7888,11.81,1700
437,11.85,11.85,11.83,11.83,700
438,11.8,11.87,11.8,11.85,5301
439,11.82,11.86,11.81,11.81,6170
440,11.88,11.88,11.82,11.85,10154
441,11.93,11.94,11.88,11.88,5700
442,11.8899,11.94,11.87,11.93,4607
443,11.86,11.89,11.86,11.89,700
444,11.87,11.87,11.83,11.84,2100
445,11.87,11.89,11.85,11.87,3500
446,11.97,11.97,11.88,11.89,4815
447,12.02,12.03,11.98,11.98,10507
448,11.99,12.03,11.97,12.03,1500
449,12.01,12.01,11.98,11.98,500
450,11.995,12.01,11.99,12,800
451,11.965,12.01,11.95,12,1900
452,11.95,11.965,11.92,11.95,2821
453,11.95,11.98,11.95,11.95,1900
454,11.95,11.95,11.92,11.94,6600
455,11.91,11.9425,11.91,11.94,4063
456,11.89,11.92,11.89,11.91,1300
457,11.9,11.93,11.895,11.9,2596
458,11.89,11.93,11.89,11.9,1400
459,11.84,11.9,11.84,11.89,2931
460,11.8501,11.86,11.84,11.84,1900
461,11.91,11.91,11.85,11.85,4580
462,11.87,11.92,11.87,11.91,3419
463,11.85,11.89,11.85,11.86,8403
464,11.82,11.86,11.82,11.86,2577
465,11.86,11.87,11.84,11.84,3100
466,11.9,11.9,11.859,11.859,4278
467,11.88,11.9,11.85,11.9,4779
468,11.88,11.898,11.875,11.875,4728
469,11.87,11.89,11.86,11.88,8637
470,11.82,11.88,11.81,11.88,9603
471,11.8,11.83,11.79,11.83,25522
864,11.89,11.89,11.89,11.89,2800
865,11.91,11.91,11.83,11.86,1100
866,11.83,11.885,11.81,11.885,4800
867,11.82,11.84,11.78,11.84,700
868,11.83,11.86,11.83,11.83,900
869,11.8,11.82,11.8,11.8,600
870,11.82,11.83,11.8,11.82,1400
871,11.8,11.83,11.79,11.82,6750
872,11.83,11.83,11.7979,11.81,2352
873,11.84,11.84,11.82,11.84,620
874,11.81,11.84,11.79,11.83,1700
875,11.83,11.83,11.8,11.815,895
876,11.81,11.82,11.81,11.81,400
877,11.78,11.82,11.78,11.81,1159
878,11.74,11.78,11.74,11.77,700
879,11.77,11.77,11.72,11.72,3989
880,11.78,11.79,11.75,11.77,1600
881,11.77,11.79,11.77,11.79,900
882,11.75,11.78,11.74,11.75,1900
883,11.75,11.75,11.74,11.745,2000
884,11.75,11.75,11.74,11.74,1500
885,11.83,11.83,11.74,11.74,4716
886,11.82,11.83,11.81,11.83,1699
887,11.82,11.82,11.8,11.8,1000
888,11.78,11.8,11.77,11.8,1291
889,11.76,11.77,11.75,11.77,1500
890,11.75,11.76,11.75,11.76,300
891,11.78,11.78,11.77,11.77,1100
892,11.81,11.82,11.78,11.78,2252
893,11.82,11.82,11.82,11.82,1700
894,11.84,11.85,11.82,11.825,5500
895,11.85,11.86,11.84,11.85,2200
896,11.9,11.9,11.86,11.86,1899
897,11.88,11.9,11.86,11.9,4236
898,11.81,11.87,11.81,11.87,3800
899,11.81,11.83,11.79,11.825,1800
900,11.79,11.82,11.78,11.82,4001
901,11.78,11.805,11.77,11.8,3600
902,11.75,11.775,11.73,11.775,5850
903,11.72,11.75,11.705,11.75,22918
a1496755800,11.61,11.61,11.61,11.61,845
1,11.61,11.68,11.61,11.68,1268
2,11.64,11.66,11.59,11.59,6684
3,11.61,11.64,11.61,11.64,200
4,11.63,11.63,11.63,11.63,100
5,11.66,11.66,11.63,11.63,500
6,11.65,11.65,11.62,11.63,700
7,11.63,11.66,11.615,11.66,1164
8,11.62,11.64,11.62,11.63,800
9,11.6,11.6175,11.59,11.6175,600
10,11.54,11.58,11.53,11.58,3998
11,11.55,11.565,11.55,11.555,1000
12,11.5571,11.575,11.55,11.57,3957
13,11.57,11.57,11.56,11.56,1200
14,11.58,11.59,11.57,11.58,2352
15,11.54,11.59,11.54,11.59,3157
16,11.58,11.59,11.5425,11.5425,1828
17,11.56,11.61,11.56,11.58,3221
18,11.59,11.59,11.56,11.59,300
19,11.57,11.57,11.56,11.56,200
20,11.57,11.58,11.57,11.57,1300
21,11.59,11.59,11.59,11.59,100
22,11.58,11.59,11.58,11.59,1700
23,11.56,11.57,11.56,11.57,200
24,11.57,11.57,11.56,11.56,700
25,11.55,11.55,11.55,11.55,100
26,11.55,11.58,11.55,11.58,700
27,11.59,11.59,11.56,11.56,1700
28,11.61,11.61,11.59,11.6,1200
29,11.61,11.63,11.61,11.63,1002
30,11.625,11.63,11.625,11.63,200
31,11.7,11.7,11.65,11.65,700
32,11.7,11.7,11.65,11.67,3113
33,11.665,11.7,11.665,11.68,1100
34,11.66,11.66,11.65,11.66,1300
35,11.64,11.67,11.64,11.64,2500
36,11.67,11.69,11.66,11.67,2129
37,11.65,11.68,11.64,11.68,5000
38,11.63,11.66,11.63,11.66,4326
39,11.63,11.65,11.61,11.635,19190
144,11.69,11.69,11.69,11.69,547
145,11.64,11.64,11.64,11.64,400
146,11.69,11.69,11.64,11.64,600
147,11.69,11.69,11.68,11.68,200
148,11.64,11.71,11.64,11.71,4485
149,11.69,11.73,11.65,11.65,1118
150,11.71,11.71,11.71,11.71,200
151,11.64,11.68,11.61,11.68,9959
152,11.67,11.68,11.64,11.64,2024
153,11.67,11.7,11.66,11.68,4157
154,11.66,11.68,11.66,11.67,1200
155,11.69,11.69,11.67,11.68,1214
156,11.65,11.67,11.65,11.67,1450
158,11.69,11.69,11.66,11.69,2644
159,11.72,11.73,11.69,11.69,1537
160,11.72,11.74,11.7,11.71,2680
161,11.74,11.74,11.72,11.72,660
162,11.75,11.77,11.74,11.74,4980
163,11.71,11.74,11.7,11.74,1300
164,11.7,11.71,11.66,11.68,7029
165,11.68,11.68,11.66,11.68,2145
166,11.66,11.71,11.66,11.67,1894
167,11.69,11.69,11.69,11.69,100
168,11.7,11.7,11.67,11.67,800
169,11.64,11.7,11.64,11.7,3100
170,11.67,11.67,11.62,11.65,1000
171,11.685,11.69,11.6501,11.665,2294
172,11.72,11.72,11.68,11.68,1800
173,11.68,11.7,11.68,11.7,1100
174,11.663,11.68,11.663,11.68,632
175,11.67,11.7,11.67,11.69,1900
176,11.7,11.7,11.67,11.67,2700
177,11.68,11.7,11.68,11.7,1600
178,11.66,11.67,11.66,11.67,2000
179,11.67,11.67,11.66,11.67,3100
180,11.7,11.7,11.68,11.68,1110
181,11.65,11.7,11.65,11.7,2100
182,11.69,11.7,11.64,11.66,3300
183,11.69,11.7,11.67,11.7,19302
288,11.7,11.7,11.7,11.7,202
289,11.71,11.71,11.71,11.71,1700
290,11.75,11.75,11.71,11.72,3381
291,11.85,11.85,11.75,11.75,1100
292,11.86,11.86,11.85,11.86,1900
293,11.93,11.93,11.8652,11.87,4312
294,11.87,11.93,11.87,11.93,5000
295,11.87,11.944,11.87,11.91,3506
296,11.934,11.934,11.88,11.91,800
297,11.9,11.93,11.89,11.925,1214
298,11.89,11.91,11.88,11.9,3449
299,11.89,11.92,11.88,11.89,2272
300,11.94,11.94,11.91,11.91,900
301,11.92,11.96,11.91,11.91,2000
302,11.92,11.95,11.92,11.94,1500
303,11.88,11.94,11.86,11.93,14348
304,11.91,11.91,11.86,11.86,700
305,11.9,11.93,11.89,11.91,10996
306,11.91,11.93,11.9,11.9,1500
307,11.93,11.95,11.92,11.92,1853
308,11.97,11.97,11.93,11.93,1000
309,12.027,12.03,11.96,11.99,6743
310,12.038,12.04,12,12.03,3527
311,12.08,12.08,12.01,12.02,7687
312,12.03,12.07,12.03,12.07,1200
313,12.03,12.07,12.01,12.03,1500
314,12.025,12.05,12,12.02,5148
315,12.02,12.03,12.01,12.01,3000
316,12,12.03,12,12.02,4150
317,11.97,12.01,11.97,12.01,850
318,11.945,11.99,11.945,11.99,2600
319,11.95,11.99,11.92,11.93,3100
320,11.94,11.955,11.94,11.95,1900
321,11.94,11.97,11.94,11.95,15989
322,11.965,11.99,11.945,11.95,12003
323,11.96,11.965,11.95,11.96,1650
324,11.9292,11.96,11.91,11.96,8141
325,11.9,11.92,11.89,11.92,6314
326,11.91,11.91,11.89,11.9,6004
327,11.86,11.915,11.85,11.915,46634
432,11.95,11.95,11.95,11.95,1000
433,12.02,12.04,11.952,11.96,18716
434,12.04,12.04,12.01,12.03,1000
435,12.09,12.12,12.01,12.045,4500
436,12.12,12.12,12.07,12.07,3887
437,12.12,12.16,12.1,12.16,5350
438,12.16,12.16,12.09,12.12,4500
439,12.19,12.19,12.13,12.16,3200
440,12.225,12.25,12.16,12.17,9569
441,12.215,12.25,12.2,12.24,4825
442,12.19,12.23,12.19,12.21,3600
443,12.19,12.2,12.15,12.17,3613
444,12.2,12.2,12.18,12.18,3000
445,12.19,12.21,12.17,12.2,3398
446,12.19,12.21,12.19,12.19,4300
447,12.18,12.2,12.17,12.2,4400
448,12.16,12.18,12.15,12.18,13882
449,12.17,12.18,12.15,12.16,29582
450,12.15,12.17,12.12,12.17,7656
451,12.17,12.18,12.15,12.16,24861
452,12.165,12.18,12.15,12.17,20813
453,12.16,12.16,12.15,12.16,14024
454,12.155,12.17,12.15,12.16,43550
455,12.16,12.16,12.14,12.155,7563
456,12.19,12.19,12.16,12.16,6395
457,12.2,12.205,12.18,12.19,6520
458,12.16,12.19,12.16,12.17,12300
459,12.15,12.155,12.13,12.15,4500
460,12.17,12.18,12.13,12.15,5100
461,12.2,12.21,12.18,12.18,2400
462,12.21,12.23,12.2,12.2,3800
463,12.2,12.22,12.18,12.22,3300
464,12.16,12.2,12.15,12.2,6500
465,12.18,12.19,12.13,12.15,1942
466,12.17,12.205,12.16,12.18,2400
467,12.2,12.2,12.18,12.19,4852
468,12.21,12.21,12.18,12.2,2900
469,12.19,12.21,12.18,12.21,4391
470,12.21,12.22,12.18,12.2,9290
471,12.23,12.24,12.2,12.22,42464
864,12.23,12.23,12.23,12.23,832
865,12.28,12.31,12.23,12.23,6450
866,12.25,12.29,12.24,12.29,32167
867,12.25,12.27,12.22,12.27,6736
868,12.23,12.28,12.22,12.232,33616
869,12.24,12.26,12.22,12.25,6772
870,12.23,12.24,12.19,12.24,11820
871,12.23,12.23,12.182,12.21,2200
872,12.24,12.25,12.2,12.24,6250
873,12.24,12.25,12.24,12.24,2070
874,12.19,12.25,12.19,12.245,18806
875,12.12,12.22,12.11,12.19,4900
876,11.98,12.09,11.98,12.09,10865
877,11.905,11.98,11.89,11.98,10264
878,11.885,11.89,11.84,11.89,4500
879,11.95,11.95,11.89,11.89,5800
880,11.92,11.95,11.89,11.95,3200
881,11.94,11.94,11.91,11.91,3500
882,11.95,11.95,11.93,11.945,2550
883,11.94,11.9799,11.93,11.962,2400
884,11.94,11.94,11.91,11.94,2100
885,11.87,11.93,11.87,11.93,5100
886,11.91,11.91,11.86,11.865,9400
887,11.9,11.91,11.9,11.91,1400
888,11.92,11.935,11.89,11.895,2700
889,11.94,11.94,11.915,11.915,1475
890,11.95,11.96,11.95,11.95,800
891,11.93,11.95,11.93,11.95,2600
892,11.91,11.94,11.9,11.93,3892
893,11.88,11.91,11.88,11.91,3765
894,11.89,11.89,11.85,11.88,4738
895,11.905,11.91,11.87,11.9,15575
896,11.94,11.96,11.9,11.9,11010
897,11.94,11.94,11.92,11.93,3500
898,11.96,11.99,11.93,11.93,4909
899,11.98,12,11.97,11.97,13740
900,11.96,11.99,11.94,11.98,8710
901,11.98,11.99,11.94,11.96,9948
902,11.99,12,11.965,11.98,13723
903,12.02,12.03,11.97,11.99,48412
a1497360600,11.99,11.99,11.99,11.99,5794
1,12.12,12.16,12.1,12.1,3200
2,12.03,12.08,12.02,12.06,1300
3,12.08,12.08,12.01,12.01,6734
4,12.13,12.13,12.08,12.08,3400
5,12.15,12.15,12.13,12.13,800
6,12.19,12.19,12.15,12.15,1829
7,12.1,12.2,12.1,12.2,7218
8,12.15,12.15,12.09,12.09,1203
9,12.135,12.16,12.1,12.14,4022
10,12.16,12.17,12.12,12.13,9669
11,12.1298,12.18,12.1298,12.15,5192
12,12.13,12.13,12.12,12.12,900
13,12.135,12.16,12.11,12.16,14084
14,12.05,12.135,12.05,12.135,15355
15,12.07,12.09,12.05,12.07,3800
16,12.06,12.07,12.05,12.07,2200
17,12.04,12.08,12.04,12.07,7936
18,12.055,12.06,12.04,12.06,1900
19,12.06,12.08,12.055,12.06,8700
20,12.065,12.07,12.06,12.06,2600
21,12.06,12.07,12.06,12.065,2600
22,12.05,12.06,12.05,12.06,16130
23,12.05,12.06,12.05,12.06,5300
24,12.05,12.05,12.03,12.045,6204
25,12.06,12.06,12.045,12.05,8500
26,12.06,12.06,12.045,12.055,8605
27,12.065,12.065,12.06,12.06,1100
28,12.05,12.065,12.04,12.065,10714
29,12.05,12.06,12.04,12.05,3900
30,12.04,12.05,12.04,12.05,3800
31,12.07,12.07,12.04,12.04,28399
32,12.07,12.075,12.063,12.07,5402
33,12.05,12.07,12.03,12.07,3941
34,12.04,12.07,12.04,12.05,2900
35,12.03,12.05,12.02,12.04,10792
36,12.06,12.07,12.03,12.0359,10724
37,12.03,12.06,12.02,12.06,11965
38,12.03,12.05,12.025,12.03,14572
39,12.06,12.06,12.02,12.04,41228
144,11.99,11.99,11.99,11.99,878
145,11.9,12.06,11.9,12.06,3014
146,11.98,11.98,11.92,11.92,6400
147,11.97,11.97,11.97,11.97,800
148,12.02,12.03,11.98,11.98,4007
149,12.07,12.09,12.04,12.05,5000
150,12.05,12.08,12.05,12.08,1090
151,12.02,12.05,12,12.05,4481
152,12.04,12.04,12.01,12.01,2464
153,12.03,12.05,12.02,12.04,4500
154,11.99,12.04,11.96,12.04,10500
155,11.92,11.96,11.92,11.96,10700
156,11.97,11.98,11.93,11.94,13530
157,11.95,11.96,11.95,11.96,1700
158,11.92,11.94,11.92,11.94,1900
159,11.89,11.94,11.88,11.93,2000
160,11.86,11.88,11.86,11.88,4100
161,11.91,11.91,11.86,11.86,2249
162,11.91,11.94,11.88,11.91,5600
163,11.945,11.945,11.91,11.915,4300
164,11.9,11.94,11.9,11.94,3400
165,11.89,11.91,11.86,11.91,13274
166,11.88,11.92,11.88,11.9,5999
167,11.885,11.89,11.85,11.87,6200
168,11.84,11.89,11.84,11.88,7208
169,11.905,11.91,11.84,11.84,13478
170,11.88,11.905,11.88,11.905,2800
171,11.96,11.96,11.9,11.91,3264
172,11.9275,11.98,11.9275,11.95,3040
173,11.96,11.97,11.93,11.93,7536
174,11.99,11.99,11.94,11.95,9950
175,12.01,12.01,11.99,11.99,9100
176,12.01,12.02,11.97,12.02,2300
177,12.01,12.04,12.01,12.03,1500
178,12.02,12.03,12,12,2700
179,12.06,12.07,12.005,12.01,16682
180,12.05,12.05,12.01,12.05,14314
181,12.07,12.07,12.02,12.03,5300
182,12.09,12.09,12.055,12.09,4156
183,12.12,12.13,12.07,12.08,31853
288,12.01,12.01,12.01,12.01,780
289,12.09,12.09,12.02,12.02,1400
290,12.16,12.16,12.12,12.12,8174
291,12.2,12.2,12.13,12.13,3200
292,12.225,12.24,12.2,12.2,800
293,12.13,12.16,12.1,12.16,161860
294,12.15,12.15,12.1,12.11,1400
295,12.175,12.18,12.14,12.15,5600
296,12.13,12.17,12.13,12.17,500
297,12.11,12.12,12.08,12.11,10020
298,12.12,12.12,12.11,12.12,1200
299,12.12,12.12,12.105,12.12,300
300,12.14,12.15,12.1,12.1,5300
301,12.13,12.15,12.13,12.133,3201
302,12.15,12.15,12.15,12.15,600
303,12.14,12.155,12.135,12.155,2900
304,12.16,12.16,12.14,12.15,1400
305,12.15,12.15,12.14,12.14,1800
306,12.145,12.15,12.14,12.15,400
307,12.155,12.16,12.135,12.135,3500
308,12.16,12.17,12.1475,12.16,6300
309,12.18,12.18,12.16,12.16,1600
310,12.2,12.2,12.18,12.18,1700
311,12.19,12.19,12.17,12.1701,3200
312,12.17,12.17,12.17,12.17,500
313,12.22,12.23,12.185,12.19,6097
314,12.19,12.2,12.19,12.2,200
315,12.22,12.22,12.195,12.2,2276
316,12.19,12.2,12.19,12.2,200
317,12.19,12.22,12.19,12.22,600
318,12.2,12.22,12.18,12.195,7769
319,12.2,12.2,12.189,12.2,902
320,12.23,12.24,12.2,12.2,4700
321,12.2,12.21,12.19,12.21,3100
322,12.24,12.24,12.21,12.21,5000
323,12.21,12.23,12.2,12.22,10652
324,12.21,12.22,12.195,12.21,6308
325,12.2,12.21,12.195,12.21,5952
326,12.21,12.22,12.19,12.2,9201
327,12.22,12.25,12.21,12.22,44252
432,12.1,12.1,12.1,12.1,89419
433,12.17,12.17,12.1,12.1,6811
434,12.1507,12.16,12.14,12.15,110808
435,12.12,12.16,12.12,12.155,59046
436,12.14,12.16,12.11,12.12,9648
437,12.15,12.15,12.135,12.14,7974
438,12.15,12.16,12.14,12.16,6300
439,12.16,12.16,12.14,12.15,40322
440,12.14,12.16,12.12,12.16,7637
441,12.15,12.16,12.14,12.14,2800
442,12.15,12.16,12.13,12.16,4262
443,12.16,12.18,12.15,12.15,17593
444,12.16,12.17,12.15,12.17,1500
445,12.15,12.17,12.15,12.15,6250
446,12.155,12.16,12.15,12.155,7814
447,12.165,12.17,12.14,12.155,9623
448,12.22,12.23,12.16,12.17,10634
449,12.18,12.2,12.18,12.2,6386
450,12.16,12.18,12.16,12.18,1800
451,12.18,12.19,12.16,12.16,4681
452,12.18,12.185,12.17,12.185,1638
453,12.17,12.1786,12.165,12.1786,1421
454,12.15,12.17,12.15,12.17,2508
455,12.175,12.18,12.15,12.15,4673
456,12.16,12.19,12.16,12.18,2200
457,12.17,12.17,12.16,12.17,1400
458,12.16,12.17,12.16,12.17,1200
459,12.18,12.18,12.16,12.16,9009
460,12.16,12.175,12.16,12.17,2300
461,12.15,12.1699,12.14,12.16,8700
462,12.13,12.15,12.13,12.15,4700
463,12.0941,12.125,12.09,12.125,3777
464,12.0748,12.09,12.06,12.09,8266
465,12.1,12.11,12.06,12.07,5800
466,12.14,12.15,12.095,12.095,5397
467,12.13,12.14,12.13,12.14,1600
468,12.06,12.13,12.06,12.13,9653
469,12.07,12.07,12.05,12.05,5284
470,12.08,12.09,12.06,12.07,16189
471,12.04,12.08,12.02,12.08,142206
864,12.08,12.08,12.08,12.08,677
865,12.16,12.17,12.06,12.13,3000
866,12.14,12.1501,12.09,12.14,2872
867,12.12,12.12,12.1,12.12,1800
868,12.06,12.14,12.06,12.14,3240
869,12.1,12.1,12.06,12.06,1600
870,12.07,12.09,12.05,12.09,1300
871,12.05,12.11,12.03,12.08,2343
872,12.05,12.06,12.05,12.06,1500
873,12.03,12.05,12.01,12.045,8600
874,11.98,12.02,11.98,12.02,5200
875,12.01,12.05,12,12,8666
876,11.98,12,11.93,12,7594
877,11.98,11.9886,11.975,11.975,2307
878,12,12,11.95,11.97,4370
879,12.03,12.03,11.98,11.99,1200
880,12.04,12.05,12.02,12.02,1000
881,12.05,12.05,12.04,12.05,2738
882,12.04,12.05,12.04,12.05,1300
883,12.06,12.06,12.04,12.04,1528
884,12.09,12.09,12.07,12.07,2899
885,12.1,12.11,12.085,12.09,5182
886,12.095,12.1,12.09,12.1,2320
887,12.09,12.11,12.09,12.1,4788
888,12.07,12.09,12.07,12.09,1800
889,12.08,12.09,12.07,12.07,2000
890,12.06,12.07,12.05,12.06,4216
891,12.05,12.06,12.045,12.06,1897
892,12.01,12.0401,12.01,12.0401,16200
893,11.98,12.005,11.98,12.005,2296
894,11.99,11.99,11.95,11.97,8900
895,11.99,12.03,11.99,11.99,4548
896,12.03,12.03,11.99,11.99,3829
897,12.02,12.02,12,12.02,2099
898,12.02,12.03,12.005,12.03,3200
899,11.99,12.01,11.99,12.01,1700
900,11.98,11.98,11.97,11.98,4938
901,11.976,11.99,11.976,11.98,3912
902,11.98,11.9875,11.97,11.98,4800
903,12.01,12.02,11.98,11.98,26878
a1497965400,12,12,12,12,908
1,11.95,12.01,11.93,12.01,1713
2,11.97,11.99,11.97,11.98,900
3,11.9,11.95,11.9,11.95,1600
4,11.91,11.94,11.88,11.92,1970
5,11.89,11.89,11.89,11.89,300
6,11.85,11.86,11.85,11.86,1900
7,11.81,11.83,11.81,11.83,2003
8,11.82,11.84,11.81,11.82,1200
9,11.85,11.85,11.84,11.84,1092
10,11.82,11.86,11.82,11.86,1300
11,11.81,11.82,11.81,11.82,700
12,11.82,11.83,11.81,11.81,600
13,11.85,11.86,11.85,11.85,5975
14,11.89,11.89,11.85,11.85,10037
15,11.87,11.9,11.87,11.9,8094
16,11.86,11.86,11.855,11.86,900
17,11.84,11.85,11.84,11.84,1960
18,11.86,11.87,11.84,11.84,7791
19,11.86,11.86,11.84,11.86,3450
20,11.85,11.85,11.84,11.85,3100
21,11.87,11.87,11.87,11.87,200
22,11.88,11.89,11.88,11.89,700
23,11.88,11.92,11.88,11.9,9766
24,11.89,11.89,11.89,11.89,500
25,11.9,11.9,11.89,11.9,997
26,11.885,11.9,11.885,11.9,1500
27,11.88,11.88,11.88,11.88,300
28,11.87,11.9,11.87,11.885,1700
29,11.86,11.87,11.86,11.87,2100
30,11.88,11.88,11.86,11.87,1087
31,11.87,11.87,11.87,11.87,322
32,11.865,11.87,11.865,11.865,7271
33,11.88,11.88,11.86,11.87,3498
34,11.87,11.88,11.855,11.88,6731
35,11.87,11.88,11.86,11.86,8971
36,11.9,11.9,11.86,11.87,6051
37,11.91,11.91,11.89,11.89,1612
38,11.89,11.92,11.89,11.91,2400
39,11.89,11.9,11.88,11.9,8636
144,11.9,11.9,11.9,11.9,705
145,11.85,11.87,11.83,11.87,3314
146,11.86,11.905,11.83,11.86,5865
147,11.86,11.86,11.86,11.86,400
148,11.86,11.86,11.84,11.84,3203
149,11.83,11.85,11.82,11.85,2988
150,11.86,11.87,11.83,11.83,20043
151,11.905,11.92,11.87,11.87,4400
152,11.9264,11.93,11.915,11.915,4500
153,11.9,11.94,11.89,11.94,3167
154,11.89,11.91,11.885,11.9,7405
155,11.87,11.9,11.85,11.88,9467
156,11.85,11.9,11.85,11.87,2687
157,11.86,11.89,11.86,11.86,2000
158,11.885,11.9,11.87,11.87,1914
159,11.915,11.92,11.895,11.9,13622
160,11.91,11.92,11.9,11.92,4791
161,11.91,11.93,11.91,11.91,1700
163,11.89,11.91,11.89,11.905,3000
164,11.86,11.89,11.86,11.89,4511
165,11.84,11.87,11.84,11.86,1700
166,11.84,11.85,11.84,11.85,5000
167,11.82,11.84,11.82,11.84,1396
168,11.825,11.83,11.82,11.83,2098
169,11.81,11.83,11.81,11.83,17842
170,11.81,11.83,11.81,11.83,2701
171,11.77,11.8,11.77,11.8,2100
172,11.7622,11.77,11.74,11.77,3000
173,11.74,11.76,11.74,11.75,3699
174,11.76,11.76,11.74,11.74,3698
175,11.74,11.75,11.74,11.75,1482
176,11.74,11.76,11.74,11.745,3003
177,11.74,11.74,11.73,11.74,1000
178,11.73,11.74,11.73,11.74,1800
179,11.73,11.74,11.73,11.74,4800
180,11.76,11.76,11.74,11.74,1968
181,11.71,11.77,11.71,11.76,4370
182,11.71,11.72,11.69,11.72,7887
183,11.69,11.71,11.685,11.705,28916
288,11.68,11.68,11.68,11.68,586
289,11.65,11.65,11.56,11.63,1173
290,11.66,11.7,11.64,11.66,6770
291,11.66,11.67,11.66,11.67,3435
292,11.59,11.64,11.59,11.64,5300
293,11.59,11.59,11.57,11.57,810
294,11.53,11.58,11.52,11.58,3780
295,11.49,11.53,11.49,11.53,600
296,11.54,11.54,11.5,11.51,2500
297,11.54,11.59,11.54,11.57,3997
298,11.55,11.57,11.54,11.54,1900
299,11.53,11.56,11.53,11.55,3711
300,11.56,11.56,11.52,11.52,2597
301,11.53,11.56,11.53,11.56,1600
302,11.54,11.54,11.53,11.53,400
303,11.54,11.54,11.53,11.53,700
304,11.53,11.5355,11.53,11.5355,1996
305,11.52,11.52,11.52,11.52,200
306,11.53,11.53,11.53,11.53,200
307,11.5,11.52,11.5,11.52,1400
308,11.5,11.51,11.49,11.5,4751
309,11.52,11.52,11.5,11.51,700
310,11.52,11.52,11.52,11.52,298
311,11.52,11.52,11.52,11.52,900
312,11.54,11.54,11.52,11.52,770
313,11.53,11.55,11.53,11.55,2750
314,11.54,11.54,11.52,11.52,2400
315,11.53,11.53,11.53,11.53,1000
316,11.53,11.54,11.53,11.53,800
317,11.53,11.53,11.52,11.52,2665
318,11.555,11.57,11.525,11.53,7945
319,11.54,11.56,11.54,11.555,4655
320,11.56,11.56,11.54,11.54,1500
321,11.58,11.58,11.55,11.55,7538
322,11.56,11.58,11.55,11.57,4694
323,11.54,11.56,11.54,11.56,5801
324,11.53,11.55,11.53,11.54,2500
325,11.52,11.54,11.52,11.53,6289
326,11.54,11.54,11.52,11.52,5320
327,11.52,11.55,11.51,11.53,21844
432,11.56,11.56,11.56,11.56,306
433,11.5,11.57,11.5,11.57,900
434,11.52,11.56,11.44,11.5,6740
435,11.51,11.51,11.5,11.51,1300
436,11.57,11.59,11.52,11.52,2370
437,11.51,11.57,11.51,11.57,7313
438,11.53,11.55,11.51,11.51,900
439,11.53,11.55,11.52,11.55,5599
440,11.53,11.55,11.51,11.51,1191
441,11.55,11.55,11.53,11.53,1000
442,11.57,11.58,11.54,11.54,6032
443,11.6,11.6,11.56,11.58,8053
444,11.59,11.61,11.58,11.595,5290
445,11.58,11.6,11.58,11.59,3504
446,11.59,11.595,11.56,11.58,4020
447,11.58,11.59,11.57,11.58,1800
448,11.57,11.57,11.55,11.57,4099
449,11.58,11.58,11.54,11.56,5143
450,11.57,11.61,11.56,11.57,10953
451,11.57,11.58,11.57,11.57,800
452,11.57,11.58,11.55,11.56,1900
453,11.55,11.57,11.55,11.57,1200
454,11.56,11.56,11.55,11.55,4012
455,11.58,11.58,11.55,11.555,2397
456,11.57,11.57,11.56,11.57,1097
457,11.58,11.59,11.57,11.57,1400
458,11.57,11.585,11.57,11.585,900
459,11.6,11.61,11.57,11.57,19273
460,11.6,11.61,11.59,11.59,1975
461,11.6,11.62,11.6,11.61,1596
462,11.61,11.61,11.6,11.6,2057
463,11.6,11.61,11.59,11.6,2200
464,11.57,11.6,11.57,11.6,4799
465,11.56,11.58,11.56,11.57,3836
466,11.55,11.57,11.55,11.56,4599
467,11.54,11.57,11.53,11.56,14837
468,11.57,11.58,11.55,11.55,6856
469,11.52,11.56,11.505,11.56,4984
470,11.6,11.61,11.52,11.52,13369
471,11.62,11.62,11.58,11.6,150188
864,11.63,11.63,11.63,11.63,791
865,11.64,11.71,11.6,11.67,1098
866,11.63,11.66,11.63,11.63,1200
867,11.74,11.74,11.64,11.64,20444
868,11.76,11.76,11.69,11.71,8815
869,11.66,11.75,11.65,11.75,7699
870,11.65,11.66,11.62,11.66,2600
871,11.67,11.67,11.63,11.65,4516
872,11.65,11.67,11.64,11.67,2900
873,11.62,11.66,11.61,11.66,5397
874,11.6,11.61,11.54,11.61,7138
875,11.59,11.6,11.56,11.58,3623
876,11.64,11.64,11.61,11.61,2192
877,11.68,11.7,11.63,11.63,4899
878,11.69,11.69,11.6832,11.69,1999
879,11.67,11.69,11.67,11.67,3200
880,11.67,11.67,11.63,11.66,5196
881,11.63,11.67,11.63,11.67,1300
882,11.67,11.67,11.64,11.64,4097
883,11.67,11.67,11.66,11.66,1000
884,11.64,11.68,11.64,11.68,9357
885,11.64,11.65,11.63,11.64,1600
886,11.64,11.65,11.64,11.65,900
887,11.63,11.64,11.63,11.63,2869
888,11.63,11.63,11.62,11.62,2054
889,11.64,11.64,11.64,11.64,200
890,11.61,11.63,11.59,11.63,4598
891,11.61,11.61,11.6,11.6,1300
892,11.64,11.64,11.61,11.61,1000
893,11.64,11.64,11.63,11.63,1600
894,11.66,11.66,11.63,11.63,2454
895,11.68,11.68,11.64,11.65,1816
896,11.68,11.7,11.68,11.7,2056
897,11.69,11.69,11.68,11.68,1900
898,11.72,11.72,11.68,11.68,2200
899,11.71,11.73,11.71,11.72,400
900,11.7,11.71,11.69,11.7,2401
901,11.7,11.7,11.69,11.7,4699
902,11.71,11.71,11.67,11.7,15306
903,11.66,11.71,11.64,11.71,25812
a1498570200,11.69,11.69,11.69,11.69,285
1,11.68,11.68,11.64,11.64,2300
2,11.68,11.69,11.66,11.66,1400
3,11.75,11.76,11.68,11.68,17872
4,11.725,11.75,11.69,11.75,25139
5,11.74,11.755,11.73,11.73,4640
6,11.73,11.76,11.73,11.74,3524
7,11.7,11.71,11.68,11.71,2700
8,11.73,11.74,11.71,11.71,1833
9,11.73,11.74,11.73,11.73,1362
10,11.72,11.74,11.705,11.73,14434
11,11.66,11.71,11.66,11.71,17225
12,11.7,11.71,11.67,11.67,5500
13,11.69,11.71,11.685,11.7,8595
14,11.7107,11.72,11.69,11.69,9405
15,11.8,11.8,11.715,11.715,14386
16,11.78,11.79,11.765,11.79,5473
17,11.765,11.77,11.765,11.77,700
18,11.745,11.752,11.735,11.752,8595
19,11.77,11.78,11.735,11.75,7930
20,11.74,11.77,11.74,11.77,4200
21,11.74,11.75,11.73,11.74,2700
22,11.7,11.75,11.69,11.74,7257
23,11.7,11.7,11.68,11.69,4500
24,11.71,11.71,11.7,11.7,500
25,11.71,11.74,11.69,11.71,22342
26,11.72,11.72,11.7,11.705,6000
27,11.72,11.73,11.705,11.72,5543
28,11.67,11.72,11.67,11.715,3143
29,11.7,11.7,11.67,11.67,3014
30,11.7,11.703,11.69,11.69,3027
31,11.72,11.72,11.7,11.71,1400
32,11.72,11.73,11.69,11.71,3900
33,11.715,11.73,11.715,11.73,800
34,11.68,11.715,11.68,11.71,900
35,11.715,11.72,11.69,11.69,3700
36,11.715,11.72,11.7,11.7,2400
37,11.7,11.72,11.685,11.715,5258
38,11.68,11.7,11.68,11.69,7212
39,11.7,11.72,11.665,11.68,45472
144,11.76,11.76,11.76,11.76,462
145,11.78,11.78,11.74,11.74,400
146,11.82,11.82,11.775,11.78,6656
147,11.83,11.84,11.78,11.8,12578
148,11.81,11.83,11.81,11.83,2000
149,11.84,11.85,11.79,11.8,17696
150,11.83,11.9,11.825,11.85,6700
151,11.85,11.85,11.81,11.83,4700
152,11.83,11.85,11.83,11.8301,2708
153,11.85,11.85,11.81,11.81,2459
154,11.86,11.86,11.835,11.85,38459
155,11.85,11.9,11.85,11.87,4300
156,11.9,11.91,11.85,11.85,4830
157,11.88,11.9,11.87,11.9,900
158,11.845,11.88,11.84,11.88,1763
159,11.86,11.88,11.86,11.865,2000
160,11.91,11.91,11.86,11.86,1700
161,11.93,11.93,11.905,11.91,3300
162,11.915,11.93,11.91,11.93,1161
163,11.9,11.9118,11.89,11.91,3339
164,11.88,11.905,11.87,11.905,2300
165,11.895,11.9,11.87,11.87,2700
166,11.89,11.89,11.88,11.89,3400
167,11.89,11.9,11.89,11.9,500
168,11.88,11.9,11.88,11.9,6223
169,11.91,11.92,11.88,11.89,2000
170,11.89,11.9,11.89,11.9,600
171,11.9,11.91,11.89,11.91,7100
172,11.9,11.91,11.87,11.89,5706
173,11.88,11.91,11.88,11.9,3000
174,11.84,11.88,11.84,11.88,1800
175,11.84,11.87,11.84,11.84,4450
176,11.81,11.84,11.81,11.84,400
177,11.8,11.81,11.8,11.81,1900
178,11.81,11.83,11.8,11.81,7000
179,11.82,11.82,11.8,11.81,3614
180,11.82,11.825,11.81,11.81,4800
181,11.79,11.82,11.79,11.82,4321
182,11.83,11.83,11.78,11.79,7350
183,11.83,11.85,11.815,11.85,24880
288,11.98,11.98,11.98,11.98,6216
289,11.96,12.13,11.96,11.98,9730
290,12.01,12.1,12.01,12.02,4200
291,12.04,12.04,12.03,12.03,600
292,11.98,12.02,11.97,12.02,5538
293,12,12,11.93,11.96,5258
294,12.01,12.01,11.99,12.0018,2819
295,11.96,12.01,11.96,12,3800
296,11.97,11.97,11.95,11.95,2260
297,11.96,11.99,11.96,11.97,3600
298,12.01,12.01,11.96,11.96,900
299,11.98,12,11.98,11.98,1500
300,11.93,11.98,11.93,11.98,4000
301,11.87,11.9,11.84,11.9,7400
302,11.88,11.89,11.86,11.86,2200
303,11.84,11.87,11.84,11.87,2343
304,11.84,11.84,11.81,11.82,2300
305,11.85,11.86,11.84,11.84,1300
306,11.83,11.84,11.82,11.83,2200
307,11.8,11.81,11.79,11.81,1400
308,11.84,11.85,11.795,11.8,3945
309,11.86,11.89,11.84,11.84,3213
310,11.85,11.87,11.85,11.87,900
311,11.84,11.85,11.83,11.83,2500
312,11.8,11.84,11.79,11.83,4100
313,11.83,11.83,11.8,11.81,2300
314,11.87,11.87,11.84,11.85,4200
315,11.92,11.92,11.88,11.88,4600
316,11.94,11.95,11.91,11.91,2600
317,11.925,11.93,11.92,11.92,1100
318,11.97,11.97,11.93,11.93,7278
319,11.93,11.95,11.92,11.95,2200
320,11.93,11.94,11.93,11.93,800
321,11.92,11.93,11.91,11.93,3100
322,11.95,11.95,11.93,11.93,2500
323,11.96,11.96,11.925,11.93,5700
324,11.93,11.96,11.91,11.96,9822
325,11.965,11.975,11.925,11.94,17725
326,11.99,11.99,11.95,11.97,23496
327,11.99,12.005,11.97,11.99,46970
432,12.02,12.02,12.02,12.02,298
433,11.92,12,11.88,11.97,9341
434,11.91,11.96,11.91,11.93,2000
435,11.88,11.92,11.88,11.92,7329
436,11.89,11.905,11.86,11.9,2900
437,11.88,11.9,11.86,11.88,2000
438,11.85,11.87,11.83,11.87,1700
439,11.89,11.89,11.82,11.83,6066
440,11.85,11.9,11.84,11.89,3500
441,11.84,11.85,11.82,11.84,4294
442,11.86,11.87,11.83,11.84,3921
443,11.84,11.86,11.84,11.85,1600
444,11.85,11.88,11.84,11.84,3800
445,11.85,11.87,11.84,11.85,3000
446,11.86,11.86,11.84,11.85,1200
447,11.89,11.9,11.86,11.86,2400
448,11.86,11.89,11.86,11.89,5400
449,11.84,11.855,11.84,11.85,1000
450,11.83,11.85,11.83,11.845,2200
451,11.85,11.86,11.83,11.83,2000
452,11.85,11.86,11.84,11.84,2810
453,11.8,11.86,11.8,11.86,3600
454,11.84,11.84,11.81,11.81,1280
455,11.82,11.835,11.82,11.835,800
456,11.83,11.84,11.82,11.83,1400
457,11.83,11.84,11.83,11.83,900
458,11.82,11.83,11.82,11.83,700
459,11.82,11.84,11.82,11.84,1000
460,11.81,11.82,11.81,11.82,5200
461,11.81,11.82,11.8,11.82,1100
462,11.81,11.81,11.78,11.805,4530
463,11.865,11.88,11.81,11.81,7152
464,11.86,11.86,11.83,11.86,5245
465,11.87,11.88,11.85,11.85,6200
466,11.87,11.88,11.865,11.865,2400
467,11.86,11.87,11.86,11.87,3000
468,11.88,11.88,11.86,11.87,5600
469,11.9,11.91,11.88,11.88,5322
470,11.93,11.93,11.88,11.91,10555
471,11.88,11.93,11.86,11.93,101138
864,11.91,11.91,11.91,11.91,720
865,11.99,12,11.84,11.84,1200
866,11.91,12.01,11.86,12,9800
867,11.89,11.91,11.87,11.91,1423
868,11.95,11.96,11.92,11.92,1800
869,12.02,12.02,11.94,11.94,2400
870,12,12.05,12,12.03,5556
871,12.02,12.04,12,12.01,13900
872,12.03,12.05,12.025,12.025,6000
873,12.065,12.08,12.01,12.03,11276
874,12.035,12.05,12.03,12.05,6100
875,12.04,12.06,12.02,12.03,7241
876,12.055,12.07,12.035,12.05,15735
877,12.07,12.08,12.05,12.05,18545
878,12.08,12.08,12.06,12.07,2400
879,12.05,12.1,12.05,12.075,9700
880,12.02,12.06,12.02,12.05,2000
881,12.03,12.05,12,12.03,8908
882,12.03,12.05,12.025,12.04,7631
883,12.065,12.07,12.03,12.035,18870
884,12.08,12.1,12.065,12.065,15896
885,12.06,12.1,12.05,12.08,57589
a1499261400,12.03,12.03,12.03,12.03,1540
1,11.89,12.11,11.89,12.11,4997
2,11.9,11.97,11.84,11.84,15422
3,11.96,11.97,11.88,11.9001,7905
4,11.91,11.94,11.91,11.94,1700
5,11.92,11.92,11.88,11.9,2800
6,11.89,11.92,11.89,11.91,1500
7,11.89,11.91,11.88,11.89,5926
8,11.9,11.94,11.9,11.9,2500
9,11.95,11.96,11.91,11.91,7000
10,11.96,11.96,11.94,11.96,3350
11,11.93,11.94,11.9101,11.94,3415
12,11.8714,11.92,11.85,11.92,3611
13,11.85,11.85,11.85,11.85,700
14,11.88,11.9,11.87,11.87,1671
15,11.87,11.88,11.87,11.88,200
16,11.83,11.875,11.83,11.87,1800
17,11.85,11.85,11.84,11.84,200
18,11.87,11.87,11.87,11.87,1400
19,11.9,11.91,11.88,11.88,4998
20,11.93,11.93,11.9,11.9,1300
21,11.92,11.93,11.92,11.92,1300
22,11.925,11.93,11.92,11.92,1000
23,11.915,11.925,11.915,11.925,800
24,11.94,11.94,11.92,11.92,2005
25,11.95,11.95,11.94,11.94,900
26,11.95,11.97,11.94,11.96,2400
27,11.955,11.96,11.95,11.95,1400
28,11.98,11.98,11.95,11.95,2100
29,12,12.01,11.99,11.99,1300
30,11.96,11.98,11.96,11.97,2400
31,12,12,11.93,11.94,5100
32,11.97,12,11.97,12,2399
33,11.95,11.975,11.95,11.97,5597
34,11.97,11.97,11.95,11.955,3169
35,11.98,11.99,11.97,11.98,3337
36,11.98,11.99,11.98,11.98,2868
37,12.01,12.01,11.98,11.98,2000
38,12,12.02,12,12.01,9545
39,12,12.02,11.99,11.99,17337
