EXCHANGE%3DNASDAQ
MARKET_OPEN_MINUTE=570
MARKET_CLOSE_MINUTE=960
INTERVAL=600
COLUMNS=DATE,CLOSE,HIGH,LOW,OPEN,VOLUME
DATA=
TIMEZONE_OFFSET=-240
a1493127000,8.13,8.13,8.13,8.13,5301
1,8.21,8.21,8.0888,8.13,10536
2,8.234,8.24,8.23,8.23,750
3,8.24,8.24,8.24,8.24,100
5,8.222,8.23,8.21,8.23,300
6,8.22,8.22,8.2,8.2,200
7,8.2,8.2,8.2,8.2,100
8,8.21,8.23,8.2,8.2,1682
9,8.24,8.24,8.22,8.22,5660
10,8.26,8.26,8.235,8.24,6831
11,8.27,8.27,8.26,8.27,700
12,8.26,8.26,8.258,8.258,250
13,8.27,8.27,8.245,8.2601,6750
14,8.26,8.28,8.26,8.28,300
15,8.2502,8.26,8.25,8.255,1318
16,8.26,8.26,8.26,8.26,200
17,8.25,8.26,8.25,8.25,800
18,8.25,8.25,8.25,8.25,200
19,8.25,8.26,8.24,8.24,6837
20,8.24,8.26,8.24,8.25,400
21,8.26,8.26,8.24,8.26,1000
22,8.25,8.25,8.23,8.25,4700
23,8.27,8.28,8.26,8.26,5500
24,8.25,8.27,8.25,8.26,2134
25,8.25,8.25,8.25,8.25,100
26,8.22,8.26,8.2,8.255,24682
27,8.28,8.28,8.222,8.23,4696
28,8.265,8.28,8.25,8.28,8809
29,8.23,8.26,8.23,8.2503,6849
30,8.24,8.25,8.2348,8.2348,1200
31,8.25,8.26,8.25,8.26,300
32,8.245,8.25,8.24,8.25,500
33,8.25,8.265,8.23,8.25,17011
34,8.24,8.25,8.2,8.241,7466
35,8.24,8.25,8.21,8.25,3683
36,8.24,8.24,8.23,8.235,1900
37,8.24,8.24,8.23,8.235,3000
38,8.2,8.24,8.2,8.24,20740
39,8.17,8.21,8.15,8.21,31632
144,8.15,8.15,8.15,8.15,5202
145,8.18,8.18,8.15,8.15,6717
146,8.23,8.27,8.14,8.18,3945
147,8.2084,8.23,8.2001,8.2001,6934
148,8.21,8.23,8.21,8.23,3005
149,8.1801,8.22,8.1801,8.22,4100
150,8.22,8.22,8.22,8.22,3000
151,8.27,8.27,8.2,8.22,3224
152,8.22,8.25,8.22,8.25,1000
153,8.2054,8.22,8.2,8.22,1300
154,8.25,8.25,8.22,8.22,700
155,8.24,8.24,8.23,8.24,600
156,8.25,8.255,8.22,8.22,600
157,8.245,8.27,8.24,8.27,500
158,8.25,8.25,8.24,8.2467,400
159,8.23,8.26,8.23,8.23,400
160,8.23,8.23,8.23,8.23,300
161,8.25,8.25,8.23,8.23,700
162,8.25,8.26,8.24,8.26,7517
163,8.27,8.27,8.25,8.26,700
164,8.2512,8.27,8.25,8.25,2050
165,8.26,8.26,8.26,8.26,100
166,8.25,8.27,8.25,8.27,300
167,8.27,8.27,8.25,8.25,600
168,8.288,8.29,8.2643,8.27,11460
169,8.3,8.3,8.29,8.3,800
170,8.28,8.3,8.28,8.29,3995
171,8.33,8.35,8.29,8.29,16094
172,8.3101,8.34,8.3101,8.33,1351
173,8.33,8.34,8.31,8.3101,2071
174,8.31,8.33,8.29,8.31,8945
175,8.2674,8.28,8.2674,8.28,810
176,8.279,8.29,8.27,8.28,9164
177,8.29,8.3,8.2809,8.2809,4143
178,8.28,8.28,8.25,8.2567,1216
179,8.26,8.26,8.26,8.26,400
180,8.26,8.26,8.25,8.25,1200
181,8.269,8.27,8.25,8.26,2860
182,8.27,8.27,8.25,8.26,4789
183,8.26,8.27,8.25,8.27,6420
288,8.26,8.26,8.26,8.26,1342
289,8.29,8.29,8.21,8.25,2200
291,8.3,8.3,8.25,8.27,16207
292,8.32,8.32,8.3,8.3001,2000
293,8.265,8.32,8.24,8.29,13883
294,8.25,8.25,8.24,8.25,1300
295,8.25,8.28,8.25,8.26,3800
296,8.25,8.28,8.25,8.28,300
297,8.27,8.28,8.246,8.25,7600
298,8.25,8.27,8.25,8.27,300
299,8.25,8.27,8.25,8.27,800
300,8.24,8.24,8.24,8.24,100
301,8.25,8.25,8.24,8.24,400
302,8.2534,8.26,8.25,8.25,900
303,8.26,8.26,8.25,8.26,500
304,8.28,8.28,8.26,8.26,3025
305,8.25,8.25,8.25,8.25,200
306,8.25,8.25,8.25,8.25,100
307,8.2582,8.26,8.2582,8.26,1200
308,8.25,8.25,8.24,8.25,1700
310,8.26,8.26,8.24,8.24,900
311,8.27,8.27,8.26,8.26,500
312,8.25,8.28,8.25,8.28,500
313,8.25,8.27,8.25,8.27,300
314,8.25,8.26,8.25,8.26,400
315,8.26,8.26,8.26,8.26,300
316,8.26,8.27,8.26,8.27,400
317,8.3,8.3,8.26,8.26,3800
318,8.28,8.3,8.28,8.3,1450
319,8.27,8.28,8.27,8.28,1050
320,8.26,8.26,8.24,8.26,3300
321,8.26,8.26,8.25,8.26,800
322,8.27,8.27,8.24,8.25,2741
323,8.28,8.28,8.28,8.28,100
324,8.26,8.26,8.26,8.26,200
325,8.27,8.27,8.25,8.27,600
326,8.27,8.27,8.26,8.27,3500
327,8.26,8.28,8.26,8.27,2975
432,8.26,8.26,8.26,8.26,1214
433,8.26,8.26,8.24,8.24,700
434,8.23,8.24,8.18,8.18,520
435,8.28,8.28,8.24,8.24,1400
437,8.26,8.27,8.24,8.26,500
438,8.2999,8.3,8.27,8.27,800
439,8.27,8.27,8.27,8.27,300
440,8.3,8.3,8.26,8.26,2700
441,8.28,8.28,8.26,8.26,350
442,8.26,8.26,8.26,8.26,100
444,8.22,8.2402,8.22,8.24,1230
445,8.2,8.25,8.2,8.218,3700
447,8.24,8.25,8.19,8.19,300
448,8.19,8.19,8.1876,8.19,500
449,8.18,8.18,8.18,8.18,303
450,8.21,8.21,8.21,8.21,100
451,8.21,8.21,8.19,8.19,200
452,8.18,8.18,8.18,8.18,200
453,8.18,8.18,8.18,8.18,100
454,8.17,8.21,8.17,8.192,13073
456,8.17,8.17,8.12,8.12,900
457,8.14,8.18,8.14,8.18,200
458,8.18,8.18,8.1557,8.1557,1100
459,8.06,8.14,8.05,8.14,11875
460,8.12,8.14,8.09,8.09,900
461,8.09,8.11,8.04,8.1001,7188
462,8.13,8.13,8.067,8.09,3500
463,8.0992,8.0999,8.09,8.0999,300
464,8.08,8.09,8.08,8.09,200
465,8.08,8.08,8.07,8.075,4100
466,8.15,8.16,8.04,8.06,11150
467,8.164,8.2,8.1501,8.175,1400
468,8.16,8.16,8.16,8.16,100
469,8.17,8.22,8.121,8.19,8709
470,8.15,8.16,8.11,8.15,6229
471,8.15,8.2,8.13,8.16,10996
864,8.12,8.12,8.12,8.12,7947
865,8.13,8.16,8.12,8.12,6005
866,8.16,8.16,8.13,8.13,1200
867,8.16,8.16,8.13,8.14,1995
868,8.135,8.15,8.135,8.15,1315
869,8.15,8.15,8.11,8.15,800
870,8.15,8.15,8.12,8.12,536
871,8.14,8.16,8.14,8.15,600
872,8.18,8.18,8.14,8.14,9287
873,8.16,8.18,8.16,8.18,400
874,8.2,8.2,8.18,8.18,200
875,8.15,8.19,8.15,8.19,1606
876,8.15,8.15,8.14,8.14,1100
877,8.15,8.15,8.13,8.14,2778
878,8.16,8.16,8.1441,8.15,4468
879,8.1509,8.16,8.15,8.16,2130
880,8.16,8.16,8.15,8.155,800
881,8.1551,8.1551,8.15,8.15,1900
883,8.15,8.16,8.13,8.16,2468
884,8.15,8.16,8.12,8.14,3000
885,8.14,8.15,8.12,8.14,4000
886,8.14,8.1466,8.14,8.14,2200
887,8.15,8.16,8.14,8.14,1300
888,8.16,8.16,8.16,8.16,1000
889,8.15,8.15,8.14,8.14,700
890,8.15,8.17,8.15,8.16,2100
891,8.15,8.15,8.15,8.15,200
892,8.23,8.23,8.16,8.16,7017
893,8.19,8.21,8.18,8.2,800
894,8.17,8.18,8.16,8.18,4584
895,8.16,8.17,8.15,8.165,1300
896,8.19,8.19,8.155,8.155,800
897,8.19,8.19,8.17,8.17,300
898,8.18,8.18,8.17,8.17,1400
899,8.17,8.18,8.17,8.18,300
900,8.18,8.18,8.175,8.175,500
901,8.18,8.18,8.17,8.18,2180
902,8.17,8.18,8.17,8.17,1700
903,8.17,8.19,8.17,8.17,5653
a1493731800,8.19,8.19,8.19,8.19,1822
1,8.24,8.24,8.1501,8.18,2269
2,8.195,8.24,8.1801,8.2001,1220
3,8.15,8.15,8.15,8.15,100
4,8.23,8.23,8.15,8.15,2866
5,8.22,8.24,8.21,8.24,1600
6,8.2,8.22,8.2,8.2,782
7,8.2,8.2,8.18,8.2,400
8,8.175,8.2,8.17,8.17,3200
9,8.2,8.2,8.175,8.175,2276
10,8.22,8.22,8.22,8.22,600
11,8.22,8.22,8.22,8.22,500
12,8.23,8.23,8.22,8.22,500
13,8.22,8.23,8.22,8.23,400
14,8.22,8.23,8.22,8.22,700
15,8.2,8.22,8.18,8.21,14568
16,8.19,8.2,8.15,8.2,1600
17,8.21,8.21,8.19,8.19,300
18,8.22,8.22,8.21,8.21,1400
19,8.2,8.21,8.2,8.2,500
20,8.2,8.21,8.2,8.21,500
21,8.2,8.21,8.198,8.21,550
22,8.2,8.21,8.1976,8.21,320
23,8.17,8.21,8.17,8.21,700
24,8.18,8.18,8.17,8.18,1919
25,8.19,8.19,8.18,8.19,400
26,8.21,8.21,8.17,8.17,400
27,8.18,8.21,8.18,8.21,1320
28,8.2,8.2,8.1833,8.1833,700
29,8.2,8.21,8.2,8.21,2800
30,8.21,8.21,8.19,8.19,1100
31,8.21,8.22,8.21,8.21,300
32,8.21,8.22,8.21,8.22,500
33,8.19,8.2,8.19,8.2,400
34,8.19,8.2,8.17,8.174,1900
35,8.19,8.19,8.18,8.19,1250
36,8.19,8.19,8.19,8.19,500
37,8.18,8.19,8.175,8.19,2182
38,8.2,8.2,8.19,8.19,1500
39,8.21,8.22,8.2,8.2,6020
144,8.22,8.22,8.22,8.22,2843
146,8.12,8.12,8.12,8.12,1371
147,8.12,8.1538,8.12,8.1538,300
148,8.155,8.189,8.12,8.12,2215
149,8.13,8.13,8.13,8.13,100
150,8.12,8.17,8.12,8.13,2420
151,8.11,8.111,8.11,8.111,4500
152,8.07,8.08,8.06,8.06,400
153,8.07,8.07,8.06,8.06,1900
154,8.07,8.07,8.06,8.06,800
155,8.06,8.06,8.06,8.06,605
156,8.06,8.065,8.06,8.06,550
157,8.06,8.065,8.06,8.06,2600
158,8.06,8.06,8.06,8.06,100
159,8.07,8.07,8.06,8.06,1200
160,8.061,8.061,8.06,8.06,2100
161,8.06,8.06,8.06,8.06,200
162,8.0638,8.0638,8.06,8.06,300
163,8.06,8.0681,8.06,8.06,7187
164,8.0182,8.05,8.0182,8.05,5250
165,8.0358,8.0358,8.0269,8.03,524
166,8.03,8.03,8.0201,8.0201,600
169,8.03,8.03,8.03,8.03,200
173,8.02,8.02,8.01,8.01,600
174,8.005,8.01,8,8.01,6849
175,8.01,8.01,8.01,8.01,200
176,8.03,8.03,8.0199,8.0199,7123
177,8.05,8.05,8.02,8.02,1800
178,8.049,8.05,8.049,8.05,4885
180,8.02,8.0401,8.02,8.0401,2090
181,8.02,8.04,8.02,8.04,200
182,8.02,8.04,8.01,8.038,3260
183,8.03,8.03,8.01,8.02,2363
288,8.04,8.04,8.04,8.04,2411
289,8.054,8.1,8.054,8.08,3540
290,8.1,8.1,8.07,8.07,1700
291,8.07,8.07,8.07,8.07,7000
292,8.11,8.11,8.08,8.08,300
293,8.11,8.11,8.08,8.1,6700
294,8.0909,8.13,8.0909,8.12,1740
295,8.1,8.1,8.08,8.08,1600
296,8.1,8.1,8.09,8.09,1095
297,8.09,8.11,8.09,8.1,600
298,8.09,8.11,8.09,8.0993,2400
299,8.11,8.11,8.09,8.11,770
300,8.11,8.11,8.09,8.11,1890
301,8.115,8.13,8.11,8.1109,2000
302,8.14,8.14,8.12,8.12,3300
303,8.1,8.16,8.092,8.14,2600
304,8.095,8.1,8.08,8.08,1100
305,8.09,8.11,8.08,8.095,900
306,8.1,8.1104,8.08,8.095,2100
307,8.1,8.1,8.1,8.1,200
308,8.095,8.11,8.08,8.09,12013
310,8.1,8.11,8.08,8.08,2031
311,8.06,8.09,8.06,8.09,3050
312,8.03,8.05,8.03,8.05,1400
313,8.04,8.04,8.04,8.04,1300
314,8.05,8.05,8.035,8.04,5150
315,8.05,8.05,8.04,8.05,2216
316,8.05,8.05,8.04,8.04,2000
317,8.05,8.05,8.045,8.05,1800
318,8.05,8.05,8.045,8.05,2500
319,8.05,8.05,8.045,8.05,2000
320,8.045,8.05,8.0401,8.0401,3831
321,8.04,8.05,8.035,8.05,1800
322,8.01,8.04,8,8.04,3230
323,8.02,8.02,8.0176,8.02,1700
324,8.02,8.02,8.01,8.02,4192
325,8.02,8.029,8.01,8.02,2210
326,8.03,8.03,8.02,8.03,3650
327,7.99,8.02,7.98,8.0101,12847
432,7.99,7.99,7.98,7.98,3138
433,8,8.09,7.99,7.99,2200
435,8.05,8.05,8.0001,8.05,3300
436,8.01,8.09,8.01,8.0499,2260
437,8.03,8.04,8.0201,8.0201,300
438,8.03,8.05,8.03,8.03,1706
439,8.03,8.05,8.03,8.0399,2708
440,8.04,8.04,8.0301,8.0301,1700
441,8.05,8.05,8.0301,8.0301,600
442,8.06,8.06,8.04,8.04,400
443,8.04,8.04,8.04,8.04,100
444,8.05,8.06,8.04,8.04,600
445,8.07,8.08,8.05,8.06,1300
446,8.07,8.07,8.07,8.07,100
447,8.06,8.06,8.04,8.0401,953
448,8.01,8.04,8.01,8.04,1300
449,8.01,8.04,8.01,8.04,3250
450,8.0399,8.04,8.01,8.01,720
451,7.99,8.03,7.99,8.01,2200
452,7.99,8,7.99,7.99,3800
453,8,8,7.9953,7.9953,2100
454,8,8,7.99,7.99,200
455,7.99,8.01,7.99,8.0085,6600
456,7.99,8,7.99,8,200
457,8,8,7.99,8,1100
458,8.005,8.01,7.99,7.99,400
459,8.02,8.02,8.005,8.005,2300
460,8.02,8.025,8.02,8.025,1413
461,8.01,8.02,8.01,8.01,300
462,8.02,8.03,8.01,8.02,900
463,8.01,8.01,8.01,8.01,200
464,8.05,8.05,8.02,8.0232,3363
465,8.02,8.035,8.02,8.035,500
466,8.02,8.02,8.02,8.02,400
467,8.02,8.02,8.02,8.02,400
468,8.01,8.025,7.99,8.01,6732
469,8,8.01,7.99,7.99,6000
470,7.98,8.005,7.98,8,3400
471,7.99,8,7.98,7.98,4213
864,7.98,7.98,7.98,7.98,1539
865,7.96,7.97,7.95,7.97,1727
866,7.965,7.97,7.95,7.9501,1285
867,7.98,7.98,7.96,7.96,1961
868,7.98,7.98,7.98,7.98,100
869,7.98,7.98,7.962,7.966,1842
870,7.9669,7.98,7.9669,7.9774,1301
871,7.98,7.98,7.98,7.98,300
872,7.97,7.975,7.95,7.975,5621
873,7.98,7.98,7.96,7.96,9816
874,7.99,7.99,7.97,7.98,3742
875,8.02,8.02,7.99,7.99,200
876,8.04,8.04,8.04,8.04,200
877,8.02,8.02,8.02,8.02,100
878,8.085,8.097,8.02,8.02,11641
879,8.1,8.1,8.07,8.073,1100
880,8.05,8.13,8.05,8.13,2300
881,8.05,8.08,8.05,8.08,520
882,8.03,8.04,8.03,8.04,1100
883,8.05,8.05,8.02,8.04,10600
884,8.05,8.05,8.04,8.045,3084
885,8.04,8.06,8.04,8.06,3700
886,8,8.0407,8,8.04,6700
887,8.03,8.03,8,8.03,6400
888,8.04,8.04,8.03,8.04,700
889,8.04,8.04,8.04,8.04,100
890,8.04,8.04,8.04,8.04,186
891,8.03,8.035,8.03,8.03,1400
892,8.0339,8.0339,8.0339,8.0339,500
893,8.04,8.04,8.04,8.04,100
894,8.03,8.04,8.03,8.04,1993
895,8.01,8.02,8,8.02,800
897,8.02,8.02,8.01,8.01,500
898,8.02,8.02,8.02,8.02,130
899,8.0279,8.0279,8.02,8.02,2600
900,8.07,8.07,8,8,12327
901,8.05,8.07,8.05,8.07,500
902,8.05,8.05,8.02,8.05,2600
903,8.05,8.05,8.02,8.0319,5412
a1494336600,8.06,8.06,8.06,8.06,1260
1,8.07,8.07,8.07,8.07,100
2,8.06,8.08,8.001,8.055,4100
3,8.08,8.09,8.06,8.06,3285
4,8.07,8.08,8.0629,8.08,1400
5,8.09,8.09,8.06,8.06,200
6,8.07,8.075,8.05,8.0634,1000
7,8.06,8.06,8.05,8.06,1999
8,8.06,8.06,8.0221,8.05,6320
9,8.04,8.06,8.04,8.06,1200
10,8.06,8.06,8.05,8.05,1300
11,8.06,8.06,8.04,8.06,700
12,8.06,8.06,8.04,8.05,2000
13,8.06,8.06,8.05,8.06,900
14,8.04,8.05,8.04,8.05,7337
15,8.04,8.06,8.04,8.06,2000
16,8.06,8.06,8.0284,8.05,2354
17,8.04,8.06,8.04,8.06,200
18,8.06,8.06,8.06,8.06,400
19,8.05,8.05,8.04,8.04,1600
20,8.045,8.05,8.045,8.05,900
21,8.05,8.05,8.0399,8.05,1424
22,8.04,8.05,8.03,8.05,500
23,8.04,8.04,8.04,8.04,358
24,8.04,8.04,8.035,8.04,800
25,8.05,8.05,8.04,8.05,600
26,8.05,8.05,8.04,8.04,400
27,8.05,8.05,8.04,8.05,1200
28,8.05,8.05,8.0378,8.05,2000
29,8.06,8.06,8.05,8.05,400
31,8.06,8.06,8.06,8.06,500
32,8.06,8.06,8.045,8.045,1612
33,8.06,8.06,8.06,8.06,700
34,8.03,8.06,8.02,8.03,4725
35,8.03,8.03,8.02,8.03,900
36,8.03,8.03,8.02,8.03,3294
37,8.04,8.05,8.03,8.03,2200
38,8.035,8.05,8.035,8.05,3600
39,8.05,8.05,8.03,8.0337,10268
144,8.03,8.03,8.03,8.03,2041
147,8.02,8.02,8.0065,8.0065,1100
149,8.005,8.005,8.005,8.005,100
151,8.0298,8.03,8.01,8.01,2500
152,8,8.025,7.99,8.025,797
153,8.01,8.01,8.01,8.01,100
154,8,8.01,8,8.01,1400
155,7.99,8,7.99,8,1500
156,8.03,8.03,8,8,1690
157,8,8.03,7.99,7.99,500
158,8,8,8,8,700
159,8.02,8.02,7.99,8.02,2703
160,8.02,8.02,8.01,8.01,300
161,8.01,8.02,8.01,8.02,400
162,8.02,8.02,8.01,8.0108,2068
163,7.99,8.02,7.99,8.02,2800
164,8.02,8.02,8,8.02,300
165,8.01,8.01,8.0058,8.0058,300
166,8.01,8.01,8.01,8.01,100
167,7.99,7.99,7.99,7.99,100
168,8,8,8,8,100
169,8.01,8.01,8.01,8.01,250
171,8.0112,8.0112,8.0112,8.0112,1000
172,7.9933,8.01,7.9933,8.01,1005
173,7.98,7.995,7.98,7.99,5997
174,7.99,7.99,7.974,7.974,869
175,7.95,7.992,7.95,7.99,4991
176,7.955,7.96,7.95,7.9599,2800
177,7.95,7.95,7.95,7.95,500
178,7.95,7.9505,7.95,7.95,3314
179,7.95,7.9576,7.95,7.955,2390
180,7.955,7.955,7.95,7.95,700
181,7.92,7.95,7.92,7.95,7416
182,7.955,7.96,7.92,7.93,6174
183,7.96,7.96,7.95,7.96,5048
288,7.96,7.96,7.96,7.96,2104
289,7.9411,7.96,7.92,7.96,1265
290,7.93,7.935,7.91,7.92,1570
291,7.92,7.92,7.92,7.92,300
292,7.92,7.92,7.92,7.92,500
293,7.9,7.93,7.9,7.92,11760
294,7.92,7.92,7.75,7.9,12979
295,7.92,7.92,7.894,7.92,1725
296,7.9,7.91,7.9,7.9,1500
297,7.92,7.925,7.87,7.87,6188
298,7.9231,7.93,7.918,7.92,6899
299,7.9,7.915,7.9,7.915,200
300,7.92,7.92,7.87,7.92,14500
301,7.93,7.93,7.9,7.92,6382
302,7.95,7.95,7.92,7.93,3101
303,7.96,7.9799,7.96,7.97,4600
304,7.9592,7.96,7.95,7.95,400
305,7.946,7.96,7.94,7.94,1312
306,7.9401,7.9401,7.9401,7.9401,100
307,7.9201,7.9301,7.92,7.9301,400
308,7.95,7.95,7.92,7.92,400
309,7.9,7.95,7.8801,7.94,17598
310,7.88,7.92,7.858,7.92,2942
311,7.87,7.88,7.8401,7.8401,2405
312,7.92,7.92,7.87,7.87,3300
313,7.905,7.92,7.8901,7.92,1100
314,7.95,7.95,7.92,7.92,1000
315,7.965,7.99,7.96,7.96,1508
316,8,8,7.97,7.99,1000
317,7.99,8,7.9601,7.9601,1400
318,7.98,8,7.96,8,1128
319,7.97,8,7.96,8,1400
320,7.98,8,7.96,8,3400
321,7.9601,7.9999,7.96,7.97,1662
322,8,8,7.9601,7.98,1300
323,8,8,7.97,8,2000
324,8,8,7.97,8,4796
325,8,8,7.98,8,2900
326,8,8.02,7.995,8,3024
327,7.98,8.02,7.94,8,11234
432,7.97,7.97,7.97,7.97,1514
433,7.9356,7.9356,7.9356,7.9356,1400
434,7.905,7.905,7.905,7.905,1063
436,7.86,7.91,7.86,7.875,400
437,7.8643,7.89,7.8643,7.89,1700
438,7.87,7.87,7.868,7.868,400
439,7.86,7.8799,7.86,7.87,1600
440,7.87,7.8742,7.87,7.87,4200
441,7.8786,7.88,7.86,7.86,608
442,7.86,7.86,7.86,7.86,600
443,7.835,7.86,7.835,7.86,5100
444,7.81,7.84,7.81,7.82,2905
445,7.82,7.82,7.81,7.81,1500
446,7.81,7.82,7.81,7.82,1800
447,7.815,7.815,7.81,7.81,1300
448,7.81,7.81,7.81,7.81,300
449,7.8,7.81,7.8,7.81,4648
450,7.8066,7.81,7.8,7.8,2100
451,7.795,7.8,7.79,7.8,3900
452,7.79,7.7999,7.79,7.79,2500
453,7.78,7.795,7.78,7.79,4000
454,7.77,7.77,7.77,7.77,200
455,7.77,7.775,7.77,7.77,900
456,7.7705,7.78,7.77,7.77,2274
457,7.775,7.78,7.77,7.77,1600
458,7.7501,7.775,7.75,7.77,6075
459,7.7689,7.7689,7.75,7.75,2100
460,7.77,7.77,7.75,7.76,400
461,7.76,7.8,7.75,7.75,11462
462,7.78,7.78,7.76,7.7789,1325
463,7.75,7.7649,7.75,7.76,9029
464,7.7699,7.77,7.75,7.75,2540
465,7.77,7.77,7.76,7.77,832
466,7.765,7.77,7.76,7.77,1725
467,7.7542,7.78,7.75,7.75,3800
468,7.7562,7.78,7.75,7.75,3935
469,7.75,7.76,7.74,7.75,1267
470,7.76,7.76,7.74,7.7599,2389
471,7.79,7.795,7.77,7.78,6346
864,7.79,7.79,7.79,7.79,2217
865,7.83,7.93,7.79,7.79,25587
866,7.855,7.855,7.85,7.85,200
867,7.86,7.86,7.81,7.81,820
868,7.825,7.825,7.825,7.825,100
869,7.815,7.815,7.815,7.815,100
870,7.835,7.839,7.82,7.821,1900
871,7.81,7.8308,7.805,7.8308,2100
872,7.795,7.8,7.795,7.8,200
873,7.79,7.79,7.79,7.79,200
875,7.78,7.8,7.78,7.7801,989
876,7.765,7.77,7.7647,7.7647,1950
877,7.765,7.77,7.765,7.77,400
878,7.765,7.77,7.765,7.77,300
879,7.76,7.775,7.75,7.77,6799
880,7.76,7.76,7.76,7.76,400
881,7.76,7.76,7.76,7.76,100
883,7.76,7.76,7.76,7.76,150
884,7.71,7.76,7.67,7.76,27784
885,7.77,7.77,7.73,7.73,2100
886,7.77,7.77,7.75,7.77,1818
887,7.775,7.79,7.73,7.7528,8175
888,7.79,7.79,7.77,7.77,2296
889,7.8,7.8,7.785,7.785,900
890,7.79,7.8,7.79,7.8,700
891,7.8,7.8,7.78,7.79,1100
892,7.8,7.8,7.79,7.8,900
893,7.8,7.8,7.78,7.78,1389
894,7.8,7.81,7.795,7.8,600
895,7.81,7.81,7.795,7.795,6880
896,7.795,7.8,7.795,7.795,800
897,7.8181,7.84,7.8,7.8,5482
898,7.82,7.82,7.82,7.82,100
899,7.81,7.8172,7.81,7.8172,800
900,7.8,7.82,7.77,7.79,2200
901,7.8098,7.82,7.795,7.8,2315
902,7.84,7.84,7.7972,7.8,1713
903,7.84,7.86,7.8,7.83,5539
a1494941400,7.81,7.81,7.81,7.81,2011
1,7.81,7.89,7.81,7.85,3417
2,7.83,7.88,7.81,7.81,3176
3,7.8603,7.8603,7.8378,7.8378,1666
4,7.8273,7.8273,7.8273,7.8273,100
5,7.86,7.86,7.8044,7.845,18700
6,7.84,7.85,7.83,7.84,800
7,7.85,7.85,7.85,7.85,300
8,7.85,7.85,7.833,7.833,1100
9,7.83,7.8429,7.83,7.8429,400
10,7.8489,7.86,7.8332,7.8501,9400
11,7.89,7.89,7.845,7.86,6500
12,7.9,7.9,7.88,7.89,1817
13,7.9,7.9,7.9,7.9,300
14,7.87,7.94,7.87,7.9,800
15,7.92,7.92,7.865,7.865,1559
16,7.87,7.92,7.86,7.8915,3643
17,7.87,7.881,7.87,7.881,3323
18,7.875,7.88,7.875,7.875,1809
19,7.88,7.9,7.87,7.875,2614
20,7.88,7.88,7.87,7.875,924
21,7.865,7.88,7.865,7.875,4000
22,7.89,7.9,7.865,7.865,2358
23,7.89,7.9,7.89,7.89,1055
24,7.92,7.92,7.895,7.895,600
25,7.89,7.91,7.89,7.91,5062
26,7.885,7.89,7.88,7.885,631
27,7.874,7.89,7.87,7.885,11293
28,7.88,7.88,7.87,7.875,2705
29,7.875,7.88,7.87,7.875,800
30,7.875,7.875,7.875,7.875,700
31,7.86,7.88,7.86,7.875,3760
32,7.86,7.87,7.86,7.865,300
33,7.865,7.865,7.86,7.865,600
34,7.86,7.87,7.86,7.865,729
35,7.85,7.87,7.84,7.85,1200
36,7.8134,7.85,7.79,7.85,15188
37,7.82,7.82,7.8,7.805,5562
38,7.82,7.82,7.81,7.815,3748
39,7.81,7.82,7.81,7.82,12560
144,7.75,7.75,7.75,7.75,2600
145,7.73,7.73,7.73,7.73,200
146,7.7895,7.7895,7.765,7.77,393
147,7.765,7.765,7.73,7.73,700
148,7.765,7.765,7.76,7.76,3400
149,7.78,7.79,7.77,7.78,2100
150,7.76,7.786,7.74,7.78,3645
151,7.77,7.77,7.77,7.77,400
152,7.775,7.78,7.73,7.77,2200
153,7.76,7.775,7.76,7.7717,1435
154,7.71,7.7601,7.71,7.76,5262
155,7.72,7.74,7.715,7.72,2166
156,7.69,7.71,7.68,7.71,10823
157,7.685,7.6892,7.685,7.685,500
158,7.6,7.68,7.59,7.68,24865
159,7.64,7.64,7.61,7.61,430
160,7.6048,7.6203,7.6,7.6203,5098
161,7.64,7.64,7.61,7.61,400
162,7.63,7.65,7.63,7.63,10093
163,7.636,7.636,7.63,7.63,699
164,7.6,7.635,7.6,7.63,1933
165,7.6342,7.64,7.601,7.62,2839
166,7.645,7.645,7.63,7.63,1000
167,7.6316,7.64,7.6316,7.64,2324
168,7.64,7.64,7.6373,7.64,890
169,7.64,7.6477,7.63,7.64,2400
170,7.64,7.64,7.64,7.64,500
171,7.64,7.65,7.63,7.64,2000
172,7.64,7.6467,7.6301,7.6301,4600
173,7.63,7.64,7.63,7.63,1377
174,7.64,7.64,7.64,7.64,300
175,7.64,7.6471,7.64,7.64,1100
176,7.64,7.64,7.64,7.64,3200
177,7.64,7.64,7.64,7.64,900
178,7.64,7.64,7.64,7.64,165
179,7.6458,7.6458,7.64,7.64,667
180,7.645,7.65,7.6393,7.6393,1301
181,7.685,7.7,7.645,7.65,7535
182,7.68,7.68,7.67,7.68,1300
183,7.65,7.68,7.65,7.68,7208
288,7.65,7.65,7.65,7.65,649
289,7.7,7.7,7.65,7.65,4003
290,7.7,7.71,7.675,7.68,700
291,7.72,7.72,7.71,7.71,720
292,7.71,7.72,7.708,7.7186,1900
293,7.78,7.78,7.72,7.72,6540
294,7.78,7.79,7.77,7.78,1603
295,7.77,7.77,7.77,7.77,100
296,7.66,7.76,7.66,7.76,3099
297,7.6603,7.71,7.6603,7.71,1600
298,7.69,7.69,7.665,7.68,500
299,7.69,7.69,7.69,7.69,400
300,7.7,7.7,7.7,7.7,200
302,7.65,7.7,7.65,7.7,10700
303,7.66,7.66,7.66,7.66,100
304,7.68,7.69,7.66,7.69,957
305,7.67,7.69,7.67,7.68,400
306,7.69,7.69,7.66,7.66,300
307,7.67,7.69,7.67,7.69,300
308,7.69,7.69,7.66,7.68,400
310,7.68,7.68,7.68,7.68,100
311,7.67,7.67,7.66,7.67,1445
312,7.655,7.67,7.655,7.67,500
313,7.65,7.65,7.65,7.65,100
314,7.66,7.66,7.66,7.66,100
315,7.66,7.66,7.66,7.66,300
316,7.66,7.67,7.65,7.665,6700
317,7.67,7.67,7.66,7.66,1500
318,7.66,7.66,7.66,7.66,200
319,7.655,7.665,7.65,7.665,1117
320,7.65,7.66,7.65,7.655,3400
321,7.645,7.655,7.645,7.65,2355
322,7.64,7.645,7.64,7.645,680
323,7.64,7.65,7.64,7.645,4849
324,7.625,7.65,7.6,7.65,5367
325,7.64,7.64,7.6,7.6,2600
326,7.63,7.63,7.628,7.628,499
327,7.62,7.64,7.61,7.63,2839
432,7.62,7.62,7.62,7.62,905
433,7.65,7.65,7.62,7.62,1249
434,7.7,7.7,7.64,7.64,5910
435,7.68,7.7,7.65,7.673,1303
436,7.67,7.67,7.63,7.66,2530
437,7.66,7.675,7.66,7.675,300
438,7.6602,7.68,7.65,7.67,1800
439,7.66,7.67,7.65,7.67,2000
440,7.65,7.66,7.65,7.65,6100
441,7.65,7.6501,7.64,7.65,6400
442,7.65,7.6599,7.65,7.65,4200
443,7.65,7.655,7.65,7.65,2400
444,7.655,7.655,7.65,7.65,1800
445,7.6501,7.66,7.65,7.65,5634
446,7.68,7.6826,7.65,7.65,5991
447,7.66,7.68,7.66,7.66,3921
448,7.68,7.68,7.67,7.68,3025
449,7.6601,7.6601,7.66,7.66,200
450,7.6601,7.6601,7.6601,7.6601,100
451,7.6601,7.6601,7.6601,7.6601,100
452,7.66,7.68,7.66,7.68,200
453,7.6674,7.68,7.6601,7.6601,706
454,7.68,7.68,7.67,7.67,300
455,7.67,7.67,7.6601,7.6601,265
456,7.6601,7.6601,7.6601,7.6601,100
457,7.7,7.7,7.68,7.68,1500
458,7.67,7.6901,7.65,7.69,9984
459,7.67,7.67,7.66,7.66,300
460,7.66,7.67,7.65,7.6601,6600
461,7.66,7.66,7.65,7.66,1800
462,7.67,7.67,7.66,7.66,3026
463,7.68,7.68,7.68,7.68,100
464,7.68,7.68,7.67,7.67,1900
465,7.6701,7.6701,7.6701,7.6701,100
466,7.6701,7.6701,7.67,7.6701,300
467,7.675,7.6759,7.67,7.6701,2098
468,7.68,7.68,7.67,7.67,300
469,7.7125,7.7125,7.67,7.675,5027
470,7.73,7.74,7.6901,7.7198,5000
471,7.71,7.74,7.69,7.7375,10125
865,7.755,7.755,7.745,7.745,7500
866,7.6965,7.75,7.6965,7.75,299
867,7.7516,7.7516,7.7304,7.7304,1303
869,7.81,7.81,7.7216,7.74,400
870,7.8,7.8,7.8,7.8,605
871,7.77,7.77,7.77,7.77,200
874,7.7672,7.79,7.765,7.765,500
877,7.79,7.79,7.7655,7.7655,820
878,7.8,7.8,7.78,7.78,2300
879,7.82,7.82,7.74,7.78,5438
880,7.7984,7.7984,7.7984,7.7984,100
881,7.8,7.8,7.7501,7.79,1211
882,7.8,7.8,7.8,7.8,100
883,7.77,7.79,7.755,7.775,2400
884,7.7,7.745,7.7,7.745,1343
885,7.695,7.695,7.691,7.693,1000
886,7.742,7.742,7.74,7.74,250
887,7.752,7.752,7.7251,7.74,1557
888,7.79,7.79,7.74,7.76,2500
890,7.81,7.81,7.7752,7.785,2606
891,7.77,7.81,7.77,7.81,2101
892,7.75,7.79,7.74,7.75,2000
893,7.73,7.73,7.71,7.73,800
894,7.7,7.7,7.7,7.7,100
896,7.74,7.74,7.71,7.71,200
897,7.74,7.74,7.74,7.74,200
899,7.715,7.74,7.7,7.735,3522
900,7.72,7.72,7.72,7.72,200
901,7.7,7.715,7.7,7.71,2184
902,7.69,7.71,7.69,7.71,1100
903,7.72,7.72,7.7,7.7,1645
a1495546200,7.77,7.77,7.77,7.77,1385
2,7.79,7.79,7.78,7.78,200
3,7.79,7.79,7.79,7.79,200
4,7.794,7.794,7.794,7.794,160
5,7.82,7.82,7.81,7.81,600
6,7.83,7.84,7.82,7.82,1000
7,7.784,7.84,7.784,7.84,1711
8,7.81,7.81,7.785,7.785,300
9,7.82,7.82,7.81,7.81,400
10,7.82,7.84,7.82,7.84,500
11,7.77,7.84,7.77,7.835,5314
12,7.78,7.79,7.78,7.79,655
13,7.81,7.83,7.81,7.81,1700
14,7.79,7.79,7.79,7.79,100
15,7.83,7.84,7.83,7.83,1400
16,7.83,7.83,7.83,7.83,300
17,7.83,7.83,7.81,7.83,300
18,7.82,7.82,7.81,7.82,300
19,7.82,7.82,7.82,7.82,300
20,7.82,7.82,7.81,7.82,300
21,7.74,7.8001,7.68,7.8,11179
22,7.71,7.73,7.7,7.71,4610
26,7.78,7.78,7.7,7.78,10126
27,7.77,7.77,7.77,7.77,100
28,7.75,7.77,7.72,7.7699,4908
29,7.76,7.76,7.7329,7.7329,1700
30,7.72,7.72,7.72,7.72,100
32,7.74,7.75,7.7288,7.7288,1880
33,7.74,7.74,7.7236,7.7236,618
34,7.72,7.73,7.72,7.72,3000
35,7.72,7.72,7.72,7.72,100
36,7.7115,7.72,7.7,7.71,1550
37,7.71,7.71,7.7,7.71,1100
38,7.72,7.72,7.7,7.7,200
39,7.7,7.72,7.7,7.72,3343
144,7.74,7.74,7.74,7.74,979
145,7.7,7.7,7.69,7.69,1200
146,7.6958,7.7014,7.69,7.7,6220
147,7.692,7.692,7.692,7.692,300
149,7.715,7.715,7.7,7.7,900
150,7.72,7.72,7.7,7.72,1721
151,7.72,7.72,7.72,7.72,300
152,7.7031,7.715,7.69,7.715,3025
153,7.72,7.72,7.71,7.71,300
154,7.72,7.72,7.72,7.72,200
155,7.72,7.72,7.7,7.715,6530
156,7.72,7.72,7.7,7.7,1076
157,7.72,7.72,7.72,7.72,200
158,7.71,7.71,7.71,7.71,600
159,7.71,7.71,7.706,7.71,401
160,7.71,7.71,7.694,7.71,500
161,7.7,7.71,7.7,7.71,321
162,7.71,7.71,7.6993,7.6993,1500
163,7.71,7.71,7.71,7.71,100
164,7.69,7.69,7.69,7.69,100
165,7.71,7.72,7.7053,7.7053,5800
166,7.7,7.72,7.69,7.71,5400
168,7.7,7.71,7.7,7.71,1200
169,7.7,7.71,7.7,7.71,200
170,7.71,7.71,7.706,7.71,810
171,7.71,7.71,7.71,7.71,100
172,7.69,7.71,7.69,7.71,1300
173,7.7,7.71,7.7,7.705,5600
174,7.71,7.71,7.705,7.71,5300
175,7.71,7.72,7.71,7.72,417
176,7.73,7.73,7.7134,7.7134,8546
177,7.76,7.7799,7.76,7.76,1300
178,7.755,7.76,7.755,7.76,500
179,7.81,7.81,7.74,7.76,10060
180,7.79,7.815,7.79,7.81,2100
181,7.81,7.83,7.79,7.795,2963
182,7.82,7.84,7.82,7.82,750
183,7.8,7.84,7.8,7.82,2587
288,7.83,7.83,7.83,7.83,947
289,7.803,7.803,7.803,7.803,250
290,7.83,7.84,7.82,7.82,1400
291,7.84,7.84,7.833,7.84,991
292,7.89,7.89,7.84,7.84,2231
293,7.8721,7.89,7.8721,7.89,200
294,7.88,7.88,7.88,7.88,800
295,7.875,7.88,7.875,7.88,400
296,7.88,7.88,7.8701,7.88,2200
297,7.88,7.88,7.87,7.88,700
298,7.88,7.89,7.88,7.89,400
299,7.875,7.88,7.8724,7.88,1200
300,7.875,7.88,7.87,7.88,700
301,7.878,7.88,7.878,7.88,3800
302,7.85,7.865,7.85,7.865,1000
303,7.87,7.87,7.87,7.87,100
304,7.83,7.86,7.83,7.86,8620
305,7.84,7.84,7.84,7.84,200
306,7.86,7.86,7.85,7.85,200
307,7.85,7.86,7.85,7.86,300
308,7.86,7.86,7.86,7.86,200
309,7.86,7.86,7.86,7.86,200
310,7.86,7.88,7.855,7.855,5088
311,7.86,7.86,7.86,7.86,200
314,7.88,7.88,7.88,7.88,100
315,7.865,7.865,7.85,7.85,818
316,7.85,7.85,7.85,7.85,100
317,7.85,7.86,7.85,7.86,1278
318,7.87,7.88,7.85,7.86,2300
319,7.875,7.875,7.8545,7.8545,7300
320,7.875,7.875,7.875,7.875,100
321,7.88,7.88,7.85,7.87,10400
322,7.89,7.89,7.8708,7.8708,850
323,7.86,7.88,7.855,7.88,700
324,7.85,7.86,7.85,7.85,900
325,7.85,7.8599,7.85,7.85,1300
326,7.85,7.86,7.85,7.85,400
327,7.85,7.85,7.85,7.85,5262
432,7.89,7.89,7.87,7.87,1790
433,7.8899,7.9,7.88,7.88,7000
434,7.851,7.88,7.85,7.87,9270
435,7.84,7.8553,7.84,7.8553,10459
436,7.85,7.85,7.85,7.85,300
437,7.85,7.85,7.84,7.85,500
440,7.85,7.85,7.84,7.84,1300
441,7.855,7.8571,7.85,7.85,2200
442,7.85,7.85,7.85,7.85,300
444,7.85,7.855,7.85,7.855,200
446,7.85,7.8501,7.85,7.85,514
447,7.85,7.85,7.85,7.85,100
449,7.85,7.855,7.85,7.855,300
453,7.87,7.87,7.86,7.86,1400
455,7.88,7.885,7.88,7.88,2105
456,7.85,7.89,7.85,7.89,4400
457,7.86,7.88,7.86,7.88,300
458,7.88,7.88,7.8503,7.86,9975
459,7.86,7.89,7.8584,7.87,4791
460,7.8701,7.88,7.85,7.86,2900
462,7.86,7.86,7.85,7.85,472
463,7.89,7.895,7.8653,7.8653,3400
465,7.88,7.89,7.88,7.88,6546
466,7.88,7.9,7.88,7.9,4548
467,7.88,7.88,7.88,7.88,100
468,7.89,7.9158,7.8865,7.89,4246
469,7.88,7.89,7.88,7.89,665
470,7.89,7.9,7.89,7.9,591
471,7.9,7.92,7.88,7.89,11273
a1496151000,7.88,7.88,7.88,7.88,308
1,7.88,7.88,7.88,7.88,300
2,7.85,7.8635,7.85,7.8635,1444
3,7.86,7.86,7.85,7.85,600
4,7.8899,7.8899,7.8899,7.8899,5000
6,7.93,7.94,7.87,7.87,20382
7,8.03,8.03,7.93,7.94,17745
8,8,8.005,8,8.005,1300
9,8.025,8.03,8.01,8.01,2700
10,8.02,8.025,8.02,8.0218,900
11,8.025,8.025,8.025,8.025,300
12,8.005,8.025,8.005,8.02,1831
13,7.98,8.005,7.98,8.005,1000
15,8.01,8.01,7.98,7.98,11100
16,7.99,7.99,7.99,7.99,100
17,7.98,8,7.98,8,320
19,7.99,7.99,7.99,7.99,100
20,7.91,7.98,7.91,7.98,9845
21,7.864,7.9101,7.864,7.91,12661
22,7.85,7.861,7.85,7.85,1783
23,7.83,7.84,7.82,7.84,1234
24,7.84,7.84,7.84,7.84,100
25,7.8338,7.86,7.8338,7.85,745
26,7.83,7.8405,7.83,7.8405,1840
27,7.8599,7.8599,7.835,7.84,1319
28,7.84,7.86,7.84,7.86,3400
29,7.855,7.855,7.855,7.855,100
30,7.9,7.9,7.85,7.87,15826
31,7.9,7.915,7.9,7.9,800
32,7.882,7.89,7.882,7.89,837
33,7.88,7.91,7.88,7.882,600
34,7.9,7.91,7.89,7.89,2649
35,7.895,7.9,7.895,7.9,454
36,7.91,7.93,7.895,7.9,7699
37,7.87,7.89,7.82,7.883,14830
38,7.86,7.9,7.85,7.88,8520
39,7.89,7.94,7.85,7.86,14484
145,7.8396,7.89,7.8396,7.89,7604
146,7.91,7.91,7.88,7.88,300
147,7.85,7.9,7.85,7.87,1319
148,7.85,7.89,7.83,7.89,1400
149,7.8426,7.86,7.83,7.86,1400
150,7.91,7.91,7.85,7.86,1400
151,7.92,7.92,7.9,7.91,1200
152,7.9,7.91,7.895,7.9,1000
153,7.9,7.91,7.9,7.9,1080
154,7.91,7.91,7.89,7.9,1300
155,7.91,7.91,7.9,7.9,600
156,7.89,7.91,7.89,7.9,688
157,7.88,7.9,7.865,7.89,2500
158,7.885,7.8971,7.86,7.88,4400
159,7.87,7.9,7.87,7.885,2878
160,7.8657,7.88,7.86,7.86,1250
161,7.88,7.88,7.86,7.88,1200
162,7.88,7.88,7.86,7.868,3500
163,7.88,7.88,7.87,7.87,800
164,7.89,7.89,7.87,7.87,1200
165,7.89,7.89,7.88,7.89,1400
166,7.9,7.9,7.87,7.9,1832
167,7.8705,7.9,7.87,7.9,2100
168,7.86,7.89,7.86,7.89,500
169,7.87,7.88,7.865,7.87,500
170,7.86,7.865,7.86,7.865,600
171,7.822,7.84,7.813,7.84,1750
172,7.84,7.84,7.83,7.84,500
173,7.81,7.83,7.8,7.83,500
174,7.815,7.82,7.8,7.82,800
175,7.82,7.84,7.815,7.82,5100
176,7.825,7.83,7.82,7.83,500
177,7.82,7.825,7.82,7.825,1681
178,7.82,7.83,7.81,7.82,3934
179,7.82,7.83,7.81,7.82,500
180,7.82,7.83,7.81,7.81,1200
181,7.83,7.83,7.81,7.83,857
182,7.8,7.82,7.8,7.81,11091
183,7.77,7.805,7.75,7.805,45397
288,7.79,7.79,7.79,7.79,411
290,7.79,7.82,7.79,7.82,300
291,7.77,7.77,7.77,7.77,100
293,7.77,7.7701,7.77,7.7701,500
294,7.79,7.79,7.77,7.77,1600
295,7.8025,7.82,7.8025,7.82,865
297,7.8,7.8,7.8,7.8,200
298,7.805,7.805,7.805,7.805,100
299,7.805,7.805,7.805,7.805,100
300,7.78,7.8,7.78,7.8,1555
301,7.78,7.79,7.78,7.79,3334
303,7.81,7.81,7.78,7.7879,3140
304,7.8,7.84,7.8,7.84,3119
305,7.79,7.82,7.79,7.82,6204
306,7.84,7.84,7.8,7.8,1568
307,7.8201,7.84,7.8201,7.84,300
308,7.77,7.86,7.77,7.85,17659
309,7.759,7.77,7.74,7.75,8531
310,7.79,7.79,7.77,7.77,950
311,7.8001,7.81,7.8001,7.81,200
312,7.825,7.825,7.825,7.825,100
313,7.8399,7.84,7.8399,7.84,5100
314,7.83,7.83,7.82,7.82,1394
315,7.83,7.83,7.82,7.83,2291
316,7.83,7.83,7.83,7.83,614
317,7.838,7.838,7.83,7.83,400
318,7.8501,7.88,7.8345,7.84,3201
320,7.86,7.86,7.855,7.855,200
321,7.83,7.85,7.82,7.85,800
322,7.85,7.85,7.83,7.83,300
323,7.82,7.85,7.82,7.85,600
324,7.82,7.83,7.82,7.83,1884
325,7.83,7.83,7.83,7.83,409
326,7.81,7.83,7.81,7.82,1003
327,7.85,7.89,7.81,7.81,34334
432,7.84,7.84,7.84,7.84,664
433,7.8,7.8,7.8,7.8,100
435,7.83,7.83,7.83,7.83,100
436,7.9,7.9,7.8498,7.85,6786
437,7.9,7.9,7.9,7.9,300
438,7.9,7.91,7.875,7.91,700
439,7.9,7.9,7.89,7.89,200
440,7.905,7.905,7.9,7.9,2900
441,7.891,7.901,7.891,7.901,1800
442,7.895,7.895,7.895,7.895,100
443,7.895,7.895,7.895,7.895,100
444,7.901,7.91,7.8999,7.9,5680
446,7.91,7.91,7.905,7.905,1600
447,7.86,7.905,7.86,7.9,5959
448,7.88,7.88,7.864,7.864,200
449,7.85,7.88,7.85,7.88,2278
450,7.864,7.864,7.864,7.864,100
451,7.839,7.86,7.81,7.86,16055
452,7.835,7.85,7.81,7.815,4363
453,7.82,7.823,7.82,7.823,500
454,7.8,7.84,7.8,7.835,4445
455,7.82,7.82,7.8,7.82,1040
456,7.79,7.81,7.79,7.81,2100
457,7.794,7.794,7.79,7.793,2100
458,7.79,7.8,7.79,7.79,2700
459,7.75,7.795,7.75,7.795,3751
460,7.78,7.78,7.755,7.755,300
461,7.802,7.8199,7.78,7.78,7860
462,7.8,7.801,7.79,7.793,800
463,7.8,7.816,7.8,7.802,2296
464,7.8,7.801,7.8,7.8,1100
465,7.816,7.82,7.8,7.805,900
466,7.81,7.81,7.81,7.81,300
467,7.8,7.8,7.8,7.8,100
468,7.829,7.829,7.817,7.817,1600
469,7.83,7.835,7.81,7.82,1402
470,7.81,7.8247,7.8,7.8247,7389
471,7.8,7.82,7.8,7.81,4265
864,7.8,7.8,7.8,7.8,301
865,7.81,7.81,7.81,7.81,100
867,7.8162,7.83,7.8149,7.8149,1200
868,7.83,7.83,7.8033,7.8033,4816
871,7.8,7.8,7.8,7.8,100
872,7.8161,7.8161,7.8161,7.8161,400
875,7.82,7.82,7.8,7.8,3402
876,7.81,7.82,7.81,7.82,1090
878,7.83,7.83,7.814,7.82,9700
879,7.86,7.86,7.8299,7.83,5823
882,7.88,7.88,7.84,7.84,6475
884,7.85,7.87,7.85,7.8632,450
885,7.85,7.85,7.85,7.85,100
887,7.85,7.85,7.85,7.85,163
889,7.8596,7.8596,7.8596,7.8596,1000
892,7.88,7.89,7.8599,7.86,6847
893,7.9,7.9,7.9,7.9,221
894,7.9,7.9,7.9,7.9,100
895,7.89,7.91,7.89,7.91,10600
896,7.89,7.89,7.89,7.89,500
897,7.8822,7.8822,7.8822,7.8822,750
898,7.88,7.8854,7.88,7.8854,229
899,7.8743,7.88,7.8709,7.8709,1700
900,7.86,7.9,7.85,7.87,12838
901,7.91,7.91,7.863,7.88,7850
902,7.86,7.8655,7.86,7.86,1700
903,7.86,7.87,7.84,7.845,5353
a1496755800,7.86,7.86,7.86,7.86,512
1,7.869,7.88,7.8429,7.88,3794
4,7.84,7.89,7.84,7.87,4500
5,7.83,7.83,7.83,7.83,300
7,7.855,7.855,7.855,7.855,500
8,7.82,7.82,7.82,7.82,100
10,7.82,7.82,7.82,7.82,190
11,7.82,7.8293,7.82,7.82,1900
12,7.82,7.82,7.82,7.82,100
13,7.815,7.815,7.815,7.815,500
14,7.825,7.84,7.825,7.84,200
16,7.84,7.84,7.801,7.801,850
17,7.81,7.81,7.81,7.81,100
18,7.81,7.81,7.81,7.81,200
19,7.8,7.8069,7.8,7.8069,200
22,7.81,7.81,7.8,7.8,4799
23,7.81,7.81,7.8,7.8,300
24,7.8,7.81,7.8,7.81,395
25,7.8,7.8,7.77,7.8,1133
26,7.7907,7.7999,7.77,7.785,675
27,7.785,7.785,7.785,7.785,100
28,7.77,7.7871,7.77,7.7871,4900
29,7.79,7.79,7.78,7.78,500
30,7.8,7.8,7.79,7.79,1900
31,7.8,7.8,7.79,7.79,3564
32,7.78,7.78,7.78,7.78,200
33,7.79,7.79,7.77,7.78,4141
34,7.77,7.77,7.77,7.77,100
35,7.78,7.78,7.78,7.78,100
36,7.803,7.803,7.8,7.8,650
38,7.79,7.87,7.79,7.81,2983
39,7.8,7.82,7.77,7.77,1821
144,7.83,7.83,7.83,7.83,203
145,7.85,7.85,7.85,7.85,1600
146,7.91,7.91,7.83,7.8471,3950
147,7.87,7.87,7.84,7.87,500
148,7.86,7.87,7.84,7.84,4100
149,7.83,7.8653,7.81,7.85,4060
150,7.8,7.81,7.8,7.81,300
151,7.83,7.83,7.8,7.8,500
152,7.82,7.825,7.82,7.825,300
154,7.825,7.825,7.825,7.825,100
156,7.8,7.82,7.8,7.82,5287
157,7.79,7.8,7.79,7.8,1400
158,7.78,7.79,7.78,7.79,700
159,7.76,7.78,7.76,7.76,1650
160,7.76,7.76,7.75,7.76,1138
161,7.76,7.76,7.76,7.76,100
162,7.76,7.77,7.76,7.76,1265
163,7.76,7.76,7.7536,7.7536,1100
164,7.76,7.76,7.76,7.76,100
165,7.76,7.76,7.76,7.76,100
166,7.76,7.76,7.76,7.76,435
167,7.77,7.78,7.75,7.77,2600
168,7.77,7.78,7.77,7.77,800
169,7.77,7.78,7.77,7.78,1350
170,7.79,7.79,7.79,7.79,100
171,7.79,7.79,7.79,7.79,100
172,7.78,7.8,7.78,7.8,1900
173,7.78,7.8,7.77,7.79,2000
174,7.78,7.78,7.78,7.78,200
175,7.7878,7.8099,7.78,7.78,3119
176,7.8,7.8,7.77,7.78,800
177,7.77,7.78,7.77,7.77,300
178,7.75,7.77,7.75,7.77,2706
179,7.75,7.77,7.75,7.76,700
180,7.7592,7.76,7.74,7.75,8542
181,7.75,7.755,7.71,7.75,11000
182,7.74,7.74,7.72,7.72,2432
183,7.74,7.77,7.7284,7.74,2802
288,7.73,7.73,7.73,7.73,1240
292,7.74,7.74,7.74,7.74,100
293,7.75,7.75,7.7301,7.7301,1600
294,7.73,7.745,7.73,7.745,2093
295,7.7,7.71,7.7,7.71,1800
296,7.7,7.715,7.7,7.715,5795
297,7.68,7.7084,7.68,7.7084,8114
298,7.67,7.685,7.67,7.68,1000
299,7.67,7.687,7.67,7.67,1505
300,7.69,7.69,7.67,7.67,8620
301,7.69,7.69,7.69,7.69,1555
302,7.7,7.7,7.7,7.7,500
303,7.7,7.7,7.7,7.7,100
305,7.74,7.74,7.7,7.7,12965
306,7.7,7.733,7.7,7.73,17300
307,7.71,7.71,7.7,7.7,300
308,7.74,7.74,7.7,7.71,7032
309,7.76,7.76,7.74,7.74,3050
310,7.76,7.76,7.76,7.76,200
311,7.72,7.72,7.72,7.72,200
312,7.73,7.73,7.73,7.73,200
313,7.73,7.73,7.73,7.73,200
314,7.73,7.7395,7.73,7.73,1400
315,7.73,7.73,7.73,7.73,100
316,7.72,7.74,7.71,7.73,3843
317,7.73,7.73,7.71,7.72,4418
318,7.729,7.729,7.71,7.71,2633
319,7.7299,7.73,7.71,7.71,2600
320,7.745,7.745,7.73,7.73,300
321,7.73,7.73,7.73,7.73,300
322,7.74,7.74,7.74,7.74,200
323,7.74,7.75,7.74,7.74,900
324,7.73,7.73,7.73,7.73,200
325,7.73,7.732,7.73,7.73,900
326,7.73,7.73,7.73,7.73,500
327,7.74,7.75,7.73,7.73,1662
432,7.75,7.75,7.75,7.75,728
434,7.8,7.835,7.8,7.83,700
435,7.84,7.84,7.84,7.84,200
437,7.81,7.8299,7.81,7.8299,7146
438,7.82,7.825,7.82,7.825,1860
439,7.74,7.825,7.74,7.82,6311
440,7.74,7.7579,7.74,7.74,3789
441,7.73,7.74,7.73,7.74,685
442,7.74,7.75,7.73,7.74,1500
443,7.74,7.74,7.73,7.738,1774
444,7.735,7.74,7.73,7.73,3160
445,7.74,7.74,7.73,7.73,500
446,7.735,7.74,7.735,7.74,305
447,7.75,7.7554,7.73,7.73,6095
448,7.745,7.745,7.74,7.74,300
449,7.76,7.76,7.7401,7.7401,8495
450,7.76,7.77,7.76,7.77,300
451,7.74,7.77,7.74,7.77,500
452,7.73,7.74,7.73,7.7363,400
453,7.74,7.74,7.73,7.74,1400
454,7.77,7.77,7.735,7.74,7746
455,7.77,7.77,7.74,7.7507,1400
456,7.76,7.77,7.76,7.77,300
457,7.79,7.7965,7.76,7.77,4103
458,7.79,7.79,7.79,7.79,100
459,7.8,7.8,7.8,7.8,1100
460,7.8299,7.8299,7.81,7.81,3548
461,7.81,7.81,7.81,7.81,100
462,7.82,7.82,7.81,7.81,500
463,7.825,7.825,7.81,7.81,800
464,7.8238,7.84,7.8238,7.83,1180
465,7.8,7.82,7.8,7.81,1100
466,7.78,7.8,7.78,7.8,300
467,7.7878,7.79,7.77,7.77,500
468,7.78,7.78,7.78,7.78,100
469,7.79,7.79,7.77,7.77,300
470,7.81,7.81,7.7747,7.8,3200
471,7.8,7.83,7.78,7.79,3407
864,7.77,7.77,7.77,7.77,3643
865,7.85,7.85,7.77,7.77,8621
866,7.83,7.85,7.83,7.85,795
867,7.79,7.8,7.79,7.8,300
868,7.82,7.82,7.82,7.82,200
869,7.82,7.84,7.78,7.8,1100
870,7.84,7.84,7.82,7.82,200
871,7.78,7.82,7.78,7.82,1580
872,7.77,7.79,7.77,7.78,2185
873,7.76,7.8,7.76,7.76,3271
874,7.77,7.77,7.76,7.76,5208
875,7.76,7.76,7.76,7.76,100
876,7.795,7.795,7.79,7.79,400
877,7.76,7.78,7.76,7.77,4139
878,7.76,7.7675,7.76,7.7675,3371
879,7.76,7.77,7.76,7.76,1220
880,7.76,7.77,7.76,7.76,400
881,7.76,7.76,7.76,7.76,100
882,7.7898,7.7898,7.76,7.76,1200
883,7.785,7.785,7.78,7.78,1397
884,7.785,7.79,7.78,7.79,1000
885,7.78,7.785,7.78,7.785,550
886,7.785,7.7866,7.78,7.7866,1839
887,7.785,7.785,7.78,7.78,2800
888,7.78,7.785,7.78,7.785,200
889,7.78,7.78,7.78,7.78,100
890,7.78,7.785,7.78,7.78,3500
891,7.77,7.78,7.77,7.78,1400
892,7.72,7.78,7.72,7.78,15186
893,7.73,7.73,7.73,7.73,600
894,7.7236,7.7276,7.72,7.72,1792
895,7.7282,7.7282,7.7282,7.7282,1000
896,7.713,7.7201,7.7,7.72,4809
897,7.72,7.73,7.71,7.7139,6405
898,7.7197,7.7197,7.715,7.715,600
899,7.7,7.715,7.7,7.71,1007
900,7.73,7.73,7.71,7.71,4510
901,7.7201,7.73,7.72,7.73,1855
902,7.75,7.75,7.72,7.73,2915
903,7.77,7.77,7.73,7.7499,2000
a1497360600,7.65,7.65,7.65,7.65,5185
1,7.65,7.66,7.65,7.65,1061
2,7.61,7.655,7.6,7.6,3500
3,7.53,7.62,7.53,7.6,9869
4,7.5275,7.53,7.51,7.52,5731
5,7.5399,7.5399,7.51,7.52,7350
6,7.53,7.5353,7.53,7.5353,500
7,7.53,7.5395,7.525,7.535,1700
8,7.525,7.525,7.525,7.525,300
9,7.53,7.56,7.52,7.5266,15530
10,7.57,7.57,7.52,7.54,9987
11,7.57,7.57,7.57,7.57,500
12,7.56,7.58,7.56,7.56,500
13,7.6,7.6,7.57,7.57,1100
14,7.58,7.5932,7.58,7.59,700
15,7.59,7.595,7.58,7.58,300
16,7.59,7.6,7.59,7.6,500
17,7.6,7.6,7.595,7.6,750
18,7.595,7.5992,7.595,7.595,400
19,7.5935,7.595,7.59,7.59,1000
21,7.595,7.6,7.59,7.59,700
22,7.595,7.595,7.595,7.595,100
23,7.595,7.6,7.595,7.6,200
24,7.59,7.591,7.59,7.59,2389
25,7.6,7.6,7.6,7.6,100
26,7.595,7.6,7.595,7.6,400
27,7.6,7.6,7.59,7.59,700
28,7.6,7.6,7.59,7.59,9000
29,7.6,7.6,7.6,7.6,200
30,7.59,7.6,7.59,7.59,2130
31,7.6,7.6,7.595,7.595,400
32,7.6,7.6,7.59,7.595,3650
33,7.595,7.6,7.595,7.6,400
34,7.59,7.6,7.59,7.595,3152
35,7.6,7.6,7.6,7.6,100
36,7.6,7.6,7.595,7.6,1200
37,7.59,7.6,7.59,7.595,4546
38,7.59,7.6,7.58,7.59,5272
39,7.6,7.601,7.59,7.6,7302
144,7.56,7.56,7.56,7.56,3173
145,7.6,7.6,7.6,7.6,2027
146,7.51,7.5228,7.51,7.52,7014
147,7.51,7.51,7.51,7.51,400
148,7.5,7.5199,7.5,7.5,3150
149,7.51,7.51,7.5,7.5,400
150,7.51,7.51,7.51,7.51,500
151,7.5,7.5103,7.5,7.5103,450
152,7.5,7.5,7.5,7.5,100
153,7.51,7.51,7.5,7.5,2000
154,7.49,7.51,7.49,7.5,6435
155,7.49,7.5,7.49,7.49,2286
156,7.51,7.52,7.49,7.49,3730
157,7.5,7.5,7.5,7.5,200
158,7.5,7.5058,7.5,7.5,500
159,7.5,7.5,7.5,7.5,400
160,7.505,7.505,7.505,7.505,100
161,7.52,7.52,7.505,7.505,2400
162,7.5141,7.5141,7.5141,7.5141,750
163,7.5,7.515,7.5,7.515,3952
164,7.49,7.505,7.49,7.505,3300
165,7.4952,7.4952,7.4952,7.4952,100
166,7.5,7.5,7.5,7.5,200
167,7.5,7.5,7.495,7.5,5400
168,7.4979,7.5,7.49,7.4902,4079
169,7.5,7.5,7.5,7.5,100
170,7.495,7.4989,7.495,7.4989,510
171,7.4999,7.4999,7.4999,7.4999,195
172,7.5,7.5,7.5,7.5,100
173,7.495,7.495,7.495,7.495,300
174,7.495,7.495,7.495,7.495,100
176,7.5,7.5,7.5,7.5,225
177,7.495,7.495,7.495,7.495,100
178,7.5,7.5,7.495,7.495,400
179,7.5,7.5,7.49,7.4947,2650
181,7.4937,7.51,7.4937,7.5,700
182,7.51,7.51,7.5,7.51,5900
183,7.51,7.54,7.49,7.5,3774
288,7.46,7.46,7.46,7.46,4676
289,7.5,7.5,7.41,7.42,3032
290,7.469,7.4705,7.4635,7.4635,7749
291,7.46,7.485,7.45,7.48,11679
292,7.45,7.46,7.45,7.46,2600
293,7.45,7.47,7.45,7.45,1250
294,7.4601,7.4713,7.46,7.46,1400
296,7.4976,7.51,7.48,7.48,1520
297,7.5,7.5001,7.5,7.5001,340
298,7.4999,7.5,7.4999,7.5,1431
299,7.4612,7.4999,7.4612,7.48,3800
300,7.49,7.49,7.4799,7.48,2400
301,7.4647,7.47,7.4647,7.47,900
302,7.48,7.48,7.46,7.47,2450
303,7.47,7.47,7.47,7.47,100
304,7.465,7.47,7.465,7.465,1100
305,7.46,7.465,7.46,7.46,2488
306,7.47,7.47,7.46,7.465,5304
307,7.47,7.47,7.47,7.47,450
308,7.47,7.47,7.47,7.47,100
310,7.49,7.49,7.48,7.48,390
311,7.4731,7.4898,7.4731,7.4898,3925
312,7.4899,7.49,7.47,7.48,1500
313,7.48,7.49,7.475,7.48,1177
314,7.48,7.48,7.48,7.48,100
315,7.49,7.49,7.49,7.49,100
316,7.485,7.485,7.485,7.485,100
317,7.48,7.48,7.48,7.48,1000
319,7.49,7.49,7.49,7.49,300
320,7.485,7.485,7.485,7.485,100
323,7.49,7.49,7.48,7.48,1300
324,7.48,7.48,7.48,7.48,200
325,7.48,7.49,7.48,7.49,300
326,7.48,7.48,7.48,7.48,300
327,7.48,7.5,7.47,7.48,1363
432,7.5,7.5,7.5,7.5,1390
433,7.5,7.5,7.5,7.5,317
434,7.497,7.5,7.495,7.495,7400
435,7.4801,7.4914,7.4801,7.49,9200
436,7.4899,7.49,7.48,7.48,1500
437,7.4825,7.485,7.4825,7.485,1431
438,7.49,7.49,7.49,7.49,1100
439,7.46,7.47,7.45,7.47,2100
440,7.45,7.455,7.45,7.455,1500
441,7.46,7.46,7.46,7.46,1000
442,7.455,7.46,7.455,7.455,990
443,7.45,7.455,7.45,7.4507,2900
444,7.4592,7.4593,7.455,7.4593,800
445,7.46,7.46,7.46,7.46,400
447,7.45,7.46,7.45,7.455,1558
448,7.46,7.46,7.46,7.46,100
449,7.45,7.46,7.45,7.45,1900
450,7.4612,7.4713,7.45,7.46,9494
451,7.41,7.4594,7.4,7.45,15573
452,7.417,7.42,7.4,7.41,3295
453,7.4161,7.4161,7.4161,7.4161,2000
457,7.42,7.42,7.42,7.42,300
458,7.435,7.45,7.43,7.45,3713
459,7.4399,7.4399,7.43,7.43,2040
461,7.4308,7.44,7.4308,7.4392,5835
462,7.43,7.43,7.43,7.43,300
463,7.435,7.44,7.435,7.44,200
464,7.4305,7.4375,7.42,7.435,3914
465,7.43,7.43,7.425,7.43,800
466,7.42,7.42,7.42,7.42,100
467,7.42,7.42,7.42,7.42,300
468,7.43,7.44,7.42,7.42,6208
469,7.43,7.43,7.42,7.43,1400
470,7.42,7.44,7.42,7.42,963
471,7.44,7.44,7.42,7.42,9823
864,7.45,7.45,7.45,7.45,635
865,7.46,7.46,7.43,7.4499,9964
866,7.46,7.47,7.46,7.46,1600
867,7.47,7.47,7.47,7.47,100
868,7.48,7.48,7.48,7.48,300
869,7.4601,7.4601,7.4601,7.4601,500
871,7.47,7.478,7.47,7.4775,1685
872,7.4636,7.475,7.4636,7.4699,1813
874,7.47,7.48,7.4688,7.4732,1871
876,7.47,7.475,7.47,7.475,2678
877,7.462,7.462,7.46,7.46,960
878,7.469,7.469,7.46,7.465,6890
881,7.46,7.46,7.46,7.46,300
882,7.45,7.4599,7.45,7.4599,1400
883,7.457,7.46,7.457,7.46,3309
884,7.455,7.455,7.455,7.455,200
885,7.46,7.46,7.4584,7.4584,1200
888,7.45,7.46,7.45,7.455,2133
889,7.46,7.46,7.46,7.46,190
891,7.45,7.46,7.44,7.46,6050
892,7.45,7.45,7.45,7.45,200
893,7.46,7.46,7.4525,7.4525,700
895,7.46,7.46,7.46,7.46,200
896,7.46,7.46,7.46,7.46,700
897,7.4599,7.4599,7.453,7.453,650
898,7.46,7.46,7.454,7.454,300
899,7.4584,7.46,7.4584,7.46,500
900,7.455,7.455,7.4507,7.4507,400
901,7.46,7.46,7.46,7.46,100
902,7.459,7.459,7.459,7.459,400
903,7.45,7.46,7.45,7.455,2660
a1497965400,7.47,7.47,7.47,7.47,3386
1,7.47,7.47,7.47,7.47,100
4,7.455,7.455,7.455,7.455,100
5,7.45,7.455,7.45,7.45,1950
7,7.45,7.45,7.445,7.45,1980
8,7.46,7.46,7.4473,7.45,2400
9,7.45,7.45,7.44,7.45,14191
10,7.46,7.46,7.46,7.46,200
11,7.45,7.46,7.45,7.46,200
12,7.4344,7.45,7.4344,7.45,8728
13,7.4232,7.4332,7.42,7.43,1440
14,7.42,7.42,7.412,7.42,2700
15,7.4101,7.42,7.41,7.42,4140
16,7.406,7.415,7.4054,7.415,1599
17,7.38,7.41,7.38,7.41,2420
18,7.39,7.39,7.39,7.39,200
19,7.39,7.39,7.387,7.387,740
20,7.38,7.39,7.38,7.39,1400
21,7.39,7.39,7.39,7.39,400
22,7.38,7.39,7.38,7.39,500
23,7.39,7.4,7.3701,7.39,5152
24,7.4,7.4,7.39,7.4,2738
25,7.3724,7.4,7.37,7.4,2387
26,7.38,7.38,7.3747,7.38,600
27,7.38,7.38,7.3745,7.3745,822
28,7.39,7.39,7.39,7.39,200
29,7.39,7.39,7.39,7.39,500
30,7.4,7.4,7.395,7.4,700
31,7.4,7.4,7.39,7.4,500
32,7.42,7.42,7.3999,7.4,5382
33,7.42,7.42,7.407,7.407,800
34,7.43,7.43,7.42,7.42,1775
35,7.43,7.43,7.43,7.43,800
36,7.425,7.43,7.415,7.43,900
37,7.425,7.44,7.425,7.43,2750
38,7.42,7.44,7.42,7.44,5134
39,7.42,7.45,7.41,7.42,5291
144,7.4,7.4,7.4,7.4,1585
145,7.45,7.45,7.35,7.35,1761
146,7.4239,7.4239,7.41,7.41,3100
147,7.4499,7.45,7.4101,7.4101,2300
149,7.4398,7.4398,7.42,7.43,4160
150,7.4398,7.4398,7.4398,7.4398,1000
151,7.4,7.43,7.4,7.43,3300
153,7.42,7.42,7.42,7.42,300
154,7.43,7.43,7.43,7.43,100
155,7.41,7.41,7.4,7.41,700
156,7.37,7.405,7.37,7.405,12900
157,7.374,7.382,7.37,7.38,4000
158,7.3601,7.37,7.36,7.37,1680
159,7.35,7.3611,7.34,7.35,7673
160,7.36,7.36,7.35,7.35,1381
161,7.36,7.36,7.36,7.36,100
162,7.37,7.37,7.3507,7.3507,3220
163,7.37,7.37,7.37,7.37,100
164,7.37,7.37,7.37,7.37,200
165,7.37,7.37,7.37,7.37,300
166,7.37,7.37,7.37,7.37,412
168,7.38,7.38,7.3666,7.38,2405
169,7.41,7.43,7.3899,7.39,3204
170,7.41,7.41,7.41,7.41,300
171,7.4,7.41,7.3901,7.3957,4028
174,7.4,7.4,7.3902,7.396,900
175,7.4,7.4,7.4,7.4,200
176,7.4,7.4,7.39,7.39,500
177,7.4,7.4,7.4,7.4,100
178,7.38,7.4,7.38,7.4,6467
179,7.39,7.394,7.38,7.38,2100
180,7.39,7.394,7.36,7.39,7372
181,7.3886,7.3886,7.3886,7.3886,1682
182,7.39,7.41,7.39,7.4,1200
183,7.39,7.4,7.37,7.38,7037
288,7.4,7.4,7.4,7.4,1165
290,7.33,7.36,7.33,7.36,7684
292,7.35,7.365,7.35,7.365,2200
293,7.34,7.35,7.34,7.35,3090
294,7.32,7.335,7.32,7.33,2300
295,7.3,7.3299,7.3,7.32,6951
296,7.3093,7.3093,7.3,7.3066,900
297,7.327,7.33,7.305,7.31,2977
298,7.337,7.337,7.33,7.33,680
299,7.34,7.34,7.34,7.34,150
300,7.34,7.34,7.331,7.333,4300
302,7.34,7.34,7.34,7.34,100
303,7.34,7.34,7.34,7.34,261
304,7.34,7.34,7.34,7.34,303
305,7.3574,7.36,7.35,7.36,800
306,7.35,7.35,7.35,7.35,100
307,7.359,7.36,7.355,7.36,3872
308,7.36,7.36,7.355,7.355,1114
309,7.34,7.355,7.34,7.355,1992
310,7.34,7.34,7.34,7.34,100
312,7.36,7.36,7.3598,7.3598,2820
314,7.3599,7.36,7.3492,7.3492,2800
315,7.35,7.35,7.3499,7.35,2900
316,7.35,7.35,7.345,7.3467,2600
317,7.35,7.35,7.35,7.35,8000
318,7.37,7.37,7.355,7.355,5603
319,7.37,7.37,7.3699,7.37,6100
320,7.367,7.37,7.365,7.37,1934
321,7.37,7.37,7.37,7.37,100
322,7.3699,7.3699,7.3699,7.3699,100
323,7.37,7.37,7.37,7.37,200
325,7.37,7.37,7.37,7.37,500
326,7.37,7.37,7.37,7.37,300
327,7.37,7.37,7.35,7.365,5661
432,7.36,7.36,7.36,7.36,322
435,7.37,7.37,7.35,7.35,2100
437,7.37,7.37,7.35,7.35,2152
438,7.36,7.36,7.35,7.35,1700
439,7.343,7.343,7.343,7.343,129
440,7.35,7.36,7.34,7.34,6156
441,7.36,7.36,7.34,7.34,1100
442,7.37,7.37,7.35,7.35,1879
443,7.38,7.38,7.38,7.38,100
444,7.39,7.39,7.38,7.38,600
445,7.39,7.39,7.39,7.39,300
447,7.38,7.4,7.37,7.4,5600
449,7.39,7.39,7.39,7.39,100
451,7.385,7.385,7.385,7.385,412
452,7.384,7.384,7.384,7.384,300
456,7.39,7.39,7.38,7.3835,1306
458,7.39,7.39,7.385,7.385,300
459,7.39,7.39,7.39,7.39,100
462,7.375,7.385,7.3739,7.385,3400
463,7.3766,7.38,7.37,7.38,1100
464,7.385,7.39,7.385,7.39,500
465,7.39,7.39,7.39,7.39,200
466,7.385,7.385,7.385,7.385,200
467,7.375,7.39,7.375,7.38,2900
468,7.38,7.38,7.37,7.37,300
469,7.375,7.38,7.375,7.38,300
470,7.38,7.38,7.37,7.38,500
471,7.38,7.39,7.38,7.38,4191
864,7.4,7.4,7.4,7.4,1278
865,7.44,7.45,7.3996,7.4,2782
868,7.43,7.43,7.43,7.43,400
869,7.42,7.44,7.42,7.44,610
870,7.42,7.42,7.42,7.42,300
871,7.41,7.4157,7.41,7.41,2200
873,7.41,7.41,7.41,7.41,200
874,7.404,7.41,7.4001,7.41,2200
875,7.395,7.405,7.395,7.405,3400
876,7.39,7.4,7.39,7.39,1100
877,7.3882,7.3882,7.3882,7.3882,200
879,7.39,7.39,7.39,7.39,100
882,7.43,7.43,7.43,7.43,3100
884,7.43,7.43,7.42,7.42,200
887,7.41,7.42,7.41,7.42,600
889,7.43,7.43,7.43,7.43,100
890,7.43,7.43,7.42,7.42,300
892,7.46,7.46,7.43,7.43,8135
893,7.45,7.455,7.45,7.455,600
894,7.45,7.46,7.45,7.455,1200
895,7.46,7.46,7.455,7.455,1510
896,7.45,7.455,7.45,7.45,2750
897,7.47,7.47,7.44,7.44,3350
898,7.48,7.48,7.46,7.46,300
900,7.46,7.48,7.46,7.47,800
901,7.48,7.48,7.47,7.48,1500
902,7.48,7.4886,7.47,7.4886,1600
903,7.47,7.48,7.4672,7.47,2189
a1498570200,7.49,7.49,7.49,7.49,2881
1,7.49,7.5,7.4163,7.5,2300
2,7.46,7.48,7.42,7.48,6300
3,7.47,7.52,7.455,7.47,9300
4,7.5,7.5,7.49,7.4998,1700
5,7.44,7.4967,7.44,7.4967,5000
6,7.43,7.45,7.43,7.4499,3000
7,7.445,7.45,7.43,7.44,1300
8,7.4545,7.46,7.45,7.45,1309
9,7.45,7.46,7.43,7.46,2702
10,7.46,7.46,7.45,7.45,2609
11,7.45,7.45,7.45,7.45,200
12,7.45,7.46,7.45,7.455,500
13,7.46,7.46,7.45,7.45,300
14,7.455,7.455,7.45,7.45,500
15,7.455,7.455,7.455,7.455,100
16,7.46,7.46,7.45,7.455,1900
17,7.46,7.46,7.4541,7.46,535
18,7.5,7.5,7.46,7.46,3713
19,7.53,7.53,7.495,7.495,300
20,7.53,7.53,7.529,7.5299,1300
21,7.53,7.53,7.52,7.52,1299
22,7.525,7.525,7.52,7.52,300
23,7.52,7.525,7.52,7.525,200
24,7.525,7.53,7.52,7.525,2700
25,7.525,7.53,7.52,7.52,2150
26,7.519,7.53,7.51,7.53,800
27,7.53,7.53,7.51,7.51,900
28,7.518,7.53,7.518,7.53,699
29,7.53,7.53,7.525,7.53,844
30,7.52,7.53,7.52,7.52,1618
31,7.56,7.56,7.529,7.529,8429
32,7.5699,7.57,7.565,7.565,1100
33,7.59,7.59,7.57,7.57,1400
34,7.59,7.59,7.585,7.589,400
35,7.589,7.589,7.589,7.589,141
36,7.58,7.59,7.58,7.59,285
37,7.5898,7.5899,7.58,7.58,7250
38,7.57,7.59,7.57,7.57,5300
39,7.57,7.6,7.57,7.5736,6813
144,7.58,7.58,7.58,7.58,541
146,7.57,7.57,7.56,7.56,400
148,7.5678,7.5678,7.5678,7.5678,500
150,7.538,7.57,7.51,7.5614,18160
151,7.51,7.5299,7.48,7.518,4975
152,7.495,7.495,7.495,7.495,100
153,7.5,7.5,7.486,7.486,1200
154,7.55,7.56,7.51,7.51,2690
155,7.55,7.57,7.53,7.53,2200
156,7.5658,7.5658,7.55,7.56,432
157,7.58,7.58,7.58,7.58,100
159,7.58,7.59,7.5608,7.5608,2000
161,7.6,7.6,7.6,7.6,100
162,7.59,7.6,7.59,7.595,2600
163,7.595,7.595,7.595,7.595,200
164,7.595,7.6,7.59,7.595,800
165,7.59,7.59,7.59,7.59,715
167,7.58,7.58,7.58,7.58,100
168,7.57,7.57,7.57,7.57,100
169,7.57,7.57,7.56,7.57,700
170,7.5565,7.56,7.5565,7.56,900
171,7.55,7.55,7.55,7.55,100
172,7.565,7.57,7.565,7.57,1300
174,7.5693,7.5693,7.5693,7.5693,250
175,7.56,7.56,7.56,7.56,500
176,7.56,7.56,7.56,7.56,300
177,7.565,7.57,7.565,7.565,400
178,7.59,7.59,7.57,7.57,2540
179,7.59,7.59,7.59,7.59,300
180,7.59,7.59,7.5801,7.585,3800
181,7.59,7.59,7.59,7.59,100
182,7.59,7.59,7.58,7.585,1300
183,7.61,7.62,7.5834,7.5834,9211
288,7.63,7.63,7.63,7.63,563
290,7.58,7.595,7.58,7.595,200
291,7.58,7.58,7.58,7.58,400
292,7.54,7.59,7.54,7.58,1100
293,7.5,7.54,7.5,7.54,500
294,7.51,7.52,7.505,7.52,1300
295,7.49,7.51,7.49,7.51,600
296,7.5,7.5,7.5,7.5,500
297,7.504,7.51,7.5,7.5,1000
298,7.53,7.53,7.5,7.5,3238
299,7.5,7.525,7.5,7.525,5821
300,7.5,7.5001,7.5,7.5,1200
301,7.48,7.5,7.48,7.5,3038
302,7.4862,7.4862,7.4862,7.4862,200
303,7.48,7.49,7.48,7.49,562
304,7.48,7.49,7.48,7.49,700
305,7.505,7.505,7.485,7.485,1520
306,7.601,7.7,7.51,7.51,21641
307,7.74,7.75,7.58,7.64,45087
308,8.1,8.14,7.7301,7.7301,110589
309,8,8.17,7.93,8.1,47071
310,8.04,8.07,7.95,7.97,52431
311,8.027,8.13,7.99,8.03,26636
312,8.03,8.05,8,8.01,29448
313,8.005,8.03,8,8.03,8368
314,8.05,8.09,8,8,8231
315,8.08,8.0972,8.06,8.09,9085
316,8.09,8.15,8.07,8.07,14991
317,8.11,8.1396,8.1,8.1,14766
318,8.04,8.1,8.03,8.1,14390
319,8.0399,8.0399,8.03,8.035,4820
320,8.02,8.04,8.02,8.04,4800
321,8,8.01,8,8.01,6200
322,8.0266,8.0266,8,8,6187
323,8.02,8.04,8.02,8.04,4845
324,8.0066,8.03,8,8.03,7700
325,8.02,8.04,7.99,8,7200
326,8.01,8.05,8.01,8.05,9949
327,8.02,8.05,8.01,8.01,14804
432,8.15,8.15,8.15,8.15,4818
433,8.0464,8.15,8.0464,8.15,20272
434,8,8.0621,7.98,8.03,16267
435,8.04,8.07,7.99,8.02,16498
436,8.04,8.05,8.01,8.047,10126
437,8.07,8.07,8.0299,8.0299,8252
438,8.05,8.1199,8.05,8.0836,16639
439,8.15,8.15,8.04,8.0476,8045
440,8.19,8.2,8.1699,8.17,8661
441,8.15,8.17,8.1334,8.17,5529
442,8.1518,8.17,8.13,8.1597,8500
443,8.1,8.15,8.1,8.15,5720
444,8.06,8.11,8.04,8.1012,3624
445,8.07,8.07,8.07,8.07,275
446,8.073,8.1,8.07,8.0768,6900
447,8.0901,8.0901,8.0901,8.0901,500
448,8.13,8.13,8.0803,8.0803,503
449,8.1114,8.13,8.1114,8.115,1300
450,8.13,8.15,8.11,8.1117,3600
451,8.1,8.14,8.1,8.13,5300
452,8.102,8.102,8.095,8.095,1071
453,8.1,8.1001,8.1,8.1,2600
455,8.0986,8.0986,8.08,8.08,200
457,8.09,8.1,8.09,8.1,2575
458,8.1,8.1,8.1,8.1,300
459,8.14,8.15,8.1,8.1,4077
460,8.17,8.17,8.14,8.1499,7474
461,8.17,8.17,8.16,8.17,3303
462,8.16,8.1662,8.16,8.1662,1000
463,8.17,8.17,8.1501,8.16,2600
464,8.17,8.17,8.16,8.17,1900
465,8.19,8.19,8.165,8.17,11800
466,8.17,8.19,8.16,8.19,3990
468,8.17,8.17,8.16,8.1622,3950
469,8.17,8.17,8.16,8.17,2100
470,8.17,8.18,8.17,8.17,4589
471,8.15,8.18,8.15,8.17,35511
864,8.18,8.18,8.18,8.18,1692
865,8.08,8.15,8.08,8.15,400
866,8.04,8.15,8.04,8.1,1520
867,8.05,8.0634,8.05,8.0634,950
868,8.05,8.08,8.05,8.05,5054
869,8.12,8.12,8.07,8.07,2500
870,8.11,8.1372,8.11,8.136,1430
871,8.13,8.13,8.1,8.1,1500
872,8.11,8.11,8.1,8.1,900
873,8.13,8.13,8.1,8.122,1499
874,8.095,8.16,8.08,8.14,14374
875,8.12,8.12,8.08,8.08,1500
876,8.19,8.19,8.11,8.11,9000
877,8.18,8.19,8.17,8.17,5400
878,8.16,8.17,8.16,8.17,800
879,8.19,8.19,8.1559,8.16,2887
880,8.17,8.18,8.16,8.16,500
881,8.18,8.18,8.16,8.16,1000
882,8.2,8.2,8.18,8.18,4600
883,8.24,8.249,8.205,8.205,7950
884,8.22,8.24,8.22,8.2375,5203
885,8.26,8.27,8.23,8.23,13192
a1499261400,8.27,8.27,8.27,8.27,1067
1,8.16,8.27,8.15,8.26,2600
2,8.09,8.153,8.09,8.153,1620
3,8.16,8.19,8.07,8.07,2009
4,8.14,8.14,8.09,8.09,636
5,8.1923,8.1923,8.14,8.14,2000
6,8.15,8.16,8.15,8.16,600
7,8.17,8.17,8.13,8.13,200
8,8.15,8.17,8.15,8.155,2900
9,8.14,8.14,8.13,8.13,300
10,8.09,8.13,8.09,8.13,900
11,8.06,8.0946,8.04,8.09,1500
12,8.07,8.07,8.03,8.05,900
13,8.065,8.075,8.06,8.06,700
14,8.09,8.09,8.06,8.06,1590
15,8.09,8.09,8.075,8.075,2600
16,8.09,8.12,8.09,8.12,1080
17,8.09,8.09,8.09,8.09,200
18,8.12,8.14,8.12,8.13,700
19,8.1,8.1,8.1,8.1,100
20,8.1,8.1,8.1,8.1,100
21,8.1149,8.1149,8.1,8.1,700
22,8.1005,8.105,8.1005,8.105,214
23,8.12,8.12,8.1,8.12,1194
24,8.15,8.15,8.12,8.12,400
25,8.1464,8.15,8.1464,8.15,600
26,8.17,8.17,8.17,8.17,200
27,8.15,8.17,8.15,8.17,500
28,8.2,8.2,8.15,8.17,3162
29,8.16,8.16,8.16,8.16,100
30,8.15,8.16,8.15,8.16,700
31,8.15,8.15,8.14,8.15,300
33,8.18,8.18,8.14,8.15,5960
34,8.1799,8.1799,8.16,8.175,1930
35,8.16,8.16,8.16,8.16,400
36,8.2,8.2,8.16,8.16,900
37,8.17,8.2,8.17,8.2,2029
38,8.12,8.1799,8.1,8.1799,9150
39,8.12,8.14,8.12,8.12,7201
