EXCHANGE%3DNASDAQ
MARKET_OPEN_MINUTE=570
MARKET_CLOSE_MINUTE=960
INTERVAL=600
COLUMNS=DATE,CLOSE,HIGH,LOW,OPEN,VOLUME
DATA=
TIMEZONE_OFFSET=-240
a1493127000,26.5,26.5,26.5,26.5,961
1,26.65,26.75,25.3358,25.3358,4200
2,26.625,26.65,26.5,26.6,3188
3,26.55,26.625,26.5,26.555,2200
4,26.65,26.65,26.55,26.6,8494
5,26.6,26.7,26.6,26.675,9600
6,26.7,26.8,26.6,26.6,7073
7,26.7,26.75,26.65,26.7,1500
8,26.6,26.675,26.6,26.655,2800
9,26.7,26.75,26.65,26.65,2296
10,26.725,26.75,26.7,26.7,2625
11,26.8,26.85,26.705,26.705,4980
12,26.65,26.75,26.65,26.75,1000
13,26.55,26.7,26.55,26.65,2500
14,26.55,26.65,26.5,26.55,1500
15,26.65,26.7,26.55,26.55,500
16,26.75,26.75,26.6,26.65,2100
17,26.75,26.75,26.7,26.7,2700
18,26.75,26.75,26.725,26.75,1900
19,26.805,26.85,26.75,26.75,5403
20,26.8,26.85,26.8,26.85,4500
21,26.8,26.85,26.8,26.805,2493
22,26.8,26.85,26.8,26.8,4388
23,26.8,26.85,26.8,26.8,900
24,26.85,26.9,26.75,26.8,11029
25,26.9,26.9,26.8,26.8,1200
26,26.95,26.95,26.85,26.85,5719
27,27,27.15,26.9,26.9,6796
28,27.024,27.05,26.9,27,15903
29,27,27.05,26.95,27,9233
30,27.05,27.1,26.9804,27,6787
31,27.05,27.1,27,27.05,4000
32,27.1,27.15,27.005,27.05,6100
33,27.05,27.2,27.05,27.15,5100
34,27.1,27.1,27.05,27.075,6002
35,26.95,27.1,26.95,27.055,6646
36,26.95,26.975,26.95,26.95,2550
37,26.95,26.975,26.9,26.95,5600
38,26.95,27,26.95,26.95,5900
39,26.85,26.95,26.85,26.9,26755
144,27,27,27,27,1384
145,26.925,27,26.9,27,52205
146,27.25,27.25,26.9,26.9,1800
147,27.2,27.3,27.2,27.2,900
148,27.225,27.25,27.15,27.15,4432
149,27.15,27.225,27.1242,27.225,13307
150,27.15,27.25,27.15,27.15,4714
151,27.15,27.25,27.1,27.15,3300
152,27.15,27.2,27.1,27.1,3038
153,27.15,27.2,27.15,27.15,7584
154,27.2,27.2,27.1,27.15,2600
155,27.2,27.25,27.1,27.15,8150
156,27.5,27.5,27.2,27.2,7900
157,27.625,27.625,27.45,27.475,1500
158,27.55,27.65,27.4,27.625,3300
159,27.5,27.5,27.4,27.5,4718
160,27.5,27.5,27.5,27.5,2600
161,27.5,27.5,27.5,27.5,1000
162,27.475,27.5,27.475,27.5,900
163,27.5,27.5,27.45,27.45,32469
164,27.5,27.5,27.45,27.5,3232
165,27.5,27.5,27.45,27.5,1100
166,27.45,27.5,27.45,27.5,4734
167,27.5,27.5,27.475,27.475,1350
168,27.5,27.5,27.475,27.5,1400
169,27.5,27.5,27.45,27.45,900
170,27.475,27.5,27.45,27.5,17840
171,27.5,27.5,27.45,27.5,2923
172,27.5,27.5,27.45,27.45,11223
173,27.5,27.5,27.45,27.5,2200
174,27.5,27.5,27.5,27.5,1509
175,27.475,27.5,27.45,27.5,2500
176,27.5,27.5,27.45,27.5,4900
177,27.5,27.5,27.475,27.5,1500
178,27.5,27.5,27.45,27.5,1500
179,27.5,27.5,27.45,27.5,1700
180,27.5,27.5,27.45,27.5,2500
181,27.5,27.5,27.45,27.45,3500
182,27.475,27.5,27.45,27.5,2500
183,27.45,27.5,27.45,27.475,31733
288,27.45,27.45,27.45,27.45,1915
289,27.35,27.5,27.15,27.5,8018
290,27.45,27.45,27.3,27.3,3360
291,27.4,27.5,27.4,27.5,500
292,27.4,27.45,27.35,27.4,3747
293,27.35,27.4,27.325,27.35,8300
294,27.15,27.3,27.15,27.3,6754
295,27.225,27.3,27.15,27.25,6600
296,27.15,27.225,27.15,27.225,5200
297,27.3,27.3,27.1,27.1,12918
298,27.3,27.35,27.25,27.35,14616
299,27.375,27.375,27.25,27.275,8600
300,27.3,27.35,27.3,27.35,3080
301,27.275,27.35,27.275,27.35,1700
302,27.2,27.275,27.2,27.275,3724
303,27.35,27.35,27.25,27.25,4600
304,27.3,27.305,27.25,27.3,18448
305,27.3,27.35,27.275,27.35,2100
306,27.3,27.35,27.3,27.3,1600
307,27.275,27.325,27.275,27.3,2039
308,27.375,27.375,27.3,27.3,1708
309,27.4,27.45,27.4,27.4183,830
310,27.4,27.4,27.3,27.4,3200
311,27.4,27.4,27.4,27.4,200
312,27.4,27.45,27.4,27.45,200
313,27.4,27.429,27.375,27.429,2555
314,27.35,27.4,27.35,27.375,800
315,27.4,27.45,27.35,27.4,1600
316,27.35,27.375,27.325,27.375,1400
317,27.375,27.4,27.325,27.35,2900
318,27.4,27.4143,27.4,27.4,1100
319,27.4,27.45,27.4,27.45,200
320,27.45,27.5,27.4372,27.4372,2421
321,27.4,27.45,27.4,27.425,2025
322,27.375,27.4,27.35,27.35,600
323,27.45,27.5,27.4,27.4,2993
324,27.45,27.475,27.45,27.45,300
325,27.45,27.475,27.45,27.475,1281
326,27.5,27.5,27.475,27.475,6075
327,27.5,27.7,27.425,27.475,58837
432,27.45,27.45,27.45,27.45,106
433,27.45,27.6,27.45,27.5,1600
434,27.5,27.55,27.45,27.45,3709
435,27.55,27.55,27.5488,27.5488,280
436,27.55,27.575,27.55,27.55,1663
437,27.5,27.55,27.5,27.55,1739
438,27.35,27.45,27.35,27.45,1300
439,27.5,27.5,27.375,27.4,3800
440,27.5,27.55,27.5,27.55,2800
441,27.8,27.8,27.5,27.5,4300
442,27.55,27.75,27.55,27.7,8301
443,27.7,27.7,27.6,27.6,1500
444,27.65,27.75,27.65,27.675,4600
445,27.675,27.7,27.625,27.65,1000
446,27.675,27.7,27.675,27.675,500
447,27.65,27.745,27.65,27.7,2300
448,27.65,27.75,27.65,27.75,1300
449,27.675,27.725,27.675,27.7,2500
450,27.7,27.7,27.7,27.7,300
451,27.75,27.75,27.7,27.7,2599
452,27.8,27.825,27.717,27.75,7500
453,27.825,27.85,27.8,27.85,600
454,27.9,27.925,27.85,27.85,4150
455,27.925,28,27.875,27.875,3300
456,27.975,27.975,27.925,27.95,800
457,27.95,28,27.95,27.9682,800
458,27.85,27.95,27.85,27.95,4100
459,27.75,27.855,27.725,27.85,4821
460,27.825,27.85,27.755,27.8,1800
461,27.8,27.875,27.8,27.85,3966
462,27.825,27.85,27.81,27.825,1000
463,27.825,27.825,27.825,27.825,600
464,27.75,27.825,27.75,27.8,1700
465,27.8,27.825,27.75,27.75,2400
466,27.825,27.85,27.825,27.85,500
467,27.85,27.9,27.85,27.85,5289
468,27.825,27.85,27.8,27.85,1200
469,27.775,27.85,27.75,27.8,8574
470,27.7,27.75,27.7,27.75,9973
471,27.6,27.75,27.6,27.7,50957
864,27.65,27.65,27.65,27.65,3262
865,27.35,27.7,27.35,27.65,6167
866,27.5,27.5,27.35,27.35,1081
867,27.35,27.5,27.35,27.5,5137
868,27.4,27.55,27.4,27.4,9000
869,27.35,27.3768,27.3,27.375,3500
870,27.45,27.45,27.4,27.419,1108
871,27.64,27.64,27.4112,27.4112,3946
872,27.625,27.65,27.625,27.65,700
873,27.45,27.65,27.45,27.65,6714
874,27.5,27.5,27.5,27.5,400
875,27.55,27.55,27.55,27.55,313
876,27.7,27.7,27.55,27.55,500
877,27.65,27.7,27.65,27.7,2580
878,27.6,27.65,27.6,27.65,10700
879,27.8,27.8,27.65,27.65,2900
880,27.75,27.8646,27.75,27.8,6298
881,27.8,27.8,27.7,27.75,11780
882,27.725,27.8,27.7,27.75,3400
883,27.725,27.725,27.675,27.7,2000
884,27.7,27.7,27.655,27.7,663
885,27.75,27.775,27.7,27.7,2900
886,27.725,27.775,27.7,27.775,4750
887,27.85,27.85,27.75,27.75,9788
888,27.925,27.95,27.9,27.9,800
889,28,28.025,27.95,27.95,12367
890,28.05,28.05,27.975,28,9300
891,28.125,28.15,28.05,28.05,9454
892,28.1,28.25,28.1,28.15,7204
893,28.075,28.1,28.05,28.05,800
894,27.925,28.05,27.9,28.05,1810
895,27.85,27.9,27.85,27.9,1900
896,27.86,27.9,27.85,27.85,3146
897,27.875,27.9,27.855,27.9,1665
898,27.855,27.9,27.855,27.875,1050
899,27.9,27.9,27.8,27.875,11177
900,28.075,28.075,27.95,27.95,6000
901,27.9,28.025,27.9,28.025,3580
902,27.925,27.925,27.9,27.925,3302
903,27.8,27.925,27.75,27.925,47855
a1493731800,27.95,27.95,27.95,27.95,1503
1,28.1,28.1,28,28,700
2,27.85,28,27.775,28,4500
3,27.65,27.75,27.65,27.75,6586
4,27.7,27.7,27.65,27.65,3237
5,27.75,27.75,27.65,27.65,3048
6,27.7015,27.7015,27.65,27.7,1801
7,27.65,27.7386,27.625,27.7,6001
8,27.7,27.75,27.65,27.65,1901
9,27.65,27.7,27.65,27.675,13750
10,27.75,27.75,27.65,27.65,7259
11,27.7,27.85,27.7,27.85,1888
12,27.775,27.8,27.7,27.75,1500
13,27.7,27.8,27.7,27.775,5360
14,27.65,27.725,27.65,27.7,2100
15,27.65,27.675,27.65,27.65,2500
16,27.675,27.7,27.675,27.7,4313
17,27.675,27.675,27.675,27.675,400
18,27.6,27.7,27.6,27.675,3636
19,27.6,27.65,27.5,27.65,4800
20,27.55,27.55,27.5,27.55,500
21,27.55,27.575,27.525,27.55,800
22,27.45,27.55,27.45,27.525,3801
23,27.475,27.475,27.35,27.4,2900
24,27.35,27.475,27.35,27.475,9705
25,27.4,27.4,27.3,27.3,2163
26,27.25,27.4,27.25,27.4,7649
27,27.3,27.35,27.25,27.25,3824
28,27.2873,27.35,27.25,27.3,4848
29,27.275,27.3,27.25,27.3,2328
30,27.3,27.35,27.3,27.3,4330
31,27.2,27.3,27.2,27.3,3758
32,27.3,27.3,27.225,27.225,2000
33,27.25,27.3,27.2,27.25,4200
34,27.25,27.3,27.2374,27.25,10624
35,27.25,27.3,27.25,27.3,7800
36,27.35,27.375,27.25,27.25,10071
37,27.4,27.425,27.3127,27.3127,12967
38,27.4,27.45,27.25,27.4,33401
39,27.5,27.5,27.275,27.4,65268
144,27.2,27.2,27.2,27.2,702
145,27.2,27.2,27.05,27.2,1800
146,27.2,27.212,26.95,27.05,4700
147,26.95,27.175,26.95,27.175,1700
148,26.6,26.95,26.5,26.95,9685
149,26.6,26.6,26.5,26.5866,3050
150,26.6,26.65,26.45,26.65,6057
151,26.66,26.75,26.6,26.6,3443
152,26.65,26.75,26.65,26.7,700
153,26.675,26.7,26.65,26.65,600
154,26.65,26.7,26.6,26.7,1900
155,26.7,26.7,26.65,26.65,2900
156,26.65,26.73,26.65,26.7,2500
157,26.7976,26.7976,26.65,26.65,1452
158,26.8,26.8,26.75,26.8,900
159,26.775,26.8,26.775,26.775,1000
160,26.85,26.85,26.8,26.8,1200
161,26.95,26.95,26.85,26.85,5131
162,27,27,26.95,26.95,2900
163,27.05,27.05,26.95,27,2300
164,27,27.05,27,27.025,300
165,26.95,27,26.95,27,1227
166,26.85,26.975,26.85,26.95,2600
167,27,27,26.875,26.875,13649
168,26.9,26.95,26.85,26.95,15900
169,26.9,26.9,26.825,26.875,3000
170,26.875,26.875,26.875,26.875,100
171,26.85,26.875,26.825,26.875,2400
172,26.95,26.95,26.9,26.9,1526
173,26.9,26.95,26.875,26.95,1270
174,26.8397,26.925,26.825,26.925,1818
175,26.875,26.875,26.825,26.825,1600
176,26.975,27.025,26.85,26.875,6476
177,27,27,26.975,26.975,6014
178,26.975,27.1,26.975,27,7489
179,27.025,27.05,26.975,26.975,1600
180,27.175,27.225,27.05,27.05,6000
181,27.175,27.25,27.175,27.2,2700
182,27.175,27.25,27.175,27.2,7172
183,27.2,27.25,27.15,27.175,47240
288,28,28,28,28,6887
289,30.05,30.4,28.1,28.1,15158
290,30,30.45,29.2,29.95,27023
291,30.65,31,29.8547,30,24588
292,31.3413,31.3413,30.75,30.75,14528
293,31.45,31.65,31.355,31.425,15174
294,31,31.4,31,31.4,8939
295,31.05,31.1,30.8,31.05,4300
296,31.025,31.15,30.95,31.05,21205
297,31,31.025,30.95,31.025,11392
298,31,31,30.8,31,6082
299,30.975,31,30.95,30.984,7411
300,31,31.025,30.975,30.975,1990
301,30.95,31.05,30.95,31.025,7201
302,30.85,31,30.8,30.975,2415
303,30.75,30.85,30.75,30.85,3300
304,30.55,30.8,30.55,30.8,3150
305,29.9644,30.6,29.95,30.6,11655
306,30.3,30.45,30,30.05,6000
307,30.5,30.525,30.375,30.375,3350
308,30.2,30.475,30.2,30.455,9580
309,30.4,30.4,30.15,30.2,12135
310,30.45,30.5,30.2,30.4,15362
311,30.5,30.5,30.45,30.45,26498
312,30.5,30.55,30.475,30.5,26866
313,30.5,30.5,30.375,30.5,9400
314,30.5,30.55,30.35,30.5,6037
315,30.35,30.55,30.35,30.5,3700
316,30.5,30.55,30.4,30.45,6619
317,30.675,30.75,30.5,30.5,16733
318,30.675,30.7,30.65,30.7,5668
319,31,31.075,30.675,30.675,22632
320,31.05,31.1,31,31,6600
321,30.9,31.1,30.85,31.1,10322
322,30.9,30.95,30.85,30.9,8679
323,30.95,31,30.9,30.9,9136
324,31.05,31.1,30.975,31,9934
325,31,31.1,30.95,31.1,13440
326,30.9,31,30.9,30.975,13539
327,30.8,30.95,30.7,30.925,75106
432,30.95,30.95,30.95,30.95,5658
433,30.75,31.2,30.5,31.15,5300
434,30.6,30.8,30.45,30.775,3400
435,30.55,30.75,30.5,30.7,3500
436,30.6,30.6,30.35,30.55,3200
437,30.5,30.65,30.5,30.65,4800
438,30.45,30.6,30.45,30.575,3800
439,30.5,30.5,30.35,30.4,5300
440,30.75,30.76,30.5,30.5,21930
441,30.8,30.85,30.775,30.8,8913
442,30.95,31,30.75,30.8,10122
443,30.9,30.95,30.9,30.95,7000
444,30.8,30.95,30.75,30.9,6323
445,30.95,30.95,30.8,30.8,5200
446,30.95,30.95,30.85,30.9,3900
447,30.95,30.95,30.9183,30.95,3066
448,30.975,31,30.95,30.95,2663
449,30.95,30.95,30.8,30.95,4675
450,30.8,30.975,30.8,30.95,4968
451,30.8,30.8,30.738,30.8,2400
452,30.85,30.85,30.825,30.825,1400
453,30.9,30.9,30.85,30.875,1978
454,30.85,30.9,30.8,30.8,5264
455,30.85,30.85,30.8,30.85,1780
456,30.85,30.875,30.8,30.85,7000
457,30.875,30.925,30.81,30.81,13205
458,30.85,30.85,30.85,30.85,3000
459,30.9,30.95,30.85,30.9,17137
460,30.875,30.9,30.85,30.9,3981
461,30.775,30.875,30.75,30.875,11742
462,30.75,30.8,30.7,30.75,9943
463,30.8,30.8,30.725,30.725,8817
464,30.825,30.825,30.8,30.825,1000
465,30.775,30.825,30.75,30.825,4804
466,30.675,30.8,30.675,30.8,27547
467,30.8,30.8,30.675,30.7,7900
468,30.8,30.825,30.775,30.8,10600
469,30.8,30.825,30.767,30.8,10945
470,30.7,30.825,30.65,30.8,22162
471,30.65,30.75,30.65,30.675,69601
865,30.7,31.25,30.6,30.65,3755
866,30.8,30.8,30.7,30.8,9500
867,30.7,30.8092,30.675,30.8,5699
868,30.7693,30.8,30.7,30.7,3850
869,30.6,30.75,30.555,30.75,8780
870,30.675,30.7,30.55,30.55,3264
871,30.85,30.9,30.625,30.7,6896
872,30.85,30.9,30.85,30.85,9897
873,30.7,30.85,30.7,30.85,6054
874,31,31,30.7439,30.75,5459
875,31.1,31.1,30.95,30.95,4668
876,30.975,31.075,30.95,31.075,3367
877,30.75,30.925,30.75,30.925,2520
878,30.725,30.775,30.725,30.75,1700
879,30.75,30.75,30.7,30.725,2900
880,30.65,30.75,30.65,30.725,7373
881,30.675,30.7,30.65,30.65,1600
882,30.625,30.7,30.6,30.65,26652
883,30.45,30.65,30.45,30.625,21889
884,30.575,30.65,30.45,30.45,12384
885,30.575,30.625,30.575,30.6,2814
886,30.6,30.65,30.575,30.575,6895
887,30.6,30.65,30.575,30.575,1984
888,30.625,30.65,30.6,30.6,2902
889,30.6033,30.625,30.55,30.6,4000
890,30.65,30.65,30.6,30.6,4851
891,30.65,30.65,30.6,30.625,3848
892,30.65,30.675,30.625,30.65,7611
893,30.65,30.65,30.625,30.65,2000
894,30.625,30.65,30.6,30.625,3500
895,30.675,30.675,30.6175,30.625,3495
896,30.625,30.7,30.6,30.675,7584
897,30.675,30.7,30.6,30.625,3345
898,30.625,30.7,30.6,30.675,31197
899,30.65,30.675,30.6,30.6,6700
900,30.65,30.675,30.625,30.65,8300
901,30.475,30.65,30.4,30.625,18708
902,30.6,30.6,30.4543,30.5,8957
903,30.65,30.7,30.6,30.65,73999
a1494336600,30.75,30.75,30.75,30.75,1044
1,30.75,30.85,30.6,30.845,2150
2,30.65,30.7,30.65,30.7,600
3,30.55,30.6,30.45,30.6,7650
4,30.7,30.7,30.6,30.65,10900
5,30.6,30.7,30.6,30.65,991
6,30.75,30.75,30.6,30.65,2826
7,30.6,30.7,30.6,30.65,7300
8,30.45,30.7,30.35,30.7,6224
9,30.35,30.5,30.35,30.5,800
10,30.45,30.55,30.4,30.45,5189
11,30.35,30.5,30.35,30.4,2700
12,30.3,30.4,30.25,30.25,2029
13,30.4154,30.4154,30.3,30.3,1088
14,30.55,30.55,30.35,30.45,1200
15,30.5,30.65,30.5,30.55,2035
16,30.55,30.65,30.55,30.6,1300
17,30.65,30.65,30.65,30.65,300
18,30.6,30.6,30.55,30.55,2900
19,30.6,30.65,30.6,30.65,500
20,30.645,30.65,30.6,30.65,1070
21,30.6,30.65,30.6,30.65,1294
22,30.6,30.6,30.55,30.6,1357
23,30.65,30.65,30.55,30.6,2100
24,30.6,30.65,30.5,30.65,6400
25,30.65,30.7,30.55,30.55,6848
26,30.55,30.65,30.55,30.65,7500
27,30.55,30.55,30.55,30.55,1098
28,30.5167,30.6,30.5,30.6,3825
29,30.55,30.6,30.525,30.55,5500
30,30.6,30.6,30.55,30.575,1500
31,30.55,30.625,30.525,30.6,6900
32,30.5,30.55,30.4,30.5,9400
33,30.5,30.55,30.475,30.5,9088
34,30.5,30.55,30.45,30.5,9575
35,30.55,30.55,30.5,30.55,6600
36,30.55,30.55,30.525,30.55,2188
37,30.5,30.525,30.45,30.5,18696
38,30.5,30.5,30.425,30.45,6968
39,30.35,30.55,30.35,30.5,42497
144,30.2,30.2,30.2,30.2,1338
145,30.06,30.25,30.06,30.25,2395
146,30.15,30.35,30.1,30.25,3000
147,30.23,30.25,30.1,30.2,2500
148,30.15,30.25,30.15,30.25,1973
149,30,30.15,30,30.15,6611
150,29.95,30.05,29.95,29.95,2945
151,29.9,30,29.9,29.95,3623
152,29.95,30,29.9,29.9,2047
153,29.85,29.95,29.85,29.95,3100
154,29.9,29.95,29.85,29.85,1700
155,29.9,29.95,29.85,29.95,2258
156,29.8,29.9,29.8,29.85,2800
157,29.85,29.9,29.75,29.8,2399
158,29.8,29.85,29.7,29.85,4400
159,29.85,29.95,29.8,29.85,5200
160,29.85,29.9,29.8,29.85,5470
161,29.75,29.85,29.75,29.85,7823
162,29.65,29.8,29.65,29.75,9355
163,29.65,29.75,29.6,29.65,11862
164,29.65,29.7,29.65,29.7,1804
165,29.65,29.7,29.6,29.7,2200
166,29.675,29.7,29.675,29.7,5600
167,29.65,29.675,29.625,29.675,5429
168,29.65,29.65,29.575,29.625,4847
169,29.55,29.6444,29.55,29.625,3800
170,29.6,29.6,29.55,29.6,6705
171,29.575,29.65,29.575,29.65,1400
172,29.6,29.65,29.55,29.55,7400
173,29.55,29.75,29.525,29.6,25873
174,29.55,29.65,29.5,29.65,4700
175,29.6,29.65,29.45,29.6,24059
176,29.65,29.7,29.55,29.55,3500
177,29.7,29.7,29.625,29.7,7900
178,29.675,29.7,29.675,29.7,5338
179,29.65,29.7,29.65,29.7,5200
180,29.65,29.7,29.65,29.65,3100
181,29.6,29.7,29.55,29.65,11208
182,29.575,29.65,29.575,29.6,6687
183,29.6,29.65,29.55,29.6,24445
288,29.45,29.45,29.45,29.45,1897
289,29.4,29.6,29.4,29.491,1000
290,29.25,29.35,29.2,29.3,2492
291,29,29.3,29,29.2,2675
292,29.25,29.25,29.05,29.05,3397
293,29.15,29.3335,29.15,29.22,8300
294,29.05,29.2,29.025,29.15,3000
295,29.05,29.1,29.045,29.045,4237
296,29.05,29.1,29.05,29.05,3700
297,29.05,29.05,29,29,3100
298,29.1,29.2,29.05,29.05,22137
299,29.275,29.35,29.15,29.15,21615
300,29.5,29.55,29.25,29.25,8243
301,29.8,29.85,29.55,29.55,6900
302,29.65,29.825,29.65,29.8,12900
303,29.8,29.825,29.65,29.65,3100
304,29.7,29.9,29.7,29.8,5450
305,29.8,29.8,29.65,29.65,1900
306,29.825,29.825,29.75,29.75,1600
307,29.775,29.8,29.75,29.75,2500
308,29.8,29.8,29.775,29.775,3200
309,29.7,29.8,29.7,29.8,1617
310,29.8,29.8,29.675,29.675,2400
311,29.775,29.8,29.75,29.775,2800
312,29.8,29.8,29.75,29.75,1800
313,29.8,29.8,29.755,29.8,3701
314,29.75,29.8,29.725,29.8,5668
315,29.8,29.8,29.75,29.75,5000
316,29.75,29.8,29.75,29.8,7100
317,29.75,29.75,29.725,29.75,1168
318,29.829,29.829,29.75,29.8,5200
319,29.85,29.85,29.8,29.8,1800
320,29.825,29.85,29.775,29.85,5867
321,29.775,29.85,29.775,29.8,3144
322,29.8,29.85,29.775,29.8,5861
323,29.775,29.8,29.77,29.8,4931
324,29.7,29.8,29.675,29.8,5174
325,29.75,29.75,29.7,29.725,6926
326,29.8,29.8,29.75,29.75,7137
327,29.8,29.8,29.75,29.8,25380
432,29.65,29.65,29.65,29.65,758
433,29.6,29.7,29.5,29.65,2000
434,29.65,29.7,29.55,29.55,900
435,29.6,29.8,29.6,29.65,2354
436,29.4,29.5,29.4,29.45,1600
437,29.45,29.45,29.4,29.4,900
438,29.4,29.4,29.25,29.4,3300
439,29.4,29.45,29.4,29.4,1505
440,29.4,29.45,29.4,29.4,1000
441,29.3,29.4,29.3,29.4,1726
442,29.45,29.45,29.3,29.3,1000
443,29.475,29.5,29.4,29.45,3320
444,29.4999,29.5,29.4827,29.4827,7887
445,29.5042,29.5042,29.4649,29.4743,5505
446,29.55,29.55,29.5042,29.5042,1987
447,29.55,29.55,29.533,29.55,1500
448,29.55,29.55,29.5,29.55,5500
449,29.5,29.5,29.45,29.5,2246
450,29.5,29.5,29.45,29.475,900
451,29.5,29.5,29.5,29.5,600
452,29.475,29.5,29.45,29.5,2200
453,29.5,29.5,29.467,29.475,1202
454,29.5,29.5,29.5,29.5,500
455,29.5,29.5,29.45,29.5,1563
456,29.5,29.5,29.4684,29.5,1959
457,29.575,29.65,29.5,29.5,8438
458,29.45,29.575,29.45,29.575,7261
459,29.5,29.55,29.5,29.55,2228
460,29.5397,29.55,29.5,29.55,3878
461,29.45,29.525,29.45,29.525,5426
462,29.45,29.45,29.45,29.45,500
463,29.45,29.5,29.45,29.45,900
464,29.5,29.5,29.45,29.45,1200
465,29.5,29.5,29.475,29.475,4397
466,29.5,29.5,29.475,29.5,1935
467,29.5,29.5,29.45,29.45,3300
468,29.475,29.5,29.4635,29.5,1749
469,29.5,29.5,29.45,29.45,3890
470,29.45,29.55,29.425,29.5,8581
471,29.4,29.5,29.4,29.5,22657
864,29.7,29.7,29.7,29.7,1442
865,29.7,29.75,29.6544,29.6544,1270
866,29.75,29.75,29.7,29.75,4853
867,29.65,29.75,29.6241,29.75,4401
868,29.725,29.75,29.725,29.74,2236
869,29.7,29.75,29.7,29.75,800
870,29.65,29.75,29.65,29.75,2048
871,29.55,29.7,29.55,29.65,1600
872,29.65,29.65,29.6,29.6,400
873,29.6,29.65,29.6,29.65,1756
874,29.7,29.7,29.6,29.65,1355
875,29.7,29.7212,29.6662,29.7212,1500
876,29.75,29.75,29.7,29.7,3955
877,29.725,29.75,29.725,29.75,1519
878,29.75,29.75,29.7011,29.7247,1389
879,29.675,29.725,29.675,29.7,1847
880,29.75,29.75,29.65,29.65,1683
881,29.75,29.75,29.7,29.75,1000
883,29.7,29.7,29.65,29.65,500
884,29.7,29.7,29.7,29.7,200
885,29.65,29.6835,29.65,29.6835,2000
886,29.65,29.65,29.65,29.65,1168
887,29.7,29.75,29.7,29.7,5100
888,29.7,29.7,29.65,29.7,2100
889,29.7,29.7,29.7,29.7,700
890,29.7,29.75,29.7,29.7,2600
891,29.75,29.75,29.7,29.7,2300
892,29.7,29.75,29.7,29.75,400
893,29.725,29.75,29.7,29.75,2358
894,29.7,29.725,29.7,29.7,902
895,29.7,29.75,29.7,29.75,400
896,29.7,29.75,29.7,29.75,200
897,29.7,29.75,29.7,29.7,1300
898,29.75,29.75,29.72,29.75,5907
899,29.7,29.75,29.7,29.75,5429
900,29.7,29.75,29.7,29.75,3600
901,29.675,29.725,29.675,29.7,5230
902,29.7,29.7,29.66,29.66,5500
903,29.6,29.7,29.55,29.7,33183
a1494941400,29.55,29.55,29.55,29.55,388
1,29.55,29.55,29.5,29.55,1100
2,29.5,29.6,29.45,29.575,1740
3,29.4459,29.45,29.4459,29.45,1227
4,29.45,29.5,29.4,29.45,600
5,29.2,29.4,29.2,29.4,4812
6,29.05,29.2,29.05,29.2,1227
7,29.1,29.1,29,29,1000
8,28.95,29.05,28.95,29,2396
9,29,29.05,28.95,29.05,6100
10,29.075,29.1,28.95,28.95,4900
11,29.05,29.125,29.05,29.1,1000
12,28.9,29.025,28.9,29,1371
13,28.9922,29,28.95,28.95,2520
14,29,29,29,29,1290
15,29,29,28.995,29,6902
16,29,29,28.975,28.975,1918
17,29.05,29.05,29,29,702
18,29.1,29.2,29.1,29.1,7397
19,29.125,29.15,29.1,29.1,1700
20,29.15,29.15,29.1,29.1,1300
21,29.1,29.15,29.1,29.15,400
22,29.1,29.15,29.05,29.05,13536
23,29.1,29.2,29.1,29.15,19388
24,29.05,29.175,29.05,29.15,17657
25,29.1,29.15,29.05,29.05,13762
26,29.1,29.15,29.068,29.075,5380
27,29.1526,29.1526,29.1,29.1,4750
28,29.4,29.4,29.2,29.2,3804
29,29.5,29.5,29.45,29.45,3000
30,29.45,29.5,29.4,29.46,3655
31,29.5,29.5,29.45,29.5,3700
32,29.5,29.5,29.5,29.5,900
33,29.5,29.5,29.475,29.475,1600
34,29.55,29.55,29.5,29.55,1646
35,29.5,29.5,29.45,29.5,2160
36,29.5,29.5,29.45,29.475,3150
37,29.45,29.5,29.45,29.5,2500
38,29.4,29.5,29.4,29.45,3500
39,29.4,29.45,29.35,29.4,20475
144,28.85,28.85,28.85,28.85,2550
145,28.7,29.15,28.3383,28.8,6677
146,28.85,28.9,28.7,28.7,5192
147,28.85,28.95,28.65,28.85,6200
148,29,29.1,28.85,28.95,8662
149,29.05,29.05,28.95,29,500
150,28.8,29.05,28.8,28.95,4990
151,28.8032,28.95,28.8032,28.95,1500
152,28.85,28.95,28.8,28.8,500
153,28.75,28.8,28.65,28.8,3100
154,28.7,28.75,28.6379,28.75,2635
155,28.65,28.7,28.55,28.7,3690
156,28.45,28.55,28.45,28.55,3637
157,28.4,28.45,28.4,28.45,8169
158,28.45,28.45,28.4,28.45,1700
159,28.55,28.6,28.35,28.45,11493
160,28.6,28.6,28.6,28.6,2000
161,28.6,28.6,28.55,28.55,700
162,28.45,28.6,28.45,28.6,1500
163,28.4605,28.5,28.4605,28.5,1400
164,28.4,28.55,28.4,28.55,1823
165,28.4,28.4,28.35,28.4,1891
166,28.35,28.425,28.35,28.4,1300
167,28.25,28.4,28.25,28.35,1053
168,28.4,28.4,28.25,28.25,1800
169,28.3,28.4,28.3,28.4,1897
170,28.35,28.35,28.25,28.25,773
171,28.4,28.4,28.325,28.35,900
172,28.25,28.4,28.25,28.35,4320
173,28.2,28.25,28.2,28.25,2300
174,28.1,28.25,28.1,28.25,2100
175,28.16,28.2,28.1,28.1,1600
176,28,28.195,28,28.15,9234
177,28.1,28.2,28.05,28.05,5018
178,28.1,28.2,28.1,28.2,1700
179,28.15,28.2,28.05,28.1,5138
180,28.125,28.2,28.1,28.2,3207
181,28.125,28.125,28.1,28.125,1900
182,28.05,28.15,28.05,28.125,7297
183,27.95,28.05,27.95,28.025,24874
288,27.75,27.75,27.75,27.75,1576
289,28,28.025,27.875,27.875,1910
290,27.85,27.85,27.85,27.85,300
291,27.8,27.8,27.65,27.8,1269
292,27.8,27.85,27.71,27.71,2500
293,27.95,27.95,27.8,27.8,2600
294,27.9,28,27.9,27.95,2772
295,27.95,27.95,27.85,27.85,600
296,27.7,27.875,27.7,27.875,828
297,27.75,27.75,27.65,27.65,500
298,27.8,27.8,27.65,27.65,3500
299,27.775,27.8,27.775,27.8,200
300,27.65,27.75,27.625,27.75,10704
301,27.75,27.75,27.6,27.6,700
302,27.6,27.75,27.575,27.75,3904
303,27.65,27.7,27.6,27.6,3352
304,27.65,27.675,27.6,27.65,2100
305,27.6,27.65,27.55,27.6,1800
306,27.55,27.7,27.55,27.7,6289
307,27.55,27.75,27.5,27.5,7377
308,27.55,27.6,27.55,27.55,3700
309,27.55,27.6,27.45,27.525,14056
310,27.5,27.55,27.45,27.55,4854
311,27.55,27.575,27.5,27.5,4876
312,27.6,27.6,27.55,27.55,500
313,27.5,27.55,27.4,27.55,2536
314,27.5,27.525,27.5,27.5,2800
315,27.525,27.55,27.5,27.5,4100
316,27.55,27.55,27.5,27.525,4008
317,27.5,27.525,27.425,27.5,4300
318,27.5,27.55,27.5,27.5,3100
319,27.525,27.55,27.45,27.55,7915
320,27.55,27.6,27.5,27.55,5515
321,27.55,27.55,27.45,27.5,2600
322,27.5,27.55,27.45,27.5,3500
323,27.525,27.55,27.5,27.525,2656
324,27.6,27.65,27.5,27.5,12674
325,27.6,27.6,27.55,27.6,5831
326,27.6,27.65,27.5,27.6,11820
327,27.55,27.65,27.5,27.575,38890
432,27.55,27.55,27.55,27.55,5748
433,27.6,27.65,27.45,27.55,1500
434,27.625,27.7,27.55,27.6,5035
435,27.65,27.7,27.625,27.625,4423
436,27.625,27.675,27.625,27.675,700
437,27.65,27.7,27.625,27.65,2633
438,27.65,27.65,27.6,27.65,2300
439,27.65,27.65,27.55,27.65,1198
440,27.6,27.6,27.575,27.6,900
441,27.65,27.65,27.6,27.65,1300
442,27.575,27.65,27.55,27.6,3673
443,27.65,27.7,27.6,27.6,4990
444,27.7,27.7,27.525,27.6,2200
445,27.65,27.65,27.55,27.6,1400
446,27.7,27.795,27.6,27.6,8600
447,27.675,27.75,27.675,27.75,2900
448,27.75,27.8,27.75,27.8,1100
449,27.7,27.8,27.675,27.8,4550
450,27.7,27.75,27.7,27.7,2800
451,27.7,27.75,27.7,27.75,500
452,27.7,27.75,27.7,27.7,800
453,27.75,27.8,27.7,27.75,8900
454,27.7,27.725,27.65,27.725,5100
455,27.7,27.725,27.65,27.7,3000
456,27.725,27.75,27.7,27.7,1600
457,27.7,27.75,27.65,27.7,7000
458,27.7,27.7,27.65,27.65,200
459,27.65,27.7,27.65,27.65,5200
460,27.65,27.675,27.65,27.65,3300
461,27.625,27.65,27.6,27.65,1642
462,27.7,27.7,27.575,27.625,5840
463,27.65,27.7,27.65,27.66,4410
464,27.675,27.7,27.675,27.675,2200
465,27.6,27.7,27.55,27.675,6574
466,27.6,27.625,27.575,27.6,4337
467,27.5,27.65,27.5,27.55,6394
468,27.45,27.55,27.45,27.55,3845
469,27.5,27.5,27.45,27.5,1900
470,27.5,27.55,27.45,27.5,17634
471,27.5,27.55,27.4,27.525,31984
864,27.55,27.55,27.55,27.55,1995
865,27.625,27.675,27.6,27.65,2176
866,27.55,27.6,27.55,27.6,400
867,27.45,27.58,27.45,27.58,1764
868,27.5,27.5,27.4,27.4,500
869,27.55,27.55,27.4275,27.4275,1400
870,27.55,27.55,27.5,27.5,300
871,27.5,27.55,27.45,27.55,1000
872,27.5,27.5,27.45,27.4922,1100
873,27.45,27.55,27.45,27.55,1000
874,27.45,27.5,27.45,27.5,200
875,27.625,27.65,27.5,27.5,4059
876,27.65,27.65,27.6,27.65,2100
877,27.6,27.65,27.6,27.65,200
878,27.6,27.6,27.55,27.6,800
880,27.55,27.6,27.5,27.6,900
881,27.6,27.6,27.55,27.55,2500
882,27.6,27.65,27.6,27.6,500
883,27.6,27.6,27.6,27.6,300
884,27.55,27.6,27.55,27.6,1500
885,27.475,27.5,27.45,27.5,1603
886,27.45,27.45,27.4,27.4,700
887,27.55,27.55,27.5,27.5,4182
888,27.55,27.55,27.5,27.525,2600
889,27.525,27.55,27.475,27.55,1400
890,27.6,27.625,27.55,27.55,2000
891,27.55,27.6,27.55,27.6,1298
892,27.55,27.55,27.55,27.55,300
893,27.6,27.625,27.55,27.55,4359
894,27.6,27.6,27.575,27.6,700
895,27.583,27.6,27.55,27.6,16514
896,27.6,27.6,27.6,27.6,1900
897,27.6,27.65,27.575,27.65,2313
898,27.6,27.625,27.575,27.575,3110
899,27.6,27.6,27.575,27.6,2600
900,27.575,27.6,27.571,27.6,910
901,27.56,27.625,27.56,27.575,5925
902,27.6,27.65,27.575,27.6,2600
903,27.55,27.65,27.5,27.625,25165
a1495546200,27.8,27.8,27.8,27.8,1081
1,27.6,27.85,27.6,27.8,1600
2,27.8,27.8,27.6,27.6,3500
3,27.7,27.8,27.7,27.7,1295
4,27.8,27.85,27.75,27.75,2400
5,27.7,27.75,27.7,27.75,1008
6,27.7,27.75,27.7,27.75,704
7,27.75,27.75,27.75,27.75,100
8,27.85,27.9,27.8,27.8,4143
9,27.825,27.85,27.8,27.85,4576
10,27.825,27.825,27.8,27.8,1131
11,27.9,27.9,27.825,27.85,3700
12,28.05,28.05,27.9,27.95,8523
13,27.95,28,27.95,28,1019
14,27.925,28,27.9,28,5500
15,27.9,27.9,27.85,27.9,1500
16,27.875,27.875,27.875,27.875,200
17,27.9,27.9,27.875,27.875,900
18,27.8,27.9,27.8,27.9,3500
19,27.85,27.875,27.8,27.825,4500
20,27.85,27.9,27.85,27.9,2865
21,27.85,27.9,27.85,27.85,5800
22,27.85,27.9,27.85,27.85,3500
23,27.9,27.925,27.85,27.85,2600
24,27.9,27.9,27.9,27.9,6300
25,27.85,27.9,27.85,27.9,7500
26,27.925,27.95,27.9,27.9,2805
27,27.925,27.975,27.9,27.95,7747
28,27.9,27.925,27.85,27.925,4719
29,27.9,27.9,27.875,27.875,914
30,27.9,27.9,27.9,27.9,1300
31,27.9,27.95,27.9,27.9,3700
32,27.9,27.925,27.9,27.9,3800
33,27.9,27.95,27.9,27.9,3279
34,28.125,28.15,27.9,27.9,4256
35,28.1,28.2,28.1,28.15,6716
36,28.1,28.125,28.1,28.1008,1756
37,28.075,28.15,28.075,28.15,4000
38,28.075,28.1,28.075,28.1,5000
39,28.1,28.1,28.05,28.075,17549
144,28.2,28.2,28.2,28.2,1404
145,28,28.72,28,28.72,3458
146,27.9,28.09,27.9,28,4608
147,27.9,27.95,27.85,27.85,1400
148,27.85,27.9,27.85,27.9,700
149,27.8,27.85,27.8,27.85,200
150,27.8,27.9,27.75,27.81,3200
151,27.85,27.9,27.8,27.85,3300
152,27.95,27.95,27.85,27.9,2540
153,27.85,27.95,27.85,27.9,900
154,27.85,27.85,27.85,27.85,900
155,27.85,27.85,27.85,27.85,500
156,27.925,27.95,27.875,27.875,2335
157,27.95,27.95,27.95,27.95,300
158,27.95,27.95,27.95,27.95,600
159,27.9,27.95,27.75,27.95,3565
162,27.825,27.9,27.825,27.9,3265
163,27.85,27.85,27.8,27.825,3095
164,27.75,27.85,27.75,27.85,3560
165,27.825,27.85,27.825,27.85,5800
166,27.8,27.825,27.8,27.8,4330
167,27.85,27.85,27.85,27.85,100
168,27.85,27.85,27.8,27.82,2015
169,27.85,27.9,27.85,27.85,7432
170,27.9,27.9,27.85,27.85,5338
171,27.875,27.9,27.85,27.85,5700
172,27.75,27.925,27.75,27.85,8265
173,27.775,27.85,27.75,27.75,7679
174,27.7,27.775,27.6,27.75,10382
175,27.7,27.7,27.7,27.7,1600
176,27.85,27.85,27.75,27.75,2264
177,27.825,27.825,27.8,27.8,1100
178,27.8,27.85,27.8,27.8,3521
179,27.8,27.8,27.75,27.8,1700
180,27.775,27.825,27.775,27.8,1900
181,27.8,27.8,27.8,27.8,2366
182,27.9,27.9,27.8,27.8,10974
183,27.8,27.9,27.75,27.85,54664
288,27.85,27.85,27.85,27.85,683
289,27.7,27.9,27.7,27.8,1870
290,27.8,27.8,27.7,27.7,1158
291,27.75,27.9,27.75,27.85,2325
292,27.8,27.8,27.7,27.7,825
293,27.85,27.85,27.85,27.85,1000
294,27.8,27.85,27.75,27.85,4197
295,27.85,27.85,27.75,27.75,384
296,27.85,27.85,27.8,27.8,200
297,27.8,27.85,27.8,27.85,3600
298,27.8,27.85,27.8,27.85,328
299,27.85,27.85,27.75,27.85,600
300,27.8,27.85,27.8,27.85,700
301,27.75,27.85,27.6,27.85,5394
302,27.75,27.75,27.65,27.7,2200
303,27.7,27.725,27.7,27.725,900
304,27.65,27.75,27.6,27.65,5896
305,27.55,27.65,27.55,27.65,2931
306,27.7,27.725,27.6,27.6,6300
307,27.7,27.75,27.65,27.75,5055
308,27.65,27.75,27.65,27.7,5000
309,27.65,27.7,27.65,27.65,2700
310,27.6,27.7,27.6,27.675,5369
311,27.675,27.7,27.55,27.625,7004
312,27.55,27.7,27.55,27.65,9140
313,27.5,27.55,27.5,27.5,3100
314,27.55,27.6,27.45,27.45,2606
315,27.55,27.6,27.5,27.5542,2400
316,27.55,27.6,27.55,27.55,1700
317,27.5,27.6,27.5,27.55,6878
318,27.55,27.625,27.45,27.5,9205
319,27.6,27.625,27.55,27.55,5564
320,27.5,27.625,27.5,27.6,5800
321,27.55,27.6,27.5,27.525,1800
322,27.6,27.6,27.5,27.55,1300
323,27.6,27.65,27.575,27.6,5900
324,27.6,27.625,27.6,27.6,2400
325,27.6,27.65,27.55,27.6,4075
326,27.65,27.7,27.6,27.6,13487
327,27.55,27.65,27.55,27.6,18788
432,27.55,27.55,27.55,27.55,498
433,27.45,27.75,27.4,27.75,1100
434,27.499,27.56,27.4,27.4,2576
435,27.6,27.7,27.6,27.6,6083
436,27.4,27.575,27.4,27.575,1500
437,27.4,27.4229,27.4,27.4229,502
438,27.35,27.4,27.35,27.4,613
439,27.5,27.5,27.4,27.4,900
440,27.5,27.5,27.5,27.5,6750
441,27.5,27.5,27.5,27.5,1500
442,27.5,27.5125,27.5,27.5,810
443,27.5,27.55,27.5,27.5,2330
444,27.5,27.55,27.5,27.5,500
445,27.5,27.5,27.5,27.5,600
446,27.5,27.5,27.5,27.5,9500
447,27.55,27.55,27.45,27.5,4142
448,27.55,27.6,27.55,27.55,2600
449,27.525,27.6,27.525,27.55,4500
450,27.5,27.55,27.5,27.525,11144
451,27.525,27.55,27.5,27.55,3900
452,27.525,27.55,27.525,27.55,3000
453,27.525,27.55,27.525,27.55,2047
454,27.525,27.55,27.525,27.525,2929
455,27.525,27.55,27.5,27.525,2912
456,27.525,27.55,27.525,27.525,1880
457,27.75,27.8,27.525,27.55,7508
458,27.75,27.775,27.7,27.7,3117
459,27.75,27.8,27.75,27.8,1500
460,27.75,27.75,27.75,27.75,300
461,27.75,27.8,27.725,27.8,3518
462,27.75,27.9,27.75,27.75,11555
463,27.75,27.8,27.75,27.8,3033
464,27.775,27.775,27.75,27.75,4563
465,27.75,27.75,27.7,27.75,2200
466,27.75,27.8,27.725,27.75,3248
467,27.75,27.775,27.75,27.75,4000
468,27.75,27.8,27.75,27.75,5180
469,27.775,27.8,27.75,27.75,2100
470,27.775,27.8,27.75,27.75,9862
471,27.8,27.8,27.75,27.775,21279
a1496151000,27.7,27.7,27.7,27.7,826
1,27.7,27.8,27.6,27.8,1178
2,27.8,27.9,27.7,27.7,3386
3,27.65,27.8,27.65,27.8,4700
4,27.65,27.75,27.65,27.65,3109
5,27.7,27.7,27.5,27.65,7158
6,27.7,27.825,27.7,27.8,4081
7,27.85,27.85,27.7,27.7,2151
8,27.7,27.8,27.7,27.8,1560
9,27.7,27.7,27.65,27.65,300
10,27.825,27.825,27.7,27.7,3361
11,27.85,27.875,27.825,27.85,4077
12,27.75,27.85,27.7,27.85,2900
13,27.8,27.85,27.8,27.8,600
14,27.85,27.85,27.75,27.8,1619
15,27.8,27.85,27.8,27.85,1681
16,27.85,27.85,27.825,27.85,3200
17,27.8,27.8,27.8,27.8,2689
18,27.8,27.825,27.8,27.8,1100
19,27.75,27.8,27.75,27.8,3570
20,27.7,27.7,27.65,27.7,4175
21,27.75,27.75,27.75,27.75,892
22,27.8012,27.825,27.8,27.8,2250
23,27.85,27.85,27.8,27.8,3689
24,27.85,27.85,27.8,27.85,1500
25,27.85,27.8751,27.85,27.85,3650
26,27.85,27.875,27.8,27.85,2800
27,27.8,27.85,27.8,27.85,2674
28,27.85,27.9,27.8,27.8,4044
29,27.85,27.875,27.8376,27.85,2684
30,27.85,27.9,27.825,27.85,2400
31,27.85,27.85,27.85,27.85,1100
32,27.775,27.825,27.775,27.825,2906
33,27.8,27.8,27.771,27.8,2070
34,27.8,27.85,27.8,27.8,6302
35,27.8,27.85,27.8,27.8,2100
36,27.725,27.8,27.725,27.8,3300
37,27.8,27.8,27.75,27.75,2600
38,27.8,27.8,27.75,27.8,2500
39,27.75,27.85,27.75,27.8,30444
144,27.85,27.85,27.85,27.85,908
145,27.625,28.3,27.6,27.7,1900
146,27.575,27.625,27.55,27.55,1200
147,27.375,27.55,27.375,27.55,683
148,27.3,27.4,27.11,27.3,3250
149,27.4,27.45,27.3,27.3,800
150,27.45,27.5,27.4,27.4,900
151,27.65,27.65,27.5,27.5,1730
152,27.725,27.75,27.55,27.55,2800
153,27.85,27.85,27.7,27.7,1757
154,27.95,27.95,27.85,27.85,1200
155,27.95,27.95,27.8,27.95,3798
156,27.925,28,27.925,27.95,1400
157,27.9,27.9,27.9,27.9,1500
158,28,28,27.95,27.95,1400
159,28.139,28.15,28,28,1504
160,28.2,28.25,28.15,28.15,2400
161,28.275,28.3,28.2,28.2,900
162,28.25,28.3,28.25,28.25,900
163,28.4,28.45,28.3,28.3,1690
164,28.525,28.55,28.45,28.5,3500
165,28.6,28.625,28.55,28.55,3300
166,28.5,28.6,28.5,28.6,1675
167,28.65,28.7,28.55,28.55,4700
168,28.7,28.8,28.65,28.65,4500
169,28.6,28.7,28.6,28.675,1221
170,28.375,28.6,28.35,28.6,3850
171,28.45,28.45,28.4,28.4,2000
172,28.35,28.45,28.3,28.45,4578
173,28.4,28.4,28.3,28.35,1800
174,28.5,28.5,28.45,28.45,900
175,28.45,28.5,28.45,28.5,1191
176,28.45,28.45,28.4,28.4,2000
177,28.45,28.45,28.45,28.45,400
178,28.45,28.5,28.425,28.45,1100
179,28.4508,28.4877,28.4469,28.45,1200
180,28.5,28.5,28.475,28.5,2100
181,28.5,28.5,28.455,28.475,2300
182,28.55,28.55,28.45,28.5,2100
183,28.6,28.6,28.5,28.55,23064
288,28.6,28.6,28.6,28.6,2262
289,28.55,28.9,28.55,28.55,1950
290,28.7,28.7,28.6,28.7,1000
291,28.75,28.75,28.7,28.7,300
292,28.5,28.7,28.4,28.7,3500
293,28.55,28.6,28.5,28.5,900
294,28.55,28.6,28.55,28.6,740
295,28.45,28.6,28.45,28.6,600
296,28.35,28.4,28.35,28.4,500
297,28.5,28.5,28.275,28.275,2819
298,28.7,28.7,28.55,28.55,1400
299,28.9,28.9,28.65,28.65,7505
300,29,29,28.75,28.85,2100
301,29.15,29.15,28.95,28.95,1757
302,29.1,29.1,29.075,29.1,800
303,29.1,29.2,29.1,29.1,2456
304,29.1,29.15,29.075,29.075,900
305,29.15,29.15,29.088,29.088,3016
306,29.15,29.2,29.1,29.2,2100
307,29.2,29.35,29.15,29.175,5847
308,29.25,29.25,29.2,29.25,2100
309,29.2,29.3,29.15,29.205,2901
310,29.15,29.2,29.15,29.2,600
311,29.2,29.2,29.15,29.2,2100
312,29.125,29.175,29.125,29.15,1800
313,29.125,29.15,29.1,29.125,2020
314,29.2,29.2,29.1,29.1,2905
315,29.25,29.3,29.2,29.3,1890
316,29.35,29.35,29.225,29.225,2819
317,29.425,29.45,29.375,29.4,5545
318,29.65,29.65,29.45,29.45,2000
319,29.4,29.65,29.4,29.65,3968
320,29.5,29.5,29.45,29.45,900
321,29.3,29.4606,29.3,29.4606,2121
322,29.25,29.3,29.2,29.3,2100
323,29.25,29.325,29.25,29.3,1800
324,29.2,29.275,29.2,29.25,1300
325,29.325,29.325,29.225,29.2327,2532
326,29.45,29.5,29.35,29.35,5706
327,29.4,29.45,29.35,29.45,21768
432,29.4,29.4,29.4,29.4,422
433,29.65,29.8,29.35,29.35,4800
434,29.7,29.85,29.65,29.65,13300
435,29.6,29.6,29.5,29.6,2000
436,29.5,29.5,29.45,29.45,200
437,29.5,29.6,29.45,29.5,7174
438,29.6,29.65,29.5,29.55,1800
439,29.75,29.75,29.65,29.7,1100
440,29.9,29.9,29.8,29.8,2400
441,29.9,29.9,29.825,29.9,2500
442,29.9,29.95,29.9,29.95,1800
443,29.875,29.9,29.775,29.85,4600
444,29.75,29.9,29.75,29.9,4000
445,29.775,29.8,29.75,29.75,2600
446,29.65,29.8,29.65,29.8,14487
447,29.75,29.75,29.65,29.65,4665
448,29.675,29.725,29.65,29.725,3400
449,29.7,29.7,29.6,29.65,1305
450,29.65,29.75,29.65,29.75,2400
451,29.6,29.7,29.6,29.675,1700
452,29.7,29.7,29.6,29.6,500
453,29.6,29.65,29.6,29.65,500
454,29.65,29.675,29.55,29.65,3400
455,29.7,29.7,29.65,29.65,3400
456,29.7,29.75,29.675,29.675,1435
457,29.65,29.75,29.65,29.75,1400
458,29.7,29.7,29.6,29.7,3926
459,29.75,29.75,29.68,29.7,2065
460,29.7,29.7094,29.6823,29.6823,1047
461,30.15,30.45,29.7,29.7,49353
462,30.025,30.2,30,30.15,17105
463,29.975,30.025,29.9,30.025,10993
464,29.9,30,29.9,29.95,5600
465,29.8,29.9,29.8,29.9,6606
466,29.875,29.925,29.8,29.8,26698
467,29.85,29.875,29.85,29.875,6296
468,29.9,29.9,29.85,29.85,5000
469,29.825,29.9,29.8,29.875,7904
470,29.75,29.85,29.75,29.825,15735
471,29.85,29.85,29.775,29.8,26489
864,29.85,29.85,29.85,29.85,1361
865,29.8,30.1,29.725,30.1,2652
866,29.65,29.75,29.65,29.75,500
867,29.5,29.55,29.45,29.55,1500
868,29.6,29.65,29.475,29.475,1981
869,29.6,29.6,29.6,29.6,3354
870,29.65,29.65,29.555,29.6,2038
871,29.7,29.7,29.7,29.7,500
872,29.75,29.75,29.688,29.7,1400
873,29.7,29.7,29.7,29.7,1000
874,29.6,29.675,29.5,29.65,3441
875,29.55,29.55,29.55,29.55,359
876,29.5,29.5,29.5,29.5,600
877,29.5,29.55,29.5,29.5,1100
878,29.45,29.55,29.45,29.55,900
879,29.4,29.4,29.4,29.4,100
880,29.45,29.55,29.45,29.45,3793
881,29.45,29.45,29.45,29.45,300
882,29.2,29.35,29.2,29.35,3100
883,29.175,29.2,29.175,29.2,400
884,29.35,29.35,29.25,29.25,1628
885,29.39,29.4,29.35,29.35,306
886,29.5,29.5,29.346,29.346,2540
887,29.5,29.55,29.45,29.5,1955
888,29.5,29.55,29.45,29.5,2700
889,29.5,29.5,29.45,29.5,1800
890,29.5,29.5,29.5,29.5,400
891,29.5,29.55,29.5,29.55,1000
892,29.55,29.55,29.5,29.5,3802
893,29.5,29.55,29.5,29.55,700
894,29.55,29.55,29.5,29.55,1899
895,29.6,29.6,29.55,29.55,1425
896,29.575,29.6,29.55,29.55,2000
897,29.6,29.6,29.55,29.55,1700
898,29.55,29.6,29.525,29.55,2600
899,29.55,29.55,29.525,29.525,1600
900,29.45,29.55,29.4,29.55,3432
901,29.45,29.45,29.35,29.4,2304
902,29.375,29.5,29.325,29.5,10407
903,29.35,29.4,29.35,29.4,17160
a1496755800,29.05,29.05,29.05,29.05,1036
1,29,29.1,28.875,29,12615
2,29.05,29.1,28.95,29,3221
3,29.065,29.065,29.065,29.065,500
4,28.875,29.075,28.875,29.075,1144
5,28.95,28.95,28.9,28.9,400
6,28.95,28.95,28.9,28.9,800
7,29.05,29.05,29,29,800
8,28.85,29,28.85,28.95,2796
9,28.8,29,28.8,28.9,4572
10,28.55,28.85,28.45,28.85,7052
11,28.55,28.7,28.55,28.55,1400
12,28.79,28.8,28.5,28.5,5031
13,28.89,28.9,28.8,28.85,1300
14,28.78,28.89,28.75,28.8,6700
15,28.705,28.84,28.705,28.784,1110
16,28.85,28.9,28.8,28.8,600
17,28.8,28.8,28.8,28.8,100
18,28.75,28.85,28.75,28.85,1400
19,28.65,28.7,28.6,28.7,600
20,28.55,28.7,28.55,28.7,800
21,28.6,28.7,28.6,28.6,1518
22,28.7,28.7,28.65,28.65,865
23,28.7,28.7,28.65,28.65,1000
24,28.75,28.75,28.7,28.7,500
25,28.75,28.75,28.65,28.65,300
26,28.75,28.75,28.75,28.75,703
27,28.75,28.75,28.7,28.75,1100
28,28.775,28.8,28.75,28.75,864
29,28.95,28.95,28.75,28.75,2848
30,28.95,28.95,28.95,28.95,200
31,28.95,29,28.95,28.95,3242
32,29.1,29.1,29,29,1835
33,29.05,29.15,29.05,29.1,3170
34,29.05,29.05,29,29,500
35,29.05,29.05,29.05,29.05,300
36,29.025,29.1,28.975,29.05,8677
37,29,29.05,28.9,29.025,5828
38,28.9,29,28.9,29,4666
39,28.8,28.9,28.8,28.8,12266
144,28.8,28.8,28.8,28.8,881
145,28.8,28.8,28.5385,28.731,1960
146,28.8,28.8,28.7,28.75,1200
147,28.85,28.85,28.75,28.75,900
148,28.875,28.9,28.825,28.875,800
149,28.825,28.9,28.825,28.9,1800
150,28.8,28.9,28.8,28.9,600
151,28.65,28.75,28.65,28.75,1954
152,28.655,28.655,28.575,28.65,3100
153,28.65,28.75,28.65,28.65,1249
154,28.7,28.7,28.65,28.7,709
155,28.65,28.7,28.65,28.67,470
156,28.55,28.6,28.5,28.6,1505
159,28.6,28.65,28.6,28.65,600
160,28.575,28.65,28.575,28.575,400
161,28.525,28.6,28.525,28.6,800
162,28.5,28.525,28.425,28.5,3040
163,28.35,28.55,28.35,28.55,1206
164,28.25,28.35,28.25,28.35,1379
165,28.2,28.25,28.2,28.2,1500
166,28.05,28.3,28.05,28.3,2700
167,28.05,28.1,28.05,28.1,10608
168,28.05,28.1,28,28,2000
169,28.05,28.15,28,28.1,1300
170,28.15,28.15,28.05,28.05,600
171,28.1,28.3,28.1,28.1177,8975
172,28.4,28.4,28.15,28.15,19948
173,28.2,28.3677,28.15,28.35,5739
174,28.25,28.25,28.2,28.2,1400
175,28.25,28.25,28.225,28.25,1600
176,28.225,28.25,28.225,28.25,15570
177,28.275,28.35,28.225,28.25,6835
178,28.2,28.25,28.2,28.25,16128
179,28.2,28.25,28.15,28.15,700
180,28.1,28.2,28.1,28.2,4100
181,28.1,28.15,28.1,28.15,4990
182,28.1,28.15,28,28.05,19955
183,28.05,28.15,28,28.1,37396
288,28.15,28.15,28.15,28.15,292
289,28.05,28.2,28,28.2,900
290,28.3,28.35,28.1,28.1,2800
291,28.2,28.4,28.2,28.3,4489
292,28.1,28.2217,28.1,28.2217,700
293,28.2,28.2,28.2,28.2,3804
294,28.2,28.25,28.15,28.25,1500
295,28,28.2,28,28.2,20344
296,28.1,28.15,27.95,27.95,5334
297,28.2,28.2,28.15,28.15,2600
298,28.25,28.25,28.1,28.2,10025
299,28.2,28.25,28.2,28.25,900
300,28.25,28.25,28.15,28.2,5041
301,28.25,28.3,28.15,28.15,7186
302,28.3,28.3,28.25,28.25,4253
303,28.3,28.35,28.3,28.3,2000
304,28.25,28.35,28.25,28.3,2000
305,28.25,28.3,28.25,28.25,6271
306,28.3,28.3,28.25,28.25,3800
307,28.2,28.35,28.15,28.3,5098
308,28.3,28.3,28.25,28.25,3403
309,28.3,28.35,28.3,28.35,1200
310,28.3,28.35,28.3,28.3,3600
311,28.25,28.325,28.25,28.25,10400
312,28.25,28.3,28.25,28.25,4428
313,28.25,28.3,28.25,28.3,2849
314,28.25,28.35,28.25,28.25,9917
315,28.2769,28.3,28.2,28.25,7942
316,28.2699,28.2699,28.25,28.25,567
317,28.25,28.25,28.2,28.2,200
318,28.25,28.3,28.25,28.25,4664
319,28.4,28.525,28.2,28.25,18012
320,28.3,28.4,28.3,28.4,5099
321,28.375,28.4,28.35,28.35,1300
322,28.4,28.45,28.3,28.35,6330
323,28.35,28.4,28.35,28.4,3300
324,28.35,28.4,28.35,28.4,1200
325,28.35,28.4,28.3,28.4,19169
326,28.4,28.45,28.3,28.35,12475
327,28.4,28.45,28.35,28.4,27910
432,28.55,28.55,28.55,28.55,636
433,28.75,29,28.7,28.7,5223
434,28.634,28.775,28.625,28.775,2690
435,28.55,28.65,28.55,28.6,4719
436,28.5,28.55,28.4737,28.4737,4223
437,28.5,28.55,28.45,28.5,2494
438,28.5,28.5,28.45,28.45,3750
439,28.5,28.55,28.45,28.475,2800
440,28.45,28.5,28.45,28.45,1800
441,28.45,28.5,28.425,28.5,4100
442,28.5,28.5,28.4,28.5,10928
443,28.5,28.55,28.45,28.55,1000
444,28.5,28.55,28.5,28.5,1700
445,28.6,28.6,28.5,28.55,5356
446,28.6,28.65,28.55,28.6,4054
447,28.6,28.65,28.55,28.65,900
448,28.6,28.65,28.6,28.65,1000
449,28.5,28.65,28.5,28.6,6265
450,28.5,28.55,28.45,28.55,2900
451,28.55,28.6,28.5,28.55,5200
452,28.55,28.6,28.55,28.55,500
453,28.55,28.6,28.5,28.5,400
454,28.55,28.625,28.525,28.55,5561
455,28.55,28.55,28.5,28.5,907
456,28.5,28.55,28.45,28.55,1600
457,28.5,28.5,28.475,28.475,400
458,28.45,28.55,28.45,28.45,1700
459,28.4,28.5,28.4,28.5,2700
460,28.325,28.4,28.325,28.4,1494
461,28.4,28.4,28.3,28.3,700
462,28.35,28.4,28.35,28.4,1200
463,28.3,28.4,28.25,28.35,1800
464,28.2,28.35,28.2,28.35,1200
465,28.2,28.3,28.2,28.2,1000
466,28.25,28.35,28.25,28.25,2871
467,28.35,28.4,28.3,28.35,4100
468,28.35,28.4,28.3,28.4,3200
469,28.3,28.35,28.25,28.3,2692
470,28.45,28.5,28.35,28.35,23597
471,28.55,28.6,28.45,28.45,48535
864,28.55,28.55,28.55,28.55,469
865,28.85,28.85,28.6,28.7,949
866,28.425,28.85,28.3,28.8,5953
867,28.5,28.55,28.35,28.4,113430
868,28.5,28.55,28.3,28.5,2577
869,28.65,28.725,28.6,28.6,2490
870,28.65,28.75,28.65,28.65,2144
871,28.75,28.75,28.65,28.65,1100
872,28.825,28.95,28.75,28.8,2600
873,28.75,28.9,28.75,28.9,2350
874,28.55,28.75,28.55,28.75,1847
875,28.5,28.65,28.5,28.65,600
876,28.35,28.5,28.35,28.45,1700
877,28.1,28.3,28.1,28.25,2135
878,28,28.05,27.95,28.05,1861
879,28,28.05,27.95,27.95,1100
880,28.075,28.15,28.05,28.1,600
881,28.15,28.2,28.095,28.095,1800
882,28.35,28.35,28.2,28.2,793
883,28.35,28.4,28.3,28.3,900
884,28.5,28.5,28.4,28.4,700
885,28.45,28.5,28.405,28.5,1400
886,28.5,28.5,28.45,28.45,452
887,28.45,28.5,28.4,28.45,1600
888,28.475,28.5,28.4,28.4,800
889,28.5,28.5,28.4,28.45,31300
890,28.75,28.75,28.55,28.55,2600
891,28.7,28.75,28.6,28.725,3417
892,28.7,28.75,28.65,28.65,1300
893,28.6,28.65,28.6,28.65,1300
894,28.5,28.55,28.5,28.55,1200
895,28.45,28.55,28.45,28.5,300
896,28.45,28.5,28.4,28.475,5605
897,28.4,28.45,28.35,28.45,11444
898,28.45,28.475,28.4,28.4,3100
899,28.4,28.5,28.4,28.45,3307
900,28.4,28.45,28.35,28.45,1600
901,28.5,28.5,28.35,28.35,2200
902,28.45,28.45,28.35,28.4,5500
903,28.5,28.5,28.4,28.5,39448
a1497360600,28.85,28.85,28.55,28.55,500
1,28.6,28.85,28.45,28.85,3113
2,28.5,28.675,28.5,28.675,400
3,28.5,28.5,28.35,28.4,903
4,28.45,28.5,28.4,28.475,1656
5,28.35,28.4,28.35,28.4,200
6,28.475,28.5,28.425,28.45,500
7,28.45,28.5,28.4,28.5,7872
8,28.45,28.45,28.4,28.4,3000
9,28.45,28.45,28.45,28.45,300
10,28.6,28.6,28.45,28.45,950
11,28.6,28.675,28.6,28.65,2500
12,28.55,28.6,28.55,28.6,1345
13,28.55,28.6,28.55,28.55,1195
14,28.45,28.55,28.45,28.5,900
15,28.35,28.35,28.35,28.35,300
16,28.25,28.45,28.25,28.35,1700
17,28.4,28.4,28.25,28.25,500
18,28.25,28.3,28.2,28.3,1600
19,28.3,28.3,28.15,28.15,1100
20,28.3,28.3,28.2,28.2,785
21,28.35,28.35,28.3,28.3,300
22,28.4,28.4,28.35,28.4,300
23,28.425,28.425,28.25,28.35,1300
24,28.325,28.35,28.25,28.35,1200
25,28.35,28.4,28.35,28.35,800
26,28.3,28.4,28.25,28.35,3400
27,28.3,28.35,28.25,28.25,1500
28,28.316,28.4,28.284,28.325,5283
29,28.275,28.3,28.275,28.3,530
30,28.225,28.3,28.2,28.275,3000
31,28.3,28.325,28.25,28.25,1900
32,28.35,28.35,28.25,28.25,1000
33,28.3,28.4,28.3,28.3,1400
34,28.35,28.4,28.3,28.35,2700
35,28.3,28.35,28.3,28.325,2902
36,28.325,28.35,28.3,28.35,2100
37,28.325,28.35,28.3,28.325,2100
38,28.325,28.4,28.3,28.35,4473
39,28.3,28.35,28.25,28.325,14503
144,28.35,28.35,28.35,28.35,297
145,28,28.2,28,28.2,800
146,28,28.15,27.85,27.95,1400
147,27.95,28.15,27.95,27.95,16100
148,27.95,28.05,27.95,27.96,552
149,28.05,28.05,28,28.05,700
150,28.05,28.1,28.05,28.1,300
151,27.95,28.05,27.925,28.05,800
152,27.85,28,27.85,27.95,1800
153,27.7,27.85,27.7,27.8,1300
154,27.85,27.85,27.75,27.75,1875
155,27.95,27.95,27.8,27.8,2500
156,28,28,27.95,28,500
157,27.95,28,27.95,27.95,1300
158,28.1,28.1,28,28,1600
159,28,28.1,28,28.1,2340
160,27.9,27.95,27.9,27.95,1793
161,27.9,27.95,27.875,27.95,800
162,28,28,28,28,600
163,28.05,28.05,27.9481,27.9481,2451
164,28.1,28.15,28.05,28.1,2596
165,28.15,28.15,28.05,28.05,800
166,28.2,28.3,28.2,28.2,1300
167,28.1,28.25,28.1,28.25,1199
168,28.05,28.15,28.05,28.15,1300
169,28.05,28.05,28,28,600
170,28,28.05,28,28.05,423
171,27.9,28.1,27.8727,28.1,5834
172,27.9,27.95,27.9,27.9,500
173,27.85,28.05,27.85,27.95,5312
174,27.9,27.9,27.75,27.85,3412
175,27.95,28.05,27.95,28,2811
176,27.8,27.85,27.8,27.85,1300
177,27.95,28,27.89,27.89,3595
178,27.9,27.9,27.8,27.85,2619
179,27.75,27.8,27.7,27.8,2870
180,27.6771,27.8,27.6771,27.75,4152
181,27.65,27.7516,27.6,27.7,23086
182,28,28.025,27.65,27.65,12992
183,27.95,28,27.9,28,15245
288,27.6,27.6,27.6,27.6,380
289,28.175,28.175,28.175,28.175,100
290,28.22,28.22,28.2,28.2,454
291,28.25,28.25,28.1,28.2,1616
292,28.2,28.35,28.2,28.3,2300
293,27.95,28.15,27.95,28.15,1700
294,27.95,27.95,27.8,27.9,800
295,27.9,28,27.9,28,1111
296,27.85,27.85,27.85,27.85,200
297,27.8,27.8,27.75,27.8,900
298,27.8,27.9,27.8,27.8,1600
299,27.7,27.7,27.7,27.7,200
301,27.8,27.95,27.8,27.95,800
303,27.8,27.8,27.7,27.75,500
304,27.85,27.85,27.85,27.85,100
305,27.75,27.75,27.75,27.75,900
306,27.7,27.75,27.7,27.75,1195
307,27.7,27.75,27.7,27.75,200
308,27.8,27.8,27.7,27.75,1190
309,27.85,27.85,27.75,27.8,1800
310,27.9,27.95,27.9,27.95,1500
311,27.95,27.975,27.8,27.85,1900
312,28,28,27.95,28,500
313,27.95,28.05,27.95,28,1700
314,27.9,27.9,27.9,27.9,200
315,27.9134,27.95,27.9,27.9,1456
316,27.9,27.9,27.85,27.85,1000
317,27.9,27.95,27.9,27.95,500
318,27.9,28,27.9,27.95,1300
319,27.9,27.95,27.9,27.95,1000
320,27.95,27.95,27.9,27.9,1100
321,27.9,27.95,27.9,27.95,400
322,27.963,28,27.963,28,2985
323,27.95,28,27.95,28,2099
324,28,28,27.95,28,5793
325,27.85,28,27.85,27.975,3479
326,28,28,27.85,27.875,2500
327,27.95,28,27.9,28,14730
432,27.9,27.9,27.9,27.9,47243
433,28.25,28.3,27.7015,27.7015,2400
434,29.1,29.25,28.3,28.3,10421
435,29,29.3,28.75,29.2,13005
436,29,29.125,28.96,29.0177,9000
437,28.85,29.1,28.85,29,5500
438,28.5,28.85,28.5,28.85,9203
439,28.5,28.55,28.4,28.5,15479
440,28.45,28.55,28.45,28.5,5951
441,28.5,28.55,28.45,28.45,3279
442,28.5,28.55,28.45,28.5,16900
443,28.65,28.7,28.55,28.55,8754
444,28.55,28.65,28.55,28.65,2200
445,28.7,28.7,28.525,28.55,2648
446,28.8112,28.875,28.75,28.75,1660
447,28.8,28.9,28.775,28.8,2600
448,28.85,28.95,28.85,28.85,1100
449,28.925,28.925,28.9,28.9,300
450,28.85,28.95,28.8,28.9,2917
451,28.925,28.925,28.8,28.825,2200
452,28.95,28.95,28.9,28.925,644
453,28.95,28.95,28.95,28.95,400
454,28.95,29.05,28.95,28.95,2400
455,28.85,28.95,28.85,28.95,850
456,29,29,28.95,28.95,1300
457,28.825,28.975,28.8,28.975,3591
458,28.8,28.8,28.7,28.8,700
459,28.8,28.8,28.75,28.75,2798
460,28.8,28.8,28.65,28.7621,6800
461,28.825,28.85,28.825,28.85,500
462,28.85,28.85,28.85,28.85,700
463,28.85,28.875,28.85,28.85,1200
464,28.9,28.9,28.85,28.85,1252
465,29,29.025,28.9,28.9137,3708
466,29.05,29.05,29.025,29.05,1200
467,29,29.025,28.95,29,2650
468,29,29.05,28.975,28.975,1986
469,29.15,29.15,29,29,4696
470,29.025,29.175,29,29.15,16490
471,29,29.175,29,29.025,39464
864,29.25,29.25,29.25,29.25,2555
865,29.35,29.6,29.3,29.3,1843
866,29.2,29.65,29.2,29.65,1501
867,29.4,29.4,29.3,29.4,2301
868,29.125,29.35,29.125,29.35,5800
869,29.1,29.15,29.1,29.1,1400
870,29,29.1,28.9,29.1,3067
871,29,29.05,29,29,1155
872,29,29.05,29,29.05,4022
873,29,29.05,29,29.05,4271
874,29,29,29,29,2204
875,28.9,29,28.9,29,1628
876,28.7,28.95,28.7,28.95,700
877,28.85,28.85,28.8,28.8,500
878,28.9,28.9,28.9,28.9,100
879,28.8,28.9,28.8,28.9,800
880,29.1,29.125,28.85,28.9,29130
881,29,29.1,29,29.1,14500
882,29.025,29.15,29,29,7501
883,29,29.05,29,29.025,6840
884,29,29,28.95,29,1100
885,29,29,28.975,28.975,3786
886,29,29.05,29,29,2218
887,29.25,29.25,29,29.05,11790
888,29.575,29.575,29.25,29.25,5240
889,29.55,29.55,29.45,29.55,1535
890,29.55,29.55,29.525,29.55,1800
891,29.6,29.6,29.55,29.55,1200
892,29.5,29.6,29.5,29.6,2066
893,29.35,29.475,29.35,29.475,2100
894,29.225,29.35,29.2,29.35,2700
895,29.1,29.15,29.1,29.15,3259
896,29.05,29.15,29,29.125,3805
897,28.95,29.05,28.95,29.025,3699
898,28.95,28.975,28.925,28.95,600
899,28.95,28.95,28.95,28.95,1000
900,29,29,28.95,29,5478
901,28.975,29.025,28.96,29,5053
902,28.975,29.05,28.95,29,4513
903,28.95,28.975,28.9,28.975,10776
a1497965400,28.7,28.7,28.7,28.7,1402
1,28.75,28.75,28.55,28.7,2346
2,28.7,28.75,28.7,28.7,700
3,28.55,28.71,28.55,28.71,1200
4,28.55,28.65,28.55,28.6,1100
5,28.51,28.51,28.5,28.5,1600
6,28.5,28.625,28.5,28.6,2337
7,28.35,28.575,28.35,28.55,4600
8,28.45,28.45,28.4,28.4,898
9,28.5,28.55,28.5,28.55,200
10,28.5,28.525,28.5,28.525,1490
11,28.5,28.5,28.45,28.5,1300
12,28.4349,28.55,28.4349,28.55,2244
13,28.45,28.45,28.45,28.45,100
14,28.45,28.45,28.4,28.4,500
15,28.5,28.5,28.45,28.45,700
17,28.35,28.5,28.35,28.5,700
18,28.2,28.3475,28.2,28.3475,2559
19,28.2,28.3,28.2,28.3,300
20,28.2,28.3,28.2,28.3,1400
21,28.25,28.3,28.15,28.15,1300
22,28.2,28.25,28.15,28.25,800
23,28.15,28.2,28.15,28.2,600
24,28.2,28.2,28.2,28.2,200
25,28.25,28.25,28.2,28.2,800
26,28.2,28.3,28.175,28.3,1600
27,28.2,28.2,28.2,28.2,300
28,28.2,28.2,28.175,28.2,400
29,28.2,28.2,28.175,28.175,300
30,28.2,28.2,28.2,28.2,1100
31,28.2,28.25,28.2,28.25,200
32,28.275,28.275,28.175,28.2,10189
33,28.25,28.3,28.2,28.275,4213
34,28.25,28.25,28.25,28.25,300
35,28.175,28.25,28.175,28.2,1700
36,28.175,28.2,28.175,28.2,1100
37,28.175,28.2,28.15,28.175,4608
38,28.175,28.2,28.15,28.15,2500
39,28.1,28.2,28.1,28.175,13155
144,28.1,28.1,28.1,28.1,472
145,27.85,27.85,27.8,27.8,850
146,27.95,27.95,27.85,27.85,1542
147,27.93,28.15,27.93,28.1,1205
148,28,28,27.93,27.93,355
149,27.95,27.95,27.95,27.95,200
150,28,28.05,28,28,521
151,28,28.05,28,28,1375
152,28,28.052,28,28.052,2475
153,28.025,28.05,27.975,28.05,2400
154,28,28,27.95,28,3200
155,27.95,28,27.95,28,1000
156,27.85,27.95,27.85,27.95,900
157,27.8,27.8,27.8,27.8,100
158,27.8,27.9,27.8,27.9,500
159,27.725,27.75,27.7,27.75,780
160,27.65,27.7,27.475,27.7,2955
161,27.475,27.55,27.475,27.55,800
162,27.5,27.55,27.5,27.55,200
163,27.5,27.5,27.45,27.5,900
164,27.25,27.45,27.2,27.4,3518
165,27.175,27.277,27.105,27.25,2100
166,27.25,27.25,27.225,27.225,514
167,27.3,27.35,27.3,27.3,600
168,27.35,27.35,27.3,27.3,500
169,27.35,27.35,27.35,27.35,100
170,27.35,27.35,27.3,27.3,600
171,27.3,27.35,27.2,27.25,5051
172,27.3,27.3,27.25,27.3,1498
173,27.302,27.302,27.3,27.3,800
174,27.3,27.35,27.3,27.3,611
175,27.35,27.35,27.25,27.3,2241
176,27.35,27.4,27.35,27.4,300
177,27.35,27.35,27.35,27.35,200
178,27.4,27.45,27.3,27.35,5545
179,27.4,27.5,27.35,27.45,8455
180,27.45,27.475,27.4,27.4,1900
181,27.5,27.5,27.4,27.45,7679
182,27.45,27.5,27.4,27.45,9502
183,27.55,27.6,27.4,27.45,28968
288,27.15,27.45,27.15,27.45,467
289,27.4,27.4,27.2,27.2,708
290,27.625,27.7,27.5,27.5,1200
291,27.55,27.65,27.55,27.6,1100
292,27.55,27.65,27.55,27.55,2100
293,27.5,27.5,27.45,27.45,355
294,27.3,27.45,27.3,27.45,700
295,27.3,27.3,27.15,27.15,1000
296,27.4,27.4,27.325,27.4,1600
297,27.45,27.5,27.35,27.35,4100
298,27.35,27.55,27.35,27.5,3429
299,27.4,27.4,27.4,27.4,700
300,27.45,27.45,27.35,27.35,1500
301,27.475,27.5,27.4,27.4,2400
302,27.5,27.55,27.5,27.55,300
303,27.45,27.55,27.45,27.55,300
304,27.5,27.6,27.5,27.55,1400
305,27.575,27.6,27.55,27.55,646
306,27.5,27.6,27.5,27.6,400
307,27.475,27.5,27.45,27.45,400
308,27.5,27.5,27.5,27.5,300
309,27.475,27.5,27.475,27.5,200
310,27.425,27.475,27.425,27.45,700
311,27.45,27.45,27.45,27.45,100
312,27.35,27.4,27.35,27.4,700
313,27.6,27.6,27.4,27.4,4245
314,27.56,27.6,27.56,27.6,300
315,27.575,27.6,27.575,27.6,200
316,27.625,27.625,27.6,27.6,425
317,27.65,27.65,27.65,27.65,300
318,27.55,27.65,27.55,27.65,1015
319,27.7,27.75,27.6,27.6,3200
320,27.725,27.75,27.7,27.7,700
321,27.75,27.75,27.7,27.75,2274
322,27.8,27.8,27.75,27.75,500
323,27.65,27.7,27.65,27.7,1200
324,27.65,27.65,27.6,27.6,1610
325,27.55,27.65,27.55,27.65,2185
326,27.55,27.5805,27.5,27.5,1500
327,27.45,27.55,27.45,27.55,14426
432,27.45,27.45,27.45,27.45,399
433,27.25,27.35,27.25,27.35,752
434,27.35,27.45,27.35,27.45,200
435,27.35,27.35,27.35,27.35,700
436,27.3,27.4,27.3,27.4,200
437,27.5,27.5,27.35,27.41,1000
438,27.45,27.5,27.45,27.5,400
439,27.4,27.55,27.4,27.55,1300
440,27.55,27.55,27.5,27.5,400
441,27.45,27.6,27.45,27.6,1000
442,27.5,27.5,27.45,27.475,1677
443,27.4,27.5,27.4,27.5,500
445,27.5,27.5,27.425,27.444,581
446,27.5,27.55,27.5,27.55,900
447,27.55,27.55,27.45,27.45,400
449,27.55,27.55,27.55,27.55,100
450,27.525,27.55,27.45,27.45,500
451,27.4,27.525,27.35,27.525,4406
452,27.4,27.45,27.4,27.45,700
453,27.5,27.5,27.5,27.5,200
454,27.3,27.4,27.3,27.4,4100
455,27.35,27.4,27.3,27.3,1200
456,27.4,27.4,27.35,27.35,584
457,27.175,27.375,27.15,27.35,3500
458,27.2,27.2085,27.15,27.175,1200
459,27.275,27.3,27.2,27.2,3277
460,27.275,27.3,27.25,27.3,1000
461,27.275,27.275,27.275,27.275,200
462,27.3,27.35,27.275,27.3,1800
463,27.25,27.35,27.15,27.3,7599
464,27.2,27.225,27.2,27.225,900
465,27.3,27.3,27.2,27.2,2500
466,27.15,27.25,27.125,27.25,3783
467,27.05,27.2,27.025,27.15,7228
468,27.05,27.1,27.05,27.075,4500
469,27.05,27.1,27.05,27.05,7020
470,27.1,27.15,27.05,27.05,4800
471,27.15,27.225,27.1,27.125,340149
864,27.2,27.2,27.2,27.2,874
865,27.45,27.6,27.25,27.25,2300
866,27.5,27.75,27.45,27.5,2800
867,27.6,27.65,27.5,27.5,2400
868,27.5,27.55,27.4,27.55,3190
869,27.45,27.525,27.4,27.5143,1255
870,27.5,27.55,27.45,27.45,3900
871,27.5,27.525,27.45,27.45,15330
872,27.4,27.45,27.35,27.45,2300
873,27.3,27.45,27.3,27.4,1000
874,27.15,27.3,27.15,27.25,1200
875,27.2752,27.2752,27.15,27.15,1379
876,27.35,27.4,27.35,27.35,1600
877,27.4,27.4,27.35,27.35,2700
878,27.35,27.4,27.35,27.35,500
879,27.35,27.35,27.35,27.35,100
880,27.5,27.55,27.35,27.35,3200
881,27.5,27.55,27.5,27.55,700
882,27.6,27.6,27.5233,27.6,1052
883,27.65,27.65,27.6,27.6,700
884,27.65,27.725,27.625,27.675,3261
885,27.8,27.8,27.675,27.675,700
886,27.85,27.9,27.75,27.8,1700
887,27.8,27.85,27.8,27.85,1100
888,27.87,27.875,27.8,27.8,1457
889,27.85,27.85,27.85,27.85,1100
890,27.7,27.875,27.65,27.85,2300
891,27.85,27.85,27.7,27.7,3200
892,27.8,27.85,27.8,27.85,2300
893,27.8,27.9,27.75,27.75,2066
894,27.95,27.95,27.85,27.85,485
895,27.9,27.95,27.8,27.95,5865
896,27.9,27.95,27.9,27.9,1400
897,27.95,27.95,27.9,27.9,800
898,27.9,27.95,27.8,27.9459,5605
899,27.85,27.9,27.825,27.9,1000
900,27.8,27.85,27.775,27.85,2585
901,27.825,27.85,27.825,27.825,800
902,27.775,27.85,27.75,27.85,3998
903,27.7,27.775,27.65,27.775,34398
a1498570200,27.7,27.7,27.7,27.7,552
1,27.8,27.89,27.55,27.85,3610
2,27.7,27.85,27.7,27.8,600
3,27.7,27.7,27.7,27.7,200
4,27.7,27.7,27.7,27.7,406
5,27.75,27.75,27.75,27.75,200
6,27.8,27.8,27.725,27.75,1000
7,27.8,27.8,27.8,27.8,700
8,27.9,28,27.85,27.9,2721
9,27.95,27.95,27.85,27.85,400
10,27.95,27.95,27.95,27.95,860
11,27.95,27.95,27.9,27.95,300
12,27.85,27.95,27.85,27.95,2700
13,27.9,27.925,27.85,27.85,1300
14,27.9,27.9,27.9,27.9,200
15,28.075,28.1,27.9,27.95,10868
16,28.05,28.1,28.025,28.075,5000
17,27.9,28.1,27.85,28.1,2200
18,27.825,27.875,27.75,27.875,3893
19,27.85,27.85,27.825,27.85,800
20,27.9,27.9,27.85,27.85,1000
21,27.95,27.95,27.9,27.9,900
22,27.85,28,27.85,27.95,5199
23,27.9,27.9,27.85,27.85,600
24,27.95,27.95,27.9,27.9,1300
25,27.775,27.95,27.775,27.925,1500
26,27.8,27.9,27.75,27.85,1800
27,27.8,27.85,27.8,27.85,1200
28,27.7,27.8,27.7,27.8,1500
29,27.7,27.75,27.7,27.7,2200
30,27.7,27.7,27.7,27.7,600
31,27.7,27.725,27.7,27.7,2300
32,27.75,27.75,27.75,27.75,700
33,27.725,27.775,27.725,27.775,1300
34,27.75,27.75,27.65,27.725,3868
35,27.75,27.85,27.75,27.8,1792
36,27.725,27.75,27.725,27.75,300
37,27.675,27.725,27.675,27.725,1600
38,27.65,27.7,27.6,27.675,4863
39,27.7,27.75,27.65,27.65,25581
144,27.95,27.95,27.95,27.95,650
145,27.975,27.975,27.975,27.975,200
146,27.875,28.0544,27.75,28,1875
147,27.8,27.85,27.75,27.85,300
148,28,28,27.85,27.85,1806
149,28.15,28.15,28,28.025,1200
150,28,28.1,28,28.1,500
151,28.1,28.1,28.05,28.05,800
152,28.15,28.15,28.05,28.05,600
153,28.15,28.15,28.1,28.1,400
154,28.3,28.3,28.15,28.2,4300
155,28.25,28.3,28.25,28.3,1600
156,28.1,28.25,28.1,28.25,900
157,27.95,28.1,27.95,28.1,5830
158,28,28,28,28,100
159,28.05,28.05,27.875,27.875,1500
160,28.15,28.15,28.1,28.1,200
161,28.025,28.1,28,28.1,5613
162,28.075,28.075,28.025,28.05,1300
163,28.075,28.1,28.075,28.075,1300
164,28.025,28.15,28.025,28.1,3898
165,28,28.05,28,28.05,1700
166,28.025,28.075,28.025,28.05,2200
167,28.025,28.05,28.025,28.025,400
168,28.025,28.05,28.025,28.05,400
169,28,28.05,28,28,3300
170,28.025,28.05,28.025,28.05,300
171,28.025,28.075,28.025,28.05,3500
172,28,28.05,28,28.025,3246
173,27.925,28.075,27.925,28.05,4343
174,27.825,27.95,27.825,27.925,2700
175,27.9,27.9,27.825,27.825,1410
176,28,28,27.85,27.85,1904
177,28.05,28.1,27.95,28,7800
178,28,28.05,28,28,2500
179,27.95,27.95,27.925,27.95,930
180,28.025,28.05,27.95,27.95,1300
181,28,28.025,27.95,28.025,2507
182,28.075,28.1,27.975,28,3600
183,28.05,28.1,27.95,28.05,35761
288,28.15,28.15,28.15,28.15,620
289,27.85,28.05,27.85,28.05,1100
290,28.05,28.05,27.85,27.9,2000
291,28.1,28.15,28,28,500
292,27.8,28.15,27.8,28.15,1409
293,27.625,27.7,27.6,27.7,1300
294,27.6241,27.75,27.6,27.6,2640
296,27.75,27.75,27.7,27.7,600
297,27.8,27.8,27.7,27.7,752
298,27.65,27.8,27.65,27.7,793
299,27.6,27.6,27.6,27.6,600
300,27.6,27.6,27.55,27.55,300
301,27.3,27.35,27.2,27.35,1504
302,27.25,27.25,27.2,27.25,2300
303,27.2,27.35,27.2,27.2825,3199
304,27.2,27.2,27.2,27.2,100
305,27.25,27.25,27.2,27.25,2000
306,27.15,27.25,27.15,27.2,911
307,27.15,27.15,27.1,27.1,700
308,27.05,27.15,27.05,27.1,1323
309,27.05,27.15,27.05,27.055,1700
310,27.2,27.2,27.1,27.15,7900
311,27.15,27.25,27.15,27.25,200
312,27.05,27.15,27.05,27.1,1596
313,27.15,27.15,27.05,27.05,1475
314,27.2,27.2,27.05,27.1,600
315,27.1,27.1497,27.1,27.1497,200
316,27.15,27.15,27.1,27.1,1350
318,27.25,27.25,27.15,27.15,1100
319,27.2,27.25,27.15,27.25,1300
320,27.2,27.2,27.15,27.2,1300
321,27.15,27.15,27.15,27.15,500
322,27.25,27.25,27.175,27.2,2500
323,27.3,27.3,27.2,27.25,3083
324,27.35,27.4,27.35,27.35,3505
325,27.45,27.45,27.35,27.375,2240
326,27.45,27.45,27.45,27.45,1600
327,27.5,27.575,27.45,27.45,14346
432,27.6,27.6,27.6,27.6,740
433,27.65,27.65,25.9556,26.9003,3810
434,27.7,27.7,27.6,27.6,1200
435,27.7,27.7,27.65,27.7,807
436,27.45,27.55,27.45,27.55,10588
437,27.5,27.5,27.5,27.5,450
439,27.35,27.35,27.35,27.35,400
440,27.45,27.45,27.4,27.4,2017
441,27.45,27.45,27.35,27.35,200
442,27.5,27.5,27.45,27.45,700
443,27.55,27.55,27.55,27.55,300
444,27.55,27.55,27.55,27.55,100
445,27.55,27.6,27.55,27.55,700
446,27.55,27.65,27.5,27.6,1800
447,27.45,27.55,27.45,27.45,600
448,27.5,27.5,27.5,27.5,100
449,27.5,27.5,27.45,27.45,500
450,27.4,27.5,27.4,27.45,500
451,27.475,27.5,27.475,27.5,400
452,27.45,27.5,27.425,27.5,1500
453,27.4,27.4,27.4,27.4,100
454,27.5,27.5,27.45,27.5,1000
455,27.5,27.5,27.47,27.47,750
456,27.525,27.55,27.5,27.525,900
457,27.55,27.625,27.5,27.525,2736
458,27.55,27.6,27.5,27.6,1600
459,27.55,27.55,27.525,27.55,300
460,27.5,27.5,27.4,27.5,4300
461,27.5,27.5,27.4,27.5,1700
462,27.45,27.5,27.4,27.45,500
463,27.625,27.625,27.5,27.5,1857
464,27.55,27.6,27.5,27.55,3534
465,27.6,27.6,27.5,27.525,2300
466,27.625,27.65,27.6,27.65,900
467,27.45,27.625,27.45,27.6,3000
468,27.475,27.5,27.4,27.45,2300
469,27.55,27.55,27.4,27.5,1800
470,27.5,27.55,27.45,27.55,8190
471,27.45,27.5,27.4,27.5,38818
864,27.65,27.65,27.65,27.65,1197
865,27.45,27.7,27.45,27.7,700
866,27.45,27.65,27.45,27.65,700
867,27.5,27.5,27.45,27.5,2923
868,27.7,27.7,27.55,27.6,700
869,27.65,27.75,27.65,27.7,1500
870,27.75,27.85,27.75,27.75,1000
871,27.625,27.8,27.6,27.75,2423
872,27.65,27.7,27.65,27.65,1049
873,27.6,27.6,27.6,27.6,100
874,27.55,27.7,27.55,27.7,1300
875,27.55,27.6,27.45,27.6,2500
876,27.6,27.625,27.55,27.6,3151
877,27.575,27.6,27.575,27.6,300
878,27.45,27.55,27.45,27.538,2582
879,27.4,27.5,27.4,27.5,300
880,27.4,27.4,27.35,27.4,400
881,27.2,27.35,27.2,27.35,2300
882,27.125,27.225,27,27.2,6105
883,27.375,27.4,27.15,27.15,3081
884,27.5,27.55,27.4,27.4,4467
885,27.45,27.5,27.4,27.5,14404
a1499261400,27.85,27.85,27.3,27.3,787
1,27.35,27.5,27.3,27.5,800
2,27.25,27.4,27.25,27.4,1000
3,27.4,27.4,27.4,27.4,600
4,27.45,27.55,27.45,27.45,3047
5,27.4,27.5,27.4,27.45,2500
6,27.25,27.35,27.25,27.3,600
7,27.3,27.3,27.25,27.25,856
8,27.4,27.45,27.3,27.3,2512
9,27.119,27.3,26.9,27.3,21672
10,27.25,27.3,27.15,27.15,2500
11,27.275,27.275,27.275,27.275,325
12,27.25,27.25,27.25,27.25,900
13,27.1,27.1,27.1,27.1,100
14,27.15,27.2,27.15,27.15,2170
15,27.2,27.2,27.15,27.15,700
17,27.1,27.1,27.1,27.1,300
18,27.1,27.125,27.1,27.1,800
19,27.2,27.2,27.2,27.2,100
20,27.15,27.2,27.15,27.2,228
21,27.2,27.25,27.2,27.225,500
22,27.25,27.3,27.2,27.25,2179
23,27.4,27.425,27.29,27.29,3311
24,27.525,27.55,27.4,27.45,1990
25,27.45,27.6,27.45,27.55,3643
26,27.55,27.55,27.45,27.45,1145
27,27.6,27.65,27.575,27.6,1600
28,27.475,27.575,27.475,27.575,1700
29,27.55,27.55,27.4,27.45,1806
30,27.55,27.55,27.55,27.55,200
31,27.45,27.5,27.45,27.5,2570
32,27.35,27.475,27.35,27.45,800
33,27.4,27.4,27.4,27.4,800
34,27.4,27.4,27.4,27.4,500
35,27.45,27.45,27.45,27.45,500
36,27.5,27.5,27.45,27.45,900
37,27.6,27.6,27.45,27.5,3800
38,27.55,27.65,27.55,27.65,2700
39,27.5,27.625,27.5,27.625,43411
