EXCHANGE%3DNASDAQ
MARKET_OPEN_MINUTE=570
MARKET_CLOSE_MINUTE=960
INTERVAL=600
COLUMNS=DATE,CLOSE,HIGH,LOW,OPEN,VOLUME
DATA=
TIMEZONE_OFFSET=-240
a1493040600,31.83,31.83,31.83,31.83,3764
1,31.65,31.83,31.65,31.83,262
2,30.82,30.92,30.82,30.92,1286
3,30.849,30.85,30.82,30.85,1190
5,30.83,30.83,30.8174,30.8174,300
7,30.8,30.8086,30.8,30.8086,600
8,30.8,30.8,30.8,30.8,118
11,30.82,30.82,30.82,30.82,475
12,30.87,30.87,30.82,30.82,3767
15,30.869,30.869,30.859,30.859,1150
20,30.87,30.88,30.8492,30.88,2155
24,30.9,30.9128,30.86,30.87,5900
25,30.86,30.9062,30.86,30.9062,865
26,30.86,30.9062,30.86,30.9062,1150
27,30.86,30.86,30.86,30.86,200
29,30.9062,30.9062,30.9062,30.9062,150
30,30.87,30.9,30.86,30.9,785
32,30.84,30.84,30.84,30.84,200
33,30.84,30.84,30.84,30.84,1000
34,30.84,30.84,30.84,30.84,300
37,30.84,30.84,30.84,30.84,100
38,31.5,31.5,31.5,31.5,500
39,31.77,31.991,31.5,31.5,1225
144,31.69,31.69,31.69,31.69,3954
145,31.34,31.34,31,31.09,2100
147,31.18,31.18,31.18,31.18,100
148,31.04,31.3,31.02,31.2724,4450
150,31.1,31.1,31.1,31.1,100
151,31.1172,31.1222,31.1172,31.1222,400
152,31.076,31.7,31.07,31.1,15780
153,31.02,31.02,31.02,31.02,500
155,31.1399,31.14,31.11,31.11,4800
158,31.1,31.1555,31.1,31.1555,200
159,31.0752,31.1,31.069,31.069,300
160,31.1,31.1,31.0762,31.0762,750
162,31.1092,31.1092,31.1092,31.1092,130
168,31.1306,31.1499,31.1306,31.14,360
169,31.16,31.16,31.15,31.15,600
170,31.2,31.2,31.2,31.2,300
173,31.2105,31.2105,31.2105,31.2105,200
174,31.21,31.28,31.21,31.25,4500
176,31.26,31.26,31.2351,31.2351,3900
178,31.2322,31.2322,31.2322,31.2322,100
179,31.29,31.31,31.29,31.31,200
180,31.21,31.25,31.21,31.2222,5500
181,31.1758,31.21,31.1758,31.2,1600
183,31.18,31.198,31.17,31.198,1740
288,31.66,31.66,31.66,31.66,2492
289,30.96,31.66,30.96,31.66,6500
290,30.7754,30.97,30.7754,30.97,400
291,31,31,30.93,30.93,2283
292,31.01,31.01,31.01,31.01,400
294,31.03,31.03,31.03,31.03,280
295,31.03,31.1,31.03,31.1,500
296,31,31,31,31,4800
297,30.753,30.99,30.753,30.753,900
298,30.9,30.9,30.9,30.9,100
299,30.9,30.9,30.9,30.9,200
300,30.8684,30.8684,30.8684,30.8684,190
301,30.83,30.83,30.83,30.83,100
303,30.836,30.8603,30.836,30.8603,500
304,30.91,30.91,30.83,30.83,11709
305,30.9,30.9,30.9,30.9,100
306,30.88,30.88,30.88,30.88,100
308,30.89,30.9,30.86,30.86,1700
312,30.89,30.89,30.86,30.86,200
314,30.86,30.86,30.86,30.86,200
316,30.85,30.85,30.85,30.85,265
317,30.84,30.84,30.84,30.84,100
318,30.8425,30.88,30.8425,30.85,700
319,30.8896,30.89,30.8896,30.89,200
322,30.85,30.85,30.85,30.85,100
323,30.89,30.89,30.86,30.86,200
324,30.88,30.88,30.88,30.88,100
325,30.89,30.89,30.89,30.89,100
326,30.8676,30.8676,30.85,30.85,282
327,30.94,30.94,30.83,30.88,1000
432,31.19,31.19,31.19,31.19,978
435,31.1394,31.1394,31.1394,31.1394,450
436,31.19,31.19,31.1489,31.18,400
442,31.25,31.25,31.24,31.24,452
446,31.29,31.3,31.29,31.3,1013
449,31.31,31.31,31.271,31.271,250
452,31.25,31.25,31.25,31.25,350
455,31.2797,31.38,31.2797,31.34,3400
459,31.34,31.34,31.34,31.34,200
468,31.3408,31.3408,31.3408,31.3408,250
469,31.27,31.28,31.27,31.28,600
470,31.4,31.4,31.4,31.4,300
471,31.36,31.36,31.25,31.25,824
576,31.43,31.43,31.43,31.43,642
577,31.3405,31.38,31.3405,31.36,584
578,31.3402,31.3402,31.3402,31.3402,100
579,31.39,31.39,31.37,31.37,2300
580,31.38,31.4399,31.38,31.4399,1275
581,31.35,31.35,31.35,31.35,200
582,31.3111,31.32,31.3111,31.32,200
583,31.31,31.31,31.31,31.31,229
586,31.345,31.345,31.345,31.345,200
587,31.36,31.3797,31.35,31.3639,4799
588,31.3685,31.37,31.35,31.36,2405
589,31.3545,31.38,31.35,31.38,2160
590,31.35,31.37,31.35,31.36,3568
591,31.35,31.36,31.35,31.35,2185
592,31.35,31.37,31.35,31.3579,1500
593,31.3798,31.4,31.3595,31.36,2160
594,31.37,31.39,31.3648,31.37,2040
595,31.3798,31.38,31.3798,31.38,200
597,31.39,31.39,31.38,31.39,2401
599,31.39,31.39,31.39,31.39,100
601,31.39,31.4,31.39,31.4,1600
602,31.387,31.39,31.387,31.39,2050
603,31.3975,31.4,31.3975,31.4,1020
604,31.39,31.39,31.39,31.39,500
605,31.4,31.4,31.38,31.38,4197
606,31.39,31.39,31.38,31.38,6500
607,31.38,31.7,31.38,31.39,15500
608,31.41,31.41,31.41,31.41,200
609,31.4,31.42,31.4,31.42,950
613,31.39,31.4,31.39,31.4,1425
614,31.38,31.4,31.37,31.4,2500
615,31.37,31.4,31.37,31.4,3365
a1493645400,31.75,31.75,31.75,31.75,12176
1,31.5588,31.75,31.54,31.75,5037
2,31.6482,31.7074,31.6,31.6,7689
3,31.7206,31.7499,31.7112,31.728,1536
4,31.91,31.97,31.715,31.749,4425
5,31.7713,31.9832,31.7522,31.91,7630
6,31.79,31.86,31.7594,31.83,5000
7,31.89,31.9,31.8334,31.8334,5800
8,31.88,31.9,31.88,31.8872,4720
9,31.88,31.89,31.88,31.89,1408
10,31.9059,31.9059,31.8855,31.8855,657
11,31.91,31.91,31.8963,31.8963,754
12,31.91,31.91,31.9,31.9,900
13,31.9046,31.9046,31.9,31.9,648
14,31.9026,31.91,31.9,31.9,2339
15,31.92,31.93,31.89,31.89,2807
16,31.94,31.94,31.922,31.93,1210
17,31.938,31.95,31.938,31.95,600
18,31.922,31.93,31.92,31.93,2000
19,31.9577,31.9577,31.9577,31.9577,727
20,31.9847,31.9847,31.9577,31.9577,1350
21,31.9794,31.99,31.97,31.97,500
22,31.987,32,31.987,31.9965,2110
23,32.0194,32.0194,31.9948,31.9948,2560
24,32.0186,32.039,32.0186,32.039,300
25,32.05,32.05,32.0498,32.0498,312
27,32.13,32.13,32.0958,32.12,2800
28,32.0858,32.1,32.08,32.1,1300
29,32.08,32.08,32.08,32.08,100
31,32.08,32.08,32.08,32.08,2100
32,32.08,32.08,32.08,32.08,425
33,32.0855,32.0864,32.08,32.08,400
34,32.08,32.0855,32.08,32.08,2046
35,32.08,32.08,32.08,32.08,600
36,32.04,32.09,32.03,32.09,7000
37,32.034,32.05,32.034,32.05,2024
38,32.0508,32.0508,32.0158,32.03,5815
39,32,32.15,32,32.09,10477
144,32.37,32.37,32.37,32.37,3261
145,32.21,32.2511,32.1638,32.25,5389
146,32.2717,32.2717,32.17,32.19,2230
147,32.2,32.24,32.2,32.24,508
148,32.1757,32.1757,32.145,32.145,570
149,32.1502,32.16,32.15,32.16,550
150,32.1654,32.1654,32.1571,32.1571,650
151,32.16,32.16,32.16,32.16,100
153,32.1805,32.1805,32.1805,32.1805,200
155,32.2,32.33,32.18,32.2,2182
156,32.18,32.1939,32.18,32.1939,900
157,32.2262,32.2262,32.1916,32.2,1000
158,32.28,32.29,32.28,32.28,1600
159,32.29,32.29,32.29,32.29,100
160,32.2949,32.34,32.28,32.3252,1050
162,32.3352,32.3352,32.3352,32.3352,500
163,32.3252,32.3253,32.3252,32.3253,525
164,32.32,32.33,32.32,32.32,1876
165,32.3095,32.3095,32.3095,32.3095,9280
166,32.2799,32.31,32.27,32.31,2000
167,32.3555,32.3555,32.27,32.27,1820
168,32.27,32.276,32.27,32.27,1972
169,32.27,32.27,32.27,32.27,400
170,32.27,32.27,32.27,32.27,700
171,32.2753,32.2753,32.2753,32.2753,400
172,32.27,32.35,32.27,32.27,6100
173,32.31,32.31,32.27,32.27,700
175,32.2984,32.2984,32.2984,32.2984,100
176,32.2953,32.2953,32.29,32.2953,833
177,32.29,32.2959,32.29,32.2959,1250
178,32.25,32.29,32.24,32.29,968
179,32.23,32.2355,32.23,32.2355,1148
180,32.239,32.239,32.23,32.23,1100
181,32.2353,32.2353,32.23,32.23,300
182,32.23,32.23,32.23,32.23,250
183,32.26,32.26,32.235,32.2353,1288
288,33,33.25,33,33.25,4878
289,32.0516,32.31,32,32.31,13275
290,32.0104,32.07,32.0001,32.07,500
291,32.005,32.0155,32,32.0155,600
292,31.92,32,31.9,32,3073
293,31.878,31.878,31.7497,31.7497,200
294,31.83,31.83,31.83,31.83,400
295,31.85,31.85,31.7722,31.7722,300
296,31.83,31.84,31.83,31.84,200
297,31.8,31.8,31.8,31.8,100
298,31.7869,31.79,31.7869,31.79,1300
299,31.8052,31.8052,31.78,31.78,225
300,31.88,31.88,31.8672,31.8672,250
301,31.88,31.89,31.8767,31.8767,4000
302,31.8756,31.8756,31.8756,31.8756,100
304,31.8502,31.8502,31.8501,31.8501,310
305,31.85,31.8548,31.85,31.8548,400
307,31.8632,31.8632,31.8632,31.8632,100
308,31.8653,31.869,31.846,31.869,900
309,31.8553,31.8553,31.8553,31.8553,200
310,31.859,31.859,31.859,31.859,140
311,31.85,31.85,31.85,31.85,509
312,31.83,31.84,31.83,31.84,550
313,31.84,31.85,31.84,31.85,600
314,31.82,31.84,31.82,31.84,950
320,32.07,32.07,32.05,32.07,300
321,31.8347,32,31.8347,32,410
322,31.83,31.83,31.8258,31.8258,2500
323,31.84,31.85,31.834,31.834,600
324,31.8297,31.85,31.8297,31.85,1200
325,31.84,31.84,31.83,31.83,500
326,31.87,31.87,31.825,31.83,2120
327,32.01,32.01,31.87,31.91,1800
432,32.31,32.31,32.31,32.31,2581
433,31.99,32.31,31.884,32.21,8490
434,31.949,31.9552,31.94,31.95,1039
435,31.93,31.9404,31.925,31.9404,1144
436,31.94,31.97,31.94,31.97,650
437,32.19,32.19,32.19,32.19,200
439,31.93,31.93,31.93,31.93,100
440,31.95,31.95,31.95,31.95,200
441,31.95,31.9599,31.9399,31.9599,450
442,31.9299,31.93,31.9254,31.9254,476
444,31.91,31.91,31.91,31.91,312
445,31.93,31.93,31.93,31.93,200
447,31.9,31.92,31.9,31.92,3308
448,31.8799,31.88,31.8799,31.88,414
449,31.8,31.84,31.8,31.84,700
450,31.8218,31.8218,31.81,31.81,530
451,31.82,31.82,31.82,31.82,100
452,31.8201,31.8201,31.8201,31.8201,100
455,31.8546,31.87,31.8546,31.87,550
457,31.82,31.83,31.82,31.83,1600
458,31.82,31.82,31.82,31.82,100
459,31.84,31.84,31.8399,31.84,500
462,31.826,31.84,31.826,31.84,400
466,31.856,31.87,31.856,31.87,200
467,31.85,31.85,31.85,31.85,100
469,31.83,31.84,31.83,31.84,400
470,31.83,31.84,31.83,31.83,1202
471,31.8,31.83,31.78,31.83,2038
576,31.72,31.72,31.72,31.72,1000
578,31.8882,31.8882,31.8882,31.8882,100
580,31.96,31.96,31.96,31.96,156
581,31.9307,31.9307,31.92,31.92,396
582,31.93,31.94,31.9295,31.93,2000
583,31.86,31.86,31.86,31.86,400
585,31.929,31.929,31.929,31.929,780
587,31.98,31.98,31.98,31.98,350
588,31.9901,31.9901,31.99,31.99,500
589,31.9954,31.9954,31.9954,31.9954,200
590,31.9932,32,31.9932,32,300
591,31.9999,32,31.9999,32,900
594,31.99,32,31.99,32,600
597,31.99,31.99,31.99,31.99,100
598,32,32,31.96,31.99,1201
603,32,32,32,32,200
604,32.052,32.07,31.98,32.07,612
607,32.1094,32.11,32.1094,32.11,1400
608,32.11,32.11,32.11,32.11,200
612,32.12,32.12,32.1,32.1,6600
613,32.0715,32.11,32.0715,32.11,700
614,32.14,32.15,32.099,32.12,4202
615,32.25,32.25,32.186,32.19,900
a1494250200,33,33.09,33,33.09,19065
1,32.42,33.09,32.32,33.09,2493
2,32.3815,32.46,32.3668,32.4154,13695
3,32.4,33.09,32.3,32.3,3399
4,32.4,32.4,32.36,32.36,256
5,32.39,32.39,32.37,32.38,2671
6,32.3566,32.37,32.35,32.3618,580
7,32.35,32.3564,32.35,32.3564,500
8,32.3172,32.354,32.3172,32.342,11895
9,32.26,32.31,32.2561,32.31,1341
10,32.2699,32.27,32.26,32.27,2681
11,32.25,32.27,32.25,32.27,250
12,32.176,32.22,32.176,32.22,5940
13,32.22,32.22,32.22,32.22,1000
14,32.2575,32.26,32.2575,32.26,700
16,32.31,32.3153,32.28,32.3018,2091
18,32.2,32.26,32.2,32.26,1010
19,32.25,32.25,32.25,32.25,2100
22,32.25,32.25,32.25,32.25,100
24,32.26,32.28,32.26,32.28,800
26,32.2998,32.35,32.26,32.2681,1810
27,32.35,32.3599,32.3399,32.3399,1700
28,32.3499,32.3499,32.3499,32.3499,200
30,32.32,32.33,32.32,32.33,1245
31,32.279,32.279,32.279,32.279,100
32,32.28,32.28,32.28,32.28,100
33,32.3275,32.3275,32.3275,32.3275,100
34,32.3462,32.3462,32.3,32.3,350
35,32.348,32.348,32.348,32.348,300
36,32.3676,32.3795,32.35,32.3795,564
37,32.3365,32.37,32.32,32.36,16350
38,32.35,32.36,32.3,32.35,10550
39,32.41,32.41,32.34,32.35,2000
144,32.99,32.99,32.99,32.99,7417
145,32.7694,32.99,32.71,32.99,3085
146,32.998,33.04,32.9708,33.03,699
147,33.025,33.025,33.025,33.025,100
148,33.1169,33.15,33.1129,33.15,600
149,33.0508,33.053,33.05,33.053,300
150,33.06,33.06,33.05,33.05,1299
151,33.126,33.15,33.126,33.14,7447
153,33.2,33.2,33.16,33.16,600
154,33.2099,33.2116,33.2,33.2116,1508
155,33.2,33.23,33.2,33.22,1900
157,33.2065,33.2099,33.2065,33.2099,412
158,33.158,33.2,33.158,33.2,1400
160,33.2782,33.2782,33.2782,33.2782,115
161,33.298,33.298,33.2564,33.2564,1680
162,33.2512,33.2512,33.23,33.23,700
163,33.26,33.26,33.26,33.26,500
164,33.26,33.28,33.25,33.2708,2550
165,33.25,33.29,33.25,33.26,700
166,33.27,33.28,33.27,33.28,300
167,33.28,33.2892,33.27,33.27,1000
168,33.29,33.29,33.2708,33.2708,1200
169,33.3,33.3,33.3,33.3,100
170,33.2928,33.33,33.2928,33.33,600
171,33.31,33.34,33.31,33.34,2200
172,33.3566,33.3666,33.3566,33.362,900
173,33.36,33.36,33.36,33.36,700
174,33.35,33.36,33.35,33.36,322
175,33.35,33.35,33.35,33.35,300
176,33.3215,33.34,33.315,33.32,2200
177,33.3,33.3099,33.3,33.3,600
179,33.29,33.3074,33.29,33.3074,500
180,33.33,33.3393,33.3,33.3,931
181,33.28,33.339,33.28,33.33,8878
182,33.3295,33.3295,33.28,33.29,5421
183,33.36,33.36,33.3,33.3119,20127
288,33.59,33.59,33.59,33.59,6321
289,33.24,33.59,33.18,33.59,1662
290,33.45,33.45,33.45,33.45,150
291,33.4,33.42,33.28,33.29,2700
292,33.4415,33.4415,33.4415,33.4415,300
293,33.35,33.35,33.35,33.35,400
294,33.28,33.3052,33.28,33.3052,2075
295,33.28,33.3606,33.28,33.3606,1500
296,33.3,33.3,33.3,33.3,100
297,33.211,33.28,33.211,33.28,3150
298,33.26,33.26,33.26,33.26,310
299,33.279,33.2999,33.22,33.27,2350
300,33.33,33.33,33.33,33.33,100
301,33.23,33.33,33.23,33.31,2600
302,33.29,33.31,33.29,33.31,300
303,33.31,33.31,33.31,33.31,100
306,33.35,33.35,33.35,33.35,100
307,33.37,33.37,33.37,33.37,100
308,33.423,33.423,33.3996,33.3996,400
309,33.4159,33.423,33.4159,33.423,1750
310,33.454,33.4559,33.42,33.42,2416
311,33.4665,33.47,33.45,33.45,606
312,33.4752,33.49,33.4682,33.49,300
313,33.46,33.47,33.46,33.47,400
314,33.43,33.45,33.43,33.45,300
315,33.43,33.45,33.43,33.45,1750
316,33.489,33.489,33.47,33.47,1600
317,33.45,33.45,33.45,33.45,100
318,33.45,33.49,33.45,33.47,800
319,33.438,33.469,33.43,33.45,2515
320,33.44,33.44,33.44,33.44,200
321,33.45,33.45,33.43,33.44,2760
322,33.46,33.46,33.45,33.45,500
323,33.49,33.49,33.49,33.49,200
324,33.45,33.47,33.45,33.47,2666
325,33.43,33.43,33.43,33.43,400
326,33.41,33.43,33.39,33.42,2450
327,33.47,33.56,33.37,33.38,11627
432,33.69,33.69,33.59,33.59,3538
433,33.15,33.6,33.15,33.59,5749
434,33.0501,33.23,33.0501,33.19,5034
435,32.9462,33.11,32.9462,33.0996,9256
436,33.02,33.03,33.02,33.03,367
437,33.04,33.06,33.0002,33.02,4954
438,32.97,33.03,32.94,33.03,4860
439,33,33.03,32.928,32.9578,2700
440,33.06,33.06,33.06,33.06,151
442,33.11,33.11,33.11,33.11,295
443,33.13,33.1492,33.13,33.1474,400
446,33.11,33.11,33.11,33.11,100
448,33.212,33.2399,33.212,33.2399,300
449,33.2292,33.2299,33.18,33.21,700
450,33.1976,33.2499,33.1976,33.2499,800
451,33.24,33.24,33.24,33.24,130
453,33.2,33.22,33.2,33.22,850
455,33.214,33.214,33.214,33.214,100
456,33.16,33.16,33.16,33.16,200
457,33.154,33.154,33.154,33.154,300
459,33.1614,33.1614,33.1614,33.1614,250
461,33.2575,33.2575,33.19,33.19,1750
462,33.2767,33.31,33.2767,33.29,2775
465,33.264,33.2875,33.25,33.25,1821
466,33.27,33.2895,33.2638,33.27,5595
467,33.31,33.31,33.2872,33.29,3648
468,33.25,33.25,33.24,33.25,300
471,33.3,33.315,33.26,33.315,1705
576,33.3,33.3,33.3,33.3,1000
577,33.1038,33.3,33.1038,33.3,956
578,33.0001,33.0006,33,33.0006,1240
579,33.1873,33.1873,33.0791,33.0843,1750
582,33.2302,33.246,33.2302,33.246,800
583,33.2916,33.2916,33.2916,33.2916,150
584,33.29,33.29,33.29,33.29,200
585,33.27,33.27,33.27,33.27,100
590,33.3,33.3,33.245,33.245,430
592,33.2994,33.2994,33.2994,33.2994,300
593,33.39,33.414,33.3,33.3,1098
594,33.4064,33.415,33.4,33.4,1407
595,33.4,33.4,33.4,33.4,200
596,33.4232,33.449,33.4166,33.449,1300
597,33.4,33.4,33.4,33.4,1200
598,33.41,33.41,33.41,33.41,460
599,33.42,33.42,33.42,33.42,200
601,33.438,33.438,33.438,33.438,500
602,33.41,33.41,33.41,33.41,330
603,33.43,33.449,33.43,33.43,300
604,33.418,33.448,33.39,33.4211,1316
605,33.4,33.4,33.4,33.4,300
606,33.39,33.4,33.39,33.4,1243
607,33.4074,33.418,33.39,33.4012,3581
609,33.3901,33.4136,33.3901,33.41,500
611,33.4151,33.4151,33.4151,33.4151,200
612,33.39,33.4,33.39,33.4,23739
613,33.36,33.36,33.36,33.36,700
614,33.38,33.38,33.38,33.38,900
615,33.41,33.41,33.37,33.37,6147
a1494855000,33.99,33.99,33.99,33.99,9954
1,33.69,34.3495,33.64,34.1,5296
2,33.718,33.74,33.71,33.7105,2755
3,33.71,33.73,33.71,33.73,8633
4,33.51,33.71,33.5,33.71,14980
5,33.53,33.53,33.5,33.5,8308
6,33.51,33.54,33.51,33.53,2700
7,33.52,33.5332,33.51,33.5332,3400
8,33.55,33.55,33.53,33.53,1025
9,33.57,33.59,33.52,33.55,8000
10,33.5685,33.62,33.5685,33.61,532
11,33.62,33.63,33.588,33.63,5800
12,33.6199,33.6199,33.6075,33.61,1148
13,33.6,33.6,33.6,33.6,595
14,33.55,33.5899,33.55,33.5899,1999
15,33.61,33.61,33.6,33.6,200
16,33.6199,33.6199,33.61,33.61,631
17,33.6099,33.61,33.6,33.6,2773
18,33.6,33.61,33.57,33.6,3859
19,33.6,33.6,33.5722,33.5722,398
20,33.5597,33.5597,33.5597,33.5597,300
21,33.5569,33.5569,33.5569,33.5569,162
22,33.6,33.6,33.5601,33.564,1974
23,33.5705,33.61,33.5705,33.61,1200
24,33.61,33.61,33.547,33.6,2400
25,33.61,33.61,33.61,33.61,100
26,33.59,33.6,33.59,33.59,1850
27,33.58,33.59,33.58,33.59,350
28,33.57,33.57,33.56,33.56,780
29,33.56,33.57,33.56,33.57,1600
30,33.51,33.55,33.51,33.55,1420
31,33.51,33.51,33.5,33.51,3192
32,33.4444,33.5,33.4444,33.5,1452
33,33.4549,33.4549,33.4549,33.4549,500
34,33.52,33.52,33.5,33.5037,2023
35,33.51,33.54,33.4001,33.54,4787
36,33.53,33.53,33.5299,33.5299,1000
37,33.52,33.52,33.5,33.5,800
38,33.5,33.5,33.5,33.5,900
39,33.51,33.51,33.509,33.51,1928
144,33.89,33.89,33.89,33.89,4859
145,34.23,34.3,34.23,34.3,250
146,33.75,33.75,33.6444,33.75,497
147,33.75,33.75,33.75,33.75,290
148,33.8384,33.8384,33.8384,33.8384,600
149,33.86,33.88,33.776,33.776,2973
150,33.7864,33.86,33.7864,33.86,1508
151,33.74,33.7608,33.74,33.75,2932
152,33.77,33.77,33.7,33.72,4486
153,33.75,33.77,33.6972,33.6972,1400
154,33.796,33.796,33.7705,33.79,1546
155,33.8,33.8,33.796,33.796,1400
156,33.75,33.75,33.75,33.75,200
157,33.78,33.78,33.72,33.75,1996
158,33.775,33.775,33.775,33.775,192
159,33.792,33.8,33.792,33.8,248
160,33.8,33.8,33.8,33.8,100
161,33.8,33.808,33.8,33.8,1500
163,33.8316,33.8316,33.8316,33.8316,100
164,33.849,33.87,33.849,33.87,600
165,33.7984,33.9118,33.79,33.89,3800
166,33.89,33.89,33.89,33.89,100
167,33.89,33.908,33.8649,33.8649,2090
168,33.9,33.9,33.89,33.892,2293
169,33.89,33.8991,33.89,33.8991,600
170,33.9,33.9099,33.87,33.9099,4899
171,33.9,33.91,33.9,33.9,3245
172,33.9,33.91,33.9,33.9,3262
173,33.918,33.918,33.918,33.918,200
174,33.85,33.85,33.85,33.85,800
175,33.86,33.86,33.86,33.86,600
176,33.85,33.85,33.85,33.85,100
177,33.8272,33.8272,33.8272,33.8272,564
178,33.83,33.858,33.83,33.8394,4825
179,33.8,33.81,33.8,33.81,1095
180,33.794,33.794,33.794,33.794,100
181,33.8312,33.8312,33.8312,33.8312,133
182,33.81,33.84,33.8,33.82,4736
183,33.82,33.82,33.8,33.8,4202
288,33.76,33.76,33.75,33.75,10260
289,33.485,33.75,33.485,33.75,14258
290,33.5803,33.67,33.5,33.67,3200
291,33.45,33.57,33.45,33.57,4292
292,33.39,33.3995,33.33,33.39,1929
293,33.4,33.4,33.4,33.4,100
295,33.3004,33.4,33.299,33.4,1360
296,33.33,33.35,33.326,33.33,3593
297,33.27,33.285,33.27,33.28,1811
298,33.185,33.25,33.1601,33.25,2926
299,33.22,33.22,33.1995,33.2095,2927
300,33.204,33.24,33.1656,33.24,600
301,33.0908,33.1656,33.0908,33.1656,400
302,33.225,33.225,33.225,33.225,100
303,33.2383,33.28,33.23,33.28,3076
304,33.2608,33.28,33.24,33.24,2500
305,33.18,33.2531,33.18,33.2531,550
306,33.2212,33.2212,33.204,33.204,1250
307,33.194,33.194,33.194,33.194,500
308,33.187,33.187,33.187,33.187,200
309,33.24,33.25,33.2144,33.2144,1699
310,33.22,33.23,33.22,33.23,1040
312,33.22,33.23,33.22,33.22,3984
313,33.2011,33.22,33.1601,33.22,2392
315,33.16,33.18,33.16,33.18,200
317,33.1141,33.13,33.1141,33.13,405
318,33.04,33.11,33.04,33.11,1320
319,33.01,33.07,33.01,33.07,320
321,33.0146,33.0146,33.0146,33.0146,300
322,33.0496,33.0496,33.03,33.03,363
323,33.072,33.08,33,33.01,2979
324,33.0791,33.0791,33.0791,33.0791,187
325,33.0998,33.1299,33.054,33.054,7439
326,33.0246,33.11,33.0201,33.0974,10725
327,32.91,33.001,32.9,33,5059
432,32.9,32.9,32.9,32.9,3365
433,32.87,32.8884,32.87,32.8884,700
434,32.9,32.91,32.75,32.87,3222
435,32.81,32.81,32.804,32.804,1050
436,32.9,32.98,32.75,32.781,3668
437,33.0014,33.0014,32.9986,32.9986,803
438,33.01,33.01,32.9714,32.9714,500
439,32.965,32.965,32.965,32.965,302
440,33.11,33.149,33.11,33.149,1300
441,33.11,33.13,33.1,33.1101,2625
442,33.138,33.138,33.138,33.138,200
443,33.134,33.134,33.1,33.1,700
444,33.1635,33.18,33.15,33.15,1098
445,33.15,33.165,33.15,33.165,310
446,33.17,33.17,33.1337,33.1337,518
447,33.1586,33.1586,33.1586,33.1586,200
448,33.07,33.0756,33.044,33.0756,400
451,33.0854,33.0854,33.0854,33.0854,450
452,33.0606,33.0606,33.0327,33.0327,237
453,33.05,33.05,33.05,33.05,500
454,33.1122,33.1122,33.0621,33.1,1200
455,33.1354,33.1354,33.05,33.05,300
456,33.0997,33.0997,33.0997,33.0997,100
457,33.1799,33.1799,33.0925,33.0925,948
461,33.1803,33.23,33.17,33.2,2604
463,33.2526,33.2526,33.2526,33.2526,100
467,33.27,33.27,33.27,33.27,400
468,33.24,33.29,33.24,33.29,3094
469,33.24,33.25,33.24,33.25,900
471,33.24,33.26,33.23,33.26,2080
576,33.23,33.23,33.23,33.23,1317
577,33.4592,33.46,33.3588,33.4112,2170
578,33.4962,33.4962,33.42,33.4326,1000
579,33.3962,33.4324,33.3962,33.4324,1200
580,33.32,33.37,33.32,33.37,200
582,33.32,33.35,33.32,33.35,613
583,33.3969,33.3969,33.32,33.32,1150
584,33.39,33.39,33.3737,33.3737,450
585,33.4175,33.43,33.4175,33.43,1000
587,33.38,33.4199,33.38,33.4199,253
588,33.38,33.3874,33.38,33.3874,392
589,33.3714,33.3754,33.3714,33.3754,200
591,33.4,33.4,33.38,33.38,1200
595,33.3871,33.3871,33.364,33.364,400
597,33.3977,33.3977,33.3977,33.3977,1000
599,33.3977,33.3977,33.3977,33.3977,150
602,33.37,33.38,33.37,33.37,700
603,33.34,33.35,33.34,33.35,550
605,33.42,33.42,33.42,33.42,500
608,33.4,33.4,33.4,33.4,200
610,33.35,33.36,33.34,33.35,1044
611,33.32,33.32,33.32,33.32,100
613,33.3,33.3,33.3,33.3,1600
614,33.2747,33.2747,33.2747,33.2747,599
615,33.31,33.31,33.21,33.28,2317
a1495459800,33.58,33.58,33.58,33.58,6016
1,33.5233,33.55,33.48,33.55,1050
2,33.66,33.74,33.576,33.576,19073
3,33.8047,33.87,33.65,33.6677,51455
4,33.9051,33.9999,33.8,33.83,18555
5,33.7852,33.9084,33.78,33.9,11966
6,33.82,33.834,33.74,33.78,17807
7,33.73,33.82,33.73,33.82,7998
8,33.67,33.74,33.67,33.73,12669
9,33.66,33.684,33.65,33.65,5525
10,33.6757,33.69,33.65,33.65,5754
11,33.6963,33.73,33.6757,33.6757,5646
12,33.7,33.73,33.7,33.73,2296
13,33.7084,33.71,33.7,33.7,2605
14,33.7,33.71,33.7,33.7085,3499
15,33.6603,33.71,33.65,33.7,2400
16,33.6623,33.6758,33.6544,33.6544,4050
17,33.69,33.69,33.65,33.67,5084
18,33.67,33.698,33.67,33.69,3285
19,33.65,33.67,33.65,33.66,3629
20,33.65,33.6559,33.65,33.65,2349
21,33.65,33.66,33.65,33.65,700
22,33.6171,33.65,33.6171,33.65,5978
23,33.62,33.63,33.61,33.6157,1130
24,33.6,33.61,33.6,33.61,940
25,33.6,33.6132,33.6,33.61,2050
26,33.6,33.61,33.6,33.6,3616
27,33.63,33.64,33.61,33.62,6620
28,33.6272,33.64,33.61,33.63,10196
29,33.645,33.645,33.62,33.63,2950
30,33.6,33.6599,33.6,33.65,5127
31,33.65,33.66,33.6263,33.6263,1085
32,33.62,33.65,33.62,33.65,1985
33,33.628,33.628,33.59,33.6158,5854
34,33.65,33.66,33.63,33.642,4419
35,33.62,33.65,33.62,33.64,2895
36,33.63,33.638,33.62,33.62,4000
37,33.6359,33.64,33.62,33.63,2668
38,33.6,33.64,33.6,33.64,1430
39,33.57,33.63,33.57,33.63,3155
144,33.87,33.87,33.87,33.87,7182
145,33.57,33.85,33.57,33.85,6894
146,33.48,33.59,33.47,33.5859,11332
147,33.48,33.48,33.46,33.4799,2937
148,33.5,33.5199,33.4976,33.5199,913
149,33.41,33.488,33.41,33.48,1848
150,33.4074,33.44,33.4,33.43,10230
151,33.4099,33.4299,33.4099,33.42,1003
152,33.43,33.43,33.4,33.4,3610
153,33.4796,33.4796,33.451,33.4598,675
154,33.48,33.49,33.4698,33.47,1995
155,33.48,33.49,33.47,33.4816,1498
156,33.5,33.51,33.48,33.488,5947
157,33.6732,33.6732,33.55,33.55,251
158,33.61,33.8116,33.59,33.76,32760
159,33.54,33.62,33.5247,33.6151,1450
160,33.51,33.53,33.51,33.53,500
161,33.5,33.5198,33.5,33.5,1165
162,33.4,33.45,33.4,33.45,2808
163,33.4,33.41,33.4,33.41,1709
164,33.4,33.4073,33.4,33.4073,200
165,33.4066,33.4066,33.4,33.4058,1000
166,33.316,33.316,33.316,33.316,100
167,33.37,33.37,33.37,33.37,100
168,33.38,33.38,33.3757,33.3757,600
170,33.388,33.388,33.3742,33.38,1030
171,33.39,33.39,33.3796,33.3796,1400
172,33.38,33.4,33.38,33.4,300
173,33.39,33.39,33.39,33.39,100
174,33.415,33.42,33.38,33.38,18200
175,33.4252,33.4318,33.4,33.4,12140
176,33.4259,33.4336,33.4259,33.4336,300
177,33.449,33.449,33.449,33.449,100
178,33.4792,33.4792,33.47,33.47,1500
179,33.47,33.49,33.45,33.49,3200
180,33.44,33.47,33.41,33.47,1876
181,33.44,33.44,33.4235,33.43,902
182,33.45,33.45,33.45,33.45,425
183,33.49,33.49,33.458,33.48,4050
288,33.78,33.78,33.78,33.78,2651
289,33.3798,33.45,33.36,33.45,2710
290,33.36,33.3799,33.36,33.3698,1100
291,33.4,33.4,33.4,33.4,600
292,33.4156,33.42,33.369,33.369,1173
294,33.4498,33.4499,33.4298,33.4332,700
295,33.5,33.5,33.44,33.45,300
296,33.49,33.5032,33.49,33.5,3200
297,33.5,33.52,33.5,33.52,1100
300,33.5498,33.5499,33.5498,33.5499,460
301,33.5695,33.5695,33.5695,33.5695,200
302,33.57,33.57,33.57,33.57,150
303,33.53,33.54,33.5191,33.54,715
305,33.5232,33.55,33.5195,33.55,1750
306,33.52,33.5304,33.52,33.5304,1758
307,33.55,33.55,33.55,33.55,600
308,33.5316,33.54,33.5316,33.54,200
309,33.5299,33.5299,33.5261,33.5261,450
311,33.5352,33.5352,33.5352,33.5352,600
312,33.5,33.52,33.5,33.52,700
316,33.4932,33.4932,33.4932,33.4932,751
317,33.5,33.5,33.49,33.49,4124
319,33.5248,33.53,33.5248,33.53,220
320,33.5188,33.5188,33.51,33.51,2501
321,33.52,33.52,33.52,33.52,200
323,33.52,33.52,33.52,33.52,300
324,33.54,33.54,33.54,33.54,549
325,33.54,33.5498,33.54,33.5498,400
326,33.55,33.55,33.54,33.55,447
327,33.54,33.58,33.54,33.56,2478
432,33.85,33.85,33.85,33.85,3536
433,33.62,33.87,33.5512,33.87,1003
434,33.86,33.86,33.7892,33.7892,650
435,33.85,33.86,33.85,33.86,1137
436,33.84,33.8574,33.84,33.8574,520
437,33.84,33.87,33.82,33.84,2026
438,33.734,33.82,33.734,33.82,784
439,33.78,33.87,33.78,33.8,16590
440,33.82,33.8699,33.8,33.8,707
441,33.84,33.858,33.82,33.84,20743
442,33.82,33.855,33.82,33.855,600
443,33.81,33.815,33.8,33.81,900
444,33.83,33.8599,33.83,33.8599,824
445,33.81,33.81,33.81,33.81,100
446,33.65,33.781,33.65,33.781,3041
447,33.65,33.65,33.65,33.65,300
448,33.7463,33.7463,33.7463,33.7463,200
449,33.75,33.75,33.75,33.75,100
450,33.66,33.775,33.66,33.775,1300
452,33.7681,33.7681,33.7681,33.7681,148
453,33.76,33.828,33.76,33.8146,2800
454,33.75,33.76,33.75,33.76,611
455,33.69,33.765,33.67,33.765,27490
456,33.71,33.724,33.71,33.724,800
457,33.71,33.71,33.67,33.67,240
458,33.69,33.728,33.69,33.7064,750
459,33.66,33.6964,33.66,33.6964,1925
460,33.68,33.68,33.68,33.68,100
461,33.688,33.688,33.688,33.688,500
462,33.683,33.683,33.683,33.683,118
463,33.6898,33.6898,33.6898,33.6898,118
464,33.73,33.74,33.69,33.69,1500
465,33.7226,33.7226,33.71,33.71,700
467,33.68,33.7299,33.68,33.7299,700
468,33.5958,33.65,33.5958,33.65,3983
469,33.6656,33.6656,33.6656,33.6656,150
470,33.7699,33.7699,33.6721,33.6721,700
471,33.62,33.72,33.593,33.593,4547
576,33.43,33.43,33.43,33.43,2850
578,33.48,33.56,33.48,33.56,1048
579,33.45,33.4501,33.45,33.45,1600
580,33.48,33.48,33.48,33.48,100
581,33.5157,33.5157,33.5157,33.5157,300
582,33.4999,33.4999,33.4607,33.4607,3000
583,33.48,33.48,33.48,33.48,470
584,33.4892,33.49,33.487,33.487,700
585,33.4752,33.4752,33.4752,33.4752,100
588,33.5097,33.51,33.474,33.474,700
590,33.51,33.51,33.51,33.51,100
591,33.478,33.55,33.478,33.535,680
593,33.515,33.515,33.515,33.515,3100
595,33.493,33.56,33.493,33.5147,1365
596,33.566,33.566,33.4761,33.4932,2176
597,33.54,33.57,33.54,33.55,700
598,33.5532,33.5532,33.5532,33.5532,1536
599,33.5403,33.5491,33.5403,33.5491,400
602,33.5327,33.5327,33.5327,33.5327,1000
604,33.541,33.541,33.541,33.541,100
606,33.55,33.55,33.55,33.55,100
607,33.5767,33.5767,33.57,33.57,3161
609,33.5641,33.62,33.5641,33.62,425
611,33.6153,33.6153,33.6153,33.6153,100
612,33.63,33.63,33.63,33.63,120
613,33.5817,33.5817,33.5817,33.5817,300
614,33.6153,33.63,33.5963,33.63,660
615,33.65,33.65,33.6,33.65,1600
a1496151000,33.73,33.73,33.73,33.73,5650
1,33.7563,33.7563,33.7355,33.7399,1100
2,33.65,33.72,33.65,33.72,1758
3,33.62,33.62,33.62,33.62,150
4,33.5769,33.5769,33.5769,33.5769,100
7,33.43,33.45,33.43,33.45,2200
8,33.441,33.4746,33.4403,33.4403,945
9,33.4598,33.46,33.4598,33.46,495
11,33.44,33.45,33.44,33.45,700
12,33.41,33.41,33.41,33.41,300
13,33.3758,33.4,33.34,33.4,1346
14,33.3301,33.3301,33.3301,33.3301,200
15,33.3778,33.3778,33.3778,33.3778,200
16,33.42,33.43,33.42,33.43,755
17,33.4,33.4001,33.4,33.4001,400
18,33.4,33.4,33.4,33.4,100
21,33.3474,33.3474,33.33,33.33,950
22,33.3599,33.36,33.3599,33.36,200
23,33.3799,33.3799,33.3799,33.3799,250
24,33.36,33.36,33.35,33.35,275
25,33.343,33.343,33.33,33.34,1155
27,33.28,33.285,33.28,33.285,449
30,33.2847,33.2847,33.2847,33.2847,250
31,33.2899,33.3399,33.2899,33.29,1000
32,33.2902,33.2902,33.2901,33.2901,200
33,33.338,33.338,33.25,33.314,2437
35,33.3627,33.3627,33.28,33.29,5400
36,33.28,33.28,33.27,33.28,752
37,33.3366,33.41,33.3314,33.37,10267
38,33.2806,33.2806,33.28,33.28,760
39,33.36,33.37,33.28,33.3001,12865
144,33.51,33.51,33.51,33.51,2212
145,33.395,33.395,33.395,33.395,300
146,33.3,33.35,33.2933,33.2933,700
147,33.07,33.25,33.07,33.25,1646
148,32.9343,33,32.87,33,15142
149,32.97,32.99,32.97,32.99,400
150,33.0399,33.04,32.9908,32.9908,2421
151,33.0035,33.0035,33.0035,33.0035,150
152,33.0531,33.0531,33.0531,33.0531,1000
153,33.0639,33.0639,33.0639,33.0639,100
155,33.14,33.165,33.14,33.15,500
157,33.1001,33.16,33.1001,33.16,290
158,33.1004,33.1004,33.1,33.1001,500
159,33.12,33.12,33.11,33.12,2200
160,33.115,33.12,33.11,33.11,700
161,33.17,33.178,33.11,33.178,700
162,33.1607,33.1607,33.1562,33.1562,404
164,33.1775,33.1899,33.1775,33.1899,720
168,33.144,33.144,33.144,33.144,300
169,33.178,33.178,33.178,33.178,100
170,33.1593,33.1593,33.12,33.15,400
173,33.1201,33.1335,33.12,33.1335,500
175,33.1,33.1,33.09,33.095,3100
179,33.121,33.155,33.121,33.155,200
180,33.1401,33.144,33.1401,33.144,700
182,33.19,33.19,33.1747,33.1747,310
183,33.29,33.29,33.25,33.26,1880
288,33.44,33.44,33.44,33.44,3669
289,33.38,33.439,33.38,33.439,244
290,33.53,33.53,33.47,33.47,353
291,33.455,33.4747,33.43,33.4747,486
292,33.37,33.47,33.37,33.44,4273
293,33.4,33.4,33.37,33.3886,836
295,33.3995,33.4,33.3995,33.4,600
296,33.4,33.4,33.4,33.4,170
298,33.4858,33.4858,33.4,33.4,2604
299,33.454,33.454,33.454,33.454,300
302,33.4874,33.4874,33.4874,33.4874,100
303,33.62,33.62,33.62,33.62,150
304,33.62,33.63,33.55,33.55,2000
305,33.65,33.65,33.62,33.62,900
307,33.65,33.65,33.62,33.62,300
308,33.632,33.6374,33.632,33.6374,325
309,33.62,33.62,33.62,33.62,105
310,33.6351,33.65,33.6351,33.65,400
311,33.62,33.62,33.62,33.62,319
313,33.56,33.56,33.56,33.56,100
314,33.63,33.65,33.6005,33.65,460
315,33.6029,33.6405,33.6029,33.64,2500
317,33.602,33.602,33.602,33.602,1400
319,33.74,33.74,33.65,33.65,3346
320,33.72,33.72,33.6906,33.6906,324
322,33.626,33.6694,33.626,33.6694,794
326,33.66,33.6699,33.6445,33.6445,2384
327,33.72,33.72,33.635,33.6636,2300
432,34,34,34,34,5290
433,33.7706,33.9385,33.7701,33.9385,650
434,33.75,33.8125,33.75,33.77,1250
435,33.73,33.775,33.73,33.775,300
436,33.774,33.774,33.774,33.774,296
437,33.82,33.87,33.82,33.85,1000
438,33.81,33.8499,33.81,33.8499,600
439,33.7903,33.7903,33.79,33.79,500
440,33.85,33.85,33.82,33.845,1700
441,33.79,33.79,33.79,33.79,300
442,33.796,33.796,33.78,33.78,500
443,33.81,33.819,33.81,33.819,300
444,33.7802,33.7802,33.7801,33.7801,240
446,33.89,33.9,33.8,33.8,2090
447,33.925,33.925,33.925,33.925,295
449,33.8703,33.91,33.87,33.91,1150
450,33.92,33.92,33.92,33.92,300
452,33.91,33.91,33.91,33.91,100
453,33.9249,33.93,33.89,33.93,1800
455,33.92,33.92,33.9136,33.9136,1200
456,33.93,33.9336,33.93,33.9304,1327
458,33.92,33.93,33.92,33.93,909
459,33.93,33.9497,33.93,33.93,1455
460,33.9,33.92,33.9,33.92,700
462,33.92,33.938,33.92,33.938,200
463,33.91,33.913,33.91,33.913,415
466,33.92,33.92,33.92,33.92,390
467,33.95,33.95,33.93,33.9499,1312
468,33.944,33.9775,33.944,33.96,886
469,33.9736,33.9736,33.9736,33.9736,200
470,33.9136,33.98,33.9136,33.98,1459
471,33.9,33.91,33.84,33.91,9629
864,34.01,34.01,34.01,34.01,8164
865,33.93,34.02,33.93,34,4199
866,33.9196,33.93,33.9098,33.93,1000
867,33.8403,33.91,33.8403,33.91,1866
868,33.8799,33.92,33.865,33.92,2120
869,33.8328,33.87,33.83,33.87,1900
870,33.86,33.88,33.86,33.88,900
871,33.82,33.84,33.82,33.84,952
872,33.839,33.839,33.75,33.8,2370
873,33.79,33.83,33.79,33.83,800
874,33.75,33.778,33.74,33.778,1366
875,33.76,33.76,33.7532,33.7532,442
876,33.77,33.77,33.77,33.77,100
877,33.76,33.76,33.75,33.75,450
878,33.702,33.74,33.702,33.74,2500
879,33.742,33.77,33.6926,33.6926,4687
880,33.785,33.8,33.763,33.763,580
881,33.78,33.78,33.78,33.78,100
882,33.76,33.7899,33.76,33.7899,400
884,33.75,33.75,33.75,33.75,1000
886,33.78,33.78,33.78,33.78,100
887,33.7757,33.798,33.7757,33.798,2030
888,33.7998,33.8,33.7998,33.8,300
891,33.8,33.8,33.8,33.8,100
893,33.814,33.814,33.79,33.79,600
894,33.8002,33.8002,33.8,33.8,1000
896,33.8198,33.8198,33.8198,33.8198,150
898,33.8098,33.8098,33.8098,33.8098,175
899,33.79,33.81,33.79,33.81,700
900,33.8,33.8,33.7906,33.8,1492
901,33.82,33.8395,33.82,33.8395,634
902,33.82,33.838,33.81,33.838,644
903,33.79,33.81,33.78,33.8,4426
a1496755800,33.81,33.81,33.81,33.81,3660
1,33.5436,33.5436,33.5436,33.5436,125
4,33.7025,33.7025,33.68,33.68,200
6,33.71,33.71,33.69,33.69,200
7,33.71,33.73,33.71,33.7299,2368
8,33.69,33.71,33.69,33.71,500
9,33.63,33.6701,33.63,33.67,573
10,33.603,33.6368,33.603,33.6368,425
11,33.6168,33.6168,33.6168,33.6168,1000
12,33.5897,33.6,33.5897,33.6,1859
14,33.5803,33.5803,33.5801,33.5801,212
15,33.612,33.612,33.612,33.612,100
19,33.65,33.65,33.54,33.64,12812
20,33.63,33.63,33.63,33.63,1000
22,33.61,33.6599,33.61,33.6599,400
23,33.5945,33.595,33.5501,33.595,700
24,33.64,33.64,33.64,33.64,200
26,33.6128,33.6128,33.6128,33.6128,100
27,33.56,33.56,33.56,33.56,100
28,33.6,33.6,33.6,33.6,100
29,33.5805,33.63,33.58,33.59,5900
32,33.664,33.6999,33.59,33.59,1251
34,33.66,33.66,33.66,33.66,200
36,33.64,33.64,33.64,33.64,300
39,33.55,33.56,33.54,33.56,3600
144,33.58,33.58,33.58,33.58,4853
146,33.596,33.73,33.596,33.73,950
147,33.63,33.63,33.59,33.59,300
148,33.6,33.6,33.6,33.6,235
150,33.705,33.72,33.6885,33.6885,500
151,33.6654,33.71,33.6654,33.71,598
153,33.68,33.68,33.651,33.68,1200
157,33.663,33.663,33.663,33.663,100
158,33.6859,33.6859,33.6859,33.6859,100
159,33.749,33.75,33.749,33.75,340
160,33.725,33.75,33.725,33.75,450
161,33.733,33.7399,33.733,33.7399,375
164,33.66,33.6601,33.66,33.6601,1616
165,33.5901,33.5901,33.5901,33.5901,253
167,33.6302,33.65,33.6302,33.65,252
168,33.67,33.67,33.67,33.67,400
170,33.6499,33.6499,33.6499,33.6499,594
173,33.7097,33.7099,33.7097,33.7099,3000
175,33.6645,33.6645,33.66,33.66,230
177,33.7496,33.75,33.7496,33.75,200
179,33.73,33.73,33.73,33.73,100
180,33.75,33.75,33.75,33.75,100
181,33.75,33.75,33.75,33.75,568
182,33.7632,33.7632,33.7632,33.7632,200
183,33.9,33.92,33.793,33.793,3974
288,34.17,34.17,34.17,34.17,6869
289,34.04,34.13,34.0198,34.13,950
290,34.07,34.09,34.07,34.09,500
291,34.09,34.09,34.0189,34.0885,1750
292,34.1551,34.21,34.11,34.172,2335
293,34.0521,34.1,34.01,34.1,1524
294,33.9364,34.03,33.9364,34.03,6536
295,34.008,34.008,33.9173,33.9462,1142
296,33.98,34,33.98,34,793
298,34.04,34.04,34.04,34.04,1682
299,34.092,34.092,34.092,34.092,900
300,34.1399,34.1399,34.12,34.12,308
301,34.13,34.13,34.13,34.13,100
303,34.1997,34.2,34.19,34.19,400
304,34.215,34.215,34.215,34.215,100
305,34.199,34.22,34.1954,34.1954,800
306,34.23,34.23,34.17,34.1987,850
307,34.2298,34.24,34.2298,34.24,350
308,34.238,34.24,34.2226,34.2226,500
309,34.2,34.22,34.2,34.22,1450
310,34.24,34.24,34.24,34.24,100
312,34.219,34.219,34.219,34.219,106
313,34.2035,34.2035,34.2035,34.2035,120
314,34.1994,34.23,34.1994,34.2054,446
316,34.24,34.24,34.24,34.24,500
317,34.21,34.21,34.21,34.21,200
318,34.2114,34.2114,34.2114,34.2114,150
320,34.1671,34.203,34.1671,34.203,1265
321,34.1448,34.1448,34.1448,34.1448,300
323,34.2346,34.2346,34.2154,34.2196,1600
324,34.2198,34.22,34.2185,34.2185,980
326,34.22,34.22,34.22,34.22,200
327,34.29,34.319,34.2821,34.3,5844
432,34.33,34.33,34.33,34.33,2350
433,34.3386,34.35,34.3171,34.35,1274
434,34.298,34.298,34.26,34.29,566
435,34.28,34.29,34.28,34.29,500
437,34.3157,34.3157,34.3157,34.3157,300
438,34.35,34.35,34.3242,34.3242,1839
439,34.3809,34.406,34.3809,34.406,935
441,34.4426,34.4426,34.4147,34.4147,1200
442,34.42,34.42,34.418,34.418,500
443,34.5138,34.5138,34.457,34.457,3427
444,34.3776,34.42,34.3776,34.42,607
445,34.4576,34.4576,34.44,34.44,2000
446,34.4192,34.4192,34.4192,34.4192,300
447,34.4099,34.4099,34.39,34.39,200
449,34.2799,34.3,34.2799,34.3,670
450,34.2397,34.2397,34.2397,34.2397,325
451,34.24,34.24,34.24,34.24,174
452,34.1,34.1,34.091,34.1,2790
453,34.1415,34.1415,34.1415,34.1415,750
455,33.976,34.1,33.9375,34.1,950
457,33.97,34.01,33.97,34.01,1300
460,33.87,33.87,33.8301,33.8301,900
461,33.8015,33.8015,33.7859,33.79,1450
462,33.85,33.85,33.8324,33.8324,1900
463,33.82,33.82,33.82,33.82,100
464,33.64,33.696,33.64,33.696,478
465,33.6308,33.6308,33.5534,33.5534,2500
466,33.6571,33.6571,33.6571,33.6571,800
467,33.68,33.68,33.68,33.68,100
468,33.78,33.85,33.78,33.81,800
469,33.7896,33.7896,33.7896,33.7896,477
470,33.6794,33.6794,33.6263,33.6263,200
471,33.76,33.78,33.6877,33.69,3850
864,33.67,33.67,33.67,33.67,3797
865,33.335,33.67,33.2201,33.67,5075
866,33.134,33.39,33.134,33.39,1915
867,33.1,33.22,33.1,33.2,1029
868,33.17,33.2774,33.0922,33.24,2649
869,33.2,33.2,33.2,33.2,300
870,33.2251,33.2251,33.2251,33.2251,150
872,33.38,33.4,33.37,33.37,2099
873,33.469,33.469,33.38,33.38,886
874,33.4238,33.4238,33.4238,33.4238,200
875,33.56,33.56,33.4743,33.4812,1200
876,33.5641,33.5641,33.5641,33.5641,163
877,33.65,33.65,33.65,33.65,116
878,33.5507,33.5788,33.5507,33.5788,475
879,33.55,33.55,33.55,33.55,100
880,33.5889,33.5889,33.5889,33.5889,110
881,33.5369,33.5369,33.5369,33.5369,700
882,33.5,33.5,33.5,33.5,100
885,33.565,33.565,33.5172,33.5172,1590
886,33.48,33.48,33.48,33.48,100
887,33.4495,33.4495,33.4495,33.4495,200
888,33.45,33.45,33.45,33.45,1048
889,33.48,33.48,33.48,33.48,300
890,33.5058,33.5058,33.5058,33.5058,1000
891,33.484,33.53,33.48,33.53,545
893,33.5752,33.5764,33.5752,33.5764,500
896,33.6274,33.6274,33.6274,33.6274,950
897,33.6225,33.6225,33.6225,33.6225,250
898,33.5985,33.63,33.5985,33.63,460
900,33.6204,33.635,33.57,33.6144,5913
901,33.68,33.68,33.5916,33.5916,400
902,33.65,33.65,33.65,33.65,100
903,33.72,33.73,33.66,33.66,3014
a1497360600,33.64,33.64,33.64,33.64,9453
1,33.87,33.87,33.71,33.74,2671
2,34.02,34.02,33.9603,34.02,1688
3,34.0397,34.0397,34.0397,34.0397,300
4,34.017,34.017,33.9865,33.9865,2150
6,33.986,33.986,33.986,33.986,300
7,33.9682,33.9682,33.9682,33.9682,200
8,33.96,33.96,33.96,33.96,165
9,33.91,33.99,33.91,33.99,2850
10,33.96,33.96,33.9,33.9,800
11,33.98,33.98,33.9639,33.9639,350
12,33.9796,33.9796,33.9796,33.9796,100
13,33.9188,33.97,33.9188,33.965,1350
14,33.8811,33.89,33.88,33.88,600
15,33.96,33.96,33.96,33.96,100
16,33.96,33.98,33.96,33.98,200
18,33.99,33.99,33.99,33.99,100
19,33.99,33.99,33.99,33.99,100
21,34.14,34.14,34.08,34.08,396
22,34.04,34.04,34.04,34.04,100
24,34.0723,34.0723,34.0723,34.0723,308
28,34.0622,34.0622,34.0622,34.0622,180
31,34.1,34.1031,34.1,34.1031,247
32,34.04,34.04,34.04,34.04,615
34,34.05,34.05,34.05,34.05,200
39,34.14,34.14,34.09,34.13,1232
144,34.29,34.29,34.29,34.29,2273
145,34.29,34.362,34.2,34.362,1900
146,34.4,34.4,34.2648,34.28,995
147,34.4,34.4,34.39,34.39,1000
148,34.34,34.34,34.34,34.34,100
149,34.34,34.34,34.34,34.34,291
155,34.33,34.33,34.32,34.32,601
156,34.3857,34.3857,34.33,34.33,350
159,34.3674,34.3674,34.3674,34.3674,350
160,34.43,34.43,34.409,34.409,495
161,34.39,34.39,34.3867,34.3867,433
162,34.41,34.41,34.41,34.41,200
163,34.36,34.36,34.36,34.36,300
164,34.4249,34.4249,34.4249,34.4249,110
165,34.3991,34.4057,34.3991,34.4057,1000
166,34.3985,34.4299,34.3956,34.4033,1500
168,34.3885,34.3885,34.3885,34.3885,1000
169,34.3717,34.3717,34.3717,34.3717,300
172,34.4895,34.4895,34.4424,34.4424,350
173,34.4,34.4,34.4,34.4,100
174,34.3972,34.3972,34.38,34.38,600
175,34.338,34.38,34.338,34.38,700
176,34.111,34.32,34.111,34.32,600
177,34.3199,34.3199,34.1552,34.1552,215
180,34.0801,34.1422,34.053,34.053,4927
181,34.1722,34.1722,34.0971,34.0971,875
182,34.22,34.2284,34.1901,34.2084,2594
183,34.29,34.29,34.1901,34.287,1374
288,33.98,33.98,33.98,33.98,1555
289,33.9015,33.9015,33.77,33.9,910
290,33.8338,33.92,33.81,33.92,1800
291,33.9175,33.9175,33.8,33.8,1988
292,33.92,33.9319,33.92,33.9319,200
293,33.89,33.9,33.88,33.9,500
294,33.7777,33.7777,33.7777,33.7777,150
296,33.8739,33.9749,33.8739,33.8823,1006
297,33.909,33.909,33.909,33.909,500
298,33.8701,33.8701,33.8701,33.8701,562
299,33.9703,33.9703,33.9703,33.9703,160
300,34.05,34.05,34.05,34.05,238
302,34.08,34.08,34.08,34.08,1000
303,34.08,34.08,34,34,12000
304,34.0129,34.0129,34.0129,34.0129,293
305,34.0696,34.0696,34.03,34.03,400
306,34.0799,34.0799,34.06,34.0717,2125
310,34.1959,34.1959,34.08,34.08,1150
312,34.12,34.12,34.12,34.12,500
316,34.13,34.13,34.13,34.13,1000
319,34.2352,34.2438,34.2352,34.2438,800
320,34.2472,34.25,34.2472,34.25,1700
323,34.3799,34.3799,34.3799,34.3799,233
324,34.3354,34.38,34.3354,34.38,390
325,34.34,34.34,34.34,34.34,200
326,34.2796,34.3,34.2796,34.3,600
327,34.32,34.32,34.3036,34.3199,1145
432,34.38,34.38,34.38,34.38,1621
433,34.25,34.25,34.25,34.25,1900
438,34.3444,34.3444,34.3444,34.3444,300
439,34.31,34.34,34.31,34.32,1077
441,34.32,34.32,34.31,34.31,533
442,34.2703,34.2703,34.2703,34.2703,100
444,34.2309,34.2309,34.2309,34.2309,100
445,34.2935,34.2935,34.2935,34.2935,100
449,34.47,34.47,34.34,34.34,450
450,34.4145,34.4456,34.4145,34.4456,1145
451,34.4056,34.4056,34.4056,34.4056,850
452,34.4317,34.5,34.4083,34.5,2310
453,34.45,34.45,34.45,34.45,100
454,34.372,34.372,34.372,34.372,100
455,34.47,34.48,34.47,34.48,300
456,34.4129,34.4129,34.4129,34.4129,200
459,34.4997,34.5,34.485,34.4999,600
461,34.5352,34.5352,34.5,34.5,400
463,34.4949,34.4949,34.4949,34.4949,150
464,34.496,34.496,34.496,34.496,300
466,34.54,34.54,34.54,34.54,100
467,34.4848,34.5,34.4848,34.5,1264
468,34.4426,34.49,34.4426,34.49,808
469,34.4484,34.4891,34.4484,34.4891,300
470,34.48,34.4828,34.4549,34.4549,510
471,34.56,34.56,34.515,34.515,1300
864,34.77,34.77,34.66,34.66,3883
865,34.864,34.864,34.77,34.77,1292
866,34.9,34.925,34.868,34.925,2314
867,34.81,34.83,34.786,34.83,2068
868,34.8967,34.94,34.84,34.84,2592
869,34.8759,34.9299,34.8645,34.9299,1307
870,34.8957,34.91,34.8278,34.88,1313
871,34.8731,34.93,34.8731,34.9175,899
872,34.93,34.93,34.8994,34.92,694
873,34.8577,34.912,34.8577,34.912,2743
874,34.94,34.948,34.9086,34.948,950
875,34.9048,34.95,34.8728,34.94,1911
876,34.88,34.91,34.845,34.91,1066
877,34.92,34.92,34.89,34.89,1315
878,34.915,34.915,34.915,34.915,500
879,34.8604,34.93,34.86,34.93,940
881,34.92,34.92,34.908,34.908,300
882,34.97,34.98,34.97,34.98,1375
883,34.98,34.98,34.96,34.96,3000
884,34.9722,34.99,34.9722,34.99,200
885,34.999,35,34.9639,34.9754,7127
887,35,35,35,35,1200
888,34.99,34.99,34.9817,34.9817,500
889,35.034,35.04,35.01,35.01,1006
890,35.0181,35.04,35,35,1340
891,35,35.03,35,35.02,2900
892,35,35.0031,35,35,3256
895,35,35,34.9826,34.99,2200
896,34.92,34.97,34.92,34.97,3325
898,34.8619,34.873,34.8619,34.87,300
899,34.88,34.89,34.8771,34.8793,994
900,34.89,34.89,34.85,34.85,4809
901,34.95,34.96,34.89,34.89,1156
902,35,35,34.96,34.9617,861
903,34.99,35,34.96,34.9979,9458
a1497965400,35.07,35.07,35.07,35.07,4197
1,34.9,35.04,34.9,35.04,1160
2,34.95,34.95,34.91,34.9109,550
3,34.87,34.929,34.8063,34.929,3328
4,34.9,34.9,34.8,34.8388,947
5,34.9089,34.9089,34.8401,34.8401,400
6,34.88,34.89,34.88,34.89,200
7,34.88,34.88,34.88,34.88,100
8,34.91,34.9199,34.9,34.9,2500
9,34.911,34.911,34.911,34.911,200
10,34.9454,34.9628,34.945,34.9628,550
11,34.93,34.93,34.91,34.91,200
12,34.82,34.88,34.82,34.88,500
13,34.74,34.81,34.74,34.76,2950
14,34.7231,34.725,34.7231,34.725,400
16,34.744,34.77,34.7101,34.7101,2631
17,34.7,34.7514,34.6846,34.7514,1800
18,34.7,34.7,34.7,34.7,100
19,34.6154,34.6154,34.6154,34.6154,110
20,34.66,34.66,34.66,34.66,271
22,34.6765,34.6765,34.63,34.63,1135
23,34.69,34.69,34.69,34.69,100
24,34.658,34.6797,34.658,34.6701,800
25,34.6745,34.6745,34.6401,34.6401,520
26,34.6835,34.6835,34.6463,34.6463,200
27,34.718,34.718,34.7119,34.7119,525
28,34.7,34.71,34.6701,34.71,2200
29,34.69,34.69,34.67,34.67,200
31,34.65,34.66,34.65,34.66,4100
32,34.66,34.66,34.66,34.66,158
33,34.6653,34.6653,34.6653,34.6653,288
34,34.668,34.668,34.668,34.668,570
35,34.6825,34.6825,34.6825,34.6825,125
36,34.69,34.69,34.69,34.69,100
37,34.67,34.709,34.67,34.709,467
38,34.66,34.66,34.638,34.638,245
39,34.71,34.71,34.67,34.71,2070
144,34.72,34.72,34.72,34.72,1930
145,34.72,34.72,34.72,34.72,204
146,34.8964,34.9,34.8964,34.9,200
147,34.8678,34.8999,34.8478,34.8478,1490
148,34.988,34.988,34.8978,34.8978,1085
149,34.988,34.988,34.9796,34.9796,571
150,34.9999,35.01,34.97,34.97,2029
151,35.06,35.07,35.06,35.06,485
153,35,35.0128,35,35.01,2380
154,34.92,35,34.9076,35,2498
155,34.93,34.95,34.91,34.91,1470
156,34.96,34.96,34.96,34.96,400
157,34.98,34.99,34.97,34.97,2357
158,34.9319,34.9612,34.9319,34.9612,600
160,34.95,34.9662,34.95,34.965,1050
161,34.9699,34.9699,34.95,34.95,1725
162,34.978,34.978,34.95,34.95,1500
163,34.989,34.989,34.989,34.989,100
164,34.966,34.966,34.966,34.966,100
165,34.9453,34.9453,34.9453,34.9453,100
166,34.93,34.93,34.93,34.93,300
168,34.9292,34.9292,34.9292,34.9292,300
169,34.955,34.955,34.9497,34.9497,700
170,34.9456,34.99,34.9456,34.99,700
171,34.9899,34.9899,34.935,34.935,800
172,35.0165,35.0165,35.0165,35.0165,200
176,35.1022,35.1022,35.0767,35.0767,1500
177,35.1,35.1,35.1,35.1,121
178,35.06,35.0722,35.06,35.0722,1500
179,35.0475,35.0475,35.0475,35.0475,485
180,35.1199,35.1199,35.09,35.09,2660
181,35.08,35.08,35.08,35.08,581
182,35.0675,35.09,35.0675,35.0711,750
183,35.11,35.11,35.09,35.108,5698
288,35.15,35.15,35.15,35.15,6127
289,35.0866,35.18,35.085,35.11,1977
290,35.24,35.24,35.0934,35.13,880
291,35.21,35.2199,35.175,35.2,7000
292,35.2399,35.2399,35.17,35.17,401
293,35.2,35.2,35.2,35.2,450
295,35.3199,35.3199,35.285,35.3199,787
297,35.4,35.4,35.3796,35.3796,1300
298,35.3762,35.3762,35.36,35.36,1817
299,35.3796,35.3999,35.35,35.3999,4970
300,35.356,35.39,35.327,35.327,6900
301,35.35,35.3664,35.3405,35.3664,1940
302,35.384,35.384,35.3201,35.3546,2591
303,35.42,35.45,35.42,35.45,1440
304,35.53,35.53,35.53,35.53,100
305,35.55,35.55,35.55,35.55,410
306,35.54,35.54,35.54,35.54,100
307,35.55,35.55,35.55,35.55,151
308,35.6,35.6,35.55,35.55,350
309,35.65,35.65,35.65,35.65,100
310,35.63,35.6499,35.63,35.6499,600
311,35.64,35.64,35.64,35.64,100
313,35.67,35.68,35.67,35.68,282
314,35.66,35.66,35.66,35.66,400
315,35.7,35.7,35.63,35.63,6625
316,35.6883,35.6883,35.6883,35.6883,117
317,35.62,35.7074,35.61,35.7074,860
318,35.5538,35.6264,35.5538,35.6264,535
319,35.6,35.61,35.6,35.61,200
320,35.5788,35.5788,35.57,35.57,641
322,35.5941,35.61,35.5941,35.6,3579
323,35.57,35.59,35.55,35.55,1033
324,35.55,35.55,35.54,35.55,1404
325,35.46,35.51,35.46,35.51,2339
326,35.4699,35.4699,35.4168,35.4168,2060
327,35.44,35.46,35.44,35.44,3922
432,35.57,35.57,35.41,35.41,8618
433,35.373,35.55,35.373,35.55,1549
435,35.35,35.3599,35.3,35.3599,2465
436,35.4065,35.4065,35.4065,35.4065,300
437,35.41,35.42,35.41,35.42,400
438,35.45,35.45,35.41,35.41,1000
439,35.5297,35.554,35.495,35.5,2540
440,35.5947,35.5997,35.5347,35.5347,2356
441,35.6526,35.6602,35.6097,35.6097,600
442,35.6365,35.67,35.6365,35.67,3150
443,35.7,35.7,35.6995,35.7,423
444,35.72,35.77,35.72,35.7699,1765
445,35.68,35.7369,35.68,35.7369,740
446,35.7,35.7,35.6836,35.6836,520
447,35.67,35.67,35.67,35.67,125
449,35.76,35.76,35.7599,35.7599,450
450,35.84,35.84,35.78,35.78,3580
451,35.84,35.8483,35.8,35.84,5190
452,35.82,35.86,35.82,35.838,1868
453,35.818,35.8244,35.8,35.82,1877
454,35.8099,35.8099,35.8,35.8,1200
455,35.81,35.81,35.795,35.803,550
456,35.81,35.82,35.81,35.82,700
457,35.82,35.8299,35.81,35.8299,1735
458,35.82,35.82,35.81,35.81,4200
459,35.82,35.833,35.8,35.82,3125
460,35.835,35.838,35.8072,35.83,2000
461,35.84,35.851,35.81,35.8113,3200
462,35.83,35.83,35.83,35.83,275
463,35.83,35.85,35.805,35.85,2100
464,35.78,35.81,35.78,35.81,1200
465,35.77,35.7999,35.75,35.75,1334
466,35.74,35.75,35.73,35.75,2700
467,35.7448,35.7448,35.7448,35.7448,200
468,35.729,35.76,35.67,35.76,2988
469,35.785,35.79,35.75,35.769,5781
470,35.84,35.85,35.7364,35.77,4940
471,35.89,35.9399,35.82,35.92,17237
864,36.07,36.07,36.07,36.07,14676
865,36.14,36.14,35.99,35.99,1788
866,36.0858,36.1,36.0858,36.1,648
867,35.95,36.07,35.95,36.07,840
868,35.93,36.03,35.93,36.03,2475
869,35.95,35.95,35.8901,35.8901,1719
870,36.0401,36.0638,36.0401,36.06,4500
871,36,36.06,36,36.06,500
872,35.86,35.91,35.85,35.91,2900
873,35.82,35.85,35.81,35.85,4500
874,35.73,35.83,35.6801,35.83,1200
875,35.7599,35.7599,35.71,35.72,1426
876,35.73,35.7461,35.7147,35.7461,2748
878,35.822,35.89,35.822,35.84,3292
880,35.9242,35.94,35.881,35.94,1052
882,35.93,35.93,35.9081,35.9081,322
883,35.94,35.94,35.9062,35.9062,400
884,35.96,35.98,35.9498,35.95,3200
885,35.9962,36,35.9501,36,2895
886,35.95,35.97,35.95,35.97,200
887,36,36,35.9913,35.9913,500
888,35.975,36,35.97,35.99,1575
889,36,36.032,36,36.032,3875
890,36.01,36.04,35.98,35.99,7930
891,36.05,36.0596,35.99,35.99,2230
892,36.01,36.01,36.01,36.01,100
893,35.95,35.99,35.95,35.99,1200
894,35.94,35.94,35.94,35.94,400
895,35.9724,35.9724,35.9724,35.9724,100
897,36,36,36,36,1100
898,35.9878,35.9878,35.97,35.97,2550
899,35.9927,35.9927,35.9927,35.9927,167
900,36,36,35.9967,35.9967,750
901,35.97,36.019,35.97,36.019,400
902,35.9424,35.95,35.92,35.95,1405
903,35.93,35.96,35.91,35.95,3804
a1498570200,35.86,35.86,35.86,35.86,3400
1,35.83,35.99,35.75,35.99,2697
2,35.77,35.84,35.76,35.79,1200
3,35.6728,35.789,35.65,35.789,5193
4,35.7594,35.76,35.65,35.65,3435
5,35.74,35.85,35.74,35.8,10078
9,35.8,35.8,35.7953,35.7953,937
10,35.76,35.78,35.76,35.78,1583
11,35.7702,35.7702,35.75,35.75,300
12,35.75,35.7701,35.75,35.77,1457
13,35.75,35.75,35.75,35.75,100
14,35.75,35.7568,35.75,35.75,310
15,35.74,35.7912,35.74,35.77,850
16,35.76,35.8058,35.75,35.75,2000
17,35.79,35.815,35.79,35.815,300
19,35.73,35.79,35.73,35.79,758
21,35.7,35.7,35.7,35.7,600
22,35.65,35.675,35.65,35.675,400
23,35.595,35.595,35.595,35.595,350
24,35.5725,35.5725,35.5725,35.5725,200
25,35.516,35.5571,35.5,35.55,1005
26,35.4031,35.4303,35.36,35.41,2258
28,35.35,35.4026,35.35,35.4026,1435
29,35.3431,35.388,35.3431,35.388,200
31,35.41,35.41,35.41,35.41,100
32,35.4945,35.4945,35.4945,35.4945,140
33,35.4858,35.5068,35.4858,35.5068,366
34,35.44,35.44,35.44,35.44,100
35,35.468,35.468,35.468,35.468,197
36,35.3297,35.4126,35.3297,35.4126,815
37,35.3387,35.3387,35.3387,35.3387,150
38,35.3533,35.363,35.3533,35.363,350
39,35.3,35.3321,35.29,35.3321,3539
144,35.41,35.42,35.41,35.42,1842
145,35.4284,35.4512,35.4284,35.4512,923
146,35.4044,35.4044,35.4044,35.4044,100
147,35.3,35.37,35.3,35.37,405
148,35.29,35.29,35.29,35.29,100
149,35.4,35.4,35.265,35.265,500
150,35.39,35.39,35.39,35.39,100
151,35.38,35.38,35.38,35.38,100
152,35.53,35.54,35.53,35.53,863
153,35.5047,35.5264,35.4868,35.495,1500
154,35.5183,35.5399,35.5183,35.5399,1100
156,35.52,35.52,35.52,35.52,100
157,35.48,35.5064,35.48,35.4867,320
162,35.5118,35.5118,35.5118,35.5118,500
163,35.54,35.54,35.5129,35.516,941
164,35.5566,35.57,35.5566,35.57,625
165,35.5881,35.5881,35.5881,35.5881,563
170,35.6315,35.6315,35.625,35.625,800
171,35.573,35.6048,35.573,35.585,800
172,35.5632,35.5632,35.5632,35.5632,300
174,35.5527,35.58,35.5527,35.56,3424
175,35.525,35.5357,35.525,35.5357,228
176,35.55,35.55,35.55,35.55,100
178,35.59,35.59,35.56,35.56,400
179,35.62,35.62,35.5535,35.57,1154
180,35.5915,35.63,35.5915,35.63,521
183,35.58,35.59,35.56,35.59,1042
288,35.59,35.59,35.48,35.48,3233
289,35.53,35.54,35.391,35.512,1160
290,35.45,35.45,35.45,35.45,300
291,35.435,35.44,35.435,35.44,368
292,35.3,35.43,35.3,35.43,496
293,35.28,35.31,35.28,35.31,600
294,35.334,35.334,35.334,35.334,100
295,35.4077,35.42,35.4077,35.42,200
296,35.49,35.49,35.4899,35.49,500
297,35.45,35.45,35.415,35.4363,2104
298,35.37,35.37,35.37,35.37,100
301,35.16,35.16,35.08,35.1,1490
302,35.155,35.155,35.155,35.155,100
305,35.1219,35.1273,35.1219,35.1273,550
308,35.0736,35.1026,35.0736,35.1,600
309,35.05,35.05,35.05,35.05,100
310,34.9999,35.04,34.9999,35.04,4669
311,34.95,34.95,34.95,34.95,200
312,34.84,34.9562,34.84,34.9562,865
313,34.85,34.85,34.85,34.85,4000
314,34.97,34.97,34.97,34.97,275
315,34.92,34.9305,34.92,34.9305,346
316,34.8725,34.895,34.87,34.87,1269
317,34.9773,34.9773,34.9773,34.9773,200
318,35,35,35,35,300
319,35.03,35.045,35.02,35.02,600
320,35.08,35.08,35.0408,35.0408,1488
323,35.1566,35.165,35.11,35.11,3400
324,35.13,35.1572,35.1273,35.1273,1000
325,35.1942,35.1942,35.1942,35.1942,146
326,35.23,35.23,35.23,35.23,800
327,35.25,35.26,35.2331,35.2331,2255
432,35.42,35.42,35.42,35.42,2434
435,35.25,35.3057,35.25,35.3057,1600
437,35.15,35.15,35.15,35.15,100
438,35.23,35.24,35.18,35.18,1000
439,35.28,35.28,35.28,35.28,200
440,35.2,35.2,35.2,35.2,100
441,35.2331,35.2331,35.174,35.174,577
443,35.246,35.246,35.246,35.246,266
445,35.2,35.2,35.2,35.2,100
446,35.22,35.22,35.22,35.22,100
448,35.22,35.22,35.22,35.22,100
450,35.26,35.26,35.26,35.26,100
451,35.274,35.274,35.274,35.274,283
452,35.26,35.26,35.26,35.26,100
453,35.23,35.23,35.23,35.23,100
454,35.31,35.32,35.27,35.27,900
455,35.2985,35.339,35.2871,35.3097,1150
456,35.3098,35.3098,35.3098,35.3098,200
458,35.3113,35.3113,35.3113,35.3113,350
459,35.33,35.33,35.32,35.32,2900
460,35.34,35.35,35.3301,35.35,1300
461,35.356,35.356,35.31,35.34,330
462,35.3907,35.4199,35.36,35.36,1300
466,35.4046,35.4513,35.4046,35.4513,2141
467,35.4,35.4,35.4,35.4,200
468,35.43,35.43,35.4168,35.4168,500
469,35.4007,35.41,35.4007,35.41,350
470,35.44,35.44,35.4168,35.4168,680
471,35.36,35.45,35.36,35.4407,2489
864,35.56,35.56,35.56,35.56,3123
865,35.35,35.56,35.33,35.56,4598
866,35.3614,35.3614,35.3614,35.3614,200
867,35.29,35.38,35.25,35.38,4371
868,35.28,35.28,35.28,35.28,260
869,35.1701,35.2915,35.1701,35.2755,4452
870,35.07,35.16,35.07,35.16,1950
871,35.05,35.05,35.0001,35.04,1514
872,35,35.045,35,35.03,1700
873,34.96,34.98,34.96,34.9756,1900
874,34.79,34.8905,34.7092,34.8905,4775
875,34.7882,34.84,34.77,34.77,741
876,34.86,34.86,34.7851,34.7851,450
878,34.87,34.877,34.87,34.877,400
879,34.85,34.86,34.845,34.85,1725
880,34.84,34.85,34.84,34.85,300
881,34.8,34.83,34.735,34.83,2960
882,34.8378,34.84,34.82,34.82,800
883,34.805,34.83,34.805,34.81,400
884,34.795,34.83,34.72,34.8,18294
885,34.83,34.88,34.82,34.82,1908
