EXCHANGE%3DNASDAQ
MARKET_OPEN_MINUTE=570
MARKET_CLOSE_MINUTE=960
INTERVAL=600
COLUMNS=DATE,CLOSE,HIGH,LOW,OPEN,VOLUME
DATA=
TIMEZONE_OFFSET=-240
a1493127000,22.15,22.15,22.15,22.15,423
1,22.1,22.15,22.05,22.15,2200
2,22.1,22.1,22.1,22.1,3400
3,22.1162,22.1162,22.05,22.1,1670
4,22.1276,22.15,22.125,22.15,4400
5,22.1,22.1198,22.1,22.1198,2600
6,22,22.05,22,22.05,1900
7,22.025,22.05,21.95,21.9753,9623
8,22.0147,22.05,22.0147,22.05,1338
9,22.025,22.05,22,22.0229,1100
10,22.025,22.05,22.025,22.025,2700
11,22.025,22.05,22.025,22.025,1000
12,22.025,22.05,21.975,22,4588
13,22.025,22.05,22,22,1100
14,22,22.05,22,22.025,700
15,22.025,22.05,22.025,22.025,1100
16,22.005,22.05,21.975,22,4670
17,22.025,22.05,22,22.05,1200
18,22,22,21.95,22,7513
19,21.975,22,21.975,22,2139
20,22,22.05,22,22.025,500
21,22,22.05,22,22,2900
22,21.95,21.975,21.95,21.975,1500
23,22,22.025,21.955,22,1900
24,22.05,22.05,22.05,22.05,320
25,22.021,22.025,22,22.025,1000
26,22,22,22,22,2400
27,22.025,22.05,22,22.05,1400
28,22.025,22.05,22.025,22.025,600
29,22.05,22.05,22.022,22.025,300
30,22.025,22.05,22,22.05,5938
31,22.025,22.05,22,22,1000
32,22.05,22.05,22,22.05,800
33,22,22.025,22,22.025,200
34,22.025,22.05,22,22.025,2600
35,21.975,22.05,21.975,22.025,6043
36,21.975,22,21.95,21.98,2200
37,21.975,22,21.975,22,4831
38,21.975,22,21.95,22,6752
39,21.95,22,21.95,22,22184
144,21.95,21.95,21.95,21.95,1254
145,22.05,22.1,22.05,22.1,900
146,22.1,22.2,22.05,22.05,5550
147,22.15,22.15,22.125,22.15,1700
148,22.2,22.2,22.1,22.1,5054
149,22.2,22.25,22.2,22.235,2900
150,22.25,22.3,22.2,22.2,6657
151,22.225,22.25,22.225,22.25,2100
152,22.225,22.225,22.225,22.225,200
153,22.225,22.25,22.2,22.25,1900
154,22.2,22.25,22.2,22.2,1081
155,22.225,22.25,22.2,22.225,2794
156,22.2,22.25,22.175,22.25,9292
157,22.2,22.225,22.15,22.2,922
158,22.175,22.25,22.15,22.175,5000
159,22.15,22.175,22.1,22.15,3950
160,22.15,22.175,22.1,22.125,4719
161,22.15,22.175,22.15,22.15,600
162,22.15,22.2,22.15,22.15,800
163,22.175,22.175,22.15,22.15,1300
164,22.175,22.225,22.15,22.15,8813
165,22.175,22.25,22.15,22.15,5993
166,22.1,22.175,22.1,22.15,10066
167,22.1,22.125,22.075,22.1,5400
168,22.1,22.1,22.05,22.1,3724
169,22.05,22.05,22.05,22.05,400
170,22.05,22.075,22.05,22.05,400
171,22,22.05,22,22.05,6578
172,22.025,22.025,22,22,500
173,22.05,22.075,22,22.02,3359
174,22.05,22.1,22.05,22.0563,3100
175,22.125,22.125,22.05,22.05,13745
176,22.1,22.105,22.05,22.1,8846
177,22.05,22.1061,22.05,22.1,8289
178,22.075,22.1,22.05,22.05,900
179,22.075,22.1,22.075,22.1,4130
180,22.025,22.1,22,22.1,13211
181,22,22.029,22,22.025,1733
182,22.05,22.1,22,22,6490
183,22.05,22.1,21.95,22.1,41204
288,22.05,22.05,22.05,22.05,376
289,21.95,21.95,21.9,21.95,800
290,22.05,22.05,21.95,21.95,1078
291,22.05,22.05,22.0253,22.05,600
292,21.95,22,21.95,21.95,2397
293,21.9,21.95,21.9,21.95,3600
294,21.9,21.9,21.9,21.9,500
295,21.9,21.95,21.9,21.95,300
296,21.95,21.95,21.925,21.95,2000
297,21.95,21.95,21.9,21.9,700
298,21.95,21.95,21.95,21.95,1200
299,21.95,21.975,21.95,21.975,724
300,21.95,21.95,21.9,21.95,1500
301,21.95,21.95,21.9,21.9,600
302,21.95,21.95,21.95,21.95,300
304,21.95,21.95,21.95,21.95,400
305,21.95,21.95,21.95,21.95,600
306,21.85,21.9,21.85,21.9,1200
307,21.85,21.85,21.85,21.85,700
308,21.8,21.8,21.75,21.8,1847
310,21.85,21.85,21.825,21.825,200
311,21.85,21.85,21.85,21.85,200
312,21.9,21.9,21.85,21.85,2842
313,21.875,21.875,21.875,21.875,300
315,21.875,21.9,21.85,21.85,2053
316,21.875,21.875,21.85,21.85,200
317,21.875,21.875,21.875,21.875,200
318,21.9,21.9,21.875,21.875,300
319,21.875,21.875,21.875,21.875,400
320,21.925,21.95,21.9,21.9,832
321,21.925,21.925,21.925,21.925,300
322,21.875,21.925,21.875,21.925,2091
323,21.85,21.875,21.85,21.875,200
324,21.825,21.875,21.8,21.875,1400
325,21.85,21.875,21.8,21.825,4486
326,21.875,21.875,21.85,21.85,4600
327,21.8,21.875,21.8,21.85,34077
432,21.75,21.75,21.75,21.75,1160
434,21.85,21.85,21.85,21.85,372
436,21.85,21.85,21.805,21.85,600
437,21.85,21.85,21.8,21.8,200
438,21.825,21.825,21.825,21.825,200
439,21.7,21.8,21.7,21.8,1383
440,21.7,21.7,21.7,21.7,400
441,21.675,21.75,21.675,21.75,6190
442,21.7,21.725,21.65,21.65,1600
443,21.675,21.675,21.675,21.675,200
444,21.675,21.7,21.675,21.7,500
445,21.7,21.7,21.65,21.65,300
446,21.65,21.675,21.6,21.65,6000
447,21.675,21.675,21.65,21.65,1300
448,21.675,21.675,21.675,21.675,200
449,21.65,21.65,21.65,21.65,945
451,21.625,21.65,21.625,21.65,200
452,21.65,21.65,21.65,21.65,200
453,21.65,21.7,21.65,21.65,1120
455,21.6,21.6,21.6,21.6,100
456,21.65,21.65,21.65,21.65,300
457,21.7,21.7,21.65,21.65,1100
458,21.675,21.7,21.65,21.7,1100
459,21.65,21.675,21.625,21.65,3700
461,21.65,21.675,21.65,21.65,2900
462,21.65,21.65,21.65,21.65,100
463,21.7,21.7,21.65,21.65,600
464,21.65,21.65,21.65,21.65,407
465,21.65,21.65,21.65,21.65,700
466,21.675,21.675,21.675,21.675,100
467,21.65,21.7,21.65,21.7,3200
468,21.675,21.7,21.675,21.675,700
469,21.65,21.7,21.6,21.65,12242
470,21.625,21.65,21.6,21.6,1000
471,21.55,21.65,21.5,21.625,27840
864,21.6,21.6,21.6,21.6,449
865,21.6,21.6,21.6,21.6,100
866,21.65,21.75,21.5,21.5,7029
867,21.55,21.6,21.5,21.6,3300
868,21.5,21.6,21.5,21.6,200
869,21.55,21.55,21.55,21.55,300
870,21.5,21.55,21.5,21.55,700
871,21.6,21.65,21.55,21.55,2999
872,21.55,21.6,21.55,21.6,200
873,21.55,21.65,21.55,21.65,300
874,21.55,21.65,21.55,21.55,300
875,21.6,21.6,21.555,21.555,500
876,21.55,21.65,21.55,21.55,500
877,21.55,21.6,21.55,21.6,1200
878,21.55,21.575,21.55,21.575,600
880,21.6,21.6,21.6,21.6,900
881,21.65,21.7,21.605,21.605,3250
882,21.7,21.7,21.6,21.65,900
883,21.7,21.7,21.7,21.7,200
884,21.65,21.7,21.65,21.65,500
885,21.65,21.65,21.65,21.65,700
886,21.7,21.7,21.7,21.7,100
887,21.65,21.7,21.6,21.6,400
888,21.65,21.65,21.6,21.6,1350
889,21.65,21.65,21.65,21.65,125
890,21.7,21.7,21.638,21.638,1923
891,21.65,21.7,21.65,21.65,500
892,21.75,21.8,21.675,21.7,3060
893,21.75,21.75,21.7,21.7,1700
894,21.7318,21.75,21.7318,21.75,500
895,21.65,21.725,21.65,21.725,2753
896,21.65,21.675,21.65,21.675,1200
897,21.625,21.65,21.625,21.625,300
898,21.6,21.6,21.6,21.6,100
899,21.625,21.6273,21.6,21.6,700
900,21.6,21.625,21.6,21.6,400
901,21.6,21.65,21.6,21.625,2600
902,21.575,21.6,21.55,21.55,500
903,21.6,21.65,21.55,21.55,11719
a1493731800,21.7,21.7,21.7,21.7,463
1,21.75,21.85,21.65,21.65,1200
2,21.525,21.75,21.5,21.725,26683
3,21.575,21.575,21.525,21.525,7400
4,21.6,21.6,21.6,21.6,1500
5,21.65,21.65,21.65,21.65,3500
6,21.7,21.7,21.7,21.7,100
7,21.7,21.75,21.65,21.65,1200
8,21.725,21.75,21.725,21.725,1000
9,21.6,21.725,21.51,21.725,12976
10,21.525,21.55,21.51,21.525,899
11,21.55,21.6,21.55,21.6,829
12,21.45,21.55,21.45,21.55,5440
13,21.5,21.5,21.5,21.5,800
14,21.55,21.55,21.55,21.55,100
15,21.5,21.5,21.45,21.5,3205
16,21.55,21.55,21.5,21.5,800
17,21.525,21.6,21.5,21.6,6145
18,21.55,21.6,21.55,21.55,4493
19,21.55,21.55,21.55,21.55,100
20,21.55,21.55,21.55,21.55,1500
21,21.6,21.6,21.5,21.55,500
22,21.5,21.525,21.5,21.525,700
23,21.5285,21.6,21.5285,21.6,467
24,21.55,21.55,21.5,21.525,400
25,21.525,21.525,21.525,21.525,100
26,21.525,21.55,21.525,21.55,600
27,21.475,21.55,21.475,21.55,1930
28,21.475,21.5,21.475,21.475,800
29,21.45,21.5,21.45,21.5,500
30,21.405,21.5,21.405,21.5,1260
31,21.45,21.5,21.45,21.45,7504
33,21.35,21.425,21.3,21.4,8686
34,21.35,21.35,21.325,21.35,2367
35,21.325,21.35,21.3,21.35,3767
36,21.35,21.35,21.35,21.35,1863
37,21.35,21.35,21.325,21.325,1600
38,21.3,21.4,21.25,21.35,14347
39,21.3,21.35,21.2,21.3,35961
144,21.1,21.1,21.1,21.1,1518
145,21.4,21.45,21.1,21.1,3691
146,21.2,21.45,21.15,21.4,4715
147,21.25,21.35,21.2,21.3,2450
148,21.45,21.45,21.25,21.25,2700
149,21.4,21.5,21.4,21.4,4400
150,21.25,21.4,21.25,21.4,1400
151,21.15,21.25,21.15,21.25,1146
152,21.1,21.15,21.1,21.15,700
153,21.1,21.2,21.1,21.15,5765
154,21,21.1,20.975,21.1,3698
155,21.1,21.1,21.05,21.05,500
156,21,21.1,21,21.05,1500
157,21.15,21.15,21,21,1600
158,21.15,21.15,21.15,21.15,700
159,21.125,21.15,21.125,21.125,600
160,21.025,21.125,21,21.125,2200
161,20.9,21,20.8,21,8700
162,21,21,20.9,20.95,6742
163,20.9,20.95,20.9,20.95,400
164,20.975,21,20.9,20.9,700
165,20.825,20.9,20.75,20.9,19000
166,20.95,20.95,20.8,20.8,1770
167,20.9,20.95,20.9,20.95,400
168,21,21,20.95,20.95,500
169,20.95,21,20.95,21,500
170,21.1,21.1,20.975,21,2700
171,21.05,21.05,21.05,21.05,100
172,21.05,21.15,21.05,21.1,700
173,21.1,21.15,21.05,21.15,3170
174,21.05,21.1,21.05,21.05,1275
175,21,21.05,21,21.05,700
176,21,21.05,21,21,2900
177,20.85,21,20.85,20.95,2186
178,20.9,20.95,20.8,20.85,4385
179,20.85,20.9,20.85,20.9,850
180,20.875,20.9,20.8,20.85,2579
181,20.85,20.9,20.8,20.875,3227
182,20.85,20.9,20.8,20.875,13428
183,20.8,20.9,20.8,20.8,26143
288,21,21,21,21,2370
291,20.8,21,20.8,21,4900
292,20.7,20.75,20.65,20.75,1100
293,20.55,20.65,20.55,20.65,1523
294,20.5,20.55,20.5,20.55,1400
295,20.55,20.6,20.45,20.45,1500
296,20.55,20.65,20.55,20.55,2025
297,20.55,20.6,20.55,20.55,1800
298,20.5,20.55,20.5,20.55,3200
299,20.425,20.5,20.425,20.5,1900
300,20.475,20.5,20.4,20.425,3700
301,20.45,20.45,20.45,20.45,200
302,20.5,20.5,20.45,20.5,700
303,20.3,20.4,20.25,20.4,10370
304,20.25,20.25,20.25,20.25,916
305,20.15,20.175,20.125,20.15,2500
306,20.2,20.25,20.175,20.2,1850
307,20.25,20.25,20.25,20.25,1400
308,20.375,20.4,20.275,20.3,1927
309,20.35,20.45,20.35,20.4,14654
310,20.4,20.45,20.3,20.35,19472
311,20.375,20.45,20.35,20.45,2600
312,20.4,20.45,20.375,20.4,31352
313,20.5,20.5,20.425,20.45,1619
314,20.5,20.5,20.45,20.5,4436
315,20.5835,20.5835,20.475,20.475,5513
316,20.6,20.6,20.55,20.55,600
317,20.575,20.6,20.55,20.55,1100
318,20.5,20.55,20.5,20.55,3142
319,20.45,20.45,20.45,20.45,1876
320,20.45,20.45,20.45,20.45,100
321,20.45,20.475,20.4,20.45,900
322,20.375,20.4,20.35,20.4,5489
323,20.3,20.4,20.3,20.35,6100
324,20.35,20.35,20.275,20.3,14310
325,20.375,20.45,20.35,20.375,9100
326,20.35,20.4,20.35,20.375,3800
327,20.35,20.4,20.3,20.355,53001
432,20.4,20.4,20.4,20.4,659
433,20.1,20.35,20.1,20.2,1037
434,20.15,20.3,20.05,20.15,4490
436,20.15,20.15,20.15,20.15,1900
437,20.15,20.15,20.05,20.1,800
438,20.05,20.1,20,20.05,2300
439,20.05,20.1,20.05,20.05,1850
440,20.05,20.1,20.05,20.05,800
441,20.06,20.1,20.05,20.05,3225
442,20.1,20.125,20.05,20.05,7800
443,20.125,20.125,20.1,20.125,500
444,20.1,20.125,20.1,20.125,500
445,20.05,20.1,20.05,20.1,1900
446,20.1,20.1,20.05,20.1,2200
447,20.05,20.05,20.05,20.05,700
448,20.05,20.05,20.0293,20.0293,2900
449,20.05,20.05,20.025,20.025,1700
450,20.025,20.045,20,20.025,400
451,20.02,20.05,20,20,1126
453,20,20.025,20,20.025,200
454,20.0345,20.1,20.0345,20.05,2950
455,20.1,20.1,20.05,20.1,890
456,20.075,20.075,20.05,20.05,400
457,20.025,20.05,20.025,20.05,2200
458,20.05,20.1,20.05,20.05,390
459,20.05,20.1,20.05,20.1,200
460,20.05,20.05,20.05,20.05,100
461,20.05,20.05,20.05,20.05,300
462,20.025,20.025,20,20,1851
463,20,20.05,19.9,20.0444,19183
464,20.025,20.025,20.025,20.025,200
465,20.025,20.025,20,20,400
466,20.025,20.1,20,20.025,11455
467,20.0226,20.05,20.005,20.05,1893
468,20,20.05,20,20.05,9354
469,20.05,20.05,20,20,11952
470,20.075,20.1,20.05,20.075,7600
471,20.1,20.1,20.05,20.1,12347
865,20.095,20.095,20,20,1459
866,19.955,20.05,19.955,20.05,2160
867,20.15,20.15,20,20,2171
868,20.1,20.15,20.1,20.15,1000
869,20.1,20.1,20.1,20.1,100
870,20.1,20.15,20.1,20.15,2400
871,20.15,20.15,20.15,20.15,100
872,20.125,20.125,20.1,20.1,1000
873,20.15,20.15,20.1,20.1,22000
874,20.15,20.1747,20.15,20.1747,1400
875,20.15,20.15,20.1,20.1,1645
876,20.1,20.15,20.1,20.15,400
877,20.0901,20.1228,20.075,20.1228,1024
878,20.1,20.1,20.0695,20.0695,312
879,20.2,20.2,20.075,20.075,4115
880,20.2,20.2,20.2,20.2,700
881,20.2,20.25,20.2,20.25,1900
882,20.2,20.25,20.155,20.25,1450
883,20.25,20.25,20.2,20.2,7513
884,20.35,20.35,20.275,20.275,4339
885,20.425,20.45,20.4,20.4,745
887,20.35,20.4,20.35,20.4,3500
888,20.35,20.375,20.325,20.325,800
889,20.3,20.3,20.3,20.3,200
890,20.3303,20.35,20.3303,20.35,2600
891,20.3,20.3,20.3,20.3,300
892,20.275,20.325,20.275,20.3,2387
893,20.15,20.3,20.15,20.3,3231
894,20.175,20.2,20.125,20.15,2495
895,20.3,20.3,20.175,20.175,2200
896,20.25,20.3,20.2,20.3,2650
897,20.3,20.3,20.2,20.3,1000
898,20.3,20.35,20.25,20.3,800
899,20.35,20.35,20.35,20.35,100
900,20.25,20.3,20.25,20.3,1972
901,20.25,20.25,20.2,20.225,900
902,20.25,20.275,20.2,20.2,3200
903,20.35,20.4,20.275,20.275,35845
a1494336600,20.35,20.35,20.35,20.35,1112
1,20.4,20.55,20.4,20.525,2400
2,20.45,20.45,20.45,20.45,400
3,20.5,20.5,20.45,20.45,896
4,20.45,20.5,20.45,20.5,1930
5,20.45,20.45,20.45,20.45,700
6,20.45,20.45,20.45,20.45,200
7,20.5,20.5,20.5,20.5,100
8,20.475,20.5,20.4,20.4094,3674
9,20.55,20.55,20.475,20.475,3950
10,20.55,20.55,20.525,20.55,1028
11,20.7,20.75,20.55,20.55,14224
12,20.625,20.75,20.6,20.75,8007
13,20.61,20.6272,20.61,20.625,1150
14,20.625,20.65,20.6,20.6317,2350
15,20.7,20.7,20.6,20.6,2288
16,20.75,20.75,20.721,20.75,566
17,20.725,20.75,20.725,20.725,471
18,20.8,20.8,20.725,20.725,2700
19,20.725,20.8,20.7,20.775,4795
20,20.7,20.725,20.6,20.7,6911
21,20.6,20.6,20.6,20.6,100
22,20.6,20.6,20.6,20.6,200
23,20.6,20.65,20.6,20.65,400
24,20.6,20.6,20.6,20.6,600
25,20.7,20.7,20.65,20.65,3500
26,20.675,20.8,20.675,20.7,3100
27,20.65,20.675,20.65,20.65,400
28,20.675,20.75,20.675,20.675,4600
29,20.675,20.725,20.65,20.675,8630
30,20.75,20.75,20.675,20.675,4900
31,20.8,20.8,20.725,20.75,18500
33,20.825,20.85,20.825,20.85,300
34,20.875,20.875,20.825,20.825,1740
35,20.825,20.9,20.825,20.9,2647
36,20.85,20.9,20.8157,20.85,3400
37,20.775,20.9,20.75,20.9,7941
38,20.65,20.75,20.65,20.75,4300
39,20.75,20.75,20.65,20.675,15333
144,20.7,20.7,20.7,20.7,714
145,20.7,20.75,20.7,20.725,387
146,20.7,20.8,20.6952,20.6952,4682
147,20.65,20.65,20.6,20.6,600
148,20.7,20.7,20.7,20.7,2672
149,20.775,20.775,20.7,20.7,739
150,20.85,20.85,20.75,20.775,6150
151,20.9,20.9,20.825,20.825,1173
152,20.85,20.9,20.85,20.9,700
153,20.85,20.85,20.825,20.85,800
154,20.875,20.9,20.875,20.9,600
155,20.925,20.95,20.9,20.9,4730
156,20.95,20.95,20.925,20.95,3482
157,20.925,20.95,20.875,20.95,3800
158,20.95,20.95,20.95,20.95,400
160,20.95,20.95,20.95,20.95,200
161,20.95,20.975,20.95,20.95,2900
162,21,21,20.975,20.975,1000
163,21,21,21,21,600
164,20.975,21,20.975,21,400
165,20.9766,20.9766,20.975,20.975,2700
166,20.975,21,20.975,20.975,400
167,21.05,21.05,21,21,2320
168,21.1,21.1,21.05,21.05,1900
169,21.1,21.15,21.1,21.1,1200
170,21.1,21.1,21.1,21.1,200
171,21.025,21.075,21.025,21.075,2978
172,20.975,21,20.975,21,1405
173,21,21,21,21,500
174,21,21,20.975,20.975,1300
175,21.05,21.05,21.05,21.05,200
176,21.075,21.075,21.05,21.05,7684
177,21.075,21.1,21.075,21.1,500
178,21.075,21.1,21.05,21.075,600
179,21.125,21.15,21.075,21.1,9844
180,21.075,21.15,21.075,21.15,4828
181,20.95,21.075,20.95,21.075,3307
182,21.025,21.025,20.95,20.95,6000
183,21,21.05,20.95,21.05,18836
288,20.95,20.95,20.95,20.95,355
289,20.9,21.05,20.9,21.05,600
290,20.75,20.769,20.75,20.75,1000
291,20.85,20.85,20.75,20.75,2826
292,20.8,20.8,20.8,20.8,500
293,20.85,20.85,20.85,20.85,100
294,20.75,20.85,20.75,20.85,1000
295,20.8,20.8,20.75,20.75,290
296,20.8,20.8,20.8,20.8,1000
297,20.85,20.85,20.8,20.8,300
298,20.775,20.8,20.725,20.8,5811
299,20.75,20.8,20.75,20.8,600
300,20.8,20.8,20.75,20.75,300
301,20.7,20.8,20.7,20.8,1500
303,20.75,20.75,20.75,20.75,200
305,20.8,20.8,20.75,20.75,1385
308,20.8,20.85,20.8,20.85,300
309,20.775,20.775,20.775,20.775,200
310,20.775,20.775,20.775,20.775,520
311,20.75,20.75,20.75,20.75,100
313,20.7,20.775,20.7,20.775,1650
314,20.8,20.8,20.65,20.75,500
316,20.7,20.75,20.7,20.75,600
317,20.8,20.8,20.7,20.7,1000
318,20.7,20.75,20.7,20.75,1000
319,20.7,20.8,20.65,20.7,3539
320,20.6,20.675,20.6,20.675,3122
321,20.55,20.7,20.55,20.6,2900
322,20.55,20.6,20.55,20.55,4056
323,20.45,20.525,20.45,20.5,3300
324,20.45,20.5093,20.425,20.5093,7355
325,20.5,20.55,20.45,20.45,3879
326,20.525,20.55,20.5,20.525,2004
327,20.5,20.55,20.45,20.525,24571
432,20.4,20.4,20.4,20.4,255
433,20.35,20.5,20.35,20.45,5702
434,20.55,20.55,20.5,20.5,200
436,20.5,20.5035,20.45,20.5035,1900
437,20.45,20.45,20.45,20.45,1730
438,20.4,20.4,20.4,20.4,200
439,20.45,20.475,20.45,20.45,548
441,20.45,20.45,20.45,20.45,400
442,20.4,20.45,20.4,20.45,400
443,20.4,20.4,20.4,20.4,1300
446,20.35,20.35,20.35,20.35,400
447,20.4,20.45,20.4,20.45,731
449,20.4,20.45,20.35,20.45,300
450,20.45,20.45,20.35,20.35,500
451,20.4,20.45,20.4,20.45,300
452,20.4,20.4,20.4,20.4,100
453,20.4,20.4,20.35,20.4,1448
454,20.325,20.4,20.325,20.4,3533
455,20.3288,20.4,20.3288,20.35,1520
456,20.4,20.4,20.35,20.4,1100
457,20.4,20.4,20.35,20.35,600
458,20.4,20.4,20.35,20.4,400
459,20.4,20.4,20.375,20.375,1600
460,20.4,20.4,20.4,20.4,400
461,20.4,20.4,20.375,20.375,900
462,20.325,20.4,20.3,20.4,8717
463,20.4,20.4,20.35,20.35,1696
464,20.4,20.45,20.375,20.4,2600
465,20.4,20.45,20.3,20.4,5932
466,20.4,20.4,20.4,20.4,1000
467,20.375,20.4,20.375,20.375,300
468,20.4,20.4,20.35,20.35,1578
469,20.4,20.4,20.35,20.35,2140
470,20.4,20.4,20.35,20.4,1200
471,20.35,20.4,20.3,20.35,20756
864,20.4,20.4,20.4,20.4,416
866,20.55,20.55,20.45,20.488,834
867,20.501,20.501,20.501,20.501,300
868,20.55,20.55,20.55,20.55,100
869,20.45,20.5,20.45,20.5,7000
870,20.575,20.575,20.5,20.5,1200
871,20.55,20.55,20.55,20.55,1100
872,20.45,20.4695,20.45,20.45,1800
873,20.5,20.5,20.45,20.45,500
874,20.45,20.45,20.45,20.45,100
875,20.55,20.55,20.55,20.55,100
876,20.55,20.55,20.5,20.5,200
877,20.6,20.6,20.55,20.55,700
878,20.525,20.575,20.5,20.575,1400
879,20.55,20.55,20.5,20.55,300
881,20.5,20.5,20.5,20.5,600
882,20.4,20.5,20.4,20.5,22041
883,20.4,20.4,20.4,20.4,899
884,20.425,20.45,20.4,20.4,3300
885,20.55,20.55,20.4,20.425,4366
886,20.525,20.55,20.5,20.55,1400
887,20.55,20.55,20.525,20.525,300
888,20.55,20.55,20.55,20.55,600
889,20.525,20.55,20.525,20.525,1500
890,20.55,20.55,20.5,20.55,1500
891,20.525,20.55,20.5247,20.525,1743
892,20.475,20.525,20.475,20.525,1400
893,20.45,20.45,20.45,20.45,100
894,20.425,20.5,20.4,20.5,2884
896,20.45,20.45,20.4,20.4,1600
897,20.45,20.45,20.425,20.45,300
898,20.4,20.45,20.4,20.425,408
899,20.375,20.4,20.35,20.4,800
900,20.375,20.4,20.35,20.35,1226
901,20.4,20.4,20.375,20.376,700
902,20.4,20.4,20.375,20.375,400
903,20.4,20.4,20.35,20.35,14001
a1494941400,20.4,20.4,20.4,20.4,132
2,20.3,20.35,20.3,20.35,1177
3,20.325,20.4,20.3,20.3,637
4,20.325,20.325,20.325,20.325,200
5,20.35,20.35,20.325,20.325,200
6,20.25,20.3,20.25,20.3,4280
7,20.225,20.225,20.225,20.225,100
9,20.2,20.2,20.2,20.2,100
10,20.225,20.225,20.175,20.2,400
11,20.25,20.25,20.225,20.225,2199
12,20.325,20.325,20.25,20.25,12702
13,20.325,20.4,20.325,20.35,600
14,20.3,20.325,20.3,20.325,1992
17,20.35,20.35,20.3,20.3,200
18,20.3,20.3,20.3,20.3,907
19,20.35,20.35,20.3,20.3,200
20,20.3,20.3,20.3,20.3,100
21,20.3053,20.3053,20.3,20.3,275
22,20.275,20.3,20.275,20.3,300
23,20.25,20.275,20.225,20.275,2299
24,20.25,20.3,20.25,20.25,2199
26,20.2774,20.2774,20.2774,20.2774,148
27,20.25,20.25,20.25,20.25,1662
28,20.225,20.225,20.225,20.225,100
29,20.2,20.2,20.2,20.2,100
30,20.2,20.225,20.2,20.225,800
31,20.25,20.25,20.25,20.25,2238
32,20.275,20.275,20.2,20.2,4204
33,20.25,20.25,20.25,20.25,100
34,20.275,20.275,20.275,20.275,396
35,20.275,20.275,20.25,20.25,3947
36,20.275,20.275,20.275,20.275,100
37,20.25,20.275,20.25,20.275,2036
38,20.2,20.275,20.2,20.25,7306
39,20.25,20.25,20.2,20.2,12617
144,20,20,20,20,862
145,20.05,20.1,20.05,20.1,1100
146,20,20.01,19.95,20,17148
147,20.1,20.1,20.05,20.05,1000
148,20.05,20.05,20.05,20.05,100
149,20.1,20.1,20.05,20.05,7626
150,20.075,20.075,20.075,20.075,600
151,20.05,20.1,20.05,20.075,3457
152,20.05,20.1,20.05,20.0832,4637
153,20,20.05,20,20.05,600
154,19.95,20.025,19.95,20,5805
155,19.975,19.975,19.975,19.975,390
156,19.95,20,19.95,19.9695,3705
157,19.975,20,19.975,20,1000
158,20,20,19.95,19.975,600
160,19.975,20,19.95,19.95,2600
161,19.975,19.975,19.975,19.975,100
162,19.95,20,19.95,19.95,2300
163,19.975,20,19.95,19.95,1900
164,19.975,20,19.95,20,1182
165,19.975,20,19.95,19.95,400
166,19.95,20,19.95,19.975,1100
167,19.95,19.975,19.95,19.95,2300
168,19.925,19.975,19.9,19.975,5832
169,19.95,19.95,19.925,19.95,1100
170,19.85,19.925,19.85,19.9,10177
171,19.85,19.875,19.85,19.875,618
172,19.825,19.875,19.825,19.85,3177
173,19.825,19.825,19.825,19.825,200
174,19.825,19.85,19.8,19.85,2915
175,19.75,19.825,19.75,19.8,3501
176,19.8,19.8,19.75,19.8,1000
177,19.85,19.85,19.75,19.75,2000
178,19.8,19.85,19.8,19.85,600
179,19.9,19.9,19.825,19.825,1900
180,19.95,19.95,19.85,19.875,2469
181,19.95,19.95,19.9,19.9,1400
182,19.9,19.95,19.85,19.95,6513
183,19.9,19.95,19.85,19.875,52130
288,19.85,19.85,19.85,19.85,110
289,19.925,19.95,19.9,19.9,888
290,19.85,19.9,19.85,19.9,300
291,19.85,19.85,19.75,19.8,1300
292,19.825,19.9,19.8,19.8,10607
293,19.75,19.8,19.75,19.8,900
294,19.75,19.8,19.75,19.8,400
295,19.8,19.8,19.775,19.8,6999
296,19.825,19.85,19.8019,19.85,340
297,19.8,19.8,19.795,19.8,1100
298,19.78,19.825,19.775,19.8,1538
299,19.775,19.775,19.775,19.775,100
300,19.8,19.8,19.775,19.775,500
302,19.75,19.775,19.7,19.775,7140
303,19.75,19.8,19.74,19.75,5995
304,19.775,19.775,19.75,19.75,1000
305,19.775,19.775,19.75,19.775,1300
306,19.9,19.9,19.775,19.775,3341
307,19.875,19.9,19.875,19.9,1000
308,19.85,19.85,19.8,19.85,2873
309,19.9201,19.95,19.85,19.85,18796
310,19.925,20,19.925,19.95,1700
311,19.9,19.925,19.9,19.925,4371
312,19.9,19.9,19.9,19.9,700
313,19.9,19.925,19.9,19.9,3480
314,19.9,19.9,19.9,19.9,1100
315,19.9,19.9,19.9,19.9,1000
316,19.9,19.95,19.9,19.925,2400
317,19.875,19.875,19.85,19.85,4108
318,19.875,19.875,19.875,19.875,600
319,19.9,19.9273,19.875,19.875,6990
320,19.925,19.925,19.9,19.9,900
321,19.925,19.925,19.9,19.925,1300
322,19.9,19.925,19.875,19.925,1495
323,19.875,19.875,19.875,19.875,200
324,19.875,19.9,19.875,19.9,300
325,19.875,19.875,19.85,19.875,1600
326,19.875,19.89,19.85,19.875,4118
327,19.9,19.9,19.85,19.875,30109
432,19.85,19.85,19.85,19.85,5106
433,19.9,19.95,19.85,19.85,1600
434,19.95,19.95,19.85,19.9,10045
435,19.9,19.95,19.9,19.95,3855
436,19.85,19.85,19.85,19.85,400
437,19.8,19.85,19.8,19.85,3969
438,19.75,19.75,19.75,19.75,4517
439,19.8,19.825,19.8,19.8,1000
440,19.8,19.825,19.76,19.825,3767
441,19.825,19.825,19.8,19.8,1900
442,19.825,19.85,19.775,19.8,3933
443,19.825,19.825,19.8,19.825,1600
444,19.825,19.825,19.8,19.825,700
445,19.825,19.825,19.8,19.8,1100
446,19.8,19.825,19.8,19.8105,1000
447,19.825,19.85,19.825,19.825,800
448,19.825,19.825,19.825,19.825,200
449,19.85,19.85,19.8,19.825,400
450,19.875,19.9,19.825,19.825,3500
451,19.9,19.925,19.875,19.875,1200
452,19.925,19.925,19.925,19.925,700
453,19.925,19.95,19.925,19.925,700
454,19.9,19.925,19.85,19.925,3086
455,19.925,19.925,19.875,19.9,8300
456,19.925,19.95,19.9,19.925,1300
457,19.925,19.95,19.9,19.925,2500
458,19.925,19.95,19.9,19.9,900
459,19.925,19.925,19.9233,19.925,1327
460,19.925,19.95,19.9,19.925,1100
461,19.9,19.95,19.9,19.9,1200
462,19.9,19.95,19.85,19.9,4749
463,19.85,19.9,19.85,19.9,2518
464,20,20,19.875,19.9,3400
465,19.925,20,19.925,19.975,5268
466,19.975,20,19.9,19.95,7234
467,19.975,20,19.95,19.95,2100
468,19.85,20,19.85,19.95,3343
469,19.875,19.9,19.875,19.875,400
470,19.85,19.875,19.825,19.85,5746
471,19.85,19.9,19.8,19.9,20486
864,19.85,19.85,19.85,19.85,166
865,19.85,19.85,19.85,19.85,100
866,19.85,20,19.85,19.95,4800
867,19.895,19.9,19.895,19.9,700
868,19.85,19.85,19.85,19.85,714
870,19.85,19.85,19.85,19.85,200
871,19.85,19.85,19.85,19.85,100
872,19.85,19.85,19.85,19.85,300
873,19.9,19.9,19.85,19.85,1600
874,19.9,19.9,19.9,19.9,200
875,19.95,19.95,19.85,19.85,1300
876,19.95,20,19.95,19.95,3507
877,19.95,19.95,19.95,19.95,300
878,19.95,19.95,19.95,19.95,200
879,20,20,20,20,190
880,20,20.02,19.99,20,2201
881,20.05,20.05,20.03,20.03,210
883,20.05,20.05,20.05,20.05,495
884,20.05,20.05,20,20,300
885,20,20.025,20,20,1581
886,20,20,20,20,400
887,20,20,20,20,300
889,20,20,20,20,200
890,20,20,20,20,200
891,20,20,20,20,100
893,20.05,20.05,20,20,1100
894,20,20,20,20,700
895,20.05,20.05,20.05,20.05,129
897,20.008,20.025,20,20.025,750
898,20,20,20,20,1000
900,19.9759,19.9759,19.975,19.975,350
901,19.982,19.982,19.982,19.982,300
902,20.05,20.05,19.95,19.95,5330
903,20.1,20.1,20.05,20.05,16468
a1495546200,20.15,20.15,20.15,20.15,411
1,20,20.1,20,20.1,4066
4,20,20.15,19.9,19.975,13696
5,19.9886,19.9886,19.975,19.975,300
6,20,20,20,20,100
7,20.15,20.15,20,20,1882
8,20.1,20.2,20.05,20.15,5400
9,20.125,20.15,20.05,20.1,800
10,20.125,20.15,20.1,20.15,6304
11,20.225,20.25,20.125,20.15,2206
12,20.25,20.25,20.225,20.25,1700
13,20.25,20.25,20.225,20.225,2000
14,20.3,20.3,20.2302,20.2302,1100
15,20.25,20.25,20.25,20.25,804
16,20.25,20.25,20.25,20.25,100
17,20.35,20.35,20.279,20.279,4207
18,20.25,20.35,20.25,20.3,2289
19,20.25,20.25,20.25,20.25,600
20,20.25,20.25,20.25,20.25,310
21,20.3,20.3,20.25,20.25,900
22,20.3,20.35,20.3,20.3,1200
23,20.305,20.35,20.305,20.35,910
24,20.35,20.35,20.325,20.35,1000
25,20.45,20.45,20.35,20.35,2335
26,20.425,20.425,20.4,20.4,200
27,20.375,20.45,20.35,20.45,2001
28,20.4,20.4,20.35,20.35,400
29,20.425,20.45,20.4,20.4,4610
30,20.5,20.5,20.45,20.45,2726
31,20.45,20.45,20.45,20.45,700
32,20.45,20.475,20.4,20.425,1502
33,20.5,20.5,20.45,20.45,1848
34,20.55,20.55,20.5,20.5,1680
35,20.45,20.55,20.45,20.55,3907
36,20.4,20.45,20.4,20.4,400
37,20.5,20.5,20.4,20.425,3349
38,20.5,20.5,20.45,20.5,2000
39,20.45,20.5,20.45,20.475,14710
144,20.5,20.5,20.5,20.5,583
145,20.5,20.55,20.45,20.45,1097
146,20.5,20.5,20.5,20.5,2500
148,20.475,20.475,20.45,20.45,600
149,20.475,20.475,20.475,20.475,632
150,20.475,20.475,20.45,20.475,400
151,20.45,20.45,20.45,20.45,100
152,20.475,20.475,20.475,20.475,100
153,20.475,20.475,20.475,20.475,100
154,20.475,20.475,20.475,20.475,100
155,20.5,20.5,20.5,20.5,100
156,20.5,20.5,20.475,20.475,286
159,20.4,20.475,20.35,20.475,3980
160,20.35,20.35,20.35,20.35,100
161,20.4,20.45,20.4,20.45,300
162,20.45,20.45,20.45,20.45,100
164,20.4,20.45,20.4,20.45,900
165,20.4,20.4,20.35,20.35,300
167,20.35,20.35,20.35,20.35,400
168,20.3,20.3,20.3,20.3,300
169,20.35,20.35,20.35,20.35,100
172,20.35,20.35,20.25,20.3,6194
173,20.35,20.35,20.35,20.35,100
175,20.35,20.35,20.35,20.35,200
177,20.35,20.35,20.3241,20.35,600
178,20.375,20.4,20.35,20.35,2945
179,20.4,20.4,20.375,20.375,400
180,20.4,20.4,20.375,20.4,700
181,20.425,20.425,20.4,20.4,902
182,20.45,20.45,20.425,20.45,2142
183,20.45,20.5,20.4,20.5,14279
288,20.45,20.45,20.45,20.45,496
289,20.4,20.4,20.35,20.35,300
290,20.35,20.45,20.35,20.45,300
292,20.6,20.6,20.4706,20.4706,4393
293,20.55,20.55,20.525,20.55,1700
295,20.575,20.6,20.55,20.55,800
296,20.575,20.575,20.55,20.55,200
297,20.5,20.55,20.5,20.55,200
298,20.55,20.6,20.45,20.5,1700
299,20.6,20.65,20.575,20.6,2300
301,20.45,20.55,20.45,20.55,1800
302,20.4,20.45,20.4,20.45,300
303,20.4,20.5,20.4,20.45,2100
304,20.375,20.4,20.35,20.35,8119
305,20.375,20.375,20.375,20.375,300
306,20.425,20.425,20.35,20.375,1300
307,20.35,20.375,20.325,20.35,7282
308,20.375,20.4,20.375,20.4,400
309,20.375,20.375,20.35,20.375,900
310,20.375,20.375,20.375,20.375,200
311,20.3,20.375,20.3,20.375,2000
312,20.325,20.325,20.325,20.325,200
313,20.3,20.325,20.3,20.3,1481
314,20.325,20.325,20.325,20.325,1900
315,20.375,20.4,20.325,20.35,2025
316,20.4,20.4,20.4,20.4,100
317,20.325,20.4,20.325,20.375,2247
318,20.275,20.3305,20.275,20.325,3841
319,20.3,20.3,20.255,20.275,2160
320,20.275,20.3,20.275,20.3,2300
321,20.3,20.3,20.275,20.3,1200
322,20.275,20.3,20.275,20.3,1400
323,20.3,20.3,20.275,20.275,1400
324,20.275,20.3,20.275,20.3,2200
325,20.275,20.3,20.275,20.275,2305
326,20.275,20.3,20.275,20.275,2485
327,20.3,20.3,20.25,20.275,10486
432,20.2,20.2,20.2,20.2,902
433,20.2,20.4,20.2,20.35,1500
434,20.25,20.3,20.25,20.25,2261
435,20.35,20.5,20.35,20.4,2080
436,20.3,20.3,20.3,20.3,900
437,20.275,20.3,20.275,20.3,1300
438,20.25,20.275,20.225,20.275,1400
439,20.25,20.2698,20.25,20.25,400
440,20.3,20.3,20.3,20.3,100
441,20.25,20.3,20.25,20.3,600
442,20.275,20.275,20.25,20.25,500
443,20.275,20.3,20.25,20.3,1300
444,20.275,20.3,20.275,20.3,500
445,20.2596,20.275,20.2596,20.275,465
446,20.275,20.3,20.275,20.3,1300
447,20.3,20.3,20.25,20.3,500
448,20.3,20.3,20.275,20.275,200
449,20.25,20.25,20.25,20.25,100
451,20.275,20.3,20.275,20.3,200
452,20.3,20.3,20.25,20.3,1880
453,20.3,20.3,20.29,20.3,350
454,20.3,20.3,20.3,20.3,100
455,20.3,20.3,20.3,20.3,100
456,20.3,20.3,20.3,20.3,600
457,20.3,20.3,20.3,20.3,400
458,20.3,20.3,20.27,20.3,900
459,20.35,20.35,20.3,20.3,800
460,20.35,20.35,20.35,20.35,300
461,20.35,20.375,20.35,20.35,2500
462,20.4,20.4,20.4,20.4,300
463,20.4,20.4,20.4,20.4,160
465,20.35,20.35,20.35,20.35,100
466,20.4,20.4,20.4,20.4,916
467,20.425,20.425,20.4,20.4,300
468,20.4,20.45,20.4,20.425,2000
469,20.375,20.375,20.35,20.375,1500
470,20.35,20.375,20.35,20.35,1800
471,20.35,20.4,20.3,20.35,10661
a1496151000,20.15,20.15,20.15,20.15,3100
1,20.2,20.25,20.2,20.2,3012
2,20.25,20.25,20.15,20.25,3955
3,20.25,20.25,20.25,20.25,1400
4,20.2,20.25,20.2,20.25,300
5,20.25,20.25,20.2,20.2,6300
6,20.3,20.3,20.3,20.3,300
7,20.2,20.3,20.2,20.3,2661
8,20.3,20.3,20.3,20.3,300
9,20.3,20.3,20.3,20.3,100
10,20.3,20.3,20.25,20.25,500
11,20.2,20.3,20.2,20.25,463
12,20.25,20.275,20.25,20.275,500
13,20.25,20.25,20.25,20.25,825
14,20.225,20.25,20.2168,20.25,600
15,20.25,20.25,20.25,20.25,300
16,20.25,20.25,20.25,20.25,200
17,20.25,20.25,20.25,20.25,1000
18,20.25,20.3,20.25,20.3,925
19,20.3,20.3,20.3,20.3,200
20,20.25,20.3,20.25,20.3,300
21,20.25,20.3,20.25,20.3,400
22,20.3,20.3,20.3,20.3,300
23,20.3,20.3,20.3,20.3,534
24,20.3,20.3,20.3,20.3,200
25,20.4,20.4,20.3,20.3,3538
26,20.45,20.45,20.45,20.45,200
27,20.45,20.45,20.45,20.45,300
28,20.45,20.45,20.4,20.4,322
29,20.4471,20.5,20.4471,20.5,1288
30,20.5,20.5,20.4502,20.4502,700
31,20.5,20.5,20.5,20.5,100
32,20.35,20.45,20.35,20.45,2936
33,20.5,20.5,20.395,20.395,1200
34,20.5,20.5,20.4548,20.49,6379
35,20.425,20.45,20.425,20.45,1400
36,20.4,20.45,20.375,20.45,2000
37,20.4,20.4,20.4,20.4,708
38,20.4,20.4,20.35,20.4,900
39,20.35,20.4,20.3,20.4,12681
144,20.35,20.35,20.35,20.35,190
146,20.35,20.35,20.3,20.35,1021
147,20.25,20.25,20.2,20.2115,780
148,20.15,20.2,20.1,20.2,2050
149,20.15,20.2,20.15,20.2,200
150,20.2,20.2,20.2,20.2,200
151,20.2,20.2,20.2,20.2,100
152,20.3,20.3,20.25,20.25,400
153,20.35,20.3676,20.35,20.35,700
155,20.325,20.35,20.325,20.325,600
156,20.325,20.35,20.325,20.35,200
157,20.3,20.3,20.3,20.3,800
160,20.3,20.3,20.3,20.3,200
161,20.3,20.35,20.3,20.35,400
163,20.4,20.4,20.3,20.35,2607
164,20.45,20.45,20.45,20.45,7200
165,20.475,20.5,20.45,20.45,1800
167,20.5,20.525,20.475,20.475,1212
168,20.45,20.5,20.45,20.5,300
169,20.5,20.55,20.5,20.5,400
170,20.45,20.5,20.45,20.5,2550
171,20.5,20.55,20.5,20.5,6725
172,20.5,20.55,20.5,20.55,434
173,20.5,20.5,20.5,20.5,3872
174,20.55,20.65,20.525,20.525,10399
175,20.7,20.7,20.6,20.65,1800
176,20.6,20.65,20.6,20.6,1000
177,20.6,20.6,20.6,20.6,1100
178,20.6,20.6,20.6,20.6,400
179,20.65,20.65,20.575,20.6,700
180,20.6,20.6,20.6,20.6,100
181,20.6,20.6,20.6,20.6,2141
182,20.6,20.65,20.55,20.575,10232
183,20.6,20.65,20.55,20.65,25069
288,20.6,20.6,20.6,20.6,689
289,20.45,20.75,20.4,20.5,15187
290,20.6011,20.6011,20.45,20.5,3061
291,20.65,20.7,20.6,20.6,1061
292,20.65,20.65,20.5,20.6,2589
293,20.65,20.725,20.65,20.7,25706
294,20.65,20.65,20.6409,20.65,7208
295,20.6,20.6,20.6,20.6,17943
296,20.5,20.65,20.5,20.65,4407
297,20.575,20.575,20.5,20.5,16868
298,20.45,20.55,20.45,20.55,6895
299,20.5,20.525,20.45,20.45,5889
300,20.5,20.5,20.5,20.5,700
301,20.5,20.5,20.5,20.5,700
302,20.5,20.5,20.5,20.5,200
303,20.55,20.575,20.5,20.5,3576
304,20.475,20.55,20.475,20.55,2386
305,20.55,20.55,20.5,20.5,3462
306,20.575,20.6,20.51,20.55,5558
307,20.5,20.55,20.5,20.5,3300
308,20.525,20.525,20.4635,20.4635,400
309,20.55,20.55,20.51,20.51,3188
310,20.55,20.55,20.55,20.55,1191
311,20.55,20.55,20.55,20.55,100
312,20.55,20.6,20.55,20.6,200
313,20.529,20.55,20.529,20.55,300
314,20.525,20.55,20.525,20.55,500
315,20.5,20.55,20.475,20.55,2777
316,20.5,20.55,20.48,20.55,1234
317,20.5,20.55,20.45,20.5,1800
318,20.55,20.55,20.517,20.517,1650
319,20.55,20.55,20.5,20.525,600
320,20.55,20.55,20.5,20.55,1500
321,20.55,20.55,20.5,20.55,800
322,20.525,20.55,20.5231,20.525,800
323,20.525,20.525,20.5,20.5,400
324,20.475,20.55,20.45,20.525,3533
325,20.5,20.5,20.475,20.475,1100
326,20.4,20.525,20.35,20.475,15101
327,20.35,20.45,20.3,20.4,41187
432,20.35,20.35,20.35,20.35,1296
433,20.65,20.75,20.3,20.3,11800
434,20.4,20.55,20.4,20.55,1876
435,20.35,20.35,20.35,20.35,100
436,20.35,20.45,20.35,20.4,1800
437,20.4,20.4,20.3,20.4,3800
438,20.425,20.425,20.4,20.4,800
439,20.55,20.55,20.45,20.45,1800
440,20.55,20.55,20.45,20.5,2000
441,20.65,20.65,20.55,20.6,964
442,20.625,20.65,20.6,20.65,2832
443,20.65,20.65,20.6,20.6,1400
444,20.55,20.65,20.55,20.55,300
445,20.7,20.75,20.6,20.65,3500
446,20.8,20.9,20.75,20.75,3400
447,20.85,20.9,20.8,20.85,2200
448,20.75,20.8,20.75,20.8,900
449,20.65,20.75,20.65,20.75,3900
450,20.625,20.65,20.6,20.65,800
451,20.625,20.625,20.625,20.625,100
452,20.65,20.65,20.6,20.65,500
453,20.6,20.6,20.55,20.6,2000
454,20.55,20.6,20.55,20.575,400
455,20.55,20.6,20.5,20.6,1399
456,20.475,20.525,20.475,20.525,2203
457,20.45,20.45,20.45,20.45,100
458,20.475,20.475,20.45,20.45,200
459,20.45,20.475,20.45,20.475,600
460,20.475,20.475,20.45,20.475,700
462,20.45,20.475,20.45,20.45,1800
463,20.55,20.55,20.4,20.45,5380
464,20.55,20.6,20.525,20.55,2991
465,20.55,20.55,20.5092,20.5092,300
466,20.55,20.55,20.5,20.5,1000
467,20.45,20.525,20.45,20.525,2220
468,20.429,20.429,20.425,20.425,526
469,20.5,20.505,20.4,20.4,5526
470,20.45,20.5,20.4,20.5,5338
471,20.45,20.5,20.4,20.45,21289
864,20.45,20.45,20.45,20.45,364
865,20.4,20.4,20.4,20.4,100
867,20.25,20.3,20.25,20.3,795
868,20.305,20.35,20.3,20.3,1195
869,20.3,20.3,20.3,20.3,1300
870,20.2239,20.25,20.2239,20.25,500
871,20.3,20.3,20.3,20.3,800
872,20.35,20.35,20.35,20.35,100
873,20.35,20.4,20.3,20.4,2202
875,20.35,20.35,20.3,20.325,598
876,20.3,20.3,20.3,20.3,200
877,20.25,20.3,20.25,20.3,1500
878,20.225,20.25,20.2,20.25,800
879,20.275,20.275,20.25,20.25,900
880,20.35,20.35,20.275,20.275,1709
881,20.3,20.3,20.25,20.3,800
882,20.275,20.275,20.25,20.25,400
883,20.275,20.275,20.275,20.275,300
885,20.275,20.275,20.25,20.275,300
886,20.275,20.275,20.275,20.275,100
887,20.275,20.275,20.275,20.275,200
888,20.25,20.275,20.25,20.25,900
889,20.275,20.275,20.25,20.25,700
890,20.25,20.3,20.25,20.3,400
891,20.25,20.275,20.25,20.275,300
892,20.225,20.25,20.2,20.25,1720
893,20.25,20.25,20.225,20.225,1701
894,20.25,20.25,20.25,20.25,700
895,20.3,20.3,20.3,20.3,100
896,20.275,20.275,20.275,20.275,400
897,20.325,20.325,20.275,20.275,2534
898,20.3,20.35,20.275,20.3,8702
899,20.35,20.35,20.3,20.3,2500
900,20.375,20.375,20.3,20.35,2800
901,20.325,20.35,20.3,20.35,1000
902,20.275,20.3,20.25,20.3,5700
903,20.3,20.35,20.25,20.275,16315
a1496755800,20.1,20.1,20.1,20.1,1594
1,20.1199,20.1199,20.1,20.1,2400
2,20.1,20.15,20.075,20.1,1266
3,20.15,20.2,20.15,20.2,900
4,20.2,20.2,20.1,20.15,500
5,20.15,20.15,20.15,20.15,900
6,20.15,20.15,20.125,20.15,1000
7,20.1,20.15,20.05,20.15,1800
8,20.1,20.1,20.1,20.1,400
9,20.1,20.125,20.05,20.1,1200
10,20.1,20.1,20.05,20.1,1202
11,20.1,20.15,20.1,20.15,400
12,20.025,20.1,20,20.1,4480
13,20.025,20.025,20.025,20.025,100
14,20.05,20.05,20.025,20.025,1400
15,20.1,20.1,20.1,20.1,100
16,20.05,20.05,20,20,400
17,20.05,20.05,20.05,20.05,100
18,20.05,20.1,20.05,20.05,300
19,20.05,20.05,20,20.05,1510
20,20.05,20.05,20,20.05,400
21,20,20,20,20,100
22,20,20.05,20,20,500
23,20,20,19.95,19.95,1600
24,20,20,19.95,19.95,400
25,19.95,19.975,19.9,19.95,2900
26,19.95,20,19.95,19.95,500
27,19.975,19.975,19.975,19.975,200
28,20.05,20.05,19.975,19.975,1800
29,20,20,20,20,400
30,20,20,20,20,600
31,20,20,20,20,200
32,20,20.025,20,20.025,200
33,20.075,20.1,20.025,20.05,2556
34,20.1,20.1,20,20.05,1250
35,20.05,20.05,20,20,400
36,20.025,20.0499,20,20.025,959
37,20,20.05,20,20,2243
38,19.95,19.95,19.95,19.95,600
39,19.9,19.95,19.9,19.95,21429
144,19.95,19.95,19.95,19.95,1193
145,19.95,19.95,19.9,19.95,2826
146,20,20,19.9,19.9,4000
147,20,20,19.95,19.95,2703
148,20,20,19.95,19.95,500
149,20.15,20.175,19.95,19.95,5795
150,20.1,20.1,20.1,20.1,300
151,20.1,20.1,19.95,20.1,4190
152,20.1,20.15,20.075,20.1,2711
153,20.2,20.2,20.1,20.15,1700
154,20.175,20.2,20.125,20.2,1000
155,20.225,20.225,20.175,20.2,1929
156,20.3,20.3,20.25,20.25,2800
157,20.225,20.25,20.225,20.25,1380
158,20.2,20.25,20.2,20.2,400
159,20.2,20.25,20.2,20.25,200
160,20.1502,20.25,20.15,20.25,1814
161,20.25,20.25,20.2,20.2,1800
162,20.25,20.3,20.25,20.25,2529
164,20.2,20.225,20.2,20.225,800
165,20.2,20.2,20.175,20.2,700
166,20.25,20.25,20.2,20.2,1900
167,20.25,20.25,20.25,20.25,300
168,20.25,20.25,20.225,20.25,600
169,20.25,20.275,20.25,20.275,1080
170,20.3,20.3,20.25,20.25,3700
171,20.3,20.3,20.25,20.25,1685
172,20.35,20.35,20.325,20.325,1080
173,20.3,20.375,20.3,20.3,3120
174,20.25,20.3,20.25,20.3,300
175,20.35,20.35,20.275,20.275,2398
176,20.35,20.35,20.325,20.325,1056
177,20.35,20.35,20.35,20.35,100
178,20.35,20.35,20.325,20.325,300
179,20.325,20.35,20.325,20.35,900
180,20.3,20.375,20.3,20.35,5804
181,20.225,20.3,20.2,20.3,4335
182,20.3,20.35,20.2,20.225,10228
183,20.25,20.35,20.25,20.35,19912
288,20.3,20.3,20.3,20.3,103
289,20.2,20.2,20.0864,20.0864,520
290,20.35,20.35,20.3,20.35,1407
291,20.35,20.35,20.35,20.35,500
292,20.35,20.4,20.35,20.4,400
293,20.45,20.45,20.4,20.4,1571
294,20.35,20.425,20.35,20.4,900
295,20.4,20.4,20.4,20.4,1600
296,20.4,20.4,20.4,20.4,696
297,20.3,20.35,20.3,20.35,700
298,20.35,20.35,20.325,20.35,1400
299,20.3,20.35,20.3,20.35,500
300,20.4,20.4,20.4,20.4,600
301,20.375,20.375,20.375,20.375,400
302,20.35,20.4,20.35,20.4,200
303,20.35,20.35,20.3,20.35,1700
304,20.375,20.4,20.375,20.4,597
305,20.4,20.4,20.375,20.375,3200
306,20.3,20.35,20.3,20.35,500
307,20.35,20.35,20.3,20.35,300
308,20.4,20.4,20.3,20.4,1900
309,20.375,20.375,20.35,20.375,1090
310,20.375,20.4,20.35,20.35,1397
311,20.425,20.425,20.375,20.375,3176
312,20.4,20.4,20.35,20.4,1500
313,20.4,20.4,20.35,20.35,400
314,20.375,20.375,20.35,20.35,200
315,20.4,20.4,20.35,20.375,800
316,20.35,20.35,20.3,20.35,1500
317,20.35,20.35,20.3,20.35,2200
318,20.3,20.36,20.3,20.35,1021
319,20.3,20.3,20.3,20.3,100
320,20.325,20.35,20.3,20.35,1000
321,20.4,20.4,20.325,20.35,2700
322,20.35,20.35,20.35,20.35,400
323,20.35,20.35,20.3,20.3,1300
324,20.325,20.35,20.3,20.3,900
325,20.25,20.3,20.25,20.3,3100
326,20.25,20.3,20.175,20.2,3656
327,20.25,20.25,20.2,20.25,14038
432,20.3,20.3,20.3,20.3,156
434,20.3,20.3,20.3,20.3,100
435,20.3,20.3,20.2,20.3,556
436,20.3,20.3,20.3,20.3,300
437,20.3,20.3,20.3,20.3,100
438,20.4,20.45,20.35,20.35,1811
439,20.35,20.425,20.35,20.425,400
440,20.3,20.4,20.3,20.4,400
441,20.3,20.4,20.3,20.35,400
442,20.35,20.45,20.35,20.4,4330
443,20.4,20.4,20.35,20.4,825
444,20.4,20.4,20.375,20.375,600
445,20.4049,20.4049,20.355,20.4,624
446,20.45,20.45,20.4,20.4,200
447,20.4,20.4,20.4,20.4,300
448,20.4,20.4,20.35,20.4,3900
449,20.45,20.45,20.4,20.45,400
450,20.35,20.425,20.35,20.425,2000
451,20.35,20.35,20.3,20.3,200
452,20.35,20.35,20.35,20.35,500
453,20.375,20.4,20.35,20.35,700
454,20.425,20.45,20.375,20.4,4890
455,20.4,20.4,20.4,20.4,100
456,20.5,20.5,20.45,20.45,4608
457,20.525,20.575,20.5,20.55,3435
458,20.5,20.5,20.5,20.5,100
459,20.45,20.5,20.45,20.5,700
460,20.45,20.55,20.45,20.5,2600
461,20.5,20.525,20.475,20.5,4452
462,20.55,20.55,20.5,20.5,400
463,20.5,20.5,20.475,20.475,1200
464,20.5,20.5,20.475,20.475,863
465,20.5,20.5,20.5,20.5,2200
466,20.5,20.5,20.45,20.45,2400
467,20.55,20.55,20.5,20.5,4751
468,20.525,20.55,20.5,20.55,2000
469,20.425,20.525,20.425,20.525,4136
470,20.425,20.45,20.405,20.425,5343
471,20.4,20.45,20.4,20.425,22848
864,20.45,20.45,20.45,20.45,388
865,20.8,20.8,20.5,20.5,3000
866,21,21,20.8,20.85,3291
867,20.8,21,20.8,21,2000
868,20.75,20.8,20.75,20.8,400
869,20.8,20.8,20.7,20.75,2993
870,20.75,20.75,20.75,20.75,200
871,20.8,20.8,20.8,20.8,100
872,20.8,20.8,20.75,20.8,1623
873,20.8,20.8,20.775,20.775,600
874,20.75,20.775,20.75,20.775,1400
875,20.65,20.75,20.6,20.75,3745
876,20.4,20.6,20.4,20.6,1388
877,20.425,20.45,20.35,20.4,1200
878,20.5,20.5,20.45,20.45,1846
879,20.45,20.55,20.45,20.5,1600
880,20.45,20.5,20.45,20.45,900
881,20.5,20.5,20.45,20.45,200
882,20.45,20.45,20.4,20.4,800
883,20.55,20.55,20.475,20.5,3589
885,20.65,20.65,20.65,20.65,200
886,20.55,20.625,20.55,20.625,400
887,20.6,20.65,20.6,20.65,400
888,20.55,20.6,20.55,20.6,600
889,20.55,20.65,20.55,20.65,300
890,20.625,20.65,20.6,20.6,400
891,20.6,20.6,20.575,20.6,400
892,20.6,20.6,20.6,20.6,552
893,20.525,20.575,20.525,20.55,1200
894,20.5,20.5,20.475,20.5,2329
895,20.475,20.5,20.475,20.5,400
896,20.45,20.45,20.45,20.45,100
897,20.4204,20.475,20.4,20.475,2888
898,20.425,20.45,20.4,20.4,2345
899,20.425,20.45,20.425,20.425,2200
900,20.425,20.45,20.4,20.425,2500
901,20.5,20.5,20.425,20.425,4462
902,20.45,20.475,20.4,20.475,5792
903,20.5,20.5,20.4,20.45,21868
a1497360600,20.5,20.5,20.5,20.5,326
1,20.35,20.55,20.35,20.55,1100
2,20.35,20.35,20.35,20.35,100
3,20.4,20.45,20.4,20.4,1100
4,20.4,20.4,20.35,20.35,878
5,20.4,20.4,20.4,20.4,100
6,20.367,20.375,20.367,20.375,1284
7,20.45,20.45,20.4,20.4,900
9,20.4,20.4,20.4,20.4,100
10,20.5,20.5,20.475,20.5,1100
11,20.6,20.6,20.6,20.6,2615
12,20.5,20.5,20.5,20.5,589
13,20.55,20.55,20.55,20.55,500
14,20.5,20.55,20.5,20.55,600
15,20.5,20.5,20.4,20.45,1450
16,20.45,20.45,20.4,20.4,1000
17,20.45,20.5,20.45,20.5,461
19,20.4,20.425,20.4,20.425,850
20,20.4,20.4,20.375,20.4,1100
21,20.4232,20.4232,20.4,20.4,890
22,20.4,20.4,20.4,20.4,200
23,20.4,20.45,20.4,20.45,200
24,20.4,20.4,20.4,20.4,300
25,20.425,20.425,20.4,20.4,700
26,20.425,20.425,20.4,20.4,500
27,20.5,20.5,20.35,20.35,1400
28,20.475,20.55,20.4,20.5,2290
31,20.45,20.5,20.425,20.5,700
32,20.45,20.45,20.425,20.45,800
33,20.35,20.4,20.35,20.4,935
34,20.4,20.45,20.325,20.35,2946
35,20.4,20.45,20.4,20.45,600
36,20.45,20.45,20.425,20.4295,543
37,20.3612,20.4,20.35,20.4,1820
38,20.375,20.375,20.3,20.35,3678
39,20.4,20.4,20.35,20.375,8425
144,20.45,20.45,20.45,20.45,2304
145,20.35,20.35,20.35,20.35,500
147,20.35,20.35,20.35,20.35,200
148,20.2,20.25,20.2,20.25,600
149,20.3,20.3,20.25,20.25,2013
150,20.325,20.325,20.325,20.325,100
151,20.325,20.35,20.325,20.35,200
152,20.2,20.3,20.2,20.3,1792
153,20.15,20.2,20.15,20.2,500
155,20.1,20.2,20,20.15,7384
156,20.15,20.15,20.15,20.15,500
157,20.15,20.15,20.15,20.15,300
158,20.15,20.2,20.105,20.15,1000
159,20.2,20.2,20.15,20.15,200
160,20.1,20.2,20.1,20.15,900
161,20.1,20.15,20.1,20.1,500
162,20.2,20.2,20.2,20.2,200
163,20.15,20.2,20.1,20.1,300
164,20.2,20.2,20.2,20.2,300
165,20.15,20.2,20.15,20.2,1745
166,20.2,20.25,20.2,20.2,1700
167,20.2,20.25,20.15,20.15,400
168,20.15,20.15,20.15,20.15,1500
169,20.225,20.25,20.2,20.2,1200
170,20.225,20.225,20.225,20.225,300
171,20.25,20.25,20.201,20.201,2300
172,20.25,20.25,20.2,20.225,1100
173,20.15,20.25,20.15,20.25,1715
174,20.175,20.2,20.15,20.15,800
175,20.15,20.2,20.15,20.2,200
176,20.225,20.225,20.15,20.15,1123
177,20.3,20.3,20.25,20.25,2300
178,20.3,20.325,20.2403,20.25,6010
179,20.35,20.35,20.325,20.35,900
180,20.35,20.35,20.35,20.35,1300
181,20.45,20.45,20.325,20.35,2182
182,20.4,20.4,20.375,20.375,2500
183,20.4,20.4,20.325,20.375,11857
288,20.15,20.15,20.15,20.15,1089
289,20.3,20.3,20.3,20.3,100
290,20.4,20.45,20.35,20.35,696
291,20.45,20.45,20.45,20.45,200
292,20.5,20.5,20.45,20.45,600
293,20.5,20.5,20.45,20.45,400
294,20.5,20.5,20.45,20.5,500
295,20.5,20.6,20.5,20.5,5330
296,20.5,20.55,20.45,20.55,860
297,20.55,20.55,20.5,20.5,300
298,20.5,20.6,20.5,20.6,1300
299,20.45,20.5,20.4,20.5,1000
301,20.4,20.4,20.35,20.35,1100
302,20.4,20.4,20.4,20.4,100
303,20.395,20.4,20.395,20.4,2350
304,20.35,20.4,20.3,20.35,1106
305,20.4,20.4,20.35,20.35,200
306,20.325,20.35,20.3,20.35,1400
307,20.3,20.3,20.3,20.3,200
309,20.35,20.35,20.35,20.35,100
310,20.3,20.35,20.3,20.35,400
311,20.3,20.35,20.3,20.35,300
312,20.35,20.35,20.35,20.35,100
313,20.3,20.35,20.25,20.35,1100
314,20.3,20.3,20.3,20.3,100
315,20.375,20.375,20.3,20.3,2057
316,20.4,20.4,20.4,20.4,100
317,20.35,20.35,20.35,20.35,200
318,20.35,20.3768,20.35,20.35,700
319,20.35,20.35,20.325,20.325,534
320,20.4,20.4,20.35,20.4,300
321,20.35,20.4,20.35,20.4,200
322,20.4,20.4,20.4,20.4,100
323,20.35,20.35,20.338,20.338,485
324,20.4,20.4,20.35,20.35,2092
325,20.35,20.45,20.35,20.445,7520
326,20.35,20.375,20.35,20.35,1200
327,20.45,20.45,20.35,20.35,10488
432,20.3,20.3,20.3,20.3,49556
433,20.35,20.4,20.3,20.3,1253
434,20.35,20.45,20.35,20.4,2546
435,20.35,20.35,20.35,20.35,200
436,20.3,20.4,20.3,20.3,1600
437,20.3,20.3,20.3,20.3,1102
438,20.4,20.4,20.3,20.35,600
439,20.3,20.4,20.3,20.4,2780
440,20.4,20.4,20.3303,20.3303,350
441,20.35,20.4,20.35,20.4,1000
442,20.4,20.45,20.375,20.4,1900
443,20.35,20.45,20.35,20.425,1490
444,20.4,20.4,20.35,20.35,300
445,20.3,20.4,20.3,20.4,1846
446,20.35,20.35,20.35,20.35,200
447,20.325,20.35,20.3,20.35,800
448,20.3,20.4,20.25,20.3,5025
449,20.35,20.35,20.35,20.35,100
450,20.35,20.35,20.325,20.35,600
451,20.35,20.35,20.3,20.35,1000
452,20.3,20.325,20.3,20.325,800
453,20.25,20.25,20.2,20.25,1295
454,20.3,20.3,20.25,20.25,1600
455,20.3,20.3,20.3,20.3,200
456,20.3,20.3,20.3,20.3,200
457,20.3,20.35,20.3,20.3,500
458,20.3,20.35,20.3,20.35,1900
459,20.275,20.275,20.25,20.25,500
460,20.3,20.3,20.3,20.3,500
461,20.3,20.3,20.3,20.3,300
462,20.3,20.3,20.3,20.3,300
463,20.3,20.3,20.27,20.3,1400
464,20.3,20.3,20.3,20.3,100
465,20.35,20.4,20.3,20.3,1500
466,20.35,20.4,20.3,20.3,3799
467,20.25,20.3,20.25,20.3,1851
468,20.35,20.35,20.3,20.3,1900
469,20.35,20.4,20.3,20.35,2121
470,20.5,20.5,20.375,20.4,12345
471,20.6,20.6,20.45,20.5,55888
864,20.6,20.6,20.6,20.6,514
865,20.55,20.55,20.45,20.55,2000
866,20.6,20.65,20.6,20.6,700
867,20.65,20.65,20.65,20.65,600
868,20.55,20.6,20.55,20.6,2721
869,20.55,20.55,20.5305,20.55,1500
870,20.5,20.55,20.5,20.5,1900
871,20.55,20.6,20.5,20.5,2200
872,20.55,20.55,20.55,20.55,1700
873,20.6,20.6,20.5,20.55,1309
874,20.55,20.6,20.55,20.6,1781
875,20.525,20.525,20.5,20.5,900
876,20.5,20.5162,20.45,20.5,1808
877,20.425,20.5,20.4,20.5,2400
878,20.425,20.425,20.4,20.4,400
879,20.45,20.45,20.35,20.4,4100
880,20.45,20.4663,20.45,20.4663,547
881,20.5,20.5,20.45,20.45,3900
882,20.5,20.5,20.5,20.5,1300
883,20.55,20.55,20.55,20.55,300
884,20.6,20.6,20.6,20.6,1100
885,20.6,20.625,20.6,20.6,2000
886,20.675,20.675,20.625,20.625,2878
887,20.7,20.725,20.65,20.7,1700
888,20.65,20.675,20.65,20.65,1800
889,20.675,20.7,20.65,20.65,800
890,20.67,20.675,20.65,20.65,700
891,20.7,20.7,20.65,20.65,900
892,20.65,20.7,20.6,20.675,4433
893,20.65,20.65,20.65,20.65,700
894,20.7,20.7,20.65,20.65,200
895,20.625,20.65,20.6,20.65,1400
896,20.6,20.65,20.6,20.65,1400
897,20.6,20.6,20.6,20.6,200
898,20.6,20.65,20.6,20.6,1200
899,20.65,20.675,20.6,20.6,3900
900,20.6,20.7,20.6,20.7,1900
901,20.65,20.65,20.6,20.625,2532
902,20.575,20.7,20.55,20.655,8200
903,20.6,20.65,20.55,20.575,13083
a1497965400,20.45,20.45,20.45,20.45,845
1,20.7,20.7,20.55,20.55,1763
2,20.5,20.5,20.5,20.5,200
3,20.55,20.55,20.55,20.55,100
4,20.575,20.6,20.575,20.6,200
5,20.6,20.6,20.55,20.55,3451
6,20.675,20.675,20.6,20.6,3113
7,20.5,20.675,20.45,20.65,13155
8,20.425,20.45,20.425,20.45,200
9,20.45,20.5,20.4202,20.45,1900
10,20.5,20.5,20.45,20.45,1200
11,20.5,20.5,20.5,20.5,700
12,20.5205,20.5205,20.5,20.5,500
13,20.65,20.65,20.525,20.55,2100
14,20.6,20.65,20.6,20.65,200
15,20.6,20.6,20.6,20.6,400
16,20.6,20.7,20.6,20.7,200
17,20.5,20.6737,20.5,20.65,13400
18,20.45,20.6,20.45,20.55,2100
19,20.45,20.475,20.45,20.45,700
20,20.425,20.45,20.425,20.45,780
21,20.475,20.55,20.45,20.45,2200
22,20.45,20.45,20.45,20.45,100
23,20.55,20.6,20.5,20.5,1367
24,20.65,20.65,20.6,20.6,407
25,20.65,20.65,20.6,20.65,2362
26,20.6,20.6,20.55,20.55,1000
27,20.6,20.65,20.55,20.65,900
28,20.65,20.65,20.6,20.65,1783
29,20.6,20.65,20.6,20.65,1300
30,20.7,20.7,20.65,20.65,800
31,20.7,20.7,20.65,20.7,19982
32,20.65,20.7,20.65,20.7,5532
33,20.65,20.7,20.65,20.65,6287
34,20.65,20.7,20.625,20.7,9801
35,20.55,20.65,20.55,20.65,22940
36,20.5,20.55,20.5,20.55,994
37,20.5,20.525,20.5,20.525,500
38,20.5,20.55,20.5,20.5,2300
39,20.5,20.55,20.475,20.5,9859
144,20.55,20.55,20.55,20.55,137
146,20.7,20.7,20.6,20.6,5473
147,20.65,20.7,20.65,20.7,5802
148,20.7,20.7,20.675,20.675,1219
149,20.68,20.68,20.68,20.68,243
150,20.65,20.65,20.65,20.65,380
151,20.7,20.7,20.675,20.675,700
152,20.725,20.725,20.725,20.725,100
153,20.7,20.7127,20.7,20.7,1000
154,20.675,20.7,20.675,20.7,692
155,20.6,20.65,20.6,20.65,1500
156,20.6,20.6,20.6,20.6,1212
157,20.6,20.65,20.6,20.6,2888
160,20.65,20.65,20.65,20.65,1200
161,20.625,20.7,20.6176,20.65,1250
162,20.65,20.65,20.6,20.6,600
163,20.6,20.65,20.6,20.65,2346
164,20.65,20.65,20.6,20.6,900
165,20.6,20.65,20.6,20.625,600
166,20.625,20.625,20.6,20.6,200
167,20.625,20.65,20.625,20.625,300
168,20.65,20.655,20.65,20.65,2004
169,20.65,20.65,20.65,20.65,2180
170,20.65,20.65,20.65,20.65,100
171,20.65,20.675,20.6,20.65,3554
172,20.65,20.65,20.65,20.65,400
174,20.675,20.675,20.65,20.65,700
175,20.65,20.7,20.65,20.65,800
176,20.65,20.65,20.6,20.65,400
177,20.65,20.65,20.65,20.65,700
178,20.6,20.6584,20.6,20.6584,1100
179,20.625,20.65,20.625,20.625,1000
180,20.625,20.65,20.6,20.625,1344
181,20.6,20.65,20.6,20.65,7700
182,20.6,20.625,20.6,20.6,600
183,20.55,20.6,20.55,20.6,7031
288,20.6,20.6,20.6,20.6,557
289,20.6,20.7,20.15,20.2,3250
290,20.675,20.75,20.65,20.65,5763
291,20.6805,20.7,20.65,20.7,3220
292,20.7,20.7,20.7,20.7,100
294,20.65,20.675,20.65,20.675,1727
295,20.6,20.6,20.6,20.6,1400
296,20.6,20.6,20.5823,20.5823,915
297,20.6153,20.675,20.6,20.625,2595
298,20.675,20.7,20.6,20.6,2000
299,20.6,20.65,20.6,20.65,2900
300,20.6,20.6,20.6,20.6,1000
302,20.6,20.6,20.6,20.6,900
303,20.6,20.6,20.6,20.6,1400
304,20.625,20.65,20.625,20.65,500
305,20.625,20.625,20.6,20.6,2000
308,20.625,20.625,20.625,20.625,100
309,20.65,20.65,20.65,20.65,100
310,20.625,20.625,20.6,20.6,500
311,20.65,20.65,20.625,20.625,500
314,20.625,20.625,20.6,20.6,300
315,20.625,20.65,20.625,20.65,500
316,20.65,20.65,20.625,20.625,200
317,20.65,20.65,20.65,20.65,100
318,20.65,20.65,20.6,20.6,300
319,20.65,20.65,20.65,20.65,600
320,20.65,20.65,20.65,20.65,200
321,20.65,20.65,20.65,20.65,2684
322,20.65,20.7,20.65,20.7,2704
323,20.65,20.7,20.65,20.7,1100
324,20.625,20.7,20.6,20.7,2971
325,20.6,20.625,20.55,20.575,9513
326,20.55,20.625,20.55,20.625,6592
327,20.55,20.6,20.55,20.55,8760
432,20.6,20.6,20.6,20.6,234
433,20.25,20.25,20.25,20.25,100
434,20.55,20.6,20.5,20.6,900
435,20.65,20.65,20.5909,20.6,3313
437,20.5503,20.5503,20.5,20.55,600
438,20.55,20.575,20.55,20.55,1000
439,20.55,20.55,20.55,20.55,400
440,20.625,20.625,20.6,20.6,900
441,20.6,20.6309,20.6,20.6,900
442,20.6,20.6,20.6,20.6,400
443,20.625,20.625,20.6,20.6,300
445,20.65,20.65,20.6,20.6,600
446,20.6,20.6,20.55,20.55,1062
447,20.55,20.55,20.55,20.55,100
448,20.65,20.65,20.575,20.575,1000
449,20.65,20.65,20.65,20.65,100
450,20.65,20.65,20.6,20.6,300
451,20.65,20.65,20.6,20.6,1100
452,20.6,20.65,20.6,20.625,500
453,20.575,20.6,20.575,20.6,2668
454,20.65,20.65,20.6,20.6,1400
455,20.7,20.7,20.625,20.65,2047
456,20.65,20.65,20.61,20.65,1698
457,20.6,20.7,20.6,20.6,650
458,20.6,20.6,20.6,20.6,1035
459,20.65,20.65,20.625,20.625,300
460,20.6,20.65,20.6,20.625,800
461,20.625,20.625,20.625,20.625,100
462,20.625,20.65,20.6,20.6,600
463,20.625,20.65,20.6,20.625,1000
464,20.625,20.625,20.6,20.6,1781
465,20.6,20.625,20.6,20.625,400
466,20.625,20.65,20.6,20.6,990
467,20.6,20.65,20.6,20.6,6168
468,20.55,20.6,20.55,20.6,4999
469,20.55,20.575,20.55,20.575,1800
470,20.6,20.625,20.55,20.55,5300
471,20.55,20.625,20.5,20.6,51090
864,20.55,20.55,20.55,20.55,724
865,20.55,20.55,20.4,20.4,1899
866,20.55,20.65,20.55,20.65,1100
867,20.65,20.65,20.6,20.6,200
868,20.65,20.6707,20.6,20.65,1836
869,20.65,20.7,20.65,20.7,510
870,20.65,20.65,20.6,20.65,1000
871,20.65,20.65,20.65,20.65,100
872,20.675,20.675,20.6,20.6,3884
873,20.7,20.7,20.7,20.7,2399
874,20.7,20.75,20.7,20.7,2000
875,20.75,20.75,20.75,20.75,200
876,20.7,20.7,20.7,20.7,200
877,20.825,20.825,20.7,20.7,5988
878,20.8,20.85,20.8,20.85,4111
880,20.75,20.8,20.75,20.8,1400
881,20.75,20.75,20.7,20.75,1078
882,20.75,20.75,20.75,20.75,500
883,20.7,20.75,20.7,20.75,1600
884,20.6,20.65,20.6,20.65,1388
885,20.6,20.675,20.6,20.675,462
886,20.65,20.65,20.6,20.6,600
887,20.7,20.7,20.65,20.675,300
888,20.6,20.65,20.6,20.65,400
889,20.65,20.65,20.6,20.6,500
890,20.65,20.7,20.65,20.7,200
891,20.6,20.65,20.6,20.65,300
892,20.65,20.65,20.6,20.6,700
893,20.6,20.65,20.6,20.625,400
894,20.645,20.65,20.625,20.625,3375
895,20.6,20.65,20.6,20.6,1000
896,20.6,20.6,20.575,20.6,2526
897,20.65,20.65,20.6,20.6,7099
898,20.7,20.775,20.675,20.7,2789
899,20.775,20.8,20.7,20.725,830
900,20.7,20.75,20.7,20.75,2769
901,20.675,20.7,20.6,20.675,1898
902,20.625,20.675,20.6,20.65,3433
903,20.55,20.6,20.5,20.6,12602
a1498570200,20.6,20.6,20.6,20.6,251
1,20.5,20.8,20.35,20.35,850
2,20.55,20.65,20.55,20.65,800
3,20.6,20.6,20.55,20.6,800
4,20.6,20.65,20.6,20.65,2101
5,20.65,20.65,20.5909,20.6,1788
6,20.65,20.65,20.65,20.65,1100
7,20.7,20.75,20.7,20.7,2300
8,20.675,20.675,20.65,20.65,200
9,20.7,20.7,20.6,20.66,2532
10,20.75,20.75,20.75,20.75,300
11,20.7,20.75,20.7,20.725,500
12,20.7,20.75,20.7,20.7,500
13,20.725,20.75,20.7,20.7,500
14,20.65,20.7,20.65,20.7,1415
15,20.75,20.75,20.7,20.7,500
16,20.75,20.75,20.75,20.75,100
17,20.7,20.75,20.7,20.75,1000
18,20.7,20.725,20.7,20.725,500
19,20.725,20.75,20.7,20.75,400
20,20.725,20.75,20.7,20.7,843
21,20.7,20.75,20.7,20.725,3177
22,20.75,20.75,20.7,20.75,2090
23,20.7,20.75,20.7,20.75,2020
24,20.75,20.75,20.7,20.7,400
25,20.7,20.75,20.7,20.7331,2477
26,20.7,20.75,20.65,20.65,2440
27,20.7,20.7,20.7,20.7,500
28,20.7,20.75,20.7,20.75,1000
29,20.7,20.71,20.7,20.7,5427
30,20.725,20.75,20.7,20.7079,2600
31,20.7,20.74,20.7,20.74,3200
32,20.65,20.725,20.65,20.7,4214
33,20.7,20.7,20.65,20.65,500
34,20.65,20.65,20.65,20.65,800
35,20.65,20.675,20.65,20.675,600
36,20.65,20.675,20.65,20.65,2200
37,20.65,20.65,20.65,20.65,3000
38,20.65,20.65,20.65,20.65,3100
39,20.55,20.675,20.525,20.675,11859
144,20.65,20.65,20.65,20.65,433
145,20.65,20.65,20.65,20.65,100
146,20.7,20.8,20.7,20.8,500
147,20.7,20.7,20.7,20.7,200
148,20.75,20.775,20.75,20.775,900
149,20.75,20.8,20.75,20.8,1400
150,20.8,20.85,20.75,20.75,3117
151,20.85,20.85,20.75,20.8,600
152,20.8,20.8,20.75,20.75,2668
153,20.75,20.775,20.75,20.775,200
154,20.85,20.85,20.8,20.8,2764
155,20.85,20.875,20.85,20.875,600
156,20.9,20.9,20.85,20.85,1000
157,20.8,20.8,20.8,20.8,300
158,20.85,20.85,20.85,20.85,100
159,20.85,20.85,20.8,20.85,1015
161,20.85,20.85,20.8,20.8,800
162,20.875,20.875,20.875,20.875,200
163,20.9,20.9,20.9,20.9,200
164,20.9,20.9,20.8691,20.8691,1000
165,20.875,20.875,20.85,20.85,1500
166,20.875,20.875,20.85,20.875,1347
167,20.875,20.875,20.85,20.85,500
168,20.85,20.875,20.85,20.85,1100
169,20.875,20.9,20.85,20.85,2400
170,20.85,20.8813,20.825,20.855,3114
172,20.85,20.85,20.825,20.825,500
173,20.85,20.85,20.85,20.85,200
174,20.8,20.8,20.8,20.8,2084
175,20.775,20.775,20.75,20.75,300
176,20.775,20.775,20.75,20.75,500
177,20.75,20.775,20.75,20.75,800
178,20.75,20.8,20.75,20.8,500
179,20.75,20.75,20.75,20.75,400
180,20.8,20.8,20.75,20.75,1400
181,20.8,20.825,20.8,20.8,1500
182,20.8,20.8,20.75,20.775,900
183,20.85,20.85,20.775,20.775,13551
288,20.85,20.85,20.85,20.85,1066
289,20.9,20.9,20.45,20.45,1500
290,20.85,20.9,20.825,20.85,1780
291,20.8335,20.8335,20.8335,20.8335,250
292,20.8412,20.9,20.8,20.825,1501
293,20.875,20.875,20.85,20.85,1100
294,20.875,20.875,20.85,20.85,300
295,20.85,20.85,20.85,20.85,400
297,20.95,21,20.9,20.9,9699
298,21,21,20.95,20.95,1300
299,20.975,20.975,20.95,20.95,1400
300,21,21,20.9,21,1300
301,20.85,20.95,20.8,20.95,8855
302,20.9,20.9,20.875,20.9,1200
303,20.9,20.9,20.9,20.9,100
305,20.85,20.95,20.85,20.95,600
306,20.85,20.9,20.85,20.9,500
307,20.85,20.875,20.85,20.875,500
308,20.8,20.8,20.75,20.75,300
309,20.85,20.85,20.85,20.85,200
311,20.8,20.85,20.75,20.85,1500
312,20.75,20.75,20.75,20.75,600
313,20.75,20.8,20.75,20.75,500
314,20.8,20.8,20.75,20.8,5600
315,20.8,20.8,20.8,20.8,200
316,20.85,20.85,20.75,20.8,2400
317,20.8,20.85,20.8,20.85,300
318,20.8,20.8,20.8,20.8,100
319,20.825,20.85,20.75,20.8,1400
320,20.85,20.85,20.8,20.85,400
321,20.825,20.85,20.8,20.805,3200
322,20.8,20.825,20.8,20.825,3100
323,20.8,20.85,20.75,20.85,900
324,20.8,20.825,20.775,20.825,801
325,20.775,20.775,20.75,20.75,700
326,20.75,20.8,20.75,20.775,1139
327,20.8,20.8,20.75,20.75,5323
432,20.9,20.9,20.9,20.9,670
433,20.7,20.8,20.55,20.55,3022
434,20.8,20.85,20.7,20.7,1926
435,20.75,20.75,20.75,20.75,1100
436,20.65,20.7,20.65,20.7,2400
437,20.7,20.7,20.65,20.7,900
438,20.725,20.725,20.7,20.7,800
439,20.75,20.75,20.65,20.7,3486
440,20.75,20.75,20.7,20.7,900
441,20.8,20.8,20.7,20.7,2200
442,20.75,20.75,20.75,20.75,100
443,20.75,20.8,20.7,20.75,480
444,20.75,20.75,20.75,20.75,600
445,20.7506,20.7506,20.75,20.75,292
446,20.75,20.75,20.75,20.75,100
447,20.75,20.75,20.7,20.7,200
448,20.75,20.75,20.75,20.75,100
449,20.7,20.7,20.7,20.7,100
450,20.8,20.8,20.75,20.75,1100
451,20.775,20.775,20.775,20.775,100
452,20.8,20.8,20.8,20.8,100
453,20.8,20.8,20.8,20.8,200
454,20.8,20.8,20.8,20.8,200
455,20.875,20.875,20.775,20.775,2772
456,20.9,20.95,20.875,20.875,1000
457,20.95,20.95,20.8753,20.8753,1900
458,20.925,20.925,20.9,20.9,300
459,20.9,20.9,20.875,20.9,1300
460,20.825,20.9,20.8,20.875,2600
461,20.825,20.85,20.8,20.825,2600
462,20.825,20.825,20.825,20.825,700
463,20.86,20.9,20.8,20.825,8759
464,20.8,20.875,20.75,20.85,3400
465,20.75,20.85,20.75,20.8,2485
466,20.8,20.85,20.75,20.8,2300
467,20.85,20.9,20.8,20.825,4300
468,20.875,20.9,20.85,20.85,2100
469,20.925,20.95,20.825,20.855,9893
470,20.95,21,20.9,20.95,20522
471,20.9,20.95,20.85,20.95,44282
864,20.95,20.95,20.95,20.95,161
865,21.15,21.15,20.95,20.95,22107
866,21.125,21.15,21,21.15,7230
867,21.15,21.15,21.125,21.15,1400
868,21.15,21.2,21.11,21.15,14600
869,21.1,21.15,21.1,21.15,700
870,21.175,21.2,21.125,21.15,3700
871,21.3,21.3,21.175,21.175,5139
872,21.175,21.225,21.175,21.2,2712
873,21.25,21.25,21.2,21.2,2399
874,21.3,21.3,21.2,21.2,6649
875,21.3,21.3,21.275,21.3,1600
876,21.3,21.375,21.275,21.3,12663
877,21.3,21.3,21.3,21.3,1001
878,21.3,21.3,21.3,21.3,2500
879,21.4,21.4,21.35,21.35,3385
880,21.35,21.375,21.35,21.375,2609
881,21.35,21.4,21.35,21.35,5800
882,21.4,21.425,21.375,21.4,6226
883,21.45,21.45,21.4,21.4,600
884,21.45,21.45,21.45,21.45,300
885,21.45,21.45,21.4,21.45,9545
a1499261400,21.35,21.35,21.35,21.35,1116
1,21.1,21.4,21,21.35,2300
2,21.1,21.15,21.1,21.15,1100
3,21.25,21.25,21.15,21.15,900
4,21.25,21.3,21.2,21.25,1212
5,21.241,21.25,21.2,21.25,1200
6,21.2,21.25,21.2,21.25,1470
7,21.2,21.2,21.2,21.2,300
8,21.25,21.25,21.15,21.15,1200
9,21.15,21.25,21.15,21.2,3755
10,21.1999,21.2,21.175,21.2,650
11,21.15,21.2,21.15,21.2,200
12,21.1,21.15,21.1,21.15,800
13,21.075,21.075,21.075,21.075,100
14,21.1,21.1,21.05,21.1,700
15,21.1,21.1,21.05,21.05,200
16,21.05,21.05,21.05,21.05,1900
17,21.05,21.05,21.05,21.05,300
18,21.15,21.15,21.05,21.05,2199
19,21.175,21.2,21.175,21.2,200
20,21.225,21.25,21.175,21.2,1000
21,21.2,21.25,21.2,21.25,1400
22,21.2,21.2,21.155,21.155,300
23,21.2,21.25,21.175,21.2,600
24,21.2,21.25,21.2,21.25,700
25,21.25,21.25,21.25,21.25,400
26,21.25,21.275,21.25,21.275,1464
27,21.225,21.225,21.225,21.225,200
28,21.225,21.225,21.225,21.225,300
29,21.25,21.25,21.225,21.25,1100
30,21.3,21.3,21.25,21.25,900
31,21.255,21.3,21.255,21.3,525
32,21.3,21.3,21.3,21.3,800
33,21.25,21.275,21.25,21.275,1300
34,21.2,21.25,21.2,21.2,500
35,21.175,21.2,21.15,21.15,1725
36,21.25,21.25,21.2,21.2,2800
37,21.25,21.3,21.25,21.3,1900
38,21.275,21.275,21.25,21.25,900
39,21.2,21.3,21.2,21.275,8821
