EXCHANGE%3DNASDAQ
MARKET_OPEN_MINUTE=570
MARKET_CLOSE_MINUTE=960
INTERVAL=600
COLUMNS=DATE,CLOSE,HIGH,LOW,OPEN,VOLUME
DATA=
TIMEZONE_OFFSET=-240
a1493127000,14.5,14.5,14.5,14.5,650
1,14.5,14.5,14.35,14.35,2400
2,14.55,14.55,14.5,14.5,4009
3,14.55,14.575,14.55,14.55,3150
4,14.55,14.55,14.525,14.525,4923
5,14.5401,14.55,14.5401,14.55,2733
6,14.45,14.5,14.45,14.5,2000
7,14.5,14.5,14.5,14.5,800
8,14.5,14.5,14.5,14.5,1320
9,14.45,14.475,14.425,14.475,2485
10,14.45,14.4663,14.45,14.45,1450
11,14.45,14.45,14.45,14.45,1200
12,14.45,14.467,14.45,14.467,925
13,14.425,14.45,14.4,14.45,2100
14,14.4,14.4,14.35,14.4,1800
15,14.35,14.4,14.35,14.4,700
16,14.4,14.45,14.4,14.45,1700
17,14.4,14.4,14.4,14.4,2000
18,14.4,14.425,14.4,14.4,1984
19,14.4,14.4,14.4,14.4,800
20,14.425,14.425,14.4,14.4,1400
21,14.4,14.4,14.35,14.4,1100
22,14.418,14.418,14.35,14.35,400
23,14.35,14.4,14.35,14.4,1100
24,14.4,14.425,14.4,14.4,1700
25,14.4,14.4,14.4,14.4,1300
26,14.35,14.35,14.35,14.35,400
27,14.35,14.35,14.35,14.35,200
29,14.375,14.375,14.375,14.375,100
30,14.4,14.4,14.4,14.4,100
31,14.35,14.375,14.325,14.375,2180
33,14.35,14.375,14.325,14.35,2100
34,14.4,14.4,14.35,14.35,986
35,14.375,14.4,14.35,14.375,1550
36,14.325,14.375,14.3,14.35,4384
37,14.26,14.35,14.25,14.325,3000
38,14.3,14.35,14.25,14.3,10700
39,14.25,14.3,14.25,14.275,12275
144,14.3,14.3,14.25,14.3,830
145,14.3,14.3,14.25,14.25,1527
146,14.35,14.35,14.275,14.275,1508
147,14.35,14.35,14.3,14.35,2119
148,14.35,14.35,14.35,14.35,300
149,14.35,14.35,14.35,14.35,100
150,14.425,14.45,14.4,14.4,2600
151,14.4,14.475,14.4,14.45,6577
152,14.4,14.4,14.4,14.4,200
153,14.4,14.425,14.375,14.4,3500
156,14.4,14.45,14.4,14.45,7842
157,14.4,14.45,14.35,14.4,3500
158,14.4,14.45,14.4,14.45,1000
159,14.4,14.45,14.375,14.4,2700
160,14.35,14.35,14.35,14.35,100
161,14.375,14.4,14.375,14.4,2268
162,14.375,14.375,14.375,14.375,100
164,14.4,14.4,14.4,14.4,956
165,14.45,14.45,14.45,14.45,600
166,14.45,14.45,14.425,14.425,1694
167,14.5,14.5,14.45,14.5,429
168,14.4,14.475,14.4,14.475,3427
170,14.35,14.45,14.35,14.45,3420
171,14.35,14.35,14.35,14.35,600
172,14.375,14.375,14.35,14.35,800
173,14.45,14.45,14.4,14.4,3716
174,14.475,14.5,14.45,14.45,2052
175,14.55,14.55,14.475,14.5,800
176,14.55,14.55,14.525,14.525,521
177,14.55,14.55,14.525,14.55,400
178,14.55,14.55,14.525,14.55,800
179,14.55,14.55,14.55,14.55,600
180,14.525,14.55,14.5,14.55,1500
181,14.475,14.55,14.475,14.525,5076
182,14.5,14.5,14.4,14.475,6300
183,14.5,14.55,14.45,14.5,32958
288,14.4,14.4,14.4,14.4,1548
289,14.55,14.55,14.5,14.5,530
290,14.55,14.6,14.55,14.55,3150
291,14.5,14.5,14.5,14.5,200
292,14.5,14.5,14.5,14.5,100
293,14.5,14.5,14.5,14.5,400
294,14.5,14.55,14.5,14.5,1200
295,14.5,14.55,14.5,14.5,1000
296,14.5,14.5,14.5,14.5,1128
297,14.45,14.45,14.4,14.45,1958
298,14.4863,14.4863,14.425,14.45,1500
299,14.489,14.489,14.4,14.4,3300
300,14.425,14.45,14.4,14.45,900
302,14.4,14.45,14.4,14.45,2900
303,14.375,14.4,14.35,14.4,800
304,14.4,14.4,14.375,14.4,900
305,14.45,14.45,14.4,14.4,900
306,14.45,14.45,14.425,14.425,200
307,14.45,14.45,14.425,14.425,300
308,14.475,14.475,14.425,14.425,2586
309,14.5,14.5,14.5,14.5,100
310,14.475,14.5,14.475,14.5,200
311,14.475,14.475,14.45,14.475,400
312,14.45,14.45,14.45,14.45,1500
313,14.45,14.45,14.45,14.45,100
314,14.4,14.425,14.4,14.425,300
315,14.4,14.425,14.4,14.4,1100
317,14.3,14.4,14.3,14.4,1877
318,14.3,14.325,14.3,14.325,400
319,14.325,14.325,14.3,14.3,600
320,14.3,14.3187,14.3,14.3187,569
321,14.3,14.35,14.3,14.3,2100
322,14.275,14.325,14.275,14.325,2200
323,14.275,14.325,14.275,14.3,4563
324,14.275,14.3,14.275,14.3,600
325,14.3,14.3,14.25,14.25,1100
326,14.275,14.3,14.25,14.25,1100
327,14.25,14.3,14.2,14.25,42864
432,14.25,14.25,14.25,14.25,1101
433,14.2,14.25,14.15,14.25,1694
434,14.225,14.225,14.15,14.15,1544
435,14.25,14.25,14.225,14.25,2294
436,14.1,14.2,14.1,14.2,500
438,14.1,14.1,14.05,14.05,3900
439,14.1,14.1,14.075,14.1,1200
440,14.1,14.125,14.1,14.1,6800
441,14.05,14.15,14.05,14.1,3456
442,13.95,14.075,13.95,14.075,2739
443,14.025,14.05,14,14,1400
444,13.85,14.025,13.85,14.025,14480
445,13.85,13.9,13.8,13.875,21224
446,13.8,13.85,13.75,13.85,14126
447,13.85,13.85,13.8,13.8,2400
448,13.85,13.875,13.85,13.85,900
449,13.85,13.85,13.85,13.85,1966
450,13.85,13.875,13.85,13.85,1279
451,13.85,13.85,13.85,13.85,300
452,13.95,13.95,13.85,13.85,2200
453,13.95,13.95,13.95,13.95,300
454,14,14,13.95,13.95,2206
455,13.95,13.95,13.95,13.95,300
456,13.9,13.95,13.9,13.95,1644
457,13.9,13.925,13.9,13.925,600
458,13.925,13.925,13.9,13.9,500
459,13.9,13.925,13.9,13.925,1100
460,13.9,13.9,13.9,13.9,500
461,13.9,13.925,13.9,13.9,500
462,13.925,13.95,13.9,13.9,817
463,13.975,13.975,13.925,13.925,3300
464,14,14,13.95,14,3514
465,14,14,13.95,14,3000
466,13.95,13.975,13.95,13.975,400
467,13.95,13.975,13.95,13.95,500
468,13.975,14,13.95,13.975,1000
469,13.925,13.975,13.9,13.975,5440
470,14,14,13.9,13.925,5033
471,13.9,14,13.85,13.95,49067
864,14,14,14,14,653
865,13.9,13.9,13.875,13.9,500
866,13.95,13.95,13.9,13.9,664
867,13.9,13.95,13.85,13.95,6859
868,13.825,13.85,13.825,13.85,600
869,13.825,13.825,13.79,13.79,2280
870,13.825,13.825,13.825,13.825,400
871,13.925,13.925,13.825,13.825,1219
872,13.95,13.95,13.9,13.95,1000
874,13.95,14,13.95,14,500
875,13.975,13.975,13.95,13.95,300
876,13.9,13.95,13.9,13.95,500
877,13.825,13.9,13.8,13.9,1400
878,13.875,13.9,13.825,13.825,1400
879,13.9,13.925,13.875,13.875,1700
880,13.925,13.925,13.925,13.925,200
881,14,14,13.925,13.925,1600
882,13.975,14,13.975,14,1400
883,13.975,14,13.975,14,3570
884,13.975,14,13.95,13.975,7416
885,13.975,14,13.975,13.975,600
886,13.95,13.95,13.95,13.95,100
887,13.975,14,13.95,14,1800
888,13.975,14,13.975,13.975,1400
889,13.975,14,13.975,14,2400
890,13.975,14.025,13.975,14,2400
891,14,14,14,14,100
892,13.975,14,13.975,14,5280
894,13.975,13.975,13.975,13.975,400
895,13.975,13.975,13.975,13.975,500
896,14,14,14,14,100
897,14,14,13.975,14,400
898,13.975,14.025,13.95,14,6077
899,14.05,14.05,13.975,14,10700
900,14.025,14.05,14.025,14.025,718
901,14.025,14.05,14,14.025,2075
902,14.05,14.05,14.025,14.025,1100
903,14.05,14.05,14,14.025,12913
a1493731800,14.1,14.1,14.1,14.1,268
1,14,14.225,13.9,14.225,2087
2,14,14.025,13.9,14.025,2507
3,13.95,13.95,13.95,13.95,300
4,13.95,13.95,13.9,13.9,900
5,13.95,13.95,13.925,13.95,2330
6,13.95,13.975,13.95,13.95,988
7,13.95,13.95,13.95,13.95,1300
8,13.995,14,13.95,14,700
9,13.925,13.975,13.925,13.95,4829
10,13.85,13.925,13.85,13.925,1500
11,13.95,14,13.85,13.85,22500
12,13.925,13.95,13.925,13.95,1000
13,13.9,13.925,13.9,13.9,3880
14,13.925,13.95,13.85,13.9,2200
15,13.9,13.9,13.9,13.9,700
16,13.95,13.95,13.9,13.9,2200
17,14,14,14,14,200
18,13.975,14,13.975,13.975,300
19,13.95,13.95,13.95,13.95,3500
20,13.95,13.975,13.95,13.975,700
21,13.9,13.975,13.9,13.975,1100
22,13.95,13.95,13.95,13.95,100
23,13.925,13.95,13.925,13.95,1048
24,13.9,13.95,13.875,13.925,30337
25,13.9,13.95,13.9,13.9,2800
26,13.9,13.95,13.9,13.9,1300
27,13.95,13.95,13.9,13.9,1300
28,13.9159,13.95,13.9159,13.95,822
29,13.9,13.95,13.9,13.925,800
30,13.9,13.9,13.9,13.9,3500
31,13.925,13.925,13.875,13.9,5537
32,13.95,13.95,13.95,13.95,900
33,13.95,13.95,13.95,13.95,300
34,13.975,13.975,13.975,13.975,700
35,13.975,14,13.95,13.975,6857
36,13.975,14,13.95,13.975,1000
37,13.975,14,13.95,13.95,7290
38,14.05,14.2,14,14,27170
39,14.1,14.1,14,14.075,26762
144,14,14,14,14,807
145,13.95,14,13.75,13.75,700
146,13.975,13.975,13.95,13.95,500
147,13.95,14,13.95,13.95,1000
148,13.875,13.9,13.875,13.9,1272
149,13.875,13.9,13.875,13.9,700
150,13.925,13.925,13.9,13.9,2730
151,13.9,13.95,13.9,13.9,2600
152,13.85,13.925,13.85,13.925,3000
153,13.825,13.875,13.8,13.875,2200
154,13.8,13.85,13.75,13.825,2256
155,13.85,13.85,13.8,13.8,1700
156,13.8,13.825,13.8,13.8,2500
157,13.8,13.825,13.75,13.8,2845
158,13.8,13.85,13.7,13.8,5555
159,13.775,13.8,13.75,13.8,1100
160,13.75,13.85,13.75,13.8,2350
161,13.75,13.8,13.725,13.75,2000
162,13.75,13.775,13.725,13.75,1400
163,13.7,13.75,13.7,13.7,1770
164,13.65,13.75,13.65,13.7,3100
165,13.75,13.75,13.65,13.65,1500
166,13.7,13.75,13.7,13.75,1693
167,13.7,13.725,13.7,13.7,2300
168,13.7,13.75,13.7,13.7,2715
169,13.775,13.8,13.7,13.7,4266
170,13.725,13.8,13.725,13.75,3000
171,13.6,13.75,13.6,13.75,15587
172,13.7,13.725,13.6,13.6,4200
173,13.65,13.7,13.6,13.675,4998
174,13.6,13.65,13.6,13.65,1300
175,13.625,13.625,13.6,13.6,3625
176,13.6,13.6338,13.6,13.6,3855
177,13.7,13.7,13.6,13.6,6000
178,13.65,13.75,13.65,13.7,16034
179,13.6,13.675,13.6,13.675,6460
180,13.65,13.675,13.6,13.6,3400
181,13.65,13.7,13.65,13.65,4500
182,13.625,13.675,13.6,13.65,9847
183,13.6,13.65,13.6,13.625,23040
288,13.65,13.65,13.65,13.65,810
289,13.7294,13.75,13.7195,13.7195,1519
290,13.7,13.75,13.7,13.75,200
291,13.7,13.7,13.7,13.7,300
292,13.65,13.75,13.65,13.75,1785
293,13.6,13.7,13.6,13.65,2500
294,13.575,13.65,13.575,13.6,10374
295,13.55,13.575,13.55,13.55,800
296,13.575,13.6,13.55,13.55,1400
297,13.55,13.575,13.525,13.575,1865
298,13.575,13.6,13.55,13.55,1200
299,13.6,13.6,13.55,13.575,1486
300,13.575,13.6,13.575,13.575,1300
301,13.575,13.6,13.55,13.6,600
302,13.575,13.6,13.55,13.55,1000
303,13.55,13.575,13.55,13.55,800
304,13.575,13.6,13.55,13.55,1500
305,13.55,13.6,13.55,13.55,2071
306,13.575,13.575,13.55,13.575,900
307,13.55,13.575,13.55,13.55,600
308,13.6,13.6,13.575,13.575,4900
309,13.575,13.6,13.575,13.575,2735
310,13.55,13.5838,13.55,13.575,500
311,13.55,13.575,13.55,13.55,900
312,13.55,13.575,13.55,13.55,700
313,13.5,13.575,13.5,13.575,3200
314,13.55,13.55,13.5,13.5,3000
315,13.6,13.6,13.55,13.575,1200
316,13.575,13.575,13.55,13.55,1950
317,13.575,13.6,13.55,13.55,1405
318,13.6,13.6,13.575,13.6,9200
319,13.6,13.625,13.55,13.6,3300
320,13.575,13.575,13.55,13.55,1500
321,13.575,13.6,13.55,13.575,2000
322,13.575,13.6,13.575,13.6,1000
323,13.55,13.575,13.55,13.55,9158
324,13.55,13.575,13.55,13.55,1900
325,13.55,13.6,13.55,13.55,2500
326,13.625,13.65,13.55,13.55,8032
327,13.6,13.65,13.6,13.625,15404
432,13.7,13.7,13.7,13.7,370
433,13.6,13.65,13.255,13.35,2797
435,13.65,13.65,13.6,13.625,400
437,13.625,13.625,13.625,13.625,600
438,13.625,13.65,13.625,13.625,1200
439,13.6,13.6,13.575,13.6,11443
440,13.6,13.65,13.6,13.625,7100
441,13.6,13.6,13.6,13.6,300
442,13.575,13.575,13.55,13.55,500
443,13.575,13.575,13.575,13.575,300
444,13.55,13.575,13.55,13.575,3374
445,13.55,13.55,13.55,13.55,800
446,13.6,13.6,13.5303,13.5303,200
447,13.55,13.55,13.55,13.55,100
449,13.525,13.55,13.525,13.55,2000
450,13.5,13.5,13.5,13.5,900
451,13.425,13.45,13.425,13.45,754
452,13.475,13.5,13.425,13.45,4300
453,13.5,13.525,13.4698,13.4698,950
454,13.5,13.55,13.5,13.55,200
455,13.55,13.55,13.55,13.55,200
456,13.5,13.5,13.5,13.5,100
457,13.525,13.525,13.5,13.525,400
458,13.5,13.55,13.5,13.55,800
459,13.525,13.525,13.525,13.525,200
460,13.55,13.55,13.5,13.525,500
461,13.55,13.55,13.5,13.5,1600
462,13.575,13.575,13.575,13.575,200
463,13.6,13.625,13.55,13.55,4809
464,13.575,13.575,13.575,13.575,1100
465,13.525,13.575,13.525,13.575,6318
466,13.55,13.55,13.525,13.525,200
467,13.5,13.55,13.475,13.5,4200
468,13.575,13.575,13.5,13.525,1300
469,13.55,13.6,13.55,13.55,2000
470,13.525,13.55,13.5,13.55,3500
471,13.5,13.55,13.5,13.5,22364
864,13.55,13.55,13.55,13.55,1716
865,13.6,13.705,13.55,13.55,3000
866,13.6,13.625,13.55,13.55,1100
867,13.65,13.7,13.65,13.65,1961
868,13.625,13.625,13.625,13.625,400
869,13.65,13.65,13.625,13.625,1100
870,13.625,13.65,13.625,13.65,500
871,13.625,13.65,13.6,13.625,1500
872,13.625,13.65,13.625,13.65,1178
873,13.65,13.65,13.625,13.625,600
874,13.625,13.65,13.625,13.625,500
875,13.65,13.65,13.618,13.625,883
876,13.575,13.625,13.575,13.625,6918
877,13.6,13.625,13.6,13.6,4443
879,13.575,13.6,13.575,13.6,200
880,13.575,13.6,13.55,13.575,1254
881,13.575,13.6,13.55,13.55,600
882,13.6,13.6,13.575,13.575,500
883,13.55,13.6,13.55,13.6,1201
884,13.55,13.6,13.55,13.575,2888
885,13.6,13.6,13.6,13.6,7272
886,13.6,13.6,13.6,13.6,994
887,13.6,13.6,13.6,13.6,3706
888,13.575,13.625,13.575,13.6,1200
889,13.55,13.575,13.55,13.55,4181
890,13.55,13.55,13.55,13.55,200
891,13.575,13.6,13.55,13.55,800
892,13.575,13.575,13.575,13.575,200
893,13.55,13.6,13.55,13.575,1400
894,13.6,13.6,13.55,13.575,500
895,13.55,13.6,13.55,13.575,900
896,13.5,13.55,13.5,13.55,2097
897,13.525,13.55,13.5,13.55,700
898,13.525,13.55,13.45,13.55,7286
899,13.5,13.525,13.5,13.5,600
900,13.525,13.55,13.5,13.525,900
901,13.55,13.55,13.5,13.55,1610
902,13.525,13.55,13.5,13.525,2206
903,13.65,13.65,13.5,13.525,29791
a1494336600,13.6,13.6,13.6,13.6,2035
1,13.65,13.65,13.65,13.65,300
2,13.65,13.65,13.6,13.6,1200
3,13.65,13.65,13.65,13.65,200
5,13.575,13.65,13.575,13.645,3927
6,13.6,13.6,13.575,13.575,300
7,13.6,13.6,13.575,13.6,300
8,13.575,13.575,13.575,13.575,200
11,13.575,13.575,13.55,13.55,1000
13,13.55,13.6,13.55,13.55,300
14,13.65,13.65,13.6,13.6,1695
15,13.75,13.775,13.65,13.65,4600
16,13.75,13.75,13.75,13.75,100
17,13.75,13.75,13.75,13.75,100
18,13.75,13.8,13.75,13.75,21387
19,13.775,13.8,13.725,13.75,4563
20,13.8,13.8,13.8,13.8,100
21,13.825,13.85,13.8,13.8,3800
22,13.85,13.85,13.825,13.85,800
23,13.85,13.85,13.825,13.85,400
24,13.75,13.825,13.725,13.825,2975
25,13.725,13.775,13.7,13.75,1007
26,13.75,13.8,13.75,13.75,2700
27,13.775,13.775,13.775,13.775,200
28,13.725,13.75,13.725,13.75,1600
29,13.825,13.825,13.725,13.725,2500
30,13.875,13.9,13.85,13.85,1750
31,13.825,13.9,13.825,13.9,3500
32,13.85,13.85,13.85,13.85,100
33,13.825,13.825,13.825,13.825,455
34,13.8,13.875,13.775,13.85,5909
35,13.8,13.8,13.775,13.775,500
36,13.85,13.85,13.75,13.8,6700
37,13.875,13.875,13.825,13.85,7302
38,13.85,13.85,13.75,13.825,10696
39,13.85,13.9,13.8,13.85,23694
144,13.8,13.8,13.8,13.8,397
145,13.8,13.8,13.75,13.75,500
146,13.825,13.8442,13.825,13.8442,301
147,13.85,13.85,13.85,13.85,1300
148,13.85,13.85,13.8,13.85,2500
149,13.75,13.85,13.75,13.85,1968
150,13.65,13.75,13.65,13.75,594
152,13.625,13.65,13.6,13.6,2700
153,13.6,13.6,13.6,13.6,100
154,13.625,13.65,13.625,13.625,4459
155,13.65,13.65,13.625,13.625,1400
156,13.65,13.65,13.65,13.65,1000
157,13.65,13.7,13.625,13.65,600
159,13.6,13.6,13.6,13.6,100
160,13.65,13.65,13.65,13.65,200
161,13.65,13.7,13.6,13.6,2212
162,13.65,13.65,13.65,13.65,200
163,13.65,13.65,13.65,13.65,300
165,13.625,13.65,13.625,13.65,1200
167,13.6,13.625,13.6,13.625,500
168,13.625,13.625,13.625,13.625,100
170,13.625,13.65,13.625,13.65,600
171,13.625,13.625,13.6,13.6,1300
172,13.65,13.65,13.6,13.6,800
173,13.65,13.65,13.6,13.6,400
174,13.6,13.6,13.6,13.6,200
175,13.625,13.65,13.625,13.625,800
177,13.625,13.625,13.625,13.625,100
178,13.65,13.675,13.625,13.65,8262
179,13.625,13.65,13.625,13.65,1500
180,13.575,13.65,13.575,13.625,2100
181,13.575,13.6,13.55,13.6,1700
182,13.575,13.575,13.55,13.575,900
183,13.55,13.6,13.55,13.575,11698
288,13.5,13.5,13.5,13.5,277
290,13.5,13.5,13.45,13.45,2700
291,13.45,13.5,13.45,13.45,3482
292,13.45,13.45,13.45,13.45,960
293,13.5,13.5,13.5,13.5,1000
294,13.45,13.45,13.355,13.45,2416
295,13.45,13.45,13.45,13.45,1000
296,13.45,13.5,13.45,13.5,1800
298,13.525,13.525,13.425,13.45,3200
299,13.55,13.55,13.525,13.525,400
300,13.6,13.6,13.55,13.575,2500
301,13.6,13.6,13.6,13.6,2200
302,13.6,13.6,13.575,13.6,1506
303,13.6,13.6,13.6,13.6,11532
304,13.575,13.6,13.575,13.6,600
305,13.55,13.55,13.55,13.55,1200
307,13.6,13.6,13.6,13.6,200
308,13.575,13.6,13.575,13.6,200
309,13.5748,13.5748,13.55,13.55,246
310,13.575,13.575,13.575,13.575,100
311,13.6,13.6,13.6,13.6,100
312,13.6,13.6,13.6,13.6,200
314,13.6,13.625,13.55,13.55,8670
315,13.6,13.625,13.6,13.6,2400
316,13.6,13.6,13.6,13.6,4200
317,13.5646,13.5646,13.5646,13.5646,550
318,13.555,13.555,13.55,13.55,1394
322,13.525,13.575,13.5,13.55,3300
323,13.575,13.6,13.525,13.525,2400
324,13.55,13.575,13.525,13.55,4453
326,13.5,13.625,13.5,13.6,16136
327,13.55,13.6,13.5,13.525,16503
432,13.5,13.5,13.5,13.5,438
433,13.35,13.4,13.35,13.4,200
434,13.4,13.4,13.4,13.4,2293
435,13.475,13.5,13.35,13.35,1900
436,13.425,13.475,13.425,13.475,800
437,13.4,13.425,13.4,13.4,400
438,13.35,13.4,13.35,13.4,1100
439,13.4,13.4,13.35,13.35,2900
440,13.4,13.4,13.4,13.4,400
442,13.375,13.4,13.3736,13.375,2175
443,13.4,13.4,13.4,13.4,1686
444,13.45,13.45,13.45,13.45,300
445,13.45,13.45,13.4,13.45,500
446,13.45,13.45,13.4199,13.45,700
447,13.45,13.45,13.425,13.45,500
448,13.45,13.45,13.425,13.425,1000
449,13.45,13.45,13.45,13.45,200
450,13.45,13.45,13.418,13.418,1382
451,13.4,13.45,13.4,13.45,600
452,13.45,13.45,13.45,13.45,400
453,13.45,13.45,13.425,13.45,1700
454,13.5,13.5,13.5,13.5,200
455,13.5,13.5,13.5,13.5,100
456,13.475,13.5,13.475,13.5,2900
457,13.475,13.475,13.475,13.475,400
458,13.4,13.45,13.4,13.45,5300
459,13.368,13.45,13.3676,13.45,992
460,13.4,13.4,13.4,13.4,100
461,13.325,13.4,13.325,13.375,2800
462,13.4,13.4,13.325,13.35,2770
463,13.4,13.4,13.4,13.4,1798
464,13.4,13.4,13.375,13.375,400
465,13.375,13.4,13.375,13.375,533
466,13.35,13.4,13.35,13.4,800
467,13.35,13.4,13.35,13.375,800
468,13.4,13.4,13.35,13.375,1100
469,13.4,13.4,13.35,13.375,3970
470,13.375,13.4,13.3,13.4,20373
471,13.35,13.35,13.25,13.35,37062
864,13.35,13.35,13.35,13.35,121
866,13.35,13.45,13.35,13.45,349
867,13.475,13.5,13.45,13.45,1500
869,13.425,13.5,13.4,13.475,1660
870,13.45,13.475,13.425,13.425,2300
871,13.5,13.5,13.4,13.4,2000
873,13.475,13.5,13.475,13.5,5750
874,13.5,13.525,13.45,13.45,9254
877,13.55,13.55,13.55,13.55,1100
878,13.525,13.55,13.525,13.55,1500
879,13.471,13.5,13.471,13.5,1500
880,13.45,13.45,13.45,13.45,200
881,13.4,13.45,13.4,13.45,1100
882,13.4,13.4,13.4,13.4,100
883,13.4,13.4,13.4,13.4,200
884,13.4,13.4,13.4,13.4,300
885,13.4,13.45,13.4,13.45,200
886,13.425,13.425,13.4,13.4,1400
887,13.45,13.45,13.45,13.45,210
888,13.4,13.4,13.4,13.4,600
889,13.4,13.425,13.4,13.425,3300
891,13.4,13.4,13.375,13.4,2200
892,13.4,13.425,13.4,13.425,1169
893,13.425,13.425,13.4,13.425,1600
894,13.4,13.425,13.375,13.4,2486
895,13.35,13.425,13.35,13.4,3000
896,13.35,13.35,13.35,13.35,1600
898,13.35,13.35,13.35,13.35,200
899,13.35,13.3874,13.325,13.35,7118
900,13.4,13.45,13.35,13.4,10407
901,13.425,13.425,13.375,13.4,7400
902,13.525,13.525,13.4,13.4,9210
903,13.5,13.5,13.425,13.5,46771
a1494941400,13.35,13.35,13.35,13.35,2173
2,13.25,13.25,13.25,13.25,100
3,13.5,13.5,13.35,13.35,1087
4,13.35,13.45,13.35,13.45,1370
5,13.35,13.375,13.3,13.35,1700
6,13.35,13.35,13.35,13.35,400
7,13.255,13.3,13.25,13.3,1000
9,13.3,13.35,13.2,13.25,4948
10,13.4,13.4,13.35,13.35,1701
11,13.375,13.4,13.35,13.4,2893
13,13.375,13.375,13.35,13.35,200
15,13.35,13.375,13.35,13.375,300
16,13.35,13.35,13.35,13.35,100
17,13.4,13.4,13.4,13.4,100
19,13.35,13.4,13.35,13.4,4303
20,13.3,13.35,13.3,13.35,1850
21,13.275,13.3,13.275,13.3,2715
22,13.25,13.275,13.25,13.275,1750
23,13.25,13.3,13.25,13.25,2168
24,13.15,13.3,13.15,13.25,3422
25,13.2,13.225,13.15,13.15,3386
26,13.2,13.2,13.15,13.2,1200
27,13.2,13.2,13.15,13.2,4091
28,13.2,13.3,13.2,13.2,1984
29,13.2,13.25,13.2,13.2,2035
30,13.21,13.3,13.2,13.2,3200
31,13.21,13.25,13.21,13.21,1500
32,13.21,13.21,13.2,13.21,1400
33,13.26,13.275,13.21,13.21,2900
34,13.25,13.275,13.25,13.275,300
35,13.25,13.3,13.225,13.25,2496
36,13.3,13.3,13.25,13.275,2000
37,13.3,13.35,13.3,13.35,1200
38,13.3,13.4,13.3,13.3325,9892
39,13.35,13.35,13.3,13.3,23276
144,13.2,13.2,13.2,13.2,1310
145,13.15,13.15,13.15,13.15,1300
146,13.15,13.15,13.15,13.15,1000
147,13.25,13.25,13.2,13.2,1436
148,13.25,13.3,13.25,13.25,1841
150,13.1,13.2,13.1,13.2,1459
151,13.05,13.125,13.05,13.1,1100
152,13,13.05,13,13.05,400
153,13.05,13.075,13.025,13.05,900
154,13,13.1,13,13.1,1200
155,12.95,13,12.95,13,1470
156,12.9,12.95,12.9,12.95,600
157,12.9,12.9,12.9,12.9,400
158,12.95,13,12.9,12.9,3494
159,12.975,13,12.975,12.975,500
160,13,13,13,13,500
161,12.95,12.975,12.95,12.975,600
162,12.925,12.975,12.925,12.975,1900
163,12.95,13,12.9,12.9,3100
164,12.975,13,12.975,12.975,300
165,12.975,13,12.975,12.975,400
166,13,13,12.95,12.975,1525
167,12.95,13,12.95,12.975,700
168,12.95,13,12.95,12.975,2270
169,12.975,13,12.95,13,600
170,12.95,13,12.95,12.95,1100
171,12.975,13,12.95,12.975,1200
172,13.025,13.025,12.975,13,2997
173,13.025,13.025,13.025,13.025,200
174,12.975,13.025,12.95,13.025,4854
175,13.05,13.05,12.975,12.975,1900
176,13.025,13.05,13,13.025,4800
177,13.1,13.1,13.025,13.025,800
178,13.1,13.1,13.075,13.075,1100
179,13.1,13.125,13.1,13.125,3665
180,13.15,13.2,13.15,13.15,3200
181,13.125,13.15,13.1,13.15,900
182,13.1,13.15,13.05,13.15,4400
183,13.05,13.1,13.05,13.075,23850
288,12.95,12.95,12.95,12.95,1525
289,13.05,13.05,13.05,13.05,605
290,13.075,13.075,13.05,13.05,200
291,13.05,13.05,13.05,13.05,200
292,13.05,13.05,13.05,13.05,100
293,13.075,13.075,13.05,13.05,200
296,13.05,13.05,13.05,13.05,2070
297,13.05,13.05,13.05,13.05,200
298,13.05,13.05,13.05,13.05,100
299,13.05,13.05,13.025,13.025,300
300,13,13,13,13,100
301,13.025,13.05,13.025,13.05,300
302,13.025,13.025,13,13.025,600
303,13.05,13.05,13,13.025,800
304,13.025,13.05,13,13.05,2467
305,13.05,13.05,13.05,13.05,400
306,13.1,13.1,13.05,13.05,6327
307,13.1,13.1,13.1,13.1,2000
308,13.1,13.1,13.05,13.05,2050
309,13.1,13.1,13.05,13.05,3878
310,13.05,13.075,13.05,13.075,1130
311,13.05,13.1,13.025,13.075,3987
313,13.025,13.05,13.025,13.05,2180
314,13.05,13.05,13.05,13.05,100
315,13.05,13.05,13.05,13.05,842
317,13.075,13.075,13.075,13.075,200
318,13.05,13.05,13.05,13.05,100
319,13.1,13.1,13.075,13.1,1200
320,13.075,13.075,13.075,13.075,100
321,13,13.075,13,13.075,3600
322,13,13.025,12.975,13.025,4200
323,12.975,12.975,12.95,12.95,500
324,13,13,12.925,12.975,6024
325,13.025,13.05,13.025,13.05,1500
326,13,13.05,13,13.05,2266
327,12.9,13,12.9,13,25818
432,12.95,12.95,12.95,12.95,4998
433,13,13,12.95,13,3043
434,13.1,13.1,12.95,12.95,1400
435,13.05,13.1,13.05,13.05,1500
436,12.95,13,12.95,13,3697
437,13.05,13.05,13,13,1200
438,13.05,13.1,13.05,13.1,1000
439,13.05,13.05,13.05,13.05,500
440,13,13,13,13,1700
441,12.975,13,12.975,13,900
442,13,13.025,12.95,12.95,5145
443,13.05,13.05,13,13,1901
444,13.0248,13.0248,13.0248,13.0248,255
445,13,13.05,13,13.05,500
446,13,13,13,13,406
447,13,13,13,13,100
448,13,13.025,13,13,5604
449,12.975,13,12.975,13,200
451,13,13.025,13,13,3447
452,13,13,13,13,8507
453,13.05,13.05,13,13,11471
454,13.05,13.05,13,13.05,1201
455,13.1,13.1,13.05,13.05,700
456,13.1,13.1,13.1,13.1,100
457,13.05,13.05,13.05,13.05,400
458,13.05,13.05,13.05,13.05,1034
459,13.05,13.05,13.05,13.05,1000
460,13.1,13.1,13.05,13.05,1630
461,13.05,13.075,13.05,13.05,300
462,13.05,13.05,13.05,13.05,500
463,13.15,13.15,13.1,13.1,1545
464,13.2,13.2,13.15,13.15,1600
465,13.2,13.2,13.175,13.175,300
466,13.2,13.2,13.16,13.16,600
467,13.175,13.2,13.1358,13.2,9003
468,13.15,13.175,13.15,13.175,6700
469,13.15,13.15,13.1,13.125,1700
470,13.2,13.2,13.15,13.15,2865
471,13.2,13.2,13.15,13.2,14570
864,13.2,13.2,13.2,13.2,1455
865,13.15,13.15,13.1,13.1,700
866,13.175,13.2,13.175,13.2,700
867,13.175,13.2,13.15,13.2,590
868,13.125,13.15,13.1,13.15,2419
871,13.05,13.15,13.05,13.1,1201
872,13.05,13.05,13.037,13.05,462
873,13,13.05,13,13,1000
875,13.025,13.025,13.025,13.025,500
876,13.025,13.025,13.025,13.025,100
879,13.025,13.05,13.025,13.025,500
880,13,13,13,13,300
881,13.025,13.025,13.025,13.025,100
882,13,13,13,13,100
883,13,13.05,13,13.05,1500
885,13,13.025,13,13,500
886,13,13,13,13,100
887,13,13,13,13,200
889,13.1,13.1,13,13,3000
890,13.075,13.075,13.075,13.075,300
891,13.075,13.075,13.075,13.075,200
892,13.05,13.05,13.05,13.05,300
893,13.075,13.075,13.075,13.075,700
894,13.075,13.075,13.05,13.05,400
895,13.075,13.075,13.075,13.075,200
896,13.075,13.075,13.075,13.075,200
897,13.05,13.05,13.05,13.05,600
898,13.05,13.05,13.05,13.05,300
899,13.025,13.05,13,13.05,5787
900,13.025,13.05,13,13.025,2463
901,13.025,13.05,13,13,1114
902,13,13.05,13,13,3403
903,12.95,13.025,12.95,13,22050
a1495546200,13,13,13,13,705
1,13,13,13,13,550
2,13,13.05,13,13,1703
3,13,13,12.975,12.975,208
4,12.975,13.025,12.975,13.025,1200
5,12.975,12.975,12.95,12.95,500
7,12.925,12.925,12.925,12.925,400
8,13,13,12.925,12.925,3373
9,13.05,13.05,12.975,12.975,1600
10,13.1,13.1,13.025,13.05,700
11,13.1,13.1,13.1,13.1,200
13,13.1,13.15,13.1,13.1,3080
14,13.15,13.15,13.15,13.15,100
16,13.15,13.15,13.1,13.15,332
17,13.125,13.125,13.1,13.1,200
18,13.05,13.125,13.05,13.125,1926
19,13.075,13.1,13.075,13.1,200
21,13.027,13.075,13,13.075,3017
22,13,13.025,13,13,400
23,13.025,13.025,13,13,200
24,13.05,13.05,13.05,13.05,2714
25,13.075,13.075,13.075,13.075,100
26,13.05,13.05,13.05,13.05,100
27,13.075,13.075,13.075,13.075,100
28,13.1,13.1,13.075,13.075,1092
29,13.05,13.05,13.05,13.05,100
30,13.075,13.075,13.05,13.05,900
31,13.075,13.1,13.075,13.1,300
32,13.1,13.125,13.075,13.1,2907
33,13.1,13.1,13.1,13.1,100
34,13.1,13.1,13.1,13.1,100
35,13.15,13.15,13.1,13.1,1100
36,13.15,13.15,13.125,13.125,800
37,13.15,13.15,13.1,13.1,1336
38,13.125,13.15,13.075,13.125,9164
39,13.05,13.125,13,13.125,34734
144,13.1,13.1,13.1,13.1,144
145,13.05,13.05,13.05,13.05,1100
146,13.1,13.1,13.1,13.1,700
148,13.15,13.15,13.15,13.15,200
149,13.1,13.1,13.1,13.1,100
150,13.1,13.1,13.1,13.1,100
151,13.15,13.15,13.15,13.15,100
152,13.15,13.175,13.125,13.125,2605
153,13.15,13.175,13.15,13.15,300
154,13.15,13.175,13.15,13.175,200
155,13.2,13.2,13.2,13.2,200
156,13.175,13.175,13.15,13.15,1357
157,13.15,13.2,13.15,13.2,2327
158,13.1,13.1,13.1,13.1,100
159,13,13.1,13,13.1,2400
160,13.025,13.05,13.025,13.025,400
161,13.025,13.025,13.025,13.025,100
162,13.0418,13.0418,13.0418,13.0418,370
163,13,13.025,13,13.025,200
164,12.96,13,12.95,13,800
165,13,13,12.95,12.95,400
166,12.95,12.95,12.95,12.95,100
167,12.925,12.925,12.925,12.925,300
168,12.85,12.9,12.85,12.9,2400
169,12.875,12.9,12.875,12.9,1400
170,12.95,12.95,12.925,12.925,200
171,12.9,12.9,12.9,12.9,100
172,12.9,12.925,12.875,12.925,2398
174,12.95,12.975,12.95,12.95,2984
176,12.95,13,12.925,12.925,600
177,12.925,12.95,12.9,12.925,1900
178,12.9,12.95,12.9,12.95,3000
179,12.9,12.95,12.875,12.875,4720
180,12.85,12.9,12.85,12.875,500
181,12.85,12.875,12.85,12.875,400
182,12.85,12.9,12.85,12.85,2243
183,12.8,12.9,12.8,12.85,20682
288,12.9,12.9,12.9,12.9,353
290,12.9,12.9,12.8,12.85,2670
291,12.9,12.9,12.9,12.9,100
292,12.95,13,12.905,12.925,4000
294,12.975,12.975,12.975,12.975,300
295,12.95,12.95,12.95,12.95,800
296,12.925,12.95,12.925,12.95,200
297,12.95,12.95,12.95,12.95,100
298,12.95,12.95,12.9,12.925,300
299,12.9,12.925,12.9,12.9,4893
300,12.9,12.9,12.9,12.9,300
302,12.825,12.85,12.825,12.85,1894
303,12.8,12.8,12.8,12.8,100
305,12.775,12.825,12.75,12.825,2400
306,12.775,12.775,12.775,12.775,200
307,12.75,12.75,12.75,12.75,100
309,12.75,12.75,12.75,12.75,100
310,12.775,12.8,12.75,12.775,1250
311,12.75,12.75,12.75,12.75,500
312,12.75,12.7766,12.75,12.7766,2000
313,12.775,12.775,12.75,12.75,600
314,12.775,12.775,12.75,12.75,700
315,12.8,12.85,12.8,12.8,1936
316,12.8316,12.8316,12.8316,12.8316,390
321,12.825,12.825,12.825,12.825,500
322,12.825,12.825,12.825,12.825,400
323,12.8,12.85,12.75,12.8,8174
324,12.75,12.75,12.75,12.75,100
325,12.8,12.8,12.8,12.8,200
326,12.775,12.8,12.775,12.8,3514
327,12.8,12.8,12.75,12.775,11019
432,12.8,12.8,12.8,12.8,1048
434,12.75,12.75,12.75,12.75,600
436,12.65,12.65,12.65,12.65,200
437,12.675,12.675,12.675,12.675,100
438,12.6,12.65,12.6,12.65,800
439,12.625,12.625,12.625,12.625,100
440,12.65,12.65,12.6,12.65,3112
441,12.65,12.65,12.65,12.65,200
442,12.675,12.675,12.675,12.675,100
443,12.65,12.65,12.65,12.65,200
444,12.65,12.6751,12.65,12.6751,300
445,12.675,12.675,12.65,12.65,200
446,12.65,12.65,12.65,12.65,300
447,12.65,12.675,12.65,12.675,200
448,12.65,12.65,12.65,12.65,100
449,12.65,12.65,12.65,12.65,200
450,12.65,12.65,12.65,12.65,100
451,12.65,12.65,12.65,12.65,100
452,12.675,12.675,12.675,12.675,200
453,12.7,12.7,12.65,12.65,500
454,12.675,12.7,12.675,12.7,1114
455,12.675,12.675,12.65,12.675,400
456,12.65,12.65,12.65,12.65,100
457,12.65,12.675,12.65,12.675,200
458,12.65,12.7,12.65,12.675,800
459,12.65,12.675,12.65,12.675,300
460,12.65,12.7,12.65,12.65,800
461,12.7,12.7,12.625,12.65,3700
462,12.675,12.675,12.65,12.65,900
463,12.65,12.7,12.65,12.65,500
464,12.65,12.7,12.65,12.7,500
465,12.65,12.65,12.65,12.65,100
466,12.65,12.675,12.65,12.65,800
467,12.65,12.7,12.65,12.65,1948
468,12.675,12.7,12.65,12.65,1900
469,12.65,12.675,12.65,12.65,1100
470,12.65,12.7,12.65,12.65,3900
471,12.65,12.7,12.65,12.65,19273
a1496151000,12.65,12.65,12.65,12.65,1548
1,12.75,12.9,12.75,12.825,3400
2,12.7,12.75,12.675,12.75,2296
3,12.725,12.75,12.7,12.7,3927
4,12.75,12.75,12.75,12.75,2620
5,12.7,12.75,12.675,12.75,8400
6,12.7,12.7,12.7,12.7,1800
7,12.7,12.7,12.7,12.7,1300
8,12.675,12.7,12.675,12.7,1300
9,12.625,12.65,12.625,12.65,3513
10,12.7,12.7,12.61,12.61,2200
11,12.7,12.7,12.7,12.7,1600
12,12.65,12.65,12.65,12.65,100
13,12.7,12.7,12.7,12.7,1082
14,12.7,12.7,12.7,12.7,2100
15,12.65,12.65,12.65,12.65,100
16,12.7,12.7,12.675,12.7,600
17,12.7,12.7,12.65,12.675,2835
18,12.7,12.7,12.7,12.7,3910
19,12.65,12.65,12.65,12.65,100
20,12.7,12.7,12.7,12.7,2600
21,12.655,12.7,12.65,12.65,754
22,12.7,12.7,12.65,12.675,5069
23,12.7,12.7,12.7,12.7,4000
24,12.7,12.7,12.7,12.7,100
25,12.7252,12.75,12.6753,12.7,2263
26,12.75,12.75,12.7,12.7,1700
27,12.85,12.85,12.75,12.75,3200
28,12.85,12.85,12.85,12.85,300
29,12.8,12.8,12.8,12.8,5100
30,12.825,12.825,12.825,12.825,100
31,12.75,12.825,12.75,12.825,2200
32,12.75,12.75,12.75,12.75,200
34,12.8,12.8,12.75,12.775,799
35,12.7,12.775,12.7,12.75,3650
36,12.675,12.725,12.65,12.725,4381
37,12.65,12.725,12.65,12.7,6481
38,12.675,12.7,12.65,12.65,2574
39,12.65,12.7,12.65,12.675,11224
144,12.65,12.65,12.65,12.65,200
146,12.7,12.7,12.7,12.7,100
148,12.6,12.6,12.6,12.6,3542
151,12.55,12.55,12.5,12.5,1300
152,12.625,12.65,12.575,12.575,830
153,12.7,12.7,12.7,12.7,100
154,12.7,12.75,12.65,12.7,1200
155,12.675,12.675,12.65,12.65,1000
156,12.675,12.7,12.675,12.7,200
157,12.675,12.7,12.65,12.675,800
158,12.675,12.675,12.675,12.675,100
159,12.675,12.675,12.675,12.675,200
160,12.7,12.7,12.65,12.675,2260
161,12.675,12.75,12.65,12.7,8043
162,12.7,12.7,12.675,12.675,6300
163,12.65,12.65,12.65,12.65,100
164,12.65,12.65,12.65,12.65,400
165,12.65,12.675,12.65,12.65,300
166,12.65,12.65,12.65,12.65,200
167,12.675,12.7,12.65,12.65,1118
168,12.675,12.7,12.675,12.675,300
169,12.675,12.675,12.65,12.65,300
170,12.7,12.75,12.65,12.7,3300
171,12.7,12.7,12.65,12.65,400
172,12.65,12.7,12.65,12.65,500
173,12.65,12.65,12.65,12.65,2285
174,12.675,12.7,12.65,12.65,2800
175,12.675,12.675,12.65,12.675,800
176,12.65,12.675,12.65,12.65,500
177,12.675,12.7,12.65,12.675,1025
178,12.675,12.675,12.675,12.675,500
179,12.7,12.725,12.65,12.65,7500
180,12.65,12.675,12.65,12.675,700
181,12.7,12.7,12.65,12.675,2000
182,12.65,12.7,12.65,12.675,11470
183,12.55,12.65,12.55,12.625,37983
288,12.6,12.6,12.6,12.6,542
290,12.65,12.65,12.65,12.65,615
291,12.7,12.7,12.65,12.65,400
292,12.7,12.7,12.65,12.7,1302
293,12.7,12.7,12.65,12.7,1042
294,12.8,12.85,12.75,12.75,1000
295,12.775,12.8,12.775,12.8,1100
296,12.7,12.8,12.7,12.8,2345
297,12.7,12.75,12.675,12.75,3700
298,12.7,12.7,12.7,12.7,1600
299,12.65,12.725,12.65,12.7,1700
300,12.7,12.7,12.7,12.7,400
301,12.7,12.7,12.675,12.7,3500
302,12.7,12.7,12.7,12.7,1700
303,12.7,12.7,12.7,12.7,4500
304,12.7,12.75,12.7,12.7,3000
305,12.7,12.725,12.7,12.7,2600
306,12.75,12.75,12.7,12.7,2900
307,12.8,12.8,12.768,12.8,524
308,12.8,12.8,12.8,12.8,800
309,12.9,12.9,12.85,12.85,500
310,12.85,12.9,12.85,12.9,200
311,12.9,12.95,12.85,12.85,4000
312,12.9,12.9,12.9,12.9,700
313,12.9,12.9,12.9,12.9,200
314,12.9,12.9,12.85,12.85,400
315,12.9,12.95,12.9,12.9,1620
316,13,13,12.925,12.925,2600
317,13,13,13,13,3800
318,13,13,13,13,1100
319,13,13,12.95,13,600
320,13,13,13,13,1852
321,13,13,12.975,13,2000
322,13,13,13,13,1800
323,13,13,12.95,12.95,1100
324,12.95,13.05,12.95,13,3289
325,13.025,13.025,12.95,12.975,5400
326,12.95,13,12.95,13,2500
327,12.95,13.05,12.95,12.95,34485
432,12.95,12.95,12.9,12.9,3530
433,13.15,13.15,12.95,12.95,2347
434,13.05,13.1,13.05,13.1,2047
435,13.05,13.1,13.05,13.1,668
436,13.05,13.1,13.05,13.05,500
437,13.05,13.05,13.025,13.05,800
438,13.1,13.1,13.05,13.05,600
439,13.1,13.1,13.075,13.1,2750
440,13.175,13.2,13.15,13.15,1900
441,13.2,13.2,13.2,13.2,1300
442,13.35,13.4,13.175,13.175,10960
443,13.325,13.35,13.325,13.35,1700
444,13.35,13.35,13.317,13.317,1625
445,13.35,13.35,13.325,13.35,2100
446,13.5,13.5,13.375,13.4,1779
447,13.525,13.55,13.525,13.55,1311
448,13.425,13.525,13.4,13.525,2900
449,13.4,13.45,13.4,13.45,200
450,13.4,13.45,13.4,13.45,600
451,13.45,13.45,13.4,13.45,400
452,13.4,13.45,13.35,13.45,3600
453,13.4,13.4,13.4,13.4,400
454,13.325,13.375,13.3,13.375,2500
456,13.325,13.325,13.3184,13.325,500
457,13.35,13.35,13.3,13.325,900
458,13.35,13.35,13.3,13.35,400
459,13.35,13.35,13.3,13.3,500
460,13.3,13.325,13.25,13.325,4012
462,13.275,13.275,13.275,13.275,400
463,13.25,13.275,13.25,13.275,1347
464,13.2,13.225,13.2,13.225,2200
465,13.2,13.2,13.2,13.2,300
466,13.175,13.175,13.175,13.175,200
467,13.2,13.2,13.17,13.2,1400
468,13.175,13.2,13.175,13.2,800
469,13.2,13.2,13.2,13.2,2100
470,13.2,13.2253,13.2,13.225,6470
471,13.2,13.25,13.15,13.225,26352
864,13.2,13.2,13.2,13.2,180
865,13.2,13.3,13.15,13.15,1455
866,13.2,13.2,13.2,13.2,100
867,13.2,13.2,13.15,13.2,1000
868,13.15,13.2,13.15,13.2,800
869,13.125,13.125,13.125,13.125,100
870,13.125,13.125,13.125,13.125,350
872,13.125,13.15,13.1,13.1,1900
873,13.15,13.15,13.15,13.15,601
874,13.15,13.15,13.15,13.15,500
877,13.05,13.1,13.05,13.1,1840
878,13,13.05,13,13.05,970
879,12.9,13,12.9,13,1090
880,12.975,12.975,12.925,12.95,1500
882,12.975,13,12.975,13,1610
883,12.95,12.95,12.95,12.95,100
886,13.031,13.031,12.975,12.975,1400
887,13,13,13,13,100
888,13.025,13.025,13.025,13.025,1000
889,13.025,13.025,13.025,13.025,1900
890,13,13,13,13,653
892,12.975,12.975,12.975,12.975,400
893,12.925,12.95,12.925,12.95,1029
894,12.92,12.92,12.92,12.92,275
896,12.95,12.95,12.925,12.94,490
897,12.875,12.93,12.85,12.9,2000
898,12.85,12.85,12.85,12.85,400
899,12.85,12.9,12.85,12.9,802
900,12.85,12.875,12.85,12.871,1075
901,12.85,12.85,12.85,12.85,100
902,12.75,12.85,12.7,12.85,12506
903,12.75,12.85,12.725,12.75,20767
a1496755800,12.65,12.65,12.65,12.65,542
1,12.6,12.9,12.6,12.9,1200
2,12.75,12.75,12.6,12.6,6422
3,12.775,12.775,12.7,12.75,2100
4,12.8,12.8,12.75,12.775,400
7,12.7,12.825,12.7,12.825,1600
8,12.75,12.75,12.725,12.725,1100
9,12.7,12.775,12.7,12.775,1290
10,12.65,12.7,12.65,12.7,1665
11,12.65,12.65,12.65,12.65,200
12,12.65,12.65,12.65,12.65,100
14,12.725,12.725,12.7,12.7,800
15,12.7,12.75,12.7,12.75,300
16,12.75,12.75,12.75,12.75,300
17,12.775,12.775,12.75,12.75,1400
18,12.75,12.75,12.75,12.75,100
20,12.7,12.775,12.7,12.775,2100
22,12.7,12.7,12.7,12.7,100
23,12.65,12.7,12.65,12.7,1930
24,12.65,12.65,12.65,12.65,500
25,12.65,12.65,12.65,12.65,400
26,12.675,12.7,12.65,12.65,2200
27,12.675,12.675,12.65,12.65,3994
28,12.65,12.675,12.65,12.65,400
29,12.675,12.7,12.65,12.675,1320
30,12.7,12.725,12.675,12.7,4700
31,12.75,12.75,12.7,12.725,1500
32,12.775,12.775,12.7,12.7,2200
33,12.775,12.775,12.75,12.75,1000
34,12.775,12.775,12.75,12.75,1175
35,12.725,12.775,12.7,12.75,4839
36,12.725,12.725,12.7,12.7,900
37,12.65,12.7,12.65,12.7,3575
38,12.625,12.6897,12.625,12.65,4518
39,12.55,12.65,12.55,12.6,25759
144,12.6,12.6,12.6,12.6,264
145,12.6,12.8,12.55,12.8,4370
146,12.6,12.6,12.55,12.55,6175
147,12.65,12.65,12.6,12.6,2200
148,12.65,12.65,12.625,12.65,1000
149,12.725,12.75,12.65,12.65,3836
150,12.725,12.725,12.725,12.725,100
151,12.7,12.7,12.7,12.7,1400
152,12.625,12.65,12.62,12.65,3075
153,12.7,12.7,12.625,12.65,2000
154,12.75,12.75,12.75,12.75,100
155,12.75,12.75,12.7,12.7,600
156,12.7348,12.75,12.7,12.7,1580
157,12.725,12.75,12.7,12.7,300
158,12.7,12.725,12.7,12.7,600
159,12.7,12.725,12.7,12.725,1600
160,12.625,12.65,12.6,12.65,1500
161,12.675,12.7,12.6,12.625,3600
162,12.7,12.7,12.675,12.7,4600
163,12.675,12.7,12.65,12.7,1800
164,12.7,12.7,12.65,12.675,600
165,12.7,12.7,12.65,12.65,400
166,12.675,12.7,12.65,12.65,1300
167,12.675,12.6831,12.675,12.6831,506
168,12.675,12.675,12.65,12.65,400
169,12.65,12.675,12.65,12.675,800
170,12.65,12.7,12.65,12.65,400
171,12.65,12.65,12.65,12.65,200
172,12.65,12.7,12.65,12.65,700
173,12.675,12.7,12.675,12.7,600
174,12.675,12.675,12.65,12.675,500
175,12.65,12.75,12.65,12.7,6565
176,12.7,12.7,12.65,12.65,2928
177,12.65,12.7,12.65,12.7,1600
178,12.65,12.675,12.65,12.65,400
179,12.7,12.7,12.65,12.675,4593
180,12.725,12.725,12.675,12.7,3300
181,12.7,12.725,12.7,12.725,600
182,12.675,12.7,12.65,12.7,3000
183,12.7,12.75,12.65,12.65,20893
288,12.75,12.75,12.75,12.75,263
290,12.75,12.85,12.75,12.85,1492
291,12.75,12.8,12.75,12.75,1805
292,12.8,12.8,12.75,12.75,600
293,12.85,12.85,12.85,12.85,200
295,12.9,12.9,12.9,12.9,500
296,12.9,12.95,12.9,12.95,500
298,13,13,12.925,12.925,1200
299,13,13,13,13,100
300,12.95,12.95,12.95,12.95,100
301,12.975,12.975,12.975,12.975,100
302,13,13,13,13,100
303,13.025,13.025,12.975,13,1547
305,13.1,13.1,13.05,13.05,1600
307,13.1,13.1,13.05,13.05,700
308,13.15,13.15,13.1,13.1,1100
310,13.2,13.2,13.15,13.15,2297
311,13.2,13.2,13.15,13.2,1200
312,13.15,13.225,13.15,13.225,2042
313,13.15,13.15,13.15,13.15,100
314,13.15,13.15,13.15,13.15,300
316,13.175,13.175,13.175,13.175,100
317,13.15,13.15,13.15,13.15,792
318,13.05,13.1,13.05,13.1,2500
319,13.1,13.125,13.05,13.05,3546
320,13.05,13.1,13.05,13.1,3400
321,13,13.05,12.975,13.05,3500
322,13.05,13.05,13.025,13.025,2620
323,13.05,13.05,13.02,13.05,700
324,13.05,13.05,13,13,500
325,13.05,13.05,13,13,931
326,13.025,13.025,13.025,13.025,100
327,13.05,13.05,12.95,13.025,14233
432,13.05,13.05,13.05,13.05,186
433,12.95,13.1,12.85,13.1,3733
434,12.9,13.1,12.85,12.95,3510
435,12.95,13,12.8,12.85,1921
437,12.975,12.975,12.95,12.95,3351
438,13.05,13.05,13,13,1600
439,13.1,13.1,13.1,13.1,100
440,13.1,13.125,13.1,13.1,2590
441,13.1,13.1,13.1,13.1,200
442,13.1,13.1,13.1,13.1,900
443,13.125,13.125,13.125,13.125,100
444,13.15,13.15,13.1,13.15,2000
445,13.25,13.25,13.2,13.2,3500
447,13.25,13.25,13.25,13.25,1448
448,13.3,13.3,13.25,13.25,1479
449,13.3,13.35,13.3,13.35,1600
450,13.3,13.325,13.3,13.325,600
451,13.375,13.375,13.35,13.35,900
452,13.4,13.4,13.4,13.4,200
453,13.4,13.4,13.35,13.35,376
454,13.4,13.425,13.4,13.4,1401
455,13.35,13.35,13.35,13.35,100
456,13.4,13.4,13.4,13.4,1400
457,13.4,13.4,13.4,13.4,200
458,13.45,13.45,13.43,13.43,1400
460,13.4,13.4,13.4,13.4,100
462,13.45,13.475,13.425,13.45,2097
463,13.45,13.45,13.45,13.45,1146
464,13.425,13.425,13.425,13.425,100
465,13.35,13.4,13.35,13.4,2000
466,13.35,13.4,13.35,13.375,800
467,13.4,13.4,13.35,13.4,2400
468,13.4,13.45,13.375,13.375,1630
469,13.4,13.45,13.4,13.425,1400
470,13.45,13.45,13.425,13.425,300
471,13.5,13.5,13.425,13.425,30739
864,13.5,13.5,13.5,13.5,836
865,13.55,13.75,13.2,13.2,6180
866,13.555,13.65,13.55,13.55,4500
867,13.85,13.85,13.6,13.6,1400
868,13.8,13.8,13.7,13.8,1850
869,13.85,13.85,13.787,13.8,3962
870,13.85,13.85,13.85,13.85,500
871,13.85,13.85,13.825,13.825,2200
872,13.9,13.9,13.875,13.9,833
873,13.9,13.95,13.9,13.9,3099
874,13.75,13.9,13.75,13.9,3840
875,13.625,13.725,13.625,13.725,1300
876,13.45,13.625,13.45,13.625,2600
877,13.45,13.475,13.45,13.45,600
878,13.425,13.475,13.425,13.45,900
879,13.475,13.475,13.425,13.425,2800
880,13.45,13.475,13.45,13.475,500
881,13.475,13.5,13.45,13.45,1300
882,13.55,13.55,13.55,13.55,500
883,13.55,13.55,13.525,13.55,1400
884,13.625,13.65,13.6,13.6,1897
885,13.625,13.65,13.6,13.6,400
886,13.625,13.625,13.625,13.625,100
887,13.5,13.625,13.5,13.625,2617
888,13.55,13.55,13.55,13.55,1319
889,13.5,13.525,13.5,13.525,494
890,13.55,13.55,13.55,13.55,400
891,13.6,13.6,13.6,13.6,100
892,13.55,13.575,13.55,13.575,1400
894,13.425,13.5,13.425,13.5,1329
895,13.4199,13.425,13.4199,13.425,200
896,13.425,13.425,13.425,13.425,100
897,13.425,13.425,13.4,13.425,400
898,13.425,13.43,13.4,13.43,994
899,13.425,13.45,13.4,13.4,1210
901,13.475,13.475,13.425,13.45,2492
902,13.45,13.5,13.45,13.475,1200
903,13.55,13.575,13.45,13.5,18446
a1497360600,13.55,13.55,13.55,13.55,235
1,13.35,13.35,13.35,13.35,100
2,13.5,13.6,13.475,13.475,1800
3,13.45,13.5,13.45,13.5,1000
4,13.5,13.5,13.45,13.45,700
5,13.6,13.6,13.525,13.525,1000
6,13.6,13.6,13.6,13.6,200
7,13.575,13.575,13.575,13.575,300
8,13.65,13.65,13.55,13.575,2600
9,13.75,13.75,13.625,13.625,1700
10,13.75,13.75,13.75,13.75,900
11,13.7,13.75,13.7,13.75,2500
12,13.7,13.7,13.7,13.7,100
13,13.7,13.7,13.675,13.675,1300
14,13.7,13.75,13.7,13.75,400
15,13.6,13.65,13.6,13.65,1178
16,13.5,13.6,13.475,13.6,1691
17,13.5,13.5,13.5,13.5,200
20,13.55,13.55,13.55,13.55,100
22,13.55,13.55,13.525,13.55,500
23,13.6,13.6,13.6,13.6,100
24,13.575,13.575,13.575,13.575,100
25,13.575,13.575,13.55,13.55,200
26,13.6226,13.6763,13.5,13.55,31438
27,13.6,13.609,13.55,13.609,2090
28,13.575,13.6,13.55,13.55,700
29,13.6,13.625,13.6,13.625,200
31,13.625,13.625,13.625,13.625,100
32,13.65,13.65,13.6396,13.6396,730
33,13.6,13.625,13.6,13.625,400
34,13.55,13.65,13.55,13.625,12700
35,13.55,13.55,13.55,13.55,200
36,13.5,13.55,13.5,13.55,1054
37,13.525,13.525,13.5,13.5,1163
38,13.55,13.55,13.5,13.525,600
39,13.5,13.55,13.5,13.525,10475
144,13.5,13.5,13.5,13.5,721
148,13.4,13.4,13.4,13.4,200
149,13.45,13.45,13.35,13.35,1794
151,13.475,13.5,13.475,13.5,400
152,13.4824,13.4824,13.4824,13.4824,100
153,13.4,13.45,13.4,13.45,1126
154,13.4,13.4,13.35,13.4,1000
155,13.45,13.45,13.425,13.425,700
156,13.45,13.45,13.45,13.45,500
157,13.475,13.5,13.45,13.5,596
158,13.45,13.45,13.425,13.45,1200
160,13.45,13.45,13.45,13.45,100
161,13.35,13.4,13.35,13.4,972
162,13.45,13.45,13.3685,13.3685,2186
163,13.425,13.45,13.425,13.45,900
164,13.35,13.45,13.35,13.45,600
165,13.35,13.4,13.35,13.35,300
166,13.3699,13.4,13.35,13.35,400
167,13.4,13.425,13.4,13.4,1400
168,13.4,13.4,13.35,13.4,300
169,13.35,13.4,13.35,13.4,300
170,13.4,13.4,13.35,13.375,800
171,13.4,13.4,13.4,13.4,1000
172,13.4,13.4,13.4,13.4,600
173,13.4,13.4,13.4,13.4,200
174,13.35,13.35,13.35,13.35,800
175,13.3585,13.3585,13.3585,13.3585,200
176,13.4,13.4,13.35,13.35,2856
177,13.35,13.4,13.35,13.4,4448
178,13.375,13.4,13.35,13.4,2300
179,13.4,13.4,13.375,13.375,1531
180,13.6,13.6,13.4,13.409,13361
181,13.6,13.6,13.6,13.6,400
182,13.6,13.625,13.6,13.6,5600
183,13.55,13.6,13.55,13.575,8949
288,13.35,13.35,13.35,13.35,1375
289,13.595,13.595,13.595,13.595,2348
290,13.55,13.55,13.45,13.45,1389
291,13.55,13.55,13.45,13.45,1677
292,13.55,13.55,13.55,13.55,2013
293,13.55,13.55,13.55,13.55,1000
294,13.45,13.55,13.4,13.5,700
295,13.5,13.5,13.475,13.5,700
296,13.5,13.5,13.5,13.5,300
297,13.45,13.475,13.45,13.475,2500
298,13.45,13.45,13.45,13.45,1826
299,13.45,13.45,13.45,13.45,100
300,13.425,13.425,13.425,13.425,420
301,13.475,13.475,13.45,13.45,2000
302,13.475,13.5,13.475,13.475,1600
303,13.5,13.5,13.5,13.5,100
304,13.475,13.475,13.475,13.475,100
305,13.5,13.5,13.5,13.5,100
306,13.5,13.5,13.475,13.475,372
307,13.475,13.5,13.475,13.5,200
308,13.475,13.5,13.475,13.5,400
309,13.5,13.5,13.475,13.5,400
310,13.5,13.5,13.475,13.5,500
311,13.5,13.5,13.5,13.5,400
313,13.5,13.5,13.475,13.5,3000
315,13.5,13.5,13.5,13.5,100
316,13.475,13.475,13.475,13.475,100
319,13.45,13.45,13.45,13.45,2240
320,13.4,13.425,13.4,13.425,200
321,13.405,13.405,13.4,13.4,419
322,13.425,13.45,13.4,13.4,1000
323,13.425,13.425,13.425,13.425,100
324,13.4,13.4,13.4,13.4,1556
325,13.4,13.425,13.4,13.425,3500
326,13.4,13.425,13.375,13.4,5363
327,13.4,13.4,13.35,13.4,22546
432,13.3,13.3,13.3,13.3,50772
433,13.3,13.3,13.25,13.3,1837
434,13.3,13.35,13.25,13.35,2560
435,13.275,13.3,13.275,13.3,200
436,13.25,13.275,13.2,13.275,8372
437,13.225,13.3034,13.2,13.3034,10726
438,13.3,13.3,13.2,13.225,6100
440,13.35,13.35,13.35,13.35,300
441,13.3,13.5,13.3,13.5,1845
442,13.35,13.35,13.325,13.325,800
443,13.3,13.4,13.3,13.4,2502
444,13.25,13.3,13.25,13.3,400
445,13.275,13.275,13.275,13.275,200
446,13.3,13.3,13.25,13.3,300
447,13.25,13.325,13.25,13.275,4800
448,13.3,13.325,13.25,13.25,3200
449,13.3,13.3,13.3,13.3,100
450,13.325,13.35,13.3,13.35,1087
451,13.3,13.325,13.3,13.325,400
452,13.25,13.35,13.25,13.35,1700
453,13.25,13.25,13.25,13.25,800
454,13.25,13.25,13.25,13.25,1000
455,13.25,13.275,13.25,13.25,500
456,13.25,13.275,13.25,13.275,200
457,13.3,13.3,13.275,13.275,1300
458,13.325,13.325,13.325,13.325,100
459,13.3,13.325,13.3,13.325,800
460,13.25,13.3,13.25,13.3,1100
461,13.25,13.25,13.25,13.25,200
462,13.25,13.2799,13.25,13.2799,3400
463,13.25,13.275,13.25,13.275,300
464,13.275,13.275,13.25,13.25,300
465,13.3,13.325,13.25,13.25,12300
466,13.3,13.3,13.25,13.3,3300
467,13.3,13.3,13.25,13.25,2380
468,13.3,13.3,13.3,13.3,1200
469,13.3,13.3,13.3,13.3,2700
470,13.325,13.5,13.275,13.3,18344
471,13.5,13.5,13.325,13.35,115099
864,13.6,13.6,13.6,13.6,1925
865,13.35,13.35,13.305,13.305,4775
866,13.4,13.5,13.4,13.5,300
867,13.55,13.55,13.5,13.5,600
868,13.6,13.6,13.55,13.55,800
869,13.55,13.55,13.55,13.55,987
870,13.55,13.55,13.525,13.55,5500
871,13.6,13.6,13.55,13.575,600
872,13.6,13.6,13.6,13.6,100
873,13.6,13.6,13.55,13.55,1291
874,13.6,13.6,13.55,13.55,300
875,13.59,13.59,13.59,13.59,400
876,13.55,13.6,13.55,13.6,900
877,13.55,13.55,13.55,13.55,100
878,13.55,13.55,13.55,13.55,100
879,13.6,13.6,13.55,13.55,500
882,13.575,13.6,13.575,13.6,1036
883,13.6,13.6,13.6,13.6,500
884,13.625,13.625,13.6,13.6,300
885,13.6236,13.6236,13.6,13.6,761
886,13.65,13.65,13.65,13.65,800
888,13.675,13.675,13.65,13.65,1100
889,13.655,13.669,13.65,13.65,800
890,13.6,13.6482,13.6,13.6482,404
891,13.6,13.65,13.6,13.6,1300
892,13.65,13.65,13.625,13.625,641
893,13.65,13.65,13.65,13.65,500
894,13.6,13.65,13.575,13.65,1150
895,13.65,13.65,13.6,13.6,1275
896,13.65,13.65,13.65,13.65,300
897,13.625,13.65,13.625,13.6373,1000
898,13.65,13.65,13.625,13.625,1000
899,13.65,13.65,13.6,13.625,700
900,13.65,13.65,13.625,13.65,2700
901,13.65,13.65,13.6,13.6,1200
902,13.65,13.675,13.65,13.65,4000
903,13.6,13.675,13.55,13.65,17617
a1497965400,13.7,13.7,13.55,13.55,627
1,13.425,13.55,13.425,13.55,2125
3,13.5,13.5,13.45,13.45,1200
4,13.4,13.425,13.4,13.4,1400
5,13.375,13.375,13.375,13.375,100
6,13.375,13.375,13.375,13.375,200
7,13.3,13.35,13.3,13.35,929
8,13.275,13.3,13.275,13.3,500
9,13.375,13.375,13.275,13.275,2600
10,13.45,13.45,13.375,13.375,3125
11,13.45,13.5,13.425,13.45,1423
12,13.425,13.425,13.4,13.425,3711
13,13.425,13.43,13.425,13.425,450
14,13.55,13.6,13.45,13.45,1900
15,13.475,13.5,13.475,13.5,575
16,13.45,13.45,13.45,13.45,100
17,13.425,13.475,13.425,13.475,2300
18,13.375,13.425,13.375,13.425,1930
19,13.35,13.375,13.35,13.35,400
20,13.375,13.4,13.375,13.375,300
21,13.4,13.4,13.375,13.375,1300
22,13.4,13.4,13.4,13.4,300
23,13.425,13.425,13.4,13.4199,800
24,13.475,13.475,13.4,13.4,800
25,13.475,13.475,13.475,13.475,100
26,13.55,13.55,13.5,13.5,2282
27,13.55,13.55,13.525,13.55,400
28,13.525,13.525,13.525,13.525,200
29,13.475,13.525,13.475,13.525,1500
30,13.475,13.475,13.475,13.475,100
31,13.475,13.5,13.475,13.475,400
32,13.45,13.475,13.45,13.475,600
33,13.4,13.4,13.4,13.4,200
34,13.4,13.4,13.375,13.4,2400
35,13.3732,13.4,13.3732,13.375,1100
36,13.4,13.425,13.35,13.375,1000
37,13.425,13.45,13.4,13.4,1100
38,13.45,13.45,13.425,13.45,1800
39,13.4,13.5,13.4,13.425,12575
144,13.4,13.4,13.4,13.4,1555
145,13.25,13.25,13.25,13.25,100
148,13.5,13.55,13.35,13.35,4520
151,13.55,13.6,13.55,13.55,1100
152,13.55,13.55,13.55,13.55,1200
153,13.55,13.55,13.55,13.55,400
156,13.5,13.5,13.45,13.5,1266
159,13.45,13.5,13.45,13.5,600
160,13.45,13.45,13.45,13.45,300
161,13.45,13.45,13.4,13.4,200
162,13.4,13.4,13.4,13.4,100
163,13.35,13.4,13.35,13.4,300
164,13.4,13.4,13.4,13.4,100
167,13.4,13.4,13.4,13.4,100
170,13.4,13.4,13.375,13.375,1850
171,13.35,13.35,13.35,13.35,1400
172,13.35,13.35,13.3,13.3,1600
173,13.3,13.3,13.3,13.3,400
174,13.325,13.325,13.3,13.3,200
175,13.325,13.35,13.325,13.35,1500
176,13.3,13.3,13.3,13.3,300
177,13.35,13.35,13.3185,13.3185,315
179,13.35,13.35,13.35,13.35,100
180,13.325,13.35,13.325,13.35,200
181,13.3,13.35,13.3,13.35,9217
182,13.225,13.3,13.225,13.3,2800
183,13.25,13.3,13.25,13.25,22632
288,13.3,13.3,13.3,13.3,423
289,13.3,13.4,13.3,13.4,1400
290,13.3,13.3,13.3,13.3,500
291,13.45,13.45,13.35,13.35,900
292,13.45,13.45,13.4,13.4,4600
293,13.45,13.45,13.45,13.45,500
294,13.375,13.375,13.375,13.375,300
295,13.35,13.35,13.35,13.35,600
296,13.35,13.35,13.35,13.35,490
297,13.383,13.4,13.383,13.4,1850
298,13.45,13.45,13.45,13.45,568
300,13.3,13.45,13.3,13.45,2633
302,13.3,13.35,13.3,13.35,200
303,13.325,13.35,13.325,13.35,400
304,13.325,13.35,13.325,13.35,1052
305,13.35,13.35,13.325,13.35,700
306,13.325,13.325,13.325,13.325,200
308,13.325,13.35,13.325,13.325,2975
309,13.325,13.35,13.325,13.35,900
310,13.32,13.32,13.32,13.32,100
311,13.325,13.35,13.325,13.325,300
312,13.325,13.35,13.3185,13.3185,815
313,13.325,13.325,13.325,13.325,200
314,13.35,13.4,13.325,13.35,2000
315,13.35,13.4,13.35,13.4,200
316,13.475,13.475,13.4,13.4,3400
317,13.45,13.45,13.45,13.45,1200
318,13.4,13.425,13.4,13.425,1400
319,13.4,13.4,13.35,13.35,2300
320,13.5,13.5,13.45,13.45,1300
321,13.5,13.5,13.45,13.45,1400
322,13.5,13.5,13.5,13.5,1245
323,13.475,13.5,13.45,13.45,600
324,13.42,13.475,13.42,13.45,1700
325,13.425,13.425,13.425,13.425,500
326,13.45,13.45,13.425,13.425,925
327,13.4,13.5,13.4,13.45,14036
433,13.3,13.3,13.3,13.3,100
434,13.4,13.4,13.3,13.3,1000
435,13.4,13.4,13.35,13.35,300
436,13.35,13.4,13.35,13.4,1125
437,13.3,13.3,13.3,13.3,100
438,13.3,13.3,13.3,13.3,1560
439,13.375,13.375,13.35,13.35,800
440,13.375,13.375,13.375,13.375,200
441,13.4,13.4,13.4,13.4,100
443,13.4,13.4,13.4,13.4,656
444,13.425,13.45,13.375,13.375,8320
445,13.45,13.45,13.45,13.45,100
446,13.45,13.45,13.45,13.45,1000
447,13.475,13.475,13.45,13.45,500
448,13.55,13.55,13.475,13.475,1100
449,13.45,13.55,13.45,13.55,1100
450,13.5,13.5,13.5,13.5,100
451,13.5,13.5,13.5,13.5,925
452,13.45,13.5,13.45,13.5,300
453,13.475,13.5,13.475,13.5,200
454,13.4,13.45,13.4,13.45,900
456,13.4,13.45,13.4,13.425,975
457,13.425,13.45,13.425,13.45,400
458,13.425,13.425,13.425,13.425,100
459,13.45,13.45,13.45,13.45,900
460,13.4,13.4,13.4,13.4,100
461,13.425,13.45,13.4,13.4,500
462,13.375,13.4,13.35,13.4,2800
463,13.35,13.375,13.35,13.375,1800
464,13.35,13.35,13.35,13.35,400
465,13.3,13.325,13.3,13.325,300
466,13.3,13.34,13.3,13.325,1416
467,13.3,13.325,13.3,13.3,400
468,13.3,13.35,13.3,13.3,600
469,13.375,13.4,13.3,13.3,2822
470,13.75,14,13.35,13.375,16427
471,13.6,13.95,13.475,13.85,124355
864,13.55,13.55,13.55,13.55,573
865,13.55,13.55,13.55,13.55,100
866,13.5,13.55,13.5,13.5,5678
867,13.55,13.55,13.5,13.5,699
868,13.575,13.575,13.575,13.575,200
869,13.65,13.7,13.575,13.575,2396
870,13.675,13.7,13.65,13.7,2300
871,13.7,13.7,13.7,13.7,100
872,13.65,13.675,13.65,13.675,877
873,13.6,13.625,13.55,13.625,2100
874,13.525,13.575,13.5,13.575,3100
875,13.55,13.55,13.55,13.55,700
876,13.6,13.6,13.6,13.6,700
877,13.675,13.675,13.65,13.65,1300
878,13.675,13.7,13.675,13.6912,1100
879,13.7,13.7,13.7,13.7,200
880,13.7,13.7,13.65,13.65,300
881,13.65,13.7,13.65,13.7,1121
882,13.65,13.65,13.6,13.6,400
884,13.625,13.65,13.625,13.65,300
885,13.65,13.65,13.65,13.65,100
886,13.6385,13.65,13.625,13.65,1000
887,13.65,13.65,13.65,13.65,100
888,13.65,13.65,13.65,13.65,100
889,13.65,13.65,13.65,13.65,100
890,13.625,13.65,13.625,13.65,200
891,13.625,13.65,13.6,13.6,600
892,13.65,13.65,13.6,13.6395,300
893,13.65,13.65,13.6,13.6,600
894,13.65,13.7,13.625,13.65,1700
895,13.6324,13.675,13.6324,13.65,5500
896,13.6,13.65,13.6,13.6,1081
897,13.625,13.65,13.625,13.65,200
898,13.65,13.65,13.625,13.65,1600
899,13.7,13.7,13.65,13.6763,1200
900,13.65,13.7,13.65,13.675,900
901,13.675,13.7,13.65,13.7,1000
902,13.65,13.7,13.65,13.675,5320
903,13.6,13.65,13.55,13.65,11519
a1498570200,13.55,13.55,13.55,13.55,349
1,13.6,13.6,13.6,13.6,400
2,13.5,13.5,13.45,13.5,1292
4,13.5,13.5,13.5,13.5,400
5,13.5,13.5169,13.45,13.5169,1100
6,13.45,13.55,13.45,13.45,1165
7,13.5,13.5,13.5,13.5,400
8,13.45,13.475,13.45,13.475,900
9,13.45,13.475,13.45,13.45,768
10,13.45,13.45,13.425,13.45,4122
11,13.5,13.5,13.5,13.5,600
12,13.5,13.5,13.5,13.5,100
13,13.55,13.55,13.55,13.55,300
14,13.5,13.5,13.5,13.5,100
15,13.55,13.55,13.5,13.5,4756
16,13.55,13.55,13.5,13.55,6300
18,13.55,13.55,13.55,13.55,100
19,13.55,13.55,13.55,13.55,100
20,13.6,13.6,13.6,13.6,100
22,13.5,13.6,13.5,13.6,2096
24,13.55,13.55,13.5,13.5,2950
25,13.55,13.5715,13.55,13.5715,2600
26,13.5303,13.5716,13.5303,13.5716,1050
27,13.55,13.6,13.525,13.6,1600
28,13.55,13.6202,13.55,13.6,1200
29,13.525,13.525,13.5,13.525,600
30,13.55,13.5757,13.54,13.55,3700
31,13.575,13.6,13.55,13.55,1310
32,13.6,13.6,13.55,13.55,1400
33,13.6,13.625,13.6,13.625,300
34,13.575,13.6,13.575,13.6,2200
35,13.55,13.6,13.55,13.55,500
36,13.575,13.575,13.5,13.575,2100
37,13.575,13.59,13.55,13.575,1723
38,13.55,13.6,13.55,13.55,3300
39,13.5,13.6,13.5,13.525,25562
144,13.6,13.6,13.6,13.6,337
145,13.505,13.505,13.45,13.45,1789
146,13.7,13.7,13.7,13.7,500
147,13.7,13.7,13.7,13.7,266
148,13.65,13.7,13.65,13.7,480
149,13.7,13.7,13.7,13.7,3500
150,13.7,13.75,13.7,13.75,5200
152,13.7,13.7,13.7,13.7,500
153,13.7,13.7,13.65,13.675,1300
154,13.7,13.7,13.7,13.7,100
155,13.7,13.7,13.7,13.7,900
156,13.7,13.7,13.7,13.7,615
157,13.675,13.7,13.675,13.7,300
158,13.6662,13.675,13.6662,13.675,325
159,13.7,13.7,13.65,13.7,6100
160,13.7,13.7,13.7,13.7,100
161,13.65,13.7,13.65,13.7,3000
162,13.65,13.65,13.65,13.65,6700
164,13.7,13.7,13.6,13.6,1975
165,13.7,13.7,13.64,13.65,3375
166,13.65,13.65,13.6,13.65,1400
167,13.65,13.65,13.625,13.625,3400
169,13.65,13.65,13.6,13.65,2600
170,13.625,13.65,13.625,13.65,3100
171,13.65,13.65,13.625,13.65,1200
172,13.6,13.65,13.6,13.65,1200
173,13.65,13.65,13.6,13.6,4700
175,13.675,13.675,13.6,13.6,300
176,13.7,13.7,13.68,13.7,4400
177,13.65,13.7,13.65,13.7,2400
178,13.7,13.72,13.675,13.675,8100
179,13.7,13.75,13.65,13.7,7605
180,13.7,13.7172,13.65,13.7172,6500
181,13.7,13.7,13.65,13.7,5308
182,13.725,13.75,13.65,13.675,5725
183,13.8,13.8,13.65,13.725,27797
288,13.85,13.85,13.85,13.85,928
289,13.75,13.85,13.55,13.55,3475
290,13.6,13.7,13.6,13.7,1320
291,13.65,13.65,13.65,13.65,100
292,13.55,13.65,13.55,13.65,624
293,13.65,13.65,13.55,13.55,500
294,13.78,13.78,13.65,13.65,1139
295,13.7713,13.7713,13.75,13.75,1770
296,13.8,13.8,13.8,13.8,554
297,13.82,13.85,13.82,13.85,425
298,13.6,13.755,13.6,13.755,7252
299,13.65,13.65,13.6,13.6,991
300,13.625,13.65,13.625,13.65,650
301,13.55,13.6,13.55,13.6,1400
302,13.5865,13.5865,13.5865,13.5865,300
303,13.55,13.55,13.55,13.55,383
305,13.59,13.59,13.55,13.55,200
306,13.55,13.55,13.55,13.55,400
307,13.5,13.5,13.5,13.5,100
308,13.5,13.5,13.5,13.5,100
309,13.5,13.55,13.5,13.55,300
312,13.5,13.5371,13.5,13.5371,800
313,13.5,13.5346,13.5,13.5,1200
314,13.55,13.55,13.55,13.55,600
315,13.6,13.6,13.5,13.55,900
316,13.7,13.7,13.6,13.6,2454
317,13.75,13.75,13.65,13.65,600
318,13.7,13.7,13.69,13.7,1024
319,13.7,13.7,13.7,13.7,100
320,13.675,13.675,13.65,13.65,200
324,13.675,13.675,13.65,13.65,300
325,13.65,13.675,13.65,13.675,500
326,13.65,13.675,13.65,13.675,1000
327,13.65,13.7,13.625,13.65,12747
432,13.65,13.65,13.65,13.65,592
433,13.675,13.675,13.55,13.6075,749
434,13.7,13.8,13.7,13.75,1975
435,13.7,13.7,13.65,13.7,1062
436,13.6,13.75,13.6,13.7,3025
437,13.67,13.7,13.65,13.65,1600
438,13.7,13.7,13.7,13.7,400
439,13.725,13.75,13.705,13.71,2475
440,13.725,13.75,13.725,13.75,200
441,13.75,13.75,13.75,13.75,300
442,13.75,13.75,13.725,13.725,309
443,13.775,13.8,13.775,13.8,300
444,13.8,13.8,13.8,13.8,300
445,13.8,13.8,13.75,13.8,342
446,13.8,13.8,13.775,13.775,400
447,13.775,13.8,13.77,13.8,750
448,13.8,13.8,13.7601,13.7601,565
449,13.8,13.8,13.775,13.775,200
451,13.8,13.8,13.8,13.8,1373
452,13.8,13.8,13.75,13.75,200
453,13.8,13.8,13.8,13.8,100
454,13.75,13.75,13.75,13.75,200
455,13.8,13.8,13.8,13.8,200
456,13.8,13.8,13.8,13.8,200
457,13.8,13.8,13.8,13.8,600
458,13.85,13.85,13.85,13.85,400
459,13.85,13.85,13.85,13.85,100
460,13.8,13.85,13.8,13.85,1400
461,13.75,13.775,13.725,13.75,4602
462,13.7,13.75,13.7,13.75,200
463,13.73,13.73,13.73,13.73,900
464,13.75,13.75,13.75,13.75,800
465,13.75,13.75,13.75,13.75,700
466,13.8,13.8,13.8,13.8,100
467,13.775,13.8,13.75,13.75,300
468,13.79,13.8,13.75,13.8,743
469,13.8,13.8,13.775,13.775,400
470,13.8,13.8,13.75,13.7692,1400
471,13.7,13.8,13.65,13.775,19973
864,13.65,13.65,13.65,13.65,17551
865,13.7,13.7749,13.65,13.7,2184
867,13.7,13.725,13.7,13.7,600
868,13.65,13.7,13.65,13.7,300
869,13.7,13.7,13.675,13.7,996
870,13.65,13.8,13.65,13.686,4378
871,13.65,13.7,13.65,13.7,500
873,13.75,13.75,13.75,13.75,941
874,13.905,13.905,13.7655,13.7655,5260
875,13.85,13.95,13.85,13.95,4100
876,13.85,13.85,13.85,13.85,600
877,13.85,13.9,13.85,13.85,650
878,13.9,13.9,13.8,13.8,400
879,13.9,13.95,13.9,13.9,1966
880,13.9,13.925,13.9,13.925,575
881,13.95,13.95,13.91,13.91,225
882,13.95,13.95,13.95,13.95,200
883,13.95,13.95,13.9,13.9,1815
884,14.05,14.05,13.95,13.95,4787
885,14,14.125,14,14.025,11713
a1499261400,14,14,14,14,2682
1,14,14,13.8,13.8,1148
2,14.1,14.15,14.1,14.1,4970
3,14.15,14.15,14.1,14.1,2601
4,14.225,14.275,14.175,14.2,7495
5,14.25,14.3,14.225,14.25,5118
6,14.45,14.45,14.3,14.3,7703
7,14.35,14.35,14.35,14.35,600
8,14.3,14.35,14.3,14.3152,2332
9,14.15,14.25,14.15,14.25,3150
11,14.1,14.1,14.1,14.1,100
12,14,14.1,14,14.1,1800
13,13.9,13.95,13.9,13.95,1400
14,13.9,13.925,13.875,13.925,1820
15,13.875,13.9,13.875,13.9,200
16,13.8,13.875,13.8,13.875,1500
17,13.75,13.75,13.75,13.75,500
18,13.85,13.85,13.775,13.775,1600
19,13.9,13.9,13.9,13.9,400
20,13.925,13.975,13.925,13.95,1600
22,13.875,13.9,13.85,13.9,800
23,13.9,13.9,13.85,13.85,200
24,13.875,13.9,13.85,13.9,400
25,13.9,13.9,13.9,13.9,300
26,13.9,13.9,13.9,13.9,400
27,13.9,13.95,13.9,13.95,800
28,13.85,13.9,13.85,13.9,1139
29,13.85,13.85,13.85,13.85,100
30,13.9,13.9,13.875,13.875,200
31,13.85,13.875,13.825,13.875,1167
32,13.75,13.8,13.725,13.8,2712
33,13.75,13.75,13.725,13.75,678
34,13.75,13.75,13.75,13.75,600
36,13.8,13.8,13.75,13.775,1400
37,13.8,13.825,13.8,13.825,600
38,13.85,13.85,13.825,13.825,200
39,13.8,13.85,13.8,13.825,9862
