EXCHANGE%3DNASDAQ
MARKET_OPEN_MINUTE=570
MARKET_CLOSE_MINUTE=960
INTERVAL=600
COLUMNS=DATE,CLOSE,HIGH,LOW,OPEN,VOLUME
DATA=
TIMEZONE_OFFSET=-240
a1493040600,16.08,16.35,16.08,16.35,1497
1,16.12,16.12,16.12,16.12,100
2,16.215,16.215,16.15,16.15,300
3,16.2,16.2,16.19,16.19,1100
4,16.3,16.3,16.19,16.2,700
5,16.15,16.25,16.15,16.25,4500
6,16.19,16.19,16.163,16.163,286
8,16.1,16.164,16.1,16.16,3100
9,16.11,16.12,16.11,16.12,1034
10,16.1375,16.1547,16.1375,16.1547,1400
12,16.18,16.18,16.11,16.12,1800
14,16.205,16.205,16.2,16.2,400
16,16.2005,16.2005,16.19,16.2005,1300
17,16.2,16.21,16.19,16.21,1300
18,16.2,16.21,16.2,16.21,310
19,16.21,16.2155,16.195,16.2,3848
20,16.255,16.265,16.22,16.22,2540
21,16.23,16.24,16.21,16.24,2100
23,16.22,16.22,16.22,16.22,300
24,16.25,16.25,16.25,16.25,100
25,16.21,16.2233,16.21,16.2233,500
26,16.2097,16.2097,16.18,16.1807,827
27,16.2,16.2,16.2,16.2,100
28,16.1,16.1,16.1,16.1,630
29,16.15,16.15,16.1252,16.1252,1661
30,16.16,16.16,16.16,16.16,100
31,16.13,16.14,16.13,16.14,1198
32,16.1,16.11,16.1,16.11,930
33,16.12,16.13,16.12,16.12,1000
34,16.169,16.169,16.1452,16.1452,775
35,16.15,16.1525,16.15,16.1525,500
36,16.12,16.12,16.12,16.12,100
37,16.14,16.14,16.11,16.11,1500
38,16.06,16.145,16.06,16.14,4281
39,16.05,16.1,16.01,16.1,12297
144,16.12,16.12,16.12,16.12,1004
146,16.3,16.32,16.175,16.19,10000
147,16.19,16.28,16.19,16.28,29600
148,16.215,16.22,16.215,16.22,200
149,16.15,16.1843,16.15,16.1843,1850
150,16.1476,16.17,16.11,16.15,1863
151,16.13,16.165,16.1,16.1,700
152,16.12,16.12,16.0949,16.12,2190
153,16.06,16.0948,16.04,16.06,1471
154,16.06,16.06,16.04,16.05,900
155,16.09,16.09,16.08,16.08,448
156,16.05,16.13,16.04,16.08,1644
157,16.05,16.05,16.05,16.05,1976
158,16.11,16.11,16.05,16.05,2100
159,16.13,16.13,16.08,16.08,700
160,16.15,16.15,16.12,16.13,300
161,16.09,16.11,16.09,16.11,300
162,16.08,16.1,16.08,16.1,300
163,16.06,16.07,16.06,16.07,300
164,16.06,16.06,16.06,16.06,200
165,16.07,16.07,16.06,16.06,300
166,16.0892,16.105,16.06,16.06,1650
167,16.05,16.094,16.05,16.094,1450
168,16.0753,16.0824,16.05,16.05,800
169,16.05,16.0752,16.05,16.0752,500
170,16.02,16.05,16.01,16.05,700
171,16.05,16.05,16.025,16.025,1100
172,16.05,16.0929,16.04,16.06,5227
173,16.02,16.09,16.02,16.0749,3200
174,16.02,16.045,16.01,16.01,400
175,16.045,16.06,16.02,16.03,1340
176,15.94,16.07,15.94,16.02,5173
177,15.99,15.99,15.9108,15.95,2159
179,16,16.02,15.98,15.98,300
180,16.05,16.07,16.01,16.02,400
181,16.03,16.03,16.03,16.03,300
182,16.18,16.19,16.03,16.04,4630
183,16.16,16.23,16.09,16.2,13620
288,16.11,16.11,16.11,16.11,1494
289,16.14,16.14,16.06,16.1,1000
290,16.29,16.29,16.12,16.14,900
291,16.22,16.22,16.22,16.22,4300
292,16.255,16.255,16.1903,16.22,2400
293,16.19,16.25,16.19,16.25,6300
294,16.15,16.1668,16.14,16.16,1000
295,16.3,16.3,16.19,16.19,1600
296,16.41,16.41,16.32,16.36,2226
297,16.37,16.42,16.37,16.42,800
298,16.32,16.39,16.32,16.34,500
299,16.27,16.3397,16.26,16.3397,1264
300,16.295,16.295,16.27,16.27,300
301,16.31,16.32,16.27,16.27,900
302,16.18,16.28,16.18,16.28,5331
303,16.13,16.205,16.13,16.18,600
304,16.18,16.18,16.17,16.17,600
305,16.23,16.26,16.23,16.245,400
306,16.27,16.27,16.23,16.26,600
307,16.2704,16.31,16.25,16.25,3010
308,16.31,16.31,16.25,16.25,300
309,16.3,16.32,16.3,16.32,15700
310,16.32,16.32,16.32,16.32,200
311,16.285,16.31,16.27,16.28,700
312,16.25,16.2962,16.25,16.25,525
313,16.275,16.275,16.23,16.25,1500
314,16.26,16.271,16.24,16.245,1691
315,16.24,16.24,16.24,16.24,100
316,16.29,16.3,16.23,16.23,2600
317,16.31,16.32,16.29,16.29,600
318,16.32,16.33,16.3,16.313,1678
319,16.35,16.35,16.29,16.35,500
320,16.33,16.35,16.3,16.3,300
321,16.3,16.325,16.3,16.3,500
322,16.3,16.3,16.3,16.3,500
323,16.25,16.3,16.25,16.28,11399
324,16.29,16.29,16.27,16.27,2500
325,16.25,16.27,16.25,16.27,300
326,16.28,16.31,16.25,16.25,5450
327,16.28,16.3,16.22,16.28,10268
432,16.32,16.32,16.32,16.32,1876
434,16.22,16.23,16.17,16.23,1400
435,16.28,16.28,16.23,16.25,1300
436,16.2,16.3,16.17,16.29,17560
437,16.2,16.2646,16.2,16.2,800
438,16.2,16.22,16.2,16.22,300
439,16.2,16.2,16.18,16.18,200
440,16.15,16.21,16.15,16.2025,4100
441,16.16,16.16,16.13,16.15,3200
442,16.23,16.31,16.2,16.21,900
443,16.18,16.18,16.18,16.18,100
444,16.1662,16.18,16.15,16.16,2238
445,16.18,16.181,16.18,16.181,370
446,16.2,16.2,16.16,16.18,1707
447,16.19,16.2,16.16,16.16,2053
448,16.22,16.22,16.22,16.22,100
450,16.23,16.23,16.215,16.215,200
452,16.26,16.26,16.19,16.21,7005
453,16.275,16.295,16.275,16.28,3716
454,16.29,16.29,16.29,16.29,300
455,16.3,16.3,16.3,16.3,100
457,16.33,16.33,16.3,16.3,500
458,16.32,16.34,16.32,16.33,500
460,16.3,16.35,16.3,16.35,10400
461,16.29,16.29,16.29,16.29,100
462,16.28,16.28,16.28,16.28,300
463,16.2253,16.2253,16.2253,16.2253,200
464,16.24,16.24,16.24,16.24,100
465,16.26,16.26,16.26,16.26,200
468,16.26,16.26,16.23,16.23,1300
469,16.28,16.28,16.28,16.28,200
470,16.26,16.285,16.26,16.285,300
471,16.32,16.34,16.23,16.26,5543
576,16.38,16.38,16.38,16.38,1620
577,16.38,16.38,16.38,16.38,1851
578,16.21,16.4,16.21,16.4,3712
579,16.25,16.27,16.235,16.235,1975
580,16.31,16.38,16.29,16.36,2200
581,16.24,16.3,16.16,16.3,66400
582,16.34,16.34,16.24,16.24,1000
583,16.4,16.41,16.35,16.35,4958
584,16.325,16.43,16.325,16.4,3100
585,16.32,16.36,16.3,16.34,1780
586,16.35,16.4,16.35,16.35,3123
587,16.35,16.38,16.318,16.33,2419
588,16.4,16.4,16.3,16.34,3682
589,16.3,16.38,16.3,16.38,700
590,16.38,16.39,16.36,16.36,1100
591,16.3,16.4,16.3,16.38,30800
592,16.25,16.29,16.25,16.29,1900
593,16.255,16.29,16.22,16.25,1100
594,16.265,16.265,16.22,16.22,700
595,16.26,16.27,16.25,16.27,900
596,16.28,16.28,16.265,16.265,200
597,16.27,16.27,16.261,16.261,600
598,16.32,16.36,16.29,16.29,900
599,16.32,16.32,16.32,16.32,100
600,16.27,16.31,16.27,16.31,9300
601,16.32,16.32,16.32,16.32,100
602,16.28,16.29,16.28,16.29,300
603,16.35,16.35,16.25,16.25,1766
604,16.35,16.35,16.35,16.35,40200
606,16.4,16.42,16.38,16.38,700
607,16.39,16.4,16.39,16.4,200
608,16.34,16.37,16.34,16.37,18738
609,16.3999,16.3999,16.36,16.36,600
610,16.4,16.41,16.39,16.4,600
611,16.37,16.37,16.37,16.37,400
612,16.35,16.38,16.32,16.32,2300
613,16.34,16.365,16.32,16.32,1900
614,16.35,16.35,16.33,16.34,4700
615,16.35,16.49,16.32,16.34,25132
a1493645400,16.31,16.31,16.31,16.31,3335
1,16.4,16.43,16.31,16.31,1644
2,16.43,16.65,16.43,16.47,9600
3,16.39,16.505,16.39,16.505,9700
4,16.49,16.53,16.4,16.53,6350
5,16.5,16.65,16.43,16.56,12231
6,16.49,16.49,16.43,16.455,2400
7,16.47,16.53,16.44,16.49,3294
8,16.54,16.54,16.4639,16.51,2400
9,16.5575,16.59,16.5,16.55,2137
10,16.63,16.63,16.57,16.57,600
11,16.65,16.675,16.52,16.63,11200
12,16.67,16.67,16.66,16.66,200
13,16.59,16.67,16.59,16.67,1701
14,16.67,16.69,16.59,16.59,2006
15,16.66,16.67,16.66,16.67,600
16,16.62,16.67,16.6,16.67,3200
17,16.65,16.65,16.58,16.65,300
18,16.67,16.67,16.645,16.66,500
19,16.67,16.67,16.65,16.67,1700
20,16.67,16.67,16.66,16.67,300
21,16.625,16.67,16.625,16.67,900
22,16.63,16.643,16.63,16.63,325
23,16.66,16.66,16.635,16.635,722
24,16.59,16.67,16.59,16.67,9238
25,16.47,16.475,16.47,16.475,300
26,16.54,16.54,16.49,16.49,1200
27,16.5,16.56,16.5,16.56,1100
28,16.5,16.5,16.46,16.46,300
29,16.56,16.56,16.5,16.5,390
30,16.52,16.5311,16.51,16.5311,700
31,16.535,16.58,16.535,16.55,500
32,16.29,16.51,16.29,16.5,11800
33,16.48,16.48,16.26,16.26,1358
34,16.48,16.49,16.43,16.49,500
35,16.5,16.5,16.49,16.49,300
36,16.41,16.52,16.41,16.52,700
37,16.52,16.52,16.5,16.5,700
38,16.47,16.52,16.46,16.52,2600
39,16.34,16.46,16.34,16.46,8065
144,16.27,16.27,16.27,16.27,3358
145,16.37,16.4,16.335,16.39,1150
146,16.37,16.42,16.28,16.42,1900
148,16.15,16.36,16.14,16.36,2490
149,16.01,16.16,16.01,16.14,3400
150,15.92,16.08,15.91,16.01,18590
151,16.15,16.15,15.99,15.99,500
152,16.14,16.18,16.1076,16.1076,1905
153,16.22,16.22,16.18,16.18,300
154,16.2,16.24,16.1653,16.22,1384
155,16.2,16.23,16.18,16.23,600
156,16.24,16.24,16.21,16.21,700
157,16.3,16.36,16.24,16.24,3700
158,16.27,16.29,16.25,16.29,4600
159,16.35,16.36,16.29,16.29,1600
160,16.36,16.36,16.33,16.36,2300
161,16.36,16.36,16.36,16.36,500
162,16.35,16.36,16.35,16.36,2925
163,16.33,16.34,16.33,16.34,200
164,16.36,16.36,16.34,16.35,1100
165,16.36,16.36,16.36,16.36,1100
166,16.36,16.36,16.34,16.36,1300
167,16.36,16.36,16.332,16.3498,950
168,16.36,16.385,16.3467,16.36,2850
169,16.36,16.36,16.355,16.36,700
170,16.32,16.375,16.32,16.36,1900
172,16.29,16.35,16.29,16.35,3100
173,16.28,16.31,16.28,16.29,700
174,16.22,16.29,16.22,16.275,1100
175,16.2,16.2,16.2,16.2,400
176,16.21,16.24,16.2,16.2,1000
177,16.16,16.2,16.16,16.2,1000
178,16.22,16.26,16.2,16.21,1900
179,16.2575,16.29,16.24,16.24,1200
180,16.26,16.29,16.24,16.265,1500
181,16.23,16.28,16.23,16.26,2500
182,16.24,16.28,16.24,16.26,3400
183,16.22,16.27,16.18,16.23,11561
288,16.25,16.25,16.25,16.25,787
289,16.01,16.22,16.01,16.22,1380
290,16.265,16.265,16.16,16.18,1300
291,16.1851,16.24,16.11,16.18,1500
293,16.1,16.1453,16.1,16.1453,569
294,16.2,16.2,16.09,16.16,4000
295,16.0712,16.0712,16.0712,16.0712,650
296,16.1426,16.1426,16.1426,16.1426,500
298,16.11,16.11,16.1,16.11,500
299,16.18,16.18,16.12,16.12,1900
300,16.29,16.29,16.19,16.2,869
301,16.21,16.28,16.195,16.28,3700
302,16.24,16.26,16.23,16.23,500
303,16.21,16.26,16.21,16.2337,1100
304,16.26,16.26,16.24,16.25,528
305,16.21,16.22,16.19,16.22,1400
306,16.23,16.24,16.2,16.24,2903
307,16.2402,16.28,16.22,16.24,3100
308,16.3,16.3,16.22,16.29,2268
309,16.28,16.3,16.28,16.3,1900
310,16.22,16.3,16.22,16.3,2400
311,16.27,16.27,16.2,16.2,2000
312,16.21,16.28,16.21,16.28,1600
313,16.22,16.27,16.18,16.19,1500
314,16.2,16.21,16.2,16.21,1200
315,16.2675,16.29,16.2,16.22,8200
316,16.28,16.3,16.25,16.25,2000
317,16.25,16.3,16.25,16.29,2200
318,16.29,16.29,16.256,16.28,1233
319,16.28,16.3,16.255,16.3,2550
320,16.33,16.35,16.28,16.28,3754
321,16.34,16.37,16.31,16.35,7200
322,16.31,16.36,16.28,16.35,3900
323,16.35,16.35,16.2498,16.3251,1717
324,16.23,16.34,16.21,16.32,2800
325,16.295,16.33,16.21,16.26,2798
326,16.28,16.33,16.25,16.32,3600
327,16.27,16.37,16.22,16.25,53684
432,16.3,16.31,16.18,16.18,3580
433,15.86,16.415,15.76,16.15,6209
434,15.9995,15.9995,15.9995,15.9995,100
435,15.9975,16.04,15.9287,16.02,4400
436,16.055,16.07,16.03,16.03,3926
437,16.035,16.07,15.99,16.07,4100
438,16.081,16.1359,16.02,16.07,6620
439,16.16,16.16,16.12,16.13,1000
440,16.18,16.18,16.14,16.15,800
441,16.1,16.155,16.06,16.155,10075
442,16.02,16.12,16.02,16.1,2600
443,16.113,16.113,15.945,16.015,5100
444,16.16,16.16,16.02,16.04,2600
445,16.14,16.18,16.04,16.05,1200
446,16.1,16.16,16.06,16.1,800
447,16.01,16.14,15.99,16.12,5090
448,16.0451,16.08,16,16,400
449,16.08,16.12,16.03,16.12,4635
450,16.24,16.24,16.05,16.08,1100
451,16.6,16.6,16.28,16.28,300
452,16.49,16.64,16.44,16.64,1400
453,16.5,16.51,16.49,16.51,700
454,16.49,16.59,16.4401,16.55,1150
455,16.3926,16.3926,16.3926,16.3926,450
456,16.52,16.52,16.51,16.51,300
457,16.42,16.44,16.42,16.44,600
458,16.29,16.41,16.29,16.37,800
459,16.23,16.35,16.23,16.3111,3911
460,16.49,16.52,16.295,16.295,1059
461,16.37,16.4,16.37,16.3784,1125
462,16.51,16.51,16.35,16.35,2200
463,16.46,16.48,16.46,16.48,600
464,16.44,16.51,16.44,16.45,1600
465,16.42,16.48,16.42,16.463,1225
466,16.39,16.4,16.33,16.4,4600
467,16.5,16.5,16.41,16.43,700
468,16.39,16.47,16.38,16.47,6465
469,16.355,16.37,16.32,16.37,1400
470,16.345,16.38,16.3,16.355,4093
471,16.37,16.4,16.34,16.4,22822
576,15.35,15.35,15.35,15.35,5045
577,15.8,15.8,15.35,15.35,8421
578,15.7,15.78,15.68,15.68,1501
579,15.71,15.71,15.71,15.71,100
580,15.79,15.8499,15.71,15.71,1299
581,15.7902,15.7902,15.7902,15.7902,200
582,15.93,15.93,15.85,15.85,800
583,15.9,15.95,15.9,15.95,1300
584,15.76,15.78,15.7456,15.7456,1000
585,15.92,15.92,15.75,15.79,3235
586,15.95,15.95,15.95,15.95,100
587,15.87,15.87,15.87,15.87,141
588,15.86,15.865,15.86,15.865,700
589,15.845,15.87,15.83,15.87,1088
590,15.81,15.84,15.8,15.84,1607
591,15.725,15.815,15.725,15.815,900
592,15.7,15.715,15.7,15.7,4900
593,15.74,15.74,15.7,15.7,2000
594,15.75,15.75,15.75,15.75,100
595,15.74,15.74,15.73,15.73,200
596,15.73,15.73,15.73,15.73,100
597,15.72,15.75,15.71,15.725,7200
598,15.73,15.73,15.7099,15.7099,700
599,15.81,15.89,15.7,15.7,3900
600,15.76,15.78,15.76,15.78,600
601,15.71,15.71,15.71,15.71,100
602,15.72,15.72,15.72,15.72,200
603,15.79,15.79,15.74,15.74,800
605,15.83,15.83,15.81,15.81,600
606,15.815,15.83,15.8,15.83,1300
607,15.78,15.78,15.76,15.76,200
608,15.75,15.82,15.72,15.74,4136
609,15.84,15.84,15.767,15.769,2165
611,15.88,15.88,15.79,15.79,1700
612,15.88,15.89,15.8187,15.885,5100
613,15.89,15.89,15.87,15.87,1300
614,15.91,15.91,15.86,15.9,2900
615,15.93,16.13,15.83,15.89,15793
a1494250800,16.04,16.09,15.75,15.84,1713
1,16.01,16.05,15.91,16.05,3300
2,16.045,16.06,15.97,15.97,900
3,16.06,16.1,16.06,16.1,4000
4,16.08,16.08,16.02,16.08,1986
5,15.97,16.07,15.97,16.06,3198
6,15.89,15.98,15.89,15.98,1891
7,15.85,15.86,15.825,15.825,1400
8,15.92,15.95,15.85,15.855,2880
9,15.9,15.95,15.9,15.95,1806
10,15.82,15.93,15.81,15.93,2959
11,15.81,15.83,15.8,15.8,1400
12,15.85,15.865,15.81,15.85,6962
13,15.89,15.89,15.87,15.87,600
14,15.95,15.95,15.87,15.88,2000
15,15.98,16.01,15.96,15.96,2900
16,16.02,16.02,16,16,900
17,16.03,16.045,16.01,16.02,1300
18,16,16.03,15.99,16.03,900
19,16.035,16.07,16.01,16.02,5000
20,16.07,16.08,16.05,16.05,4300
21,16.09,16.1,16.05,16.05,2700
22,16.14,16.16,16.085,16.085,3224
23,16.15,16.17,16.15,16.15,4000
24,16.15,16.15,16.15,16.15,400
25,16.19,16.19,16.17,16.18,400
26,16.23,16.255,16.19,16.19,2600
27,16.23,16.24,16.2053,16.24,1200
28,16.2,16.26,16.2,16.23,2500
29,16.19,16.2,16.18,16.2,1500
30,16.28,16.33,16.22,16.22,1200
31,16.27,16.3,16.26,16.29,1300
32,16.34,16.35,16.29,16.29,3000
33,16.3,16.33,16.29,16.31,1200
34,16.26,16.26,16.26,16.26,908
35,16.33,16.33,16.245,16.245,2600
36,16.24,16.34,16.24,16.31,4600
37,16.23,16.23,16.21,16.23,3242
38,16.26,16.33,16.21,16.21,30536
143,16.34,16.34,16.24,16.24,1504
144,16.1949,16.35,16.05,16.35,2200
145,15.93,15.93,15.93,15.93,100
147,15.99,15.99,15.99,15.99,100
148,16.0428,16.09,16.04,16.05,1550
149,15.99,16.04,15.98,16.04,2700
150,16.06,16.06,16,16,1600
151,16.08,16.1,16.042,16.09,2300
152,16.1,16.1,16.055,16.09,1350
153,15.99,16.11,15.99,16.11,1300
154,16.0484,16.09,15.99,15.99,3652
155,16,16.06,16,16.06,1500
156,16.02,16.05,15.99,16.05,2100
157,16.1,16.1,16.05,16.05,640
158,16.13,16.14,16.1,16.1,455
159,16.16,16.16,16.1,16.13,2768
160,16,16.15,15.99,16.15,4394
161,15.995,16,15.985,16,3270
162,15.985,16.04,15.98,16.04,3449
163,15.99,16.035,15.97,15.97,2300
164,15.99,16,15.98,15.99,5000
165,15.995,16.05,15.99,16,2200
166,15.98,16.03,15.95,16,7200
167,15.97,16,15.97,15.97,7600
168,15.995,16.03,15.976,16,4675
169,16.01,16.01,15.99,15.99,1900
170,16.05,16.05,16.02,16.03,1300
171,16,16.04,15.97,16.04,1100
172,16,16,16,16,1800
173,16.02,16.03,15.99,16.02,1206
174,16.05,16.05,16.02,16.02,400
175,16.06,16.07,16.02,16.06,900
176,16.01,16.03,16.01,16.02,700
177,16.08,16.08,16.0275,16.03,1000
178,16.08,16.13,16.08,16.09,1000
179,16.04,16.07,16.04,16.07,2600
180,16,16.035,15.99,16.035,7700
181,16,16.01,15.99,16,3000
182,16.01,16.05,15.965,16.01,10756
287,16.1,16.1,16.1,16.1,1675
288,16.1474,16.1474,15.8607,15.9187,1479
289,16.17,16.17,16.06,16.085,300
290,16.175,16.227,16.05,16.227,950
291,16.28,16.28,16.14,16.16,800
292,16.05,16.06,16.05,16.06,300
293,16.09,16.09,16.05,16.05,1700
294,16.05,16.1584,16.05,16.09,7015
295,15.971,16.05,15.96,16.045,18634
296,16.05,16.05,16.05,16.05,300
297,16.05,16.05,16.01,16.02,2670
298,16.09,16.09,16.05,16.05,1700
299,16.1,16.11,16.06,16.06,2020
300,16.08,16.1,16.06,16.1,3800
301,16.17,16.17,16.09,16.09,800
302,16.19,16.19,16.19,16.19,100
303,16.08,16.12,16.06,16.08,400
304,16.13,16.13,16,16.04,1100
305,16.03,16.04,16.02,16.04,300
306,16.11,16.11,16.02,16.03,900
307,16.07,16.13,16.07,16.13,600
308,16.2,16.2,16.12,16.12,600
309,16.19,16.19,16.1585,16.1585,680
311,16.21,16.25,16.2,16.2,1144
312,16.23,16.23,16.22,16.22,200
313,16.25,16.25,16.25,16.25,100
314,16.25,16.25,16.23,16.23,300
315,16.19,16.25,16.19,16.25,700
316,16.21,16.24,16.17,16.23,2190
317,16.21,16.24,16.21,16.24,800
318,16.22,16.22,16.19,16.21,609
319,16.21,16.24,16.21,16.23,500
320,16.19,16.219,16.19,16.21,300
321,16.2,16.23,16.2,16.23,700
322,16.12,16.2238,16.12,16.2238,5200
323,16.16,16.19,16.14,16.14,1700
324,16.1,16.18,16.1,16.14,8400
325,16.08,16.1,16.05,16.06,3408
326,16.08,16.11,16.06,16.08,45421
431,16.11,16.11,16.11,16.11,1370
432,15.97,15.98,15.5226,15.5226,1500
433,16.01,16.2,16.01,16.2,400
434,16.01,16.24,16.01,16.24,300
435,16.18,16.18,16.18,16.18,100
436,16.0418,16.0418,16,16.03,3700
437,15.95,16,15.93,16,5200
438,15.99,15.99,15.96,15.96,200
439,15.98,16,15.92,15.99,2375
441,16.01,16.01,16,16,1000
442,16,16,16,16,100
443,15.98,15.98,15.98,15.98,364
444,16.02,16.02,16,16,300
445,16,16,15.99,15.99,200
446,16,16,16,16,100
448,16.02,16.02,16.02,16.02,300
449,16,16.02,16,16.02,500
450,15.995,16.02,15.995,16.02,500
451,15.995,16.04,15.99,15.995,1200
452,15.98,15.985,15.98,15.98,1000
453,16.005,16.005,16,16,200
455,16.02,16.02,16.02,16.02,435
457,15.96,15.96,15.96,15.96,200
459,15.96,15.98,15.96,15.96,800
460,15.98,15.98,15.98,15.98,200
462,15.89,16.02,15.89,16.02,1741
463,15.92,15.92,15.92,15.92,100
464,15.875,15.89,15.875,15.89,950
465,15.9001,15.91,15.86,15.89,1152
466,15.9351,15.9351,15.92,15.92,200
467,15.89,15.93,15.89,15.92,1204
468,15.9251,15.9251,15.91,15.91,600
470,15.9,15.9621,15.85,15.92,8346
575,15.89,15.89,15.89,15.89,583
577,15.98,16,15.66,15.96,1600
578,16.04,16.17,15.98,15.98,800
579,16,16.17,15.99,16.16,2591
580,16.01,16.02,16.01,16.02,200
581,15.95,16.02,15.95,16.02,1447
582,16.07,16.07,15.97,15.98,3200
583,16.1,16.1,16.075,16.08,1700
584,16.02,16.1,16.02,16.1,3369
585,15.96,16.01,15.96,16.01,3200
586,16.02,16.02,15.985,15.99,1700
587,16.02,16.04,16,16.04,2000
588,16.11,16.15,16.02,16.02,3004
589,16.17,16.17,16.11,16.14,1600
590,16.14,16.25,16.14,16.22,2400
591,16.135,16.16,16.135,16.16,300
592,16.22,16.22,16.135,16.15,6255
593,16.15,16.31,16.15,16.24,5279
594,16.08,16.13,16.08,16.13,1500
595,16.1,16.1,16.07,16.1,2902
596,16.12,16.14,16.115,16.13,1000
597,16.11,16.19,16.11,16.13,2800
599,16.18,16.18,16.105,16.11,1700
600,16.13,16.2,16.13,16.2,2200
601,16.14,16.14,16.14,16.14,100
602,16.14,16.18,16.14,16.14,1736
603,16.19,16.19,16.13,16.13,1100
604,16.15,16.2,16.15,16.19,1511
605,16.12,16.13,16.12,16.13,400
606,16.12,16.12,16.0953,16.11,4100
607,16.19,16.19,16.145,16.145,3000
608,16.0641,16.19,16.04,16.19,2700
609,15.9565,16.04,15.91,16.04,7812
610,16.02,16.03,15.98,15.98,1200
611,15.97,16.02,15.97,16.02,1942
612,16.04,16.04,15.96,15.96,3710
613,16.06,16.08,16.04,16.05,2400
614,16.06,16.1,16.02,16.03,11911
a1494855000,16.18,16.18,16.18,16.18,4184
1,16.21,16.22,16.172,16.172,844
2,16.26,16.26,16.07,16.24,1600
3,16.07,16.07,16.07,16.07,500
4,16.2,16.22,16.09,16.22,1000
5,16.155,16.21,16.155,16.21,3636
6,16.15,16.15,16.15,16.15,200
7,16.06,16.17,16.06,16.15,1100
8,16.0541,16.09,16.0541,16.09,6155
9,16.07,16.07,16.06,16.06,200
10,16.11,16.11,16.08,16.08,1500
11,16.11,16.15,16.09,16.11,1400
12,16.07,16.1113,16.07,16.1113,700
13,16.09,16.1,16.05,16.1,700
14,16.09,16.12,16.09,16.11,500
15,16.05,16.17,16.05,16.1,1300
16,16.07,16.1,16.07,16.1,200
17,16.08,16.11,16.08,16.08,700
18,16.19,16.19,16.07,16.1,12262
19,16.23,16.23,16.17,16.17,1523
20,16.24,16.24,16.2115,16.24,700
21,16.27,16.28,16.215,16.24,7000
22,16.33,16.35,16.3,16.31,1000
23,16.24,16.365,16.24,16.34,4303
24,16.25,16.255,16.21,16.22,8200
25,16.29,16.34,16.27,16.29,800
26,16.24,16.26,16.23,16.26,800
27,16.26,16.3,16.23,16.27,3092
28,16.25,16.25,16.25,16.25,200
29,16.37,16.37,16.245,16.26,4527
30,16.2,16.33,16.2,16.33,9834
31,16.19,16.21,16.19,16.21,1200
32,16.185,16.185,16.18,16.18,600
33,16.195,16.21,16.18,16.2,2737
34,16.24,16.24,16.18,16.19,1700
35,16.27,16.27,16.24,16.24,900
36,16.245,16.3,16.24,16.29,2500
37,16.21,16.245,16.21,16.245,2200
38,16.255,16.28,16.19,16.215,2589
39,16.24,16.28,16.2,16.28,13373
144,16.35,16.35,16.35,16.35,2203
146,16.34,16.34,16.185,16.2405,4400
147,16.3,16.3,16.3,16.3,110
148,16.3,16.3,16.25,16.2786,2222
149,16.27,16.27,16.27,16.27,384
150,16.2001,16.2253,16.2001,16.2253,3240
151,16.25,16.25,16.21,16.24,1165
152,16.2,16.21,16.2,16.21,200
153,16.21,16.21,16.19,16.19,900
154,16.21,16.26,16.21,16.25,1200
155,16.28,16.29,16.24,16.24,500
156,16.2,16.3,16.1911,16.28,4392
157,16.23,16.23,16.1988,16.22,3400
158,16.2528,16.29,16.23,16.23,1796
159,16.25,16.25,16.2,16.2,500
160,16.27,16.28,16.26,16.26,700
161,16.3,16.3,16.29,16.29,500
162,16.3,16.3,16.27,16.3,1000
163,16.25,16.28,16.25,16.28,500
164,16.31,16.31,16.25,16.25,500
165,16.24,16.29,16.24,16.29,401
166,16.195,16.21,16.17,16.21,3000
167,16.25,16.26,16.22,16.22,400
168,16.26,16.26,16.17,16.18,1200
169,16.18,16.26,16.18,16.26,600
170,16.2,16.22,16.1995,16.1995,1102
171,16.25,16.25,16.21,16.21,400
172,16.24,16.26,16.1901,16.26,1400
173,16.27,16.27,16.25,16.26,600
174,16.24,16.26,16.19,16.26,4407
175,16.25,16.25,16.215,16.215,627
176,16.2,16.285,16.2,16.25,4224
177,16.25,16.25,16.2,16.2,800
178,16.26,16.32,16.2,16.25,1000
179,16.25,16.35,16.25,16.26,1100
180,16.325,16.325,16.28,16.3,800
181,16.34,16.38,16.31,16.34,1300
182,16.35,16.365,16.29,16.36,3469
183,16.29,16.34,16.27,16.34,10321
288,16.24,16.24,16.24,16.24,1450
290,16,16,15.97,15.97,200
291,16.02,16.02,15.99,16.01,700
292,15.8869,16.02,15.8869,16.01,1300
293,15.893,15.9111,15.893,15.9111,458
294,15.8668,15.885,15.8668,15.885,300
295,15.93,15.93,15.92,15.92,300
296,15.8962,15.8962,15.8962,15.8962,300
298,15.94,15.94,15.835,15.835,1900
299,15.97,15.99,15.95,15.95,700
300,16,16,15.97,15.97,244
301,15.985,16.01,15.985,16,1300
302,16.12,16.12,15.9675,16.03,900
304,16.17,16.17,16.0001,16.0001,1200
305,16.06,16.08,16,16.08,1944
306,16.01,16.14,16.01,16.1,1200
307,16.05,16.05,15.99,16,1572
308,16.02,16.02,16.02,16.02,100
310,16.0011,16.14,16.0011,16.03,3222
311,16.01,16.04,16.01,16.02,1000
312,16,16.03,16,16.01,690
313,15.997,16.02,15.99,15.99,750
314,16.07,16.07,16.02,16.02,873
315,16.02,16.02,16.02,16.02,289
316,16.01,16.055,16.01,16.02,2142
317,16.01,16.01,15.97,15.97,1900
318,15.92,15.98,15.91,15.98,1100
319,15.8941,15.9,15.8895,15.9,1400
320,15.985,15.985,15.87,15.88,2590
321,16.05,16.07,15.96,15.975,6900
322,16.05,16.07,16.02,16.05,1600
324,16.06,16.14,16.06,16.14,1200
325,16.08,16.18,16.08,16.13,4727
326,16.1,16.11,16.06,16.07,2100
327,16.11,16.2,16.07,16.12,10710
432,16.01,16.01,16.01,16.01,994
434,15.685,15.705,15.685,15.705,200
436,15.756,15.8,15.7324,15.7381,516
437,15.85,15.86,15.79,15.85,1300
438,15.85,15.92,15.81,15.85,1813
439,15.94,15.95,15.91,15.91,700
442,15.87,15.92,15.87,15.92,3100
443,15.8104,15.85,15.8104,15.85,1500
444,15.8,15.83,15.8,15.8101,3600
445,15.79,15.83,15.78,15.81,3700
447,15.85,15.85,15.75,15.775,15086
448,15.86,15.86,15.83,15.84,900
449,15.83,15.83,15.83,15.83,100
450,15.85,15.94,15.84,15.84,3200
451,15.8778,15.8778,15.8778,15.8778,100
452,15.84,15.8432,15.84,15.8432,331
453,15.8,15.83,15.8,15.83,300
454,15.8,15.8,15.78,15.78,2000
455,15.78,15.81,15.77,15.8,1400
456,15.75,15.75,15.75,15.75,700
457,15.7201,15.7201,15.7201,15.7201,1000
458,15.7,15.7,15.7,15.7,100
459,15.69,15.69,15.69,15.69,200
460,15.735,15.735,15.72,15.72,500
461,15.74,15.74,15.74,15.74,300
462,15.74,15.74,15.74,15.74,100
463,15.73,15.77,15.73,15.74,800
464,15.68,15.6955,15.68,15.6955,1256
465,15.65,15.66,15.65,15.66,400
466,15.61,15.6308,15.61,15.6308,1000
467,15.55,15.59,15.55,15.59,900
468,15.57,15.58,15.57,15.57,1220
469,15.62,15.62,15.56,15.56,759
470,15.77,16,15.57,15.6,27343
471,15.64,15.77,15.61,15.77,19843
576,15.76,15.76,15.75,15.75,944
577,15.66,15.96,15.66,15.95,22400
578,15.74,15.74,15.73,15.73,200
580,15.83,15.87,15.83,15.86,2700
581,15.86,15.92,15.82,15.82,1500
582,15.79,15.85,15.79,15.85,1158
583,15.86,15.86,15.77,15.77,900
584,15.86,15.86,15.85,15.86,600
588,15.82,15.82,15.76,15.76,200
589,15.81,15.81,15.74,15.75,1442
590,15.86,15.86,15.82,15.82,1494
591,15.88,15.93,15.86,15.86,3725
592,15.93,15.93,15.93,15.93,100
593,15.895,15.895,15.875,15.875,200
594,15.8,15.88,15.8,15.88,2870
595,15.88,15.88,15.81,15.81,200
596,15.89,15.89,15.89,15.89,200
598,15.85,15.85,15.82,15.82,300
599,15.92,15.92,15.88,15.89,4601
600,15.92,15.92,15.92,15.92,100
601,15.93,15.93,15.89,15.89,200
602,15.87,15.87,15.87,15.87,100
603,15.9,15.91,15.9,15.91,400
604,15.91,15.91,15.91,15.91,100
605,15.92,15.92,15.92,15.92,300
608,15.95,15.95,15.85,15.92,700
609,15.85,15.95,15.85,15.905,7260
610,15.85,15.85,15.85,15.85,754
611,15.87,15.87,15.82,15.83,1400
612,15.96,15.96,15.88,15.88,2300
613,15.96,15.96,15.96,15.96,100
614,16,16,15.94,15.95,3000
615,16.02,16.07,15.98,16.03,11782
a1495459800,16.07,16.07,16.07,16.07,1436
1,16,16.01,16,16.01,400
2,15.73,15.73,15.73,15.73,100
3,15.7978,15.7978,15.7594,15.7594,1200
4,15.77,15.81,15.76,15.8,1000
5,15.77,15.77,15.77,15.77,200
7,15.82,15.8437,15.8,15.82,2600
8,15.8,15.92,15.79,15.92,1300
9,15.845,15.85,15.77,15.8,3850
10,15.85,15.92,15.85,15.91,3900
11,15.85,15.908,15.85,15.908,600
12,15.85,16,15.85,15.925,1100
13,15.91,15.91,15.91,15.91,100
14,15.957,15.96,15.81,15.8788,909
17,15.93,15.93,15.93,15.93,700
18,15.9,15.9,15.9,15.9,100
19,15.8477,15.97,15.8477,15.97,350
20,15.92,15.92,15.87,15.89,1100
21,16,16,15.99,15.99,1300
22,15.995,16.025,15.97,16,900
23,16.0161,16.0161,16.0161,16.0161,1000
24,16.08,16.1,16.08,16.1,200
25,16.0325,16.08,16.0157,16.0157,750
26,16.08,16.08,16.01,16.01,200
27,15.98,16.04,15.98,16.02,900
29,15.99,15.99,15.99,15.99,200
30,16.005,16.005,16.005,16.005,285
31,15.99,15.99,15.99,15.99,200
33,16.09,16.09,16.09,16.09,100
34,16.01,16.0829,15.98,16.0829,2800
35,16.0391,16.0391,16.0391,16.0391,250
36,15.951,16.01,15.951,16,1200
37,16.01,16.01,16.01,16.01,300
38,16,16.04,16,16.02,1400
39,16,16.03,15.98,16.01,4259
144,16.12,16.12,16.12,16.12,1573
145,16.14,16.145,16.14,16.145,200
146,16.125,16.13,16.045,16.045,800
147,16.15,16.15,16.12,16.12,300
148,16.25,16.26,16.14,16.14,3500
149,16.24,16.24,16.24,16.24,100
150,16.23,16.23,16.23,16.23,100
151,16.29,16.33,16.23,16.23,4475
154,16.36,16.36,16.31,16.31,400
155,16.3252,16.34,16.31,16.32,1100
157,16.3,16.33,16.3,16.32,700
158,16.3,16.3,16.3,16.3,600
159,16.3,16.3,16.3,16.3,700
161,16.32,16.32,16.32,16.32,200
162,16.29,16.3,16.29,16.3,500
164,16.25,16.26,16.25,16.26,900
165,16.2678,16.2678,16.2678,16.2678,370
166,16.27,16.27,16.27,16.27,100
168,16.32,16.32,16.2833,16.2833,600
172,16.32,16.32,16.32,16.32,100
173,16.3027,16.3027,16.2901,16.2901,652
174,16.36,16.36,16.3213,16.3213,2200
176,16.52,16.59,16.37,16.37,15100
177,16.5,16.51,16.47,16.51,1804
178,16.44,16.49,16.43,16.49,1400
179,16.4653,16.4653,16.41,16.41,1200
180,16.47,16.47,16.44,16.44,1600
182,16.48,16.48,16.46,16.46,700
183,16.44,16.49,16.41,16.48,5031
288,16.44,16.44,16.44,16.44,751
289,16.5,16.5,16.5,16.5,200
290,16.47,16.53,16.46,16.53,400
291,16.44,16.48,16.44,16.48,900
292,16.39,16.45,16.39,16.45,600
293,16.37,16.5,16.37,16.43,800
294,16.42,16.42,16.36,16.36,200
295,16.3,16.42,16.2454,16.42,2618
296,16.0201,16.321,16.0201,16.3,16950
298,16.18,16.23,16.09,16.09,3800
299,16.27,16.27,16.18,16.18,1300
300,16.28,16.28,16.27,16.27,200
301,16.24,16.28,16.24,16.28,594
302,16.25,16.25,16.25,16.25,300
303,16.2,16.21,16.15,16.21,2800
304,16.24,16.24,16.22,16.22,400
305,16.25,16.25,16.25,16.25,200
306,16.3,16.3,16.26,16.26,300
307,16.27,16.27,16.27,16.27,100
308,16.24,16.27,16.24,16.27,1499
309,16.19,16.21,16.19,16.21,900
310,16.2,16.2,16.2,16.2,600
311,16.19,16.21,16.1501,16.21,1000
312,16.19,16.2,16.1362,16.2,700
313,16.18,16.2,16.18,16.2,700
314,16.2,16.22,16.2,16.2,410
315,16.175,16.2048,16.175,16.192,1150
316,16.24,16.24,16.19,16.19,400
317,16.26,16.26,16.23,16.23,300
318,16.26,16.26,16.26,16.26,300
319,16.2,16.21,16.2,16.21,1000
320,16.23,16.23,16.23,16.23,100
321,16.23,16.23,16.23,16.23,300
322,16.2,16.24,16.2,16.239,920
323,16.17,16.2,16.17,16.2,400
324,16.23,16.23,16.195,16.2,1300
325,16.26,16.26,16.24,16.26,2500
326,16.27,16.27,16.234,16.26,7900
327,16.23,16.36,16.23,16.3,9796
432,16.28,16.28,16.28,16.28,1207
433,16.3,16.34,16.29,16.34,500
434,16.44,16.44,16.3,16.3,8400
435,16.45,16.48,16.43,16.43,400
436,16.3,16.43,16.3,16.43,1500
437,16.33,16.3803,16.33,16.34,920
438,16.33,16.33,16.25,16.3,5100
439,16.28,16.37,16,16.36,3200
440,16.3,16.31,16.12,16.28,34700
441,16.29,16.29,16.25,16.26,7592
442,16.3,16.33,16.2899,16.29,3608
443,16.3699,16.3699,16.3,16.3,3271
444,16.3,16.36,16.27,16.36,3401
445,16.29,16.3,16.27,16.28,5320
446,16.27,16.3,16.27,16.28,1200
447,16.27,16.29,16.27,16.27,900
448,16.25,16.3,16.25,16.27,7600
449,16.26,16.3,16.2,16.25,25790
450,16.27,16.27,16.22,16.22,700
451,16.28,16.3,16.2201,16.29,4000
452,16.226,16.25,16.226,16.25,2600
453,16.25,16.25,16.22,16.25,1000
454,16.21,16.23,16.2,16.2,1700
455,16.22,16.23,16.18,16.215,1500
456,16.1,16.13,16.1,16.13,800
457,16.11,16.11,16.09,16.09,1000
458,16.09,16.1,16.052,16.1,900
459,16.08,16.08,16.02,16.08,500
460,16.09,16.09,16.04,16.04,300
461,16.05,16.075,16.03,16.075,900
462,16.06,16.1,16.04,16.1,1400
463,16.04,16.04,16.01,16.01,400
464,16.07,16.11,16.04,16.04,900
465,16.06,16.06,16.01,16.03,1200
466,16.0475,16.1,16.035,16.1,1725
467,16.06,16.08,16.06,16.06,2052
468,16,16.06,16,16.06,2348
469,15.995,16.012,15.97,16.003,5080
470,15.9414,16.07,15.9414,16.01,8500
471,16.04,16.11,15.96,16.01,14061
576,16.16,16.16,16.16,16.16,1251
578,16.375,16.375,16.375,16.375,100
579,16.18,16.18,16.18,16.18,100
580,16.1,16.11,16.03,16.07,1910
581,16.0952,16.0952,16.0952,16.0952,250
584,16.03,16.093,16.02,16.093,1400
585,16,16.01,15.99,16.01,300
588,15.98,15.98,15.97,15.97,200
589,16.0017,16.0017,15.999,16,705
590,16.04,16.05,16.04,16.04,686
591,16.02,16.0217,16.02,16.0217,600
592,16.07,16.07,16.02,16.02,500
593,16.1,16.1,16.08,16.08,300
594,16.11,16.11,16.11,16.11,100
595,16.02,16.02,16.02,16.02,100
597,16.07,16.07,16.07,16.07,100
599,16.08,16.13,16.05,16.08,1800
600,16.08,16.09,16.075,16.09,1686
601,16.08,16.08,16.08,16.08,100
602,16.04,16.05,16.04,16.05,2199
603,16.155,16.27,15.98,16.03,24861
604,16.11,16.17,16.11,16.15,2100
605,16.05,16.05,16.05,16.05,1000
606,16.0659,16.1,16.05,16.05,1000
607,16.07,16.1,16.0601,16.07,1500
609,16.05,16.05,16.05,16.05,100
610,16.06,16.07,16.05,16.05,600
612,16.06,16.06,16.06,16.06,400
613,16.04,16.04,16.04,16.04,400
614,16.02,16.03,15.99,16.03,4200
615,16.04,16.04,16,16.04,3163
a1496151000,15.96,15.96,15.96,15.96,4377
1,15.78,16.4,15.78,16.4,30985
2,15.8,15.83,15.66,15.78,3800
3,15.7009,15.79,15.7009,15.76,2590
4,15.61,15.77,15.61,15.77,3700
5,15.68,15.7,15.62,15.62,1000
6,15.62,15.71,15.62,15.71,1500
7,15.64,15.66,15.605,15.66,1603
8,15.57,15.615,15.57,15.615,800
9,15.5956,15.64,15.5956,15.6,750
10,15.7,15.7,15.58,15.58,1500
12,15.65,15.67,15.65,15.67,400
13,15.66,15.66,15.65,15.65,400
14,15.65,15.65,15.65,15.65,200
15,15.65,15.69,15.6,15.6656,870
16,15.65,15.66,15.6,15.645,4575
17,15.65,15.66,15.6066,15.6066,1385
18,15.71,15.71,15.65,15.65,700
19,15.72,15.72,15.67,15.69,3300
21,15.68,15.7409,15.68,15.72,1200
22,15.65,15.65,15.5401,15.5401,2910
23,15.65,15.66,15.63,15.66,1810
24,15.66,15.66,15.66,15.66,100
25,15.67,15.67,15.65,15.66,5648
26,15.65,15.65,15.65,15.65,300
27,15.62,15.64,15.62,15.64,500
28,15.66,15.66,15.6201,15.65,1128
29,15.6,15.68,15.6,15.66,1400
30,15.6,15.61,15.6,15.61,1000
31,15.6,15.6,15.6,15.6,300
32,15.566,15.566,15.566,15.566,100
33,15.65,15.66,15.6,15.6,1000
34,15.6,15.64,15.6,15.61,3700
36,15.6,15.62,15.6,15.62,1500
37,15.71,15.72,15.7,15.71,3500
38,15.54,15.63,15.54,15.63,2300
39,15.6,15.62,15.56,15.59,7000
144,15.59,15.59,15.59,15.59,1449
145,15.47,15.56,15.47,15.52,1383
146,15.58,15.7,15.58,15.7,200
147,15.48,15.49,15.45,15.49,700
148,15.45,15.45,15.44,15.44,200
149,15.31,15.42,15.31,15.42,500
150,15.26,15.3,15.13,15.3,6455
151,15.13,15.13,15.13,15.13,100
152,15.258,15.258,15.23,15.24,3400
153,15.25,15.25,15.15,15.203,3900
154,15.25,15.26,15.22,15.25,1085
155,15.33,15.33,15.23,15.24,1400
156,15.2899,15.34,15.275,15.33,1140
157,15.29,15.29,15.29,15.29,200
158,15.36,15.38,15.31,15.31,2250
159,15.56,15.56,15.4299,15.46,21932
160,15.5799,15.61,15.51,15.59,600
161,15.61,15.64,15.56,15.5799,1300
162,15.5,15.65,15.5,15.65,900
163,15.5,15.61,15.4865,15.5,1500
164,15.58,15.63,15.52,15.52,600
165,15.52,15.57,15.52,15.57,1200
166,15.59,15.59,15.53,15.53,700
167,15.62,15.62,15.5668,15.5668,800
168,15.55,15.62,15.55,15.62,700
169,15.58,15.62,15.57,15.57,1100
170,15.58,15.58,15.5668,15.58,300
171,15.46,15.59,15.44,15.58,3200
172,15.57,15.57,15.51,15.51,300
173,15.52,15.52,15.49,15.52,1080
174,15.62,15.64,15.5443,15.58,1500
175,15.52,15.595,15.52,15.57,1000
176,15.52,15.535,15.52,15.52,1157
177,15.5,15.54,15.47,15.51,2500
178,15.55,15.56,15.5,15.5,800
179,15.58,15.58,15.52,15.55,600
180,15.54,15.62,15.54,15.56,2530
181,15.56,15.62,15.455,15.57,2008
182,15.52,15.5696,15.52,15.56,3580
183,15.49,15.67,15.49,15.56,23028
288,15.56,15.56,15.56,15.56,1102
289,15.56,15.56,15.56,15.56,906
290,15.59,15.59,15.565,15.565,300
292,15.61,15.68,15.6,15.68,686
294,15.68,15.74,15.585,15.585,600
295,15.75,15.75,15.684,15.684,923
296,15.64,15.68,15.62,15.65,1823
297,15.7,15.75,15.63,15.63,2090
298,15.68,15.77,15.6575,15.69,1464
299,15.81,15.84,15.78,15.78,500
300,15.79,15.88,15.76,15.87,1800
301,15.8,15.81,15.73,15.73,1019
302,15.87,15.87,15.82,15.82,300
303,15.82,15.89,15.82,15.89,1300
304,15.89,15.9,15.8,15.8,1070
305,15.95,15.95,15.87,15.87,1100
306,15.88,15.97,15.87,15.88,1500
307,15.92,15.95,15.8936,15.94,1700
308,15.91,16,15.895,15.895,1100
309,15.93,16,15.91,15.94,2300
310,15.95,16,15.9,15.9,1275
311,15.96,15.96,15.9065,15.9065,562
312,15.94,15.98,15.94,15.95,800
313,15.93,15.98,15.93,15.96,1000
314,16,16,15.94,15.94,300
315,15.95,16.02,15.92,16.02,1000
316,15.98,16,15.94,15.96,2600
317,16.02,16.02,15.9601,15.9601,687
318,15.88,15.98,15.87,15.96,1300
319,15.88,15.88,15.85,15.88,600
320,15.93,15.94,15.87,15.87,950
321,15.95,16,15.91,15.91,1604
322,15.93,15.96,15.88,15.96,1400
323,15.95,16,15.94,15.94,500
324,15.95,15.95,15.92,15.95,1734
325,15.88,15.96,15.86,15.9,2915
326,15.91,15.93,15.85,15.85,1300
327,15.88,15.97,15.872,15.872,8408
432,15.86,15.86,15.86,15.86,992
433,15.75,15.75,15.75,15.75,100
434,15.5406,15.685,15.5406,15.685,265
435,15.8,15.8,15.79,15.79,300
436,15.8,15.93,15.77,15.87,3416
437,15.82,15.82,15.73,15.7462,930
438,15.79,15.87,15.79,15.82,1900
439,15.86,15.92,15.83,15.83,700
440,15.95,15.97,15.91,15.96,600
441,15.825,15.93,15.77,15.93,2200
442,15.77,15.77,15.73,15.73,400
443,15.85,15.85,15.82,15.82,300
444,16,16,15.84,15.86,2810
445,15.95,16.02,15.95,16.02,800
446,15.96,16.03,15.94,15.98,11000
447,15.86,15.94,15.86,15.94,1000
448,15.89,15.89,15.84,15.85,1050
449,15.9,15.9,15.84,15.84,600
450,15.97,15.97,15.97,15.97,200
451,15.91,15.99,15.91,15.99,1000
452,15.886,15.9,15.84,15.84,3235
453,15.82,15.89,15.82,15.89,700
454,15.8,15.81,15.8,15.81,400
455,15.82,15.82,15.76,15.77,600
456,15.82,15.82,15.82,15.82,200
457,15.82,15.82,15.8,15.82,300
458,15.79,15.84,15.7601,15.83,953
459,15.76,15.81,15.76,15.78,1000
460,15.7,15.76,15.7,15.76,400
461,15.71,15.77,15.71,15.77,300
462,15.75,15.76,15.701,15.701,1200
463,15.73,15.77,15.73,15.77,900
464,15.77,15.77,15.75,15.75,200
465,15.71,15.79,15.71,15.79,900
466,15.77,15.77,15.7,15.71,300
467,15.7,15.75,15.7,15.75,1951
468,15.73,15.73,15.67,15.7,1300
469,15.71,15.76,15.71,15.76,900
470,15.6945,15.71,15.6945,15.71,1700
471,15.63,15.8,15.59,15.72,14874
864,15.5,15.5,15.5,15.5,1011
865,15.52,15.52,15.46,15.46,400
866,15.49,15.54,15.1537,15.1537,700
868,15.45,15.45,15.45,15.45,400
869,15.5322,15.5322,15.5322,15.5322,660
870,15.59,15.59,15.42,15.42,1000
871,15.67,15.67,15.61,15.61,500
872,15.58,15.76,15.57,15.644,1400
873,15.715,15.81,15.57,15.81,1768
874,15.75,15.76,15.55,15.74,9200
875,15.745,15.75,15.65,15.66,4100
876,15.61,15.77,15.5,15.745,3202
877,15.66,15.67,15.66,15.67,300
878,15.68,15.71,15.68,15.7,300
879,15.645,15.675,15.645,15.66,800
880,15.725,15.79,15.615,15.615,1500
881,15.73,15.75,15.69,15.7,1900
882,15.7,15.8,15.7,15.74,1700
883,15.69,15.69,15.66,15.66,400
884,15.73,15.74,15.69,15.69,1500
885,15.81,15.81,15.75,15.75,1930
886,15.87,15.87,15.7847,15.8,1300
887,15.8,15.86,15.8,15.83,1831
888,15.815,15.84,15.775,15.775,1900
889,15.8,15.8,15.79,15.8,600
890,15.82,15.82,15.7662,15.77,1010
891,15.82,15.82,15.77,15.77,500
892,15.83,15.85,15.82,15.83,590
893,15.83,15.83,15.83,15.83,300
894,15.84,15.845,15.82,15.82,1100
895,15.81,15.84,15.81,15.84,2300
896,15.88,15.88,15.83,15.83,1070
897,15.89,15.89,15.83,15.88,1200
898,15.89,15.89,15.841,15.89,1150
899,15.89,15.89,15.89,15.89,1600
900,15.97,15.98,15.9,15.9,3600
901,15.98,16.06,15.93,15.9439,4600
902,15.97,16.045,15.94,15.98,4600
903,15.92,16.1,15.78,15.97,11360
a1496755800,15.95,15.95,15.95,15.95,1068
1,15.79,15.91,15.79,15.91,200
2,15.95,15.99,15.715,15.715,300
3,16,16,15.77,15.92,900
4,15.9,16.05,15.9,16.04,600
5,15.99,16,15.87,16,400
6,15.89,15.98,15.811,15.811,725
7,16.04,16.04,16.02,16.02,300
8,15.82,15.89,15.79,15.89,1190
9,15.84,15.84,15.7,15.7,1400
10,15.79,15.83,15.75,15.83,600
11,15.79,15.79,15.74,15.74,900
12,15.78,15.79,15.74,15.78,700
13,15.83,15.85,15.77,15.79,3300
14,15.86,15.96,15.86,15.88,904
15,15.84,16.04,15.84,16,800
16,15.83,15.92,15.8,15.8,900
17,15.87,15.87,15.85,15.85,300
18,15.89,15.89,15.87,15.87,300
19,15.86,15.9,15.86,15.89,700
20,15.84,15.84,15.81,15.81,200
21,15.83,15.84,15.7898,15.84,800
22,15.87,15.87,15.84,15.84,300
23,15.9,15.9,15.86,15.86,3777
24,16,16,15.97,15.97,200
25,16.01,16.01,16,16,300
26,16.04,16.04,15.9516,15.9516,950
27,15.84,16.06,15.6946,16.03,2588
28,15.93,15.97,15.86,15.86,500
29,16.07,16.07,15.97,15.97,300
30,16.06,16.06,16.06,16.06,100
31,16.07,16.07,16.07,16.07,200
32,16.07,16.07,16,16.06,410
33,16.08,16.08,16.06,16.07,2700
34,16.1,16.1,16.1,16.1,100
35,16.11,16.17,16.06,16.1,1100
36,16.09,16.09,16.09,16.09,500
37,16.09,16.09,16.08,16.08,300
38,16.08,16.11,16.08,16.11,1300
39,16.02,16.09,15.98,16.05,14431
144,15.95,15.95,15.95,15.95,1173
146,16.15,16.16,15.76,16.16,400
147,16.1,16.16,16.1,16.15,400
148,15.98,16.15,15.9,16.15,1400
149,15.94,16.05,15.9,16.04,700
151,15.71,15.94,15.54,15.94,1100
152,15.62,15.635,15.6,15.62,4450
153,15.71,15.71,15.6,15.62,3221
154,15.64,15.7,15.64,15.69,700
155,15.64,15.66,15.63,15.63,960
156,15.58,15.68,15.58,15.68,1700
157,15.44,15.56,15.44,15.56,2200
158,15.49,15.49,15.48,15.48,400
159,15.33,15.44,15.3,15.44,3000
160,15.4069,15.41,15.3,15.32,2520
161,15.44,15.47,15.42,15.42,1900
162,15.54,15.54,15.45,15.45,1200
163,15.5,15.51,15.46,15.48,1200
164,15.5,15.52,15.45,15.52,700
165,15.51,15.51,15.42,15.42,1250
166,15.52,15.53,15.5,15.5,1800
167,15.51,15.55,15.51,15.52,1300
168,15.52,15.52,15.46,15.49,1100
169,15.48,15.51,15.47,15.51,1500
170,15.44,15.48,15.395,15.48,2500
171,15.43,15.46,15.43,15.43,1600
172,15.35,15.41,15.35,15.41,600
173,15.38,15.38,15.35,15.35,700
174,15.34,15.44,15.33,15.39,4042
175,15.4,15.4,15.35,15.37,1755
176,15.43,15.48,15.38,15.41,2358
177,15.48,15.51,15.48,15.49,1100
178,15.46,15.51,15.46,15.51,200
179,15.49,15.49,15.4,15.4,1000
180,15.48,15.5,15.45,15.49,2400
181,15.5,15.52,15.48,15.5,3919
182,15.53,15.54,15.49,15.51,5840
183,15.54,15.61,15.52,15.53,18399
288,15.49,15.49,15.49,15.49,460
289,15.39,15.5562,15.24,15.475,59281
290,15.49,15.52,15.3975,15.52,2300
291,15.53,15.53,15.455,15.455,600
292,15.62,15.7,15.56,15.56,5390
293,15.605,15.64,15.58,15.59,700
294,15.66,15.66,15.61,15.63,1200
295,15.71,15.71,15.6425,15.66,1400
296,15.71,15.72,15.71,15.719,400
297,15.76,15.77,15.64,15.76,3190
298,15.84,15.84,15.77,15.78,1300
299,15.76,15.84,15.76,15.84,7042
300,15.7601,15.81,15.76,15.76,300
301,15.76,15.82,15.76,15.81,2078
302,15.785,15.81,15.77,15.81,1627
303,15.8,15.8,15.76,15.785,300
304,15.8,15.8,15.76,15.76,300
305,15.82,15.82,15.76,15.77,11515
306,15.635,15.82,15.635,15.815,5409
307,15.72,15.72,15.55,15.55,1600
308,15.75,15.75,15.73,15.73,200
309,15.77,15.77,15.73,15.77,400
310,15.6,15.77,15.6,15.77,1920
311,15.59,15.59,15.55,15.5742,1665
312,15.655,15.655,15.56,15.61,1800
313,15.65,15.66,15.65,15.66,200
314,15.52,15.66,15.5,15.66,11751
315,15.5,15.57,15.5,15.56,1111
316,15.505,15.53,15.45,15.53,4000
317,15.5,15.53,15.36,15.53,12085
318,15.56,15.56,15.48,15.5,3200
319,15.5,15.57,15.485,15.57,9200
320,15.5,15.53,15.43,15.53,6200
321,15.47,15.54,15.43,15.49,9848
322,15.38,15.45,15.38,15.42,1600
323,15.21,15.43,15.21,15.39,8328
324,15.21,15.23,15.19,15.19,4590
325,15.17,15.22,15.17,15.2,1800
326,15.08,15.19,15.08,15.17,10600
327,15.08,15.11,15.01,15.08,15717
432,15.19,15.19,15.19,15.19,1077
433,14.7458,15.05,14.44,15.01,29032
434,14.8,14.865,14.67,14.73,10850
435,14.8,14.8,14.79,14.79,300
436,14.7643,14.83,14.7643,14.83,1027
437,14.71,14.8,14.71,14.79,4617
438,14.72,14.72,14.6909,14.6909,200
439,14.63,14.64,14.63,14.64,600
440,14.48,14.61,14.48,14.61,1400
441,14.54,14.54,14.49,14.5162,2145
443,14.76,14.76,14.64,14.64,3044
444,14.83,14.83,14.76,14.77,2300
445,14.94,15.08,14.93,15.08,600
446,15.06,15.06,14.97,14.97,800
447,15.12,15.12,15.06,15.06,900
448,15.18,15.18,15.17,15.18,400
449,15.155,15.18,15.155,15.17,500
450,15.09,15.18,15.09,15.18,1600
451,15.09,15.15,15.09,15.12,400
452,15.025,15.15,14.97,15.15,2132
453,14.985,15.06,14.94,15.021,5136
454,14.96,14.98,14.95,14.98,1834
455,14.96,14.97,14.955,14.97,1100
456,14.96,14.96,14.96,14.96,600
457,14.93,14.96,14.93,14.96,1477
458,14.95,14.95,14.95,14.95,100
459,14.95,14.95,14.925,14.95,500
460,14.95,14.95,14.95,14.95,400
461,14.95,14.95,14.92,14.95,1017
462,14.95,14.95,14.9301,14.95,800
463,14.93,14.95,14.92,14.95,900
464,14.85,14.95,14.83,14.9365,8686
465,14.8,14.89,14.8,14.85,1300
466,14.83,14.84,14.79,14.84,1004
467,14.73,14.81,14.71,14.81,3831
468,14.84,14.88,14.75,14.75,1800
469,14.82,14.83,14.82,14.83,1500
470,14.86,14.8999,14.79,14.79,5961
471,14.76,14.86,14.62,14.845,12355
864,14.78,14.78,14.78,14.78,1534
866,14.9077,14.96,14.645,14.93,3899
867,14.735,14.8,14.65,14.68,4055
868,14.65,14.715,14.57,14.68,2400
869,14.67,14.675,14.65,14.65,2851
870,14.65,14.695,14.65,14.67,12218
871,14.61,14.67,14.54,14.63,4787
872,14.72,14.72,14.67,14.675,4184
873,14.804,14.804,14.71,14.71,1023
874,14.86,14.94,14.83,14.83,3246
875,14.86,14.92,14.86,14.9,1323
876,14.9,14.9,14.86,14.86,700
877,14.791,14.91,14.79,14.9,1814
878,14.89,14.89,14.82,14.84,936
879,14.87,14.94,14.86,14.905,3300
880,14.87,14.87,14.85,14.865,800
881,14.8,14.84,14.79,14.84,1000
882,14.78,14.82,14.77,14.8,3140
883,14.77,14.771,14.75,14.771,3700
884,14.7,14.755,14.64,14.755,2500
885,14.73,14.73,14.66,14.7,700
886,14.77,14.77,14.71,14.74,1200
887,14.765,14.79,14.745,14.77,1400
888,14.78,14.78,14.75,14.78,1700
889,14.7,14.78,14.65,14.78,2200
890,14.72,14.72,14.68,14.69,4334
891,14.72,14.73,14.72,14.73,400
892,14.76,14.77,14.725,14.74,2200
893,14.7633,14.78,14.74,14.78,1000
894,14.75,14.78,14.735,14.77,15058
895,14.651,14.81,14.651,14.75,11424
896,14.76,14.76,14.72,14.722,882
897,14.74,14.78,14.73,14.78,1200
898,14.745,14.77,14.735,14.7501,4057
899,14.73,14.76,14.71,14.76,7423
900,14.715,14.77,14.7,14.72,4800
901,14.74,14.75,14.725,14.75,2024
902,14.725,14.74,14.71,14.72,5912
903,14.7,14.75,14.7,14.72,7558
a1497360600,14.7,14.7,14.7,14.7,916
1,14.7,14.72,14.7,14.7,1435
2,14.7,14.71,14.7,14.71,472
3,14.68,14.72,14.68,14.7,2198
8,14.8,14.82,14.8,14.82,500
9,14.94,14.95,14.87,14.87,1217
10,14.9003,14.95,14.89,14.95,1256
11,14.9,14.91,14.85,14.91,400
12,14.91,14.91,14.8575,14.88,2500
13,14.97,15,14.92,14.92,1100
14,14.91,14.99,14.91,14.975,5409
15,14.875,14.95,14.87,14.92,2100
16,14.85,14.89,14.8,14.86,3800
17,14.88,14.89,14.84,14.89,900
18,14.86,14.88,14.86,14.87,1000
19,14.96,14.96,14.8776,14.8776,5901
20,14.94,14.98,14.9,14.98,1600
21,14.91,14.97,14.91,14.95,500
22,14.93,14.93,14.76,14.89,3305
23,14.92,14.97,14.92,14.94,1592
24,14.89,14.93,14.89,14.93,400
25,14.94,14.94,14.89,14.89,2500
26,14.862,14.91,14.862,14.91,900
27,14.9,14.94,14.9,14.9,700
28,14.93,14.95,14.91,14.94,1400
29,14.95,14.95,14.9026,14.93,1637
30,14.895,14.97,14.89,14.97,8519
31,14.91,14.92,14.905,14.91,1700
32,14.77,14.92,14.73,14.92,4062
33,14.82,14.82,14.82,14.82,100
34,14.89,14.89,14.81,14.83,1500
35,14.91,14.91,14.88,14.9,925
36,14.85,14.91,14.83,14.91,2900
37,14.84,14.85,14.82,14.85,1000
38,14.81,14.82,14.81,14.82,900
39,14.77,14.86,14.75,14.83,22762
144,14.7,14.7,14.7,14.7,601
145,14.65,14.65,14.65,14.65,600
146,14.775,14.775,14.775,14.775,100
147,14.57,14.72,14.57,14.61,3513
148,14.575,14.58,14.5,14.58,1350
149,14.57,14.59,14.56,14.56,1162
150,14.63,14.65,14.57,14.57,400
151,14.48,14.61,14.48,14.61,2364
152,14.33,14.44,14.3,14.44,3641
153,14.38,14.38,14.34,14.35,718
154,14.36,14.42,14.35,14.38,3267
155,14.34,14.34,14.27,14.34,2005
156,14.32,14.39,14.32,14.36,2300
157,14.257,14.28,14.2568,14.28,2400
158,14.25,14.25,14.23,14.25,2000
159,14.13,14.24,14.07,14.23,3600
160,14.07,14.13,14.0501,14.1,3100
161,14.15,14.15,14.03,14.07,5826
162,14.14,14.19,14.13,14.15,3064
163,14.15,14.155,14.12,14.13,1800
164,14.13,14.13,14.1,14.1,433
165,14.065,14.14,14.04,14.14,2900
166,14.12,14.13,14.06,14.065,1200
167,14.01,14.12,14.01,14.12,1000
168,13.99,14.04,13.96,14.04,8128
169,13.97,14.03,13.81,13.96,6450
170,13.94,13.97,13.855,13.9376,7189
171,13.92,13.96,13.88,13.96,3985
172,14.02,14.08,13.8975,13.92,10354
173,14.04,14.0899,14.03,14.04,7899
174,13.95,14.01,13.94,14,2600
175,13.94,13.9811,13.93,13.95,3600
176,13.96,13.96,13.87,13.92,4456
177,13.98,13.9914,13.97,13.99,1645
178,14.02,14.02,13.95,13.99,4600
179,13.95,14.05,13.95,14.02,2906
180,13.97,13.981,13.92,13.96,4080
181,13.87,13.97,13.865,13.97,7700
182,13.85,13.8999,13.85,13.875,4850
183,13.91,13.97,13.78,13.86,30353
288,13.97,13.97,13.97,13.97,1820
289,14,14,13.85,13.85,1910
290,14,14.085,13.98,14.01,5800
291,14.005,14.02,13.96,13.96,2000
292,14,14.07,13.97,14.005,2260
293,14.32,14.32,14,14.03,3700
294,14.1099,14.34,14.1099,14.34,2154
295,14.19,14.19,14.04,14.075,3395
296,14.34,14.34,14.19,14.19,5500
297,14.34,14.38,14.26,14.36,4617
298,14.405,14.405,14.27,14.28,927
299,14.37,14.4,14.31,14.4,700
300,14.26,14.39,14.26,14.39,1200
301,14.3,14.36,14.3,14.35,900
302,14.29,14.35,14.29,14.29,2076
303,14.27,14.285,14.27,14.285,400
304,14.22,14.29,14.22,14.27,1438
305,14.22,14.22,14.22,14.22,100
306,14.22,14.22,14.18,14.21,700
307,14.24,14.24,14.17,14.17,900
308,14.25,14.26,14.24,14.24,400
309,14.08,14.24,14.08,14.24,1200
310,14.12,14.13,14.12,14.12,600
311,14.13,14.19,14.13,14.17,900
312,14.05,14.09,14.04,14.09,1000
313,14.14,14.14,14.09,14.09,700
314,14.025,14.16,14.025,14.16,800
315,14,14.02,13.96,14.02,4050
316,13.84,13.965,13.79,13.965,4662
317,13.85,13.85,13.82,13.845,400
318,13.79,13.84,13.73,13.84,1891
319,13.78,13.82,13.78,13.805,3531
320,13.76,13.79,13.74,13.79,1700
321,13.71,13.75,13.7,13.75,3200
322,13.71,13.72,13.57,13.71,6178
323,13.77,13.8,13.72,13.72,1422
324,13.79,13.82,13.79,13.8,1100
325,13.74,13.83,13.74,13.83,3241
326,13.72,13.76,13.72,13.74,2637
327,13.65,13.78,13.62,13.73,15630
433,13.65,13.79,13.41,13.79,10048
434,13.83,13.98,13.74,13.875,600
435,13.97,13.97,13.97,13.97,100
436,13.96,14.09,13.91,13.97,1813
437,13.84,13.9925,13.84,13.9925,3200
438,13.91,13.91,13.815,13.9,400
439,13.99,13.99,13.91,13.96,1050
440,13.93,14,13.91,13.93,938
441,14.01,14.01,13.99,13.99,400
442,13.98,13.98,13.77,13.98,6202
443,14.02,14.02,13.95,13.96,1400
444,13.98,14.03,13.98,14.02,1100
445,13.99,14.01,13.96,14.01,1300
446,14.01,14.03,13.97,14.02,1533
447,13.998,14.07,13.99,14.04,917
448,13.97,14.04,13.87,14.03,2964
449,14.04,14.05,13.95,13.95,1100
450,13.95,14.02,13.91,14.02,2500
451,14.02,14.03,14.01,14.01,400
452,13.94,14.02,13.94,14.02,1000
453,14.03,14.03,13.97,13.97,600
454,13.99,14.03,13.99,14.03,1569
455,14.02,14.03,13.99,13.99,1155
456,14.09,14.09,14.02,14.06,1400
457,14.07,14.08,14.04,14.08,1300
458,14.02,14.06,13.88,14.06,3361
459,14.07,14.07,14.01,14.03,1428
460,14.05,14.15,14,14.07,2330
461,14.08,14.08,14.02,14.03,700
462,14,14.08,13.97,14.02,1500
463,14.07,14.08,14.07,14.08,500
464,14.09,14.09,14.09,14.09,200
465,14.1,14.16,14.1,14.11,782
466,14.05,14.17,14.05,14.16,1200
467,14.11,14.12,13.98,14.12,1122
468,14.08,14.08,13.99,14.05,1500
469,14.16,14.16,14.12,14.12,400
470,14.12,14.15,14.08,14.13,6100
471,14.19,14.21,14.08,14.14,18809
864,14.13,14.13,14.13,14.13,2542
865,14.01,14.0738,14.01,14.0738,812
866,13.95,13.95,13.88,13.88,200
867,13.94,14.005,13.94,14.005,690
868,13.85,14,13.83,14,10300
869,13.88,13.88,13.87,13.87,200
870,13.77,13.85,13.77,13.85,1751
871,13.82,13.82,13.8,13.8,200
872,13.6932,13.78,13.6932,13.78,3227
873,13.73,13.76,13.72,13.76,4710
874,13.7858,13.79,13.72,13.75,1800
875,13.68,13.7599,13.65,13.72,7626
876,13.67,13.7,13.61,13.66,2366
877,13.6,13.67,13.6,13.67,1860
878,13.5852,13.59,13.55,13.59,1100
879,13.5736,13.5736,13.5736,13.5736,300
880,13.5466,13.5604,13.54,13.551,1944
882,13.51,13.5362,13.44,13.52,5226
883,13.493,13.5,13.49,13.49,650
884,13.52,13.52,13.4852,13.4852,406
885,13.4964,13.4964,13.4964,13.4964,866
886,13.5444,13.5444,13.51,13.52,923
889,13.507,13.507,13.507,13.507,100
890,13.5,13.5,13.5,13.5,400
891,13.51,13.56,13.51,13.56,200
892,13.53,13.56,13.5,13.5,3524
893,13.5,13.5205,13.5,13.5205,1100
894,13.5,13.5,13.5,13.5,2100
895,13.6,13.6,13.549,13.549,4025
897,13.6,13.6,13.585,13.59,500
898,13.66,13.66,13.5681,13.6,1800
899,13.7,13.7,13.67,13.67,600
900,13.7,13.73,13.648,13.665,4500
901,13.68,13.72,13.66,13.69,1791
902,13.68,13.77,13.65,13.69,4810
903,13.7,13.73,13.62,13.62,7222
a1497965400,13.5,13.52,13.5,13.5,23127
1,13.38,13.49,13.38,13.49,1300
2,13.3,13.39,13.3,13.36,5088
3,13.37,13.37,13.26,13.28,3434
4,13.44,13.44,13.36,13.37,9932
5,13.44,13.48,13.43,13.46,700
6,13.42,13.4881,13.34,13.47,4250
7,13.395,13.49,13.37,13.435,2900
8,13.3,13.38,13.29,13.35,5589
9,13.33,13.34,13.3,13.31,1504
10,13.41,13.4827,13.37,13.37,3666
11,13.39,13.4595,13.39,13.45,4700
12,13.3,13.355,13.3,13.34,1863
13,13.38,13.38,13.3,13.35,1300
14,13.48,13.48,13.38,13.4099,1450
15,13.45,13.48,13.41,13.48,4254
16,13.47,13.49,13.44,13.455,1681
17,13.54,13.55,13.49,13.52,2500
18,13.48,13.58,13.48,13.55,2100
19,13.45,13.47,13.45,13.47,600
20,13.515,13.52,13.45,13.49,3100
21,13.49,13.535,13.47,13.49,1400
22,13.53,13.57,13.5145,13.56,600
23,13.59,13.6,13.52,13.52,700
24,13.5,13.59,13.49,13.58,7674
25,13.46,13.5,13.45,13.49,1400
26,13.5,13.5,13.47,13.49,500
27,13.48,13.5,13.47,13.485,600
28,13.54,13.54,13.48,13.5,1900
29,13.5268,13.55,13.51,13.53,4400
30,13.63,13.64,13.52,13.54,4176
31,13.6,13.66,13.6,13.65,1100
32,13.57,13.595,13.57,13.5942,1400
33,13.555,13.61,13.53,13.61,1700
34,13.61,13.61,13.52,13.53,1700
35,13.63,13.63,13.59,13.61,1500
36,13.61,13.65,13.6,13.63,2500
37,13.59,13.64,13.59,13.64,3700
38,13.57,13.61,13.55,13.595,2296
39,13.57,13.62,13.55,13.59,8646
144,13.57,13.57,13.57,13.57,449
146,13.765,13.765,13.35,13.39,400
148,13.47,13.67,13.45,13.67,1000
149,13.66,13.66,13.48,13.576,1600
150,13.5,13.68,13.5,13.67,1300
151,13.36,13.64,13.36,13.63,1000
152,13.56,13.59,13.45,13.59,600
153,13.291,13.64,13.28,13.59,8417
154,13.32,13.39,13.2901,13.3696,5515
155,13.27,13.36,13.09,13.3452,8025
156,13.18,13.29,13.16,13.26,7954
157,13.13,13.25,13.07,13.17,3174
158,13.27,13.27,13.27,13.27,100
159,13.279,13.31,13.13,13.216,4200
160,12.83,13.29,12.8,13.2109,27639
161,13.015,13.04,12.86,12.877,24226
162,13.15,13.15,13.0659,13.0659,600
163,13.11,13.15,13.11,13.15,600
164,13.11,13.13,13.11,13.11,500
165,13.104,13.104,12.92,13.1036,4700
166,12.93,13.09,12.87,13.09,4704
167,12.78,12.93,12.77,12.93,5618
168,12.805,12.805,12.43,12.77,13238
169,12.83,12.8561,12.74,12.8,3000
170,12.9,12.9,12.82,12.85,5440
171,12.9315,12.955,12.92,12.94,2256
172,12.875,12.92,12.83,12.9199,1692
173,13.05,13.05,12.92,12.92,8600
174,13.09,13.09,13.05,13.05,300
175,13.21,13.22,13.08,13.08,2300
176,13.18,13.2,13.18,13.18,789
177,13.16,13.18,13.16,13.18,300
178,13.17,13.22,13.17,13.22,1750
179,13.17,13.21,13.17,13.21,600
180,13.2,13.21,13.18,13.18,500
181,13.14,13.2,13.14,13.15,1100
182,13.1141,13.12,13.01,13.09,3046
183,13.05,13.13,13.02,13.13,4964
288,13.05,13.05,13.05,13.05,591
289,12.9,13.09,12.9,13.05,1341
290,13.05,13.05,12.77,12.77,2200
291,13.12,13.12,13.1,13.1,200
292,13.2,13.2,13.15,13.16,1300
293,13.18,13.31,13.18,13.3,3463
294,13.31,13.31,13.25,13.25,1700
295,13.31,13.44,13.18,13.34,14800
296,13.57,13.59,13.45,13.48,17700
297,13.52,13.58,13.49,13.58,1719
298,13.35,13.41,13.35,13.4,6000
299,13.38,13.415,13.38,13.415,1100
300,13.38,13.3893,13.38,13.3893,1000
301,13.4,13.4392,13.37,13.37,1690
302,13.4,13.45,13.4,13.4,2100
303,13.61,13.61,13.44,13.44,2002
304,13.54,13.6,13.54,13.59,2600
305,13.5,13.565,13.5,13.5275,6100
306,13.5,13.52,13.5,13.5,1600
307,13.5,13.53,13.5,13.53,3400
308,13.52,13.54,13.5,13.5,1900
309,13.5,13.53,13.5,13.53,2700
310,13.49,13.51,13.49,13.5,1200
311,13.44,13.51,13.44,13.51,2291
312,13.45,13.47,13.43,13.4311,700
313,13.45,13.48,13.44,13.44,2250
314,13.45,13.47,13.45,13.46,2800
315,13.44,13.46,13.44,13.45,1200
316,13.5353,13.5353,13.45,13.46,7150
317,13.56,13.56,13.52,13.52,871
318,13.62,13.64,13.56,13.59,2685
319,13.64,13.66,13.624,13.66,1750
320,13.67,13.72,13.67,13.67,1995
321,13.72,13.78,13.72,13.73,4000
322,13.75,13.84,13.75,13.76,2201
323,13.6605,13.76,13.6605,13.75,2176
324,13.65,13.7,13.65,13.68,1000
325,13.67,13.72,13.65,13.69,2711
326,13.7,13.7,13.67,13.67,2645
327,13.66,13.84,13.62,13.72,6742
432,13.54,13.54,13.54,13.54,1793
433,13.3108,13.38,13.3,13.3,2000
436,13.541,13.74,13.541,13.66,2100
437,13.57,13.74,13.57,13.74,2185
438,13.63,13.69,13.52,13.61,1600
439,13.7,13.71,13.62,13.63,1200
440,13.68,13.74,13.68,13.7,1950
441,13.75,13.8,13.64,13.64,1100
442,13.75,13.79,13.75,13.78,1100
443,13.79,13.8,13.6811,13.73,1537
444,13.75,13.79,13.71,13.79,1000
445,13.78,13.8,13.72,13.77,1300
446,13.79,13.79,13.755,13.78,1000
447,13.8,13.8,13.76,13.79,3700
448,13.8,13.8,13.78,13.8,1800
449,13.79,13.8,13.76,13.8,1000
450,13.79,13.8,13.75,13.8,800
451,13.72,13.8,13.72,13.8,1544
452,13.71,13.73,13.71,13.73,300
453,13.7,13.72,13.67,13.68,1056
454,13.7,13.76,13.7,13.72,700
455,13.69,13.79,13.6,13.69,2407
456,13.67,13.67,13.55,13.63,2107
457,13.67,13.76,13.6212,13.6212,1900
458,13.6728,13.79,13.64,13.72,1200
459,13.695,13.79,13.655,13.74,2504
460,13.65,13.75,13.635,13.67,1900
461,13.73,13.74,13.67,13.67,700
462,13.75,13.79,13.631,13.76,1700
463,13.8,13.8,13.71,13.71,1000
464,13.8,13.8,13.75,13.75,525
465,13.775,13.8,13.76,13.8,1200
466,13.8,13.8,13.72,13.8,1600
467,13.78,13.8,13.78,13.8,1082
468,13.8,13.8,13.785,13.8,2000
469,13.75,13.8,13.75,13.8,2100
470,13.79,13.8,13.74,13.77,2350
471,13.78,13.8,13.74,13.8,7528
864,13.84,13.84,13.84,13.84,1412
865,13.64,13.84,13.64,13.84,417
866,13.84,13.97,13.74,13.79,2800
867,13.83,13.83,13.83,13.83,400
868,13.86,13.94,13.86,13.92,900
869,13.87,13.96,13.87,13.92,1100
870,13.86,13.94,13.86,13.91,1247
871,13.88,13.97,13.87,13.93,1018
872,13.99,13.99,13.94,13.94,900
873,14,14,13.98,13.99,500
874,14.03,14.03,13.99,13.99,700
875,14.04,14.04,13.96,14.03,600
876,14.1,14.1,14.06,14.06,400
877,14.13,14.13,14.09,14.09,800
878,14.14,14.14,14.13,14.13,500
879,14.07,14.17,14.07,14.14,1250
880,14.04,14.0996,14.04,14.0996,600
881,14.01,14.05,14,14,22661
882,14.04,14.05,14.03,14.05,400
883,14.07,14.07,13.985,14.07,400
884,14.06,14.06,14.03,14.04,400
885,14.02,14.04,14.0025,14.04,1910
886,14.06,14.06,14.06,14.06,100
887,14.08,14.1,14.08,14.1,300
888,14.08,14.08,14.04,14.04,500
889,14.03,14.09,14,14.01,1300
890,14.04,14.1,14.04,14.09,1000
891,14.09,14.09,14.09,14.09,100
892,14.16,14.16,14.04,14.09,5681
893,14.1,14.17,14.1,14.12,1039
894,14.09,14.09,14.09,14.09,100
895,14.13,14.15,14.09,14.12,2000
896,14.16,14.16,14.0751,14.11,600
897,14.26,14.26,14.17,14.17,3468
898,14.19,14.24,14.19,14.2,1960
899,14.21,14.25,14.17,14.18,4800
900,14.18,14.215,14.18,14.215,1500
901,14.16,14.23,14.16,14.21,1800
902,14.11,14.14,14.1036,14.13,1500
903,14.11,14.14,14.1,14.12,5053
a1498570200,14.25,14.25,14.25,14.25,2462
1,14.0935,14.25,14.0935,14.25,714
2,14.26,14.36,14.25,14.25,600
3,14.14,14.14,14.14,14.14,100
4,14.23,14.23,14.15,14.15,9775
5,14.3,14.3,14.23,14.239,2600
7,14.36,14.4,14.31,14.31,1600
8,14.44,14.44,14.3501,14.37,1962
9,14.47,14.65,14.39,14.42,4046
10,14.54,14.86,14.4,14.51,39380
11,14.6,14.79,14.58,14.61,8852
12,14.75,14.75,14.551,14.62,850
13,14.61,14.68,14.6,14.66,1716
14,14.63,14.6875,14.63,14.6875,1400
15,14.76,14.81,14.63,14.66,19543
16,14.73,14.79,14.72,14.76,2358
17,14.65,14.76,14.65,14.735,3500
18,14.52,14.63,14.5118,14.63,10739
19,14.62,14.62,14.506,14.55,11730
20,14.58,14.59,14.553,14.58,1900
21,14.52,14.52,14.52,14.52,400
22,14.59,14.61,14.57,14.57,471
23,14.52,14.54,14.5,14.54,700
24,14.435,14.45,14.41,14.45,1200
25,14.13,14.45,14.1122,14.43,3463
26,14.205,14.3,14.18,14.235,2260
27,14.11,14.205,14.1,14.2,2729
28,14.03,14.13,14,14.08,4100
29,14.02,14.3,14.02,14.03,5100
30,14.27,14.27,14,14.01,1200
31,14.35,14.36,14.35,14.36,200
32,14.31,14.31,14.21,14.3,3336
33,14.15,14.305,14.1,14.305,2100
34,14.21,14.23,14.1,14.1,2700
35,14.195,14.28,14.18,14.24,1200
36,14.17,14.21,14.14,14.19,2400
37,14.14,14.14,13.98,14.07,1800
38,14.04,14.15,14.04,14.15,1235
39,14.03,14.11,13.99,14,4086
144,14.02,14.02,14.02,14.02,1703
145,14.54,14.55,14.28,14.28,400
146,14.25,14.54,14.2368,14.275,900
147,14.22,14.35,14.11,14.35,1400
148,14.385,14.385,14.22,14.22,1600
149,14.35,14.42,14.34,14.355,800
150,14.14,14.36,14.14,14.36,2734
151,14.39,14.39,14.12,14.13,1473
152,14.385,14.435,14.27,14.35,4300
153,14.4,14.47,14.37,14.385,5883
154,14.43,14.455,14.395,14.4,8733
155,14.41,14.46,14.41,14.45,1000
156,14.5,14.5,14.41,14.41,300
157,14.46,14.46,14.395,14.46,1700
158,14.38,14.51,14.38,14.45,3500
159,14.4,14.45,14.38,14.4,5735
160,14.45,14.45,14.44,14.44,1100
161,14.45,14.45,14.45,14.45,400
162,14.45,14.45,14.45,14.45,800
163,14.465,14.49,14.4168,14.4168,700
164,14.4,14.51,14.4,14.5,1600
165,14.46,14.46,14.45,14.45,200
166,14.49,14.49,14.4,14.49,5100
167,14.4,14.48,14.4,14.45,1318
168,14.41,14.48,14.405,14.45,1412
169,14.49,14.49,14.4,14.45,5798
170,14.45,14.5245,14.45,14.5,2600
171,14.4,14.488,14.4,14.475,1600
172,14.45,14.45,14.44,14.44,300
173,14.44,14.47,14.44,14.45,600
174,14.43,14.45,14.42,14.44,900
175,14.44,14.44,14.43,14.44,700
176,14.46,14.49,14.35,14.475,3600
177,14.4571,14.4571,14.4571,14.4571,350
178,14.34,14.45,14.34,14.45,2100
179,14.4,14.4,14.35,14.39,600
180,14.41,14.47,14.41,14.47,2100
181,14.39,14.41,14.36,14.41,1533
182,14.47,14.47,14.37,14.4,4865
183,14.45,14.48,14.4,14.45,9164
288,14.42,14.42,14.42,14.42,2216
289,14.65,14.65,14,14,600
290,14.6,14.67,14.6,14.67,600
291,14.56,14.65,14.5,14.65,5000
292,14.5,14.51,14.5,14.51,500
293,14.505,14.505,14.5,14.5,1900
294,14.55,14.585,14.48,14.52,9285
295,14.68,14.68,14.54,14.55,800
296,14.7,14.7,14.63,14.66,1642
297,14.78,14.82,14.73,14.73,5200
298,14.84,14.84,14.7701,14.79,1735
299,14.89,14.89,14.8328,14.84,1538
300,14.78,14.83,14.74,14.83,1000
301,14.72,14.74,14.7,14.74,1600
302,14.73,14.73,14.67,14.67,400
303,14.75,14.75,14.68,14.71,400
304,14.81,14.81,14.7,14.7,1000
305,14.7,14.75,14.6849,14.75,1231
306,14.7,14.75,14.69,14.72,1100
307,14.68,14.7,14.65,14.7,600
308,14.61,14.74,14.6,14.68,5995
309,14.67,14.67,14.63,14.63,200
310,14.7,14.75,14.69,14.69,1600
311,14.67,14.67,14.63,14.63,200
312,14.65,14.69,14.64,14.68,1418
313,14.65,14.66,14.65,14.66,500
314,14.65,14.68,14.582,14.68,1500
315,14.71,14.71,14.63,14.65,800
316,14.65,14.81,14.65,14.75,9000
317,14.62,14.65,14.58,14.65,4100
318,14.64,14.64,14.59,14.63,3340
319,14.61,14.61,14.59,14.61,1400
320,14.59,14.65,14.52,14.62,3100
321,14.56,14.58,14.56,14.58,864
322,14.57,14.57,14.5318,14.54,2197
323,14.62,14.65,14.53,14.555,16256
324,14.71,14.76,14.65,14.65,1303
325,14.78,14.85,14.78,14.78,1200
326,14.72,14.75,14.72,14.75,1900
327,14.68,14.73,14.628,14.71,6321
432,14.82,14.82,14.82,14.82,1242
433,14.575,14.82,14.575,14.82,833
437,14.82,14.85,14.73,14.73,600
438,14.74,14.87,14.69,14.78,7252
439,14.66,14.68,14.63,14.66,560
440,14.73,14.73,14.64,14.64,400
441,14.83,14.83,14.6435,14.75,3852
442,14.77,14.8,14.77,14.8,1183
443,14.79,14.79,14.79,14.79,100
444,14.85,14.85,14.73,14.73,605
445,14.85,14.85,14.8128,14.8128,893
446,14.87,14.87,14.78,14.84,1100
447,14.8101,14.88,14.8022,14.8022,2703
448,14.88,14.88,14.83,14.87,1281
450,14.89,14.9,14.7001,14.7821,1871
453,14.77,14.81,14.68,14.73,500
454,14.78,14.78,14.78,14.78,100
455,14.75,14.75,14.75,14.75,100
456,14.85,14.8781,14.6801,14.8184,2500
457,14.85,14.87,14.76,14.87,800
458,14.7299,14.8386,14.7299,14.77,789
459,14.86,14.86,14.8587,14.8587,437
460,14.7301,14.86,14.7301,14.86,500
461,14.7031,14.76,14.7031,14.76,365
463,14.74,14.78,14.74,14.78,607
464,14.65,14.71,14.65,14.71,1001
465,14.75,14.79,14.69,14.69,3814
466,14.68,14.84,14.68,14.75,5510
467,14.65,14.66,14.65,14.66,200
468,14.78,14.78,14.71,14.71,3393
469,14.7472,14.83,14.71,14.79,11300
470,14.84,14.87,14.74,14.74,5854
471,14.91,14.92,14.79,14.79,13514
864,15,15,15,15,631
866,14.86,14.86,14.86,14.86,100
867,14.9,14.9,14.88,14.88,500
868,14.9,14.9,14.74,14.74,500
869,15,15,14.81,14.81,800
870,14.99,15.1,14.99,15.04,4215
871,15.04,15.04,14.87,14.89,700
872,15.14,15.14,14.91,14.92,2000
873,14.99,15.04,14.99,15.04,400
874,14.97,14.97,14.73,14.89,1650
875,14.94,15.02,14.92,14.98,4867
876,14.91,15.04,14.91,15.04,300
877,15,15.03,14.85,14.86,2200
878,14.93,15.1,14.89,14.89,600
879,14.94,15.04,14.93,14.93,300
880,14.99,14.99,14.99,14.99,300
881,14.915,14.915,14.9,14.9,200
882,14.98,14.98,14.94,14.94,528
884,15.01,15.0629,14.96,14.96,1995
885,15.04,15.04,14.94,15.001,5266
