EXCHANGE%3DNASDAQ
MARKET_OPEN_MINUTE=570
MARKET_CLOSE_MINUTE=960
INTERVAL=600
COLUMNS=DATE,CLOSE,HIGH,LOW,OPEN,VOLUME
DATA=
TIMEZONE_OFFSET=-240
a1493040600,77.83,77.83,77.83,77.83,1788
1,77.655,78.24,77.1358,77.42,8246
2,76.86,77.675,76.76,77.55,4900
3,76.72,76.97,76.39,76.83,7789
4,76.6425,76.9,76.41,76.64,8229
5,76.68,76.98,76.57,76.57,7009
6,76.83,76.94,76.37,76.56,7200
7,76.88,77.37,76.69,76.81,8302
8,76.91,77.135,76.78,76.98,5049
9,76.91,77.05,76.65,76.96,1900
10,77.03,77.04,76.84,76.87,4635
11,77.39,77.39,76.85,76.85,5245
12,77.325,77.33,77.21,77.21,1500
13,77.11,77.33,76.93,77.21,5300
14,76.99,77.03,76.86,77.03,4300
15,77.09,77.2,76.85,77.11,10254
16,77.32,77.41,76.93,77.09,4608
17,77.495,77.6,77.23,77.27,2321
18,77.6488,77.97,77.45,77.59,8789
19,77.705,77.88,77.635,77.71,3900
20,77.7301,77.89,77.67,77.77,2200
21,78.05,78.15,77.73,77.86,25400
22,78.045,78.14,77.95,78,6008
23,78.4,78.7999,77.96,78.05,12808
24,78.7,78.7,78.33,78.64,6500
25,78.71,78.92,78.664,78.7,1666
26,78.355,78.79,78.25,78.66,16600
27,78.325,78.37,78.22,78.37,14000
28,77.97,78.21,77.96,78.21,5496
29,77.92,78.05,77.84,77.97,11657
30,77.74,78.08,77.58,77.975,12231
31,77.86,78.41,77.64,77.735,8293
32,77.97,78.06,77.65,77.84,8395
33,78.4,78.4,77.76,77.76,6300
34,78.415,78.68,78.21,78.305,16699
35,78.5,78.5,78.31,78.41,8700
36,78.79,78.83,78.425,78.425,3930
37,79.35,79.35,78.66,78.77,14429
38,79.22,79.37,78.72,79.35,16393
39,79.18,79.42,78.88,79.33,39923
144,79.63,79.63,79.63,79.63,1163
145,81.43,82.06,79.37,79.45,32691
146,80.9999,81.96,80.71,81.05,29122
147,80.2,81.35,79.75,81,19466
148,80.61,81.2,80.21,80.4,11901
149,81.16,81.16,80.78,80.81,500
150,80.89,81.3,80.84,81.17,13600
151,81.82,81.84,80.58,80.995,30053
152,82.14,82.48,81.06,81.8,43416
153,82.12,82.48,81.87,82.13,32617
154,81.825,82.21,81.5,82.175,33846
155,81.3,82,81.07,81.83,16731
156,80.46,81.535,80.2917,81.37,24170
157,79.66,80.499,79.57,80.28,3900
158,79.76,80.235,79.43,79.47,7801
159,79.92,80.245,79.45,79.57,10968
160,80,80.205,79.83,80.065,12310
161,80.74,80.88,79.99,80,38092
162,80.575,80.84,80.4,80.72,14070
163,80.605,80.65,80.09,80.43,13100
164,80.41,80.52,79.45,80.285,27848
165,80.1,80.47,80.1,80.41,3047
166,79.86,80.23,79.6462,80.175,7440
167,79.81,80.1,79.22,79.22,7234
168,79.6,80,79.45,79.83,142719
169,79.23,79.765,79.23,79.765,2200
170,78.5,79.28,77.761,79.2,14680
171,78.645,78.92,78.2993,78.2993,4450
172,78.61,78.92,78.51,78.63,4938
173,78.75,78.86,78.56,78.77,2200
174,78.72,78.81,78.59,78.8,3555
175,78.78,78.83,78.66,78.72,1700
176,78.6,78.81,78.6,78.78,2400
177,78.49,78.55,78.12,78.12,1700
178,78.85,78.85,78.42,78.42,2600
179,78.77,78.9,78.7,78.9,3264
180,78.685,78.81,78.63,78.72,5701
181,78.89,78.89,78.715,78.76,17829
182,78.88,79,78.61,78.85,20743
183,78.74,79.08,78.59,78.88,57912
288,78.95,78.95,78.95,78.95,570
289,77.79,79.24,77.79,79.155,5171
290,77.91,78.99,77.79,77.79,16436
291,79.1,79.35,78.25,78.25,27700
292,79.01,79.37,78.67,79.13,21366
293,79.515,79.56,78.97,79.17,12859
294,79.53,80.67,79.33,79.52,32763
295,79.4997,79.77,79.33,79.42,27475
296,78.36,79.5,78.125,79.5,11218
297,79,79,78.32,78.55,32178
298,78.55,79,78.35,78.95,5418
299,78.58,78.64,78.37,78.37,1646
300,78.445,78.8007,78.21,78.36,4687
301,78.74,78.74,78.55,78.55,300
302,78.55,78.55,78.21,78.46,3652
303,78.41,78.56,78.41,78.56,700
304,78.75,78.75,78.35,78.38,2400
305,78.73,78.75,78.63,78.75,1700
306,79.185,79.205,78.69,78.7,4670
307,78.75,79.04,78.725,79.04,1400
308,79.03,79.03,78.62,78.78,4289
309,79.08,79.24,78.87,78.87,1050
310,78.95,79.14,78.94,79.11,1100
311,78.92,79.16,78.92,78.92,1400
312,78.73,78.78,78.64,78.75,2922
313,78.75,78.78,78.57,78.75,2732
314,78.73,78.975,78.72,78.72,2957
315,78.75,79.06,78.6,78.76,2300
316,78.37,78.74,78.35,78.65,2100
317,78.665,78.815,78.36,78.37,7058
318,78.11,78.645,78.11,78.55,2600
319,77.9799,78.33,77.835,78.11,4007
320,78.155,78.285,77.69,77.69,13088
321,77.36,78.175,77.36,78.145,9716
322,78.09,78.11,77.1536,77.22,5256
323,78.24,78.24,77.87,78.105,5800
324,78,78.22,77.91,78.2,5544
325,77.95,78.14,77.9,78.09,11591
326,77.68,77.875,77.29,77.875,10543
327,77.13,77.64,76.98,77.586,37399
432,77.38,77.38,77.38,77.38,1157
433,77.3,77.86,76.72,76.72,11600
434,77.76,77.76,77.5,77.5,2048
435,77.76,78.11,77.72,77.72,2472
436,78.24,78.24,77.4075,77.795,2602
437,78.9,78.9,78.201,78.4188,3930
438,79,79.47,78.83,78.9,3550
439,78.61,78.97,78.52,78.97,2500
440,78.57,78.83,78.19,78.57,2558
441,78.09,78.83,77.76,78.83,9081
442,77.9452,78.25,77.88,78.06,6708
443,78.3,78.61,77.92,78.01,7011
444,78.9,78.9,78.32,78.32,9600
445,78.65,78.9,78.65,78.8,3559
446,78.79,78.8,78.65,78.65,6566
447,79,79.435,78.79,78.79,5881
448,78.8323,79.08,78.73,79.065,1200
449,79.025,79.11,78.84,78.92,2181
450,79.18,79.4,78.96,78.96,3183
451,79.11,79.21,79.07,79.21,1196
452,79.25,79.25,79,79.11,1592
453,79.45,79.45,79.2,79.24,800
454,79.255,79.53,79.08,79.5,5901
455,78.95,79.26,78.83,79.2275,900
456,78.995,79.13,78.85,78.98,3809
457,78.88,79.045,78.88,79.04,2500
458,78.845,78.92,78.82,78.82,1225
459,78.65,78.77,78.65,78.77,1700
460,78.7138,78.7138,78.65,78.68,2500
461,78.55,78.7,78.01,78.7,7211
462,78.35,78.44,78.19,78.44,1200
463,78.92,78.92,78.33,78.34,3300
464,78.6625,79.12,78.6,78.92,10166
465,78.89,78.91,78.66,78.69,6060
466,78.67,78.95,78.65,78.85,6100
467,78.74,78.78,78.6,78.665,5900
468,79.03,79.34,78.69,78.7,6000
469,78.73,79.11,78.69,79.03,5827
470,78.5,78.595,78.32,78.55,3500
471,78.76,78.91,78.47,78.71,70983
576,78.9,78.9,78.9,78.9,778
577,78.94,78.94,78.77,78.77,200
578,78.96,79.43,78.76,79.04,1320
579,78.53,79.08,78.34,78.97,1850
580,78.96,79,78.77,78.79,1400
581,79.14,79.35,78.95,79,1000
582,79.3,79.31,79.13,79.14,2432
583,79.5,79.5,79.275,79.2758,2000
584,79.6,79.86,79.4,79.5,4684
585,79.85,79.85,79.44,79.44,840
586,79.875,80.27,79.75,79.75,4517
587,80.04,80.15,79.81,79.885,5500
588,80.125,80.125,79.94,80.06,1050
589,79.97,80.07,79.77,79.92,3400
590,79.98,79.98,79.79,79.865,2828
591,80.2311,80.28,79.98,79.98,6451
592,80.34,80.43,80.18,80.225,15036
593,79.985,80.5295,79.985,80.38,8403
594,79.94,80.2,79.83,79.98,3300
595,79.99,80.11,79.89,79.89,2200
596,80.055,80.16,79.99,80.1,1177
597,80.17,80.17,80.17,80.17,100
598,80.135,80.2,80.13,80.2,1300
599,80.13,80.17,80.13,80.135,1200
600,80.32,80.325,80.06,80.125,9675
601,80.49,80.49,80.22,80.2537,1800
602,80.23,80.36,80.115,80.35,9400
603,80.2,80.2,80.04,80.115,6678
604,80.24,80.3,80.14,80.16,4900
605,80.3,80.3,80.1,80.16,7274
606,80.27,80.27,80.155,80.155,700
607,80.2,80.3,80.2,80.2747,700
608,80.26,80.2999,80.14,80.2999,12500
609,80.65,80.74,80.205,80.205,9636
610,80.2801,80.5,80.28,80.485,1450
611,80.49,80.5,80.32,80.445,3500
612,80.63,80.63,80.46,80.555,2626
613,80.82,80.82,80.58,80.62,9200
614,80.65,80.9,80.49,80.71,6628
615,80.5,80.69,80.3,80.565,34904
a1493645400,80.68,80.68,80.68,80.68,504
1,80.56,81.6244,80.19,80.932,5730
2,81.11,81.19,80.6,80.67,11700
3,81.17,81.51,80.95,81.1,28764
4,81.06,81.25,81.01,81.05,6344
5,81.065,81.3,80.74,81.04,15868
6,81.2,81.25,80.99,81.11,11100
7,81.5,82.0969,81.13,81.2,30688
8,80.975,81.59,80.8,81.5,17350
9,81.39,81.39,80.0285,80.89,14747
10,80.665,81.17,80.548,81.01,7873
11,80.33,81.105,80.33,80.75,4550
12,80.44,80.785,80.39,80.46,1900
13,80.76,80.88,80.5,80.5,7300
14,80.95,81.11,80.74,80.83,1500
15,81.48,81.48,80.905,80.905,1861
16,81.4,81.54,81.375,81.54,1000
17,81.345,81.47,81.201,81.425,3900
18,81.36,81.48,81.24,81.34,1100
19,81.65,81.73,81.3,81.32,5479
20,81.155,81.541,81.07,81.54,2400
21,81.4009,81.81,80.955,81.15,6245
22,81.4,81.48,81.324,81.42,1000
23,81.76,81.94,81.392,81.392,7400
24,81.87,81.87,81.71,81.87,1400
25,82,82.3,81.81,81.91,5759
26,82,82,81.91,81.98,3161
27,81.92,82,81.76,82,3900
28,81.77,81.98,81.77,81.98,1800
29,81.5,81.76,81.5,81.76,1400
30,81.38,81.58,81.285,81.52,2600
31,81.3,81.39,81.23,81.305,1400
32,81.555,81.61,81.256,81.3299,5700
33,81.65,81.65,81.479,81.479,800
34,81.93,82,81.52,81.52,4200
35,81.97,82.01,81.89,81.93,7800
36,82.04,82.12,81.92,81.95,6900
37,82.19,82.46,81.96,82.02,15132
38,82.35,82.43,82.02,82.18,10886
39,82.36,82.67,82.215,82.26,48116
144,83.09,83.09,83.09,83.09,2214
145,81.98,82.795,81.98,82.66,3820
146,81.35,82.5866,81.35,81.93,2598
147,81.72,81.72,81.16,81.35,7500
148,81.385,81.79,81.09,81.68,5789
149,80.62,81.3,80.52,81.25,12218
150,80.855,81.13,80.58,80.58,4800
151,81.26,81.7,80.94,80.94,6902
152,81.67,81.7,81.2,81.2,3195
153,81.61,81.67,81.26,81.5,5089
154,81.565,81.7,81.48,81.625,12804
155,81.45,81.61,81.195,81.57,3300
156,81.565,81.575,81.31,81.45,6099
157,82.04,82.04,81.53,81.56,15114
158,82.005,82.005,81.7,81.86,6154
159,82.27,82.3,82.01,82.01,8979
160,82,82.29,81.78,82.15,10108
161,81.59,81.92,81.53,81.92,6500
162,81.7,81.76,81.57,81.631,4955
163,81.475,81.76,81.36,81.67,5400
164,81.53,81.76,81.53,81.54,2600
165,81.68,81.72,81.5,81.59,2200
166,81.63,81.77,81.6,81.6,400
167,81.88,82.12,81.76,81.76,6497
168,81.58,81.86,81.46,81.86,2796
169,81.4601,81.475,81.15,81.37,3392
170,81.225,81.47,81.225,81.43,4100
171,81.16,81.25,80.89,81.25,3606
172,81.21,81.3,81.12,81.17,4300
173,80.94,81.28,80.831,81.15,4100
174,81.72,81.72,81,81.01,2700
175,81.7,81.74,81.49,81.53,2650
176,81.655,81.965,81.61,81.62,2785
177,81.48,81.65,81.33,81.56,2729
178,81.02,81.47,80.981,81.46,4701
179,80.98,81.44,80.93,81,6200
180,80.65,81.05,80.38,80.98,6827
181,81.19,81.83,80.29,80.585,26271
182,81.21,81.39,80.81,81,41173
183,81.41,81.52,81.11,81.14,41664
288,81.35,81.35,81.35,81.35,517
289,80.46,80.745,80.46,80.745,1200
290,80.84,80.88,80.33,80.54,1100
291,80.685,80.685,80.45,80.45,200
292,80.34,80.774,80.34,80.774,700
293,80.21,80.54,80.21,80.54,400
294,80,80.21,79.55,80.21,4570
295,79.76,79.76,79.76,79.76,300
296,79.77,79.905,79.66,79.791,3678
297,79.82,80.2,79.73,79.78,5326
298,79.99,80.05,79.85,79.855,3380
299,80.09,80.35,80,80.07,2900
300,80.21,80.21,80.07,80.17,1100
301,79.9,80.1,79.9,80.07,2701
302,79.75,80,79.63,79.9,8433
303,79.77,80,79.72,79.72,15151
304,79.6,79.66,79.5,79.52,2000
305,80.3,80.3,79.5,79.6,3000
306,79.55,79.66,79.55,79.55,800
307,79.62,79.62,79.555,79.62,2004
308,79.69,79.73,79.52,79.55,1500
309,79.799,79.799,79.73,79.73,400
310,79.885,79.95,79.71,79.71,2030
311,79.94,79.99,79.89,79.9625,600
312,79.9373,79.9373,79.88,79.88,575
313,80,80,79.9,79.967,1240
314,79.82,79.99,79.82,79.86,1600
315,79.76,79.815,79.76,79.78,900
316,80,80,79.86,79.86,1800
317,79.65,80,79.65,80,4049
318,79.55,79.71,79.5,79.68,16492
319,79.27,79.51,79.15,79.51,5751
320,79.13,79.325,79,79.22,3000
321,79.17,79.34,79.17,79.31,3996
322,79.17,79.27,79.04,79.27,1500
323,79.75,79.89,79.14,79.15,3567
324,79.83,80.01,79.79,79.86,2740
325,79.84,80,79.8,79.8,2765
326,79.56,79.82,79.5,79.82,4902
327,79.68,79.795,79.56,79.69,17413
432,79.93,79.93,79.93,79.93,1027
433,80.025,80.5,79.92,80.43,1500
434,79,79.635,78.64,79.61,10506
435,79.25,79.65,78.64,79,6179
436,79.75,79.75,79.25,79.25,5622
437,79.25,79.75,79.25,79.61,3300
438,78.88,79.305,78.88,79.2,2600
439,78.73,79.06,78.01,78.97,51350
440,79.32,79.32,78.68,78.82,1540
441,79.41,79.6999,79.41,79.54,5100
442,79.71,79.71,79.31,79.41,5675
443,79.96,80.25,79.6,79.6,6077
444,80.05,80.09,79.94,80.08,1700
445,80.255,80.34,80.055,80.11,10272
446,80.17,80.43,79.98,80.275,8000
447,79.89,80.305,79.89,80,6171
448,79.49,79.89,79.49,79.89,2118
449,79.29,79.53,79.29,79.53,1700
450,79.19,79.23,78.99,79.23,4101
451,79.11,79.26,79.1025,79.26,2500
452,79.76,79.76,79.13,79.17,3500
453,79.89,79.89,79.675,79.76,2000
454,79.75,79.97,79.75,79.75,4000
455,79.68,79.69,79.68,79.69,200
456,79.31,79.6,79.28,79.6,2922
457,79.18,79.315,79.18,79.315,900
458,79.43,79.53,79.18,79.26,4200
459,79.46,79.46,79.44,79.44,300
460,79.86,80.14,79.46,79.46,5933
461,79.87,80.35,79.87,79.89,2700
462,79.9,80.15,79.87,79.92,4400
463,79.86,79.96,79.82,79.9,1100
464,79.91,80.05,79.85,79.95,3100
465,79.91,80.1,79.91,80.05,3898
466,80.11,80.11,79.94,80,1200
467,79.75,80.07,79.75,80.07,5146
468,79.67,79.85,79.62,79.6501,5932
469,79.97,79.97,79.36,79.59,5200
470,80,80,79.82,79.97,6386
471,79.85,80.17,79.83,79.95,22800
576,79.86,79.86,79.86,79.86,382
577,79.52,80.3,79.49,80.04,1300
578,79.09,79.9,79,79.08,5900
579,79.08,79.47,79.08,79.15,400
580,79.16,79.57,79.16,79.46,6157
581,79.19,79.36,79.13,79.34,7400
582,78.89,79.18,78.75,78.79,5275
583,79.5,79.6,79.02,79.16,4500
584,79.11,79.71,78.935,79.5,11300
585,79.28,79.51,79.13,79.13,3125
586,79.585,79.69,79.32,79.32,6200
587,79.9,79.93,79.5,79.5,6900
588,79.59,80,79.59,79.9,11093
589,79.8,79.91,79.55,79.59,5408
590,79.79,79.96,79.74,79.9,3500
591,79.86,80,79.8,80,2960
592,79.525,79.95,79.4,79.95,4903
593,79.51,79.58,79.43,79.505,3600
594,79.76,79.76,79.43,79.46,2924
595,79.705,79.79,79.67,79.76,3922
596,79.82,79.93,79.67,79.73,4599
597,79.88,80.225,79.76,79.86,11913
598,79.88,79.98,79.77,79.875,2800
599,80.2,80.2,79.91,79.91,10156
600,80.59,80.79,80.085,80.09,21100
601,80.68,81.465,80.58,80.76,56044
602,80.225,80.84,80.02,80.66,6639
603,80.3,80.8532,80.15,80.31,7350
604,80.35,80.56,80.3,80.3,19901
605,80.34,80.64,80.3,80.405,12946
606,80.62,80.62,80,80.145,3100
607,80.15,80.7,79.885,80.27,14887
608,80.43,80.43,80.09,80.14,1600
609,80.46,80.72,80.46,80.6,35328
610,80.3,80.41,80.2,80.41,2402
611,80.34,80.5,80.22,80.375,3800
612,80.26,80.66,80.26,80.56,8000
613,80.445,80.57,79.96,80.345,7990
614,80.49,80.87,80.32,80.505,8716
615,80.26,80.64,80.15,80.48,40892
a1494250200,79.95,79.95,79.95,79.95,909
1,79.88,80.95,79.48,79.55,3500
2,80.195,80.64,80,80.64,2600
3,78.18,80.18,78.18,80.18,21809
4,79.0403,79.39,77.98,77.98,12720
5,77.9,79.205,77.5667,79.05,4976
6,77.79,78.005,77.1,77.94,8824
7,77.85,78.04,77.23,77.8,10893
8,77.79,78.11,77.66,77.89,8423
9,77.4,77.71,77.295,77.71,14069
10,76.32,77.315,76.02,77.315,10848
11,75.69,76.185,75.28,76.185,5858
12,75.085,75.805,75.085,75.805,6026
13,75.28,75.465,75.01,75.085,9500
14,75.355,75.45,75.27,75.27,4200
15,75.615,75.75,75.31,75.31,7300
16,76.11,76.31,75.53,75.53,1600
17,76.4,76.53,76.09,76.09,2700
18,76.52,76.71,76.4,76.43,9600
19,77.24,77.37,76.4943,76.589,4202
20,77.43,77.43,76.99,77.17,4300
21,77.28,77.515,77.12,77.38,3900
22,77.32,77.72,77.07,77.15,4604
23,77.4,77.41,77.25,77.365,2800
24,77.38,77.54,77.29,77.39,3400
25,77.61,77.76,77.23,77.3,4300
26,77.68,77.7,77.54,77.7,930
27,77.76,77.76,77.59,77.59,2500
28,77.67,77.69,77.52,77.6,3700
29,77.43,77.66,77.43,77.64,4300
30,77.69,77.69,77.49,77.505,6300
31,77.99,78,77.66,77.66,4000
32,77.94,78.2,77.79,78.19,4600
33,77.895,78.22,77.82,78.07,4700
34,77.745,77.87,77.67,77.79,2400
35,78,78,77.74,77.83,1900
36,77.25,78.0199,77.05,78.01,14622
37,77.49,77.49,77.28,77.34,5028
38,77.03,77.465,76.93,77.46,11354
39,77.16,77.6,77,77,35199
144,77.07,77.07,77.07,77.07,1073
145,76.98,77.06,76.95,77.06,600
146,77.275,77.79,76.68,76.75,3300
147,77.09,77.22,77.08,77.22,800
148,78.41,78.41,77.2,77.445,3193
149,77.73,78.33,77.73,78.33,6545
150,77.18,78.025,77.06,77.77,8200
151,77.23,77.7,77.1194,77.1194,5200
152,77.13,77.166,76.7,77.166,5300
153,76.715,77.13,76.715,77.11,3800
154,77.1,77.1,76.64,76.64,2130
155,76.72,77.02,76.65,77.02,2400
156,76.87,76.87,76.52,76.66,2000
157,76.87,76.95,76.72,76.88,3800
158,77.44,77.44,76.74,76.74,3100
159,77.36,77.51,77.17,77.17,11850
160,76.841,77.4277,76.79,77.25,5406
161,77.275,77.34,76.15,76.87,5999
162,77.32,77.32,77.22,77.24,700
163,77.115,77.29,77.11,77.2278,1000
164,77.09,77.095,77,77.02,800
165,77.62,78.3,77.16,77.16,15149
166,77.46,77.695,77.4,77.63,2311
167,77.195,77.42,77.04,77.4,3000
168,77.3,77.35,77.135,77.135,3605
169,77.17,77.17,77.09,77.135,700
170,77.1,77.16,77.01,77.04,4006
171,77.11,77.32,77.095,77.095,9545
172,77.25,77.27,77.11,77.17,14180
173,77.24,77.27,77.15,77.24,7800
174,77.13,77.33,77.04,77.285,6063
175,77.17,77.17,77.03,77.0725,2100
176,77.06,77.15,77.02,77.04,11800
177,77.22,77.22,77.05,77.055,5400
178,77.21,77.27,77.07,77.215,13700
179,77.47,77.62,77.14,77.215,21000
180,77.535,77.61,77.37,77.46,7381
181,77.36,77.57,77.3,77.57,7700
182,77.54,77.55,77.36,77.42,15675
183,77.58,77.66,77.39,77.535,35695
288,77.55,77.55,77.55,77.55,471
289,77.48,77.48,76.72,76.72,400
290,76.88,77.33,76.78,77.07,3100
291,76.62,76.62,76.34,76.57,500
292,76.52,76.656,76.1,76.45,1250
293,76.952,77,76.54,76.54,2400
294,76.604,76.99,76.13,76.99,4700
295,76.59,76.69,76.19,76.415,6058
296,76.85,76.87,76.54,76.54,2900
297,76.79,76.9899,76.555,76.72,6157
298,76.82,76.94,76.75,76.755,1500
299,76.88,76.9,76.74,76.89,2900
300,77.44,77.44,76.89,76.92,6832
301,77.16,77.37,76.94,77.37,4596
302,76.9075,77.16,76.85,77.01,4044
303,76.94,76.94,76.79,76.859,1600
304,76.76,76.957,76.73,76.957,900
305,76.94,77.09,76.805,76.805,3500
306,77.485,77.49,77.06,77.06,4300
307,77.17,77.355,77.15,77.23,1936
308,77.23,77.2799,77.17,77.24,1300
309,77.315,77.315,77.18,77.28,1700
310,77.49,77.49,77.37,77.37,500
311,77.815,77.815,77.325,77.4999,3300
312,77.565,77.565,77.565,77.565,100
313,77.64,77.76,77.43,77.76,1600
314,77.705,77.8,77.6,77.6499,2200
315,77.86,78.18,77.695,77.695,4200
316,77.64,77.925,77.44,77.925,1969
317,77.67,77.67,77.55,77.61,1500
318,77.52,77.75,77.52,77.54,500
319,77.549,77.58,77.17,77.35,2582
320,77.6799,77.69,77.42,77.42,2800
321,77.84,77.84,77.46,77.52,4319
322,77.65,77.81,77.47,77.75,3057
323,77.85,77.85,77.48,77.65,3300
324,77.64,77.85,77.315,77.85,3500
325,77.06,77.63,77.06,77.53,2400
326,77.29,77.73,77.1,77.17,7700
327,77.3,77.5,77.07,77.1,21551
432,76.99,76.99,76.99,76.99,1083
433,76.58,77.78,76.58,77.225,4038
434,77.5,77.55,77.1,77.155,4200
435,77.585,77.71,77.44,77.49,9250
436,77.15,77.67,77.15,77.6,11513
437,76.7,77.35,76.7,77.33,2500
438,76.74,77.41,76.68,76.75,3000
439,77,77.41,76.75,76.77,2033
440,76.965,77,76.59,76.65,500
441,76.696,76.96,76.36,76.96,1827
442,76.66,76.9499,76.61,76.61,2609
443,77.01,77.01,76.46,76.66,2757
444,77.49,77.49,76.94,77.07,2417
445,77.12,77.49,77.05,77.47,3209
446,77.4195,77.46,77.13,77.22,3700
447,77.5,77.5,77.21,77.43,2100
448,77.53,77.84,77.27,77.51,2400
449,77.56,77.78,77.41,77.725,3289
450,77.88,77.9,77.56,77.56,2595
451,77.65,77.91,77.56,77.825,12876
452,77.6,77.86,77.51,77.63,1100
453,77.33,77.83,77.09,77.83,2200
454,77.54,77.7599,77.34,77.56,2900
455,77.79,78,77.55,77.7699,10698
456,77.69,77.79,77.37,77.71,6360
457,77.77,77.89,77.68,77.69,5200
458,77.82,77.85,77.61,77.61,4569
459,77.67,77.84,77.43,77.79,15900
460,77.55,77.88,77.55,77.68,8902
461,77.67,77.8,77.35,77.55,4450
462,77.43,77.75,77.42,77.75,11100
463,77.25,77.52,77.225,77.41,5100
464,76.9,77.33,76.9,77.22,4750
465,77.045,77.07,76.74,76.85,6400
466,76.7,77.02,76.7,76.89,7200
467,76.77,76.77,76.56,76.68,4485
468,76.76,76.8,76.61,76.78,2500
469,76.65,76.95,76.645,76.77,8364
470,76.36,76.67,76.34,76.61,14592
471,76.46,76.56,76.34,76.36,31453
576,74.55,74.55,74.55,74.55,2466
577,74.755,75.37,71.13,74.01,85562
578,76.17,76.69,74.435,74.46,27773
579,76.44,77.84,75.97,76.13,8770
580,76.14,77.56,74.01,77.12,50469
581,75.8002,76.2,75.52,76.07,1400
582,75.45,76.39,74.82,75.97,28353
583,75.515,75.81,74.1,75.42,14160
584,75.435,76.5,75.095,75.095,7370
585,75.1,76.11,74.09,75.53,8020
586,75.9575,75.9575,74.6,75,6735
587,75.18,75.96,74.73,75.94,7000
588,75.71,75.79,74.02,74.93,17578
589,74.7,75.94,74.085,75.4,9840
590,75.145,75.5999,74.26,74.53,7300
591,74.86,75.37,74.4,75.13,7600
592,74.1,74.75,74.085,74.7,9200
593,74,74.45,73.82,74.1,7600
594,74.45,74.45,73.7,73.7,5780
595,73.71,74.56,73.71,74.385,4500
596,73.6,73.84,73.12,73.735,12750
597,73.3922,73.61,73.02,73.42,22804
598,72.22,73.32,72.14,73.32,26241
599,72.265,72.68,72.1,72.2095,10399
600,72.908,73.45,72.14,72.26,9632
601,73.275,73.491,72.46,73.25,4399
602,73.31,73.47,72.5,73.4,11430
603,73.625,73.625,72.92,73.37,9587
604,73.578,74.183,73.44,73.66,30532
605,74.205,74.67,73.61,73.61,15400
606,73.976,74.56,73.82,74.15,11000
607,73.89,74.58,73.79,73.97,29584
608,74.51,74.51,73.82,74,7100
609,75.745,75.97,74.15,74.35,23500
610,76.22,76.42,75.7,75.74,22453
611,76.23,76.53,75.98,76.22,22453
612,75.31,76.224,75.01,76.2,16199
613,76.51,76.52,75.215,75.285,28100
614,76.88,76.98,76.235,76.51,37217
615,76.58,76.9125,76.08,76.9125,69746
a1494855000,76.79,76.79,76.79,76.79,891
1,75.37,76.76,75.15,76.76,4425
2,74.73,75.44,74.34,74.465,8265
3,72.895,74.7667,72.895,74.7667,24162
4,72.83,73.5,72.27,73.01,19910
5,72.69,72.965,72.26,72.8,27681
6,72.73,72.89,72.42,72.56,11095
7,73.25,73.71,72.45,72.73,40212
8,73.35,73.58,72.84,73.5,50132
9,73.35,73.405,73.19,73.19,7960
10,73.48,73.73,73.37,73.37,6778
11,73.5,73.56,73.15,73.41,9801
12,73.685,73.75,73.39,73.39,8425
13,73.755,73.85,73.56,73.56,5899
14,73.8,73.84,73.72,73.83,2100
15,73.76,73.92,73.67,73.75,13202
16,73.8,74.14,73.71,73.75,7400
17,73.78,74.02,73.65,73.8,8100
18,73.825,73.9,73.68,73.81,3200
19,73.755,73.87,73.7,73.82,12400
20,73.75,73.94,73.71,73.71,7302
21,73.7,73.87,73.425,73.8,14580
22,73.8,73.8,73.65,73.72,7300
23,74.09,74.16,73.75,73.87,8204
24,74.01,74.16,73.98,73.99,3883
25,73.98,74.37,73.98,74.07,7274
26,74.075,74.11,73.95,73.97,1400
27,74.41,74.55,74.03,74.14,14359
28,74.25,74.38,74.06,74.08,3271
29,73.94,74.13,73.88,74.13,1500
30,73.99,74.11,73.75,73.97,7069
31,73.78,74,73.74,73.95,10120
32,73.75,73.89,73.72,73.8,15700
33,73.56,73.84,73.56,73.75,15136
34,73.725,73.79,73.5,73.55,6000
35,73.575,73.69,73.5,73.69,14734
36,73.51,73.66,73.5,73.55,16556
37,73.445,73.56,73.25,73.53,9000
38,73.12,73.455,73,73.44,12900
39,72.54,73.16,72.5,73.12,84769
144,72.55,72.71,72.55,72.71,1354
145,73.08,73.66,72.54,72.905,4465
146,73.27,73.44,72.09,73.14,13843
147,72.59,73.25,72.59,73.25,3500
148,71.64,72.39,71.58,72.12,9359
149,71.645,72.38,71.12,71.53,24615
150,71.845,71.845,71.31,71.54,9900
151,71.45,72.11,71.31,71.855,19211
152,71.08,71.4,70.59,71.4,11354
153,70.7,71.105,70.65,71.085,5583
154,70.83,70.83,70.57,70.655,12095
155,70.54,70.895,70.51,70.88,8700
156,70.175,70.58,70.11,70.47,6073
157,71.05,71.05,69.63,70.11,12723
158,70.93,71.375,70.88,71.275,4633
159,70.585,71.03,70.33,70.92,11800
160,71.67,71.67,70.48,70.48,7100
161,71.6,71.75,71.16,71.74,7400
162,71.48,71.97,71.22,71.625,12507
163,71.06,71.3601,70.75,71.3601,9337
164,70.94,71.31,70.81,71.19,5100
165,70.93,71.29,70.7199,70.73,9078
166,71.52,71.88,70.925,70.95,14116
167,71.25,71.6,71.2,71.6,7370
168,70.825,71.42,70.825,71.42,16611
169,70.15,70.87,70.1,70.75,34860
170,69.97,70.23,69.15,70.19,42958
171,69.62,70.1099,69.6,70,11399
172,70.07,70.07,69.55,69.55,17356
173,70.24,70.24,69.65,70.16,10080
174,70.09,70.23,69.8,70.23,11789
175,69.88,70.085,69.695,70.08,10710
176,69.53,70.01,69.39,69.89,14713
177,69.64,69.75,69.48,69.605,14712
178,70.04,70.125,69.53,69.67,16929
179,70.26,70.38,69.93,70.02,10423
180,69.93,70.255,69.71,70.235,17000
181,69.901,70.15,69.79,69.905,15749
182,69.93,69.97,69.73,69.9,17461
183,69.96,70.14,69.85,69.98,87066
288,69.01,69.01,69.01,69.01,1624
289,68.32,69.335,68.22,69.01,6338
290,68.54,69.41,68.21,68.375,12774
291,68.52,68.91,68.5,68.53,5744
292,68.48,68.65,68.2,68.5,8389
293,69.145,69.145,68.35,68.5,8585
294,68.66,69.42,68.66,69.15,6000
295,68.87,69.28,68.73,68.85,3488
296,69.74,69.74,68.95,68.98,9668
297,69.5,69.735,69.205,69.735,8301
298,69.53,69.95,69.34,69.5,6217
299,69.19,69.6047,69.16,69.52,4010
300,69.52,69.56,69.15,69.265,3444
301,69.67,69.745,69.58,69.63,2900
302,69.8,69.93,69.14,69.67,6316
303,69.75,69.93,69.6,69.78,3203
304,69.96,70.06,69.83,69.98,5000
305,70.08,70.11,69.96,69.99,6396
306,70.6,70.64,70.07,70.07,3800
307,70.35,70.6533,70.25,70.6533,5535
308,70.45,70.45,70.09,70.11,2809
309,70.461,70.64,70.31,70.39,2161
310,70.18,70.61,70.01,70.46,3512
311,70.32,70.38,70.09,70.09,1381
312,69.9,70.4,69.9,70.285,1900
313,69.86,70.06,69.86,69.97,5000
314,69.9,70.19,69.86,69.8955,5340
315,70.16,70.16,69.96,69.96,1804
316,70.07,70.2,70.03,70.09,3756
317,69.89,70.01,69.55,70.01,7129
318,69.7,70.07,69.7,70.07,4795
319,69.8,69.96,69.62,69.7,5300
320,68.63,69.825,68.63,69.75,37438
321,69.338,69.338,68.79,68.79,1400
322,69.16,69.5,69.03,69.36,5000
323,69.2,69.57,69,69.09,6000
324,69.6,69.6,69.19,69.25,5900
325,69.62,69.69,69.37,69.46,5500
326,69.4,69.74,69.4,69.56,18122
327,69.81,69.91,69.43,69.48,62680
432,69.85,69.85,69.85,69.85,745
433,70.39,70.39,69.84,69.84,1513
434,71.75,72.355,70.21,70.41,6900
435,71.55,72.38,71.55,71.78,22689
436,70.72,71.44,70.72,71.2,28511
437,71,71.28,70.54,70.7,8089
438,70.86,71.11,70.82,71,5570
439,71.23,71.5,70.8,70.82,18334
440,70.94,71.24,70.86,71.21,5075
441,70.8,71.06,70.8,70.92,2180
442,70.91,71.13,70.79,70.8,9668
443,70.82,70.94,70.82,70.92,1000
444,70.84,70.84,70.84,70.84,700
445,70.39,70.82,70.275,70.82,13539
446,70.52,70.52,70.27,70.36,2000
447,70.55,70.76,70.39,70.73,9900
448,70.69,70.78,70.47,70.47,6200
449,70.56,70.655,70.365,70.63,2678
450,70.72,70.79,70.42,70.54,3100
451,70.92,71.05,70.74,70.84,4100
452,70.765,70.94,70.6,70.94,12600
453,70.81,71,70.62,70.72,6100
454,70.72,70.84,70.61,70.69,6349
455,70.9,70.9,70.61,70.75,2200
456,71.02,71.24,70.89,70.99,4300
457,70.98,71.14,70.97,71.075,2700
458,70.705,70.99,70.61,70.93,7876
459,70.86,70.976,70.56,70.78,20600
460,70.94,71.02,70.76,71,8621
461,71.2,71.285,70.76,70.91,26259
462,71.31,71.31,71.04,71.13,13129
463,71.295,71.67,71.13,71.33,20424
464,71.18,71.24,70.8,71.21,4800
465,70.55,71.15,70.42,71.07,10106
466,70.85,70.975,70.415,70.6,21291
467,70.46,70.94,70.45,70.91,23455
468,70.4,70.835,70.29,70.5,10739
469,70.545,70.8,70.3,70.35,18671
470,71.08,71.31,70.38,70.54,21328
471,70.8,71.24,70.745,71.18,29514
576,71.18,71.18,71.18,71.18,2311
577,71.7034,71.7034,70.95,71,1544
578,71.96,71.96,71.5,71.955,2014
579,71.31,72.07,71.11,72.07,1700
580,70.74,71.63,70.61,71.4,4760
581,70.67,71.02,70.58,70.65,3300
582,69.92,70.405,69.74,70.23,3840
583,69.28,70.37,69.13,69.85,7900
584,69.415,69.87,69.16,69.23,14499
585,69.56,70,69.415,69.45,7100
586,69.61,69.84,69.4,69.68,16199
587,70,70.03,69.55,69.55,5700
588,69.87,70.13,69.76,69.93,10003
589,69.84,69.84,69.31,69.83,10749
590,69.75,69.94,69.59,69.76,7730
591,69.805,69.9,69.75,69.75,2800
592,70.03,70.09,69.77,69.82,10100
593,69.82,70.16,69.5,70.1,13878
594,69.8809,70.13,69.76,69.9,1900
595,69.905,69.915,69.8,69.895,1400
596,69.81,69.97,69.8,69.84,3200
597,69.88,69.88,69.75,69.79,1800
598,70.02,70.16,69.81,69.88,12365
599,69.78,70.1,69.78,69.99,5725
600,69.56,69.98,69.23,69.885,28340
601,69.18,69.7,68.96,69.61,25302
602,69.11,69.27,68.99,69.24,11410
603,69.12,69.45,69.02,69.2,7100
604,68.9,69.215,68.88,69.135,8700
605,68.98,69.06,68.88,68.9,4000
606,68.88,69.025,68.79,69.025,3200
607,68.85,68.94,68.8,68.91,7500
608,68.59,68.96,68.59,68.85,28402
609,68.53,68.85,68.3,68.53,13479
610,68.275,68.48,68.2,68.48,4900
611,68.54,68.64,68.27,68.34,14908
612,68.29,68.72,68.29,68.54,9948
613,68.29,68.4,68.18,68.19,10341
614,67.98,68.49,67.71,68.285,49559
615,67.92,68.2,67.74,67.75,68049
a1495459800,68.26,68.26,68.26,68.26,1139
1,67.81,69.76,67.7,67.7715,8459
2,67.31,68.08,67.31,68.08,8189
3,67.62,67.94,67.27,67.44,3589
4,67.46,67.815,67.09,67.64,9333
5,67.64,68.26,67.03,67.675,9900
6,69.04,69.08,67.74,67.75,5775
7,67.91,69.06,67.73,68.61,8925
8,67.77,68.368,67.62,67.83,7571
9,67.85,68.11,67.65,67.73,8514
10,67.74,67.92,67.71,67.86,3501
11,67.75,67.95,67.41,67.745,11367
12,68.345,68.415,67.57,67.805,19600
13,68.18,68.36,67.87,68.24,6000
14,68.71,68.78,67.9,68.06,13327
15,68.6,68.945,68.45,68.69,9400
16,68.24,68.774,68.24,68.56,10174
17,68.59,68.73,68.22,68.3,11600
18,69.25,69.25,68.57,68.62,9900
19,69.87,69.94,69.07,69.07,8206
20,69.8695,70.1,69.71,69.87,20602
21,69.6,70.23,69.58,69.78,21652
22,69.3,69.74,69.16,69.74,8000
23,68.89,69.39,68.73,69.28,8300
24,68.71,69.02,68.585,68.765,13900
25,68.03,68.71,68,68.6138,11795
26,68.89,68.95,68.13,68.13,8304
27,68.765,69.01,68.69,68.9,3000
28,68.65,68.77,68.52,68.77,1900
29,68.21,68.69,68.205,68.625,10009
30,68.325,68.37,68.165,68.27,10800
31,69.5201,69.685,68.31,68.34,7999
32,68.99,69.57,68.615,69.57,20104
33,68.94,69.075,68.575,68.85,8700
34,68.755,69.14,68.69,69.14,13288
35,69.495,69.64,68.77,68.84,6117
36,68.785,69.345,68.66,69.32,7400
37,69.24,69.4,68.7,68.73,38721
38,69.21,69.42,69.11,69.2,11251
39,69.06,69.26,68.96,69.22,68479
144,70.17,70.17,70.17,70.17,3440
145,71.81,71.99,70.2,70.2,27327
146,71.11,71.62,70.74,71.33,13450
147,70.5,71.19,70.265,71.19,41676
148,70.78,71.215,70.24,70.44,17580
149,71.48,71.48,70.71,70.83,10775
150,71.1,71.71,71.1,71.55,7301
151,71.71,71.8,71.17,71.17,15471
152,71.45,71.685,71.17,71.685,14733
153,71.75,71.75,71.38,71.45,5100
154,72.1,72.34,71.6401,71.75,15823
155,72.3225,72.45,72.08,72.1933,11485
156,71.9,72.5,71.7,72.35,16175
157,72.28,72.28,71.765,72,3660
158,72.02,72.48,72.02,72.29,12435
159,71.76,72.04,71.52,71.96,12271
160,71.8,71.96,71.68,71.76,4900
161,71.38,71.77,71.38,71.72,6348
162,70.79,71.4,70.74,71.325,3796
163,70.7956,71.2,70.74,70.74,3921
164,71.13,71.22,70.76,70.835,8814
165,71.27,71.32,71.02,71.06,8556
166,70.93,71.15,70.93,71.15,5600
167,71.16,71.34,70.965,71.05,7900
168,71.31,71.38,71.16,71.27,2700
169,71.265,71.44,71.2,71.25,6608
170,71.235,71.41,71.04,71.27,10922
171,71.02,71.28,70.715,71.18,10500
172,70.98,71.16,70.84,70.9725,6012
173,71.27,71.37,71,71,39750
174,71.68,71.75,71.27,71.27,3218
175,71.85,72,71.73,71.735,4611
176,72.31,72.32,71.8,71.8,8958
177,71.85,72.355,71.85,72.355,5868
178,71.97,72.05,71.81,71.85,4412
179,72.54,73.38,71.96,71.99,13673
180,72.63,72.69,72.28,72.37,5500
181,72.625,72.89,72.56,72.67,12606
182,72.94,73.05,72.5979,72.62,14222
183,72.83,72.99,72.67,72.94,23876
288,72.69,72.69,72.69,72.69,1024
289,72.6,72.82,72.39,72.65,5300
290,72.15,72.62,71.91,72.52,27403
291,73.02,73.255,72.15,72.15,24507
292,73.6776,73.6776,72.7,73.05,15697
293,73.38,74.05,72.79,73.56,16389
294,73.54,73.615,73.09,73.09,13879
295,73.98,74.06,73.67,73.67,6950
296,73.76,73.97,73.45,73.97,10235
297,73.5,73.93,73.26,73.93,21826
298,73.15,73.68,72.685,73.5,31365
299,73.03,73.21,72.87,73.15,12019
300,72.61,73.01,72.565,72.875,8705
301,73.0099,73.0099,72.41,72.5417,13217
302,72.76,72.94,72.488,72.9,8085
303,72.45,72.74,72.21,72.66,4700
304,72.68,72.7,72.38,72.46,5106
305,72.6,72.72,72.47,72.68,8854
306,72.74,72.75,72.5,72.64,3900
307,72.7478,72.8,72.6,72.74,4629
308,72.38,72.78,72.38,72.78,11500
309,72.33,72.5,72.2,72.4,7087
310,72.26,72.47,72.26,72.37,5186
311,72,72.41,71.99,72.35,8743
312,71.7,71.97,71.46,71.77,7161
313,72.17,72.17,71.555,71.58,5904
314,72.47,72.56,72.12,72.2,8800
315,72.41,72.785,72.41,72.48,6501
316,71.775,72.65,71.775,72.53,7543
317,71.99,72.46,71.815,72.31,5000
318,72.28,72.3,71.92,71.925,6455
319,72.3,72.46,72.13,72.29,4671
320,72.32,72.36,72.11,72.29,6100
321,72.395,72.48,72.28,72.28,5704
322,72.57,72.57,72.32,72.44,5700
323,72.64,72.64,72.4,72.495,3122
324,72.63,72.64,72.48,72.51,7701
325,72.615,72.755,72.51,72.57,8296
326,72.57,72.75,72.43,72.605,11916
327,72.55,72.68,72.41,72.56,23673
432,74.03,74.03,73.17,73.17,2094
433,73.35,73.86,73.25,73.25,4800
434,73.13,74.58,72.51,73.49,12079
435,73.895,74.85,73.62,73.85,11829
436,75.18,75.5,73.98,74,8100
437,73.95,75.28,73.95,75.14,18110
438,73.13,74.245,72.66,74.04,17593
439,72.65,73.33,72.65,73.33,9400
440,72.94,73.38,72.3,72.57,9260
441,73.94,74.28,72.95,73.055,8755
442,73.99,74.82,73.72,73.72,8987
443,74.1299,74.38,73.88,74.01,9504
444,74.015,74.23,73.75,74,6200
445,74.05,74.12,73.84,73.84,5752
446,74.32,74.32,73.96,74.135,7400
447,74.295,74.63,74.16,74.31,7866
448,74.4,74.64,74.21,74.22,5300
449,74.34,74.46,74.23,74.435,7500
450,74.4401,74.48,74.3,74.3786,7250
451,74.74,74.74,74.2,74.44,7429
452,75.08,75.23,74.85,74.85,8620
453,74.945,75.25,74.68,74.96,3300
454,75.67,75.73,75.07,75.07,5758
455,75.84,75.84,75.27,75.655,3838
456,75.625,75.74,75.36,75.73,2690
457,75.9,75.97,75.46,75.55,1603
458,76.4,76.44,75.92,75.92,4600
459,76.38,76.45,76.0526,76.23,3653
460,76.51,76.93,76.16,76.19,5206
461,76.62,76.785,76.23,76.58,9025
462,76.8,77.24,76.41,76.53,14790
463,77.18,77.53,76.51,76.8,5502
464,77.3,77.53,77.05,77.33,5465
465,77.15,77.345,77.04,77.345,8197
466,77.245,77.3578,77.16,77.22,6450
467,77.6,77.6,77.27,77.33,10710
468,77.995,78.895,77.48,77.53,15441
469,77.47,78.07,77.22,78.061,32365
470,77.3,77.5,77.15,77.46,16217
471,76.69,77.275,76.52,77.23,55856
576,76.44,76.44,76.44,76.44,1755
577,77.48,77.48,76.38,76.38,3697
578,77.25,77.51,77.04,77.27,4506
579,76.92,77.34,76.67,77.28,11724
580,77.145,77.35,76.71,76.72,4100
581,77.61,77.75,77.19,77.22,7749
582,77.85,78.02,77.61,77.7924,9309
583,77.79,77.85,77.305,77.82,6350
584,77.9,78.03,77.65,77.78,5700
585,77.47,77.85,77.4,77.78,7200
586,77.42,77.55,77.17,77.505,3200
587,77.455,77.56,77.2,77.41,4200
588,77.6,77.8,77.56,77.56,4108
589,77.74,77.82,77.57,77.57,3000
590,77.28,77.665,77.28,77.61,4200
591,76.67,77.23,76.67,77.21,2100
592,75.59,76.84,75.59,76.78,8649
593,75.81,76.08,75.61,75.64,3104
594,75.955,76.125,75.8,75.99,3100
595,76.53,76.53,75.975,76.01,4100
596,76.51,76.71,76.22,76.58,3602
597,76.54,76.62,76.34,76.62,1604
598,76.385,76.55,76.29,76.455,2500
599,76.22,76.61,76.22,76.44,4927
600,75.84,76.45,75.6,76.34,6108
601,75.97,76,75.73,75.73,1700
602,76.23,76.33,76.11,76.22,4500
603,76.095,76.26,76.07,76.25,3100
604,76.3,76.37,76.01,76.05,5140
605,76.5,76.515,76.37,76.4,4000
606,76.31,76.5,76.275,76.5,1988
607,76.075,76.405,76.045,76.3,6625
608,76.23,76.36,76.15,76.17,2800
609,76.1,76.305,76.02,76.305,6100
610,75.74,76.1,75.7,76.1,5597
611,75.64,75.85,75.64,75.85,1100
612,75.676,75.75,75.62,75.6867,3500
613,75.14,75.75,75.14,75.725,9202
614,75.11,75.26,75.005,75.12,9201
615,75.2,75.28,74.805,75.11,31665
a1496151000,75.07,75.07,75.07,75.07,718
1,75.13,75.71,75.07,75.51,5581
2,73.9,75.355,73.9,75.2699,5071
3,74.37,74.75,73.73,73.73,9650
4,73.797,74,73.797,73.8,700
5,73.94,74.08,73.74,73.876,1800
6,74.14,74.34,73.82,73.91,2300
7,74.12,74.42,73.98,73.98,2617
8,74.04,74.25,73.94,74.06,2100
9,74.05,74.05,73.76,74.04,3200
10,73.99,74.05,73.86,73.88,1400
11,73.54,74.05,73.34,74.038,4055
12,72.41,73.55,72.03,73.53,11443
13,72.1,72.53,72.1,72.32,3801
14,72.24,72.24,72.11,72.11,13805
15,72.22,72.51,71.87,72.29,4300
16,72.415,72.415,72.25,72.25,1733
17,72.72,72.96,72.0182,72.53,22204
18,72.66,72.8,72.66,72.66,2980
19,72.47,72.81,72.44,72.59,4900
20,72.06,72.46,72.06,72.45,2100
21,71.91,72.25,71.91,72.06,4119
22,71.6408,71.99,71.64,71.99,4300
23,71.52,71.82,71.49,71.65,4725
24,71.02,71.55,70.85,71.55,4600
25,70.91,71.45,70.91,71.1,4757
26,70.945,71,70.82,71,9026
27,71.08,71.08,70.87,70.87,500
28,70.76,71.03,70.74,70.96,3500
29,70.74,70.855,70.7,70.84,1450
30,70.71,70.86,70.71,70.74,1100
31,70.33,70.92,70.29,70.72,7016
32,70.23,70.32,70.12,70.32,16895
33,70.3,70.49,70.18,70.18,20355
34,70.34,70.48,70.22,70.285,7700
35,70.305,70.37,70.18,70.36,14513
36,70.1,70.31,69.97,70.31,13575
37,69.89,70.08,69.62,70.08,10144
38,69.74,69.97,69.55,69.89,10122
39,69.25,69.68,69.225,69.27,37388
144,69.37,69.37,69.37,69.37,1237
145,68.37,69.35,68.26,68.96,2538
146,68.27,68.83,68.27,68.59,17921
147,67.251,68.34,67.25,68.07,4050
148,66.45,67.25,65.85,67.25,18080
149,66.25,67.22,66.17,66.81,21700
150,66.545,66.71,66.25,66.51,7712
151,66.34,66.55,66.26,66.46,9500
152,65.98,66.44,65.65,66.27,26361
153,66.315,66.5,65.54,65.98,28272
154,67.225,67.34,66.11,66.36,32667
155,68,68,66.77,67.3,17325
156,67.655,68.27,67.3101,67.99,21402
157,67.2,67.68,67,67.6,41882
158,68.72,68.72,67,67.09,16613
159,69.05,69.28,68.39,68.39,7500
160,68.17,69.22,67.9,68.975,18687
161,68.26,68.57,68.11,68.27,9026
162,68.13,68.48,68.11,68.2,2685
163,68.42,68.42,68,68.16,5200
164,68.39,68.59,68.15,68.48,4033
165,68.5,68.75,68.5,68.53,1916
166,69.105,69.19,68.51,68.51,3900
167,68.7,69.14,68.56,69.02,12573
168,69.47,69.47,68.67,68.7,9272
169,69.45,69.65,69.26,69.31,6531
170,69.25,69.46,69.14,69.4,4580
171,68.99,69.23,68.71,69.07,4042
172,69.54,70.34,68.98,69.09,9213
173,69.62,69.96,69.39,69.39,19200
174,69.44,69.75,69.12,69.62,2945
175,69.37,69.54,69.37,69.54,1550
176,69.42,69.8,69.13,69.57,5800
177,69.58,69.65,69.25,69.41,5500
178,70.2,70.35,69.56,69.58,7923
179,69.7,70.28,69.65,70.13,5543
180,69.97,70.01,69.65,69.77,4410
181,70.84,70.84,69.85,69.905,5100
182,70.44,71.18,70.29,70.98,17050
183,70.75,70.79,69.78,70.45,112817
288,70.86,70.86,70.86,70.86,606
290,70.9,71.34,70.9,71.14,1100
291,71.53,72.2818,71.01,71.01,9700
292,70.95,71.5073,70.77,71.5073,3383
293,70.646,70.97,70.32,70.97,6800
294,70.85,71.01,70.45,70.51,6604
295,71.21,71.62,70.89,70.9623,14122
296,70.66,71.17,70.59,71.15,4506
297,69.74,70.83,69.71,70.72,8919
298,69.63,70.1,69.35,69.94,12978
299,69.81,70.27,69.73,69.73,3796
300,70.02,70.11,69.55,69.79,4267
301,69.83,70.33,69.1,70.16,14411
302,70.62,70.62,69.62,69.72,8922
303,70.245,70.655,69.98,70.47,34736
304,70.05,70.25,69.97,70.17,4400
305,70.45,70.59,69.84,70.14,7400
306,71.18,71.42,70.505,70.505,9910
307,70.96,71.34,70.77,71.14,5566
308,70.46,70.91,70.42,70.67,4600
309,70.285,70.42,70.08,70.35,4055
310,70.355,70.45,70.17,70.23,1900
311,70.44,70.509,70.25,70.3395,6358
312,70.55,70.69,70.38,70.44,10173
313,70.69,70.71,70.42,70.44,15800
314,71.22,71.86,70.79,70.86,14475
315,70.97,71.22,70.97,71.17,3970
316,71.31,71.39,70.9,71.03,4000
317,71.76,72.25,71.27,71.32,6899
318,71.53,71.69,71.21,71.59,4400
319,71.47,71.83,71.46,71.46,8882
320,71.425,71.51,71.31,71.46,2200
321,71.585,71.73,71.32,71.52,4362
322,71.845,71.845,71.58,71.7,2532
323,71.94,72.14,71.77,71.77,3129
324,71.47,71.93,71.43,71.93,6150
325,71.71,71.85,71.285,71.39,7221
326,71.6,71.82,71.35,71.61,11389
327,72.08,72.15,71.57,71.6,51473
432,72.19,72.19,72.19,72.19,1194
433,71.51,72.67,71.51,71.8,9300
434,71.48,72.79,71.28,71.55,25321
435,70.9034,71.87,70.3301,71.66,10650
436,68.5,70.51,68.41,70.51,12367
437,69.275,69.94,67.95,68.365,29094
438,70.06,70.859,69.26,69.26,19996
439,69.36,70.69,69.36,70.162,51796
440,69.8597,70.29,69.51,69.52,19012
441,70.4396,70.83,69.32,69.4864,32058
442,70,70.59,69.86,70.47,8518
443,70,70.3,69.79,69.995,13600
444,70.1,70.45,69.485,70,14000
445,70.14,70.25,69.82,70.09,9300
446,69.97,70.02,69.625,70.02,1619
447,69.99,70.17,69.5,70,10210
448,69.63,69.98,69.52,69.93,11757
449,69.65,69.915,69.5,69.73,3923
450,69.89,70.02,69.66,69.75,4900
451,70.6,70.7,69.77,69.79,20820
452,70.4,70.8374,70.09,70.8374,8653
453,69.87,70.39,69.8,70.39,19714
454,70,70.07,69.92,70.07,2721
455,70.14,70.31,69.51,70.01,13452
456,70.025,70.28,70,70.15,15600
457,70,70.11,69.98,70,2250
458,70.7,70.82,69.91,69.97,7686
459,70.67,70.72,70.5,70.7,3199
460,69.8,70.71,69.28,70.67,27589
461,69.41,69.91,68.691,69.81,16834
462,69.4,69.645,69.4,69.5,3831
463,69.68,69.68,69.4,69.4,3436
464,69.68,69.85,69.54,69.54,7689
465,69.82,70.42,69.64,69.67,20955
466,71.07,71.07,69.94,69.94,7500
467,70.09,71.05,70.09,71,9856
468,69.92,70.189,69.61,70.09,13100
469,70.21,70.57,69.76,70,15815
470,69.78,70.55,69.66,70.28,34540
471,70.04,70.18,69.785,70.05,68869
864,69,69,69,69,15765
865,68.16,70,67.8,68.27,31628
866,69.4,69.8935,68.14,68.14,8800
867,69.65,70.48,68.72,69.47,8468
868,69.57,70,69,69.455,5027
869,69.77,70.24,69.58,69.7,7500
870,69.83,69.96,69.32,69.72,2270
871,69.06,70.21,68.96,69.96,11806
872,68.28,69.27,68.22,69.02,13488
873,68.34,68.5,68.17,68.21,3600
874,67.65,68.43,67.26,68.42,37826
875,68.1,68.1,67.5,67.75,6667
876,68.505,68.505,67.83,68,6600
877,68.9,68.9,68.12,68.65,5300
878,69.08,69.14,68.6,68.72,4500
879,68.99,69.23,68.885,68.97,2939
880,69.24,69.24,68.85,68.9,4650
881,69.2401,69.27,68.96,68.96,1665
882,69.37,69.37,69.12,69.36,3850
883,69.7,69.78,69.51,69.625,1600
884,70.045,70.2988,69.73,69.73,5600
885,70.12,70.26,69.95,69.95,1900
886,70.1,70.4,70.06,70.4,4700
887,70.05,70.2,70.01,70.1,6550
888,70.02,70.05,69.93,70,1700
889,70.04,70.09,69.95,69.95,3227
890,69.88,70.04,69.81,70,2300
891,69.725,70.02,69.72,70.02,2620
892,69.73,69.77,69.62,69.69,9114
893,69.49,69.75,69.48,69.73,2459
894,70.025,70.025,69.48,69.48,3700
895,70.72,70.86,70,70.02,14814
896,70.13,70.6,70.12,70.435,4413
897,70.12,70.2,70.12,70.1875,10100
898,70.36,70.655,70.12,70.12,8000
899,71.16,71.225,70.21,70.22,10810
900,70.8,71.175,70.535,71.07,10948
901,70.94,71,70.61,70.83,12519
902,70.72,71.02,70.59,71,15049
903,70.52,70.93,70.35,70.7,42224
a1496755800,70.01,70.01,70.01,70.01,885
1,69.81,70,69.13,70,2600
2,69.48,69.84,69.2,69.3,11197
3,69.28,70.19,69.28,70.19,4500
4,69.28,69.665,69.28,69.48,5200
5,69.775,69.98,69.16,69.215,4900
6,69.57,69.775,69.47,69.775,2543
7,69.96,70,69.48,69.48,4988
8,69.72,69.89,69.69,69.83,2500
9,70.01,70.07,69.75,69.855,10040
10,69.65,70,69.64,69.945,14630
11,69.09,69.76,69.01,69.68,8040
12,69.05,69.18,68.87,69.02,7924
13,69.465,69.475,68.91,69.18,18252
14,69.695,69.97,69.27,69.36,9995
15,69.69,70.05,69.66,69.72,10319
16,69.45,69.95,69.42,69.74,9800
17,69.92,69.92,69.525,69.525,3600
18,69.53,69.88,69.33,69.795,3750
19,69.59,69.69,69.41,69.53,7800
20,69.56,69.73,69.4,69.59,3400
21,69.66,69.66,69.53,69.54,2600
22,69.73,69.815,69.63,69.66,3100
23,69.675,69.9,69.55,69.73,5800
24,69.735,69.85,69.54,69.71,11300
25,69.74,69.89,69.66,69.69,5200
26,69.75,69.85,69.62,69.78,3700
27,69.67,69.84,69.66,69.82,3900
28,69.96,70,69.68,69.82,3300
29,69.965,70.005,69.79,69.97,9203
30,70.24,70.24,69.67,69.93,11626
31,70.68,70.98,69.99,70.03,10306
32,71.63,71.64,70.86,70.87,4700
33,71.61,71.61,71.1001,71.31,3600
34,71.5,71.68,71.4,71.63,4950
35,71.36,71.58,71.36,71.49,7747
36,71.42,71.5,71.125,71.35,22299
37,72.38,72.425,71.32,71.42,15372
38,73.5,73.61,72.225,72.34,27176
39,73.69,73.91,73.3,73.63,65271
144,74.52,74.52,74.52,74.52,961
145,75.71,76,74.66,74.66,8679
146,77,77.12,75.65,75.66,25429
147,77.225,77.6537,77,77.325,11301
148,77.16,77.3599,76.64,77.05,7697
149,77.56,78.34,77.08,77.195,18642
150,78.015,78.12,77.095,77.59,20563
151,77.77,78.05,77.51,78.015,22549
152,77.8,77.92,77.665,77.71,8054
153,77.75,78.04,77.74,77.75,12145
154,77.48,77.87,77.26,77.77,18368
155,77.1,77.6,77.1,77.455,9450
156,76.6,77.19,76.38,77.07,9200
157,76.495,76.85,76.24,76.625,5459
158,76.02,76.63,76.02,76.35,4800
159,76.46,76.47,75.99,75.99,5000
160,76.51,76.63,76.26,76.445,6999
161,76.8725,76.88,76.45,76.45,5200
162,77.14,77.16,76.76,76.89,20396
163,76.87,77.16,76.87,77.16,16430
164,76.99,77.1,76.88,76.9225,7570
165,77.06,77.09,76.93,77.05,13304
166,76.391,77.05,76,77.015,20180
167,76.205,76.415,76.04,76.415,3700
168,76.49,76.53,76.11,76.29,7300
169,76.21,76.54,76.2,76.5,4400
170,76.3,76.33,76.15,76.25,5500
171,76.345,76.48,76.16,76.25,5057
172,76.2,76.365,76.12,76.34,6456
173,76,76.24,76,76.2,10330
174,76.25,76.25,75.98,76.01,3784
175,76.39,76.4,76.24,76.4,3100
176,76.5175,76.59,76.34,76.37,4500
177,77.01,77.035,76.46,76.505,7200
178,76.955,77.03,76.57,76.89,8514
179,76.67,77,76.48,76.96,7063
180,76.77,76.91,76.58,76.76,7000
181,77.36,77.902,76.87,76.87,19161
182,77.41,77.5,77.14,77.47,16921
183,77.12,77.3443,76.91,77.3443,40351
288,76.95,76.95,76.95,76.95,1433
289,77.46,77.46,76.46,76.46,1935
290,77.31,77.89,77.2901,77.32,4476
291,77.75,77.76,76.815,77.0901,7810
292,77.67,77.78,77.63,77.71,1400
293,77.9199,77.92,77.67,77.69,3244
294,77.47,77.8,76.9701,77.785,2700
295,77.61,77.99,77.61,77.65,7606
296,77.72,77.77,77.39,77.7,5150
297,77.85,77.9,77.83,77.88,500
298,78.02,78.04,77.735,77.735,11755
299,77.78,78.27,77.66,77.9,13298
300,78.3,78.3,77.7428,77.82,9285
301,78.29,78.42,77.94,78.42,10096
302,77.8,78.91,77.645,78.31,55168
303,77.885,78.3,77.885,78.1,3721
304,77.995,78.1,77.96,78,2200
305,78.88,78.88,78.19,78.25,13803
306,78.8474,79.13,78.34,78.87,48775
307,79.378,79.6,78.87,78.87,12600
308,79.47,79.55,79.3,79.534,4074
309,79.02,79.552,79.02,79.33,7855
310,79.195,79.3,79.01,79.08,7700
311,78.99,79.3,78.82,79.23,7180
312,78.88,79.025,78.51,79.02,4700
313,79.135,79.24,78.8388,78.9,5503
314,78.76,79.13,78.68,79.065,8158
315,78.8,78.81,78.54,78.589,2200
316,78.91,79,78.847,78.93,2400
317,78.91,79,78.83,78.98,9423
318,78.82,78.95,78.81,78.828,3100
319,79.3795,79.3795,78.82,78.82,4708
320,79.39,79.88,79.295,79.295,13087
321,79.89,79.89,79.45,79.45,2982
322,80.36,80.87,79.815,79.87,35371
323,81,81.14,80.36,80.46,20244
324,79.8,80.895,79.65,80.895,19460
325,79.86,79.86,79.314,79.69,14148
326,79.885,80.05,79.66,79.66,12524
327,80.34,80.87,79.79,79.89,35583
432,80.64,80.64,80.64,80.64,568
433,81.58,81.58,80.6301,81.044,3543
434,80.77,81.335,80.7,81.33,3900
435,80.63,81.01,80.58,80.6,1500
436,80.84,80.84,80.83,80.83,200
437,79.75,80.71,79.42,80.71,14836
438,80.15,80.16,79.8,79.98,1000
439,80.64,80.86,79.93,80.125,14540
440,81.019,81.019,80.455,80.455,4440
441,81.2,81.67,80.949,80.949,8400
442,81.11,81.69,80.66,81.05,15965
443,80.86,81.36,80.86,81.295,8628
444,81.01,81.08,80.74,81,6760
445,80.67,80.94,80.39,80.94,2000
446,81.01,81.32,80.69,80.93,5950
447,80.94,81.325,80.89,81.14,8100
448,80.88,80.94,80.71,80.87,5600
449,80.76,81.01,80.7,80.79,10714
450,80.885,81,80.61,80.81,3414
451,80.85,81.05,80.82,80.8853,5200
452,80.85,80.89,80.74,80.82,1800
453,80.81,81.22,80.79,80.79,2200
454,80.38,80.94,80.38,80.94,3500
455,79.92,80.68,79.79,80.48,1600
456,79.54,79.8,79.23,79.79,12347
457,79.19,79.6,79.11,79.59,4438
458,78.95,79.4,78.31,79.19,9054
459,78.7,79.1,78.44,78.965,7400
460,78.89,78.98,78.67,78.69,7717
461,77.5366,78.87,77.5366,78.68,5894
462,77.7368,77.85,77.58,77.65,4502
463,77.44,77.73,77.24,77.6,1700
464,76.36,77.7,76.36,77.646,4500
465,77.16,77.32,76.261,76.261,8320
466,77.75,77.94,77.17,77.17,5790
467,77.59,78.37,77.59,77.745,6764
468,78.005,78.3,77.8,77.86,3401
469,77.84,78.1196,77.555,77.94,9302
470,77.6775,77.93,77.64,77.68,15093
471,78.27,78.32,77.66,77.715,36312
864,77.25,78.25,77.25,78.25,377
865,78,79.98,77.53,78.92,3276
866,75.74,77.75,75.68,77.33,6300
867,74.32,76.32,74.27,76.24,4530
868,74.37,75.3,74.085,74.61,9719
869,74.91,75.1,73.895,74.47,10350
870,74.43,75.14,73.86,74.88,16002
871,74.64,75.06,74.22,74.4,14842
872,74.49,74.91,74.27,74.8501,14789
873,74.775,74.82,74.36,74.63,13414
874,75.19,75.19,74.64,74.81,12114
875,75.9587,75.9587,74.94,75.19,6499
876,76.92,76.99,75.61,76.085,12200
877,77.3,77.72,76.85,76.85,9416
878,77.66,77.8,77.1,77.145,8125
879,77.8,78.1,77.58,77.66,8697
880,77.94,78.07,77.105,77.81,5183
881,77.88,78.06,77.66,77.66,2000
882,77.6,77.99,77.075,77.88,8199
883,77.63,77.75,77.4,77.75,4192
884,77.74,78.03,77.46,77.49,16001
885,77.83,77.83,77.34,77.58,8300
886,77.6,78.08,77.335,77.83,10379
887,77.1,77.415,76.96,77.4,7100
888,77.1,77.22,76.725,77.21,6903
889,77.14,77.23,77.04,77.145,1800
890,77.04,77.27,77.02,77.16,4900
891,77.22,77.25,77,77,8128
892,77.43,77.5,77.1,77.18,4800
893,77.57,77.8025,77.26,77.26,3810
894,77.84,77.87,77.39,77.495,3300
895,77.66,77.88,77.47,77.64,4743
896,77.56,77.75,77.24,77.57,5998
897,77.45,77.71,77.26,77.6,6898
898,77.415,77.66,77.34,77.471,7238
899,76.94,77.44,76.74,77.44,4863
900,76.91,77.02,76.5,76.84,10872
901,76.91,77.14,76.76,76.93,9948
902,76.71,76.96,76.64,76.815,13466
903,76.91,77.02,76.53,76.72,73465
a1497360600,76.97,76.97,76.97,76.97,1328
1,76.14,78.12,75.41,77.92,8294
2,75.06,75.95,74.24,75.95,10525
3,76.78,76.824,75.07,75.07,3579
4,75.585,76.7,75.585,76.7,4600
5,75.51,76.27,75.51,75.78,3200
6,75.43,75.7099,74.89,75.635,5130
7,75.16,75.96,75.04,75.41,8982
8,74.44,75.9,74.44,75.22,30352
9,73.68,74.41,73.55,74.41,9688
10,73.19,73.92,73.19,73.81,4206
11,73.05,73.5,72.84,73.15,8765
12,73.8886,73.8886,73.01,73.04,10480
13,73.57,73.81,73.34,73.76,4427
14,73.83,74,73.57,73.6686,11330
15,74.13,74.21,73.77,73.875,10731
16,74.25,74.5,73.69,74.1144,29348
17,74.27,74.59,74.11,74.19,19420
18,74.09,74.4,73.85,74.23,13357
19,74,74.14,73.82,73.97,21701
20,74.02,74.24,74.01,74.08,5782
21,74.125,74.21,74.06,74.11,5946
22,74.09,74.125,74,74.125,10547
23,74.21,74.25,74.05,74.16,6790
24,74.17,74.2,74,74.12,6208
25,74.57,74.65,74.13,74.16,11975
26,74.37,74.52,74.165,74.52,7850
27,74.5,74.6,74.29,74.29,9277
28,74.6,74.86,74.37,74.51,14137
29,73.74,74.54,73.72,74.54,18773
30,73.84,73.9,73.5,73.82,8176
31,73.47,73.88,73.44,73.88,3100
32,73.2,73.64,73.05,73.46,7650
33,73.03,73.225,72.905,73.12,6162
34,72.97,73.3,72.9,73.02,13634
35,73.03,73.2,72.89,72.93,14670
36,73.26,73.52,73.04,73.12,15237
37,73.23,73.42,73.07,73.28,16656
38,73.05,73.425,72.9,73.18,29491
39,72.85,73.15,72.76,73.02,109583
144,73,73,73,73,506
145,73.9,74.02,73.9,74.02,300
146,74.45,74.45,73.03,74,4726
147,75.02,75.63,74.58,74.58,7700
148,74.64,75.02,73.86,74.725,5450
149,74.435,74.77,74.25,74.77,3500
150,74.39,75.075,73.94,74.41,5550
151,75.34,75.45,73.975,74.33,8633
152,75.48,75.54,75.18,75.32,3564
153,74.77,75.405,74.7,75.39,5052
154,75.94,75.96,74.85,74.97,5612
155,76.59,76.6,75.77,75.97,10015
156,76.61,76.9,76.44,76.68,9333
157,76.34,76.76,76.34,76.74,14666
158,76.99,76.99,76.49,76.49,1700
159,77,77.685,76.5301,76.98,11688
160,76.43,77.015,76.43,77.015,5595
161,75.995,76.55,75.79,75.99,17000
162,75.35,76,75.315,76,8300
163,75.02,75.6375,74.99,75.57,4100
164,74.755,75.29,74.65,75.2,12788
165,74.63,75.01,74.03,74.695,14800
166,73.925,74.77,73.86,74.75,16309
167,73.6,73.85,73.6,73.85,2610
168,73.115,73.55,73.115,73.55,7695
169,72.9292,73.26,72.785,73.21,7588
170,72.276,72.85,72.276,72.85,2700
171,72.305,72.745,72.158,72.38,9200
172,72.52,72.93,72.125,72.29,8275
173,72.5,72.88,72.32,72.505,14500
174,72.07,72.52,72,72.52,4300
175,72,72.2,71.77,72.04,24638
176,71.66,72,70.96,72,12348
177,71.245,71.9,71.12,71.5,13870
178,71.12,71.69,71,71.2362,17050
179,71.125,71.35,70.99,71.26,13400
180,71.28,71.4,71,71.21,12100
181,71.375,71.4581,71.12,71.26,23385
182,71.4975,71.61,71.21,71.375,34632
183,71.14,71.72,71.04,71.47,77159
288,74.94,74.94,74.94,74.94,5029
289,74.99,77,73.94,75.08,50571
290,70.01,74.905,69.62,74.85,98576
291,70.77,71.2,68.2,69.925,86571
292,71.775,72.4,69.81,70.9342,53431
293,71.74,71.99,71.23,71.775,30476
294,71.5,71.9,71.31,71.6,40012
295,71.3,71.408,70.03,71.25,26244
296,71.1575,71.8577,70.15,71.245,29139
297,70.31,71.38,70.21,71.07,29672
298,69.72,70.61,69.72,70.32,24735
299,70.52,70.58,69.5,69.5,17418
300,70.09,70.62,69.17,70.492,27744
301,70.05,70.18,69.65,69.87,20004
302,69.99,70.1,69.405,69.839,23052
303,69.58,70.2,69.5,70.05,17700
304,68.69,70.015,68.575,69.92,11947
305,68.64,68.8,68.2,68.6694,18424
306,68.77,69.25,68.675,68.75,16431
307,68.62,68.934,68.3,68.934,16050
308,69,69.32,68.7,68.7,10570
309,68.84,69.0909,68.63,69,11200
310,68.8,69,68.69,68.83,8899
311,68.81,69.0199,68.21,68.915,22199
312,68.55,69.21,68.4,68.816,19922
313,68.535,68.95,68.44,68.55,22388
314,67.51,68.88,67.05,68.48,37436
315,67.63,68.1,67.29,67.62,27877
316,67.31,68.26,67.31,67.695,16180
317,67.325,67.625,67.16,67.435,19784
318,67.545,67.76,67.25,67.315,17431
319,67.3,67.85,67.28,67.5,22547
320,67.2,67.47,67.04,67.35,16400
321,67.02,67.47,66.89,67.24,14632
322,67.695,67.87,67.04,67.04,16400
323,67.57,67.905,67.42,67.73,7214
324,67.29,67.62,67.13,67.54,15327
325,67.43,67.64,67.21,67.3314,18676
326,67.66,68.01,67.43,67.43,23436
327,67.48,67.85,67.4,67.7,52926
432,67.45,67.45,67.45,67.45,11210
433,66.16,68.2564,66,67.45,4378
434,66.75,67.39,66.24,66.29,8230
435,69.26,69.27,66.91,67.028,10300
436,68.45,69.39,68.31,69.31,9585
437,68.98,69.04,68.2,68.445,8228
438,69.23,69.63,68.85,68.85,10830
439,69.77,69.86,69.175,69.175,12500
440,68.81,69.76,68.5,69.76,9844
441,68.99,69.26,68.24,68.6,21291
442,68.945,69.06,68.44,68.99,11106
443,69.68,69.68,68.9,68.935,9825
444,69,69.62,68.97,69.43,4300
445,69.67,69.72,69.02,69.13,7676
446,69.89,70.21,69.35,69.69,13462
447,69.8,69.885,69.45,69.885,5500
448,69.64,69.72,69.42,69.64,5549
449,70.11,70.18,69.78,69.8516,4322
450,70.05,70.145,69.62,70.07,13070
451,70.27,70.28,69.98,70.1,10095
452,70.09,70.37,69.87,70.31,8363
453,70.32,70.35,69.91,69.93,8600
454,70.29,70.41,70.02,70.25,6899
455,70,70.41,69.85,70.34,9238
456,69.98,70.055,69.75,70.04,4600
457,69.55,70.1499,69.43,69.93,20397
458,69.4,69.55,69.27,69.54,5036
459,69.5,69.555,69.26,69.3,10188
460,69.4,69.53,69.245,69.4,12405
461,69.01,69.35,69.01,69.32,3925
462,68.69,69.09,68.65,69,4000
463,68.79,68.93,68.56,68.79,6600
464,69.43,69.56,68.87,68.9,9040
465,69.12,69.71,69.1,69.5,13142
466,69.3,69.71,69.11,69.18,14957
467,70.259,70.26,69.48,69.53,9911
468,70.24,70.3,70.08,70.255,9943
469,70.4,70.5,69.9,70.2299,23656
470,70.115,70.5,70.01,70.4,31473
471,70.88,70.93,70.125,70.22,320381
864,70.86,70.86,70.86,70.86,1553
865,71,72.0025,70.83,71.665,3998
866,71.47,71.61,70.62,71.42,3500
867,71.91,71.91,71.26,71.26,7352
868,71.78,71.8288,71.7,71.81,901
869,71.33,71.775,70.73,71.775,7531
870,71.085,71.34,70.93,71.21,10375
871,71.24,71.57,71.03,71.16,19650
872,71.84,71.91,71.27,71.33,16642
873,71.72,72.02,71.51,71.82,18458
874,71.58,71.8,71.2,71.67,5550
875,71.24,71.7,71.17,71.6,10000
876,71.54,71.54,71.11,71.25,6900
877,73.51,73.52,71.62,71.68,18118
878,72.4,73.425,72.05,73.38,4126
879,72.4875,72.63,72.22,72.3,12450
880,72.505,72.55,72.3,72.47,5125
881,72.4,72.61,72.18,72.515,2833
882,72.63,72.904,72.38,72.5,4952
883,73.14,73.2,72.55,72.72,3525
884,73.17,73.32,73.15,73.15,2817
885,73.05,73.255,73.05,73.14,2500
886,73.15,73.26,72.92,72.92,2300
887,72.995,73.53,72.9,73.26,6500
888,72.91,73.48,72.91,73.0995,4900
889,73.079,73.21,72.91,73.16,10964
890,72.67,73.005,72.63,72.93,6241
891,72.3,72.72,72.3,72.69,4800
892,72.25,72.53,72.15,72.375,4032
893,72.22,72.52,72.2175,72.345,7000
894,71.95,72.15,71.95,72.15,2300
895,72.22,72.624,72.07,72.085,5882
896,72.86,72.89,72.13,72.18,6930
897,72.61,72.715,72.4,72.715,1500
898,72.13,72.6375,72.1,72.56,3223
899,72.085,72.1,71.85,72.03,4000
900,71.82,72.21,71.82,72.13,5404
901,71.43,72.08,71.34,71.75,11616
902,71.91,72.05,71.38,71.38,22557
903,72.03,72.28,71.87,71.87,110170
a1497965400,70.07,70.07,70.06,70.07,5059
1,70.7,70.7,69.05,69.72,19769
2,71.555,72.31,70.565,70.565,14591
3,72.29,72.3,71.11,71.31,17465
4,72.5,72.69,71.685,72.36,17596
5,72.78,73.26,72.205,72.5,17751
6,73.13,73.85,72.45,72.89,10650
7,72.71,73.2,72.4,73.05,9102
8,72.61,72.95,72.16,72.73,16799
9,72.41,72.69,72.19,72.56,10460
10,72.02,72.555,71.99,72.4,45336
11,72.45,72.45,71.42,71.99,13273
12,71.48,72.4425,71.48,72.4425,8780
13,71.48,71.92,71.48,71.79,15162
14,70.99,71.5,70.78,71.5,12162
15,71.16,71.65,71.05,71.12,14018
16,71.2,71.47,71.1601,71.265,13558
17,70.38,71.25,70.38,71.1,12374
18,70.61,70.78,70.25,70.25,12947
19,71.03,71.3,70.37,70.62,29391
20,70.89,71.32,70.81,71.06,15804
21,70.85,71.25,70.47,70.9,20339
22,71.25,71.4,70.715,70.76,3700
23,71.37,71.56,71.22,71.26,2320
24,71.135,71.52,71.1,71.39,2900
25,71.16,71.266,71.11,71.23,3176
26,71.24,71.39,71,71.135,4347
27,71.19,71.305,71.17,71.22,1500
28,71.225,71.39,71.075,71.17,5500
29,71.9,71.94,71.19,71.23,5814
30,71.755,71.98,71.62,71.93,7165
31,71,71.7,71,71.61,4400
32,70.93,71,70.714,71,6966
33,71.08,71.08,70.65,70.93,9670
34,71.2,71.56,71.055,71.17,5200
35,70.91,71.39,70.67,71.35,14329
36,70.499,71.015,70.31,70.9,14292
37,70.16,70.4,70.15,70.315,21417
38,70.65,71.15,70.15,70.16,30315
39,71.1,71.12,70.31,70.8,71455
144,70.95,70.975,70.94,70.97,47006
145,69.8592,71.3,69.66,70.97,324852
146,70.11,70.9,69.8,69.88,117916
147,70.38,70.635,69.85,69.9,37641
148,70.8,70.84,70.425,70.5,37322
149,71.34,71.63,70.745,70.84,63459
150,71.52,72.46,71.15,71.3,65782
151,70.95,71.84,70.8,71.55,29977
152,71.05,71.3,70.84,70.84,16262
153,71.43,71.71,70.85,71.068,63871
154,71.13,71.475,71.13,71.29,26451
155,71.33,71.33,70.85,71.2,33243
156,71.505,71.55,71,71.33,21086
157,71.5538,71.8,71.21,71.47,20179
158,71.6886,71.9,71.47,71.62,23183
159,71.66,71.75,71.255,71.7,14673
160,71.7,71.86,71.5884,71.75,19150
161,72.1,72.14,71.62,71.62,40926
162,72.4595,72.5,72.075,72.16,23853
163,72.53,72.81,72.34,72.35,25295
164,72.8702,73,72.51,72.61,19130
165,72.81,72.96,72.71,72.9,18756
166,73.2601,73.315,72.34,72.82,43347
167,73.515,73.54,73.19,73.36,28619
168,73.295,73.79,73.25,73.515,13883
169,74.4,74.41,73.21,73.295,20664
170,73.77,74.75,73.77,74.49,45150
171,74.23,74.5,73.6001,73.7,18281
172,74.22,74.5,73.94,74.31,11726
173,74.9,74.96,74.22,74.25,12311
174,75.13,75.4,74.68,74.84,18556
175,75.46,75.8,75,75.13,17009
176,75.62,75.97,75.35,75.5,20464
177,76.5,76.5,75.49,75.59,28432
178,76.86,77,76.57,76.57,28225
179,77.41,77.41,76.86,76.86,39187
180,77,77.5,76.95,77.41,60001
181,76.9,77.2,76.711,76.98,39085
182,76.285,77,76,76.885,64624
183,76.13,76.45,75.665,76.29,242545
288,76.37,76.37,76.31,76.31,2180
289,77.32,77.965,75.57,75.57,27484
290,77.12,77.71,75.6343,77.71,16300
291,76.84,77.5,76.3594,77.07,11886
292,76,76.94,75.045,76.64,18564
293,77.04,77.41,75.9,75.9017,25347
294,77.7,77.9,77.05,77.34,18890
295,76.91,78.22,76.91,77.6,15231
296,77.88,78.19,77.03,77.05,11746
297,77.96,78.17,77.22,77.96,10971
298,77.32,78.01,76.815,77.96,18144
299,77.94,78.16,77.16,77.325,24758
300,76.66,78.075,76.4001,77.935,23397
301,77.16,77.555,76.42,76.59,12385
302,77.52,77.8,77.1483,77.29,3400
303,77.59,77.99,77.065,77.62,6700
304,77.8,78.23,77.72,77.74,5900
305,77.95,77.98,77.7,77.7,4547
306,78.335,78.67,77.83,77.93,15886
307,78.19,78.48,78.02,78.48,6200
308,78.7,78.84,77.96,78.24,6312
309,78.56,78.96,78.54,78.74,9634
310,79.16,79.3,78.56,78.56,8050
311,79.075,79.135,78.965,79.03,4963
312,78.66,79.14,78.55,79,10600
313,78.7699,78.7699,78.3444,78.55,7772
314,78.98,79.04,78.64,78.84,18031
315,78.99,79.03,78.75,78.95,6591
316,79.6,79.6,78.94,78.99,9423
317,79.54,80,79.54,79.61,17212
318,78.9,79.69,78.89,79.51,12337
319,78.94,79.04,78.84,78.96,9203
320,78.55,78.92,78.55,78.92,9725
321,78.31,78.86,78.05,78.62,13586
322,78.13,78.41,78,78.41,10190
323,78,78.18,77.83,78.13,11090
324,77.35,78.2,77.35,78.18,14704
325,77.99,78.13,77.5,77.52,13932
326,77.17,78,77.16,77.94,10450
327,76.87,77.35,76.795,77.1501,190639
432,76.23,76.23,76.23,76.23,1606
433,75.07,76.12,75.07,76.011,4579
434,75.46,75.79,74.03,75,10941
435,76.51,76.51,75.2925,75.42,8200
436,76.45,76.73,76.1,76.4099,22744
437,77.7599,77.76,76.44,76.45,7253
438,77.03,78.38,76.92,77.92,57410
439,76.6999,77.415,76.16,77.29,3960
440,77.13,77.13,75.955,76.415,10844
441,76.65,77.2,76.65,76.98,12402
442,76.79,76.8,76.41,76.42,11239
443,77.19,77.19,76.42,76.8,9440
444,77.2099,77.4,77.08,77.34,4000
445,76.87,77.41,76.87,77.2,11686
446,76.3,76.86,76,76.86,4500
447,76.31,76.75,76.22,76.46,6300
448,76.02,76.83,76.02,76.39,2525
449,76.47,76.66,76.1,76.13,6700
450,76.36,76.935,76,76.65,4805
451,76.3,76.578,76.13,76.525,3126
452,76.27,76.55,76.23,76.38,4100
453,76.22,76.53,76.22,76.275,1571
454,76.07,76.34,76.06,76.255,2500
455,76.2,76.2,76.04,76.11,1700
456,76.74,76.75,76.13,76.23,2502
457,76.79,76.95,76.54,76.64,5699
458,76.38,76.91,76.38,76.91,1600
459,76.33,76.41,76.16,76.4,2417
460,76.36,76.41,76.25,76.37,3680
461,76.13,76.42,76.11,76.39,3600
462,76.11,76.33,76.08,76.105,3530
463,76.385,76.43,76.01,76.1,6136
464,76.32,76.37,76.04,76.27,7400
465,76.13,76.35,76.02,76.34,6200
466,75.98,76.28,75.65,76.28,10200
467,76.49,76.59,75.895,75.895,7196
468,76.935,77,76.43,76.49,20314
469,77.49,77.5,76.935,76.935,17727
470,77.64,77.9,77.4064,77.5,30086
471,78.04,78.06,77.31,77.69,1110834
864,77.9,77.9,77.9,77.9,1831
865,77.82,78.54,76.8101,77.84,5584
866,78.07,78.48,77.51,77.53,9097
867,79.03,79.03,77.9,78.27,5129
868,79.47,79.72,78.93,79.03,17409
869,79.35,79.56,78.61,79.56,10250
870,79.65,79.66,79.15,79.34,14731
871,79.52,79.75,79.52,79.64,9324
872,78.85,79.72,78.85,79.52,21504
873,78.1,79.05,78.06,78.89,20881
874,77.87,78.43,77.87,78.12,5900
875,77.47,78.015,77.4,78.015,5108
876,77.41,77.87,77.36,77.61,7400
877,77.33,77.42,76.89,77.3,7762
878,77.97,78.06,77.39,77.39,8836
879,78.18,78.29,77.915,78.04,8430
880,77.52,78.24,77.42,78.19,7901
881,77.925,78.06,77.42,77.42,8180
882,77.84,78.11,77.685,77.925,5900
883,78.22,78.22,77.76,77.76,5100
884,78.71,78.82,78.25,78.25,4368
885,79.13,79.17,78.706,78.81,7741
886,79.23,79.42,78.85,79.23,5555
887,79.36,79.37,78.88,79.08,3600
888,79.65,79.735,79.23,79.23,4804
889,80.42,80.5626,79.53,79.53,16814
890,81.14,81.24,80.3058,80.3181,8207
891,80.14,81.07,80.1,81.07,5959
892,80,80.26,80,80.22,5977
893,79.99,80.185,79.948,80.12,5900
894,79.99,80.025,79.84,80,2100
895,79.69,80.12,79.6,79.95,19942
896,79.59,79.81,79.55,79.69,17870
897,79.28,79.69,78.78,79.57,21513
898,79.35,79.6599,79,79,7830
899,79.145,79.36,79.09,79.34,5200
900,79.78,79.87,79.22,79.22,11900
901,79.5025,79.93,79.35,79.78,13600
902,79.52,79.85,79.36,79.55,10735
903,79.33,79.56,79.07,79.56,51190
a1498570200,79.06,79.06,79.06,79.06,1152
1,80.5,80.96,79.2,79.5,7010
2,81.68,81.99,80.39,80.6,38446
3,81.45,81.79,81.3,81.5079,14369
4,81.53,81.88,81.06,81.665,18252
5,81.35,81.6,80.83,81.42,12900
6,81.28,81.5,81.04,81.32,4000
7,81.1,81.66,80.91,81.505,13350
8,81.4,81.51,80.95,81.05,14050
9,81.47,81.76,81.3,81.3,7592
10,81.785,81.86,81.54,81.54,9100
11,82.09,82.3416,81.72,81.77,12185
12,82.6,82.6,82.145,82.145,11862
13,83.14,83.2,82.644,82.9,10572
14,83.06,83.59,82.94,83.2,30804
15,83.04,83.1,82.64,83.02,7650
16,82.85,83.38,82.85,83.18,7500
17,82.67,82.75,82.62,82.73,9450
18,82.765,82.765,82.45,82.49,1900
19,82.625,82.8,82.59,82.7,13465
20,82.12,82.59,81.781,82.59,18022
21,82,82.22,82,82.05,3000
22,81.9,82.16,81.9,82.06,2755
23,81.705,81.9309,81.64,81.9,3835
24,81.69,81.84,81.69,81.82,4702
25,81.17,81.7,80.956,81.69,4531
26,80.92,81.04,80.66,81.04,11397
27,80.65,81,80.51,81,8595
28,80.51,80.7864,80.38,80.675,9060
29,80.03,80.54,80,80.5,10106
30,80.335,80.335,80,80.1205,3500
31,80,80.38,80,80.335,3502
32,79.82,80.14,79.82,80,3800
33,78.91,79.74,78.691,79.74,18277
34,78.76,79,78.73,78.9,7010
35,78.755,78.86,78.62,78.7765,4600
36,78.32,78.69,78.14,78.69,19135
37,78.16,78.5,77.95,78.335,11932
38,78.065,78.26,78,78.2,31611
39,78.06,78.2,78,78.01,72825
144,78.58,78.58,78.58,78.58,1087
145,78.78,79.09,77.31,79.09,3720
146,78.22,78.79,77.51,78.79,3650
147,77.65,78.5399,77.65,78.22,6791
148,78.62,78.75,77.85,77.88,7039
149,79.585,79.72,78.795,78.92,16216
150,79.49,80.319,79.49,79.72,10365
151,79.925,80.25,79.12,79.53,20068
152,79.6,80.25,79.6,79.8,9900
153,79.99,79.99,79.6,79.72,5150
154,80.13,80.35,79.71,79.99,16131
155,80.111,80.24,79.82,80.13,9661
156,79.905,80.33,79.8,80.07,7000
157,80.1,80.24,79.85,79.86,9600
158,80.195,80.255,79.97,80.14,6220
159,79.76,80.2,79.76,80.14,7400
160,79.6,79.96,79.6,79.77,7399
161,79.96,79.96,79.56,79.705,4150
162,79.93,80.21,79.93,79.995,8464
163,79.91,79.98,79.82,79.89,2300
164,79.985,80.155,79.85,79.915,6100
165,80.06,80.15,79.87,79.98,4899
166,79.92,80.15,79.92,80.0447,6839
167,79.755,80.01,79.69,79.9,3000
168,79.6,79.84,79.57,79.73,3600
169,79.845,79.89,79.62,79.77,2300
170,80.3,80.48,79.75,79.76,21633
171,80.35,80.37,80.1,80.23,18598
172,80.7799,80.92,80.4,80.4,50443
173,81.1,81.4,80.775,80.775,21342
174,80.76,81.12,80.755,81.08,26231
175,80.89,80.94,80.57,80.86,10285
176,81.07,81.08,80.85,80.85,10304
177,80.97,81.15,80.83,81.01,17256
178,81.92,82,80.85,81.03,24216
179,81.56,81.925,81.56,81.925,8245
180,81.47,81.7,81.41,81.56,12447
181,81.34,81.48,81.03,81.48,15714
182,81.01,81.46,80.8,81.35,28190
183,81.68,81.8,81.19,81.19,380232
288,81.85,81.85,81.85,81.85,2646
289,82.535,82.535,81.8,81.86,7169
290,81.69,81.83,81,81.7708,13200
291,81.97,82.04,81.28,81.55,12234
292,81.59,81.97,81.37,81.54,4996
293,81.855,81.92,81.46,81.7,5380
294,81.84,82,81.5,81.85,7800
295,81.53,81.93,81.45,81.905,6125
296,81.89,82.12,81.57,81.57,8657
297,81.24,81.82,80.89,81.82,8137
298,80.815,81.46,80.72,81.34,7400
299,80.51,81.12,80.4,80.85,7790
300,80.77,80.89,80.06,80.5044,10575
301,80.96,81.16,80.005,80.53,6809
302,81.1,81.4,81.0146,81.17,10613
303,80.725,81.27,80.65,81,5232
304,80.67,81.055,80.4401,80.765,13400
305,80.89,80.89,80.53,80.58,4800
306,81.11,81.14,80.88,80.96,6200
307,80.81,81.2,80.81,81.145,4000
308,80.66,80.9,80.58,80.81,5500
309,80.36,80.6599,80.34,80.6599,2200
310,80.52,80.69,80.44,80.44,3489
311,80.39,80.475,80.38,80.45,3750
312,80.085,80.45,80.04,80.34,5250
313,80.47,80.47,80.02,80.18,5900
314,80.62,80.66,80.46,80.46,3000
315,80.92,81.01,80.6,80.6,8580
316,80.97,81.04,80.75,80.8,8995
317,81.33,81.38,81.03,81.03,7900
318,81.69,81.85,81.33,81.34,8900
319,81.3837,81.71,81.3837,81.69,2300
320,81.46,81.78,81.46,81.48,5854
321,81.34,81.48,81.0001,81.4,4900
322,81.305,81.66,81.23,81.45,6876
323,81.51,81.51,81.18,81.22,5500
324,81.45,81.625,81.31,81.58,9000
325,81.59,81.76,81.38,81.41,18403
326,81.46,81.63,81.38,81.6,24116
327,81.44,81.51,81.36,81.39,56828
432,81.29,81.29,81.29,81.29,2253
433,81.31,81.97,80.45,81.97,6200
434,81.69,81.69,81.1,81.1,3250
435,81.69,81.82,81.47,81.7,22100
436,81.52,81.95,81.52,81.6416,6690
437,81.23,81.5199,81.15,81.36,4400
438,81.96,82.13,81.12,81.39,25259
439,81.88,82.17,81.87,82.025,3922
440,82.08,82.269,81.81,81.94,7585
441,82.045,82.27,81.89,81.95,5500
442,81.29,82.05,81.24,82.05,8130
443,81.115,81.35,81.05,81.33,3695
444,81.3,81.88,81.23,81.23,44334
445,81.59,81.71,81.31,81.32,4775
446,81.84,81.88,81.59,81.59,5413
447,81.96,82,81.84,81.84,2725
448,82,82.16,81.82,81.84,6029
449,82.005,82.15,81.92,82.05,11358
450,82.01,82.075,81.85,82.02,13491
451,81.99,82.08,81.92,82.06,13818
452,82.01,82.01,81.86,81.96,3953
453,82.045,82.09,81.98,81.985,9184
454,81.85,82.15,81.85,81.97,5700
455,81.74,81.85,81.68,81.81,3872
456,81.95,81.95,81.74,81.85,1208
457,81.94,82.07,81.8,81.9,7000
458,82,82.07,81.9,81.925,8402
459,82,82.09,81.81,82,16058
460,82.305,82.305,81.985,82,7400
461,82.25,82.59,82.185,82.38,8558
462,82.41,82.5,82.17,82.23,12342
463,82.68,82.71,82.41,82.47,8377
464,82.49,82.75,82.46,82.5624,8388
465,82.22,82.45,82.22,82.43,2900
466,82.32,82.38,82.24,82.34,3500
467,82.6,82.6,82.16,82.38,18752
468,82.4,82.465,82.31,82.43,7972
469,82.6,82.6,82.37,82.42,19856
470,82.3,82.6,82.28,82.585,27127
471,82.16,82.415,82.04,82.405,208396
864,82,82.45,82,82.45,1147
865,82.57,82.91,81.54,82.8,9629
866,81.84,82.475,81.57,82.475,8417
867,81.5,82.265,81.1,82.06,14845
868,82.48,82.5,81.55,81.7,8700
869,82.245,82.76,82,82.44,9200
870,82.2215,82.2215,81.71,82.16,3525
871,82.16,82.35,82.1,82.245,1900
872,82.03,82.37,81.975,82.06,4730
873,81.97,82.09,81.75,82.09,3925
874,81.91,82,81.65,81.92,4700
875,81.9,82.005,81.84,81.91,7421
876,82.34,82.525,81.78,81.9,14058
877,82.39,82.56,82.09,82.3,25443
878,82.08,82.41,81.96,82.37,4506
879,81.9825,82.03,81.79,82.03,5555
880,81.705,82.24,81.68,82,8803
881,81.48,81.71,81.4,81.71,19401
882,81.81,81.94,81.42,81.48,15642
883,81.655,81.85,81.315,81.835,19000
884,82.09,82.09,81.43,81.635,12256
885,82.13,82.27,82.05,82.12,32733
