EXCHANGE%3DNASDAQ
MARKET_OPEN_MINUTE=570
MARKET_CLOSE_MINUTE=960
INTERVAL=600
COLUMNS=DATE,CLOSE,HIGH,LOW,OPEN,VOLUME
DATA=
TIMEZONE_OFFSET=-240
a1493127600,25.44,25.44,25.44,25.44,100
1,25.41,25.41,25.4,25.4,200
2,25.35,25.4499,25.35,25.4499,2298
7,25.46,25.4699,25.46,25.46,2400
20,25.56,25.56,25.55,25.55,300
21,25.56,25.56,25.56,25.56,600
22,25.58,25.58,25.56,25.56,800
23,25.59,25.59,25.58,25.58,600
24,25.57,25.57,25.57,25.57,600
25,25.56,25.56,25.56,25.56,600
26,25.56,25.56,25.56,25.56,600
27,25.56,25.56,25.5126,25.5126,850
28,25.57,25.57,25.56,25.56,600
29,25.57,25.57,25.57,25.57,600
30,25.5699,25.5699,25.56,25.56,900
31,25.55,25.56,25.53,25.56,900
32,25.55,25.55,25.55,25.55,600
33,25.59,25.59,25.56,25.56,600
34,25.6,25.6,25.59,25.59,600
35,25.61,25.61,25.6,25.6,600
36,25.6,25.6,25.6,25.6,600
37,25.5887,25.6,25.58,25.6,700
38,25.58,25.58,25.58,25.58,600
148,25.29,25.29,25.29,25.29,100
154,25.196,25.196,25.196,25.196,425
165,25.3,25.3,25.29,25.29,200
169,25.29,25.29,25.29,25.29,640
171,25.291,25.3088,25.291,25.3088,423
176,25.31,25.31,25.31,25.31,400
177,25.3047,25.33,25.3047,25.33,400
287,25.46,25.46,25.46,25.46,100
291,25.62,25.62,25.62,25.62,100
295,25.789,25.789,25.789,25.789,500
433,25.4272,25.4272,25.4272,25.4272,200
434,25.38,25.41,25.38,25.41,2200
435,25.37,25.37,25.28,25.28,400
438,25.18,25.18,25.18,25.18,100
439,25.16,25.16,25.16,25.16,100
440,25.25,25.3099,25.22,25.22,782
441,25.19,25.22,25.19,25.22,400
442,25.22,25.22,25.22,25.22,400
443,25.21,25.23,25.21,25.23,400
444,25.23,25.23,25.2,25.2,300
445,25.15,25.16,25.15,25.16,400
446,25.22,25.22,25.15,25.15,400
447,25.19,25.19,25.18,25.18,400
448,25.19,25.19,25.19,25.19,400
449,25.2,25.2,25.19,25.19,400
450,25.21,25.21,25.19,25.19,600
451,25.2201,25.24,25.19,25.19,700
452,25.18,25.18,25.1501,25.1501,400
453,25.14,25.14,25.14,25.14,400
454,25.13,25.14,25.12,25.14,500
455,25.11,25.12,25.11,25.12,400
456,25.19,25.19,25.1668,25.17,700
457,25.195,25.195,25.14,25.14,400
458,25.13,25.14,25.13,25.14,400
459,25.18,25.18,25.13,25.13,400
460,25.11,25.12,25.11,25.12,400
461,25.1,25.11,25.1,25.11,400
462,25.08,25.09,25.08,25.09,400
463,25.08,25.08,25.08,25.08,400
464,25.11,25.11,25.06,25.06,400
465,25.06,25.06,25.06,25.06,400
466,25.06,25.06,25.06,25.06,400
467,25.06,25.07,25.06,25.07,400
469,25.08,25.13,25.08,25.13,500
470,25.06,25.18,25.06,25.145,2700
867,25.18,25.18,25.18,25.18,100
869,25.08,25.08,25.08,25.08,300
890,25.39,25.39,25.39,25.39,200
891,25.3401,25.3401,25.3401,25.3401,176
a1493732400,25.2,25.2,25.2,25.2,300
5,25.111,25.111,25.111,25.111,175
11,25.01,25.01,25.01,25.01,600
30,24.94,24.96,24.94,24.96,500
31,24.97,24.97,24.97,24.97,100
37,24.9906,24.9906,24.9906,24.9906,400
146,24.908,24.9276,24.908,24.9276,200
151,24.8799,24.8799,24.8799,24.8799,333
153,24.8199,24.8199,24.79,24.79,125937
166,24.9782,24.9782,24.9782,24.9782,241
167,24.9999,24.9999,24.99,24.99,800
182,24.98,24.98,24.93,24.93,287
287,25.09,25.09,25.09,25.09,100
288,24.9501,24.9501,24.9501,24.9501,115
289,25.0326,25.0326,24.9775,24.9775,308
290,25.0399,25.0399,25.0399,25.0399,276
291,25.0499,25.0499,25.0499,25.0499,114
292,25.1299,25.1299,25.1299,25.1299,229
294,25.0426,25.0426,25.0426,25.0426,219
295,25.0628,25.0628,25.0628,25.0628,1404
299,25.08,25.08,25.038,25.038,450
303,25.0499,25.0499,25.0499,25.0499,365
305,24.91,24.91,24.91,24.91,300
326,24.95,24.95,24.95,24.95,200
433,25.01,25.01,25.01,25.01,100
434,24.92,24.97,24.92,24.97,1968
454,24.93,24.93,24.93,24.93,200
465,25.0399,25.0399,25.0399,25.0399,157
468,24.95,24.95,24.95,24.95,100
470,25,25.1,25,25.1,200
880,25,25,25,25,300
898,25.01,25.01,25.01,25.01,500
900,24.9699,24.98,24.9699,24.98,274
a1494339000,25.18,25.18,25.18,25.18,200
9,25.2323,25.2323,25.2323,25.2323,200
17,25.2771,25.2771,25.2771,25.2771,1000
24,25.3001,25.3001,25.3001,25.3001,104
35,25.3,25.3,25.3,25.3,200
165,25.5,25.5,25.5,25.5,300
166,25.6,25.6,25.6,25.6,375
170,25.49,25.49,25.49,25.49,100
172,25.56,25.56,25.56,25.56,100
175,25.54,25.54,25.54,25.54,100
176,25.5499,25.5499,25.52,25.52,900
177,25.5,25.5,25.5,25.5,400
287,25.43,25.43,25.43,25.43,200
288,25.4,25.4,25.4,25.4,100
289,25.372,25.372,25.372,25.372,139
298,25.39,25.39,25.39,25.39,200
302,25.48,25.48,25.48,25.48,100
306,25.48,25.48,25.48,25.48,118
307,25.5,25.5,25.5,25.5,600
309,25.53,25.53,25.53,25.53,100
315,25.64,25.64,25.64,25.64,27729
316,25.64,25.64,25.64,25.64,100
322,25.4801,25.4801,25.4801,25.4801,491
430,25.52,25.52,25.52,25.52,200
441,25.5318,25.5318,25.5318,25.5318,204
448,25.54,25.54,25.54,25.54,100
454,25.5599,25.5599,25.5599,25.5599,168
456,25.52,25.52,25.52,25.52,100
460,25.426,25.426,25.426,25.426,500
464,25.49,25.49,25.49,25.49,100
863,25.7,25.7,25.7,25.7,200
887,25.908,25.908,25.908,25.908,550
895,25.7908,25.7908,25.7908,25.7908,392
899,25.89,25.89,25.87,25.87,200
a1494943200,25.93,25.93,25.93,25.93,100
3,25.93,25.93,25.93,25.93,100
7,26.0399,26.0399,26.0399,26.0399,210
8,25.9375,25.9375,25.9001,25.9001,1000
18,26.06,26.06,26.06,26.06,300
19,25.98,26.045,25.98,26.045,1000
31,26.1985,26.1988,26.1985,26.1988,780
146,25.72,25.72,25.68,25.68,200
148,25.63,25.63,25.63,25.63,100
155,25.401,25.401,25.401,25.401,212
158,25.4087,25.4087,25.4087,25.4087,126
162,25.435,25.435,25.435,25.435,100
171,25.239,25.239,25.239,25.239,150
176,25.1589,25.1589,25.1589,25.1589,200
180,24.88,24.88,24.88,24.88,200
286,24.8812,24.8812,24.8812,24.8812,1000
313,25.288,25.33,25.2701,25.28,2956
314,25.3899,25.3899,25.3899,25.3899,231
316,25.314,25.36,25.314,25.36,3800
321,25.3112,25.3437,25.3112,25.3437,1000
440,25.67,25.67,25.67,25.67,900
446,25.65,25.65,25.65,25.65,100
449,25.65,25.651,25.65,25.651,9206
453,25.684,25.7,25.6501,25.6501,828
455,25.7299,25.7299,25.7299,25.7299,250
460,25.72,25.72,25.6815,25.72,1760
461,25.6915,25.73,25.6915,25.73,648
467,25.6008,25.6008,25.6008,25.6008,106
468,25.61,25.61,25.61,25.61,100
861,25.91,25.91,25.91,25.91,102
865,25.7,25.74,25.7,25.72,996
871,25.68,25.68,25.68,25.68,200
878,25.77,25.77,25.77,25.77,100
879,25.7726,25.7726,25.7726,25.7726,150
890,25.73,25.73,25.73,25.73,200
898,25.81,25.81,25.81,25.81,100
a1495551000,25.6,25.6,25.6,25.6,100
5,25.69,25.7079,25.69,25.7079,643
15,25.7115,25.7115,25.7115,25.7115,155
16,25.7305,25.7305,25.7305,25.7305,461
20,25.6495,25.6495,25.6495,25.6495,210
21,25.6581,25.6581,25.6581,25.6581,411
22,25.6958,25.6958,25.6958,25.6958,157
24,25.71,25.71,25.71,25.71,200
26,25.68,25.68,25.68,25.68,200
27,25.7489,25.7489,25.7489,25.7489,300
139,25.904,25.904,25.904,25.904,100
142,25.85,25.85,25.85,25.85,100
144,25.81,25.81,25.81,25.81,100
149,25.89,25.89,25.89,25.89,100
154,25.888,25.888,25.888,25.888,150
159,25.866,25.866,25.866,25.866,143
164,25.8899,25.8899,25.8899,25.8899,130
166,25.91,25.91,25.8899,25.8899,1316
168,25.82,25.82,25.82,25.82,100
173,25.999,25.999,25.999,25.999,100
175,26,26.0399,26,26.0399,400
285,26.08,26.13,26.08,26.13,300
290,26.1497,26.1497,26.1497,26.1497,190
291,26.12,26.12,26.12,26.12,100
294,26.0596,26.115,26.0596,26.115,2127
295,26.06,26.06,26.06,26.06,200
296,26.14,26.146,26.13,26.13,1024
301,26.07,26.13,26.06,26.11,1716
302,26.1599,26.1599,26.15,26.15,204
306,26.08,26.08,26.08,26.08,200
311,26.09,26.09,26.09,26.09,100
317,26.0701,26.0701,26.0701,26.0701,126
319,26.07,26.07,26.07,26.07,100
424,26.24,26.24,26.24,26.24,100
425,26.1,26.1,26.1,26.1,400
431,26.095,26.1099,26.09,26.09,1650
435,26.0013,26.0013,26.0013,26.0013,198
439,26.01,26.01,26.01,26.01,100
442,26.15,26.15,26.13,26.13,1500
447,26.15,26.15,26.15,26.15,400
460,26.22,26.22,26.22,26.22,100
463,26.24,26.24,26.24,26.24,100
a1496160000,26.4399,26.4399,26.4399,26.4399,142
7,26.39,26.39,26.3842,26.3842,653
133,26.21,26.3099,26.21,26.3099,415
134,26.2899,26.2899,26.2515,26.2515,486
135,26.3399,26.3399,26.3399,26.3399,123
137,26.27,26.27,26.27,26.27,100
149,26.3001,26.3001,26.3001,26.3001,123
152,26.35,26.35,26.35,26.35,200
156,26.3,26.3,26.3,26.3,200
163,26.3,26.3,26.3,26.3,100
275,26.3641,26.3641,26.3641,26.3641,500
277,26.3396,26.3406,26.3396,26.3406,300
281,26.2503,26.2503,26.2503,26.2503,200
284,26.29,26.29,26.29,26.29,100
285,26.296,26.296,26.296,26.296,200
287,26.32,26.32,26.32,26.32,300
294,26.3364,26.3364,26.3364,26.3364,244
297,26.2901,26.2901,26.2901,26.2901,500
302,26.3042,26.3042,26.3042,26.3042,125
308,26.3115,26.3115,26.3115,26.3115,200
422,26.4,26.4,26.4,26.4,100
424,26.4899,26.4899,26.4899,26.4899,316
430,26.4887,26.4887,26.4887,26.4887,755
432,26.5452,26.5452,26.5452,26.5452,143
434,26.541,26.541,26.541,26.541,425
436,26.4601,26.4601,26.4601,26.4601,106
443,26.5635,26.5635,26.5635,26.5635,100
444,26.4945,26.51,26.47,26.51,517
446,26.51,26.51,26.51,26.51,100
455,26.53,26.53,26.53,26.53,100
456,26.53,26.559,26.53,26.53,500
849,26.87,26.87,26.87,26.87,100
850,26.6,26.6,26.6,26.6,100
852,26.59,26.59,26.59,26.59,200
879,26.5931,26.5931,26.5931,26.5931,175
994,26.6,26.6,26.6,26.6,112
a1496760000,26.8725,26.8725,26.8725,26.8725,185
2,26.8632,26.8632,26.8632,26.8632,200
3,26.8394,26.8394,26.8394,26.8394,104
9,26.85,26.85,26.85,26.85,200
16,26.81,26.89,26.81,26.89,50310
24,26.94,26.95,26.875,26.88,1800
28,26.89,26.89,26.89,26.89,200
30,26.73,26.8,26.73,26.8,200
141,27.01,27.01,27.01,27.01,300
144,26.92,27.07,26.92,27.07,1320
147,27.0899,27.09,27.0899,27.09,200
148,27.1,27.1,27.1,27.1,100
149,27.0949,27.0949,27.0949,27.0949,257
152,27.0184,27.0184,27.0184,27.0184,250
155,26.97,26.97,26.97,26.97,100
157,26.92,26.94,26.92,26.94,400
158,26.8656,26.8656,26.8655,26.8655,518
160,26.8681,26.8692,26.8681,26.8692,699
161,26.84,26.9093,26.821,26.8532,3094
162,26.83,26.84,26.83,26.83,4773
163,26.8514,26.862,26.83,26.83,1613
168,26.9183,26.955,26.9183,26.955,500
169,26.89,26.93,26.89,26.93,500
171,26.91,26.91,26.91,26.91,100
173,26.98,26.98,26.98,26.98,400
175,26.98,26.98,26.98,26.98,100
282,27.0299,27.0299,27.0299,27.0299,119
284,27.0599,27.0599,27.0599,27.0599,416
285,27.1205,27.1205,27.1205,27.1205,200
286,27.0107,27.0107,27.01,27.01,666
288,27.1499,27.1499,27.1499,27.1499,200
292,27.1301,27.1301,27.1301,27.1301,120
308,27.3465,27.3465,27.3465,27.3465,125
311,27.28,27.28,27.28,27.28,100
313,27.2742,27.2742,27.2742,27.2742,275
316,27.34,27.34,27.34,27.34,400
427,27.625,27.63,27.625,27.63,200
429,27.55,27.55,27.55,27.55,100
433,27.53,27.53,27.53,27.53,300
438,27.3691,27.411,27.3691,27.411,400
439,27.3826,27.3826,27.3826,27.3826,200
440,27.3001,27.3001,27.3001,27.3001,265
446,26.9168,26.9168,26.9168,26.9168,200
447,26.8,26.8,26.8,26.8,100
448,26.71,26.77,26.71,26.77,600
452,26.62,26.62,26.62,26.62,100
453,26.4899,26.4899,26.4899,26.4899,100
455,26.4054,26.4054,26.4054,26.4054,200
457,26,26.25,25.992,26.25,830
460,26.3306,26.3306,26.3306,26.3306,100
462,26.325,26.325,26.31,26.32,400
463,26.24,26.24,26.24,26.24,200
464,26.2604,26.2604,26.2604,26.2604,100
857,26.18,26.18,26.18,26.18,200
858,25.73,26,25.73,26,2466
863,25.5744,25.6199,25.5744,25.6199,953
870,26.07,26.07,26.07,26.07,100
875,25.9395,25.9399,25.9395,25.9399,800
884,25.89,25.89,25.89,25.89,100
886,25.8997,25.8997,25.8997,25.8997,549
887,25.8719,25.97,25.8501,25.8501,2610
888,25.94,25.94,25.891,25.891,1168
890,25.9815,25.9815,25.96,25.96,300
891,25.93,25.94,25.93,25.94,300
893,25.9711,25.9711,25.9711,25.9711,200
895,25.9415,25.9415,25.9415,25.9415,200
a1497360600,26.08,26.08,26.08,26.08,101
1,26.33,26.33,26.33,26.33,100
4,26.3706,26.3706,26.3706,26.3706,200
5,26.3099,26.3099,26.3099,26.3099,464
8,26.0101,26.0901,26.0101,26.0901,313
9,25.8812,25.8812,25.8812,25.8812,200
10,26.0599,26.0599,26.0599,26.0599,760
14,26.135,26.138,26.1175,26.13,1800
15,26.2238,26.2238,26.2238,26.2238,206
16,26.177,26.177,26.177,26.177,200
19,26.12,26.12,26.12,26.12,100
26,26.13,26.13,26.13,26.13,200
28,26.1699,26.1699,26.1699,26.1699,163
33,26.0875,26.1199,26.0875,26.1199,344
144,26.46,26.46,26.46,26.46,216
145,26.1184,26.1184,26.1184,26.1184,260
147,26.1164,26.1164,26.1164,26.1164,400
148,26,26,26,26,200
149,26.1112,26.1112,26.1112,26.1112,116
151,26,26,26,26,100
154,26.0299,26.0299,26.0299,26.0299,349
156,26.09,26.1,26.07,26.075,1600
162,26,26,26,26,100
167,26,26,26,26,200
172,25.8601,25.8601,25.8601,25.8601,385
175,25.872,25.872,25.872,25.872,500
176,25.72,25.72,25.72,25.72,200
290,25.42,25.4999,25.42,25.4999,568
322,25.4762,25.5,25.4762,25.5,600
325,25.4692,25.4692,25.4692,25.4692,117
435,25.6,25.6,25.54,25.6,387
441,25.4599,25.4599,25.4599,25.4599,178
454,25.41,25.41,25.4099,25.4099,200
457,25.3748,25.3748,25.3748,25.3748,500
468,25.35,25.35,25.35,25.35,283
471,25.39,25.39,25.39,25.39,100
864,25.46,25.46,25.46,25.46,313
865,25.46,25.46,25.43,25.43,1397
885,25.7018,25.7018,25.7018,25.7018,350
893,25.7,25.7,25.7,25.7,500
a1497971400,25.63,25.63,25.63,25.63,100
1,25.6301,25.6301,25.6301,25.6301,132
5,25.65,25.65,25.65,25.65,100
7,25.6216,25.68,25.6216,25.68,1090
19,25.61,25.61,25.61,25.61,100
20,25.58,25.58,25.58,25.58,100
24,25.5656,25.5656,25.535,25.535,600
25,25.56,25.56,25.51,25.51,202
27,25.53,25.53,25.53,25.53,2000
134,25.73,25.73,25.73,25.73,119
136,25.6299,25.6299,25.5956,25.5956,340
137,25.5599,25.5599,25.51,25.51,329
146,25.7,25.7,25.7,25.7,100
148,25.6825,25.7099,25.6825,25.7099,1400
151,25.63,25.67,25.63,25.67,1286
156,25.683,25.683,25.683,25.683,269
157,25.7026,25.7026,25.7026,25.7026,200
162,25.67,25.67,25.67,25.67,100
279,25.61,25.61,25.61,25.61,100
288,25.63,25.63,25.63,25.63,100
291,25.5575,25.5575,25.5575,25.5575,955
292,25.5426,25.5426,25.5426,25.5426,114
303,25.5901,25.5901,25.5901,25.5901,113
304,25.67,25.67,25.67,25.67,100
306,25.6843,25.6843,25.6843,25.6843,291
308,25.69,25.69,25.66,25.66,800
311,25.6696,25.6696,25.6696,25.6696,380
313,25.67,25.67,25.67,25.67,100
425,25.5201,25.5201,25.5201,25.5201,1050
426,25.6799,25.6799,25.6799,25.6799,316
427,25.652,25.652,25.58,25.59,2511
428,25.77,25.77,25.77,25.77,100
433,25.73,25.77,25.73,25.77,500
439,25.77,25.77,25.77,25.77,200
443,25.813,25.813,25.813,25.813,400
444,25.81,25.81,25.81,25.81,100
445,25.8099,25.8099,25.8099,25.8099,320
454,25.79,25.79,25.79,25.79,200
456,25.74,25.74,25.74,25.74,100
458,25.75,25.75,25.75,25.75,100
859,25.75,25.75,25.75,25.75,100
867,25.45,25.45,25.45,25.45,450
871,25.49,25.49,25.49,25.49,100
999,25.25,25.25,25.25,25.25,100
a1498572600,25.1305,25.1777,25.1305,25.14,509
13,25.2921,25.2921,25.2921,25.2921,200
24,24.9999,24.9999,24.9999,24.9999,172
34,24.7801,24.7801,24.7801,24.7801,493
141,24.806,24.806,24.806,24.806,400
143,24.711,24.72,24.711,24.72,200
160,25.08,25.1,25.08,25.1,900
162,25.08,25.08,25.08,25.08,400
170,25.1,25.1,25.1,25.1,650
174,25.1035,25.1035,25.1035,25.1035,300
177,25.1535,25.1535,25.1535,25.1535,100
284,25.32,25.32,25.32,25.32,900
285,25.32,25.32,25.32,25.32,100
289,24.75,24.75,24.75,24.75,100
291,24.78,24.795,24.721,24.795,1600
292,24.7301,24.79,24.7301,24.79,500
294,24.6799,24.6799,24.6799,24.6799,641
313,24.3674,24.3674,24.3674,24.3674,340
314,24.4599,24.4599,24.4599,24.4599,134
323,24.5756,24.5756,24.5756,24.5756,558
437,24.4228,24.4228,24.4228,24.4228,200
442,24.37,24.37,24.37,24.37,200
445,24.4337,24.4337,24.4337,24.4337,608
455,24.4899,24.4899,24.4899,24.4899,433
467,24.39,24.39,24.39,24.39,100
867,24.4017,24.4017,24.4017,24.4017,200
869,24.17,24.25,24.17,24.25,1200
877,24.1133,24.1133,24.1133,24.1133,115
a1499262000,24.38,24.38,24.38,24.38,300
3,24.304,24.304,24.304,24.304,372
4,24.3691,24.3899,24.3691,24.3899,1082
7,24.4799,24.4799,24.4799,24.4799,183
8,24.36,24.4799,24.36,24.4799,422
9,24.39,24.39,24.3899,24.3899,1000
11,24.5,24.52,24.4547,24.46,6114
28,24.535,24.56,24.535,24.56,200
29,24.54,24.54,24.54,24.54,326
38,24.66,24.66,24.66,24.66,100
