EXCHANGE%3DNASDAQ
MARKET_OPEN_MINUTE=570
MARKET_CLOSE_MINUTE=960
INTERVAL=600
COLUMNS=DATE,CLOSE,HIGH,LOW,OPEN,VOLUME
DATA=
TIMEZONE_OFFSET=-240
a1493127000,40.42,40.42,40.42,40.42,592
1,40.715,40.78,40.47,40.47,300
2,40.83,40.83,40.6,40.75,900
3,40.69,40.85,40.69,40.85,800
4,40.99,41,40.69,40.69,2294
5,41.01,41.28,40.9,40.99,9753
6,41.21,41.21,41,41,2040
7,41.2,41.2,41.13,41.2,1200
8,41.27,41.27,41.16,41.16,400
9,41.24,41.24,41.24,41.24,100
10,41.22,41.32,41.19,41.24,900
11,41.46,41.46,41.3,41.3,800
12,41.085,41.52,41.085,41.52,2000
13,41.05,41.09,40.89,41.04,6600
14,40.95,41.19,40.895,41.07,9287
15,40.99,40.99,40.97,40.97,300
16,41.1,41.1,41.1,41.1,100
17,40.99,41.03,40.96,41.03,800
19,40.88,40.955,40.88,40.955,800
20,40.89,40.89,40.79,40.79,500
21,40.99,41.05,40.99,41.04,500
22,41.08,41.08,41.08,41.08,100
23,41.2,41.2,41.1412,41.18,400
24,41.23,41.27,41.14,41.2,800
25,41.23,41.23,41.23,41.23,100
26,41.4,41.51,41.25,41.25,2088
27,41.47,41.47,41.35,41.39,400
30,41.46,41.53,41.46,41.49,1269
32,41.55,41.55,41.27,41.47,1700
34,41.66,41.66,41.54,41.57,1000
35,41.59,41.69,41.58,41.68,800
36,41.62,41.64,41.51,41.59,700
37,41.5,41.62,41.485,41.485,500
38,41.56,41.58,41.5,41.54,3382
39,41.47,41.58,41.47,41.56,7374
144,41.12,41.12,41.12,41.12,701
145,41.54,41.54,40.98,41.03,1700
146,41.825,41.91,41.505,41.59,2300
147,41.8,42.03,41.8,41.83,2800
148,41.655,41.98,41.655,41.76,2800
149,41.8399,41.9,41.51,41.51,2500
150,41.86,41.97,41.7,41.84,2322
151,41.76,41.96,41.73,41.875,6400
152,41.8,41.88,41.73,41.81,2763
153,41.8,41.82,41.75,41.81,7476
154,41.74,41.74,41.67,41.73,900
155,41.7,41.77,41.7,41.73,1400
156,41.73,41.82,41.67,41.7,5600
157,41.68,41.73,41.64,41.705,600
158,41.55,41.73,41.415,41.71,1700
159,41.68,41.68,41.55,41.55,1400
160,41.67,41.8,41.45,41.8,1800
161,41.675,41.74,41.675,41.72,300
162,41.88,41.88,41.68,41.68,1000
163,42.02,42.02,41.9,41.9,500
164,42.2899,42.33,42.2899,42.33,200
165,42.12,42.25,42.0118,42.25,4400
166,42.25,42.25,42.19,42.19,400
167,42.14,42.16,42.14,42.16,200
168,42.26,42.26,42.24,42.24,600
169,42.3099,42.3099,42.3099,42.3099,100
170,42.35,42.36,42.34,42.35,3700
171,42.42,42.48,42.345,42.345,1000
172,42.53,42.53,42.38,42.38,3300
173,42.55,42.56,42.55,42.55,400
174,42.6,42.7,42.58,42.58,300
175,42.59,42.61,42.55,42.61,900
176,42.75,42.75,42.61,42.61,500
177,42.6,42.655,42.59,42.59,500
178,42.59,42.59,42.515,42.515,200
179,42.83,42.83,42.71,42.73,888
180,42.83,42.87,42.68,42.82,1524
181,42.9,42.93,42.845,42.86,4428
182,43.02,43.02,42.91,42.91,6841
183,42.97,43.04,42.935,43,20688
288,42.97,42.97,42.97,42.97,609
290,42.75,43.07,42.625,42.64,1300
291,42.75,42.75,42.75,42.75,601
292,42.63,42.78,42.57,42.75,2500
293,42.73,42.74,42.55,42.55,2200
294,42.5,42.73,42.5,42.73,1300
295,42.59,42.63,42.39,42.49,2856
296,42.49,42.64,42.34,42.64,1900
297,42.14,42.35,42.14,42.35,400
298,42.2,42.2,42.2,42.2,200
299,42.18,42.25,42.06,42.21,900
300,42.22,42.22,42.16,42.16,200
301,41.84,42.03,41.84,42.03,1100
302,41.76,41.89,41.76,41.82,500
303,41.66,41.75,41.63,41.69,1300
304,42,42,41.695,41.695,500
305,42.02,42.06,42.02,42.06,300
306,42.01,42.01,42.01,42.01,300
307,41.98,42.125,41.94,42.06,1200
308,42.095,42.095,42.06,42.06,200
309,42.25,42.25,42.13,42.18,433
310,42.33,42.33,42.19,42.23,1570
312,42.19,42.29,42.17,42.29,500
313,42.265,42.265,42.2,42.21,500
314,42.28,42.28,42.28,42.28,100
315,42.18,42.34,42.18,42.26,1300
316,42.09,42.23,42.09,42.23,400
317,42.03,42.03,42.03,42.03,100
318,42.265,42.265,42.03,42.03,1000
319,42.25,42.265,42.2,42.265,2018
320,42.46,42.58,42.4,42.4,1200
322,42.32,42.32,42.2,42.26,1783
323,42.31,42.31,42.31,42.31,100
324,42.1,42.27,42.1,42.27,600
325,42.16,42.31,42.13,42.25,1800
326,42.1675,42.22,42.1,42.19,2200
327,42.17,42.26,42.07,42.2,13205
432,42.42,42.42,42.42,42.42,325
433,42.26,42.26,42.26,42.26,100
434,42.05,42.1652,42.05,42.1652,1058
435,42.14,42.14,42.03,42.05,400
436,42.31,42.31,42.31,42.31,100
437,42.24,42.33,42.24,42.32,850
438,42.28,42.28,42.28,42.28,100
439,42.37,42.4,42.2,42.39,900
440,42.28,42.36,42.28,42.36,400
441,42.07,42.07,42.07,42.07,100
442,42.27,42.3,42.265,42.265,1300
443,42.41,42.43,42.22,42.26,2100
444,42.4,42.43,42.295,42.295,800
445,42.38,42.44,42.26,42.415,800
446,42.27,42.29,42.24,42.29,1000
447,42.34,42.34,42.255,42.28,900
449,42.355,42.41,42.355,42.41,300
450,42.35,42.4,42.31,42.4,1400
451,42.48,42.48,42.33,42.36,500
452,42.54,42.54,42.54,42.54,100
453,42.75,42.75,42.6,42.6,900
454,42.78,42.78,42.78,42.78,100
455,42.74,42.79,42.72,42.79,800
456,42.95,42.96,42.735,42.74,4099
459,42.74,42.74,42.71,42.71,4100
460,42.74,42.74,42.68,42.69,1836
462,42.695,42.74,42.65,42.74,600
463,42.72,42.74,42.64,42.65,1800
464,42.74,42.74,42.74,42.74,200
465,42.66,42.71,42.66,42.71,300
467,42.67,42.67,42.67,42.67,200
468,42.72,42.72,42.72,42.72,100
469,42.415,42.66,42.415,42.66,1400
470,42.49,42.5,42.3,42.335,1800
471,42.29,42.51,42.26,42.51,14570
864,42.5,42.5,42.5,42.5,130
865,41.93,41.94,41.93,41.94,200
866,41.92,42.17,41.77,41.77,1284
867,41.9,41.91,41.87,41.87,400
868,41.69,41.69,41.68,41.69,300
869,41.63,41.88,41.58,41.76,2500
870,41.48,41.6,41.44,41.6,900
871,41.67,41.67,41.43,41.43,700
872,41.61,41.61,41.61,41.61,100
873,41.65,41.65,41.52,41.62,600
874,41.85,41.85,41.7,41.7,400
875,42,42,41.9,41.9,900
876,41.95,41.99,41.95,41.95,500
877,41.75,41.91,41.75,41.91,600
879,41.95,42.04,41.95,42.04,200
880,42.02,42.03,42.01,42.03,400
883,42.12,42.12,42.12,42.12,100
884,42.12,42.12,42.12,42.12,100
885,42.08,42.08,41.895,42.02,1000
886,41.95,42.08,41.93,42.08,500
887,42.1,42.21,42.08,42.08,5600
890,42.51,42.51,42.31,42.31,1008
891,42.505,42.53,42.47,42.53,800
892,42.32,42.56,42.27,42.54,900
893,42.23,42.3,42.23,42.3,200
894,42.06,42.17,42.06,42.115,600
895,42.06,42.06,42.06,42.06,200
896,42.03,42.15,42.03,42.0556,759
897,41.98,42.01,41.98,42.01,200
898,42.03,42.03,41.93,41.95,757
900,42.09,42.23,42.09,42.23,2925
901,41.925,42.09,41.925,42.09,2750
902,41.94,41.97,41.94,41.95,900
903,42.08,42.15,42.01,42.02,6074
a1493731800,42.18,42.18,42.18,42.18,238
3,42.18,42.18,42.16,42.16,200
4,42.22,42.65,42.22,42.33,4385
5,42.22,42.31,41.95,42.18,6355
6,42.65,42.65,42.28,42.38,4437
7,42.62,42.62,42.585,42.585,800
8,42.64,42.74,42.64,42.74,700
9,42.515,42.515,42.515,42.515,100
11,42.51,42.51,42.47,42.47,300
12,42.44,42.44,42.44,42.44,100
13,42.3,42.39,42.3,42.39,200
15,42.03,42.03,42,42.01,4800
16,42.03,42.08,42.03,42.03,400
18,42.1,42.17,42.1,42.17,200
19,42.06,42.08,42.06,42.07,500
20,42,42.07,42,42.07,866
21,41.9999,41.9999,41.95,41.99,800
22,42,42.25,41.73,41.9,5784
23,41.7678,42.07,41.7678,42.05,1783
24,41.68,41.69,41.67,41.67,558
25,41.73,41.73,41.69,41.705,1600
26,41.68,41.68,41.63,41.67,409
27,41.68,41.68,41.68,41.68,100
29,41.75,41.75,41.71,41.71,200
30,41.68,41.7,41.635,41.7,1500
34,41.44,41.44,41.435,41.435,200
35,41.59,41.61,41.54,41.54,1200
36,41.655,41.655,41.655,41.655,100
37,41.76,41.76,41.65,41.65,300
39,41.71,41.76,41.66,41.66,5319
144,41.22,41.22,41.22,41.22,503
147,40.51,40.51,40.51,40.51,100
148,40.56,41.11,40.38,40.89,5711
149,40.12,40.305,40.11,40.305,1400
150,39.95,39.975,39.88,39.88,700
151,39.8,39.91,39.58,39.91,3500
152,39.66,39.87,39.66,39.87,300
153,39.62,39.735,39.53,39.735,10900
154,39.63,39.63,39.48,39.54,1289
155,39.83,39.83,39.68,39.68,800
156,40.18,40.25,39.87,39.87,1000
157,40.23,40.25,40.23,40.23,300
158,40.39,40.39,40.22,40.24,600
159,40.33,40.44,40.32,40.36,900
160,40.34,40.4,40.27,40.4,700
161,40.25,40.34,40.25,40.34,1000
162,40.31,40.31,40.31,40.31,100
163,40.31,40.31,40.31,40.31,300
164,40.305,40.305,40.305,40.305,100
165,40.185,40.28,40.185,40.27,500
166,40.09,40.2,40.09,40.2,844
167,40.045,40.155,40.04,40.155,1000
169,39.89,39.965,39.89,39.965,500
170,39.89,39.91,39.89,39.89,700
171,39.86,39.895,39.78,39.865,500
172,39.975,39.975,39.935,39.94,500
173,39.81,39.93,39.81,39.91,600
174,39.75,39.765,39.71,39.71,1100
175,39.73,39.74,39.67,39.74,1200
176,39.88,39.88,39.78,39.78,892
177,39.92,39.97,39.91,39.91,800
178,39.94,39.99,39.94,39.97,416
179,39.9,39.945,39.88,39.945,811
180,39.96,39.99,39.93,39.93,1100
181,39.875,39.91,39.85,39.91,2405
182,39.82,39.875,39.81,39.875,2300
183,39.89,39.99,39.72,39.72,8773
288,39.74,39.74,39.74,39.74,548
290,39.8,39.97,39.54,39.54,418
293,39.4,39.69,39.2,39.67,1300
294,39.46,39.46,39.25,39.4,600
295,39.52,39.52,39.375,39.49,800
296,39.45,39.56,39.45,39.49,2800
297,39.5,39.54,39.47,39.47,900
298,39.67,39.67,39.6,39.6,500
299,39.57,39.62,39.53,39.54,600
300,39.4,39.57,39.4,39.56,2200
301,39.56,39.56,39.45,39.45,800
303,39.43,39.76,39.4,39.53,3249
304,39.48,39.52,39.37,39.37,1500
305,39.455,39.56,39.455,39.5,1546
306,39.6,39.6,39.41,39.41,4904
307,39.56,39.56,39.5,39.56,900
308,39.52,39.52,39.52,39.52,100
309,39.65,39.65,39.65,39.65,100
310,39.72,39.72,39.72,39.72,100
311,39.71,39.76,39.71,39.76,200
312,39.565,39.57,39.565,39.57,200
313,39.54,39.55,39.53,39.53,300
314,40.07,40.07,39.58,39.6,682
315,39.97,39.97,39.97,39.97,100
316,40.15,40.44,39.8,39.8,2990
317,40.22,40.23,40.16,40.19,1000
318,40.06,40.18,39.96,40.18,1401
319,40.06,40.1,40.05,40.05,407
320,40.11,40.11,39.87,40,1218
321,40.18,40.32,40.11,40.32,800
322,40.34,40.34,40.06,40.06,1100
323,40.14,40.37,40.065,40.37,999
324,39.91,40.13,39.91,40.13,400
325,39.875,39.94,39.875,39.93,1200
326,39.96,40,39.8,39.83,2180
327,40.07,40.09,39.89,39.9,10002
432,38.86,38.86,38.86,38.86,1072
434,39.23,39.25,38.92,39.19,2495
435,39.43,39.43,38.88,39.07,18594
436,39.16,39.32,39.04,39.28,6880
437,39.21,39.2829,39.13,39.16,2000
438,39.05,39.21,39.05,39.18,900
439,38.81,39.05,38.81,39.05,2802
440,39.065,39.15,38.775,38.8,1899
441,39.01,39.07,38.95,39.04,1700
442,39.195,39.32,39.06,39.06,1200
443,39.31,39.31,39.075,39.075,800
444,39.26,39.34,39.05,39.33,1300
445,40,40,39.28,39.31,1900
446,40.1,40.11,40.01,40.0597,1100
447,40.31,40.32,40.2,40.32,1700
448,40.17,40.45,40.17,40.45,1600
449,39.96,40.2699,39.93,40.2699,2400
450,39.33,39.76,39.33,39.76,900
451,39.4,39.7599,39.4,39.7599,1400
452,39.43,39.43,39.29,39.31,500
453,39.4,39.4,39.26,39.31,800
454,39.13,39.41,39.13,39.36,700
455,39.21,39.25,39.08,39.08,1100
456,39.255,39.48,39.25,39.48,700
457,39.31,39.35,39.25,39.35,1500
458,39.21,39.42,39.21,39.35,3756
459,39.31,39.31,39.02,39.22,3052
460,39.45,39.45,39.29,39.3,1300
461,39.31,39.43,39.31,39.43,200
462,39.45,39.72,39.345,39.345,2000
463,39.42,39.49,39.17,39.43,2100
464,39.51,39.51,39.425,39.425,600
465,39.49,39.5,39.34,39.48,2111
466,39.555,39.59,39.49,39.49,600
467,39.54,39.55,39.5,39.55,680
468,39.57,39.635,39.54,39.545,2722
469,39.68,39.68,39.34,39.57,4450
470,39.49,39.695,39.37,39.695,12668
471,39.63,39.71,39.38,39.5,35694
865,39.85,39.85,39.21,39.3,3669
866,39.63,40.03,39.61,40,3109
867,39.71,39.71,39.61,39.61,1200
868,39.73,39.81,39.695,39.75,700
869,39.57,39.74,39.46,39.74,4131
870,39.54,39.63,39.485,39.61,1600
871,39.89,39.9,39.54,39.56,3500
872,39.66,39.77,39.6,39.77,3200
873,39.88,39.89,39.6,39.6,4569
874,39.68,39.875,39.65,39.875,2000
875,39.82,39.82,39.69,39.72,1500
876,39.71,39.79,39.685,39.79,500
877,39.59,39.635,39.455,39.635,2700
878,39.58,39.58,39.58,39.58,100
879,39.5,39.59,39.4,39.59,800
880,39.52,39.63,39.37,39.37,1900
881,39.37,39.66,39.33,39.52,1745
882,39.21,39.36,39.21,39.3,1100
883,39.25,39.25,39.06,39.15,2600
884,39.63,39.65,39.12,39.14,2000
885,39.415,39.535,39.415,39.52,1400
886,39.48,39.48,39.38,39.405,500
887,39.65,39.65,39.48,39.48,1000
888,39.52,39.62,39.43,39.62,1000
889,39.31,39.48,39.2,39.45,1400
890,39.26,39.37,39.23,39.32,1900
891,39.28,39.31,39.24,39.24,700
892,39.32,39.34,39.32,39.34,500
893,39.29,39.33,39.255,39.33,1400
894,39.31,39.31,39.22,39.26,2700
895,39.33,39.34,39.24,39.3,1900
896,39.32,39.33,39.285,39.33,1800
897,39.225,39.33,39.21,39.32,3100
898,39.25,39.29,39.12,39.24,7786
899,39.195,39.25,39.17,39.25,1400
900,39.18,39.2,39.12,39.15,6000
901,39.14,39.2,39.12,39.19,4700
902,39,39.15,38.98,39.145,5746
903,39.12,39.12,38.915,39,16933
a1494336600,39.19,39.19,39.19,39.19,174
3,39.19,39.19,39.18,39.18,300
4,38.98,39.065,38.89,39.065,1200
5,38.98,39.1,38.87,39,3941
6,38.69,38.85,38.56,38.85,1200
7,38.56,38.64,38.56,38.63,2700
8,38.35,38.535,38.35,38.535,1200
9,38.465,38.465,38.33,38.33,3300
10,38.275,38.46,38.275,38.46,1800
11,38.17,38.27,38.17,38.22,3750
12,38.16,38.16,38,38.09,2700
13,38.3,38.3,38.19,38.21,1000
14,38.44,38.44,38.35,38.35,800
15,38.56,38.56,38.49,38.49,700
16,38.545,38.63,38.5,38.525,3276
17,38.59,38.59,38.48,38.48,1000
18,38.68,38.69,38.61,38.69,400
19,38.645,38.66,38.64,38.66,1000
20,38.43,38.62,38.43,38.62,1000
21,38.41,38.5,38.32,38.5,1000
22,38.41,38.41,38.41,38.41,200
23,38.21,38.41,38.14,38.41,1300
24,37.98,38.095,37.86,38.095,1500
25,37.87,38.01,37.87,38.01,400
26,38,38,37.95,37.95,500
27,37.87,37.92,37.87,37.92,500
28,37.77,37.94,37.73,37.905,2148
29,37.825,37.85,37.78,37.78,1273
30,37.87,37.87,37.82,37.87,1600
31,37.84,37.86,37.82,37.86,1500
32,38.16,38.16,37.87,37.87,1300
33,38.06,38.06,38.06,38.06,100
34,37.97,38.16,37.97,38.16,1654
35,37.85,38,37.85,37.97,1500
36,37.8,37.93,37.8,37.93,2200
37,37.75,37.82,37.75,37.8,4100
38,37.62,37.75,37.51,37.75,5849
39,37.72,37.81,37.58,37.615,11119
144,37.72,37.72,37.72,37.72,277
146,37.81,37.81,37.81,37.81,200
147,37.6,37.6,37.46,37.48,1500
148,37.67,37.67,37.62,37.62,267
149,37.69,37.84,37.69,37.84,820
150,37.3,37.55,37.3,37.55,900
151,37.26,37.39,37.26,37.39,900
152,37.22,37.29,37.22,37.29,600
153,37.18,37.18,36.99,37.1701,600
154,36.9,37.04,36.88,37.04,1888
155,37.04,37.04,36.83,36.83,2100
156,36.87,36.97,36.83,36.97,800
157,36.54,36.8,36.54,36.8,1220
158,36.45,36.45,36.45,36.45,100
159,36.72,36.82,36.55,36.55,2900
160,36.835,36.835,36.655,36.655,1200
161,36.77,36.77,36.77,36.77,11602
162,36.77,36.9,36.73,36.76,14808
163,36.97,37.08,36.92,36.92,900
164,36.975,36.975,36.975,36.975,9000
165,36.9472,36.9472,36.9472,36.9472,713
166,37.02,37.02,37.01,37.01,296
167,37.05,37.05,37.015,37.015,1100
168,36.99,37.1,36.99,37.1,200
169,36.91,37.1,36.91,37.1,400
170,37.02,37.02,36.8,36.83,2300
171,37.05,37.11,37.04,37.11,500
172,37.08,37.08,37.01,37.01,700
173,37.43,37.43,37.18,37.18,800
174,37.34,37.48,37.34,37.48,700
175,37.43,37.48,37.4,37.4,1000
176,37.44,37.44,37.41,37.435,930
177,37.39,37.41,37.39,37.39,600
178,37.29,37.29,37.23,37.27,300
179,37.28,37.315,37.28,37.315,6000
180,37.3,37.3,37.27,37.27,1900
181,37.19,37.29,37.19,37.24,1562
182,37.1,37.205,37.1,37.18,53587
183,37.11,37.15,37.07,37.1,11678
288,37,37,37,37,100
290,36.51,37.25,36.51,37.25,2336
291,36.27,36.49,36.27,36.42,606
292,36.0225,36.22,35.99,36.22,1850
293,36.06,36.22,36.04,36.07,1100
294,36.08,36.08,35.86,36.06,2600
295,36.05,36.07,35.98,36.07,900
296,36.05,36.06,36.05,36.05,400
297,36.14,36.14,35.98,35.98,2300
298,36.09,36.11,36.09,36.1,600
299,36.2,36.23,36.19,36.19,900
300,36.41,36.52,36.14,36.17,6300
301,36.21,36.32,36.21,36.32,700
302,36.21,36.23,36.21,36.23,300
303,36.37,36.37,36.24,36.24,500
304,36.23,36.35,36.23,36.35,700
305,36.24,36.24,36.175,36.175,300
306,36.19,36.19,36.125,36.125,1100
307,36.105,36.11,36.105,36.11,200
308,36.105,36.105,36.1,36.1,500
309,36.06,36.1,36.035,36.07,2000
310,36.13,36.21,36.06,36.06,5800
311,36.04,36.045,36.04,36.04,700
312,35.84,36.05,35.84,35.98,3366
313,36.04,36.05,35.78,35.78,2360
315,36.11,36.19,36,36.02,1300
316,35.99,36.09,35.99,36.09,300
317,36.12,36.12,36.08,36.08,600
318,35.99,36.11,35.99,36.11,500
319,35.89,35.91,35.89,35.91,400
320,35.94,35.94,35.92,35.92,600
321,35.87,35.99,35.87,35.93,1100
322,35.99,36,35.8601,35.8601,2100
323,36.06,36.06,35.9736,35.9736,2519
324,35.985,36.04,35.97,36.04,2940
325,36.14,36.14,35.985,35.985,3260
326,36.17,36.2,36.125,36.125,10132
327,36.22,36.24,36.06,36.18,17397
432,36.25,36.25,36.25,36.25,1458
433,36.14,36.4,36.14,36.4,2300
434,35.95,35.95,35.9,35.9,700
435,35.8875,36,35.8875,36,1600
436,35.805,35.815,35.785,35.815,1200
437,35.88,35.88,35.75,35.775,3300
438,35.77,35.92,35.74,35.92,1100
439,35.99,35.99,35.79,35.79,500
440,35.845,35.85,35.845,35.85,300
441,35.85,35.85,35.77,35.85,1549
442,35.82,35.94,35.82,35.85,1600
443,35.82,35.95,35.81,35.95,4050
444,35.68,35.84,35.67,35.84,800
445,35.725,35.725,35.68,35.68,400
446,35.44,35.61,35.44,35.61,500
447,35.22,35.44,35.22,35.44,800
448,35.215,35.23,35.05,35.14,7166
449,35.245,35.245,35.01,35.14,9000
450,35.42,35.42,35.3,35.3,2001
451,35.41,35.42,35.41,35.42,200
453,35.38,35.38,35.215,35.35,2189
454,35.54,35.54,35.44,35.44,1700
455,35.5,35.61,35.5,35.54,2332
456,35.74,35.74,35.5,35.5,1205
457,35.78,35.79,35.78,35.79,300
458,35.67,35.75,35.67,35.75,1000
459,35.74,35.79,35.64,35.6701,2434
460,35.78,35.91,35.61,35.68,7315
461,35.75,35.75,35.75,35.75,100
462,35.67,35.75,35.67,35.75,300
463,35.7,35.74,35.66,35.66,600
464,35.67,35.7,35.67,35.675,400
465,35.7,35.71,35.61,35.61,720
466,35.69,35.7399,35.6,35.7399,1000
467,35.72,35.805,35.67,35.67,2793
468,35.62,35.78,35.59,35.75,1400
469,35.73,35.7899,35.63,35.63,4100
470,35.73,35.86,35.69,35.8,3400
471,35.68,35.75,35.64,35.7,14095
864,38.2,38.2,38.2,38.2,6509
865,40.59,40.59,37.16,37.29,7300
866,40.66,41.1,39.46,40.6,21462
867,41.44,41.51,40.6817,40.94,8335
868,41.65,41.68,41.14,41.32,3550
869,42.165,42.51,41.66,41.66,14370
870,42.185,42.35,41.58,42.05,20823
871,42.01,42.14,41.91,42.14,6585
872,42.035,42.13,41.8,41.8,6220
873,41.98,42.075,41.82,42.01,4123
874,41.88,42.05,41.88,42,5000
875,41.9,41.99,41.76,41.94,5037
876,41.885,41.92,41.79,41.8852,4041
877,41.82,41.915,41.78,41.8377,3100
878,41.78,41.83,41.75,41.77,1464
879,41.8,41.83,41.74,41.8,2200
880,41.71,41.855,41.59,41.855,5496
881,41.6961,41.79,41.65,41.67,2723
882,41.5428,41.72,41.5428,41.72,2900
883,41.26,41.55,41.26,41.55,2502
884,41.29,41.405,40.91,41.35,12910
885,41.29,41.32,41.16,41.195,2736
886,41.275,41.505,41.2,41.29,5255
887,40.985,41.31,40.985,41.3,6100
888,40.845,41.215,40.845,41.015,8631
889,40.61,40.955,40.6,40.89,10233
890,40.55,40.64,40.46,40.63,1000
891,40.54,40.885,40.5,40.5,12153
892,40.45,40.655,40.35,40.54,11105
893,40.235,40.55,40.13,40.495,5221
894,40.075,40.45,40.075,40.36,6249
895,39.95,40.15,39.83,40.12,9908
896,39.9,40.01,39.88,40.01,2980
897,39.9,40,39.85,39.92,3900
898,39.95,39.97,39.87,39.91,3950
899,39.93,40.1,39.91,39.95,2401
900,39.98,39.99,39.9,39.94,3400
901,39.97,40.08,39.94,39.96,9115
902,39.855,39.95,39.82,39.95,5118
903,39.85,39.87,39.79,39.86,30732
a1494941400,39.95,39.95,39.95,39.95,1438
2,39.4,40.18,39.4,39.99,2100
3,39.79,39.83,39.5,39.54,2995
4,39.27,39.72,39.151,39.62,8195
5,38.9525,39.25,38.721,39.25,3100
6,38.9388,39,38.86,38.98,2767
7,38.83,38.83,38.83,38.83,200
8,38.59,38.78,38.59,38.78,1100
9,38.72,38.83,38.5,38.6487,2370
10,38.88,39.15,38.77,38.77,6220
11,39.11,39.15,38.84,38.96,5799
12,39.14,39.15,39.14,39.15,500
13,39.15,39.16,39.13,39.13,2524
14,39.04,39.16,39,39.1,2705
15,39.16,39.32,39.15,39.16,1782
16,39.19,39.35,39.19,39.35,200
17,39.22,39.24,39.22,39.24,200
18,39.22,39.2398,39.22,39.2398,200
19,39.26,39.26,39.22,39.23,600
20,39.12,39.19,39.12,39.19,400
21,39.18,39.22,39.16,39.16,2108
22,39.095,39.22,39.03,39.22,1200
23,39.03,39.1,39.015,39.06,1459
24,39.01,39.01,39.01,39.01,300
25,39.03,39.09,39.02,39.03,600
26,38.97,39,38.965,38.965,1189
27,38.95,39,38.95,39,400
28,38.94,38.94,38.9,38.93,300
29,38.91,39.01,38.8,38.95,2900
30,38.91,38.91,38.91,38.91,200
31,38.82,38.89,38.82,38.89,600
32,39,39,38.83,38.83,2073
33,39.17,39.17,39.14,39.14,200
34,39.16,39.16,39.15,39.16,400
35,39.0839,39.09,39.02,39.09,1074
36,38.96,39.11,38.96,39.02,900
37,38.86,38.92,38.83,38.89,1600
38,38.77,38.86,38.725,38.86,2123
39,38.63,38.78,38.58,38.72,16917
144,37.78,37.78,37.78,37.78,736
145,37.78,37.79,37.73,37.78,2353
146,37.29,37.95,37.25,37.95,1700
147,37.495,37.6,37.49,37.6,900
149,37.6,37.62,37.6,37.62,700
150,37.32,37.51,36.98,37.51,8095
151,36.85,37.39,36.77,37.265,8065
152,37.05,37.05,36.99,36.99,200
153,36.78,37.03,36.78,37.03,500
154,36.96,36.96,36.91,36.91,300
155,37.12,37.14,36.91,36.93,4200
156,37.13,37.32,37.08,37.22,9005
157,36.89,37.22,36.82,37.04,8370
158,36.7501,36.85,36.731,36.8,3849
159,37.27,37.27,36.81,36.9208,1790
160,37.13,37.19,37.13,37.19,1700
161,37.23,37.23,37.23,37.23,100
162,37.09,37.24,37.09,37.16,500
163,37.265,37.265,37.205,37.24,400
164,37.34,37.37,37.275,37.275,2500
165,37.27,37.29,37.26,37.26,300
166,37.37,37.39,37.31,37.335,500
167,37.17,37.3,37.17,37.3,900
168,37.1201,37.13,37.1201,37.13,400
169,37.13,37.22,37.12,37.12,1700
171,37.2,37.22,37.07,37.13,1300
172,37.09,37.21,37.09,37.165,800
173,37.02,37.055,37.02,37.055,355
174,36.97,36.97,36.97,36.97,100
175,36.94,37,36.86,36.86,800
176,36.76,36.94,36.76,36.94,523
177,36.97,36.97,36.87,36.87,853
178,37,37.02,37,37,400
179,37.01,37.05,37.01,37.05,300
180,37.19,37.32,37.13,37.13,1400
181,37.375,37.38,37.22,37.27,1200
182,37.2,37.47,37.2,37.41,3400
183,37.07,37.2,37.04,37.16,13641
288,36.74,36.74,36.74,36.74,237
289,36.12,36.12,36.12,36.12,200
290,36.51,36.56,36.1301,36.29,4170
291,36.28,36.65,36.22,36.48,17780
292,36.31,36.39,36.03,36.17,2250
293,36.5,36.5,36.285,36.35,700
294,36.61,36.61,36.59,36.59,200
295,36.785,36.84,36.49,36.49,1700
296,36.81,36.98,36.62,36.9,3542
297,36.75,36.83,36.43,36.645,8101
298,36.66,36.7,36.66,36.7,200
299,36.59,36.64,36.45,36.64,600
300,36.705,36.705,36.59,36.59,1689
301,36.6,36.69,36.6,36.685,1218
302,36.54,36.59,36.47,36.55,1600
303,36.46,36.54,36.46,36.54,800
304,36.41,36.56,36.41,36.52,1500
305,36.55,36.57,36.33,36.33,1000
306,36.66,36.7,36.55,36.585,2100
307,36.54,36.685,36.54,36.685,700
308,36.57,36.595,36.57,36.595,200
309,36.52,36.54,36.49,36.54,700
310,36.41,36.51,36.41,36.51,600
311,36.26,36.44,36.26,36.36,700
312,36.2,36.25,36.19,36.25,1500
313,36.25,36.25,36.25,36.25,100
314,36.51,36.51,36.32,36.32,1100
315,36.41,36.54,36.41,36.5,500
316,36.49,36.62,36.46,36.57,3400
317,36.37,36.46,36.36,36.46,810
318,36.39,36.47,36.3601,36.455,700
319,36.49,36.56,36.49,36.56,1300
320,36.37,36.37,36.37,36.37,100
321,36.35,36.35,36.35,36.35,100
322,36.49,36.49,36.45,36.45,800
323,36.42,36.5,36.35,36.5,800
324,36.29,36.32,36.29,36.32,500
325,36.35,36.37,36.3,36.3,1886
326,36.43,36.43,36.32,36.34,1849
327,36.26,36.43,36.24,36.37,9982
432,36.84,36.84,36.84,36.84,4184
433,36.33,36.33,36.33,36.33,185
434,36.875,37.09,36.8,36.8,500
435,36.795,36.91,36.795,36.91,200
436,36.49,36.86,36.49,36.84,2600
437,36.74,36.85,36.515,36.515,700
438,36.665,36.94,36.635,36.94,1800
440,36.77,36.89,36.7,36.88,980
441,36.73,36.76,36.73,36.76,200
442,36.66,36.75,36.645,36.75,1500
443,36.56,36.56,36.56,36.56,100
444,36.43,36.44,36.43,36.44,200
445,36.4,36.45,36.156,36.26,10524
447,36.63,36.645,36.49,36.52,1600
448,36.61,36.61,36.61,36.61,300
449,36.71,36.72,36.71,36.72,200
450,36.63,36.71,36.63,36.71,400
451,36.69,36.715,36.65,36.7,1210
452,36.6,36.655,36.52,36.655,4900
453,36.59,36.65,36.585,36.585,4100
454,36.6,36.61,36.565,36.565,500
455,36.57,36.63,36.57,36.6,1900
457,36.5,36.55,36.48,36.49,900
458,36.47,36.48,36.47,36.48,500
459,36.655,36.655,36.45,36.45,1512
460,36.69,36.78,36.6775,36.6775,600
461,36.69,36.73,36.6727,36.6727,393
462,36.69,36.69,36.69,36.69,200
463,36.56,36.755,36.56,36.65,4222
464,36.62,36.69,36.62,36.62,1700
465,36.775,36.8,36.7,36.7,500
466,36.73,36.785,36.73,36.775,1100
467,36.51,36.71,36.51,36.71,1500
468,36.49,36.63,36.49,36.56,2224
469,36.445,36.47,36.35,36.43,2000
470,36.4,36.48,36.4,36.46,2100
471,36.32,36.5,36.31,36.37,12854
864,36.8,36.8,36.8,36.8,396
866,36.875,36.875,36.875,36.875,100
867,36.7,36.75,36.56,36.75,1300
868,36.41,36.8,36.41,36.56,4833
869,36.28,36.37,36.25,36.37,500
870,36.21,36.34,36.18,36.25,1500
871,36.35,36.42,36.22,36.28,2400
872,36.11,36.32,36.0425,36.31,1900
873,36.27,36.27,36.12,36.12,675
874,36.31,36.32,36.31,36.32,400
875,36.5,36.5,36.485,36.485,200
876,36.4,36.45,36.4,36.45,500
878,36.36,36.36,36.36,36.36,100
879,36.37,36.49,36.37,36.39,1358
880,36.445,36.51,36.445,36.51,200
881,36.51,36.51,36.51,36.51,100
882,36.6,36.675,36.6,36.63,1600
883,36.59,36.7,36.59,36.7,500
884,36.72,36.72,36.55,36.6,600
885,36.55,36.6,36.55,36.6,500
886,36.54,36.605,36.54,36.605,500
890,36.665,36.7,36.665,36.68,800
891,36.7,36.86,36.68,36.68,800
892,36.74,36.74,36.685,36.69,300
894,36.7,36.75,36.7,36.75,300
895,36.7,36.7,36.7,36.7,100
896,36.815,36.815,36.815,36.815,100
897,36.855,36.88,36.835,36.835,300
898,36.87,36.87,36.82,36.84,400
899,36.87,36.915,36.87,36.915,200
900,36.84,36.92,36.79,36.87,3000
901,36.955,36.955,36.85,36.85,800
902,37.06,37.06,36.97,36.97,600
903,37.07,37.1,37.03,37.08,7768
a1495546200,37.15,37.15,37.15,37.15,721
5,36.5,36.99,36.5,36.99,2700
6,36.57,36.7,36.54,36.61,1597
7,36.75,36.75,36.6,36.6,900
8,36.91,36.91,36.68,36.69,1300
9,37.04,37.09,36.96,37.015,1600
10,37.36,37.36,37.14,37.17,800
11,37.39,37.39,37.39,37.39,100
12,37.81,37.82,37.52,37.54,1000
13,37.59,37.96,37.59,37.84,1549
14,37.43,37.63,37.13,37.63,4495
15,37.45,37.73,37.35,37.35,12133
16,37.41,37.42,37.41,37.42,200
17,37.423,37.43,37.34,37.42,900
18,37.34,37.48,37.21,37.29,2000
19,37.26,37.26,37.26,37.26,100
20,37.16,37.17,37.16,37.16,300
21,37.1027,37.16,36.96,37.1,1354
22,37.2,37.4,37.03,37.03,1836
23,37.26,37.26,37.26,37.26,200
24,37.22,37.22,37.22,37.22,100
25,37.14,37.23,37.14,37.23,300
27,37.16,37.22,37.16,37.22,300
28,37.34,37.34,37.16,37.19,1200
29,37.28,37.34,37.28,37.34,200
30,37.54,37.54,37.34,37.34,1200
31,37.5,37.53,37.5,37.51,600
32,37.68,37.68,37.58,37.58,500
34,37.78,37.82,37.71,37.71,500
35,37.72,37.72,37.72,37.72,100
36,37.61,37.695,37.61,37.695,1100
37,37.715,37.77,37.61,37.61,2000
38,37.63,37.69,37.59,37.69,1500
39,37.62,37.68,37.62,37.67,10113
144,37.65,37.65,37.65,37.65,125
145,37.905,38.295,37.905,38.295,400
146,37.89,37.89,37.89,37.89,100
147,37.785,37.785,37.785,37.785,100
148,37.78,38.15,37.78,37.88,505
149,37.77,37.78,37.77,37.78,300
150,37.78,37.78,37.78,37.78,100
152,37.5,37.7,37.5,37.7,900
153,37.465,37.5,37.465,37.5,317
154,37.26,37.48,37.26,37.48,600
155,37.22,37.29,37.2,37.29,600
157,37.02,37.1,36.83,37.1,6200
158,36.85,37.17,36.8,37.07,13584
159,36.63,36.86,36.43,36.86,1797
160,36.69,36.73,36.54,36.67,1500
161,36.72,36.74,36.68,36.74,1038
162,36.76,36.84,36.76,36.84,200
164,36.82,36.82,36.63,36.63,1996
165,36.9,37.01,36.82,36.82,1300
167,36.94,36.94,36.94,36.94,100
168,36.91,36.91,36.775,36.775,200
170,36.79,36.79,36.73,36.79,300
172,36.94,37.03,36.78,36.78,1200
173,37,37,37,37,100
174,36.91,36.91,36.89,36.89,200
175,36.79,36.82,36.79,36.82,200
176,36.79,36.79,36.65,36.68,2272
178,36.69,36.69,36.69,36.69,100
179,36.76,36.76,36.71,36.71,600
181,36.95,36.95,36.85,36.85,1800
182,36.985,36.985,36.85,36.95,2650
183,36.87,37.0799,36.82,36.985,11105
288,37.07,37.07,37.07,37.07,342
289,36.88,36.91,36.88,36.91,200
290,37.1,37.29,37.04,37.07,628
291,37.34,37.37,37.34,37.37,1000
292,37.06,37.21,37.06,37.21,1400
293,37.11,37.11,37,37,200
294,37.04,37.04,36.91,37.04,500
295,36.93,36.93,36.885,36.93,400
296,36.71,36.87,36.71,36.87,700
297,36.45,36.61,36.45,36.61,900
298,36.65,36.65,36.465,36.465,400
299,36.54,36.59,36.54,36.59,200
300,36.49,36.51,36.425,36.51,500
301,36.33,36.47,36.33,36.47,800
302,36.33,36.33,36.33,36.33,100
303,36.21,36.33,36.21,36.33,804
304,36.21,36.33,36.19,36.33,1600
305,36.2175,36.2175,36.18,36.18,300
306,36.33,36.33,36.3,36.3,200
307,36.32,36.32,36.32,36.32,100
308,36.27,36.27,36.27,36.27,100
309,36.2,36.2,36.2,36.2,200
310,36.11,36.1526,36.11,36.1526,200
311,36.06,36.06,36.06,36.06,100
312,36.09,36.155,36.09,36.145,600
313,36.06,36.09,35.99,36.09,700
314,36.13,36.2,36.12,36.12,1000
316,36.32,36.32,36.2,36.21,1100
317,36.33,36.33,36.22,36.32,400
318,36.22,36.36,36.22,36.33,1705
319,36.23,36.25,36.23,36.25,200
320,36.27,36.33,36.27,36.33,800
321,36.15,36.33,36.15,36.33,1200
322,36.17,36.18,36.17,36.18,400
324,36.11,36.205,36.11,36.205,400
325,36.06,36.185,36.06,36.17,800
326,36.28,36.28,36.065,36.075,2600
327,36.16,36.28,36.12,36.23,10264
432,35.99,35.99,35.99,35.99,1714
434,35.92,35.92,35.82,35.9,540
436,35.73,35.93,35.6,35.86,2500
437,35.78,35.78,35.67,35.67,400
438,35.76,35.85,35.76,35.85,300
439,35.815,35.815,35.77,35.8,500
440,35.8,35.86,35.8,35.86,400
442,35.76,35.805,35.75,35.805,900
443,35.9,35.9,35.8294,35.8294,350
444,36,36,35.9,35.9,1840
445,35.88,36.21,35.88,36.14,4122
446,36.02,36.02,35.8,35.8,3095
447,36.37,36.37,36.37,36.37,100
448,36.35,36.36,36.19,36.19,300
449,36.36,36.39,36.33,36.33,400
450,36.36,36.4,36.36,36.375,800
451,36.26,36.28,36.25,36.28,700
452,36.31,36.31,36.28,36.28,400
453,36.37,36.38,36.37,36.38,200
454,36.4,36.4,36.35,36.35,300
455,36.505,36.53,36.425,36.425,1500
456,36.305,36.35,36.305,36.35,200
457,36.35,36.35,36.33,36.33,400
458,36.275,36.275,36.265,36.265,300
459,36.295,36.295,36.195,36.22,1900
460,36.275,36.275,36.275,36.275,100
461,36.19,36.27,36.19,36.27,600
462,36.175,36.175,36.175,36.175,100
463,36.155,36.205,36.155,36.17,600
464,36.155,36.17,36.1,36.13,1170
465,36.13,36.13,36.08,36.1,1896
466,36.12,36.185,36.12,36.16,1002
467,36.21,36.21,36.115,36.115,800
468,36.24,36.27,36.17,36.23,2900
469,36.28,36.28,36.23,36.25,2169
470,36.27,36.33,36.215,36.235,3841
471,36.24,36.2899,36.19,36.2899,7901
a1496151000,35.73,35.73,35.73,35.73,691
3,35.61,35.61,35.6,35.6,200
4,35.77,35.85,35.76,35.76,500
5,35.64,35.65,35.54,35.54,1600
6,35.57,35.72,35.57,35.68,700
7,35.79,35.86,35.75,35.75,400
8,35.85,35.93,35.85,35.9,600
10,35.86,35.88,35.86,35.88,200
11,35.9625,35.99,35.93,35.93,300
12,35.88,35.88,35.88,35.88,300
14,35.87,35.87,35.75,35.8,1100
15,35.88,35.88,35.88,35.88,100
17,35.8,35.87,35.8,35.87,200
18,35.81,35.81,35.81,35.81,100
19,35.98,35.98,35.89,35.92,600
20,35.88,35.9,35.88,35.9,300
21,35.92,35.92,35.87,35.87,200
22,35.99,35.99,35.79,35.82,1100
24,36.14,36.14,35.94,35.94,500
25,36.16,36.16,36.16,36.16,100
26,36.21,36.22,36.21,36.22,300
27,36.11,36.11,36.11,36.11,100
28,36.21,36.21,36.21,36.21,100
29,36.25,36.25,36.2103,36.2103,760
30,36.25,36.3,36.21,36.21,400
31,36.27,36.27,36.21,36.21,200
32,36.31,36.34,36.24,36.24,500
33,36.285,36.3,36.25,36.25,700
34,36.3,36.38,36.3,36.38,300
35,36.22,36.23,36.22,36.23,200
36,36.09,36.22,36.03,36.16,3601
37,36.26,36.31,36.08,36.18,2063
38,36.29,36.35,36.19,36.21,2847
39,36.25,36.33,36.23,36.275,5384
144,36.32,36.32,36.32,36.32,273
145,35.8,36.31,35.8,36.31,3900
146,36,36,35.69,35.71,2000
147,35.3,35.3,35.3,35.3,384
148,35.0372,35.08,35.0372,35.06,620
149,35.2,35.27,34.97,35.03,4995
150,35.31,35.31,35.22,35.22,1200
151,35.31,35.43,35.31,35.42,700
152,35.34,35.34,35.28,35.29,300
153,35.44,35.44,35.4,35.4,300
155,35.4,35.445,35.27,35.39,2373
156,35.47,35.51,35.42,35.42,500
157,35.5,35.55,35.44,35.44,400
159,35.71,35.71,35.63,35.64,400
160,35.9,35.9,35.87,35.87,300
161,36.02,36.02,35.94,35.94,300
162,35.94,35.94,35.88,35.88,200
163,36.05,36.05,36.01,36.02,500
164,36.065,36.065,35.99,36,400
165,35.93,36.01,35.93,36.01,600
167,35.89,35.93,35.89,35.93,340
169,35.8,35.8,35.8,35.8,100
171,35.64,35.705,35.58,35.68,1516
172,35.79,35.79,35.79,35.79,100
173,35.73,35.73,35.67,35.67,300
174,35.8,35.8,35.62,35.62,600
176,35.69,35.75,35.69,35.75,500
177,35.7603,35.7603,35.71,35.71,212
178,35.72,35.73,35.72,35.73,200
179,35.71,35.75,35.71,35.75,300
180,35.85,35.85,35.79,35.79,900
181,35.86,35.99,35.86,35.89,1123
182,36,36.01,35.83,35.85,3878
183,35.8,36.01,35.76,35.97,14274
288,36.02,36.02,36.02,36.02,433
289,36.05,36.05,36.05,36.05,2600
290,36.305,36.305,36.05,36.05,200
292,36.12,36.2,36.12,36.2,400
294,36.27,36.27,36.27,36.27,100
295,36.075,36.29,36.075,36.29,300
297,36.23,36.31,36.22,36.22,900
298,36.36,36.39,36.28,36.38,500
299,36.105,36.25,36.105,36.25,400
300,36.15,36.15,36.02,36.11,400
301,35.98,36.01,35.98,36.01,300
302,36.035,36.035,35.99,35.99,300
303,36.185,36.185,36.13,36.13,500
304,36.11,36.19,36.11,36.19,200
305,36.34,36.34,36.11,36.11,1000
306,36.38,36.38,36.2,36.34,1000
307,36.52,36.54,36.46,36.46,300
308,36.46,36.53,36.46,36.53,500
309,36.5,36.53,36.47,36.47,400
310,36.48,36.48,36.48,36.48,100
311,36.47,36.47,36.47,36.47,200
312,36.54,36.54,36.46,36.46,200
314,36.38,36.38,36.37,36.37,200
316,36.45,36.46,36.3225,36.35,1300
318,36.51,36.57,36.48,36.48,1200
319,36.3952,36.5,36.3952,36.5,1048
320,36.43,36.43,36.43,36.43,200
321,36.45,36.52,36.44,36.51,600
322,36.45,36.53,36.45,36.52,300
323,36.48,36.48,36.45,36.45,500
324,36.39,36.46,36.38,36.4201,605
325,36.34,36.395,36.2393,36.38,1583
326,36.51,36.55,36.315,36.315,2400
327,36.62,36.64,36.42,36.46,14094
432,36.54,36.54,36.54,36.54,1052
434,36.87,36.98,36.87,36.94,500
436,36.81,36.83,36.74,36.77,900
437,37.0224,37.0224,36.84,36.84,1000
438,36.93,36.99,36.93,36.99,300
439,37.01,37.01,36.8,37.01,300
440,37.2,37.2,37.19,37.19,200
441,37.25,37.3,37.25,37.3,400
442,37.35,37.35,37.15,37.19,500
443,37.13,37.2,36.95,37.2,1500
444,37.36,37.36,37.25,37.25,400
445,37.31,37.31,37.14,37.27,800
446,37.51,37.51,37.35,37.35,800
447,37.57,37.57,37.46,37.47,900
448,37.37,37.58,37.32,37.51,800
449,37.35,37.35,37.285,37.34,500
450,37.3,37.32,37.3,37.32,1044
451,37.01,37.31,37.01,37.31,1000
452,37.04,37.05,37.04,37.05,300
453,37.04,37.04,37.04,37.04,300
454,36.87,36.87,36.87,36.87,100
456,36.77,36.78,36.6993,36.77,695
457,36.81,36.81,36.8,36.8,200
458,36.73,36.78,36.73,36.77,600
460,36.45,36.71,36.45,36.71,2800
461,36.88,36.88,36.58,36.58,1000
462,36.8,36.9,36.8,36.8383,507
464,36.77,36.77,36.77,36.77,400
465,36.85,36.85,36.77,36.81,300
467,36.77,36.9,36.77,36.9,800
468,36.75,36.75,36.74,36.75,400
469,36.845,36.845,36.79,36.79,400
470,36.72,36.85,36.72,36.85,500
471,36.65,36.71,36.56,36.65,9243
864,36.62,36.62,36.62,36.62,274
865,35.975,36.32,35.975,36.32,400
866,36.575,36.575,36.16,36.27,604
867,36.52,36.61,36.42,36.44,1100
868,36.77,36.92,36.575,36.575,700
869,37.1136,37.1136,37.1136,37.1136,120
871,37.14,37.14,37.14,37.14,100
872,37.16,37.16,37.08,37.09,1000
873,37.05,37.18,37.05,37.18,600
874,37.14,37.14,37.11,37.11,200
875,37.14,37.14,37.1,37.1,400
876,36.97,36.97,36.95,36.96,600
877,36.765,36.82,36.765,36.82,342
878,36.86,36.86,36.745,36.81,300
880,36.815,36.815,36.815,36.815,100
881,36.78,36.91,36.72,36.81,600
882,36.9,36.948,36.85,36.92,700
883,37.04,37.04,36.94,36.94,600
884,37.3,37.3,37.035,37.05,1300
885,37.375,37.38,37.25,37.31,500
886,37.41,37.53,37.36,37.495,1000
887,37.41,37.41,37.31,37.31,1000
888,37.4,37.541,37.35,37.43,825
889,37.27,37.44,37.27,37.433,1300
890,37.17,37.17,37.17,37.17,200
891,37.12,37.165,37.12,37.165,200
892,37.19,37.19,37.12,37.13,700
894,37.11,37.11,37.11,37.11,100
895,37.125,37.13,37.125,37.13,200
896,37.12,37.18,37.105,37.105,700
897,37.2,37.2,37.2,37.2,100
898,37.115,37.17,37.06,37.14,1089
899,37.12,37.12,37.03,37.12,300
900,37.025,37.05,36.95,37.03,2104
901,37.11,37.19,37.11,37.12,600
902,37.04,37.14,36.99,37.1,3194
903,37.05,37.11,36.93,36.94,11350
a1496755800,36.77,36.77,36.77,36.77,571
1,36.39,36.45,36.32,36.33,2390
3,36.64,36.64,36.45,36.49,800
4,36.58,36.62,36.58,36.61,500
5,36.62,36.62,36.58,36.6,300
6,36.86,36.86,36.665,36.665,400
7,36.84,36.84,36.84,36.84,100
8,36.63,36.68,36.59,36.67,1800
9,36.54,36.54,36.54,36.54,100
10,36.22,36.43,36.22,36.42,1100
11,36.25,36.25,35.98,36.14,1400
13,36.36,36.36,36.36,36.36,100
14,36.46,36.47,36.46,36.47,400
15,36.51,36.54,36.45,36.54,700
16,36.4,36.4,36.4,36.4,100
18,36.41,36.41,36.41,36.41,100
20,36.69,36.69,36.42,36.42,1000
23,36.7,36.7,36.61,36.69,500
24,36.72,36.72,36.58,36.58,500
25,36.75,36.75,36.67,36.68,803
27,36.56,36.64,36.49,36.64,1400
28,36.7693,36.7693,36.675,36.675,728
29,36.87,37,36.73,36.73,1000
31,37.03,37.09,36.97,36.99,600
32,37.05,37.33,37.05,37.13,1552
33,37.11,37.19,37.06,37.06,800
34,37.18,37.18,37.18,37.18,300
35,37.17,37.22,37.109,37.109,763
36,37.2,37.24,37.17,37.24,1200
37,37.16,37.16,37.13,37.14,665
38,37.25,37.25,37.12,37.245,2000
39,37.14,37.26,37.11,37.26,9226
144,37.2,37.2,37.2,37.2,150
145,36.66,36.66,36.43,36.44,300
146,37.165,37.165,37.165,37.165,100
148,37.2,37.24,37.19,37.19,400
149,37.42,37.42,37.42,37.42,100
150,37.28,37.28,37.0301,37.0301,300
151,37.19,37.23,36.86,37.1,2200
152,37.11,37.23,36.8001,36.8001,900
153,37.01,37.19,37.01,37.03,600
154,37.01,37.11,36.96,37.0001,5600
155,37.08,37.08,37,37.04,900
156,36.94,37.09,36.94,36.95,400
158,36.78,36.94,36.78,36.94,1300
159,36.645,36.77,36.645,36.77,300
160,36.8,36.8,36.64,36.64,1500
161,36.915,36.915,36.69,36.69,400
162,36.94,37,36.94,36.99,300
163,36.85,36.85,36.82,36.84,1500
164,36.585,36.755,36.585,36.75,800
165,36.55,36.57,36.4601,36.57,300
166,36.495,36.57,36.495,36.561,579
167,36.32,36.3501,36.32,36.3501,300
168,36.39,36.39,36.39,36.39,100
169,36.37,36.37,36.3601,36.3601,200
170,36.49,36.49,36.49,36.49,100
171,36.54,36.54,36.54,36.54,100
172,36.5301,36.5301,36.5301,36.5301,100
173,36.4501,36.57,36.4501,36.55,500
174,36.49,36.49,36.49,36.49,100
175,36.67,36.73,36.53,36.53,1000
176,36.885,36.91,36.69,36.69,1000
177,36.72,36.785,36.66,36.785,500
178,36.7,36.7,36.7,36.7,200
179,36.68,36.719,36.6001,36.6001,1797
180,36.73,36.745,36.61,36.61,2900
181,36.66,36.7,36.64,36.7,900
182,36.535,36.6,36.535,36.6,1471
183,36.62,36.62,36.48,36.49,6236
288,36.53,36.53,36.53,36.53,115
289,36.92,36.92,36.92,36.92,100
292,37.3,37.56,36.81,36.83,1300
293,37.67,37.68,37.33,37.33,300
294,37.44,37.52,37.44,37.52,400
295,37.63,37.63,37.63,37.63,100
296,37.75,37.84,37.46,37.58,500
297,38.03,38.03,37.86,37.86,1200
298,38.38,38.64,38.2,38.22,1746
299,38.185,38.32,38.05,38.16,2598
300,38.14,38.24,38.14,38.24,600
301,38.12,38.23,38.12,38.13,400
302,38.1601,38.26,38.1601,38.24,800
303,38.17,38.36,38.17,38.29,2200
304,38.235,38.24,38.09,38.09,410
305,38.32,38.32,38.22,38.29,400
306,38.21,38.28,38.21,38.28,700
307,38.15,38.34,38.15,38.34,300
308,38.17,38.28,38.17,38.275,2154
309,38.13,38.13,38.13,38.13,100
310,38.12,38.165,38.12,38.165,300
311,38.245,38.32,38.14,38.14,2200
312,38.155,38.17,38.155,38.17,400
313,38.15,38.15,38.15,38.15,100
314,38.15,38.22,38.14,38.2,3547
315,38.0325,38.135,38.03,38.135,800
316,38.03,38.03,38.03,38.03,200
317,37.97,38.03,37.965,38.03,404
318,37.93,37.93,37.91,37.91,300
319,37.86,37.93,37.86,37.9,2275
320,37.9,37.9,37.9,37.9,100
321,37.88,37.91,37.85,37.905,700
322,37.99,38,37.9,37.97,3301
323,37.9,37.935,37.9,37.935,300
324,37.77,37.895,37.77,37.89,1200
325,37.735,37.82,37.71,37.76,1800
326,37.775,37.82,37.75,37.78,6440
327,37.71,37.81,37.62,37.76,18044
432,37.99,37.99,37.99,37.99,591
433,37.39,38.01,37.39,38.01,300
434,37.76,37.76,37.75,37.75,200
436,37.57,37.59,37.3,37.59,6545
437,37.67,37.98,37.5,37.55,3864
438,37.59,37.72,37.59,37.72,600
440,37.6,37.78,37.6,37.63,1100
441,37.81,38.05,37.7,37.7,3520
442,37.8,37.86,37.725,37.81,1458
443,37.88,37.9,37.815,37.815,800
444,38.09,38.09,37.99,37.99,888
445,38.26,38.37,38.165,38.165,3300
446,38.35,38.42,38.32,38.3925,1400
447,38.29,38.39,38.29,38.39,896
448,38.32,38.4,38.32,38.395,1900
449,38.32,38.32,38.27,38.32,500
450,38.26,38.27,38.26,38.27,499
451,38.35,38.43,38.3,38.3,2148
452,38.4,38.45,38.35,38.35,1000
453,38.47,38.47,38.42,38.45,600
454,38.58,38.58,38.58,38.58,100
455,38.9,38.9,38.79,38.79,500
456,38.89,38.89,38.79,38.79,300
457,39.2,39.2,38.99,38.99,1810
458,39.3889,39.52,39.35,39.38,1680
459,39.31,39.41,39.23,39.37,1000
460,39.04,39.18,38.9187,39.18,1292
461,38.91,39.04,38.91,38.98,1300
462,39.1,39.1,39.07,39.07,200
463,38.98,39.1,38.98,39.08,800
464,38.95,38.95,38.93,38.93,200
465,38.91,38.92,38.88,38.92,1300
466,38.98,38.98,38.95,38.95,500
467,39.16,39.3071,38.93,39.085,3273
468,38.95,39.124,38.95,39.124,2500
469,38.82,38.9,38.77,38.9,2301
470,38.8,38.84,38.76,38.82,3600
471,38.91,38.93,38.79,38.8,13872
864,38.88,38.88,38.88,38.88,178
865,38.99,38.99,38.99,38.99,100
866,39.49,39.56,39.35,39.35,1432
867,39.2,39.9702,39.14,39.57,4910
868,38.99,39.05,38.99,39.05,400
869,39.75,39.8,38.99,38.99,3821
870,39.63,39.75,39.63,39.75,300
871,39.685,39.83,39.56,39.56,1600
872,39.6,39.87,39.6,39.83,3500
873,39.61,39.646,39.46,39.63,2280
874,39.35,39.585,39.35,39.585,1300
875,39,39.23,39,39.23,1800
876,38.19,38.82,38.19,38.82,900
877,37.79,38.41,37.675,38.41,1400
878,37.8,37.8,37.57,37.78,1500
879,38.02,38.02,37.78,37.78,2965
880,38.04,38.13,37.955,38.11,1200
881,38.07,38.1,37.98,38.1,1400
882,38.31,38.31,38.04,38.06,2475
883,38.47,38.54,38.28,38.28,1675
884,38.569,38.57,38.47,38.54,878
885,38.43,38.44,38.43,38.44,200
886,38.39,38.42,38.39,38.42,500
887,38.27,38.38,38.25,38.36,700
888,38.34,38.34,38.32,38.32,200
889,38.37,38.37,38.295,38.35,2212
890,38.46,38.5,38.4,38.4,700
891,38.3763,38.42,38.35,38.42,301
892,38.37,38.44,38.37,38.44,500
893,38.29,38.3,38.27,38.3,400
894,38.21,38.25,38.17,38.2,1000
895,38.12,38.25,38.01,38.25,1601
896,38.06,38.09,38.01,38.04,2300
897,38,38.06,38,38.06,200
898,37.87,38,37.87,37.99,1200
899,38,38.06,37.98,37.98,2961
900,37.89,37.99,37.89,37.99,1400
901,37.86,37.88,37.86,37.88,800
902,38,38,37.86,37.92,2900
903,38.07,38.12,38.01,38.05,9576
a1497360600,38.26,38.26,38.26,38.26,126
2,38.66,38.66,38.66,38.66,100
3,38.24,38.7,37.85,37.85,7307
4,38.72,39.17,37.99,37.99,13414
5,38.55,38.77,38.55,38.73,1600
6,38.81,38.89,38.76,38.77,2678
7,38.175,38.58,38.175,38.58,700
8,38.33,38.33,38.22,38.22,1720
9,38.37,38.54,38.37,38.47,900
10,38.55,38.55,38.48,38.48,1000
11,38.6,38.6,38.56,38.6,500
12,38.44,38.6,38.44,38.58,1500
13,38.4,38.4,38.23,38.25,600
14,38.15,38.45,38.15,38.4,2589
15,37.91,38.15,37.91,38.15,600
16,37.84,37.9,37.84,37.9,200
17,37.96,38.01,37.89,37.89,1600
19,37.91,37.91,37.87,37.87,300
20,37.87,37.91,37.87,37.87,500
21,37.72,37.76,37.72,37.76,200
22,37.75,37.775,37.73,37.74,800
23,37.59,37.75,37.57,37.72,1500
24,37.46,37.54,37.46,37.54,300
25,37.57,37.63,37.47,37.47,2852
26,37.525,37.54,37.48,37.54,800
27,37.52,37.545,37.41,37.525,2800
28,37.45,37.55,37.45,37.52,3810
29,37.4769,37.52,37.4769,37.52,822
30,37.42,37.52,37.42,37.49,1200
31,37.49,37.49,37.39,37.39,300
32,37.42,37.49,37.42,37.43,500
33,37.43,37.44,37.43,37.44,400
34,37.39,37.42,37.39,37.42,500
35,37.33,37.48,37.33,37.39,500
36,37.1,37.33,37.1,37.33,4191
37,36.99,37.29,36.88,37.1,5398
38,36.98,36.99,36.88,36.99,2976
39,37.07,37.09,36.94,36.98,12333
144,37.14,37.14,37.14,37.14,100
145,36.73,37.13,36.73,37.08,1300
146,37.06,37.34,36.75,37.185,19030
147,37.04,37.04,36.88,37.01,300
149,36.83,37.13,36.83,37.13,800
151,36.67,36.89,36.66,36.89,1300
152,36.28,36.66,36.28,36.66,2000
153,36.25,36.27,36.25,36.27,200
154,36.19,36.24,36.1,36.1,600
155,36.24,36.24,36.13,36.16,1100
156,36.35,36.53,36.31,36.36,2325
157,36.25,36.34,36.25,36.34,800
158,36.36,36.43,36.22,36.33,1107
159,36.49,36.49,36.47,36.47,200
160,36.255,36.41,36.23,36.41,1000
161,36.25,36.28,36.23,36.23,1072
162,36.47,36.47,36.23,36.23,600
163,36.59,36.59,36.43,36.48,800
164,36.7,36.7,36.59,36.59,427
165,36.77,36.77,36.72,36.72,300
166,36.75,36.97,36.75,36.83,1700
167,36.71,36.71,36.71,36.71,100
168,36.63,36.698,36.63,36.68,775
169,36.68,36.69,36.67,36.68,400
170,36.72,36.72,36.6527,36.6527,275
171,36.64,36.78,36.64,36.65,300
172,36.61,36.79,36.57,36.79,900
173,36.51,36.6,36.5,36.6,651
174,36.46,36.47,36.46,36.47,200
175,36.58,36.58,36.53,36.53,600
176,36.31,36.51,36.25,36.49,2400
177,36.42,36.42,36.25,36.29,1200
178,36.4,36.4,36.28,36.32,1000
179,36.36,36.44,36.25,36.29,2000
180,36.32,36.42,36.28,36.33,2300
181,36.65,36.65,36.32,36.32,3300
182,36.78,36.98,36.78,36.94,3602
183,36.83,36.84,36.7,36.78,11153
288,36.1,36.1,36.1,36.1,223
289,36.16,36.16,36.16,36.16,100
290,36.698,36.698,36.698,36.698,500
291,36.36,36.59,36.36,36.59,538
292,36.63,36.73,36.52,36.58,3499
293,36.525,36.68,36.495,36.68,1268
294,36.53,36.53,36.53,36.53,100
295,36.46,36.5,36.46,36.5,200
296,36.14,36.44,36.01,36.44,1600
297,36.02,36.03,35.85,36.03,1300
298,35.98,36.115,35.98,36.04,600
299,36.15,36.15,36.11,36.11,200
300,36.21,36.21,36.05,36.15,1590
301,36.13,36.28,36.02,36.02,1800
302,36.175,36.235,36.16,36.16,700
303,36.4,36.4,36.31,36.31,800
304,36.335,36.43,36.335,36.43,400
305,36.37,36.37,36.36,36.36,300
306,36.15,36.34,36.15,36.34,1522
308,36.21,36.28,36.12,36.18,917
309,36.1301,36.1301,36.1301,36.1301,500
311,36.115,36.23,36.04,36.14,801
312,36.085,36.085,35.975,35.985,900
313,36.18,36.18,36,36,1000
314,36.22,36.24,36.115,36.24,500
315,36.23,36.28,36.23,36.27,800
316,36,36.15,35.88,36.125,1700
317,35.83,35.94,35.82,35.94,600
318,35.91,35.91,35.8,35.8,1200
319,35.81,35.85,35.81,35.84,500
320,35.495,35.6,35.495,35.6,500
321,35.41,35.51,35.41,35.51,300
322,35.84,35.84,35.58,35.58,1205
323,35.5,35.64,35.5,35.64,2600
324,35.9,35.91,35.57,35.61,2100
325,35.91,35.91,35.76,35.76,1903
326,36.12,36.14,35.855,35.93,4353
327,36.14,36.26,36.016,36.016,9629
432,35.71,35.71,35.71,35.71,21477
433,35.59,35.59,35.59,35.59,100
434,35.9,35.9,35.62,35.62,700
435,35.765,36,35.765,35.99,4975
436,35.79,35.93,35.68,35.68,1195
437,35.665,35.665,35.665,35.665,300
438,35.685,35.82,35.59,35.61,1680
439,35.655,35.655,35.655,35.655,100
441,35.83,35.83,35.765,35.765,300
442,35.61,35.79,35.61,35.79,3605
443,35.45,35.51,35.45,35.51,600
444,35.375,35.375,35.375,35.375,100
445,35.385,35.4,35.385,35.4,400
446,35.21,35.39,35.21,35.39,3126
447,35.255,35.255,35.255,35.255,100
448,35.18,35.34,35.18,35.34,500
450,35.09,35.155,35.08,35.08,300
451,35.07,35.1,34.99,35.07,1300
453,35.18,35.18,35.14,35.14,200
455,35.07,35.13,35.07,35.13,200
456,35.1,35.135,35.085,35.085,900
457,35.06,35.1,35.04,35.1,4198
458,35.03,35.1,35.02,35.06,982
459,35.13,35.13,35.08,35.08,499
460,35.125,35.125,35.11,35.11,200
461,35.1,35.1447,35.1,35.1447,200
462,35.05,35.1,35.05,35.07,400
463,35.08,35.17,35.08,35.1,1120
464,35.07,35.07,35.07,35.07,100
465,35.16,35.31,35.14,35.31,900
466,35.125,35.26,35.12,35.165,3300
467,35.1,35.1699,35.05,35.05,539
468,35.15,35.17,35.04,35.04,1500
469,35.13,35.22,35.13,35.22,2200
470,35.27,35.4,35.14,35.14,4200
471,35.47,35.56,35.35,35.43,58936
864,35.66,35.66,35.66,35.66,102
865,35.725,36.27,35.51,35.51,1500
866,35.88,36.07,35.6225,35.73,2400
867,35.99,36.075,35.89,35.9,1000
868,35.82,36.02,35.82,35.9,400
869,35.93,36.005,35.86,35.86,300
870,35.88,36.005,35.74,35.95,3866
871,35.9961,36.045,35.91,35.95,1900
872,35.83,36.05,35.68,36.04,3698
873,35.91,36.07,35.78,35.99,7304
874,36.01,36.17,35.86,35.86,5024
875,36.02,36.165,36.02,36.04,1000
876,35.79,36.02,35.79,36.02,482
877,35.71,35.84,35.71,35.79,500
878,35.76,35.76,35.75,35.75,300
879,35.63,35.74,35.63,35.69,800
880,35.66,35.66,35.65,35.65,200
881,35.645,35.67,35.57,35.67,600
882,35.72,35.72,35.59,35.59,300
883,35.58,35.58,35.57,35.57,398
884,35.735,35.735,35.58,35.58,860
885,35.83,35.83,35.82,35.82,300
886,36.17,36.17,35.85,35.85,1396
887,36.18,36.26,35.86,36.2,9345
889,36.02,36.02,35.94,36,2189
890,35.86,36.02,35.86,35.9,700
891,35.84,35.95,35.84,35.95,200
892,35.8,35.905,35.8,35.905,200
893,35.6,35.65,35.6,35.63,1200
894,35.56,35.56,35.43,35.55,1200
895,35.54,35.54,35.54,35.54,100
896,35.69,35.725,35.64,35.65,800
897,35.65,35.805,35.65,35.805,700
898,35.73,35.73,35.68,35.715,300
899,35.84,35.84,35.76,35.79,500
900,35.85,35.86,35.79,35.81,600
901,35.87,35.95,35.87,35.88,2423
902,35.83,35.9,35.8,35.8,2700
903,35.74,35.83,35.68,35.82,11106
a1497965400,35.53,35.53,35.53,35.53,205
1,35.35,35.35,35.35,35.35,100
2,36,36,35.7,35.7,200
3,35.53,35.59,35.45,35.59,478
4,35.33,35.33,35.33,35.33,100
5,35.36,35.36,35.04,35.18,3318
7,35.2,35.27,35.11,35.27,700
8,35.16,35.16,35.16,35.16,100
9,35.21,35.21,35.21,35.21,100
10,35.11,35.115,35.11,35.115,200
13,35.18,35.18,35.18,35.18,200
14,35.29,35.29,35.17,35.18,500
16,35.18,35.33,35.18,35.33,225
17,35.13,35.2,35.13,35.2,600
20,34.95,35.05,34.94,35,1530
21,34.95,34.96,34.95,34.96,500
24,34.91,34.91,34.91,34.91,100
26,34.91,34.968,34.91,34.91,2100
27,35.1,35.1,34.98,34.98,600
28,35.19,35.2,35.16,35.16,800
29,35.3,35.3,35.25,35.25,300
30,35.33,35.34,35.33,35.34,500
31,35.215,35.34,35.215,35.34,549
32,35.22,35.22,35.22,35.22,100
33,35.25,35.25,35.1,35.22,1400
35,35.14,35.23,35.14,35.23,600
36,35.2,35.2,35.14,35.14,200
37,35.22,35.22,35.22,35.22,200
38,35.13,35.19,35.13,35.19,1312
39,35.17,35.21,35.15,35.15,5195
144,35.22,35.22,35.22,35.22,203
147,35.425,35.425,35.425,35.425,100
148,35.04,35.28,35.01,35.28,1342
149,34.9,35.03,34.74,34.91,1000
150,35.215,35.215,35.11,35.11,200
151,35.47,35.47,35.35,35.37,800
152,35.51,35.67,35.51,35.67,300
153,35.395,35.5,35.395,35.44,500
154,35.29,35.29,35.19,35.22,300
155,34.94,35.19,34.94,35.19,500
156,34.86,35.045,34.86,35.045,700
157,34.92,34.98,34.68,34.98,3396
158,34.96,34.97,34.91,34.91,900
159,35.1,35.1,35.03,35.03,400
160,35.1,35.15,35.1,35.15,900
162,35.185,35.185,35.185,35.185,100
163,35.1,35.14,35.1,35.14,669
164,34.975,35,34.935,34.935,1100
165,34.87,34.88,34.87,34.88,200
167,34.94,34.94,34.94,34.94,100
168,35.085,35.085,34.99,34.99,400
169,35.15,35.15,35,35.09,1300
170,35.165,35.165,35.165,35.165,100
172,35.0599,35.0599,34.99,34.99,200
173,34.7597,34.92,34.7597,34.915,527
174,34.835,34.835,34.83,34.83,500
176,34.9,34.93,34.86,34.88,1054
177,34.84,34.97,34.84,34.92,400
179,34.93,34.93,34.81,34.875,1000
181,34.83,34.83,34.76,34.76,1123
182,34.78,34.83,34.76,34.79,1907
183,34.9,34.9,34.78,34.78,7316
288,35.03,35.03,35.03,35.03,359
289,34.66,37.47,34.66,35.225,1279
290,35.23,35.41,34.76,35.03,4408
291,35.23,35.23,35.23,35.23,496
292,35.28,35.28,35.22,35.22,400
293,35.18,35.21,35.18,35.21,1032
294,35,35.07,34.905,35.07,600
295,34.84,34.92,34.84,34.92,400
296,34.93,34.93,34.89,34.89,300
298,35.03,35.03,34.93,34.93,325
299,35.06,35.23,35.06,35.23,200
301,35,35.05,35,35.05,300
302,35.06,35.06,35,35,600
303,35.1,35.1,35.1,35.1,200
304,35.1,35.2,35.1,35.1539,700
305,35.23,35.23,35.1,35.18,1200
306,35.1,35.23,35.09,35.23,900
307,35.1,35.15,35.1,35.15,200
308,35.1,35.19,35.1,35.1,1400
309,35.1,35.16,35.1,35.1,900
311,35.1,35.21,35.1,35.15,400
312,35.16,35.19,35.1,35.1,1100
313,35.08,35.1,35.08,35.1,1046
314,35.1,35.19,35.1,35.14,1011
315,35.14,35.14,35.1,35.13,2316
316,35.195,35.195,35.195,35.195,100
317,35.33,35.33,35.29,35.29,500
319,35.53,35.53,35.47,35.51,732
320,35.49,35.5,35.49,35.5,400
321,35.5,35.59,35.5,35.58,1835
322,35.5,35.62,35.49,35.565,1825
323,35.62,35.62,35.55,35.55,200
324,35.55,35.55,35.5,35.5,300
325,35.56,35.56,35.56,35.56,100
326,35.44,35.56,35.44,35.56,1200
327,35.46,35.54,35.4,35.45,5174
432,35.76,35.76,35.76,35.76,438
433,36.015,36.015,36.015,36.015,100
434,35.86,35.86,35.86,35.86,100
435,35.6383,36,35.605,36,300
436,35.96,35.96,35.43,35.91,1377
437,35.73,36.05,35.73,35.86,1600
439,35.85,36,35.85,36,200
440,35.82,35.89,35.82,35.88,595
441,35.75,35.79,35.75,35.79,300
443,35.68,35.86,35.68,35.86,822
444,35.7191,35.7191,35.64,35.64,700
446,35.78,35.78,35.69,35.78,300
447,35.78,35.79,35.78,35.78,300
448,35.86,35.86,35.86,35.86,100
449,35.84,35.85,35.84,35.85,200
451,35.93,35.93,35.93,35.93,100
452,35.95,36,35.87,35.87,2000
453,36.02,36.02,36.02,36.02,243
454,35.52,36,35.52,36,800
455,35.56,35.56,35.56,35.56,100
457,35.55,35.6,35.495,35.56,1200
459,35.48,35.57,35.48,35.57,200
461,35.71,35.71,35.66,35.66,300
462,35.68,35.68,35.68,35.68,200
463,35.72,35.72,35.72,35.72,100
464,35.71,35.71,35.71,35.71,100
465,35.81,35.845,35.75,35.75,600
466,35.75,35.85,35.75,35.76,600
467,35.83,35.83,35.83,35.83,100
469,36.02,36.09,35.86,35.86,1238
470,35.91,35.92,35.85,35.916,1242
471,35.9,36.06,35.82,35.82,32632
865,35.7,35.7,35.7,35.7,100
866,35.73,35.74,35.73,35.73,692
867,35.74,35.74,35.74,35.74,100
868,35.685,35.685,35.685,35.685,100
869,35.77,35.77,35.66,35.66,300
871,35.73,35.73,35.68,35.73,500
872,35.36,35.59,35.36,35.59,400
873,35.38,35.42,35.37,35.37,700
874,35.36,35.36,35.36,35.36,100
875,35.28,35.28,35.16,35.1601,671
876,35.46,35.55,35.3,35.3,1300
877,35.55,35.55,35.34,35.46,1264
878,35.685,35.685,35.62,35.62,200
879,35.67,35.67,35.67,35.67,100
881,35.71,35.76,35.71,35.76,400
882,35.83,35.88,35.73,35.73,800
884,35.67,35.84,35.67,35.84,401
886,35.61,35.61,35.61,35.61,100
890,35.52,35.52,35.48,35.48,200
892,35.64,35.64,35.64,35.64,200
893,35.52,35.67,35.52,35.67,700
894,35.66,35.66,35.66,35.66,100
897,35.71,35.71,35.7,35.7,200
898,35.84,35.84,35.69,35.7,800
899,35.87,35.87,35.84,35.84,200
900,35.825,35.91,35.825,35.91,400
901,35.88,35.88,35.84,35.84,200
902,35.9182,35.9182,35.87,35.89,600
903,35.78,35.97,35.72,35.94,6817
a1498570200,35.77,35.77,35.77,35.77,221
1,35.0488,35.0488,35.0488,35.0488,308
2,35.84,36.34,35.84,36.03,2600
3,36.05,36.13,35.66,35.66,4296
4,36.06,36.12,36.04,36.04,1400
6,36.17,36.17,36.17,36.17,100
7,36.04,36.06,36.04,36.06,200
8,36.31,36.31,36.19,36.19,600
12,36.3548,36.38,36.3548,36.38,664
13,36.51,36.51,36.45,36.45,800
14,36.49,36.5,36.49,36.5,400
16,36.44,36.5,36.44,36.5,200
18,36.28,36.39,36.28,36.38,400
21,36.5,36.51,36.5,36.51,400
23,36.25,36.39,36.25,36.39,700
24,36.43,36.43,36.43,36.43,100
25,36.3,36.49,36.3,36.4,800
26,36.31,36.355,36.26,36.3,700
27,36.39,36.39,36.39,36.39,100
28,36.24,36.33,36.09,36.33,1200
30,36.17,36.19,36.13,36.18,700
32,35.99,36.04,35.99,36.04,600
33,35.98,35.98,35.98,35.98,100
34,36.06,36.19,36.06,36.07,500
35,35.94,36.11,35.94,36.06,1000
36,36.02,36.02,35.975,35.975,400
37,35.75,36.01,35.75,36,1600
38,35.85,35.855,35.73,35.73,1205
39,35.67,35.905,35.59,35.905,9696
144,35.9,35.9,35.9,35.9,211
145,36.4,36.4,36.4,36.4,100
146,36.01,36.85,36,36.75,2800
147,35.87,36.24,35.48,36,15023
148,36.18,36.3,35.93,35.93,1465
150,36.31,36.3905,36.23,36.27,2500
151,36.55,36.55,36.4,36.4,1704
152,36.74,36.74,36.5,36.5,800
153,36.8,36.8,36.8,36.8,200
154,37.09,37.09,37,37,1873
155,37.18,37.19,37.09,37.09,700
157,37.12,37.1301,37.12,37.1301,400
158,37.07,37.13,37.07,37.13,400
159,37.07,37.19,37.07,37.08,300
161,36.9,37.214,36.9,37.18,2363
162,36.92,37.085,36.92,37.085,500
163,36.85,36.9,36.79,36.9,1600
164,37.08,37.08,36.83,36.83,600
165,37.2,37.2,37.09,37.12,500
166,36.64,37.06,36.48,37.06,1300
167,36.46,36.65,36.39,36.65,900
168,36.39,36.605,36.38,36.4,700
169,36.93,36.93,36.38,36.38,941
170,36.69,36.98,36.69,36.89,1100
171,36.86,36.87,36.69,36.71,1200
172,36.87,36.87,36.78,36.78,600
173,36.78,36.84,36.78,36.8,800
174,36.75,36.815,36.56,36.73,1700
175,36.83,36.87,36.78,36.79,2786
176,36.6,36.65,36.58,36.65,600
177,36.65,36.81,36.65,36.66,1300
178,36.68,36.72,36.62,36.71,1200
179,36.64,36.68,36.64,36.68,700
180,36.59,36.68,36.59,36.59,1400
181,36.55,36.6,36.42,36.54,2648
182,36.59,36.59,36.39,36.42,2700
183,36.46,36.63,36.4,36.62,17247
288,36.46,36.46,36.46,36.46,179
289,35.98,36.79,35.98,36.59,598
290,36.35,36.54,35.95,36.25,19994
291,36.2293,36.46,36.09,36.34,5526
292,36.18,36.295,36.18,36.2301,1500
293,36.2,36.27,35.92,36.27,3600
294,36.3,36.38,36.3,36.38,500
295,36.43,36.43,36.4,36.4,200
296,36.43,36.43,36.36,36.36,754
297,36.43,36.65,36.43,36.53,2840
298,36.42,36.59,36.41,36.59,3700
299,36.43,36.54,36.41,36.41,1800
300,36.33,36.4274,36.33,36.39,500
301,36.23,36.23,36.23,36.23,100
302,35.96,35.96,35.85,35.94,700
304,36.27,36.27,36.03,36.03,1100
305,36.21,36.29,36.21,36.29,400
306,36.15,36.15,36.15,36.15,100
313,35.99,35.99,35.84,35.88,500
314,36.17,36.3,36.11,36.11,800
315,36.12,36.15,36.12,36.15,400
318,36.23,36.23,36.22,36.22,200
319,36.355,36.47,36.29,36.36,500
320,36.3,36.4,36.3,36.34,500
321,36.4,36.405,36.31,36.405,400
322,36.52,36.52,36.52,36.52,100
323,36.6,36.6,36.44,36.44,600
324,36.56,36.58,36.56,36.58,400
325,36.76,36.76,36.6,36.6,800
326,36.68,36.75,36.65,36.75,1300
327,36.74,36.85,36.74,36.78,4576
434,36.895,37.02,36.54,37.02,800
435,36.855,36.8788,36.855,36.8788,400
436,36.71,36.75,36.65,36.75,905
437,36.44,36.44,36.44,36.44,100
438,36.68,36.68,36.41,36.41,3300
439,36.5,36.625,36.5,36.5,1000
440,36.29,36.49,36.29,36.49,900
441,36.22,36.31,36.22,36.31,500
442,36.21,36.24,36.21,36.24,400
443,36.1,36.2,36.1,36.2,300
444,36.18,36.23,36.11,36.23,600
445,36.395,36.41,36.2,36.2,1900
446,36.47,36.59,36.41,36.41,900
447,36.5,36.51,36.5,36.5,700
448,36.5,36.57,36.48,36.56,3000
449,36.49,36.59,36.49,36.5,700
450,36.48,36.53,36.48,36.5,400
451,36.44,36.44,36.44,36.44,200
452,36.41,36.5,36.41,36.5,500
453,36.37,36.44,36.35,36.42,1500
454,36.51,36.52,36.48,36.5,700
455,36.45,36.54,36.45,36.54,400
456,36.5,36.57,36.46,36.46,1800
457,36.39,36.5,36.39,36.5,700
458,36.5,36.5,36.48,36.48,300
459,36.5,36.55,36.5,36.52,1300
460,36.4828,36.4828,36.46,36.47,500
462,36.5,36.53,36.49,36.52,2200
463,36.4,36.52,36.4,36.51,1705
464,36.3,36.3,36.28,36.3,400
465,36.23,36.32,36.23,36.32,200
466,36.25,36.3,36.25,36.3,700
467,36.25,36.25,36.25,36.25,200
468,36.21,36.24,36.16,36.24,700
469,36.3,36.3,36.21,36.27,1203
470,36.5,36.51,36.42,36.43,2287
471,36.31,36.48,36.29,36.48,12673
864,36.32,36.32,36.32,36.32,115
865,35.98,36.735,35.98,36.735,498
866,36.68,36.81,36.21,36.21,2200
867,36.11,36.65,36.11,36.65,400
868,36.03,36.43,35.9,36.16,1600
869,36.38,36.38,35.75,36.08,4920
870,36.3,36.31,36.27,36.28,1000
871,35.95,36.3,35.95,36.25,2100
872,36.27,36.28,35.95,35.95,4495
873,36.04,36.04,36.04,36.04,100
874,35.96,36.12,35.87,36.08,2000
875,35.85,35.93,35.57,35.93,3238
876,35.84,35.97,35.81,35.88,1400
877,36.23,36.26,35.87,35.87,3500
878,36.27,36.35,36.2556,36.34,1981
879,36.03,36.255,36.02,36.24,1700
880,35.95,36.12,35.95,36.03,1300
881,36.07,36.15,35.95,35.96,4830
882,35.82,36.13,35.39,36.13,11212
883,35.87,35.87,35.82,35.82,1000
884,36.32,36.49,35.94,35.94,5174
885,36.21,36.36,36.14,36.32,6353
a1499261400,36.18,36.18,36.18,36.18,662
2,35.69,35.98,35.59,35.68,2102
3,36,36,35.96,35.96,1083
4,36,36.06,35.98,36.06,1200
5,35.99,36.09,35.94,36.01,700
6,36,36.04,36,36.04,400
7,35.98,35.98,35.98,35.98,200
8,36.15,36.15,36.11,36.11,300
9,35.92,35.96,35.92,35.96,400
11,35.9,35.9,35.85,35.85,600
12,35.82,35.85,35.79,35.85,800
13,35.57,35.57,35.57,35.57,100
14,35.96,35.96,35.7,35.7,1113
15,35.85,35.86,35.85,35.86,200
16,35.69,35.74,35.69,35.74,600
17,35.69,35.69,35.66,35.66,200
18,35.82,35.82,35.75,35.75,300
19,35.83,35.99,35.83,35.86,2000
20,35.85,35.85,35.85,35.85,400
21,35.85,35.91,35.85,35.85,1000
22,35.86,35.96,35.825,35.84,3900
23,36.03,36.07,35.85,35.98,2200
24,36.13,36.14,36.01,36.01,300
25,36.22,36.26,36.18,36.18,400
27,36.51,36.51,36.35,36.4,400
28,36.29,36.39,36.25,36.39,1300
29,36.35,36.35,36.33,36.33,200
30,36.29,36.42,36.29,36.35,1100
31,36.26,36.285,36.23,36.24,600
32,36.21,36.31,36.2,36.31,2216
33,36.19,36.19,36.19,36.19,100
34,36.16,36.2352,36.13,36.2352,2130
35,36.11,36.19,36.11,36.13,300
36,36.17,36.19,36.08,36.08,300
37,36.23,36.33,36.23,36.33,600
38,36.35,36.36,36.18,36.18,2400
39,36.18,36.37,36.12,36.36,14390
