EXCHANGE%3DNASDAQ
MARKET_OPEN_MINUTE=570
MARKET_CLOSE_MINUTE=960
INTERVAL=600
COLUMNS=DATE,CLOSE,HIGH,LOW,OPEN,VOLUME
DATA=
TIMEZONE_OFFSET=-240
a1493127000,23.36,23.36,23.36,23.36,1395
1,23.3699,23.3699,23.2431,23.36,1600
2,23.4699,23.4699,23.33,23.33,1800
3,23.4,23.4,23.3832,23.3832,550
5,23.48,23.4863,23.48,23.48,445
6,23.37,23.39,23.37,23.39,677
7,23.3887,23.4044,23.3632,23.3699,1633
8,23.35,23.39,23.35,23.39,600
9,23.362,23.362,23.362,23.362,100
11,23.4096,23.43,23.4096,23.41,400
13,23.38,23.38,23.38,23.38,100
16,23.475,23.4798,23.475,23.4798,1200
17,23.47,23.47,23.47,23.47,200
18,23.4699,23.4699,23.4618,23.4618,220
20,23.42,23.4599,23.4,23.4368,6793
21,23.44,23.44,23.44,23.44,375
23,23.456,23.46,23.456,23.46,400
24,23.4449,23.4449,23.4449,23.4449,500
26,23.4499,23.4499,23.4499,23.4499,150
30,23.4365,23.4365,23.4248,23.4248,250
32,23.43,23.43,23.43,23.43,103
35,23.5132,23.556,23.47,23.47,1500
36,23.5,23.5,23.5,23.5,500
37,23.52,23.52,23.4565,23.475,1970
38,23.5,23.5,23.5,23.5,100
39,23.5,23.5,23.5,23.5,1000
144,23.56,23.56,23.56,23.56,1027
145,23.53,23.56,23.51,23.56,800
146,23.48,23.48,23.48,23.48,300
149,23.6296,23.63,23.6125,23.629,900
150,23.59,23.59,23.5635,23.5635,777
151,23.62,23.62,23.61,23.61,700
152,23.68,23.68,23.6299,23.6299,1200
153,23.68,23.68,23.67,23.68,800
154,23.6442,23.684,23.6442,23.66,1588
156,23.6998,23.7,23.69,23.69,600
158,23.66,23.66,23.66,23.66,100
160,23.6863,23.6863,23.6863,23.6863,100
166,23.779,23.779,23.745,23.745,310
168,23.7399,23.7399,23.7399,23.7399,500
171,23.76,23.76,23.76,23.76,600
172,23.67,23.75,23.67,23.75,200
174,23.7699,23.7699,23.7699,23.7699,100
176,23.76,23.76,23.76,23.76,100
179,23.78,23.78,23.74,23.74,1400
180,23.8394,23.8394,23.809,23.809,226
183,23.81,23.83,23.7855,23.83,1300
288,23.89,23.89,23.89,23.89,152
289,23.8,23.9,23.8,23.8636,1600
292,23.865,23.865,23.86,23.86,1506
294,23.7719,23.7719,23.7719,23.7719,100
297,23.75,23.75,23.7201,23.748,1543
299,23.7789,23.814,23.7789,23.814,600
300,23.83,23.83,23.83,23.83,400
301,23.8199,23.8199,23.81,23.81,1000
302,23.82,23.82,23.82,23.82,4884
303,23.7983,23.7983,23.791,23.791,1600
304,23.8143,23.8143,23.8143,23.8143,200
307,23.843,23.843,23.785,23.785,200
310,23.8695,23.91,23.85,23.85,1300
311,23.8875,23.9,23.8875,23.9,200
313,23.8796,23.8796,23.8796,23.8796,167
314,23.865,23.865,23.865,23.865,250
315,23.85,23.85,23.85,23.85,100
319,23.7544,23.7544,23.7544,23.7544,400
320,23.74,23.74,23.74,23.74,100
321,23.74,23.74,23.74,23.74,100
322,23.7033,23.7242,23.7033,23.7242,277
326,23.676,23.676,23.676,23.676,1000
433,23.71,23.7244,23.71,23.7244,1420
434,23.5747,23.6147,23.5747,23.6,750
435,23.46,23.6,23.46,23.6,800
436,23.4549,23.4549,23.4549,23.4549,210
437,23.3864,23.3864,23.3864,23.3864,100
438,23.31,23.31,23.31,23.31,700
441,23.31,23.31,23.31,23.31,100
443,23.42,23.42,23.4,23.4,200
444,23.3962,23.4248,23.3962,23.4248,300
446,23.3434,23.3434,23.3434,23.3434,160
447,23.3672,23.3672,23.3672,23.3672,855
452,23.3559,23.3559,23.3559,23.3559,1000
453,23.35,23.35,23.35,23.35,100
454,23.3354,23.3354,23.3354,23.3354,400
456,23.315,23.32,23.3,23.3,980
457,23.3042,23.3042,23.3042,23.3042,400
458,23.3091,23.32,23.3091,23.32,300
459,23.34,23.36,23.3122,23.3139,1971
461,23.3539,23.3539,23.3539,23.3539,100
466,23.3756,23.39,23.375,23.39,900
468,23.434,23.45,23.4,23.4,2400
469,23.4452,23.5,23.4452,23.4452,2600
471,23.37,23.44,23.37,23.44,700
864,23.47,23.47,23.47,23.47,1349
865,23.4999,23.5,23.4999,23.5,200
868,23.49,23.49,23.49,23.49,500
869,23.32,23.32,23.32,23.32,100
870,23.3451,23.352,23.3451,23.352,700
874,23.3488,23.3488,23.3488,23.3488,151
883,23.39,23.39,23.3565,23.36,550
884,23.4366,23.4366,23.4366,23.4366,200
885,23.42,23.4599,23.42,23.4599,400
887,23.39,23.39,23.39,23.39,100
891,23.483,23.483,23.483,23.483,111
898,23.4249,23.4599,23.4249,23.4599,1200
899,23.46,23.46,23.4599,23.4599,200
902,23.4204,23.4204,23.4204,23.4204,2700
903,23.51,23.51,23.5,23.5,200
a1493731800,23.5,23.5,23.5,23.5,500
3,23.4,23.5,23.4,23.5,556
4,23.3,23.33,23.3,23.3103,1553
5,23.2,23.2,23.2,23.2,300
6,23.241,23.241,23.241,23.241,200
8,23.2099,23.2099,23.1774,23.1774,3200
9,23.198,23.198,23.198,23.198,200
10,23.06,23.1149,23.06,23.1149,700
12,23.1752,23.1752,23.0831,23.0831,700
13,23.1572,23.1572,23.1572,23.1572,432
18,23.216,23.216,23.216,23.216,309
19,23.2024,23.2024,23.2024,23.2024,511
20,23.2488,23.2488,23.21,23.216,1435
24,23.2846,23.2846,23.2846,23.2846,200
25,23.2933,23.2933,23.2742,23.2742,440
26,23.2876,23.29,23.2876,23.29,600
27,23.26,23.26,23.26,23.26,100
29,23.2375,23.2375,23.2375,23.2375,100
30,23.25,23.25,23.25,23.25,100
31,23.22,23.2351,23.22,23.235,745
33,23.2099,23.22,23.2,23.22,600
34,23.154,23.154,23.12,23.12,1100
37,23.04,23.0431,23.04,23.0431,600
38,23.1172,23.1172,23.1172,23.1172,500
144,23.17,23.17,23.17,23.17,750
148,23,23.0347,23,23.0347,1925
150,22.9359,22.9359,22.9359,22.9359,500
151,22.9199,22.9199,22.9199,22.9199,200
152,22.9062,22.9062,22.9062,22.9062,195
154,22.9155,22.95,22.9155,22.95,200
157,22.9316,22.9316,22.9316,22.9316,100
160,22.94,22.94,22.94,22.94,100
161,22.8905,22.8905,22.8905,22.8905,350
162,22.8838,22.9062,22.8838,22.9062,406
167,22.9671,22.9671,22.9671,22.9671,450
168,22.92,22.92,22.92,22.92,300
169,22.93,22.93,22.93,22.93,100
170,22.932,22.932,22.932,22.932,100
173,22.92,22.92,22.92,22.92,100
174,22.9,22.9,22.8805,22.8805,600
175,22.84,22.88,22.84,22.88,500
176,22.8652,22.8652,22.8652,22.8652,225
180,22.84,22.85,22.84,22.84,400
181,22.9046,22.9046,22.9046,22.9046,375
182,22.9,22.9,22.9,22.9,100
288,23,23,23,23,111
289,22.901,22.9344,22.901,22.9344,360
291,22.9,22.9,22.9,22.9,100
294,22.9471,22.9471,22.9471,22.9471,100
295,23,23,22.9656,22.9656,1126
297,22.9691,22.9691,22.9691,22.9691,100
298,22.9698,22.97,22.9698,22.97,200
307,22.9294,22.9294,22.9294,22.9294,100
308,22.9257,22.9257,22.9257,22.9257,131
312,22.9703,22.9703,22.97,22.97,500
313,23.026,23.026,22.961,22.961,1024
323,23.1497,23.2058,23.1497,23.2058,1280
326,23.11,23.11,23.11,23.11,139
327,23.1,23.1,23.1,23.1,308
433,23,23,23,23,2000
434,22.8,22.97,22.8,22.97,1700
435,22.73,22.73,22.73,22.73,100
436,22.6782,22.7007,22.6678,22.7,2125
437,22.562,22.61,22.562,22.61,1585
438,22.5512,22.5701,22.55,22.57,2850
439,22.45,22.5,22.45,22.5,3600
440,22.42,22.4336,22.42,22.4336,446
441,22.47,22.4911,22.46,22.4911,330
442,22.5162,22.5162,22.5162,22.5162,100
444,22.4956,22.5038,22.4956,22.5038,1100
446,22.44,22.5,22.44,22.5,700
448,22.3946,22.4367,22.3946,22.4367,747
451,22.4,22.4301,22.4,22.4301,300
452,22.447,22.447,22.447,22.447,100
455,22.4337,22.4337,22.4337,22.4337,250
457,22.43,22.43,22.43,22.43,400
458,22.421,22.421,22.421,22.421,200
459,22.42,22.42,22.42,22.42,100
460,22.4102,22.416,22.4102,22.416,200
461,22.4222,22.4222,22.4222,22.4222,130
462,22.41,22.42,22.41,22.42,300
463,22.4299,22.4299,22.42,22.42,500
464,22.4152,22.4152,22.4152,22.4152,250
466,22.434,22.434,22.434,22.434,900
470,22.49,22.49,22.49,22.49,700
471,22.61,22.61,22.51,22.51,300
864,22.62,22.62,22.62,22.62,651
865,22.39,22.39,22.39,22.39,100
866,22.31,22.31,22.31,22.31,200
868,22.22,22.25,22.22,22.25,1477
869,22.1827,22.22,22.1827,22.22,600
870,22.105,22.12,22.105,22.12,400
871,22.09,22.09,22.09,22.09,200
872,22.12,22.12,22.12,22.12,100
873,22.13,22.13,22.13,22.13,100
874,22.02,22.05,22.02,22.05,700
876,21.94,22.0122,21.94,22,3227
877,21.934,21.934,21.934,21.934,250
878,21.9014,21.9014,21.885,21.885,366
879,21.897,21.897,21.897,21.897,234
880,21.902,21.902,21.902,21.902,200
882,21.906,21.906,21.8753,21.8753,425
884,21.92,21.92,21.92,21.92,100
895,21.87,21.9,21.87,21.9,825
898,21.84,21.861,21.84,21.861,515
899,21.848,21.848,21.848,21.848,300
901,21.83,21.8546,21.83,21.8546,600
902,21.76,21.795,21.76,21.78,2550
903,21.76,21.76,21.76,21.76,100
a1494336600,22,22,22,22,459
1,21.9673,21.9673,21.9673,21.9673,2000
2,21.9273,21.9273,21.9273,21.9273,1000
3,21.8031,21.8031,21.8031,21.8031,400
4,21.9,21.9,21.9,21.9,600
5,21.9462,21.9462,21.9462,21.9462,183
8,21.96,21.96,21.96,21.96,609
9,21.9448,21.9448,21.9448,21.9448,100
11,21.9,21.9565,21.9,21.9565,785
12,21.8128,21.8128,21.8128,21.8128,100
13,21.84,21.8539,21.84,21.8539,300
15,21.8701,21.8701,21.8701,21.8701,1000
17,21.96,21.96,21.911,21.911,400
20,22,22,22,22,100
21,22.0254,22.0254,22.0254,22.0254,100
24,21.993,21.993,21.993,21.993,110
27,21.91,21.91,21.91,21.91,100
28,21.8728,21.8728,21.8728,21.8728,100
31,21.869,21.869,21.85,21.85,432
32,21.84,21.84,21.84,21.84,700
38,22,22,21.99,21.99,700
144,22.14,22.14,22.14,22.14,1139
146,22.06,22.0915,22.06,22.0915,400
147,22.017,22.017,22.017,22.017,300
148,22.0472,22.0472,22.0472,22.0472,150
149,22.07,22.07,22.07,22.07,216
150,22,22.0001,22,22.0001,475
155,21.92,21.92,21.92,21.92,100
157,21.989,21.989,21.989,21.989,100
160,21.945,21.96,21.9194,21.9194,1125
161,21.9057,21.9057,21.9057,21.9057,420
164,22.0076,22.0076,22.0076,22.0076,100
165,22.0237,22.0237,22.0237,22.0237,100
166,22.0936,22.0936,22.0936,22.0936,680
172,22.1757,22.1757,22.1757,22.1757,150
173,22.16,22.16,22.16,22.16,300
174,22.15,22.15,22.15,22.15,100
178,22.0428,22.0428,22.0428,22.0428,500
179,22.06,22.06,22.06,22.06,100
181,22.05,22.05,22.05,22.05,100
182,22.08,22.08,22.08,22.08,100
183,22.03,22.1,22.03,22.0974,1600
290,21.8709,22,21.8709,22,200
291,21.81,21.8673,21.81,21.8673,700
292,21.8178,21.8178,21.8178,21.8178,200
293,21.82,21.82,21.82,21.82,200
294,21.778,21.778,21.778,21.778,200
295,21.73,21.73,21.73,21.73,200
297,21.69,21.7,21.69,21.7,710
299,21.7146,21.7146,21.7146,21.7146,1000
300,21.7426,21.7426,21.7426,21.7426,100
305,21.7801,21.7801,21.7801,21.7801,200
307,21.82,21.82,21.82,21.82,500
310,21.88,21.88,21.87,21.87,200
311,21.9199,21.9199,21.9199,21.9199,200
326,21.94,21.94,21.94,21.94,500
327,21.975,22,21.975,22,800
432,22.13,22.13,22.13,22.13,700
433,22.0316,22.0316,22.0316,22.0316,250
434,22.06,22.06,21.9744,21.9963,1000
435,22.15,22.15,22.09,22.09,900
436,22.18,22.18,22.18,22.18,200
438,22.2367,22.2655,22.2367,22.24,1260
442,22.27,22.27,22.2462,22.2462,540
445,22.33,22.33,22.33,22.33,600
447,22.42,22.42,22.42,22.42,700
448,22.4963,22.529,22.4963,22.51,2138
451,22.39,22.39,22.39,22.39,400
453,22.4046,22.4046,22.4029,22.4029,550
458,22.4318,22.4318,22.4318,22.4318,500
459,22.47,22.47,22.47,22.47,600
470,22.5675,22.5675,22.5556,22.5556,353
471,22.59,22.59,22.589,22.589,1318
864,22.74,22.74,22.74,22.74,1354
865,22.725,22.725,22.725,22.725,200
866,22.75,22.75,22.7111,22.7111,330
868,22.78,22.78,22.78,22.78,300
869,22.7842,22.7842,22.7842,22.7842,500
871,22.88,22.88,22.88,22.88,412
872,22.9793,22.9793,22.9793,22.9793,437
873,23,23,22.99,22.99,380
874,23.084,23.084,23.084,23.084,1000
875,23.0096,23.089,23.0096,23.03,1400
878,23.0146,23.03,22.9956,23,800
879,22.94,22.94,22.94,22.94,100
880,22.93,22.93,22.9,22.9229,319
881,22.8698,22.93,22.8698,22.93,1172
882,22.93,22.93,22.8797,22.8797,500
883,22.97,22.97,22.95,22.95,800
884,23.01,23.01,22.9697,22.9697,300
885,22.9454,22.9454,22.9454,22.9454,100
887,22.9704,22.9704,22.9704,22.9704,125
893,22.9753,22.9753,22.972,22.972,500
894,22.88,22.88,22.88,22.88,100
898,22.8899,22.8899,22.8899,22.8899,100
899,22.9,22.905,22.9,22.905,2450
902,22.843,22.843,22.843,22.843,200
a1494941400,23.13,23.13,23.13,23.13,429
4,22.92,22.92,22.92,22.92,100
5,22.9,22.9,22.9,22.9,100
6,22.8,22.84,22.8,22.84,400
7,22.79,22.79,22.79,22.79,100
26,22.8175,22.8175,22.8175,22.8175,150
28,22.8,22.8,22.8,22.8,200
32,22.805,22.82,22.8028,22.8028,5400
35,22.835,22.835,22.835,22.835,220
144,22.73,22.73,22.73,22.73,300
145,22.59,22.634,22.59,22.5901,750
148,22.43,22.43,22.42,22.42,200
149,22.5762,22.61,22.5762,22.61,200
155,22.3456,22.3456,22.3456,22.3456,200
162,22.497,22.497,22.496,22.496,1104
164,22.5385,22.5385,22.5385,22.5385,1000
167,22.54,22.54,22.54,22.54,450
168,22.495,22.495,22.495,22.495,100
174,22.3899,22.3899,22.3899,22.3899,1297
175,22.37,22.37,22.37,22.37,100
181,22.436,22.436,22.436,22.436,150
182,22.4097,22.41,22.4097,22.41,892
183,22.329,22.33,22.3114,22.3114,2137
291,22.4149,22.4149,22.37,22.37,606
296,22.43,22.46,22.43,22.46,1630
298,22.398,22.398,22.398,22.398,115
299,22.3337,22.3708,22.3337,22.3708,600
302,22.26,22.27,22.2599,22.27,9820
306,22.2,22.2,22.2,22.2,200
307,22.289,22.289,22.2255,22.2255,200
308,22.2218,22.2218,22.2218,22.2218,200
315,22.42,22.42,22.42,22.42,100
317,22.4396,22.4396,22.4396,22.4396,500
320,22.44,22.48,22.44,22.4737,13050
327,22.53,22.53,22.53,22.53,200
432,22.37,22.37,22.37,22.37,534
434,22.61,22.61,22.61,22.61,200
435,22.6848,22.7,22.6848,22.7,300
437,22.508,22.508,22.508,22.508,200
440,22.3655,22.3655,22.3466,22.35,2905
445,22.424,22.43,22.4076,22.43,1700
448,22.4476,22.4476,22.4476,22.4476,500
452,22.455,22.455,22.455,22.455,100
456,22.446,22.446,22.446,22.446,100
457,22.4125,22.47,22.41,22.47,1100
459,22.38,22.38,22.38,22.38,100
460,22.34,22.3454,22.34,22.3454,200
461,22.295,22.3189,22.295,22.3189,300
463,22.32,22.32,22.32,22.32,100
464,22.3658,22.3658,22.3658,22.3658,100
465,22.37,22.37,22.3501,22.3501,1400
466,22.268,22.34,22.268,22.34,550
471,22.2,22.23,22.2,22.23,200
864,22.12,22.12,22.12,22.12,501
865,22.22,22.22,22.12,22.12,685
867,22.23,22.23,22.219,22.219,815
868,22.35,22.35,22.3428,22.3428,422
870,22.4,22.4,22.4,22.4,600
876,22.2547,22.2547,22.2547,22.2547,243
877,22.2,22.2222,22.2,22.2222,600
879,22.1491,22.1491,22.1401,22.1401,1447
883,22.1985,22.1985,22.18,22.18,1400
889,22.17,22.173,22.17,22.173,500
893,22.191,22.191,22.191,22.191,200
894,22.2,22.2,22.2,22.2,100
899,22.28,22.28,22.28,22.28,300
900,22.31,22.31,22.25,22.27,2098
902,22.35,22.3557,22.35,22.35,1500
903,22.3824,22.3824,22.36,22.36,200
a1495546200,22.28,22.28,22.28,22.28,631
1,22.3934,22.3934,22.3934,22.3934,250
3,22.42,22.42,22.42,22.42,700
4,22.44,22.44,22.44,22.44,200
5,22.44,22.44,22.44,22.44,832
6,22.4,22.4,22.4,22.4,200
9,22.36,22.36,22.353,22.353,301
12,22.45,22.45,22.44,22.44,1100
13,22.5,22.5,22.5,22.5,150
32,22.51,22.51,22.51,22.51,400
33,22.6092,22.6092,22.6092,22.6092,200
37,22.655,22.655,22.655,22.655,445
39,22.64,22.64,22.6236,22.6236,600
146,22.7375,22.78,22.7201,22.78,1300
150,22.7603,22.7606,22.7603,22.7606,500
152,22.89,22.89,22.89,22.89,400
153,22.94,22.94,22.94,22.94,385
157,23.01,23.0364,23.01,23.0364,250
158,22.9825,22.9899,22.9825,22.9899,900
163,22.99,22.99,22.99,22.99,600
164,23,23.019,22.993,23.015,14625
167,22.9301,22.9301,22.89,22.93,1000
172,22.8799,22.8799,22.8799,22.8799,400
177,22.92,22.92,22.92,22.92,200
178,22.9694,22.9694,22.9694,22.9694,430
292,22.8257,22.85,22.8157,22.85,600
293,22.88,22.88,22.88,22.88,220
294,22.7446,22.75,22.7446,22.75,600
298,22.7714,22.7714,22.7714,22.7714,253
300,22.789,22.789,22.789,22.789,307
303,22.71,22.7299,22.71,22.7299,1190
304,22.6868,22.6868,22.6868,22.6868,400
305,22.68,22.68,22.68,22.68,400
307,22.67,22.68,22.67,22.68,900
313,22.66,22.66,22.6327,22.6327,249
317,22.65,22.65,22.65,22.65,700
318,22.5801,22.603,22.58,22.6,1800
319,22.6289,22.6289,22.6289,22.6289,105
321,22.62,22.62,22.62,22.62,100
323,22.615,22.615,22.615,22.615,100
432,22.5,22.5,22.5,22.5,185
440,22.4436,22.4436,22.4436,22.4436,130
442,22.5,22.5,22.44,22.44,1000
446,22.356,22.3762,22.356,22.36,1872
456,22.275,22.275,22.275,22.275,100
459,22.24,22.24,22.2353,22.2353,471
461,22.2,22.2356,22.2,22.2356,240
462,22.2,22.2,22.2,22.2,100
463,22.135,22.135,22.135,22.135,100
464,22.155,22.155,22.155,22.155,250
467,22.135,22.135,22.135,22.135,450
469,22.1,22.1,22.1,22.1,700
470,22.0735,22.0735,22.0735,22.0735,1000
471,22.0999,22.0999,22.0999,22.0999,1270
a1496151000,22.14,22.14,22.14,22.14,346
3,21.9401,22,21.9401,22,1300
4,22.02,22.02,21.95,21.9538,2016
11,21.9,21.91,21.9,21.91,650
12,21.9,21.9,21.9,21.9,1000
15,21.767,21.767,21.767,21.767,144
28,21.705,21.709,21.705,21.709,1500
30,21.67,21.67,21.67,21.67,300
31,21.6711,21.6711,21.6711,21.6711,100
32,21.666,21.666,21.666,21.666,423
35,21.76,21.76,21.76,21.76,100
38,21.7264,21.7264,21.7264,21.7264,100
39,21.7,21.7,21.7,21.7,200
144,21.65,21.65,21.65,21.65,166
147,21.4773,21.57,21.4773,21.57,948
148,21.331,21.3779,21.33,21.3779,3500
149,21.35,21.3603,21.35,21.3603,750
150,21.26,21.31,21.26,21.31,1400
151,21.3012,21.3012,21.3012,21.3012,465
153,21.4599,21.4599,21.43,21.43,343
157,21.4636,21.4636,21.4636,21.4636,288
164,21.41,21.41,21.41,21.41,109
167,21.3999,21.3999,21.3999,21.3999,200
168,21.4166,21.4166,21.4166,21.4166,100
169,21.4,21.4,21.4,21.4,100
176,21.3436,21.3436,21.3436,21.3436,200
177,21.3393,21.3393,21.3393,21.3393,300
179,21.3572,21.3572,21.3572,21.3572,100
183,21.37,21.38,21.37,21.38,203
288,21.35,21.35,21.35,21.35,860
289,21.5,21.6299,21.485,21.6299,600
292,21.62,21.62,21.6,21.6,700
294,21.55,21.55,21.55,21.55,100
295,21.63,21.63,21.57,21.57,1400
296,21.69,21.69,21.69,21.69,2000
298,21.69,21.69,21.67,21.67,900
299,21.72,21.72,21.72,21.72,100
300,21.746,21.746,21.746,21.746,200
301,21.776,21.776,21.776,21.776,400
302,21.8142,21.8196,21.8142,21.8196,311
308,21.8448,21.8448,21.8448,21.8448,200
309,21.855,21.855,21.855,21.855,952
316,21.8852,21.8852,21.8852,21.8852,200
317,21.98,21.98,21.98,21.98,200
319,21.9561,21.9561,21.9561,21.9561,100
325,21.8905,21.8905,21.8905,21.8905,200
327,21.86,21.86,21.86,21.86,100
432,22,22,22,22,183
436,21.8173,21.9,21.8173,21.899,6671
438,22.03,22.03,22.02,22.02,947
439,22.0469,22.0469,22.0469,22.0469,200
440,22.05,22.0607,22.05,22.0607,600
443,22.11,22.11,22.11,22.11,100
445,22.17,22.17,22.15,22.15,1000
447,22.1349,22.17,22.1349,22.17,2100
449,22.0675,22.1099,22.0675,22.1099,625
452,22.1004,22.1004,22.1004,22.1004,100
455,22.14,22.14,22.093,22.093,200
459,22.2,22.2,22.2,22.2,600
460,22.1997,22.2,22.1997,22.2,200
465,22.2784,22.2784,22.2784,22.2784,1300
466,22.3599,22.3599,22.3599,22.3599,100
469,22.4,22.4,22.4,22.4,200
470,22.4,22.4,22.4,22.4,400
471,22.352,22.352,22.352,22.352,150
864,22.54,22.54,22.54,22.54,325
865,22.2516,22.54,22.2516,22.54,600
866,22.19,22.19,22.19,22.19,2235
868,22.035,22.1022,22.035,22.07,900
869,22.02,22.03,22.02,22.03,400
870,22,22,22,22,300
873,21.8,21.8,21.8,21.8,700
874,21.6857,21.74,21.6857,21.74,1300
875,21.695,21.695,21.695,21.695,200
878,21.718,21.718,21.718,21.718,500
879,21.785,21.785,21.785,21.785,250
880,21.82,21.82,21.7994,21.8199,1800
882,21.896,21.896,21.896,21.896,1000
885,21.916,21.916,21.916,21.916,100
890,21.98,21.98,21.98,21.98,100
892,21.89,21.9,21.89,21.9,700
893,21.8853,21.8853,21.8853,21.8853,500
895,21.8604,21.8604,21.8604,21.8604,300
897,21.859,21.859,21.859,21.859,205
899,21.86,21.86,21.86,21.86,202
902,21.85,21.85,21.8465,21.85,700
903,21.82,21.82,21.8076,21.8076,370
a1496755800,21.72,21.72,21.72,21.72,204
2,21.8001,21.8001,21.72,21.72,300
5,22.0231,22.0231,22.0231,22.0231,150
7,22.06,22.06,22.06,22.06,400
9,21.8481,21.8481,21.8481,21.8481,100
10,21.82,21.82,21.82,21.82,100
12,21.879,21.879,21.879,21.879,100
14,21.933,21.933,21.933,21.933,100
16,21.8847,21.8847,21.8847,21.8847,100
30,21.858,21.858,21.858,21.858,200
39,21.766,21.766,21.766,21.766,500
144,22.03,22.03,22.03,22.03,1864
145,21.94,21.94,21.94,21.94,100
146,21.9499,21.9499,21.9499,21.9499,225
148,21.93,21.93,21.93,21.93,300
149,21.95,21.95,21.95,21.95,300
150,22,22,22,22,300
151,21.91,22.03,21.91,22.03,800
156,22,22.01,22,22.01,314
158,21.96,21.99,21.96,21.99,400
160,21.94,21.94,21.94,21.94,200
163,21.92,21.92,21.92,21.92,200
168,21.7341,21.7341,21.7341,21.7341,1000
172,21.645,21.67,21.6,21.67,625
177,21.7226,21.7226,21.7226,21.7226,500
181,21.7672,21.7672,21.765,21.765,1308
183,21.81,21.81,21.81,21.81,300
288,21.7,21.7,21.7,21.7,600
291,21.61,21.61,21.61,21.61,500
292,21.6316,21.6316,21.6316,21.6316,500
296,21.64,21.65,21.64,21.64,2120
298,21.826,21.826,21.8047,21.82,1030
303,21.8029,21.8029,21.8029,21.8029,750
304,21.73,21.74,21.73,21.74,700
305,21.8474,21.8474,21.8474,21.8474,350
306,21.84,21.84,21.8392,21.8392,700
318,21.73,21.73,21.73,21.73,500
320,21.66,21.66,21.6404,21.6404,1475
321,21.63,21.63,21.63,21.63,500
323,21.67,21.67,21.65,21.65,450
324,21.665,21.665,21.64,21.64,413
325,21.64,21.64,21.64,21.64,700
327,21.65,21.65,21.65,21.65,100
433,21.6984,21.6984,21.6984,21.6984,100
434,21.5494,21.5494,21.5494,21.5494,100
436,21.6024,21.6024,21.6024,21.6024,100
437,21.55,21.55,21.55,21.55,100
438,21.68,21.68,21.6305,21.6305,600
439,21.638,21.638,21.638,21.638,1000
440,21.6635,21.6635,21.631,21.631,1500
443,21.75,21.75,21.75,21.75,300
444,21.8,21.8,21.8,21.8,100
445,21.7946,21.7946,21.7946,21.7946,100
448,21.8701,21.8701,21.87,21.87,200
454,21.86,21.8819,21.86,21.86,2000
455,21.87,21.87,21.87,21.87,100
461,21.59,21.59,21.59,21.59,1100
462,21.65,21.65,21.56,21.56,5152
463,21.57,21.5902,21.57,21.59,1000
464,21.331,21.55,21.331,21.55,1300
465,21.3395,21.3395,21.3395,21.3395,250
466,21.4101,21.52,21.4101,21.45,630
468,21.54,21.54,21.54,21.54,100
864,21.51,21.51,21.51,21.51,100
866,21.443,21.45,21.4121,21.45,300
867,21.13,21.32,21.09,21.32,3930
868,21.22,21.22,21.15,21.15,1000
870,21.27,21.27,21.25,21.2501,1000
873,21.3213,21.3213,21.3,21.3,300
874,21.36,21.36,21.36,21.36,300
876,21.4,21.4,21.4,21.4,300
880,21.5537,21.5537,21.5537,21.5537,400
883,21.488,21.488,21.488,21.488,950
887,21.4257,21.4257,21.4257,21.4257,200
892,21.59,21.59,21.5839,21.5839,326
896,21.515,21.515,21.515,21.515,226
900,21.45,21.45,21.45,21.45,200
903,21.4494,21.4494,21.4494,21.4494,250
a1497360600,21.41,21.41,21.41,21.41,199
3,21.5292,21.5292,21.5292,21.5292,190
5,21.4375,21.4375,21.4375,21.4375,137
7,21.5564,21.5564,21.5564,21.5564,100
9,21.58,21.58,21.58,21.58,1017
10,21.49,21.49,21.49,21.49,1000
11,21.582,21.582,21.582,21.582,100
14,21.6,21.6,21.56,21.56,300
17,21.579,21.579,21.579,21.579,2000
19,21.537,21.537,21.537,21.537,250
20,21.6,21.6,21.6,21.6,1250
22,21.57,21.57,21.57,21.57,400
27,21.5189,21.5189,21.5189,21.5189,360
30,21.595,21.595,21.595,21.595,100
32,21.5828,21.5828,21.5828,21.5828,125
39,21.61,21.61,21.61,21.61,100
146,21.65,21.65,21.65,21.65,100
147,21.65,21.65,21.64,21.64,1705
149,21.581,21.62,21.581,21.62,1200
150,21.6889,21.6889,21.6889,21.6889,400
151,21.76,21.76,21.76,21.76,100
153,21.66,21.66,21.66,21.66,21342
162,21.78,21.78,21.6606,21.6606,1750
165,21.8,21.8,21.783,21.799,4200
169,21.8398,21.8398,21.82,21.82,200
170,21.83,21.83,21.83,21.83,100
176,21.67,21.67,21.67,21.67,100
177,21.635,21.68,21.6,21.6,3700
178,21.58,21.6014,21.58,21.6014,3300
179,21.579,21.58,21.579,21.58,435
180,21.54,21.54,21.54,21.54,100
182,21.58,21.58,21.5377,21.57,4900
183,21.565,21.59,21.55,21.575,6200
288,21.48,21.48,21.48,21.48,161
289,21.23,21.23,21.23,21.23,200
290,21.312,21.313,21.312,21.313,700
291,21.24,21.2872,21.24,21.2872,800
292,21.4,21.4,21.4,21.4,1300
295,21.49,21.49,21.49,21.49,400
300,21.31,21.31,21.2964,21.2964,600
301,21.3664,21.38,21.3299,21.33,3300
302,21.32,21.32,21.2996,21.2996,2700
307,21.2519,21.2519,21.2519,21.2519,130
311,21.28,21.28,21.28,21.28,200
312,21.21,21.2105,21.21,21.2105,935
313,21.1885,21.1885,21.1885,21.1885,565
314,21.15,21.15,21.15,21.15,575
317,21.15,21.15,21.15,21.15,100
319,21.21,21.2515,21.21,21.2515,700
322,21.2097,21.21,21.1689,21.17,800
323,21.2254,21.2254,21.21,21.21,8675
324,21.23,21.23,21.2,21.23,1100
327,21.218,21.218,21.218,21.218,250
433,21.186,21.186,21.186,21.186,1400
434,21.1985,21.1985,21.1985,21.1985,130
437,21.2804,21.2804,21.2804,21.2804,100
439,21.31,21.31,21.29,21.29,600
440,21.252,21.252,21.252,21.252,500
441,21.21,21.21,21.21,21.21,700
449,21.2101,21.2101,21.2101,21.2101,632
451,21.28,21.285,21.28,21.285,200
466,21.44,21.48,21.44,21.48,200
471,21.49,21.49,21.49,21.49,100
864,21.63,21.63,21.63,21.63,291
865,21.7116,21.7116,21.7116,21.7116,500
866,21.7165,21.7165,21.7165,21.7165,1075
867,21.664,21.664,21.664,21.664,100
869,21.795,21.795,21.795,21.795,200
870,21.84,21.84,21.84,21.84,500
871,21.876,21.94,21.876,21.94,550
872,21.95,21.95,21.95,21.95,200
875,21.95,21.95,21.95,21.95,200
878,22.02,22.02,21.987,22.0121,9227
879,21.9801,21.9801,21.98,21.98,200
881,22,22,22,22,1000
882,22.0799,22.08,22.05,22.05,1070
883,22.013,22.013,22.013,22.013,500
884,22.03,22.05,22.01,22.05,3100
886,22.045,22.08,22.045,22.08,10100
888,22.0869,22.12,22.0869,22.0923,2136
889,22.1098,22.1098,22.1098,22.1098,222
891,22.09,22.09,22.09,22.09,1000
893,22.0508,22.0508,22.0508,22.0508,500
894,22.054,22.0614,22.054,22.0614,1550
898,21.988,22.03,21.988,22.03,900
899,22.0493,22.0493,22.0493,22.0493,150
900,22.07,22.07,22.07,22.07,228
901,22.07,22.07,22.0699,22.07,1100
902,22.09,22.09,22.09,22.09,400
903,22.1196,22.13,22.1196,22.129,9900
a1497965400,22.2,22.2,22.2,22.2,460
1,22.1994,22.25,22.1994,22.22,1267
2,22.45,22.45,22.31,22.31,1252
3,22.4295,22.43,22.4295,22.43,200
4,22.47,22.47,22.47,22.47,1000
5,22.62,22.62,22.54,22.54,800
6,22.585,22.5964,22.585,22.5964,200
7,22.5952,22.61,22.5952,22.61,870
8,22.59,22.62,22.59,22.6196,2668
11,22.834,22.834,22.834,22.834,390
13,22.685,22.74,22.685,22.71,700
14,22.74,22.74,22.69,22.69,2200
15,22.708,22.708,22.708,22.708,100
16,22.68,22.7,22.68,22.7,1300
17,22.6513,22.6513,22.6513,22.6513,444
18,22.6558,22.6558,22.6558,22.6558,200
19,22.6168,22.6168,22.6168,22.6168,150
21,22.6894,22.6894,22.6894,22.6894,100
26,22.69,22.69,22.69,22.69,200
27,22.68,22.68,22.66,22.66,700
28,22.71,22.71,22.7,22.7,390
29,22.6816,22.6816,22.665,22.6804,300
32,22.55,22.6001,22.55,22.6,2135
33,22.5,22.54,22.5,22.54,1300
35,22.42,22.46,22.42,22.46,900
36,22.33,22.36,22.33,22.36,289
39,22.28,22.3,22.28,22.3,10700
144,22.5,22.75,22.45,22.75,4975
145,22.5028,22.53,22.45,22.45,5450
146,22.58,22.58,22.58,22.58,500
147,22.71,22.71,22.693,22.693,1640
148,22.7364,22.78,22.7364,22.77,1990
149,22.73,22.7696,22.73,22.7364,2380
150,22.8472,22.8472,22.7196,22.7196,2840
151,22.8132,22.86,22.806,22.823,2560
152,22.8564,22.8564,22.8564,22.8564,440
153,22.92,22.92,22.8564,22.89,1615
154,22.723,22.9,22.723,22.9,1825
155,22.61,22.6496,22.61,22.6496,540
156,22.62,22.62,22.5974,22.5974,200
158,22.65,22.65,22.63,22.65,2300
159,22.635,22.67,22.635,22.67,1550
160,22.693,22.72,22.6414,22.6414,1000
161,22.72,22.72,22.686,22.72,1000
162,22.756,22.756,22.755,22.755,550
163,22.71,22.78,22.695,22.759,4297
165,22.73,22.73,22.73,22.73,1300
166,22.61,22.64,22.61,22.63,1800
167,22.625,22.628,22.625,22.628,400
168,22.61,22.62,22.6,22.62,1374
170,22.713,22.713,22.713,22.713,446
171,22.735,22.75,22.735,22.75,500
172,22.74,22.74,22.72,22.72,500
173,22.7497,22.7497,22.72,22.72,330
174,22.755,22.755,22.755,22.755,218
175,22.72,22.75,22.72,22.75,1250
176,22.72,22.769,22.72,22.769,2510
177,22.65,22.7,22.645,22.7,3800
179,22.641,22.641,22.641,22.641,300
182,22.85,22.85,22.76,22.76,500
288,23,23,23,23,1271
289,23.1,23.1,23,23,1932
290,23.07,23.07,23.0142,23.0142,1132
291,23.38,23.39,23.2445,23.25,5200
292,23.26,23.26,23.26,23.26,100
293,23.355,23.355,23.29,23.32,2000
294,23.4695,23.47,23.4695,23.47,222
295,23.438,23.48,23.438,23.48,2263
296,23.3562,23.3562,23.3562,23.3562,125
297,23.3565,23.3565,23.3565,23.3565,457
298,23.3467,23.37,23.3467,23.37,600
299,23.3788,23.3788,23.31,23.31,300
300,23.412,23.412,23.412,23.412,800
303,23.31,23.3364,23.31,23.3364,450
308,23.499,23.499,23.499,23.499,116
309,23.5753,23.61,23.5,23.5,1183
313,23.4301,23.49,23.4301,23.49,300
315,23.5241,23.5241,23.5241,23.5241,100
318,23.3,23.3,23.271,23.271,775
320,23.225,23.25,23.225,23.25,600
321,23.2901,23.2901,23.2901,23.2901,100
323,23.35,23.35,23.35,23.35,900
324,23.3016,23.36,23.3016,23.36,1759
325,23.345,23.38,23.2907,23.2907,600
327,23.42,23.42,23.3887,23.3905,300
432,23.38,23.38,23.38,23.38,264
433,23.28,23.3,23.28,23.3,2100
434,23.1147,23.1626,23.1147,23.1626,320
435,23.08,23.08,23.08,23.08,400
436,23.25,23.26,23.21,23.21,1430
437,23.35,23.35,23.31,23.31,600
438,23.45,23.45,23.4272,23.45,500
439,23.38,23.38,23.38,23.38,400
440,23.3649,23.37,23.3649,23.37,955
441,23.3264,23.35,23.3264,23.35,800
444,23.23,23.23,23.23,23.23,100
445,23.1471,23.22,23.1471,23.22,5400
446,23.13,23.2,23.13,23.199,4100
448,23.2085,23.2085,23.2085,23.2085,100
451,23.27,23.27,23.27,23.27,100
452,23.3348,23.3348,23.3348,23.3348,100
453,23.426,23.426,23.344,23.37,1350
454,23.39,23.39,23.39,23.39,100
457,23.4668,23.4668,23.4668,23.4668,247
458,23.45,23.45,23.45,23.45,200
460,23.4349,23.47,23.4349,23.47,200
462,23.3501,23.3603,23.3501,23.3603,2457
463,23.3686,23.3686,23.3501,23.3501,200
464,23.35,23.35,23.35,23.35,100
466,23.35,23.35,23.35,23.35,200
468,23.358,23.358,23.358,23.358,100
470,23.5,23.5,23.49,23.49,700
471,23.678,23.696,23.678,23.696,730
864,23.9,23.9,23.9,23.9,832
865,23.91,23.95,23.91,23.94,2244
866,23.65,23.65,23.6147,23.6147,3100
868,23.73,23.73,23.6676,23.6676,200
869,23.6008,23.63,23.58,23.63,6760
870,23.64,23.64,23.64,23.64,100
872,23.64,23.64,23.64,23.64,500
873,23.6601,23.67,23.6601,23.67,600
874,23.66,23.66,23.66,23.66,200
876,23.6201,23.6201,23.6201,23.6201,200
877,23.64,23.672,23.64,23.648,1800
878,23.7102,23.7102,23.64,23.64,2300
879,23.7601,23.7601,23.73,23.73,2596
880,23.8686,23.8686,23.8,23.8,874
881,23.86,23.87,23.8243,23.85,4100
882,23.8628,23.87,23.8343,23.87,2300
884,23.95,23.95,23.9342,23.95,1050
885,23.988,23.988,23.988,23.988,100
886,23.97,23.97,23.97,23.97,1000
887,23.9352,23.9352,23.9352,23.9352,500
891,23.9875,24,23.9875,24,200
892,23.94,23.94,23.91,23.9392,4500
893,23.9,23.9,23.9,23.9,200
894,23.89,23.9099,23.8646,23.88,616
895,23.879,23.889,23.879,23.889,1000
897,23.8888,23.8888,23.8888,23.8888,400
903,23.9234,23.9234,23.9234,23.9234,100
a1498570800,23.71,24,23.71,24,1050
1,23.7547,23.86,23.7547,23.8123,1920
2,23.785,23.785,23.785,23.785,600
3,23.9166,23.9389,23.8,23.8,1348
4,23.93,23.93,23.91,23.91,300
7,23.83,23.8335,23.82,23.82,1300
8,23.83,23.83,23.83,23.83,100
10,23.89,23.89,23.89,23.89,100
12,23.99,23.99,23.95,23.95,1500
13,24,24,24,24,1900
14,23.991,23.991,23.99,23.99,3500
20,23.939,23.939,23.9047,23.9047,950
21,23.89,23.89,23.89,23.89,200
22,23.89,23.89,23.864,23.88,925
24,23.81,23.81,23.81,23.81,1000
25,23.66,23.73,23.66,23.73,400
26,23.52,23.65,23.52,23.65,2011
27,23.51,23.5353,23.5,23.5353,2796
30,23.481,23.481,23.481,23.481,1000
31,23.4222,23.4222,23.4222,23.4222,800
33,23.4283,23.4283,23.41,23.41,900
34,23.41,23.41,23.41,23.41,100
35,23.3053,23.3053,23.3053,23.3053,100
36,23.25,23.28,23.25,23.28,2000
38,23.22,23.22,23.22,23.22,400
143,23.25,23.25,23.25,23.25,280
145,23.2522,23.2522,23.2522,23.2522,100
146,23.28,23.28,23.2584,23.2584,1600
147,23.23,23.25,23.23,23.25,1000
148,23.28,23.28,23.246,23.246,722
149,23.38,23.38,23.3204,23.3204,2387
150,23.41,23.41,23.3708,23.3708,1200
152,23.4767,23.4767,23.4667,23.4667,625
153,23.4105,23.5021,23.4101,23.5021,1200
155,23.59,23.59,23.59,23.59,200
156,23.59,23.59,23.59,23.59,200
159,23.61,23.61,23.61,23.61,4000
161,23.6478,23.6835,23.6428,23.6428,2800
163,23.75,23.75,23.75,23.75,1000
165,23.7,23.7,23.7,23.7,2600
168,23.68,23.68,23.68,23.68,200
171,23.7951,23.7951,23.75,23.75,1850
172,23.8143,23.8399,23.8143,23.8399,200
174,23.7532,23.7532,23.7532,23.7532,150
176,23.8053,23.83,23.8053,23.83,300
177,23.7943,23.7943,23.7943,23.7943,550
178,23.7493,23.84,23.7493,23.84,600
179,23.78,23.78,23.78,23.78,100
181,23.71,23.73,23.71,23.7256,793
287,23.86,23.86,23.86,23.86,806
288,23.6307,23.6728,23.6307,23.6728,260
289,23.56,23.6147,23.56,23.6147,450
291,23.4852,23.5209,23.4852,23.5209,1325
292,23.41,23.51,23.41,23.51,800
293,23.41,23.41,23.41,23.41,500
294,23.3297,23.3532,23.3297,23.3532,1015
295,23.4366,23.4366,23.4366,23.4366,163
296,23.4,23.41,23.4,23.41,900
297,23.39,23.39,23.39,23.39,400
299,23.304,23.33,23.304,23.33,1500
300,23.25,23.28,23.25,23.28,1100
301,23.3048,23.31,23.2506,23.2728,2730
302,23.28,23.28,23.28,23.28,800
303,23.32,23.32,23.21,23.2401,24700
304,23.32,23.32,23.32,23.32,2000
307,23.28,23.36,23.28,23.3133,5600
308,23.25,23.34,23.23,23.27,19666
310,23.2,23.2,23.2,23.2,400
311,23.06,23.1,23.06,23.1,2497
312,23.0424,23.06,23.0402,23.0402,1757
313,23.0498,23.0498,23.0498,23.0498,100
314,23.0958,23.0958,23.0958,23.0958,125
319,23.17,23.17,23.17,23.17,150
320,23.1596,23.1596,23.1596,23.1596,100
324,23.19,23.19,23.17,23.17,800
325,23.2301,23.25,23.2301,23.25,600
326,23.3499,23.3499,23.3499,23.3499,200
431,23.66,23.66,23.66,23.66,1100
434,23.1427,23.2199,23.1427,23.2199,2235
436,23.11,23.11,23.11,23.11,100
437,23,23,23,23,100
442,23.1082,23.1082,23.1082,23.1082,195
445,23.07,23.13,23.07,23.08,612
447,23.0528,23.09,23.0101,23.09,1300
457,23.01,23.01,23.01,23.01,400
458,23.0359,23.0359,23.0359,23.0359,100
460,23.0646,23.065,23.03,23.04,3200
462,23.07,23.08,23.07,23.08,300
463,23.064,23.064,23.064,23.064,100
467,23.07,23.07,23.07,23.07,700
469,23.0603,23.0603,23.0603,23.0603,200
470,23.03,23.03,22.99,23.02,450
863,23.03,23.03,23.03,23.03,100
864,23.045,23.06,23.004,23.028,8500
865,23.16,23.16,23.1421,23.1421,800
866,23.23,23.23,23.23,23.23,400
867,23.19,23.211,23.19,23.211,435
868,23.22,23.22,23.22,23.22,100
869,23.2074,23.2074,23.2074,23.2074,250
871,23.14,23.19,23.14,23.19,909
874,23.06,23.06,23.06,23.06,400
875,23.16,23.16,23.14,23.14,1500
879,23.25,23.25,23.25,23.25,700
883,23.29,23.29,23.29,23.29,700
884,23.35,23.35,23.35,23.35,1200
a1499261400,23.49,23.49,23.49,23.49,575
1,23.3853,23.4337,23.3853,23.4337,632
2,23.33,23.33,23.33,23.33,275
3,23.33,23.33,23.33,23.33,300
4,23.35,23.35,23.35,23.35,200
5,23.36,23.36,23.31,23.34,1000
6,23.36,23.36,23.36,23.36,129
7,23.58,23.58,23.5198,23.5198,380
8,23.65,23.65,23.65,23.65,100
9,23.6747,23.6747,23.6747,23.6747,400
10,23.6998,23.6998,23.6998,23.6998,140
11,23.793,23.793,23.79,23.79,388
13,23.75,23.75,23.75,23.75,1100
22,23.7002,23.7002,23.69,23.7,4000
23,23.7269,23.7269,23.7269,23.7269,150
24,23.732,23.732,23.732,23.732,200
27,23.6108,23.6108,23.6108,23.6108,250
36,23.67,23.67,23.67,23.67,252
38,23.715,23.729,23.715,23.72,670
