EXCHANGE%3DNASDAQ
MARKET_OPEN_MINUTE=570
MARKET_CLOSE_MINUTE=960
INTERVAL=600
COLUMNS=DATE,CLOSE,HIGH,LOW,OPEN,VOLUME
DATA=
TIMEZONE_OFFSET=-240
a1493130000,1.27,1.2723,1.27,1.2723,500
1,1.27,1.31,1.27,1.2756,2843
2,1.27,1.31,1.27,1.3099,1650
3,1.27,1.28,1.27,1.28,300
6,1.3,1.31,1.27,1.2723,10929
7,1.2999,1.3,1.2999,1.3,700
8,1.27,1.273,1.27,1.273,316
9,1.27,1.27,1.27,1.27,100
10,1.27,1.27,1.27,1.27,200
11,1.27,1.3,1.27,1.27,896
13,1.25,1.27,1.24,1.27,38881
14,1.285,1.32,1.2598,1.26,7274
15,1.3199,1.32,1.27,1.29,3324
16,1.29,1.32,1.28,1.32,300
17,1.27,1.28,1.27,1.28,400
18,1.27,1.27,1.27,1.27,200
19,1.27,1.28,1.27,1.28,200
20,1.27,1.2863,1.27,1.2863,1503
21,1.32,1.32,1.27,1.3199,2850
23,1.29,1.29,1.29,1.29,300
24,1.29,1.29,1.29,1.29,200
25,1.29,1.29,1.29,1.29,600
26,1.29,1.29,1.29,1.29,200
27,1.31,1.31,1.29,1.29,400
28,1.29,1.29,1.29,1.29,100
29,1.29,1.32,1.29,1.29,6200
30,1.29,1.32,1.29,1.32,200
31,1.28,1.32,1.28,1.29,300
32,1.29,1.29,1.28,1.2804,2600
33,1.29,1.33,1.29,1.29,500
34,1.28,1.28,1.27,1.28,700
139,1.3,1.3,1.3,1.3,300
140,1.302,1.302,1.302,1.302,100
142,1.2813,1.2813,1.2813,1.2813,1075
144,1.32,1.32,1.32,1.32,200
146,1.3001,1.3001,1.3001,1.3001,1300
148,1.327,1.33,1.315,1.33,5500
149,1.33,1.33,1.33,1.33,200
152,1.33,1.336,1.33,1.33,32684
153,1.3427,1.3427,1.3427,1.3427,1000
154,1.33,1.38,1.33,1.35,7920
155,1.34,1.36,1.34,1.35,7500
156,1.33,1.34,1.33,1.34,300
158,1.33,1.33,1.33,1.33,208
159,1.34,1.34,1.34,1.34,200
160,1.34,1.34,1.34,1.34,200
163,1.33,1.335,1.33,1.335,232
165,1.33,1.3301,1.33,1.3301,5980
166,1.34,1.34,1.3386,1.34,9537
168,1.38,1.38,1.34,1.355,21539
169,1.368,1.38,1.3601,1.3601,4792
170,1.38,1.38,1.3731,1.38,3053
171,1.34,1.38,1.34,1.38,4376
172,1.4,1.4,1.4,1.4,500
173,1.3814,1.3814,1.3814,1.3814,269
175,1.37,1.4,1.37,1.4,1100
176,1.4,1.4,1.3899,1.3899,5100
178,1.3969,1.4,1.3969,1.4,1000
283,1.4,1.4,1.4,1.4,452
284,1.38,1.4,1.35,1.4,2922
285,1.45,1.45,1.4,1.4,6805
286,1.41,1.44,1.41,1.44,2500
287,1.3921,1.3921,1.3921,1.3921,500
288,1.42,1.42,1.39,1.39,3800
289,1.4,1.43,1.4,1.43,855
291,1.43,1.43,1.4,1.4,200
292,1.42,1.42,1.4,1.4,200
293,1.38,1.4174,1.38,1.4174,3300
294,1.3875,1.3875,1.38,1.38,400
295,1.38,1.41,1.38,1.41,200
297,1.4,1.4,1.38,1.38,200
298,1.4,1.4,1.38,1.3992,5500
300,1.38,1.4,1.38,1.4,200
301,1.4,1.4,1.4,1.4,200
302,1.38,1.38,1.38,1.38,100
303,1.3801,1.3801,1.3801,1.3801,3000
304,1.38,1.38,1.38,1.38,100
305,1.4,1.4,1.38,1.3999,5145
306,1.4,1.4,1.4,1.4,300
308,1.4,1.4,1.38,1.38,200
310,1.38,1.38,1.38,1.38,100
311,1.38,1.4,1.38,1.4,300
312,1.3601,1.38,1.36,1.38,2355
313,1.36,1.36,1.36,1.36,300
314,1.36,1.36,1.36,1.36,100
315,1.38,1.38,1.38,1.38,100
317,1.36,1.36,1.36,1.36,100
319,1.36,1.36,1.36,1.36,100
320,1.36,1.36,1.36,1.36,100
321,1.36,1.36,1.36,1.36,100
322,1.36,1.37,1.35,1.37,1964
427,1.34,1.34,1.34,1.34,229
429,1.37,1.37,1.37,1.37,200
431,1.32,1.3699,1.32,1.3224,5387
437,1.3101,1.3101,1.3101,1.3101,861
438,1.36,1.36,1.36,1.36,100
441,1.345,1.35,1.3,1.33,37298
442,1.35,1.35,1.35,1.35,100
446,1.36,1.36,1.36,1.36,100
449,1.33,1.33,1.33,1.33,600
450,1.3,1.3,1.3,1.3,200
455,1.28,1.31,1.26,1.3,28700
456,1.28,1.29,1.28,1.29,200
457,1.27,1.29,1.27,1.2887,400
458,1.26,1.29,1.26,1.27,14900
459,1.27,1.27,1.27,1.27,100
460,1.27,1.27,1.27,1.27,100
461,1.25,1.27,1.25,1.27,6090
462,1.27,1.27,1.25,1.25,33857
463,1.2663,1.3,1.265,1.265,6045
465,1.269,1.2728,1.26,1.2728,6605
466,1.28,1.28,1.26,1.26,11973
859,1.3,1.3,1.3,1.3,1510
861,1.31,1.31,1.309,1.309,440
862,1.3,1.3,1.28,1.28,3330
863,1.31,1.31,1.292,1.292,800
864,1.3,1.31,1.3,1.31,200
865,1.3,1.3,1.3,1.3,100
867,1.3,1.3,1.2931,1.2931,1900
868,1.3,1.3,1.3,1.3,200
870,1.29,1.29,1.29,1.29,200
878,1.3,1.3,1.3,1.3,100
879,1.3,1.3,1.3,1.3,200
881,1.3,1.3,1.2926,1.2984,1600
882,1.29,1.29,1.29,1.29,100
883,1.2892,1.2892,1.2892,1.2892,112
884,1.3,1.3,1.28,1.2823,8300
885,1.3,1.3,1.28,1.29,6800
887,1.3,1.3,1.295,1.295,500
888,1.3,1.3,1.29,1.291,6400
889,1.31,1.31,1.29,1.3,16878
890,1.2965,1.3,1.295,1.295,750
892,1.3,1.3,1.3,1.3,100
893,1.3,1.3,1.3,1.3,628
895,1.29,1.3,1.29,1.3,1700
896,1.2901,1.2901,1.28,1.2901,3752
897,1.29,1.29,1.28,1.28,2947
898,1.29,1.29,1.27,1.285,27589
a1493733000,1.2976,1.2976,1.29,1.29,9400
2,1.3,1.3,1.3,1.3,100
3,1.3013,1.31,1.3013,1.31,200
7,1.295,1.31,1.29,1.29,4882
8,1.3,1.3,1.3,1.3,100
22,1.32,1.32,1.32,1.32,100
23,1.3018,1.3018,1.3018,1.3018,100
26,1.32,1.32,1.32,1.32,100
27,1.3025,1.3025,1.3025,1.3025,200
28,1.31,1.31,1.3,1.3001,1027
31,1.31,1.31,1.31,1.31,200
32,1.3058,1.3058,1.3058,1.3058,1000
33,1.31,1.31,1.31,1.31,300
34,1.31,1.33,1.3,1.309,27449
35,1.29,1.29,1.29,1.29,774
36,1.2901,1.31,1.2901,1.31,388
37,1.28,1.3,1.28,1.29,9759
142,1.29,1.29,1.29,1.29,230
145,1.3,1.3,1.29,1.29,1000
146,1.281,1.281,1.281,1.281,820
149,1.28,1.29,1.28,1.29,800
162,1.28,1.28,1.28,1.28,100
163,1.29,1.29,1.275,1.275,800
168,1.31,1.31,1.28,1.28,200
171,1.28,1.28,1.28,1.28,200
173,1.27,1.27,1.27,1.27,600
175,1.26,1.28,1.26,1.27,3932
176,1.27,1.27,1.27,1.27,100
179,1.2509,1.26,1.2509,1.26,628
181,1.25,1.28,1.25,1.257,3289
286,1.25,1.25,1.25,1.25,3237
287,1.2501,1.2501,1.25,1.25,7182
288,1.25,1.25,1.25,1.25,605
289,1.25,1.2501,1.25,1.2501,5400
290,1.26,1.26,1.25,1.25,500
291,1.25,1.25,1.25,1.25,11600
292,1.26,1.26,1.25,1.25,400
293,1.2599,1.2599,1.2599,1.2599,100
294,1.25,1.25,1.25,1.25,200
297,1.25,1.26,1.25,1.26,29249
298,1.25,1.25,1.25,1.25,1400
299,1.25,1.25,1.25,1.25,1200
300,1.25,1.2513,1.25,1.2513,301
301,1.26,1.26,1.255,1.26,300
306,1.27,1.27,1.27,1.27,100
308,1.25,1.25,1.25,1.25,100
311,1.25,1.25,1.25,1.25,3493
313,1.25,1.25,1.25,1.25,400
314,1.26,1.26,1.25,1.2599,9000
316,1.25,1.2525,1.25,1.2525,400
317,1.26,1.26,1.25,1.25,300
318,1.27,1.27,1.26,1.26,600
323,1.2601,1.2601,1.2601,1.2601,191
324,1.2615,1.272,1.261,1.27,5423
325,1.29,1.29,1.26,1.275,491
430,1.3,1.3,1.3,1.3,3432
433,1.3065,1.3065,1.3065,1.3065,107
434,1.3,1.325,1.3,1.325,1988
436,1.3,1.3,1.3,1.3,170
437,1.3,1.31,1.3,1.3,2794
438,1.2935,1.315,1.2801,1.31,22907
439,1.28,1.295,1.28,1.28,3700
440,1.25,1.29,1.25,1.29,17438
441,1.25,1.2502,1.25,1.2502,5100
444,1.25,1.26,1.25,1.26,7749
445,1.25,1.25,1.25,1.25,200
446,1.22,1.25,1.22,1.25,17059
447,1.23,1.23,1.23,1.23,2200
448,1.22,1.24,1.21,1.24,2900
449,1.2353,1.2353,1.2353,1.2353,5000
450,1.23,1.27,1.21,1.225,20200
451,1.23,1.24,1.23,1.24,1400
452,1.24,1.24,1.24,1.24,100
457,1.24,1.24,1.24,1.24,100
460,1.24,1.24,1.24,1.24,697
462,1.29,1.29,1.29,1.29,100
464,1.25,1.29,1.25,1.29,200
467,1.25,1.261,1.25,1.261,1105
469,1.24,1.24,1.24,1.24,617
862,1.24,1.24,1.24,1.24,3500
863,1.1901,1.24,1.1901,1.24,8632
864,1.21,1.23,1.1901,1.1901,3400
865,1.21,1.21,1.19,1.19,4217
866,1.2101,1.2101,1.21,1.21,1079
867,1.21,1.21,1.21,1.21,100
868,1.2,1.2,1.1945,1.1945,2324
869,1.23,1.23,1.2,1.2,800
871,1.23,1.23,1.2,1.2,200
877,1.25,1.25,1.25,1.25,100
880,1.2132,1.2499,1.2132,1.2499,600
884,1.21,1.23,1.21,1.2101,1394
885,1.21,1.24,1.206,1.206,500
887,1.23,1.23,1.23,1.23,100
894,1.2248,1.23,1.2248,1.23,300
899,1.22,1.22,1.22,1.22,100
900,1.24,1.24,1.24,1.24,100
901,1.24,1.25,1.24,1.25,306
a1494336600,1.23,1.23,1.23,1.23,183
1,1.2018,1.2018,1.2018,1.2018,4795
3,1.2105,1.2105,1.2105,1.2105,309
4,1.2,1.23,1.2,1.23,500
5,1.21,1.21,1.2,1.2,600
6,1.21,1.21,1.21,1.21,10734
8,1.22,1.22,1.2192,1.2192,6700
9,1.26,1.26,1.24,1.24,2000
10,1.244,1.244,1.2219,1.2219,6000
17,1.21,1.23,1.21,1.2265,25400
18,1.2101,1.23,1.2101,1.23,11000
19,1.2165,1.2165,1.2165,1.2165,8960
20,1.21,1.23,1.2,1.23,21100
21,1.1832,1.2065,1.15,1.2065,43392
22,1.19,1.19,1.19,1.19,6900
23,1.19,1.19,1.19,1.19,3100
24,1.19,1.19,1.19,1.19,1100
25,1.19,1.19,1.19,1.19,100
27,1.205,1.205,1.19,1.19,6315
29,1.19,1.21,1.19,1.21,1200
30,1.2,1.22,1.1975,1.21,7600
31,1.24,1.24,1.205,1.22,4900
32,1.22,1.22,1.22,1.22,600
33,1.2,1.22,1.2,1.22,14860
34,1.22,1.22,1.19,1.2,4297
35,1.22,1.22,1.2125,1.22,1500
36,1.2101,1.2101,1.2101,1.2101,856
38,1.22,1.22,1.22,1.22,2382
39,1.22,1.24,1.21,1.21,1024
145,1.22,1.22,1.22,1.22,271
150,1.25,1.25,1.25,1.25,100
151,1.245,1.245,1.245,1.245,190
153,1.2301,1.2301,1.2301,1.2301,220
155,1.2301,1.2402,1.2301,1.2402,200
167,1.24,1.24,1.24,1.24,300
174,1.24,1.24,1.24,1.24,100
177,1.23,1.23,1.23,1.23,1000
178,1.22,1.22,1.22,1.22,3879
179,1.22,1.22,1.22,1.22,100
183,1.21,1.21,1.21,1.21,1000
288,1.21,1.21,1.21,1.21,128
289,1.22,1.22,1.22,1.22,1000
290,1.21,1.21,1.21,1.21,200
291,1.2,1.202,1.2,1.202,5232
292,1.2,1.21,1.2,1.21,1200
294,1.18,1.2042,1.18,1.2018,32327
295,1.2,1.2,1.2,1.2,700
297,1.21,1.21,1.16,1.2004,25104
302,1.22,1.22,1.22,1.22,100
303,1.22,1.22,1.22,1.22,100
308,1.19,1.21,1.19,1.1963,6190
309,1.2,1.2,1.2,1.2,400
310,1.2,1.2,1.2,1.2,3400
311,1.22,1.22,1.22,1.22,200
312,1.2001,1.2001,1.2001,1.2001,198
314,1.23,1.23,1.23,1.23,100
315,1.23,1.23,1.23,1.23,200
318,1.2183,1.2183,1.2183,1.2183,740
322,1.2012,1.2012,1.2,1.2,10550
323,1.18,1.2001,1.18,1.2001,20700
325,1.2,1.2,1.2,1.2,500
432,1.19,1.19,1.19,1.19,611
435,1.18,1.18,1.18,1.18,1800
436,1.21,1.21,1.21,1.21,100
438,1.22,1.22,1.22,1.22,200
439,1.2,1.2199,1.2,1.2199,5012
440,1.2,1.2,1.18,1.18,2620
441,1.2,1.2,1.2,1.2,800
442,1.19,1.2097,1.19,1.2097,2100
443,1.21,1.21,1.21,1.21,100
444,1.19,1.2072,1.19,1.2072,2919
446,1.2,1.2,1.19,1.19,2300
447,1.2,1.2,1.2,1.2,900
451,1.21,1.21,1.21,1.21,360
457,1.19,1.21,1.19,1.21,1600
458,1.194,1.194,1.194,1.194,3000
463,1.19,1.21,1.19,1.19,628
466,1.1924,1.1924,1.1901,1.1901,900
469,1.2,1.2,1.2,1.2,600
471,1.2,1.2035,1.2,1.2035,1362
864,1.2,1.2,1.2,1.2,1409
865,1.2,1.2,1.2,1.2,1895
866,1.2,1.2001,1.2,1.2001,1500
869,1.22,1.22,1.22,1.22,100
871,1.23,1.23,1.22,1.22,254
872,1.21,1.21,1.21,1.21,100
874,1.2,1.2005,1.2,1.2,2300
875,1.2,1.2,1.2,1.2,100
876,1.2,1.2,1.2,1.2,100
877,1.18,1.2025,1.18,1.2,4100
878,1.21,1.21,1.18,1.18,2500
886,1.22,1.22,1.2,1.21,9849
887,1.2,1.22,1.2,1.22,12175
889,1.22,1.22,1.22,1.22,100
892,1.21,1.21,1.21,1.21,200
895,1.203,1.203,1.203,1.203,203
897,1.2042,1.2042,1.2,1.2,2636
903,1.21,1.21,1.2,1.2,4855
a1494941400,1.2,1.2,1.2,1.2,300
1,1.2,1.2,1.2,1.2,700
2,1.2,1.2,1.2,1.2,8000
3,1.18,1.2,1.18,1.2,3905
4,1.19,1.19,1.19,1.19,5750
5,1.2,1.2,1.2,1.2,500
6,1.22,1.22,1.22,1.22,100
10,1.19,1.19,1.18,1.18,528
15,1.2,1.21,1.2,1.21,200
17,1.2,1.2,1.1908,1.1908,1623
20,1.2,1.2,1.1848,1.1848,1080
21,1.2,1.2,1.2,1.2,100
24,1.21,1.21,1.21,1.21,100
28,1.2,1.22,1.2,1.2,600
29,1.2,1.2,1.2,1.2,400
30,1.2,1.2,1.2,1.2,100
31,1.2,1.2,1.2,1.2,100
32,1.18,1.2,1.18,1.2,210
33,1.2,1.2,1.2,1.2,100
38,1.2,1.2,1.2,1.2,5300
39,1.19,1.21,1.19,1.19,710
144,1.18,1.18,1.18,1.18,263
146,1.2,1.2,1.2,1.2,1800
149,1.2,1.2,1.2,1.2,700
159,1.2,1.2,1.2,1.2,700
163,1.21,1.21,1.21,1.21,300
171,1.22,1.22,1.22,1.22,100
174,1.2,1.2,1.2,1.2,111
175,1.18,1.22,1.18,1.2,12100
177,1.2,1.2,1.2,1.2,1200
178,1.21,1.21,1.21,1.21,100
180,1.1901,1.21,1.1901,1.21,600
182,1.21,1.21,1.21,1.21,100
183,1.19,1.21,1.19,1.2,852
290,1.1801,1.1801,1.18,1.18,2000
293,1.2,1.2,1.2,1.2,1300
298,1.21,1.21,1.21,1.21,200
301,1.2,1.2,1.2,1.2,1200
302,1.2,1.2,1.2,1.2,100
303,1.21,1.21,1.21,1.21,100
304,1.21,1.21,1.21,1.21,100
307,1.2,1.2,1.2,1.2,200
309,1.21,1.21,1.21,1.21,100
324,1.21,1.21,1.21,1.21,200
326,1.21,1.21,1.2099,1.2099,410
327,1.19,1.19,1.19,1.19,537
440,1.2,1.2,1.2,1.2,1034
447,1.21,1.21,1.21,1.21,100
461,1.1808,1.21,1.1808,1.21,300
470,1.21,1.21,1.21,1.21,100
471,1.18,1.18,1.18,1.18,100
864,1.18,1.18,1.18,1.18,627
865,1.2,1.2,1.18,1.18,1838
866,1.21,1.21,1.1943,1.1943,355
867,1.2,1.2,1.2,1.2,200
870,1.21,1.21,1.21,1.21,1200
871,1.2,1.205,1.2,1.205,200
872,1.21,1.21,1.21,1.21,100
873,1.2,1.2,1.2,1.2,300
876,1.21,1.21,1.21,1.21,100
878,1.21,1.21,1.2,1.2,838
879,1.21,1.21,1.21,1.21,100
884,1.21,1.21,1.19,1.2,5624
888,1.21,1.21,1.2,1.2036,3108
890,1.19,1.2,1.19,1.2,348
902,1.21,1.21,1.19,1.2088,1600
903,1.2,1.21,1.2,1.21,900
a1495546200,1.2,1.2,1.2,1.2,764
2,1.21,1.21,1.21,1.21,100
7,1.21,1.21,1.2012,1.2012,1100
9,1.21,1.21,1.2,1.2007,2800
13,1.21,1.21,1.21,1.21,100
14,1.21,1.21,1.21,1.21,100
17,1.2096,1.2096,1.2096,1.2096,186
18,1.21,1.21,1.2065,1.2065,600
20,1.21,1.21,1.21,1.21,100
22,1.21,1.21,1.21,1.21,200
36,1.2,1.205,1.1916,1.205,2803
37,1.2,1.2,1.2,1.2,500
38,1.2,1.2,1.2,1.2,800
39,1.2,1.2,1.15,1.2,14117
144,1.2,1.2,1.2,1.2,131
152,1.1758,1.1758,1.1732,1.1732,350
156,1.1744,1.1744,1.1744,1.1744,100
157,1.18,1.18,1.15,1.1701,10628
171,1.1501,1.1643,1.15,1.16,4897
172,1.18,1.18,1.17,1.17,287
174,1.18,1.18,1.18,1.18,812
175,1.19,1.19,1.19,1.19,100
177,1.19,1.19,1.19,1.19,100
183,1.17,1.17,1.17,1.17,200
288,1.18,1.18,1.18,1.18,164
289,1.1878,1.1878,1.1878,1.1878,400
290,1.189,1.189,1.189,1.189,300
292,1.1778,1.1778,1.1778,1.1778,1875
294,1.1759,1.19,1.17,1.19,300
295,1.18,1.18,1.1752,1.1752,500
298,1.178,1.178,1.178,1.178,100
300,1.178,1.178,1.178,1.178,107
301,1.18,1.18,1.1718,1.1718,752
308,1.1782,1.1782,1.1782,1.1782,270
311,1.18,1.18,1.17,1.179,4100
312,1.175,1.175,1.17,1.17,300
313,1.175,1.18,1.17,1.1765,2570
316,1.17,1.171,1.17,1.171,969
317,1.18,1.18,1.1772,1.1772,500
318,1.175,1.175,1.175,1.175,100
320,1.18,1.18,1.18,1.18,100
326,1.16,1.17,1.16,1.17,200
327,1.18,1.18,1.16,1.16,1800
432,1.19,1.19,1.19,1.19,700
440,1.16,1.17,1.16,1.1699,1000
441,1.17,1.17,1.17,1.17,116
442,1.165,1.165,1.165,1.165,100
445,1.17,1.17,1.16,1.16,600
446,1.165,1.165,1.16,1.16,300
448,1.16,1.1624,1.16,1.1624,650
449,1.16,1.16,1.16,1.16,100
450,1.16,1.18,1.16,1.17,10167
451,1.165,1.165,1.165,1.165,100
453,1.16,1.17,1.16,1.17,300
459,1.17,1.17,1.17,1.17,200
461,1.165,1.165,1.16,1.165,3200
462,1.17,1.17,1.17,1.17,100
463,1.17,1.17,1.165,1.165,200
465,1.16,1.165,1.16,1.165,1900
467,1.17,1.17,1.17,1.17,100
468,1.165,1.165,1.165,1.165,141
469,1.17,1.17,1.17,1.17,100
471,1.17,1.17,1.16,1.16,548
a1496151000,1.16,1.16,1.16,1.16,260
1,1.16,1.17,1.1504,1.16,15863
2,1.15,1.15,1.15,1.15,100
3,1.15,1.15,1.14,1.15,3851
4,1.148,1.148,1.145,1.145,1403
8,1.15,1.16,1.14,1.16,1300
9,1.15,1.15,1.14,1.1428,1112
10,1.146,1.146,1.146,1.146,260
11,1.15,1.15,1.15,1.15,100
12,1.145,1.145,1.145,1.145,100
13,1.14,1.14,1.14,1.14,300
14,1.14,1.145,1.14,1.14,3428
15,1.14,1.14,1.14,1.14,500
16,1.1259,1.14,1.12,1.14,5282
17,1.12,1.12,1.12,1.12,2700
18,1.145,1.17,1.11,1.111,20190
19,1.13,1.149,1.13,1.149,2100
23,1.14,1.14,1.14,1.14,100
24,1.1317,1.1317,1.1317,1.1317,240
27,1.1317,1.1317,1.1317,1.1317,200
28,1.15,1.15,1.15,1.15,100
30,1.14,1.15,1.14,1.15,400
32,1.135,1.135,1.135,1.135,100
34,1.132,1.132,1.132,1.132,1639
35,1.13,1.13,1.13,1.13,510
37,1.13,1.13,1.13,1.13,100
38,1.15,1.15,1.15,1.15,100
39,1.16,1.16,1.121,1.13,2400
144,1.15,1.15,1.15,1.15,319
145,1.137,1.15,1.1001,1.11,18143
147,1.11,1.11,1.11,1.11,1800
149,1.12,1.12,1.11,1.11,3200
152,1.12,1.12,1.1,1.12,11444
153,1.1,1.1199,1.1,1.105,10814
154,1.12,1.12,1.1137,1.1137,1000
156,1.12,1.12,1.12,1.12,100
157,1.1,1.1116,1.1,1.1116,10300
158,1.1,1.1,1.1,1.1,200
160,1.11,1.12,1.11,1.12,2300
161,1.12,1.12,1.12,1.12,100
162,1.11,1.1106,1.11,1.11,981
163,1.1072,1.12,1.1,1.12,1914
164,1.12,1.12,1.12,1.12,100
166,1.1,1.11,1.1,1.1013,6906
167,1.1001,1.1001,1.1,1.1,320
168,1.13,1.13,1.13,1.13,100
170,1.12,1.12,1.11,1.11,200
172,1.13,1.13,1.13,1.13,100
174,1.11,1.11,1.1,1.1,2400
175,1.1,1.105,1.1,1.105,1900
176,1.11,1.11,1.11,1.11,100
177,1.1,1.1,1.1,1.1,100
178,1.1,1.11,1.1,1.1,2200
179,1.1,1.11,1.1,1.11,200
180,1.11,1.11,1.11,1.11,100
181,1.1101,1.12,1.11,1.11,1575
182,1.12,1.12,1.11,1.115,650
183,1.11,1.11,1.09,1.11,21464
289,1.0771,1.0771,1.07,1.07,9597
291,1.13,1.13,1.13,1.13,100
294,1.1279,1.13,1.12,1.12,11065
295,1.12,1.12,1.12,1.12,100
296,1.13,1.13,1.13,1.13,200
297,1.13,1.13,1.13,1.13,100
298,1.13,1.17,1.12,1.13,11131
301,1.16,1.16,1.145,1.15,500
302,1.13,1.17,1.13,1.17,10500
304,1.17,1.17,1.17,1.17,200
305,1.17,1.17,1.17,1.17,100
306,1.17,1.17,1.17,1.17,200
308,1.17,1.17,1.17,1.17,200
309,1.1616,1.17,1.16,1.17,800
310,1.17,1.17,1.16,1.17,3700
311,1.17,1.17,1.17,1.17,100
312,1.17,1.17,1.17,1.17,100
314,1.17,1.17,1.17,1.17,200
315,1.17,1.17,1.17,1.17,200
316,1.17,1.17,1.17,1.17,200
317,1.15,1.162,1.15,1.16,3579
318,1.17,1.17,1.15,1.1568,4900
320,1.17,1.17,1.15,1.17,2400
321,1.17,1.17,1.17,1.17,100
322,1.17,1.17,1.17,1.17,300
323,1.17,1.17,1.17,1.17,200
324,1.17,1.17,1.16,1.16,850
325,1.17,1.17,1.17,1.17,400
326,1.17,1.17,1.17,1.17,300
327,1.12,1.17,1.12,1.16,1075
437,1.1322,1.1322,1.1322,1.1322,202
440,1.13,1.131,1.13,1.131,588
446,1.14,1.14,1.1261,1.1261,1132
447,1.16,1.17,1.14,1.1688,1700
448,1.17,1.17,1.14,1.17,2400
453,1.19,1.19,1.1882,1.1882,600
469,1.19,1.19,1.161,1.1699,2047
470,1.19,1.19,1.19,1.19,100
471,1.16,1.16,1.16,1.16,100
864,1.17,1.17,1.17,1.17,1177
866,1.17,1.17,1.17,1.17,100
867,1.17,1.17,1.17,1.17,200
868,1.17,1.17,1.17,1.17,100
869,1.17,1.17,1.17,1.17,200
870,1.17,1.19,1.17,1.17,4661
873,1.17,1.17,1.17,1.17,200
874,1.17,1.17,1.17,1.17,100
875,1.17,1.17,1.15,1.17,1300
876,1.17,1.17,1.17,1.17,100
877,1.17,1.17,1.17,1.17,100
878,1.17,1.17,1.17,1.17,200
880,1.16,1.16,1.16,1.16,100
881,1.17,1.17,1.17,1.17,100
882,1.17,1.17,1.17,1.17,200
884,1.16,1.16,1.16,1.16,100
885,1.1632,1.17,1.16,1.16,800
886,1.17,1.17,1.15,1.1588,5833
890,1.16,1.17,1.16,1.17,300
891,1.17,1.17,1.17,1.17,100
893,1.155,1.155,1.155,1.155,100
894,1.16,1.16,1.16,1.16,200
895,1.16,1.16,1.15,1.15,335
896,1.17,1.17,1.17,1.17,100
897,1.155,1.155,1.155,1.155,100
898,1.15,1.15,1.15,1.15,349
899,1.16,1.16,1.15,1.155,500
900,1.16,1.16,1.15,1.16,1100
901,1.15,1.155,1.15,1.15,600
902,1.16,1.16,1.16,1.16,300
903,1.155,1.16,1.15,1.16,7847
a1496755800,1.15,1.15,1.15,1.15,256
1,1.15,1.155,1.15,1.155,844
2,1.15,1.15,1.15,1.15,100
3,1.15,1.15,1.15,1.15,200
4,1.15,1.15,1.15,1.15,100
5,1.15,1.15,1.15,1.15,100
6,1.16,1.16,1.15,1.15,200
7,1.17,1.17,1.17,1.17,100
8,1.17,1.17,1.17,1.17,100
9,1.165,1.17,1.1501,1.1687,1500
10,1.17,1.2,1.1501,1.17,13066
11,1.1759,1.18,1.1759,1.18,704
12,1.18,1.18,1.18,1.18,100
13,1.18,1.18,1.18,1.18,100
14,1.18,1.18,1.17,1.1781,4778
15,1.16,1.1701,1.15,1.17,2800
16,1.17,1.17,1.15,1.15,300
18,1.16,1.16,1.16,1.16,400
22,1.155,1.155,1.155,1.155,100
23,1.16,1.16,1.16,1.16,100
25,1.16,1.16,1.16,1.16,100
27,1.16,1.16,1.16,1.16,100
28,1.16,1.16,1.16,1.16,100
30,1.16,1.16,1.16,1.16,100
31,1.16,1.16,1.16,1.16,300
32,1.16,1.16,1.16,1.16,100
33,1.15,1.16,1.15,1.16,1200
34,1.16,1.16,1.16,1.16,100
35,1.16,1.16,1.16,1.16,100
36,1.16,1.16,1.16,1.16,100
37,1.16,1.16,1.16,1.16,100
38,1.17,1.17,1.16,1.16,400
39,1.17,1.17,1.15,1.1522,12722
144,1.15,1.15,1.15,1.15,1252
146,1.19,1.19,1.19,1.19,100
147,1.19,1.19,1.19,1.19,200
148,1.19,1.19,1.19,1.19,100
149,1.2,1.2,1.2,1.2,2430
150,1.2,1.2,1.2,1.2,224
151,1.2,1.2,1.2,1.2,100
152,1.2,1.2,1.2,1.2,100
154,1.19,1.19,1.19,1.19,100
155,1.1674,1.2,1.1674,1.2,2600
156,1.19,1.19,1.19,1.19,100
157,1.165,1.2,1.165,1.2,5400
159,1.19,1.19,1.19,1.19,100
160,1.18,1.18,1.18,1.18,165
162,1.1577,1.1577,1.1577,1.1577,533
164,1.16,1.17,1.13,1.13,600
166,1.16,1.16,1.16,1.16,400
169,1.18,1.18,1.18,1.18,100
170,1.19,1.19,1.19,1.19,100
171,1.15,1.19,1.15,1.19,400
174,1.18,1.18,1.18,1.18,100
175,1.165,1.165,1.165,1.165,100
177,1.18,1.18,1.18,1.18,100
178,1.18,1.18,1.13,1.17,3300
180,1.18,1.18,1.18,1.18,100
181,1.19,1.19,1.18,1.18,1300
182,1.175,1.19,1.175,1.19,200
183,1.16,1.19,1.16,1.175,1390
289,1.19,1.19,1.19,1.19,200
292,1.19,1.2,1.19,1.2,400
294,1.19,1.2,1.19,1.2,1400
295,1.1628,1.18,1.1628,1.18,600
296,1.18,1.18,1.18,1.18,100
297,1.18,1.18,1.18,1.18,4101
298,1.18,1.18,1.18,1.18,100
299,1.2,1.2,1.18,1.18,11300
302,1.2,1.2,1.2,1.2,100
303,1.2,1.2,1.2,1.2,900
304,1.19,1.19,1.19,1.19,100
305,1.2,1.2,1.2,1.2,100
306,1.2,1.2,1.2,1.2,200
307,1.2,1.2,1.2,1.2,900
308,1.2,1.2,1.2,1.2,100
309,1.2,1.2,1.2,1.2,100
311,1.2,1.2,1.2,1.2,100
312,1.2,1.2,1.2,1.2,100
313,1.2,1.2,1.195,1.2,3600
314,1.2,1.2,1.19,1.19,1384
316,1.2,1.2,1.2,1.2,100
317,1.2,1.2,1.2,1.2,1400
318,1.2,1.2,1.2,1.2,200
319,1.195,1.2,1.195,1.195,900
320,1.195,1.2,1.195,1.2,200
322,1.195,1.195,1.195,1.195,200
323,1.195,1.2,1.19,1.195,1800
324,1.195,1.195,1.195,1.195,100
325,1.195,1.195,1.195,1.195,200
326,1.18,1.195,1.17,1.195,1412
327,1.18,1.2,1.16,1.18,14095
432,1.19,1.19,1.19,1.19,1213
434,1.187,1.19,1.187,1.19,216
435,1.19,1.19,1.19,1.19,100
436,1.18,1.19,1.18,1.19,1400
438,1.19,1.19,1.19,1.19,100
439,1.19,1.19,1.19,1.19,200
440,1.19,1.19,1.19,1.19,100
441,1.19,1.19,1.19,1.19,600
442,1.19,1.19,1.19,1.19,100
443,1.18,1.19,1.18,1.19,1700
444,1.18,1.19,1.18,1.19,212
445,1.19,1.19,1.19,1.19,100
446,1.19,1.19,1.19,1.19,100
447,1.19,1.19,1.18,1.19,1702
448,1.19,1.19,1.19,1.19,100
449,1.19,1.19,1.19,1.19,100
450,1.18,1.18,1.18,1.18,200
451,1.18,1.181,1.18,1.181,301
452,1.18,1.185,1.18,1.185,500
454,1.18,1.19,1.18,1.185,1100
455,1.19,1.19,1.19,1.19,200
456,1.19,1.19,1.18,1.19,902
458,1.19,1.19,1.19,1.19,100
459,1.19,1.19,1.19,1.19,100
460,1.18,1.18,1.18,1.18,300
461,1.19,1.19,1.19,1.19,100
462,1.18,1.19,1.18,1.18,2300
463,1.19,1.19,1.19,1.19,100
464,1.19,1.19,1.19,1.19,100
465,1.18,1.19,1.18,1.19,800
467,1.19,1.19,1.18,1.19,1600
468,1.18,1.19,1.18,1.18,1900
469,1.17,1.185,1.16,1.18,8732
470,1.18,1.18,1.16,1.16,400
471,1.15,1.18,1.15,1.18,2063
864,1.14,1.14,1.14,1.14,541
865,1.1772,1.2,1.14,1.14,3600
866,1.19,1.19,1.19,1.19,100
867,1.175,1.19,1.165,1.19,1300
868,1.17,1.17,1.156,1.156,1087
869,1.15,1.15,1.15,1.15,360
870,1.13,1.2,1.13,1.1652,3000
871,1.15,1.15,1.145,1.145,300
873,1.16,1.16,1.16,1.16,100
874,1.16,1.16,1.16,1.16,200
875,1.16,1.17,1.16,1.17,1300
876,1.1501,1.1501,1.1501,1.1501,1306
877,1.15,1.17,1.15,1.17,18127
879,1.16,1.17,1.16,1.17,200
880,1.16,1.16,1.15,1.15,200
881,1.17,1.17,1.17,1.17,100
882,1.16,1.17,1.16,1.16,1000
883,1.17,1.17,1.17,1.17,100
884,1.17,1.17,1.17,1.17,100
885,1.17,1.17,1.1688,1.1688,650
888,1.2,1.2,1.19,1.19,1200
890,1.16,1.2,1.16,1.2,300
891,1.19,1.19,1.19,1.19,100
892,1.2,1.2,1.19,1.19,600
893,1.17,1.2,1.17,1.2,475
894,1.19,1.19,1.19,1.19,100
895,1.19,1.19,1.19,1.19,500
897,1.16,1.2,1.16,1.2,4025
898,1.17,1.19,1.15,1.15,300
899,1.19,1.19,1.19,1.19,800
900,1.16,1.1632,1.16,1.1632,600
901,1.2,1.2,1.2,1.2,200
902,1.2,1.2,1.17,1.2,1143
903,1.16,1.2,1.16,1.2,2538
a1497360600,1.15,1.15,1.15,1.15,2646
1,1.15,1.15,1.15,1.15,17455
2,1.13,1.16,1.13,1.15,4400
3,1.15,1.15,1.15,1.15,100
4,1.13,1.15,1.13,1.15,200
5,1.13,1.13,1.13,1.13,300
6,1.13,1.13,1.13,1.13,400
7,1.13,1.13,1.13,1.13,200
8,1.13,1.13,1.13,1.13,200
9,1.13,1.14,1.13,1.13,1300
10,1.13,1.14,1.13,1.14,300
11,1.13,1.14,1.13,1.13,5100
12,1.135,1.135,1.13,1.13,400
13,1.135,1.135,1.13,1.13,200
14,1.14,1.14,1.135,1.135,300
15,1.13,1.13,1.13,1.13,200
16,1.135,1.14,1.135,1.135,1200
17,1.13,1.14,1.13,1.14,300
18,1.13,1.13,1.13,1.13,100
19,1.135,1.135,1.13,1.13,200
20,1.13,1.135,1.13,1.135,200
21,1.14,1.14,1.14,1.14,100
22,1.13,1.13,1.13,1.13,100
23,1.13,1.14,1.13,1.14,1300
24,1.13,1.14,1.13,1.14,3305
25,1.14,1.14,1.14,1.14,100
26,1.14,1.14,1.13,1.13,200
27,1.13,1.13,1.13,1.13,100
29,1.135,1.14,1.1301,1.1301,685
30,1.13,1.14,1.13,1.14,300
31,1.14,1.14,1.13,1.135,4000
32,1.14,1.14,1.14,1.14,200
33,1.14,1.14,1.13,1.13,400
34,1.14,1.14,1.14,1.14,100
35,1.13,1.14,1.13,1.135,1300
36,1.14,1.14,1.13,1.13,200
37,1.13,1.14,1.13,1.13,1500
38,1.135,1.14,1.13,1.13,1300
39,1.13,1.14,1.13,1.135,2186
144,1.14,1.14,1.14,1.14,301
146,1.15,1.15,1.15,1.15,100
147,1.14,1.15,1.14,1.14,300
148,1.15,1.15,1.14,1.14,600
149,1.15,1.15,1.14,1.14,200
150,1.14,1.14,1.14,1.14,600
151,1.14,1.15,1.14,1.14,800
152,1.14,1.15,1.14,1.15,800
153,1.14,1.14,1.14,1.14,300
154,1.15,1.15,1.14,1.15,400
155,1.15,1.15,1.14,1.1499,575
156,1.14,1.15,1.14,1.14,912
157,1.15,1.15,1.14,1.14,300
158,1.14,1.15,1.14,1.15,200
159,1.14,1.15,1.14,1.15,500
160,1.14,1.145,1.14,1.145,300
161,1.15,1.15,1.15,1.15,100
162,1.14,1.1499,1.14,1.1482,11500
163,1.13,1.13,1.13,1.13,300
164,1.13,1.13,1.13,1.13,200
165,1.14,1.14,1.135,1.135,400
166,1.14,1.14,1.13,1.13,200
167,1.13,1.13,1.13,1.13,1000
168,1.13,1.14,1.13,1.14,300
169,1.13,1.14,1.13,1.14,400
170,1.14,1.14,1.13,1.13,1700
172,1.13,1.14,1.13,1.14,500
173,1.14,1.14,1.13,1.14,2281
174,1.13,1.14,1.13,1.14,400
175,1.13,1.135,1.13,1.135,500
176,1.13,1.14,1.13,1.14,516
177,1.13,1.135,1.13,1.13,500
178,1.13,1.138,1.13,1.135,5400
179,1.13,1.14,1.13,1.13,600
180,1.14,1.14,1.13,1.14,600
181,1.1,1.14,1.1,1.13,1382
182,1.1,1.13,1.1,1.1,1618
183,1.08,1.12,1.08,1.12,3000
288,1.12,1.12,1.12,1.12,900
289,1.14,1.14,1.14,1.14,200
290,1.14,1.14,1.14,1.14,100
291,1.11,1.11,1.11,1.11,400
292,1.13,1.13,1.13,1.13,100
293,1.13,1.13,1.11,1.13,600
294,1.11,1.13,1.11,1.11,1200
295,1.1079,1.12,1.1079,1.12,1400
296,1.115,1.115,1.11,1.11,1700
297,1.11,1.11,1.11,1.11,300
298,1.13,1.13,1.12,1.12,200
299,1.11,1.13,1.11,1.13,700
300,1.11,1.11,1.11,1.11,300
301,1.11,1.13,1.11,1.13,800
303,1.11,1.15,1.11,1.13,17395
304,1.14,1.14,1.11,1.11,1300
305,1.1201,1.14,1.12,1.13,600
306,1.1201,1.1201,1.12,1.1201,500
307,1.1201,1.14,1.12,1.1201,500
308,1.12,1.14,1.12,1.12,1500
309,1.1201,1.1293,1.12,1.12,1859
310,1.1201,1.1201,1.12,1.12,400
311,1.12,1.1201,1.12,1.1201,600
312,1.1201,1.14,1.12,1.12,1100
313,1.12,1.1201,1.12,1.12,1400
314,1.1201,1.14,1.12,1.1201,2000
315,1.1201,1.14,1.12,1.12,1496
316,1.1201,1.1212,1.1201,1.1201,1200
317,1.1201,1.1202,1.12,1.1201,1400
318,1.1201,1.14,1.12,1.14,1300
319,1.126,1.13,1.12,1.1201,4620
320,1.15,1.15,1.14,1.14,200
321,1.14,1.14,1.14,1.14,100
324,1.13,1.15,1.13,1.15,1972
325,1.1314,1.15,1.13,1.15,708
326,1.12,1.15,1.12,1.14,500
327,1.13,1.14,1.11,1.14,7570
432,1.13,1.13,1.13,1.13,100
433,1.14,1.14,1.14,1.14,200
434,1.13,1.14,1.13,1.14,300
435,1.14,1.14,1.14,1.14,100
436,1.13,1.13,1.13,1.13,200
437,1.13,1.14,1.13,1.14,200
438,1.12,1.14,1.12,1.14,200
439,1.13,1.13,1.12,1.12,200
440,1.13,1.13,1.13,1.13,200
441,1.13,1.13,1.13,1.13,300
442,1.13,1.13,1.13,1.13,100
443,1.13,1.13,1.13,1.13,200
444,1.13,1.13,1.13,1.13,100
445,1.13,1.13,1.12,1.13,1505
446,1.13,1.13,1.13,1.13,100
447,1.13,1.13,1.13,1.13,300
448,1.13,1.13,1.13,1.13,100
449,1.13,1.13,1.13,1.13,100
450,1.13,1.13,1.13,1.13,100
451,1.13,1.13,1.13,1.13,200
452,1.13,1.13,1.12,1.12,200
453,1.13,1.13,1.13,1.13,100
454,1.13,1.13,1.13,1.13,100
455,1.13,1.13,1.13,1.13,100
456,1.13,1.13,1.12,1.12,200
457,1.13,1.13,1.13,1.13,200
458,1.13,1.13,1.12,1.12,300
459,1.13,1.13,1.13,1.13,100
460,1.13,1.13,1.13,1.13,300
461,1.13,1.13,1.13,1.13,100
462,1.11,1.11,1.11,1.11,200
463,1.11,1.11,1.11,1.11,100
464,1.12,1.12,1.1,1.1,900
465,1.12,1.12,1.12,1.12,100
466,1.12,1.12,1.12,1.12,280
467,1.12,1.12,1.12,1.12,1925
468,1.12,1.12,1.12,1.12,2200
469,1.13,1.13,1.12,1.12,200
470,1.13,1.13,1.125,1.13,600
471,1.08,1.12,1.08,1.12,44887
864,1.12,1.12,1.12,1.12,2163
865,1.1095,1.1095,1.09,1.0902,6126
866,1.1046,1.1046,1.09,1.09,7400
868,1.0962,1.0962,1.0962,1.0962,303
874,1.11,1.11,1.11,1.11,100
875,1.11,1.11,1.11,1.11,200
876,1.09,1.09,1.09,1.09,1500
878,1.0925,1.1,1.09,1.095,3600
880,1.09,1.09,1.09,1.09,100
881,1.09,1.09,1.09,1.09,970
884,1.09,1.09,1.09,1.09,200
885,1.1,1.1,1.1,1.1,200
886,1.0917,1.0917,1.0917,1.0917,900
887,1.09,1.09,1.09,1.09,900
888,1.11,1.11,1.11,1.11,100
889,1.09,1.0902,1.0803,1.09,2600
892,1.09,1.09,1.09,1.09,100
896,1.09,1.09,1.08,1.09,3166
897,1.08,1.09,1.08,1.09,1800
900,1.08,1.085,1.08,1.085,1300
901,1.085,1.085,1.08,1.08,200
902,1.08,1.08,1.08,1.08,500
903,1.08,1.085,1.08,1.085,1273
a1497965400,1.07,1.07,1.07,1.07,2954
1,1.07,1.07,1.07,1.07,462
2,1.0526,1.0526,1.0526,1.0526,2000
3,1.0501,1.0526,1.0501,1.0526,5000
4,1.0536,1.0536,1.0536,1.0536,5000
5,1.05,1.06,1.05,1.06,5589
6,1.0516,1.0516,1.0516,1.0516,446
7,1.06,1.06,1.06,1.06,200
8,1.055,1.055,1.05,1.0537,6500
9,1.0582,1.0582,1.0582,1.0582,2356
10,1.055,1.055,1.05,1.05,1604
13,1.055,1.055,1.054,1.054,749
14,0.9801,1.05,0.952,1.05,42262
15,0.97,1.01,0.97,1.0099,33646
16,0.98,1,0.98,0.98,12170
17,0.97,0.9989,0.97,0.98,39453
18,0.97,0.97,0.97,0.97,100
20,1,1.005,0.98,0.9896,9800
22,1.01,1.01,0.98,0.983,640
23,1,1.01,0.9901,1,2780
24,0.98,1.01,0.98,1,17659
25,0.9801,0.9801,0.98,0.98,1800
28,0.99,0.99,0.9802,0.9802,800
30,0.9801,0.99,0.9801,0.99,5200
31,1,1,0.9801,0.9801,3910
32,0.995,1.01,0.98,0.9801,12905
33,0.995,1.0099,0.98,0.99,12700
35,0.99,1.01,0.98,0.9957,1300
36,0.97,0.9818,0.97,0.98,16348
37,0.98,1.01,0.97,0.97,1600
38,0.9623,0.9812,0.9623,0.98,4900
39,1.04,1.04,0.9623,0.9977,11182
144,1,1,1,1,4158
145,0.9932,0.9932,0.9932,0.9932,3000
147,0.99,0.99,0.99,0.99,200
148,1,1,0.9951,0.996,6483
150,1.0107,1.0107,1.0107,1.0107,115
153,1.0104,1.0104,1.0104,1.0104,535
154,1.02,1.02,1.01,1.01,200
155,1.01,1.01,1.01,1.01,100
157,1.0009,1.0009,1.0009,1.0009,166
158,1.0175,1.0175,1.0175,1.0175,1999
161,1.02,1.02,1.01,1.02,5400
163,1.02,1.02,1.0101,1.0144,1530
168,1.02,1.02,1.0129,1.0129,958
169,1.02,1.02,1.02,1.02,300
171,1.02,1.02,1.02,1.02,100
174,1.02,1.02,1.0139,1.0139,3200
176,1.02,1.02,1.02,1.02,100
180,1.01,1.02,1.01,1.0161,5294
182,1.001,1.0101,1.001,1.01,3675
183,1.005,1.01,1,1.001,1650
288,1,1,1,1,700
289,0.99,1,0.99,1,1900
291,0.99,0.99,0.99,0.99,700
292,0.99,0.99,0.99,0.99,2500
293,1,1,0.99,0.99,3150
295,1,1,0.995,0.995,2700
297,0.9901,0.9901,0.9901,0.9901,500
301,1,1,0.982,0.9901,5300
302,1,1,0.9916,0.9916,4500
303,1,1,1,1,100
304,0.995,1,0.995,1,200
306,1,1,1,1,100
307,0.9951,0.9951,0.9951,0.9951,100
308,0.9964,1,0.9964,1,293
309,0.995,0.995,0.99,0.9901,3700
310,0.9951,0.9951,0.9901,0.995,500
311,0.9876,0.991,0.982,0.9901,5982
312,0.961,0.985,0.96,0.985,20978
313,0.9576,0.9799,0.9501,0.975,28945
314,0.9576,0.98,0.9501,0.98,5400
315,0.969,0.969,0.9576,0.9657,2599
316,0.969,0.969,0.9601,0.9601,400
317,0.96,0.97,0.95,0.97,7377
318,0.97,0.97,0.9601,0.9649,1300
319,0.9549,0.97,0.95,0.97,15301
320,0.9501,0.9501,0.9501,0.9501,100
321,0.9699,0.9701,0.95,0.9551,5712
322,0.9737,0.98,0.9701,0.98,300
323,0.9721,0.9751,0.9721,0.9751,200
324,0.9717,0.9752,0.9717,0.9752,200
325,0.95,0.976,0.95,0.976,7120
326,0.96,0.98,0.95,0.98,400
327,0.96,0.979,0.96,0.97,4002
432,0.95,0.95,0.95,0.95,3732
433,0.95,0.95,0.94,0.94,4268
435,0.9671,0.9671,0.9671,0.9671,500
436,0.9589,0.9589,0.9589,0.9589,300
438,0.94,0.94,0.94,0.94,102
443,0.955,0.97,0.95,0.955,3681
444,0.9699,0.9699,0.95,0.9514,3200
446,0.955,0.963,0.952,0.955,5400
447,0.955,0.955,0.955,0.955,400
448,0.955,0.955,0.955,0.955,100
450,0.9677,0.9677,0.9677,0.9677,100
452,0.9519,0.9519,0.9519,0.9519,366
453,0.9566,0.9699,0.955,0.955,5915
454,0.97,0.97,0.9699,0.9699,600
460,0.9681,0.9681,0.9681,0.9681,100
463,0.96,0.96,0.95,0.95,200
466,0.96,0.96,0.96,0.96,100
467,0.9501,0.9501,0.9501,0.9501,100
468,0.96,0.97,0.94,0.95,600
469,0.94,0.94,0.94,0.94,200
470,0.96,0.96,0.94,0.94,732
471,0.94,0.97,0.94,0.95,14329
864,0.95,0.95,0.95,0.95,1922
865,0.95,0.9519,0.95,0.95,8128
866,0.9916,0.9916,0.9916,0.9916,180
868,0.988,0.988,0.9615,0.9615,600
869,0.98,0.98,0.98,0.98,100
870,0.9799,0.9799,0.9799,0.9799,1000
873,0.97,0.97,0.94,0.94,2926
874,0.97,0.97,0.94,0.94,2116
875,0.9698,0.9698,0.9698,0.9698,104
877,0.9799,0.9799,0.9699,0.9699,500
881,0.98,0.98,0.9799,0.9799,200
883,0.9799,0.98,0.9799,0.9799,2065
884,0.99,1,0.94,0.98,20074
885,1,1,0.9985,0.9985,2000
888,1,1,1,1,300
889,1,1,1,1,100
890,1,1,1,1,100
891,1,1,1,1,200
892,1,1,1,1,500
893,0.95,0.99,0.95,0.952,4382
894,0.99,0.99,0.99,0.99,300
895,1,1,1,1,200
896,1,1,1,1,200
897,1,1,0.985,1,9800
898,1,1,1,1,1000
900,1,1,0.99,0.99,700
902,1,1,0.9865,1,316
903,1,1,0.9985,1,2700
a1498570200,0.97,0.97,0.97,0.97,116
3,0.98,0.9975,0.98,0.9975,400
5,1,1,0.9975,0.9975,500
16,0.96,0.96,0.96,0.96,2000
18,0.99,0.99,0.99,0.99,100
24,0.9984,1,0.9984,1,5100
27,1,1,0.9999,0.9999,300
29,1.01,1.01,0.9999,0.9999,4600
30,1,1.0001,1,1,7050
31,1,1.0005,1,1.0005,665
34,1.01,1.01,1.01,1.01,100
36,1,1,0.96,1,21477
38,0.965,0.99,0.965,0.99,2598
39,0.97,1.05,0.965,0.99,9060
144,0.97,0.97,0.97,0.97,150
147,1.0004,1.0004,0.97,0.97,317
148,1.05,1.05,1.05,1.05,100
151,1.04,1.04,1.04,1.04,200
152,1.05,1.05,1.0499,1.0499,1800
158,1.039,1.039,1.039,1.039,100
159,1.04,1.04,1.04,1.04,200
160,1.036,1.036,1.036,1.036,109
162,1,1,1,1,10300
163,1,1,0.9823,0.9823,1509
166,1.005,1.01,1,1,1600
167,1,1.0199,1,1.0199,2600
175,0.98,0.983,0.98,0.983,3179
178,0.99,0.9999,0.98,0.9999,6100
181,1,1,1,1,100
182,0.9904,0.9904,0.99,0.99,1400
183,0.97,0.97,0.97,0.97,529
288,1,1,1,1,200
289,1.01,1.01,1.01,1.01,1100
290,1,1.0015,1,1.0015,400
292,1,1,1,1,3580
295,0.98,0.985,0.98,0.985,200
296,0.98,0.98,0.98,0.98,100
302,0.97,0.971,0.97,0.971,5200
303,0.9744,0.9744,0.9744,0.9744,100
304,0.9784,0.9784,0.9784,0.9784,100
305,1,1,1,1,100
306,0.99,0.99,0.99,0.99,100
308,0.98,0.98,0.98,0.98,100
311,0.9899,0.9899,0.9899,0.9899,100
315,0.99,0.99,0.98,0.98,200
317,0.98,0.98,0.98,0.98,100
321,0.98,0.98,0.97,0.97,2498
326,0.9784,0.9784,0.9784,0.9784,1500
327,0.97,0.97,0.97,0.97,347
434,0.9874,0.9874,0.97,0.97,900
435,0.97,0.97,0.97,0.97,600
436,0.97,0.97,0.97,0.97,600
437,0.97,0.97,0.97,0.97,600
438,0.97,0.97,0.97,0.97,500
439,0.97,0.97,0.97,0.97,400
440,0.97,0.97,0.97,0.97,200
441,0.986,0.986,0.986,0.986,100
442,0.97,0.97,0.97,0.97,200
443,0.97,0.97,0.97,0.97,300
444,0.97,0.97,0.97,0.97,100
448,0.96,0.9799,0.96,0.97,2276
449,0.96,0.9796,0.96,0.9796,1300
450,0.96,0.96,0.96,0.96,292
451,0.96,0.96,0.96,0.96,393
452,0.96,0.96,0.96,0.96,296
453,0.9648,0.9648,0.9648,0.9648,200
454,0.9694,0.97,0.96,0.96,6899
455,0.96,0.96,0.96,0.96,182
456,0.96,0.96,0.96,0.96,393
457,0.95,0.9616,0.95,0.96,8586
458,0.93,0.94,0.93,0.94,200
459,0.94,0.96,0.94,0.96,200
460,0.94,0.96,0.94,0.96,500
461,0.93,0.94,0.93,0.94,300
462,0.95,0.9695,0.94,0.9596,5037
463,0.95,0.95,0.95,0.95,400
464,0.95,0.95,0.95,0.95,400
465,0.95,0.95,0.95,0.95,200
471,0.97,0.97,0.97,0.97,259
864,0.97,0.97,0.97,0.97,1440
865,0.97,0.97,0.97,0.97,453
867,0.97,0.97,0.97,0.97,500
869,0.97,0.98,0.97,0.98,400
870,0.97,0.97,0.97,0.97,100
871,0.9748,0.9748,0.9748,0.9748,410
872,0.975,0.975,0.975,0.975,2300
874,0.9799,0.9799,0.9799,0.9799,100
879,0.99,0.99,0.99,0.99,100
881,0.98,0.98,0.98,0.98,200
882,0.976,0.976,0.976,0.976,1005
883,0.98,0.9899,0.98,0.9899,200
884,0.98,0.98,0.98,0.98,314
a1499261400,1.05,1.05,1.05,1.05,5600
1,0.97,0.98,0.97,0.98,200
2,1.03,1.03,1.03,1.03,100
3,0.952,0.9888,0.95,0.985,22890
6,0.95,0.95,0.95,0.95,11000
7,0.95,0.97,0.95,0.97,1300
8,0.9651,0.9651,0.96,0.96,1100
9,0.971,0.971,0.971,0.971,300
10,0.9706,0.9706,0.97,0.97,351
18,0.971,0.971,0.971,0.971,100
19,0.971,0.971,0.971,0.971,100
28,0.9704,0.9704,0.97,0.97,5949
29,0.95,0.97,0.95,0.97,651
30,0.96,0.96,0.96,0.96,200
36,0.97,0.97,0.97,0.97,100
38,0.95,0.96,0.95,0.96,984
39,0.95,0.95,0.95,0.95,659
