EXCHANGE%3DNASDAQ
MARKET_OPEN_MINUTE=570
MARKET_CLOSE_MINUTE=960
INTERVAL=600
COLUMNS=DATE,CLOSE,HIGH,LOW,OPEN,VOLUME
DATA=
TIMEZONE_OFFSET=-240
a1493040600,16.9,16.9,16.9,16.9,265
2,16.9,16.9,16.9,16.9,1402
3,16.9,16.9,16.9,16.9,521
5,16.875,16.875,16.875,16.875,100
6,16.701,16.85,16.701,16.85,2334
7,16.7,16.738,16.7,16.738,450
9,16.75,16.75,16.75,16.75,100
10,16.7,16.75,16.7,16.75,1100
12,16.8,16.8,16.8,16.8,200
15,16.75,16.8,16.75,16.8,500
16,16.75,16.75,16.75,16.75,400
18,16.75,16.75,16.75,16.75,100
19,16.75,16.8,16.75,16.8,400
20,16.75,16.75,16.75,16.75,100
22,16.75,16.761,16.7,16.7,4300
23,16.75,16.75,16.7,16.75,300
24,16.76,16.76,16.76,16.76,440
25,16.75,16.8,16.75,16.8,200
27,16.75,16.8,16.75,16.8,200
28,16.75,16.75,16.75,16.75,100
29,16.7,16.7,16.7,16.7,100
31,16.75,16.75,16.75,16.75,100
33,16.7,16.7,16.7,16.7,200
34,16.75,16.75,16.7,16.75,500
35,16.7651,16.8,16.75,16.75,500
36,16.75,16.75,16.75,16.75,1090
37,16.75,16.8,16.75,16.8,200
38,16.8,16.8,16.7753,16.7753,600
39,16.8,16.8,16.75,16.8,8653
144,16.8,16.8,16.8,16.8,758
145,16.825,16.95,16.8,16.8,6720
146,16.85,16.85,16.8,16.8,1398
148,16.85,16.85,16.85,16.85,300
149,16.8753,16.9,16.85,16.875,900
150,16.85,16.9,16.85,16.85,1700
152,16.85,16.85,16.85,16.85,621
153,16.8,16.8,16.8,16.8,100
154,16.9,16.9,16.8,16.85,300
155,16.85,16.9,16.85,16.85,1300
156,16.9,16.95,16.85,16.9,2900
157,16.9,16.9,16.9,16.9,100
158,16.875,16.9,16.875,16.875,900
159,16.85,16.9,16.85,16.9,300
160,16.9,16.9,16.9,16.9,300
161,16.9,16.9,16.9,16.9,100
162,16.85,16.9,16.85,16.9,400
163,16.875,16.875,16.85,16.85,500
164,16.85,16.8752,16.85,16.8752,500
165,16.8,16.85,16.8,16.85,2700
166,16.8,16.85,16.8,16.8,300
167,16.85,16.85,16.8,16.8,800
168,16.85,16.85,16.85,16.85,1726
169,16.85,16.85,16.8,16.85,600
171,16.85,16.85,16.85,16.85,300
172,16.85,16.85,16.8,16.8,300
173,16.8,16.85,16.8,16.85,1100
174,16.8,16.8,16.75,16.8,546
176,16.75,16.85,16.75,16.75,500
178,16.8,16.85,16.8,16.85,1900
179,16.8,16.8,16.8,16.8,927
180,16.8,16.8,16.8,16.8,300
182,16.7,16.85,16.7,16.85,1503
183,16.75,16.75,16.65,16.7,4107
288,16.55,16.55,16.55,16.55,4225
290,16.75,16.75,16.75,16.75,300
292,16.808,16.808,16.75,16.75,286
294,16.85,16.9,16.85,16.85,700
296,16.9,16.9,16.875,16.9,1274
298,16.85,16.975,16.8,16.9,6600
300,16.9731,16.9731,16.9,16.95,4498
301,17.3,17.3,17,17,4070
302,17.2,17.35,17.2,17.35,1100
303,17.1,17.193,17.05,17.193,3393
304,17.1,17.12,17.1,17.12,220
305,17.1,17.15,17.1,17.15,200
306,17.15,17.15,17.15,17.15,200
308,17.1,17.1,17.075,17.075,700
309,17.1,17.1,17.1,17.1,400
311,17.1,17.1,17.1,17.1,200
313,17,17.05,17,17.05,800
314,17,17,17,17,2300
315,17,17,17,17,2008
316,16.9,16.95,16.9,16.95,400
317,16.9,16.9,16.8993,16.9,1705
318,17,17,16.95,16.95,200
319,17,17,17,17,200
321,17,17.05,17,17,1600
322,16.95,17,16.95,17,300
323,17,17,17,17,100
324,17,17,17,17,500
325,17,17,16.975,17,1051
326,16.975,17,16.975,17,200
327,16.9,16.95,16.9,16.95,6266
432,17,17,17,17,518
433,17,17,17,17,300
434,17,17,17,17,1000
435,16.95,17,16.95,17,300
436,16.95,16.95,16.95,16.95,300
437,17.05,17.05,16.95,16.95,200
438,16.95,16.95,16.95,16.95,200
439,16.95,16.95,16.9,16.9,1800
440,16.85,16.85,16.85,16.85,100
441,16.8,16.8,16.8,16.8,200
443,16.85,16.85,16.8,16.8,800
444,16.8,16.8,16.8,16.8,500
445,16.75,16.75,16.7207,16.7207,300
446,16.7,16.7,16.7,16.7,700
448,16.8,16.8,16.75,16.75,1416
449,16.9,16.9,16.85,16.85,300
450,16.9,16.9,16.9,16.9,200
451,16.9,16.9,16.9,16.9,500
452,16.9,16.9,16.9,16.9,300
453,16.9,16.9,16.9,16.9,1200
455,16.9,16.9,16.85,16.85,300
456,16.85,16.85,16.85,16.85,100
457,16.9,16.9,16.85,16.85,200
458,16.9,16.9,16.9,16.9,700
459,16.9,16.9,16.9,16.9,100
461,16.85,16.95,16.85,16.9,1289
464,16.85,16.85,16.85,16.85,300
465,16.9,16.9,16.85,16.9,1500
466,16.9,16.9,16.9,16.9,600
467,16.9,16.9,16.9,16.9,500
468,16.85,16.875,16.85,16.875,1214
469,16.8,16.899,16.8,16.899,500
470,16.75,16.8,16.75,16.8,4247
471,16.7,16.75,16.65,16.75,7803
576,17,17,17,17,2170
577,17,17.2747,17,17,3216
578,17.4,17.45,16.9,16.9,3231
579,17.6,17.6468,17.4,17.4,1070
580,17.4,17.6,17.4,17.6,4271
581,17.2,17.3,17.134,17.3,1800
582,17.15,17.25,17.15,17.25,3388
585,17.1,17.1,17.1,17.1,100
586,17,17.05,17,17.05,1100
587,17,17,16.85,16.95,2625
588,17,17,17,17,1300
589,16.95,16.9999,16.95,16.9999,700
590,17.15,17.25,17.1,17.1,1900
591,17.2,17.2,17.2,17.2,100
592,17.15,17.15,17.116,17.15,800
593,17.25,17.25,17.2,17.2,1100
594,17.3875,17.4,17.25,17.3,3058
596,17.4,17.4,17.3907,17.4,880
597,17.45,17.45,17.3976,17.3976,1266
598,17.45,17.45,17.45,17.45,600
599,17.25,17.45,17.25,17.45,3400
600,17.4,17.4,17.35,17.35,2000
601,17.35,17.4,17.35,17.4,200
602,17.4,17.4,17.4,17.4,600
603,17.45,17.45,17.3333,17.4,5149
604,17.3,17.4,17.25,17.4,900
605,17.35,17.35,17.3266,17.35,625
606,17.3189,17.35,17.3189,17.35,1900
607,17.35,17.35,17.3189,17.3189,715
609,17.4,17.4,17.4,17.4,1000
611,17.7,17.8,17.4,17.4495,16134
612,17.8,17.95,17.7,17.75,19420
613,17.7,17.8,17.6,17.7187,8146
614,17.6,17.7503,17.6,17.65,4691
615,17.55,17.625,17.4001,17.625,15794
a1493645400,17.55,17.55,17.55,17.55,1165
1,17.7,17.75,17.6989,17.6997,929
2,17.8,17.95,17.7705,17.7705,1300
3,17.9,17.9,17.862,17.862,600
4,17.7,17.85,17.7,17.85,2250
5,17.75,17.75,17.7,17.75,500
6,17.8,17.9,17.8,17.9,1190
7,17.825,17.85,17.8,17.8,2821
8,17.825,17.85,17.8,17.825,2411
9,17.8375,17.85,17.825,17.825,1300
10,17.75,17.85,17.75,17.825,5405
11,17.75,17.825,17.75,17.825,800
12,17.8,17.8,17.8,17.8,100
13,17.75,17.75,17.75,17.75,200
14,17.8,17.8,17.75,17.8,900
15,17.8,17.8,17.8,17.8,700
16,17.8,17.8,17.75,17.8,1900
17,17.8,17.8,17.75,17.8,700
18,17.8,17.85,17.7987,17.7987,2500
19,17.775,17.8,17.775,17.8,1400
20,17.7999,17.7999,17.7999,17.7999,113
21,17.8,17.8,17.775,17.8,2626
22,17.8,17.8,17.8,17.8,300
24,17.8,17.8,17.775,17.775,1380
25,17.8,17.85,17.775,17.775,3259
26,17.85,17.85,17.8,17.8,600
27,17.825,17.85,17.825,17.85,2409
28,17.9,17.9,17.85,17.85,2100
29,17.825,17.85,17.8,17.85,1900
30,17.8,17.825,17.8,17.825,2900
32,17.75,17.8,17.75,17.8,1000
33,17.75,17.75,17.75,17.75,400
34,17.775,17.85,17.775,17.8,1200
35,17.75,17.775,17.75,17.775,300
36,17.8,17.8,17.7,17.75,1512
37,17.7,17.8,17.7,17.7,1100
38,17.7,17.7,17.65,17.65,900
39,17.75,17.75,17.65,17.65,3933
144,17.9,17.9,17.9,17.9,1336
145,18,18,17.924,17.924,895
146,17.8495,17.97,17.8495,17.9247,3190
147,17.9,17.95,17.811,17.811,1800
148,18,18,17.925,17.926,5613
149,17.9,18,17.9,17.9952,2481
150,18.1,18.1,17.9999,17.9999,1844
151,18.2,18.2585,18.2,18.2,500
152,18.2,18.2499,18.2,18.2499,400
153,18.3,18.3,18.15,18.1999,5375
154,18.275,18.3,18.2501,18.3,1912
155,18.15,18.275,18.15,18.275,3591
156,18.058,18.15,18.058,18.15,900
157,18.05,18.05,18.05,18.05,100
158,18.1,18.1,18.0999,18.0999,300
159,18.05,18.05,18.05,18.05,800
160,17.981,18,17.95,18,750
161,18.0499,18.0499,18,18,400
162,18.05,18.05,18.025,18.0499,400
163,18.05,18.05,18.0499,18.0499,400
164,18.0499,18.0499,18.0499,18.0499,200
165,18.05,18.05,18.025,18.0499,700
166,17.9,18.025,17.9,18.025,2120
167,17.8501,17.8946,17.85,17.85,570
168,17.75,17.8687,17.75,17.8687,4884
169,17.7001,17.7001,17.7001,17.7001,481
170,17.75,17.8,17.75,17.8,500
171,17.7999,17.7999,17.7,17.7999,400
172,17.7999,17.7999,17.7,17.7,200
173,17.75,17.85,17.75,17.7999,2114
174,17.7,17.8499,17.7,17.8499,2055
175,17.65,17.7,17.65,17.7,400
176,17.7499,17.7499,17.7,17.7499,300
177,17.7499,17.7499,17.65,17.7,1700
178,17.6,17.7499,17.6,17.7,1400
179,17.5,17.6,17.5,17.6,4499
180,17.4,17.5499,17.4,17.45,1200
181,17.4,17.5,17.4,17.468,3901
182,17.45,17.5,17.3,17.35,2915
183,17.45,17.5,17.4,17.45,6290
288,17.45,17.45,17.45,17.45,623
289,17.35,17.6,17.3,17.6,1060
290,17.4,17.45,17.35,17.35,1000
291,17.3,17.35,17.3,17.35,500
292,17.1,17.3,17.1,17.3,800
293,17.05,17.1,17.05,17.1,1680
294,17.1,17.2,17.05,17.05,3244
295,17.15,17.2,17.1,17.15,1700
296,17.2,17.2,17.2,17.2,600
297,17.2,17.25,17.15,17.2,1188
298,17.25,17.3499,17.25,17.25,678
299,17.3,17.35,17.3,17.35,785
300,17.35,17.35,17.325,17.325,1100
301,17.35,17.4,17.307,17.307,1576
304,17.5,17.5,17.45,17.5,1000
305,17.4,17.45,17.4,17.45,200
306,17.4,17.4,17.35,17.35,600
307,17.3,17.3,17.3,17.3,200
308,17.3,17.3,17.3,17.3,200
309,17.3,17.3,17.3,17.3,301
311,17.2741,17.275,17.2741,17.275,825
312,17.05,17.25,16.95,17.25,11811
313,17.2,17.2,17.1,17.1,300
314,17.2,17.2,17.2,17.2,393
315,17.2,17.2,17.188,17.188,300
316,17.25,17.4,17.25,17.4,400
317,17.25,17.25,17.2,17.2,600
318,17.2373,17.25,17.2373,17.25,1100
319,17.2,17.225,17.2,17.225,600
320,17.2,17.2,17.15,17.2,400
321,17.2,17.25,17.2,17.25,500
322,17.2,17.2,17.175,17.175,800
323,17.0818,17.2,17.075,17.2,2774
324,17.2,17.2,17.2,17.2,200
325,17.2,17.2,17.15,17.15,200
326,16.9,17.15,16.85,17.15,21754
327,17,17.1,16.9,16.925,10156
432,17.15,17.15,17.15,17.15,1055
435,16.95,17.1,16.95,17.05,1600
436,17.05,17.05,16.9,16.9,1297
437,17,17.05,17,17.05,200
438,17.05,17.05,16.9511,17,400
439,17,17,16.95,16.95,205
440,16.95,17.05,16.95,17.05,901
441,17.0118,17.05,16.95,16.985,1500
442,17.05,17.05,17,17.0196,2360
443,17,17.05,17,17.05,500
444,17.175,17.2,17.0001,17.0001,1400
445,17.3,17.4,17.1672,17.1672,2247
446,17.3331,17.3331,17.3,17.3,600
447,17.25,17.4,17.25,17.4,3891
448,17.15,17.2,17.05,17.2,1400
449,17.3,17.3,17.15,17.15,1500
450,17.3,17.3,17.25,17.3,1984
451,17.35,17.35,17.35,17.35,100
452,17.375,17.4,17.3729,17.3729,1300
453,17.25,17.35,17.25,17.35,2170
454,17.25,17.25,17.25,17.25,100
455,17.25,17.3,17.25,17.3,200
456,17.3,17.3,17.25,17.25,910
457,17.25,17.3,17.25,17.25,1000
458,17.3215,17.3215,17.225,17.225,1700
459,17.4,17.4,17.35,17.35,200
460,17.4,17.4,17.4,17.4,200
461,17.55,17.55,17.4,17.4,2400
462,17.45,17.5,17.45,17.5,720
463,17.35,17.4,17.35,17.35,600
464,17.25,17.3,17.2,17.2,1429
465,17.4,17.4,17.3,17.3,300
466,17.2,17.4,17.2,17.4,900
467,17.35,17.4,17.318,17.35,1800
468,17.25,17.3005,17.25,17.3,800
469,17.25,17.25,17.15,17.2,500
470,17.15,17.3,17.15,17.25,4278
471,17.15,17.2,17,17.15,17352
576,17.15,17.15,17.15,17.15,817
577,17.1,17.25,17.1,17.25,700
578,17.15,17.155,17.15,17.155,400
579,17.1171,17.19,17.1,17.1,4040
580,17.1,17.1,17.1,17.1,100
581,17.05,17.1,17,17.1,1300
582,17.1,17.1,17.1,17.1,200
583,17.004,17.1,17,17.05,12464
584,17,17.1,17,17.1,200
585,17.15,17.15,17.1,17.1,1432
586,17.2,17.2,17.131,17.131,3207
587,17.2,17.2,17.2,17.2,500
588,17.2,17.2,17.2,17.2,100
590,17.15,17.2,17.15,17.1841,2800
591,17.15,17.15,17.15,17.15,752
592,17.2,17.2,17.15,17.15,2213
593,17.1707,17.1707,17.15,17.15,1213
598,17.1829,17.1829,17.1829,17.1829,174
599,17.2,17.2,17.1,17.1,200
600,17.15,17.2,17.15,17.2,200
601,17.2,17.2,17.101,17.15,900
603,17.15,17.2,17.15,17.2,400
604,17.2,17.2,17.2,17.2,700
605,17.2,17.2,17.2,17.2,1700
606,17.2,17.2,17.2,17.2,100
608,17.2,17.2,17.1742,17.1742,339
609,17.15,17.15,17.1,17.15,1021
610,17.1,17.15,17.1,17.15,2400
611,17.075,17.1,17.075,17.1,600
612,17.15,17.15,17.15,17.15,100
613,17.2,17.2,17.15,17.15,800
614,17.2,17.2,17.15,17.2,300
615,17.15,17.2,17.1,17.15,5320
a1494250200,17.3,17.3,17.3,17.3,2131
1,17.3,17.35,17.3,17.35,2200
2,17.3,17.3,17.2,17.2,578
3,17.25,17.3,17.25,17.299,3350
4,17.3,17.3,17.2975,17.3,1400
5,17.275,17.3,17.275,17.3,615
6,17.3,17.3,17.2747,17.2747,850
7,17.3,17.3,17.2825,17.2825,800
8,17.3,17.3,17.3,17.3,200
9,17.3,17.3,17.3,17.3,200
10,17.3,17.3,17.3,17.3,1200
11,17.3,17.3,17.275,17.3,400
12,17.2948,17.3,17.2948,17.3,330
13,17.275,17.3,17.25,17.25,700
14,17.3,17.3,17.275,17.275,300
15,17.3,17.3,17.3,17.3,770
16,17.3,17.3,17.275,17.275,2747
17,17.3,17.3,17.2822,17.2867,400
18,17.275,17.275,17.275,17.275,100
19,17.275,17.3,17.275,17.3,200
20,17.3,17.3,17.275,17.283,784
21,17.3,17.3,17.3,17.3,100
22,17.3,17.3,17.3,17.3,100
23,17.3,17.3,17.3,17.3,534
24,17.3,17.3,17.275,17.3,400
25,17.2999,17.3,17.2999,17.3,300
26,17.3,17.3,17.3,17.3,800
27,17.2999,17.3,17.275,17.3,4200
28,17.3,17.3,17.275,17.285,2828
29,17.3,17.3,17.25,17.3,800
30,17.2999,17.2999,17.2999,17.2999,500
31,17.2999,17.3,17.2999,17.3,1200
32,17.3,17.3,17.25,17.3,600
33,17.3,17.3,17.2748,17.275,700
34,17.3,17.3,17.2731,17.3,1870
35,17.3,17.3,17.275,17.2975,4192
36,17.3,17.3,17.3,17.3,1200
37,17.3,17.3,17.25,17.27,1900
38,17.275,17.275,17.25,17.25,900
39,17.3,17.3,17.25,17.275,6662
144,17.3,17.3,17.3,17.3,655
145,17.3,17.3,17.3,17.3,200
146,17.25,17.25,17.25,17.25,300
147,17.275,17.275,17.275,17.275,200
149,17.25,17.25,17.25,17.25,100
150,17.2784,17.2784,17.2784,17.2784,400
151,17.275,17.275,17.275,17.275,200
152,17.25,17.275,17.25,17.25,400
153,17.3,17.3,17.275,17.275,300
154,17.25,17.2999,17.25,17.2705,1335
155,17.25,17.25,17.25,17.25,904
156,17.25,17.25,17.25,17.25,632
157,17.2,17.2999,17.2,17.2999,624
158,17.3,17.3,17.2,17.3,8048
159,17.3,17.3,17.2753,17.3,1321
160,17.3,17.3,17.25,17.3,2674
161,17.3,17.3,17.3,17.3,500
162,17.275,17.3,17.25,17.275,4100
163,17.3,17.3,17.3,17.3,100
165,17.275,17.3,17.275,17.275,600
166,17.3,17.3,17.275,17.3,1444
167,17.275,17.275,17.275,17.275,400
168,17.2827,17.3,17.275,17.275,481
169,17.275,17.3,17.275,17.275,400
170,17.275,17.3,17.275,17.3,1900
172,17.275,17.3,17.25,17.275,2594
173,17.275,17.275,17.275,17.275,200
174,17.275,17.3,17.275,17.3,1053
176,17.275,17.3,17.275,17.3,1800
177,17.275,17.3,17.275,17.275,3470
178,17.35,17.4,17.25,17.275,4913
179,17.3,17.35,17.3,17.35,200
181,17.3,17.35,17.3,17.35,722
182,17.3,17.4,17.3,17.35,1100
183,17.35,17.4,17.2,17.3,13995
288,17.25,17.25,17.25,17.25,679
289,17.25,17.25,17.25,17.25,300
290,17.25,17.25,17.25,17.25,200
292,17.35,17.4,17.25,17.275,3268
293,17.32,17.32,17.3,17.3,564
294,17.25,17.35,17.25,17.35,800
295,17.25,17.25,17.25,17.25,200
297,17.25,17.25,17.25,17.25,200
298,17.3,17.3499,17.225,17.2827,5112
299,17.4,17.4,17.3,17.3317,500
300,17.25,17.35,17.25,17.35,400
301,17.3,17.3,17.25,17.25,700
302,17.25,17.25,17.25,17.25,100
303,17.4,17.4,17.3,17.3,900
304,17.35,17.35,17.3,17.35,500
305,17.35,17.35,17.35,17.35,100
308,17.3,17.35,17.3,17.325,400
309,17.35,17.35,17.3231,17.3231,275
311,17.4,17.4,17.35,17.3747,350
312,17.375,17.375,17.375,17.375,100
313,17.35,17.35,17.35,17.35,500
314,17.375,17.375,17.35,17.35,2500
315,17.3,17.4,17.3,17.4,1500
316,17.325,17.3499,17.32,17.325,1022
317,17.35,17.35,17.3001,17.35,920
318,17.35,17.35,17.35,17.35,206
319,17.342,17.4,17.342,17.35,504
320,17.35,17.35,17.35,17.35,100
322,17.375,17.4,17.35,17.35,1194
323,17.375,17.4,17.375,17.4,400
324,17.35,17.375,17.35,17.35,1000
325,17.35,17.4,17.3,17.35,1995
326,17.3,17.4,17.3,17.35,1753
327,17.3,17.4,17.3,17.4,7999
432,17.25,17.25,17.25,17.25,277
433,17.3,17.3,17.15,17.25,4451
434,17.25,17.25,17.25,17.25,100
436,17.3,17.3,17.2818,17.3,1013
437,17.4,17.4,17.3,17.35,2713
438,17.4,17.4,17.35,17.35,351
439,17.35,17.36,17.35,17.35,500
440,17.4229,17.4229,17.36,17.36,687
441,17.35,17.4,17.3,17.35,1200
442,17.325,17.35,17.2501,17.35,1508
443,17.35,17.35,17.3,17.3,300
444,17.35,17.35,17.35,17.35,900
445,17.35,17.3692,17.35,17.3692,700
446,17.3,17.3,17.3,17.3,100
447,17.375,17.4,17.375,17.4,200
448,17.35,17.38,17.35,17.38,300
449,17.35,17.4,17.3,17.35,1000
450,17.35,17.35,17.35,17.35,100
451,17.375,17.375,17.375,17.375,100
452,17.4,17.4,17.35,17.375,600
453,17.35,17.35,17.35,17.35,100
454,17.35,17.3689,17.35,17.3689,1500
456,17.4,17.4,17.35,17.35,800
457,17.425,17.45,17.4,17.4,2977
458,17.4,17.425,17.4,17.4,700
460,17.45,17.45,17.45,17.45,100
461,17.4,17.4,17.4,17.4,100
462,17.45,17.45,17.4,17.4,200
464,17.45,17.45,17.35,17.35,500
465,17.4,17.45,17.4,17.45,700
466,17.425,17.45,17.425,17.45,2100
467,17.425,17.45,17.425,17.45,600
468,17.45,17.45,17.4,17.45,2660
469,17.425,17.45,17.4,17.4,1400
470,17.4,17.45,17.4,17.425,2400
471,17.4,17.45,17.35,17.45,15312
576,17.3,17.3,17.3,17.3,623
577,17.3,17.3,17.2,17.3,2400
578,17.45,17.45,17.3,17.3,1000
579,17.35,17.35,17.35,17.35,300
580,17.2,17.35,17.2,17.35,1342
582,17.2,17.3,17.2,17.3,525
583,17.2,17.2999,17.2,17.2999,1609
584,17.2,17.2,17.175,17.175,1200
585,17.2,17.2,17.1999,17.2,700
587,17.225,17.3,17.1999,17.1999,500
588,17.225,17.25,17.225,17.25,200
589,17.3499,17.3499,17.2125,17.25,500
590,17.25,17.2759,17.2,17.2759,1898
591,17.25,17.35,17.25,17.35,3140
592,16.85,17.3,16.75,17.3,7682
593,17,17.05,16.8,16.85,5100
594,17.033,17.033,17.033,17.033,284
596,16.9,17,16.9,16.95,4666
597,17,17,17,17,100
599,16.9646,16.9646,16.9646,16.9646,300
600,16.95,17,16.95,16.95,600
601,16.98,16.98,16.975,16.975,400
602,17,17,16.95,16.975,1650
603,17,17,17,17,200
604,16.9999,17,16.975,16.9999,1400
605,17,17,17,17,100
606,17,17,16.9,16.95,842
607,17,17,17,17,200
608,16.9001,17,16.9,16.9999,2735
609,16.9001,16.9999,16.9001,16.9999,200
610,16.96,16.9999,16.9,16.9,900
611,16.8,16.993,16.8,16.993,2670
612,16.85,16.9,16.75,16.8024,4593
613,16.85,16.9,16.7,16.9,2489
614,16.75,16.9,16.7,16.85,8006
615,16.75,16.8,16.65,16.75,22234
a1494855000,16.75,16.75,16.75,16.75,462
1,16.8,16.8,16.7999,16.7999,300
2,16.7362,16.757,16.7,16.757,1125
3,16.85,16.85,16.8,16.8,300
5,16.8096,16.8096,16.8096,16.8096,300
6,16.8,16.85,16.7852,16.8,2300
7,16.8,16.85,16.8,16.8,507
8,16.85,16.85,16.85,16.85,100
9,16.8,16.85,16.8,16.85,450
10,16.8,16.85,16.8,16.85,1532
11,17.05,17.15,16.85,16.85,4972
12,16.96,17.05,16.95,17.05,4404
14,17,17,16.975,17,1200
15,16.95,17,16.95,17,200
17,16.975,17,16.975,17,200
18,16.95,17,16.9,16.95,1655
19,17,17,16.9,16.95,1365
20,16.936,17,16.9,17,1490
21,16.975,17,16.95,17,600
22,17,17,17,17,200
23,16.975,17,16.95,16.95,1462
24,16.95,16.9926,16.95,16.95,2865
25,16.95,17,16.95,17,600
27,17,17,16.95,17,500
29,17,17,17,17,200
30,16.975,17,16.95,16.975,800
31,16.95,16.95,16.95,16.95,100
32,16.9,17,16.9,17,200
33,16.95,16.95,16.931,16.931,308
34,16.8,16.925,16.8,16.925,3710
35,16.9,16.9,16.85,16.9,300
36,16.9,16.9,16.9,16.9,200
37,16.9,16.9,16.8,16.85,700
38,16.85,16.9,16.8,16.85,1500
39,16.95,16.95,16.85,16.95,5262
144,17,17,17,17,442
145,17,17,16.9,16.95,319
147,16.9,17,16.75,17,2024
148,17,17,16.95,16.95,300
149,16.95,16.95,16.95,16.95,100
152,16.8771,16.8771,16.8771,16.8771,235
155,16.85,16.9,16.85,16.9,553
156,16.95,16.95,16.95,16.95,100
157,16.9,17.05,16.9,16.95,5296
158,17,17,17,17,100
159,16.9,16.95,16.9,16.95,200
160,16.9,16.9,16.9,16.9,100
161,16.95,16.95,16.9,16.9,200
163,17,17,17,17,100
164,16.9,16.95,16.9,16.95,500
166,16.9548,16.9548,16.9548,16.9548,100
167,16.9555,17,16.9555,17,250
168,16.85,17,16.85,17,3564
169,16.9,16.95,16.85,16.95,500
170,16.85,16.85,16.85,16.85,100
171,16.85,16.85,16.85,16.85,100
172,16.85,16.9,16.85,16.9,497
173,16.95,16.95,16.85,16.85,600
174,16.85,16.95,16.85,16.8501,3343
175,16.85,16.925,16.85,16.9,1103
176,16.9,16.9,16.9,16.9,100
177,16.875,16.9,16.85,16.85,500
178,16.85,16.85,16.85,16.85,100
180,16.85,16.9,16.85,16.9,509
181,16.95,16.95,16.8917,16.9,1047
182,16.95,16.9965,16.95,16.95,1700
183,17,17,16.95,16.95,4923
288,16.85,16.85,16.85,16.85,521
289,16.7,16.9,16.7,16.85,3286
290,16.5,16.65,16.5,16.65,4480
291,16.6251,16.65,16.5,16.5,5900
292,16.63,16.65,16.63,16.65,600
293,16.7,16.7,16.65,16.65,2200
294,16.65,16.725,16.6,16.7,2249
295,16.6,16.6,16.6,16.6,102
296,16.675,16.675,16.675,16.675,100
297,16.6999,16.6999,16.6999,16.6999,300
298,16.675,16.7,16.675,16.7,200
299,16.65,16.6501,16.65,16.6501,1205
300,16.7,16.7,16.6,16.6769,3700
301,16.6,16.65,16.6,16.65,200
302,16.7,16.7,16.6506,16.6506,570
303,16.7,16.7,16.6,16.6,1189
304,16.7,16.725,16.7,16.725,700
307,16.75,16.75,16.65,16.65,300
308,16.65,16.65,16.65,16.65,100
309,16.7,16.75,16.65,16.65,1400
311,16.65,16.75,16.65,16.75,300
312,16.691,16.75,16.691,16.75,550
313,16.6,16.65,16.6,16.65,1800
314,16.65,16.65,16.6,16.65,1414
315,16.65,16.65,16.65,16.65,100
316,16.65,16.675,16.6,16.6001,1516
317,16.65,16.7,16.6,16.65,400
318,16.65,16.697,16.65,16.697,400
319,16.6,16.7,16.6,16.65,3000
320,16.6,16.65,16.6,16.6,1500
321,16.575,16.6,16.575,16.6,200
322,16.65,16.7,16.6,16.65,1510
323,16.7,16.7,16.65,16.65,1000
324,16.7,16.7,16.7,16.7,100
325,16.75,16.75,16.65,16.75,600
326,16.6,16.75,16.6,16.75,1571
327,16.6,16.7,16.6,16.65,5948
432,16.8,16.8,16.8,16.8,1808
433,16.6,16.6,16.4502,16.4502,750
434,16.55,16.6,16.55,16.6,400
435,16.65,16.65,16.5,16.5,1447
436,16.6,16.6,16.6,16.6,200
437,16.5756,16.5756,16.5756,16.5756,200
438,16.55,16.6,16.55,16.6,500
439,16.6,16.6,16.6,16.6,100
440,16.6,16.6,16.6,16.6,100
441,16.6,16.6,16.575,16.575,200
442,16.65,16.65,16.5501,16.6,2226
443,16.65,16.65,16.65,16.65,200
445,16.55,16.65,16.55,16.65,200
446,16.65,16.65,16.6,16.6,700
447,16.65,16.65,16.55,16.65,1700
448,16.6,16.7,16.55,16.7,1496
449,16.5,16.65,16.5,16.65,2900
450,16.55,16.55,16.5,16.5,200
451,16.375,16.525,16.375,16.525,2804
452,16.3,16.35,16.3,16.35,706
453,16.35,16.35,16.15,16.3,4619
454,16.3,16.35,16.3,16.35,200
455,16.3,16.35,16.3,16.35,700
456,16.2792,16.35,16.2792,16.3,740
457,16.25,16.3,16.25,16.3,200
458,16.3,16.325,16.3,16.325,300
459,16.25,16.2754,16.25,16.2754,870
460,16.2,16.25,16.2,16.25,2854
461,16.15,16.2999,16.15,16.2999,4690
462,16.15,16.226,16.15,16.226,1900
463,16.15,16.15,16.15,16.15,100
464,16.2,16.25,16.2,16.25,500
465,16.25,16.25,16.225,16.2499,1800
466,16.275,16.2789,16.275,16.2789,800
467,16.25,16.3,16.25,16.3,400
468,16.3,16.3,16.3,16.3,200
469,16.275,16.3,16.25,16.25,722
470,16.3,16.35,16.275,16.275,4000
471,16.3,16.45,16.25,16.35,7919
576,16.45,16.45,16.45,16.45,3307
577,16.8739,16.95,16.3,16.3,341
578,16.5001,16.5001,16.5001,16.5001,200
579,16.5,16.5,16.5,16.5,100
580,16.425,16.6,16.425,16.6,1203
581,16.6,16.7,16.475,16.5,2056
582,16.35,16.55,16.35,16.5,1900
583,16.35,16.35,16.35,16.35,400
584,16.35,16.35,16.3,16.35,600
587,16.3,16.325,16.15,16.3,1758
588,16.3,16.3,16.3,16.3,100
591,16.3,16.3,16.3,16.3,100
592,16.15,16.25,16.15,16.25,1142
593,16.15,16.15,16.15,16.15,700
594,16.1,16.1,16.1,16.1,300
595,16,16.05,16,16.05,833
596,15.8,16,15.8,16,1700
597,16,16,15.875,15.875,1600
598,15.9,15.915,15.85,15.85,3565
599,15.85,15.95,15.85,15.9,1700
600,15.99,15.99,15.85,15.85,2600
601,16.1,16.1,16,16,1279
602,16.2,16.2,16.15,16.15,200
603,16.25,16.25,16.25,16.25,200
604,16.25,16.25,16.1501,16.1501,830
605,16.3,16.3,16.3,16.3,200
606,16.2,16.2,16.2,16.2,100
607,16.2,16.2,16.2,16.2,100
608,16.2,16.3,16.2,16.3,200
609,16.2,16.25,16.2,16.25,300
610,16.275,16.3,16.25,16.3,400
611,16.25,16.3,16.25,16.3,1900
612,16.2,16.3002,16.2,16.3002,1239
613,16.2,16.25,16.2,16.25,200
614,16.2,16.3,16.15,16.3,2951
615,16.3,16.35,16.2,16.2,16928
a1495459800,16.4,16.4,16.4,16.4,892
1,16.4,16.4,16.4,16.4,1500
2,16.45,16.45,16.3991,16.4,587
3,16.5,16.5,16.45,16.45,600
4,16.6,16.75,16.5,16.5,5837
6,16.6,16.6,16.6,16.6,200
7,16.4,16.65,16.4,16.65,1742
8,16.25,16.3246,16.25,16.3246,350
9,16.059,16.1538,16.059,16.1,900
10,16.1,16.2,16.1,16.15,1236
11,16.1,16.1,16,16.1,4030
12,16.075,16.1,16,16.1,2010
13,16.05,16.05,16,16,2700
14,16.1,16.1,16.05,16.05,1719
15,16.1,16.1,16.05,16.05,200
16,16.1,16.15,16.05,16.05,412
17,16.2,16.2,16.05,16.15,9708
19,16.4,16.4,16.25,16.3,1800
20,16.4,16.45,16.4,16.4,1182
21,16.35,16.35,16.35,16.35,600
22,16.45,16.45,16.4,16.45,500
23,16.5,16.5,16.5,16.5,200
24,16.4,16.4,16.4,16.4,100
26,16.35,16.45,16.35,16.45,1000
27,16.45,16.45,16.3501,16.3501,1975
28,16.45,16.45,16.45,16.45,300
29,16.45,16.5,16.4,16.5,1385
31,16.4,16.4,16.4,16.4,300
33,16.4,16.45,16.35,16.35,400
34,16.4,16.425,16.35,16.4002,1628
35,16.4,16.4,16.4,16.4,656
36,16.4,16.4,16.4,16.4,655
37,16.475,16.5,16.4,16.45,3813
38,16.6,16.6,16.45,16.5,4676
39,16.55,16.75,16.55,16.6,12265
144,16.55,16.55,16.55,16.55,208
145,16.55,16.75,16.55,16.75,1189
146,16.4,16.4,16.4,16.4,100
147,16.5,16.5,16.4,16.4,1035
148,16.5,16.5,16.5,16.5,358
152,16.4999,16.5,16.45,16.5,2952
153,16.4,16.475,16.4,16.475,3500
154,16.4,16.4,16.35,16.35,400
156,16.45,16.45,16.45,16.45,200
157,16.45,16.45,16.35,16.4,1900
158,16.4,16.4,16.4,16.4,100
159,16.4,16.4,16.35,16.35,200
161,16.35,16.35,16.35,16.35,100
162,16.4499,16.4499,16.4499,16.4499,125
163,16.3501,16.45,16.35,16.45,6553
164,16.375,16.4,16.375,16.375,500
165,16.4,16.4,16.3999,16.3999,878
166,16.45,16.45,16.4,16.4,2070
167,16.55,16.55,16.45,16.45,300
168,16.6,16.6,16.55,16.55,400
169,16.7,16.7,16.55,16.65,300
172,16.46,16.56,16.45,16.55,700
173,16.45,16.4999,16.45,16.4999,393
174,16.5,16.5,16.4,16.4,2000
175,16.45,16.45,16.45,16.45,100
176,16.4,16.45,16.4,16.45,200
177,16.45,16.4999,16.4,16.4999,2000
178,16.4411,16.4411,16.4375,16.4375,510
179,16.4,16.4,16.4,16.4,100
180,16.4,16.5,16.4,16.5,400
181,16.425,16.45,16.392,16.392,300
182,16.4,16.423,16.4,16.423,800
183,16.35,16.405,16.25,16.405,16931
288,16.45,16.45,16.45,16.45,1111
291,16.45,16.45,16.4,16.45,2518
292,16.4,16.4,16.4,16.4,100
293,16.45,16.5,16.45,16.5,200
294,16.45,16.45,16.45,16.45,1300
295,16.45,16.5,16.4,16.45,900
296,16.45,16.475,16.4,16.475,300
297,16.4,16.463,16.4,16.463,807
298,16.4,16.458,16.4,16.458,911
299,16.2,16.4,16.2,16.4,3012
300,16.2,16.25,16.2,16.2,500
301,16.3,16.3,16.3,16.3,600
302,16.328,16.328,16.3,16.3,200
303,16.2,16.25,16.2,16.25,2335
305,16.2,16.225,16.2,16.225,200
307,16.205,16.205,16.205,16.205,153
308,16.25,16.2747,16.25,16.25,550
309,16.225,16.225,16.225,16.225,200
310,16.1,16.2,16.1,16.2,3821
311,16.05,16.0999,16,16,800
312,16.05,16.1,16.05,16.1,1306
313,16.075,16.1,16,16.05,400
314,16.125,16.125,16.0999,16.0999,1425
315,16.15,16.15,16.15,16.15,200
317,16.1048,16.15,16.1048,16.15,423
318,16.2,16.25,16.2,16.2,600
319,16.25,16.3,16.25,16.3,600
320,16.225,16.3,16.225,16.25,1000
321,16.25,16.25,16.2,16.2,200
322,16.2,16.25,16.2,16.2,300
323,16.3,16.3,16.25,16.3,1900
324,16.25,16.25,16.25,16.25,800
325,16.35,16.4,16.25,16.25,600
326,16.4,16.4,16.3,16.375,1517
327,16.35,16.4,16.3,16.375,4609
432,16.45,16.45,16.45,16.45,624
434,16.4,16.4,16.4,16.4,200
435,16.35,16.35,16.35,16.35,100
436,16.5,16.5,16.5,16.5,200
438,16.4131,16.4131,16.4131,16.4131,250
439,16.45,16.45,16.45,16.45,100
440,16.5,16.5,16.5,16.5,466
446,16.35,16.4,16.35,16.4,1000
447,16.4,16.4,16.4,16.4,100
448,16.15,16.3,16.15,16.3,300
449,16.05,16.1,16.05,16.1,1300
450,16.05,16.05,16,16.05,1200
451,16.1,16.1,16.1,16.1,300
456,16.2,16.2,16.2,16.2,100
457,16.025,16.15,16,16.1,1900
458,16,16.026,16,16.026,224
459,16,16.05,15.95,16.05,2621
460,15.901,16,15.901,16,900
461,15.95,15.95,15.95,15.95,200
462,15.95,16,15.95,15.999,600
464,16.05,16.05,16.05,16.05,200
465,16.0502,16.0502,16.0502,16.0502,100
467,16.05,16.05,16.05,16.05,400
469,16.1,16.1,16.1,16.1,200
470,16.05,16.1,16.05,16.1,300
471,16.1,16.15,15.95,16.1,5806
576,16.15,16.15,16.15,16.15,359
578,16.1187,16.1187,16.1187,16.1187,100
579,16.2,16.2,16.2,16.2,100
580,16.2,16.2,16.2,16.2,629
581,16.2,16.2,16.137,16.2,400
582,16.2,16.2,16.1523,16.1523,525
583,16.2,16.2,16.2,16.2,400
584,16.2,16.2,16.2,16.2,300
585,16.05,16.2,16.05,16.2,300
586,16.05,16.05,16.05,16.05,300
587,15.95,16.0904,15.95,16.0747,2330
588,15.95,16,15.95,15.95,700
591,15.9,15.95,15.9,15.95,1490
593,15.875,15.9,15.875,15.9,200
594,15.8738,15.8738,15.85,15.85,600
596,15.85,15.85,15.85,15.85,300
597,15.8,15.8155,15.8,15.8155,350
598,15.85,15.85,15.85,15.85,100
600,15.9,15.9,15.8501,15.8501,805
601,15.851,15.851,15.851,15.851,100
603,15.85,15.851,15.85,15.851,500
604,15.85,15.85,15.85,15.85,100
605,15.85,15.9252,15.85,15.9252,850
606,15.9,15.9,15.85,15.9,300
608,15.95,15.95,15.95,15.95,300
609,15.9,15.95,15.9,15.95,614
611,15.95,15.95,15.95,15.95,300
614,15.95,16,15.95,16,429
615,15.95,16.05,15.925,16,6171
a1496151000,15.9,15.9,15.9,15.9,243
1,15.9,15.9841,15.9,15.9841,500
2,15.91,15.91,15.8997,15.8997,600
4,15.909,15.909,15.909,15.909,100
5,15.875,15.9,15.8508,15.9,1200
6,15.875,15.875,15.875,15.875,682
7,15.875,15.9,15.85,15.875,500
8,15.95,15.95,15.8748,15.9,2700
9,15.875,15.9,15.875,15.8949,1200
10,15.95,15.95,15.95,15.95,200
11,15.875,15.875,15.8501,15.8501,225
12,15.875,15.875,15.875,15.875,100
14,15.9,15.9,15.9,15.9,100
16,15.95,15.95,15.95,15.95,100
17,15.9,15.95,15.9,15.95,500
18,16,16,16,16,200
20,15.95,15.95,15.95,15.95,200
24,16,16,16,16,694
25,15.95,16,15.9,16,300
28,15.9001,16,15.9001,16,331
30,15.9,15.9,15.9,15.9,100
31,16,16,16,16,100
32,16,16,15.9,15.9764,1501
34,15.975,15.975,15.975,15.975,100
35,15.95,15.95,15.95,15.95,400
36,15.9,15.9,15.875,15.9,1000
37,15.85,15.9331,15.85,15.9,610
38,15.9,15.95,15.85,15.9,7396
39,15.8,15.9,15.75,15.9,15215
144,15.85,15.85,15.85,15.85,100
147,15.8,15.8,15.8,15.8,200
148,15.55,15.7,15.5,15.7,1650
149,15.65,15.65,15.65,15.65,100
151,15.6,15.6,15.6,15.6,1572
152,15.6,15.6288,15.6,15.6105,678
153,15.6,15.6,15.6,15.6,100
154,15.65,15.65,15.6256,15.65,300
155,15.6,15.65,15.575,15.65,500
156,15.65,15.65,15.65,15.65,1100
160,15.7,15.7,15.6999,15.7,1000
161,15.75,15.75,15.75,15.75,100
163,15.651,15.75,15.651,15.7,1005
164,15.75,15.75,15.75,15.75,200
166,15.75,15.75,15.75,15.75,100
167,15.65,15.65,15.65,15.65,100
169,15.75,15.75,15.75,15.75,100
170,15.7,15.7,15.7,15.7,300
171,15.75,15.75,15.75,15.75,200
172,15.7255,15.7255,15.7255,15.7255,125
174,15.65,15.7,15.65,15.65,400
175,15.65,15.65,15.65,15.65,900
176,15.7,15.7,15.7,15.7,100
177,15.625,15.7,15.625,15.7,200
178,15.675,15.675,15.65,15.65,300
179,15.7,15.7,15.65,15.7,587
180,15.65,15.65,15.65,15.65,500
181,15.6,15.65,15.6,15.65,400
182,15.65,15.7,15.6,15.65,2100
183,15.675,15.7,15.6,15.6,11752
288,15.7,15.7,15.7,15.7,1743
289,15.699,15.699,15.65,15.65,1700
290,15.7,15.7,15.65,15.65,2374
291,15.75,15.75,15.75,15.75,300
292,15.9199,15.95,15.85,15.85,1100
295,15.9,15.95,15.9,15.95,500
297,15.9,15.95,15.9,15.95,1240
298,15.95,15.95,15.9,15.9,300
299,15.9,15.9,15.9,15.9,300
300,15.95,15.95,15.95,15.95,100
301,16.1,16.1,15.9,15.925,10632
302,16.35,16.35,16.0995,16.1,9666
303,16.3,16.3,16.3,16.3,100
304,16.3,16.35,16.3,16.3,600
305,16.35,16.35,16.3,16.3,200
306,16.2835,16.2835,16.2835,16.2835,220
308,16.25,16.25,16.25,16.25,100
309,16.35,16.35,16.35,16.35,100
310,16.2,16.35,16.2,16.35,600
312,16.15,16.2,16.15,16.2,324
313,16.25,16.25,16.25,16.25,100
314,16.15,16.2247,16.15,16.2,900
316,16.05,16.1,16.05,16.1,300
317,16.1,16.1,16.1,16.1,300
318,16.05,16.05,16.05,16.05,100
319,16.0862,16.0862,16.0862,16.0862,300
320,16.05,16.15,16.05,16.15,400
321,16.1,16.1,16.1,16.1,300
322,16.1,16.1,16.1,16.1,100
323,16.15,16.15,16.1,16.1,300
324,16.15,16.15,16.15,16.15,200
325,16.15,16.15,16.05,16.05,2200
326,16.2,16.25,16.05,16.15,2300
327,16.2,16.25,16.15,16.25,6416
432,16.2,16.2,16.2,16.2,100
433,16.25,16.3989,16.25,16.3,1425
434,16.35,16.35,16.35,16.35,147
435,16.35,16.35,16.35,16.35,598
436,16.35,16.35,16.35,16.35,100
437,16.35,16.35,16.35,16.35,100
438,16.4,16.4,16.35,16.35,900
439,16.4,16.4,16.4,16.4,200
440,16.4137,16.4137,16.4137,16.4137,200
441,16.45,16.45,16.45,16.45,400
442,16.418,16.46,16.418,16.46,3200
443,16.4,16.4,16.4,16.4,400
444,16.45,16.45,16.45,16.45,100
445,16.45,16.45,16.45,16.45,800
446,16.5,16.5,16.5,16.5,900
447,16.5,16.5,16.5,16.5,100
448,16.55,16.55,16.5,16.5,562
449,16.6,16.6,16.6,16.6,100
450,16.55,16.55,16.55,16.55,400
451,16.55,16.55,16.55,16.55,300
454,16.75,16.85,16.575,16.575,3891
455,16.716,16.716,16.716,16.716,500
456,16.6987,16.6987,16.65,16.65,400
458,16.6,16.6,16.6,16.6,100
460,16.6,16.61,16.6,16.61,200
461,16.5501,16.6,16.5501,16.6,474
462,16.45,16.55,16.45,16.55,1200
464,16.55,16.55,16.5442,16.5442,300
466,16.45,16.45,16.45,16.45,200
467,16.45,16.45,16.45,16.45,1000
468,16.3,16.4254,16.3,16.4254,3223
470,16.3,16.4,16.3,16.4,300
471,16.35,16.35,16.25,16.3,5511
864,16.25,16.25,16.25,16.25,376
866,16.2,16.2,16.15,16.15,200
867,16.1575,16.1575,16.15,16.15,300
868,16.25,16.3,16.25,16.3,800
869,16.35,16.35,16.3,16.3,300
871,16.3,16.3,16.3,16.3,400
872,16.325,16.325,16.325,16.325,300
873,16.3,16.35,16.3,16.35,990
874,16.25,16.25,16.25,16.25,200
875,16.225,16.25,16.2,16.2,500
876,16.1,16.2,16.05,16.2,4000
877,16.15,16.15,16.15,16.15,700
878,16.1,16.15,16.1,16.15,200
881,16.2,16.2,16.1,16.15,700
882,16.2,16.2,16.2,16.2,100
884,16.15,16.15,16.15,16.15,100
885,16.15,16.175,16.15,16.15,895
886,16.1,16.15,16.1,16.15,200
888,16.15,16.2,16.1,16.15,800
889,16.193,16.193,16.15,16.15,525
890,16.1,16.15,16.1,16.15,200
892,16.1,16.1999,16.1,16.1999,989
893,16.175,16.2,16.15,16.2,300
894,16.15,16.15,16.15,16.15,100
895,16.15,16.2,16.15,16.2,700
896,16.2,16.2,16.2,16.2,100
897,16.2,16.2,16.15,16.15,200
898,16.15,16.2,16.15,16.2,200
899,16.15,16.2,16.15,16.2,500
900,16.16,16.2,16.15,16.15,390
901,16.15,16.2,16.15,16.2,200
902,16.15,16.2,16.15,16.2,700
903,16.15,16.2,16.1,16.2,9166
a1496755800,16.05,16.05,16.05,16.05,460
1,15.85,16,15.85,16,1912
2,15.8,15.85,15.7,15.7,550
3,15.95,15.95,15.871,15.871,400
4,15.95,16,15.95,16,300
10,15.9,15.975,15.9,15.975,994
11,15.95,15.95,15.95,15.95,100
13,15.95,15.95,15.95,15.95,200
14,15.95,15.95,15.9,15.9,200
16,15.9,15.9,15.9,15.9,100
17,15.9252,15.9252,15.9,15.9,450
18,15.9,15.95,15.9,15.95,200
19,15.9,15.9,15.9,15.9,100
21,15.925,15.925,15.9,15.9,200
22,15.925,15.925,15.925,15.925,200
23,15.95,15.95,15.95,15.95,500
26,16.1,16.1,15.9,16,1300
27,16.1,16.1,16.05,16.05,300
28,16.05,16.05,16.05,16.05,100
29,16.0671,16.0671,16.0671,16.0671,127
31,16.15,16.15,16.1,16.1,300
32,16.15,16.15,16.05,16.05,1367
33,16.2964,16.2964,16.2,16.2,1894
34,16.3,16.3,16.3,16.3,200
35,16.2861,16.2861,16.2861,16.2861,300
36,16.4,16.4,16.35,16.35,761
37,16.25,16.35,16.25,16.35,2800
38,16.15,16.2,16.15,16.2,300
39,16.15,16.2,16.1,16.15,4224
144,16.2,16.2,16.2,16.2,240
145,16.2,16.2339,16.2,16.2339,472
148,16.3,16.3525,16.3,16.3525,400
151,16.25,16.25,16.25,16.25,600
152,16.3,16.3,16.25,16.25,300
154,16.25,16.25,16.25,16.25,400
155,16.2,16.25,16.2,16.25,665
157,16.175,16.2,16.175,16.2,200
159,16.2,16.2,16.2,16.2,100
160,16.19,16.19,16.19,16.19,500
161,16.2,16.2,16.2,16.2,100
162,16.216,16.216,16.216,16.216,100
163,16.2,16.2,16.2,16.2,200
164,16.25,16.25,16.25,16.25,100
165,16.1694,16.2,16.1694,16.2,793
166,16.2,16.25,16.1991,16.1991,1400
167,16.225,16.25,16.225,16.25,300
168,16.225,16.225,16.225,16.225,100
169,16.2,16.2,16.2,16.2,200
170,16.25,16.25,16.25,16.25,100
171,16.2,16.2,16.2,16.2,100
172,16.1501,16.1501,16.1501,16.1501,147
173,16.2,16.2,16.155,16.2,1200
175,16.3,16.3,16.2,16.2,700
176,16.35,16.35,16.3,16.3,200
177,16.325,16.325,16.3,16.3,500
178,16.325,16.35,16.325,16.35,1200
179,16.175,16.3001,16.175,16.3001,1800
180,16.25,16.25,16.2,16.2,200
181,16.2501,16.3,16.25,16.25,800
182,16.25,16.2501,16.25,16.2501,400
183,16.3,16.35,16.25,16.35,3564
288,16.3,16.3,16.3,16.3,210
289,16.3,16.3,16.2,16.3,1186
291,16.35,16.35,16.3,16.3,300
292,16.35,16.35,16.35,16.35,304
296,16.359,16.359,16.35,16.35,711
297,16.3,16.3,16.3,16.3,100
298,16.4,16.4,16.4,16.4,100
300,16.35,16.35,16.35,16.35,100
301,16.4,16.4,16.4,16.4,100
304,16.4,16.4,16.3,16.3,400
305,16.45,16.45,16.4,16.4,1597
306,16.55,16.55,16.5,16.5,300
307,16.55,16.55,16.5,16.5,200
308,16.5003,16.5003,16.5003,16.5003,353
309,16.65,16.65,16.55,16.55,300
310,16.6,16.65,16.6,16.65,200
311,16.6,16.6,16.55,16.6,500
312,16.55,16.65,16.55,16.6,300
313,16.55,16.55,16.55,16.55,100
314,16.5894,16.5894,16.55,16.55,427
315,16.55,16.65,16.55,16.6,300
316,16.5959,16.5959,16.5959,16.5959,200
317,16.55,16.65,16.55,16.55,2000
318,16.65,16.65,16.55,16.6,800
319,16.55,16.65,16.55,16.65,200
320,16.45,16.55,16.45,16.55,2400
321,16.45,16.45,16.45,16.45,100
322,16.45,16.45,16.45,16.45,100
323,16.45,16.45,16.45,16.45,500
324,16.45,16.5,16.45,16.45,700
325,16.4,16.5,16.4,16.45,1000
326,16.45,16.5,16.4,16.45,400
327,16.45,16.45,16.4,16.4,5535
432,16.3,16.3,16.3,16.3,1005
433,16.314,16.3902,16.2,16.2,1800
434,16.15,16.25,16.15,16.25,500
435,16.3,16.3,16.25,16.25,319
436,16.35,16.35,16.3,16.3,200
438,16.3674,16.3674,16.35,16.35,1600
439,16.35,16.35,16.35,16.35,100
440,16.35,16.45,16.35,16.45,300
441,16.45,16.5,16.35,16.35,2959
442,16.5,16.5,16.45,16.5,600
443,16.5,16.5,16.45,16.5,400
444,16.6,16.6,16.45,16.45,1678
445,16.65,16.7,16.6,16.6,800
446,16.6,16.7,16.6,16.65,2300
447,16.6,16.6,16.6,16.6,200
448,16.6,16.65,16.6,16.6249,1111
449,16.65,16.65,16.65,16.65,100
450,16.5,16.65,16.5,16.65,700
451,16.65,16.65,16.55,16.55,888
452,16.65,16.65,16.55,16.55,200
453,16.64,16.7,16.64,16.7,350
454,16.6,16.65,16.6,16.65,600
455,16.6,16.6,16.6,16.6,400
456,16.65,16.65,16.55,16.55,200
457,16.6,16.65,16.6,16.65,200
458,16.65,16.675,16.65,16.65,1000
459,16.6,16.6,16.6,16.6,500
460,16.65,16.7,16.6,16.6,500
461,16.65,16.65,16.625,16.625,300
463,16.675,16.675,16.625,16.625,800
464,16.7,16.7,16.7,16.7,300
465,16.7,16.7,16.65,16.65,600
466,16.7,16.75,16.65,16.65,1900
467,16.7,16.7,16.675,16.675,400
468,16.7,16.75,16.65,16.75,1500
469,16.6,16.7,16.6,16.651,2100
470,16.4,16.65,16.1058,16.55,20703
471,16.5,16.6,16.45,16.5,7299
864,16.6,16.6,16.6,16.6,2094
865,16.816,16.85,16.7,16.7,4496
866,17.2732,17.2732,16.816,16.83,10905
867,17.1,17.275,17.1,17.275,2548
868,17.1,17.15,17.1,17.15,542
869,17.005,17.1,17.005,17.05,3192
870,17.175,17.2,17.1,17.1,2900
871,17.15,17.2,17.0875,17.18,5061
872,17.25,17.3,17.2,17.2,1793
873,17.35,17.4,17.25,17.25,2800
874,17.3,17.375,17.3,17.35,3690
875,17.326,17.326,17.25,17.25,2600
876,17.3,17.3,17.25,17.3,1000
877,17.3,17.3,17.25,17.3,1400
878,17.2,17.35,17.175,17.3,9809
879,17.2,17.2,17.15,17.2,1400
880,17.2,17.25,17.2,17.2,700
881,17.2,17.2,17.2,17.2,800
882,17.2,17.2131,17.2,17.2,800
883,17.2,17.2,17.15,17.2,400
884,17.15,17.2231,17.15,17.2231,2700
885,17.05,17.2,17.05,17.2,2600
886,16.95,16.95,16.95,16.95,100
887,17.05,17.1451,17.05,17.05,910
888,17.1,17.15,17.0667,17.1,3639
889,17.2,17.25,17.15,17.15,600
890,17.2,17.2,17.2,17.2,900
891,17.1,17.2,17.05,17.2,4033
892,17.2,17.2,17.1,17.1,1085
893,17.2,17.2,17.15,17.2,400
894,17.15,17.15,17.1,17.15,900
895,17.15,17.15,17.15,17.15,200
896,17.125,17.15,17.1,17.15,1300
897,17.1,17.15,17.1,17.1,1000
898,17.05,17.15,17.05,17.15,300
899,17.1,17.15,17.1,17.1,700
900,17.075,17.125,17.05,17.1,1780
901,17.15,17.15,17.1,17.1,1202
902,17.15,17.15,17.05,17.15,1500
903,17.2,17.2,17.1,17.15,6540
a1497360600,17.25,17.25,17.25,17.25,540
1,17.4,17.4,17.4,17.4,9388
2,17.4,17.426,17.3999,17.426,3764
3,17.25,17.375,17.25,17.3729,1400
4,17.35,17.35,17.25,17.3,4814
5,17.35,17.35,17.3,17.35,6500
6,17.4,17.4,17.325,17.325,5714
7,17.4,17.4,17.375,17.375,3572
8,17.5,17.5,17.4,17.4,1600
9,17.4999,17.5,17.4,17.439,900
10,17.6,17.6,17.4791,17.5,850
11,17.5954,17.65,17.55,17.55,4630
12,17.6,17.6,17.55,17.55,1800
13,17.45,17.6,17.45,17.5638,5752
14,17.45,17.45,17.4,17.45,2441
15,17.45,17.55,17.4271,17.45,2550
16,17.45,17.55,17.4,17.4,1405
17,17.45,17.5,17.4,17.45,900
18,17.45,17.5,17.45,17.45,500
19,17.5,17.5,17.45,17.45,800
20,17.55,17.6,17.5,17.5,705
21,17.6,17.6,17.55,17.55,600
22,17.55,17.6,17.55,17.6,500
23,17.6,17.6,17.55,17.55,400
24,17.55,17.6,17.55,17.6,500
25,17.6,17.6,17.6,17.6,300
26,17.65,17.65,17.541,17.541,2358
27,17.6,17.6,17.5676,17.6,2600
28,17.6,17.65,17.575,17.6,6853
29,17.525,17.6,17.525,17.5885,2350
30,17.5375,17.55,17.5375,17.55,300
31,17.5,17.55,17.5,17.55,1400
32,17.55,17.55,17.5375,17.5375,500
33,17.55,17.55,17.55,17.55,200
34,17.55,17.55,17.55,17.55,500
35,17.55,17.575,17.525,17.545,4751
36,17.55,17.55,17.5,17.55,700
37,17.55,17.55,17.55,17.55,700
38,17.75,17.75,17.5226,17.55,7214
39,17.8,17.85,17.75,17.75,8260
144,17.85,17.85,17.85,17.85,1271
145,17.5,17.7,17.5,17.7,1484
146,17.7,17.7,17.55,17.65,1700
147,17.683,17.683,17.683,17.683,500
148,17.75,17.75,17.7,17.7,300
149,17.7,17.7,17.675,17.7,1400
150,17.85,17.9,17.65,17.7,7212
151,17.8,17.85,17.8,17.85,900
152,17.8,17.85,17.75,17.8,1400
153,17.85,17.85,17.85,17.85,100
154,17.76,17.85,17.75,17.85,1418
155,17.85,17.9,17.825,17.85,2100
156,18,18,17.9,17.9,4440
157,18,18,17.975,17.975,911
158,17.975,18,17.975,17.975,300
159,18,18,17.95,17.975,2723
160,18.35,18.35,17.95,18,14514
161,18.35,18.35,18.25,18.35,5886
162,18.275,18.275,18.275,18.275,200
163,18.3,18.35,18.25,18.3,3972
164,18.15,18.3,18.1,18.2817,3872
165,18.2,18.2,18.1633,18.2,1700
166,18.2,18.2,18.157,18.2,400
167,18.2,18.2,18.15,18.15,600
168,18.175,18.175,18.175,18.175,100
169,18.25,18.25,18.1997,18.1997,1065
170,18.125,18.2,18.1,18.2,6344
171,18.1,18.1,18.1,18.1,100
172,18,18.2,18,18.15,4500
173,18.075,18.075,18.075,18.075,100
174,18.05,18.05,18,18.05,516
175,18,18.05,18,18.0311,500
176,18,18.019,18,18.019,1193
177,17.95,17.95,17.95,17.95,100
178,18,18,17.925,17.95,800
179,18,18,17.95,17.95,300
180,17.975,18,17.95,18,3578
181,17.975,18,17.95,17.95,4086
182,18,18,17.95,17.95,2719
183,17.95,18.15,17.9,18,11995
288,17.85,17.85,17.85,17.85,236
289,17.7809,17.7809,17.405,17.4271,4550
291,17.85,17.9,17.85,17.9,300
292,17.75,17.9,17.75,17.9,1969
293,17.75,17.75,17.75,17.75,103
294,17.8,17.8,17.75,17.75,400
295,17.725,17.8,17.7,17.75,400
296,17.7,17.7,17.65,17.7,894
297,17.85,17.85,17.6,17.6,900
298,17.9,17.9,17.8,17.85,700
299,17.95,17.95,17.85,17.95,1000
300,18,18,18,18,200
301,17.95,18,17.95,18,2985
302,18,18,18,18,100
303,17.95,18,17.95,18,300
304,18,18,17.975,17.975,800
305,18,18,17.95,18,1100
306,18,18,18,18,200
307,18,18,18,18,600
308,18,18,18,18,200
309,18,18,17.95,18,600
310,18,18,17.95,18,2900
311,18,18,17.95,18,3500
312,17.9,18,17.9,17.975,900
313,18,18,17.9562,18,3365
314,18,18,18,18,100
315,18,18,18,18,300
316,18,18,17.9501,17.9501,1000
317,18,18,17.9754,17.9808,1920
318,17.975,18,17.975,18,435
319,18.15,18.25,18,18,5704
320,18.2,18.2,18.15,18.15,1600
321,18.225,18.225,18.1822,18.1876,2279
322,18.2,18.25,18.2,18.2,2387
323,18.175,18.2,18.15,18.2,1070
324,18.2,18.2,18.175,18.2,742
325,18.05,18.2,18.05,18.2,2830
326,18.15,18.15,18.05,18.1,1720
327,18.15,18.2,18.125,18.15,7257
432,17.9,17.9,17.9,17.9,21794
433,17.95,18.1,17.95,18,1900
434,17.8501,17.9,17.8501,17.9,332
435,17.9,17.95,17.9,17.95,300
436,17.75,17.85,17.7276,17.85,2882
437,17.8,17.8,17.8,17.8,100
438,17.7,17.8,17.7,17.7999,6582
439,17.75,17.75,17.65,17.6624,2843
440,17.7,17.7,17.7,17.7,300
441,17.7,17.725,17.7,17.725,500
443,17.75,17.75,17.7,17.7,370
444,17.8,17.8,17.7,17.7,600
445,17.85,17.85,17.8,17.8,1569
446,17.9,17.9,17.85,17.85,900
447,17.875,17.875,17.875,17.875,100
448,18.05,18.05,17.95,17.95,400
449,18.05,18.05,18.05,18.05,500
450,18.1,18.1,18.05,18.05,300
451,18.075,18.0999,18.075,18.0999,200
452,18.1,18.1,18.1,18.1,100
453,18.1,18.1,18.1,18.1,200
454,18.0771,18.0771,18.0771,18.0771,900
455,18.0508,18.075,18.05,18.075,400
456,18.1,18.1,18.075,18.075,600
457,18.1,18.1,18.1,18.1,315
458,18.083,18.0999,18.083,18.0999,1526
459,18.2,18.25,18.0781,18.0781,1788
460,18.25,18.25,18.25,18.25,600
463,18.3,18.3,18.25,18.25,1433
464,18.275,18.2999,18.275,18.2999,300
465,18.3,18.35,18.2774,18.2774,2880
466,18.35,18.35,18.35,18.35,2355
467,18.325,18.3788,18.3,18.3788,4973
469,18.35,18.37,18.325,18.35,2736
470,18.375,18.4,18.35,18.35,3118
471,18.3,18.4,18.25,18.35,19379
864,18.4,18.4,18.4,18.4,357
865,17.9,18.384,17.75,18.384,14087
866,18,18,17.85,17.85,700
867,18.05,18.133,18,18,3025
868,18.05,18.05,18.05,18.05,100
869,18.1,18.1,18.1,18.1,100
870,18.2,18.2,18.0538,18.0538,2688
871,18.1508,18.1508,18.1508,18.1508,100
872,18.241,18.35,18.241,18.25,2574
873,18.3,18.3001,18.3,18.3001,400
874,18.2999,18.2999,18.25,18.2727,3965
875,18.25,18.275,18.25,18.275,2600
876,18.15,18.25,18.15,18.25,600
877,18.2,18.25,18.2,18.25,300
878,18.25,18.25,18.25,18.25,200
879,18.25,18.25,18.25,18.25,100
880,18.2,18.25,18.2,18.2353,850
881,18.25,18.25,18.25,18.25,418
882,18.3,18.3,18.25,18.25,400
883,18.3,18.3,18.3,18.3,200
884,18.3,18.3,18.266,18.3,1511
885,18.4,18.4,18.3,18.3,1500
886,18.425,18.45,18.417,18.45,950
887,18.5,18.5,18.45,18.45,800
888,18.5,18.5,18.5,18.5,828
889,18.5732,18.6,18.5,18.5,1150
890,18.6,18.7,18.6,18.6,2861
891,18.5753,18.5753,18.5753,18.5753,400
892,18.575,18.5999,18.575,18.5999,1208
893,18.6,18.6,18.575,18.575,200
894,18.6,18.6,18.575,18.6,400
895,18.65,18.65,18.6,18.6,7025
896,18.65,18.65,18.625,18.65,3179
897,18.65,18.65,18.625,18.65,815
898,18.625,18.65,18.6,18.65,700
899,18.55,18.6,18.5,18.6,10908
900,18.566,18.566,18.525,18.525,1208
901,18.7,18.75,18.575,18.6,6332
902,18.7,18.75,18.7,18.7,1200
903,18.75,18.75,18.675,18.75,6240
a1497965400,18.75,18.75,18.75,18.75,621
1,18.5789,18.8708,18.5789,18.85,1772
2,18.75,18.75,18.65,18.65,1672
3,18.7718,18.8,18.75,18.7505,1100
4,18.9,18.9,18.75,18.75,1895
5,18.9,18.9,18.893,18.893,500
6,18.85,18.85,18.85,18.85,287
7,18.9,18.9,18.8999,18.8999,270
9,18.9,18.9,18.9,18.9,200
10,18.975,19,18.9,18.9,2129
11,18.9999,19,18.9706,18.9706,3018
12,19,19,19,19,100
13,19,19,19,19,3300
14,19.1,19.125,19,19,7279
15,19.1,19.1,19.0648,19.0648,1200
16,19.081,19.15,19,19.15,3579
17,19.05,19.1,19.05,19.0501,1170
18,19.031,19.031,18.983,18.983,285
19,19,19,18.97,18.97,485
20,18.95,18.95,18.95,18.95,500
21,18.85,18.95,18.85,18.95,800
22,18.85,18.9,18.8001,18.9,300
23,18.8,18.8,18.8,18.8,100
24,18.875,18.875,18.875,18.875,100
25,18.85,18.85,18.85,18.85,200
26,18.8,18.85,18.7,18.8,6392
27,18.85,18.85,18.85,18.85,200
28,18.8999,18.8999,18.8,18.8,892
29,18.8718,18.9,18.8718,18.88,4310
30,19,19.05,18.95,18.95,2253
31,18.9,19,18.9,19,700
33,18.875,18.875,18.865,18.865,350
34,18.9,18.9039,18.875,18.875,865
35,18.95,18.95,18.889,18.889,300
37,19,19.05,18.92,18.92,5215
38,19.1,19.1,19,19,8252
39,19.1,19.15,19.075,19.075,17240
144,19.45,19.45,19.45,19.45,2430
145,19.075,19.25,19.04,19.25,1975
146,19.1,19.2125,19.1,19.1,11623
147,19.1,19.1,19.05,19.1,2978
148,19.5,19.5,19.1,19.15,3384
149,19.35,19.475,19.35,19.45,2615
150,19.4,19.4,19.4,19.4,100
151,19.3,19.35,19.2799,19.35,2000
152,19.5,19.5,19.35,19.35,300
153,19.4646,19.5,19.45,19.5,700
154,19.55,19.55,19.485,19.5,2474
155,19.45,19.55,19.45,19.55,1400
156,19.4,19.45,19.4,19.4,900
157,19.35,19.45,19.35,19.4,800
158,19.5,19.5,19.45,19.499,1400
159,19.4,19.4,19.3658,19.3928,363
160,19.4,19.416,19.4,19.416,600
161,19.45,19.45,19.4,19.4,500
162,19.4,19.4,19.4,19.4,100
163,19.35,19.4,19.35,19.4,300
164,19.3,19.3,19.3,19.3,100
165,19.3,19.3,19.3,19.3,400
166,19.3,19.35,19.25,19.25,300
168,19.35,19.35,19.35,19.35,100
169,19.3,19.3,19.3,19.3,100
170,19.3,19.3,19.3,19.3,200
171,19.1,19.2,19.1,19.2,1265
172,19.1999,19.1999,19.15,19.15,480
173,19.1,19.1,19.1,19.1,200
174,19.3,19.3,19.1,19.1,400
175,19.2,19.2,19.15,19.15,400
176,19.2,19.2,19.05,19.2,1300
177,19.15,19.15,19.1,19.1,700
179,19.1,19.1,19.1,19.1,100
180,19.1,19.15,19.1,19.1,7600
181,18.95,19.1,18.95,19.1,2390
182,18.95,18.95,18.9,18.95,1156
183,18.95,19,18.9,19,6826
288,18.95,18.95,18.95,18.95,625
289,18.9,18.9,18.9,18.9,100
290,18.95,18.95,18.9,18.9,1600
291,18.9,18.9,18.9,18.9,500
293,18.95,18.95,18.85,18.9499,1200
294,18.95,18.95,18.95,18.95,400
295,18.95,18.95,18.8793,18.8793,250
296,18.9,18.9,18.85,18.85,200
301,18.775,18.85,18.775,18.85,1500
302,18.85,18.85,18.8,18.8,200
305,18.85,18.85,18.85,18.85,5700
306,18.875,18.875,18.875,18.875,100
307,18.9,18.9,18.85,18.9,620
308,18.95,18.95,18.95,18.95,100
309,18.9,18.9,18.9,18.9,600
312,18.932,18.932,18.932,18.932,600
313,18.95,18.95,18.9,18.9,200
315,18.9,18.9,18.9,18.9,500
317,18.9,18.9499,18.8896,18.9,824
318,18.95,18.95,18.95,18.95,100
319,18.95,18.95,18.9033,18.9033,3677
320,18.95,18.95,18.95,18.95,200
321,18.95,18.95,18.95,18.95,317
322,18.95,18.95,18.9,18.95,700
323,18.9,18.95,18.9,18.9,600
325,18.9,18.925,18.899,18.925,700
326,18.95,18.95,18.95,18.95,100
327,18.9,18.95,18.875,18.875,5592
432,18.85,18.85,18.85,18.85,517
433,19,19,18.9,18.975,2000
434,18.95,19,18.95,19,500
436,18.95,18.95,18.95,18.95,100
437,19.05,19.1385,19,19,2544
438,19.15,19.2,19.15,19.2,200
439,19.1,19.2,19,19.1999,7617
440,19.15,19.2,19.15,19.2,200
441,19.25,19.25,19.15,19.15,562
442,19.35,19.35,19.275,19.2769,1839
443,19.35,19.35,19.3,19.3,710
444,19.25,19.3,19.25,19.3,300
445,19.25,19.25,19.25,19.25,400
446,19.2,19.3,19.2,19.25,3500
447,19.15,19.2,19.15,19.2,200
448,19.175,19.2,19.175,19.175,821
449,19.2,19.2,19.2,19.2,500
452,19.265,19.265,19.25,19.25,600
453,19.25,19.25,19.225,19.25,600
454,19.275,19.275,19.275,19.275,400
455,19.4,19.4,19.3,19.3,700
456,19.35,19.35,19.3,19.3,300
457,19.35,19.4,19.35,19.35,400
458,19.375,19.4,19.375,19.4,200
459,19.375,19.4,19.375,19.4,400
460,19.425,19.45,19.3999,19.3999,2300
461,19.45,19.475,19.425,19.45,2180
463,19.45,19.475,19.425,19.475,4274
464,19.35,19.35,19.3,19.3,200
465,19.325,19.325,19.325,19.325,200
466,19.2,19.2,19.2,19.2,100
467,19.25,19.2798,19.2,19.25,1446
468,19.25,19.2702,19.2,19.2702,900
469,19.25,19.25,19.25,19.25,300
470,19.55,19.65,19.2487,19.2999,10518
471,19.5,19.7,19.4,19.55,65284
864,19.55,19.75,19.55,19.75,2933
865,19.8188,19.8188,19.55,19.65,6666
866,19.75,19.793,19.7,19.793,2629
867,19.55,19.7,19.55,19.7,3649
868,19.6,19.6,19.5707,19.5707,5124
869,19.65,19.65,19.55,19.65,3239
870,19.779,19.779,19.7,19.7,5891
871,19.75,19.75,19.75,19.75,1600
872,19.7,19.8,19.65,19.75,2771
873,19.6,19.65,19.5,19.55,4097
874,19.6499,19.6499,19.55,19.55,3532
875,19.6,19.65,19.55,19.6,10823
876,19.65,19.7,19.65,19.7,200
877,19.7,19.7,19.7,19.7,100
878,19.9492,19.95,19.75,19.75,3161
879,19.9301,20,19.9301,19.95,2150
880,19.975,19.995,19.95,19.995,1600
881,19.95,19.95,19.95,19.95,200
882,20.05,20.05,19.95,19.975,16345
883,20.05,20.1,19.989,19.989,2537
884,20.1,20.1,20.1,20.1,200
885,19.9,20.05,19.85,20.05,3263
886,20,20.0015,19.95,20,1205
887,19.75,20.01,19.75,20.01,2100
888,19.9,19.9,19.8,19.8,1000
889,19.95,20,19.95,19.95,1633
890,19.9,19.9,19.9,19.9,100
891,19.95,20,19.95,19.99,2222
892,20.05,20.1,20.05,20.05,2092
893,20.05,20.05,19.95,20.02,580
894,19.95,20,19.95,20,1400
895,19.95,20,19.95,20,400
897,19.95,20.025,19.95,20,1300
898,19.95,20,19.95,19.981,1000
899,19.9,20,19.9,20,6300
900,19.95,19.975,19.9,19.95,1000
901,19.9,19.925,19.9,19.9,900
902,19.8,19.9,19.8,19.9,3300
903,19.85,19.9,19.8,19.8,6440
a1498570200,19.8,19.8,19.8,19.8,206
1,19.79,19.8,19.75,19.8,500
3,19.8,19.8,19.8,19.8,100
4,19.85,19.85,19.75,19.8,700
5,19.85,19.85,19.85,19.85,100
6,19.8,19.85,19.8,19.8,3208
7,19.757,19.85,19.75,19.85,800
8,19.75,19.85,19.75,19.85,400
9,19.8,19.8,19.8,19.8,170
10,19.85,19.85,19.85,19.85,100
11,19.75,19.85,19.75,19.8499,627
12,19.8,19.8,19.8,19.8,200
13,19.75,19.75,19.75,19.75,100
14,19.8,19.8,19.75,19.75,1100
15,19.8,19.85,19.8,19.85,200
16,19.8,19.8,19.8,19.8,100
17,19.8094,19.845,19.8094,19.845,600
18,19.85,19.85,19.85,19.85,300
19,19.75,19.85,19.75,19.75,900
20,19.75,19.75,19.7,19.7,600
21,19.8,19.8,19.8,19.8,100
22,19.75,19.75,19.75,19.75,100
23,19.75,19.75,19.75,19.75,100
24,19.75,19.75,19.7,19.75,4200
25,19.7,19.775,19.7,19.725,2800
26,19.7,19.75,19.7,19.7,2225
27,19.65,19.65,19.65,19.65,100
28,19.65,19.65,19.65,19.65,400
29,19.65,19.7,19.6,19.6,2500
30,19.75,19.75,19.675,19.7,800
31,19.7,19.8,19.7,19.8,2045
32,19.7492,19.7492,19.7,19.7,1505
33,19.85,19.85,19.8,19.8,400
34,19.8,19.8,19.75,19.75,2200
35,19.55,19.75,19.55,19.75,2800
36,19.55,19.55,19.5,19.55,600
37,19.525,19.55,19.45,19.55,1500
38,19.5,19.5,19.45,19.5,2200
39,19.55,19.55,19.5,19.5,7327
144,19.55,19.55,19.55,19.55,431
145,19.55,19.6,19.55,19.6,2005
146,19.5,19.55,19.5,19.55,1349
147,19.4649,19.5,19.45,19.5,1360
148,19.5,19.5115,19.4,19.4,2941
149,19.55,19.65,19.5,19.5,6377
150,19.55,19.55,19.55,19.55,1100
152,19.6011,19.6011,19.55,19.55,700
153,19.6497,19.65,19.6333,19.6333,1800
154,19.65,19.65,19.6,19.65,3945
155,19.55,19.55,19.55,19.55,200
156,19.75,19.75,19.65,19.65,11658
157,19.8,19.8,19.725,19.725,4419
158,19.7,19.75,19.7,19.75,700
159,19.9,19.9,19.7,19.7,5300
160,19.8,19.85,19.8,19.85,700
161,19.9,19.9,19.9,19.9,100
162,19.7,19.8,19.7,19.8,1300
163,19.75,19.8,19.7,19.8,600
164,19.8,19.8,19.7,19.7,1880
165,19.8,19.8,19.8,19.8,200
166,19.9,19.9,19.85,19.85,500
167,19.95,19.95,19.95,19.95,200
168,19.9475,19.95,19.9475,19.95,2207
169,20,20,20,20,100
170,19.85,19.95,19.85,19.95,1542
171,19.9,19.9,19.85,19.85,700
172,19.85,19.8999,19.85,19.8999,414
173,19.85,19.85,19.8455,19.8455,1352
174,19.9,19.9,19.85,19.85,800
175,19.9,19.9,19.85,19.89,800
177,19.9,19.9,19.85,19.85,1000
178,19.85,19.85,19.8,19.8,900
179,19.85,19.9,19.8,19.9,1900
180,19.9,19.9,19.85,19.85,900
181,19.85,19.9,19.75,19.9,1877
182,19.8,19.8,19.75,19.75,3693
183,19.8,19.9,19.75,19.8,14644
288,19.85,19.85,19.85,19.85,745
289,19.7,19.85,19.7,19.85,300
290,19.5,19.65,19.4,19.65,1731
291,19.55,19.55,19.55,19.55,300
292,19.55,19.55,19.45,19.55,400
293,19.5,19.5,19.5,19.5,100
294,19.5,19.5,19.5,19.5,400
295,19.55,19.55,19.5,19.5,500
296,19.75,19.75,19.6,19.6,665
297,19.75,19.75,19.75,19.75,500
298,19.7999,19.7999,19.75,19.75,887
300,19.75,19.75,19.75,19.75,100
301,19.7,19.725,19.65,19.7,1705
302,19.75,19.75,19.7,19.7,300
303,19.75,19.75,19.75,19.75,100
304,19.65,19.7,19.6,19.65,1100
305,19.6,19.65,19.6,19.65,1000
306,19.65,19.65,19.65,19.65,100
307,19.65,19.65,19.6,19.625,900
309,19.7,19.7,19.7,19.7,300
310,19.7,19.7,19.7,19.7,500
312,19.6,19.7,19.6,19.7,1300
313,19.6,19.6,19.6,19.6,672
315,19.75,19.75,19.55,19.6,1100
316,19.8,19.8,19.8,19.8,100
317,19.95,19.95,19.8,19.8,853
318,19.85,19.85,19.85,19.85,100
319,19.85,19.86,19.85,19.86,200
320,19.8,19.85,19.8,19.85,1900
322,19.85,19.85,19.825,19.825,600
323,19.85,19.85,19.85,19.85,522
324,19.825,19.85,19.825,19.825,300
325,19.831,19.85,19.8,19.825,700
326,19.9,19.9,19.8,19.825,1100
327,20,20,19.9,19.9,10485
432,19.4,20,19.4,20,491
433,20.01,20.05,19.5,19.5,700
434,20,20,19.9299,19.9299,300
435,19.9001,20,19.9001,20,572
436,20,20,19.85,19.9,1400
437,19.95,19.95,19.95,19.95,227
438,19.95,19.95,19.95,19.95,200
440,19.9,19.9,19.9,19.9,100
441,19.8,19.8,19.8,19.8,100
442,19.8,19.9,19.8,19.9,762
443,19.8,19.8,19.8,19.8,100
444,19.8,19.85,19.8,19.85,200
445,19.85,19.85,19.8,19.85,500
447,19.85,19.85,19.85,19.85,200
448,19.95,19.95,19.9,19.9,200
450,19.9,19.9,19.9,19.9,600
452,19.9,19.95,19.9,19.945,1267
453,19.95,19.95,19.9,19.95,400
455,20,20,19.95,19.95,300
456,20,20,20,20,800
457,20.05,20.05,20.05,20.05,700
458,20.05,20.05,20.05,20.05,400
459,20.15,20.15,20.15,20.15,100
460,20.15,20.1999,20.1,20.1,1693
461,20.2,20.2,20.15,20.15,200
462,20.15,20.15,20.15,20.15,906
463,20.2127,20.25,20.2,20.25,800
464,20.25,20.25,20.15,20.25,500
465,20.25,20.25,20.2,20.2,700
466,20.15,20.3,20.15,20.3,4500
467,20.1,20.15,20.1,20.15,400
468,20.15,20.15,20.1,20.1,400
469,20.1,20.2,20.1,20.2,1055
470,20.05,20.15,20.05,20.05,1400
471,20.05,20.1,19.95,20.1,6841
864,20.15,20.15,20.15,20.15,318
865,20.168,20.168,20.168,20.168,500
866,20.2,20.2,20.15,20.15,384
867,20.149,20.15,20.149,20.15,942
869,20.15,20.15,20.15,20.15,100
871,20.15,20.15,20.1,20.1,300
872,20.2467,20.2467,20.15,20.15,400
873,20.2,20.2,20.2,20.2,284
874,20.2,20.2,20.1,20.1,1372
875,20.2,20.2,20.2,20.2,200
876,20.1501,20.2,20.15,20.2,1620
877,20.2009,20.2009,20.1939,20.1939,400
878,20.25,20.25,20.2,20.2338,700
879,20.25,20.25,20.25,20.25,100
881,20.153,20.2,20.153,20.2,739
883,20.15,20.2,20.15,20.2,400
884,20.2,20.25,20.1,20.15,4028
885,20.05,20.2,19.95,20.1,7658
