EXCHANGE%3DNASDAQ
MARKET_OPEN_MINUTE=570
MARKET_CLOSE_MINUTE=960
INTERVAL=600
COLUMNS=DATE,CLOSE,HIGH,LOW,OPEN,VOLUME
DATA=
TIMEZONE_OFFSET=-240
a1493127000,2.33,2.33,2.33,2.33,3040
1,2.37,2.4,2.35,2.35,10729
2,2.3965,2.4,2.36,2.37,8502
3,2.39,2.3919,2.35,2.3919,800
4,2.36,2.39,2.36,2.39,3500
5,2.37,2.37,2.36,2.36,683
6,2.35,2.4,2.35,2.4,6141
7,2.37,2.37,2.37,2.37,200
8,2.3629,2.37,2.3629,2.37,2730
9,2.37,2.37,2.37,2.37,100
10,2.35,2.35,2.35,2.35,100
11,2.37,2.37,2.37,2.37,100
14,2.37,2.38,2.3679,2.37,7866
16,2.37,2.37,2.37,2.37,100
17,2.37,2.37,2.37,2.37,500
18,2.375,2.375,2.37,2.37,800
19,2.38,2.38,2.38,2.38,200
20,2.37,2.37,2.37,2.37,300
21,2.4,2.4,2.38,2.38,200
22,2.4,2.4,2.34,2.38,63811
23,2.37,2.37,2.3676,2.3676,550
24,2.37,2.37,2.36,2.36,700
25,2.355,2.36,2.355,2.36,300
26,2.36,2.36,2.36,2.36,100
27,2.36,2.36,2.36,2.36,100
30,2.355,2.36,2.3524,2.36,700
31,2.3556,2.3556,2.3556,2.3556,500
32,2.38,2.38,2.36,2.36,400
33,2.378,2.38,2.36,2.38,3694
34,2.4,2.42,2.38,2.38,29461
36,2.4,2.41,2.4,2.41,200
37,2.41,2.41,2.41,2.41,100
38,2.4156,2.42,2.41,2.41,4000
39,2.42,2.47,2.419,2.42,7697
144,2.49,2.49,2.49,2.49,6070
145,2.4861,2.5128,2.47,2.5,5985
146,2.45,2.4657,2.42,2.4657,13034
147,2.45,2.45,2.42,2.42,300
148,2.441,2.45,2.42,2.4463,6854
149,2.45,2.45,2.4499,2.4499,2500
150,2.4865,2.4865,2.42,2.42,31875
151,2.47,2.49,2.465,2.475,1500
152,2.5,2.5,2.48,2.49,800
153,2.5,2.53,2.5,2.5,16537
154,2.5001,2.52,2.5,2.52,2800
155,2.49,2.515,2.49,2.515,18081
156,2.495,2.495,2.49,2.4901,1225
157,2.4925,2.51,2.49,2.4964,5478
158,2.49,2.49,2.49,2.49,200
159,2.49,2.5095,2.49,2.49,780
160,2.5,2.51,2.49,2.49,1100
161,2.4901,2.4901,2.4901,2.4901,100
162,2.51,2.53,2.5,2.5,16775
163,2.53,2.53,2.52,2.5202,4630
164,2.56,2.57,2.53,2.53,7913
165,2.58,2.6,2.5483,2.55,14950
166,2.56,2.6,2.56,2.6,1345
167,2.5,2.56,2.5,2.56,27600
168,2.5,2.5193,2.5,2.5,1150
169,2.5,2.52,2.5,2.519,2500
170,2.5012,2.52,2.5,2.52,2200
171,2.52,2.52,2.5,2.52,1400
172,2.52,2.52,2.5,2.5,200
173,2.5,2.5199,2.5,2.5,3024
174,2.5,2.52,2.5,2.5,2912
175,2.5,2.5,2.5,2.5,100
176,2.53,2.53,2.5,2.5,1000
177,2.52,2.54,2.5172,2.54,2864
178,2.52,2.53,2.52,2.53,1300
179,2.52,2.52,2.515,2.52,300
180,2.52,2.52,2.515,2.52,2800
181,2.52,2.52,2.515,2.52,1974
182,2.51,2.52,2.51,2.52,11800
183,2.54,2.54,2.51,2.52,11199
288,2.6,2.6,2.6,2.6,7072
289,2.5961,2.6,2.5702,2.59,40409
290,2.5601,2.6896,2.56,2.6,59448
291,2.5902,2.6,2.5854,2.59,14300
292,2.59,2.6,2.5894,2.6,2830
293,2.6,2.6,2.596,2.6,9500
294,2.5891,2.5977,2.5891,2.5971,2235
295,2.598,2.61,2.58,2.61,9180
296,2.5985,2.61,2.596,2.61,3200
297,2.5933,2.5933,2.59,2.59,5996
298,2.5981,2.62,2.5981,2.61,300
299,2.6099,2.61,2.6091,2.61,1100
300,2.61,2.61,2.61,2.61,200
301,2.61,2.61,2.6038,2.6038,2300
303,2.62,2.62,2.61,2.61,1985
304,2.615,2.62,2.61,2.62,9404
305,2.62,2.62,2.62,2.62,100
306,2.64,2.64,2.6168,2.62,7365
307,2.62,2.63,2.62,2.63,7199
308,2.63,2.64,2.62,2.64,500
309,2.6373,2.64,2.6301,2.6301,7100
310,2.64,2.64,2.632,2.6358,1825
311,2.678,2.68,2.65,2.65,6100
312,2.689,2.69,2.6808,2.69,2250
313,2.7292,2.77,2.684,2.6854,46118
314,2.7,2.7201,2.7,2.7201,2900
315,2.7,2.7179,2.67,2.7,6423
316,2.6969,2.7,2.681,2.6845,17700
317,2.7,2.7,2.69,2.7,2200
318,2.695,2.7,2.69,2.6932,3500
319,2.7199,2.72,2.7,2.7,5745
320,2.7134,2.7168,2.7116,2.7116,4900
321,2.72,2.72,2.72,2.72,1900
322,2.72,2.72,2.7,2.715,4438
323,2.72,2.72,2.71,2.72,12072
324,2.72,2.72,2.7,2.719,1500
325,2.72,2.72,2.7047,2.71,7600
326,2.72,2.72,2.67,2.71,3039
327,2.7,2.72,2.7,2.72,8952
432,2.75,2.75,2.75,2.75,9177
433,2.7176,2.79,2.711,2.75,16476
434,2.74,2.74,2.7247,2.7324,5290
435,2.76,2.7699,2.73,2.7486,8320
436,2.7,2.76,2.7,2.76,16890
437,2.6886,2.7299,2.65,2.7299,18202
438,2.55,2.662,2.5426,2.662,41231
439,2.6386,2.6386,2.572,2.572,1850
440,2.613,2.64,2.613,2.6386,11239
441,2.639,2.639,2.6,2.6,4050
442,2.6328,2.6328,2.6241,2.6241,4100
443,2.69,2.69,2.6397,2.6397,16107
444,2.69,2.69,2.689,2.689,600
445,2.6676,2.6852,2.66,2.6852,1033
447,2.67,2.67,2.66,2.66,300
449,2.67,2.67,2.6673,2.67,1400
451,2.69,2.69,2.6699,2.67,3700
452,2.69,2.69,2.6753,2.6753,2065
453,2.69,2.69,2.69,2.69,100
454,2.68,2.68,2.67,2.67,979
456,2.682,2.682,2.68,2.68,800
457,2.6754,2.69,2.6754,2.69,350
458,2.69,2.69,2.6741,2.6741,800
459,2.68,2.6896,2.68,2.682,450
460,2.69,2.69,2.68,2.68,670
461,2.685,2.69,2.685,2.6884,3420
462,2.68,2.6801,2.68,2.6801,2305
463,2.69,2.69,2.69,2.69,400
464,2.69,2.69,2.69,2.69,100
465,2.69,2.69,2.69,2.69,200
466,2.69,2.69,2.68,2.69,9665
467,2.6753,2.7,2.67,2.69,22436
468,2.67,2.7,2.6638,2.671,13614
469,2.68,2.7,2.68,2.7,700
470,2.6999,2.7,2.6832,2.69,8700
471,2.74,2.77,2.69,2.69,12482
864,2.8,2.8,2.8,2.8,19072
865,2.81,2.8499,2.77,2.8,32589
866,2.84,2.85,2.81,2.81,38175
867,2.9,2.9,2.8351,2.8457,40913
868,2.89,2.9611,2.89,2.8971,19785
869,2.92,2.94,2.88,2.9,9879
870,2.9107,2.937,2.9107,2.93,18270
871,2.88,2.93,2.86,2.93,8750
872,2.88,2.9,2.88,2.8941,15717
873,2.849,2.8982,2.82,2.8982,32587
874,2.85,2.85,2.82,2.82,10387
875,2.8177,2.8399,2.81,2.81,9743
876,2.8145,2.83,2.8145,2.83,1600
877,2.77,2.82,2.75,2.81,23682
878,2.79,2.8,2.75,2.7673,3582
879,2.8048,2.8048,2.77,2.77,4099
880,2.8,2.8,2.8,2.8,208
881,2.77,2.81,2.77,2.81,2045
882,2.79,2.79,2.7898,2.79,950
883,2.84,2.84,2.8,2.8002,3700
884,2.85,2.86,2.83,2.84,7078
885,2.86,2.86,2.83,2.83,200
886,2.84,2.87,2.84,2.86,20300
887,2.86,2.86,2.84,2.84,6815
888,2.87,2.87,2.8557,2.86,4630
889,2.87,2.87,2.8501,2.8596,7590
890,2.87,2.87,2.85,2.86,4200
891,2.87,2.87,2.87,2.87,500
892,2.86,2.88,2.86,2.86,2544
893,2.851,2.851,2.85,2.85,5253
894,2.87,2.87,2.8591,2.8591,4625
895,2.86,2.88,2.86,2.88,3095
896,2.86,2.87,2.86,2.86,5385
897,2.86,2.8616,2.86,2.8616,280
898,2.8539,2.8653,2.8539,2.86,2981
899,2.867,2.88,2.86,2.88,5397
900,2.87,2.87,2.8666,2.8666,5600
901,2.87,2.87,2.8601,2.865,3850
902,2.87,2.87,2.8602,2.87,3196
903,2.87,2.87,2.85,2.87,27113
a1493731800,2.89,2.89,2.89,2.89,3702
1,3.0124,3.05,2.9,2.9,45231
2,2.93,3.02,2.93,3.005,12654
3,2.99,2.99,2.89,2.9372,63017
4,2.975,3,2.9,2.9511,27455
5,2.9898,3,2.97,2.99,15352
6,2.99,2.9998,2.97,2.98,15016
7,2.98,3,2.9726,2.991,30081
8,2.9213,2.9922,2.8922,2.9922,29896
9,2.96,2.97,2.896,2.97,22243
10,2.9797,2.9799,2.96,2.977,6000
11,2.965,2.98,2.95,2.96,24750
12,2.97,2.9789,2.9501,2.97,6326
13,2.99,2.99,2.97,2.97,2096
14,3.01,3.01,2.9935,3,6068
15,2.9948,3.01,2.98,2.9811,9329
16,3.01,3.01,2.99,2.9914,1759
17,2.9955,3,2.991,3,2900
18,2.9924,3.0056,2.99,3.0056,11306
19,2.99,2.9973,2.9899,2.9973,2932
20,2.99,3,2.9897,2.99,1525
21,2.99,2.99,2.97,2.98,6227
22,2.99,2.99,2.99,2.99,300
23,2.99,3,2.986,2.9882,10985
24,3,3,3,3,100
25,2.99,2.9981,2.9793,2.9981,592
26,3,3,2.9637,2.99,6800
27,3,3,2.9979,3,898
28,2.96,2.9868,2.95,2.9868,11853
29,2.97,2.97,2.95,2.9691,1050
30,2.93,2.9698,2.93,2.9698,4755
31,2.9,2.96,2.9,2.9301,11834
32,2.91,2.9388,2.9,2.92,3597
33,2.937,2.94,2.9289,2.94,600
34,2.9,2.95,2.9,2.9247,8960
35,2.9,2.9246,2.88,2.91,16000
36,2.9,2.92,2.9,2.92,4700
37,2.9,2.92,2.9,2.91,12376
38,2.9,2.9361,2.9,2.9196,3650
39,2.9,2.93,2.8801,2.9191,24759
144,2.92,2.92,2.92,2.92,3438
145,2.93,2.95,2.915,2.915,10987
146,2.95,2.99,2.93,2.9351,5688
147,2.9,2.9266,2.9,2.9266,9103
148,2.82,2.9039,2.7,2.9039,96010
149,2.8258,2.8761,2.81,2.82,9815
150,2.8,2.87,2.8,2.8299,12690
151,2.84,2.84,2.84,2.84,100
152,2.84,2.84,2.81,2.8133,4189
153,2.8447,2.85,2.8399,2.85,4541
154,2.8101,2.8581,2.8,2.831,17453
155,2.8196,2.84,2.8196,2.84,5400
156,2.84,2.84,2.81,2.8198,1200
157,2.8376,2.8376,2.8376,2.8376,100
158,2.8101,2.84,2.8101,2.84,760
159,2.84,2.84,2.84,2.84,400
160,2.82,2.82,2.81,2.81,2500
161,2.7,2.805,2.7,2.805,42262
162,2.71,2.72,2.7,2.72,4056
163,2.5728,2.7285,2.56,2.71,48429
164,2.5888,2.63,2.57,2.57,5863
165,2.65,2.679,2.61,2.63,12221
166,2.6499,2.67,2.635,2.66,4887
167,2.66,2.66,2.6358,2.65,2920
168,2.65,2.6787,2.65,2.6787,500
169,2.6521,2.68,2.65,2.68,2675
170,2.6987,2.7109,2.66,2.66,4412
171,2.7,2.7,2.68,2.6999,1373
172,2.71,2.71,2.7,2.7,550
173,2.72,2.72,2.68,2.7023,3992
174,2.71,2.71,2.6921,2.6928,4100
175,2.73,2.74,2.71,2.74,976
176,2.75,2.75,2.6801,2.7249,8398
177,2.71,2.71,2.6921,2.6921,1000
178,2.7184,2.74,2.7184,2.74,315
179,2.68,2.71,2.68,2.71,700
180,2.69,2.74,2.69,2.71,12595
181,2.68,2.75,2.68,2.6801,26989
182,2.72,2.7359,2.7,2.7098,4050
183,2.75,2.75,2.73,2.73,3500
288,2.72,2.72,2.72,2.72,3578
289,2.7098,2.72,2.7,2.7,3798
290,2.7087,2.709,2.68,2.709,5400
291,2.66,2.7,2.66,2.6798,2170
292,2.7,2.7,2.66,2.6873,5030
293,2.6737,2.7,2.6737,2.7,1000
294,2.69,2.7,2.6846,2.6846,700
295,2.75,2.76,2.6907,2.6907,24451
296,2.75,2.76,2.72,2.75,1650
297,2.74,2.75,2.74,2.75,300
298,2.73,2.73,2.69,2.715,6300
299,2.73,2.73,2.73,2.73,100
300,2.7293,2.73,2.7293,2.73,500
301,2.7212,2.75,2.7212,2.74,8476
302,2.75,2.76,2.72,2.73,1700
303,2.73,2.75,2.73,2.75,3077
304,2.73,2.73,2.73,2.73,200
305,2.7192,2.7222,2.7192,2.7222,1300
306,2.73,2.73,2.7199,2.72,5300
307,2.72,2.74,2.7037,2.712,700
308,2.72,2.72,2.7199,2.7199,500
309,2.7499,2.75,2.74,2.74,6005
310,2.735,2.75,2.7329,2.75,4266
311,2.75,2.75,2.75,2.75,100
312,2.75,2.75,2.749,2.749,3900
314,2.75,2.75,2.75,2.75,2357
315,2.75,2.75,2.75,2.75,100
316,2.75,2.75,2.74,2.74,5070
317,2.75,2.75,2.7489,2.75,2254
318,2.75,2.75,2.74,2.74,200
319,2.75,2.75,2.75,2.75,100
320,2.743,2.743,2.743,2.743,1000
321,2.75,2.75,2.75,2.75,1630
322,2.78,2.78,2.75,2.75,3091
323,2.8,2.8273,2.7987,2.8,5413
324,2.8286,2.9,2.8143,2.82,5350
325,2.825,2.84,2.81,2.82,3391
326,2.86,2.8799,2.8248,2.8374,9429
327,2.88,2.9351,2.83,2.8668,19209
432,2.85,2.85,2.85,2.85,6351
433,2.84,2.911,2.78,2.8178,11975
434,2.92,2.93,2.8454,2.86,10729
435,2.9701,3.02,2.92,2.92,40012
436,2.9701,3,2.96,2.9701,21015
437,2.96,3,2.96,2.9784,14827
438,2.94,2.9795,2.94,2.96,8910
439,2.9296,2.9599,2.9296,2.95,8567
440,2.96,2.96,2.93,2.96,2060
441,2.95,2.96,2.9369,2.9369,600
442,2.935,2.9588,2.91,2.9588,7939
443,2.93,2.935,2.91,2.935,1570
444,2.92,2.93,2.92,2.9275,2221
445,2.93,2.93,2.91,2.91,800
446,2.93,2.93,2.93,2.93,100
447,2.93,2.93,2.93,2.93,500
448,2.93,2.93,2.9054,2.9054,500
449,2.92,2.92,2.92,2.92,100
450,2.9014,2.9044,2.9014,2.9044,1200
451,2.9,2.9044,2.87,2.9,11934
452,2.8852,2.8852,2.8852,2.8852,100
453,2.9,2.9,2.9,2.9,200
454,2.9,2.9,2.9,2.9,100
455,2.886,2.92,2.886,2.9,500
456,2.9,2.9,2.8913,2.9,700
457,2.8856,2.9,2.8856,2.9,2075
458,2.8996,2.9,2.8971,2.8999,1000
459,2.9,2.9,2.89,2.89,2000
460,2.9,2.9,2.87,2.89,3800
461,2.9,2.9,2.9,2.9,200
462,2.9,2.9,2.8734,2.8886,2252
463,2.8805,2.9,2.879,2.879,2350
464,2.9,2.9,2.88,2.9,15590
465,2.9,2.9,2.88,2.8902,3850
466,2.9,2.9,2.9,2.9,1000
468,2.8996,2.9,2.8996,2.9,545
469,2.8678,2.9,2.86,2.9,10800
470,2.87,2.88,2.85,2.88,7037
471,2.83,2.87,2.79,2.86,11138
864,2.7,2.74,2.7,2.74,40729
865,2.62,2.7128,2.6,2.7128,52312
866,2.65,2.78,2.61,2.6202,35742
867,2.68,2.72,2.62,2.6424,11200
868,2.7,2.735,2.7,2.729,12531
869,2.7228,2.73,2.7,2.7,4480
870,2.75,2.765,2.72,2.72,9700
871,2.74,2.7701,2.74,2.7597,6400
872,2.76,2.7699,2.73,2.7349,7300
873,2.74,2.75,2.7303,2.75,1234
874,2.71,2.7388,2.69,2.73,9133
875,2.75,2.75,2.696,2.696,4235
876,2.7201,2.73,2.7201,2.7248,5000
877,2.73,2.74,2.72,2.73,11800
878,2.73,2.74,2.72,2.72,2600
879,2.75,2.75,2.72,2.73,7357
880,2.7384,2.7422,2.72,2.72,4228
881,2.7016,2.73,2.7,2.7278,12581
882,2.6939,2.7,2.69,2.7,5033
883,2.7,2.7,2.69,2.69,400
884,2.7,2.7,2.7,2.7,200
885,2.6995,2.7,2.6995,2.7,450
886,2.72,2.72,2.695,2.6961,2400
887,2.72,2.7384,2.72,2.72,1971
888,2.74,2.74,2.7265,2.7265,1000
889,2.7641,2.77,2.7599,2.76,3000
890,2.77,2.77,2.741,2.77,5275
891,2.8,2.8,2.77,2.79,7580
892,2.8,2.8,2.8,2.8,400
893,2.81,2.81,2.785,2.8,11742
894,2.8076,2.82,2.8076,2.82,725
895,2.83,2.83,2.81,2.83,2000
896,2.82,2.825,2.81,2.825,1600
897,2.819,2.82,2.819,2.82,800
898,2.82,2.82,2.82,2.82,2241
899,2.82,2.82,2.8145,2.8145,10950
900,2.82,2.82,2.82,2.82,1100
901,2.82,2.82,2.81,2.82,3518
902,2.82,2.82,2.815,2.8193,4341
903,2.83,2.83,2.81,2.82,17174
a1494336600,2.76,2.76,2.76,2.76,8191
1,2.8176,2.83,2.76,2.76,2292
2,2.85,2.85,2.8151,2.8151,7826
3,2.92,2.9406,2.8696,2.8696,14175
4,2.91,2.94,2.91,2.94,7674
5,2.84,2.9161,2.84,2.91,18747
6,2.88,2.88,2.8658,2.8658,2000
7,2.88,2.88,2.8655,2.8655,3753
8,2.88,2.88,2.874,2.88,700
9,2.8961,2.91,2.8678,2.88,4709
10,2.875,2.9,2.87,2.88,2653
11,2.9,2.9,2.8701,2.8701,1400
12,2.9,2.91,2.9,2.9,1700
13,2.89,2.9001,2.89,2.9001,2050
14,2.9,2.9,2.88,2.88,1500
15,2.88,2.9,2.88,2.885,10100
16,2.89,2.89,2.88,2.88,3000
17,2.89,2.89,2.88,2.89,700
18,2.89,2.89,2.88,2.882,1900
19,2.86,2.9,2.86,2.88,19500
20,2.8854,2.89,2.86,2.861,4700
21,2.9,2.9,2.8845,2.89,492
22,2.88,2.9,2.87,2.8801,4024
23,2.89,2.89,2.89,2.89,200
24,2.89,2.89,2.87,2.89,2400
25,2.89,2.89,2.8867,2.89,1800
26,2.89,2.89,2.8747,2.89,600
27,2.89,2.89,2.89,2.89,500
28,2.88,2.89,2.87,2.89,8796
29,2.8189,2.9247,2.8,2.9,95279
30,2.845,2.8719,2.8,2.86,13723
31,2.88,2.88,2.85,2.88,500
32,2.88,2.89,2.88,2.88,500
33,2.9047,2.9047,2.8778,2.89,11100
34,2.9,2.91,2.9,2.9,600
35,2.92,2.92,2.9,2.9,3475
36,2.93,2.93,2.907,2.93,700
37,2.94,2.94,2.92,2.93,4750
38,2.94,2.94,2.9246,2.93,8200
39,2.91,2.95,2.91,2.92,16927
144,2.88,2.88,2.88,2.88,5748
145,2.92,2.97,2.821,2.88,21565
146,2.851,2.92,2.851,2.91,2030
147,2.9799,2.9799,2.91,2.92,26844
148,2.93,2.98,2.93,2.97,5766
149,2.93,2.93,2.9054,2.9054,11900
150,2.93,2.95,2.926,2.93,57283
151,2.98,2.98,2.95,2.95,9860
152,2.99,2.99,2.97,2.98,3942
153,2.985,2.99,2.9793,2.9793,15125
154,2.97,2.99,2.97,2.985,11811
155,2.98,2.98,2.97,2.97,5801
156,2.97,2.98,2.96,2.97,1700
157,2.9699,2.98,2.96,2.98,1800
158,2.97,2.97,2.96,2.96,500
159,2.9799,2.98,2.9639,2.9699,2256
160,2.98,2.98,2.97,2.9755,1300
161,3,3,2.98,2.98,4138
162,2.9999,3,2.99,3,4075
163,2.98,3,2.98,2.99,2485
164,2.97,2.985,2.97,2.985,1995
165,2.985,3,2.985,2.9978,1700
166,2.985,3,2.9827,3,9300
167,2.985,3,2.985,2.999,2928
168,2.985,3,2.96,3,11311
169,2.99,2.99,2.98,2.985,1400
170,2.98,3,2.97,3,4818
171,3,3,2.9999,2.9999,500
172,3.01,3.01,2.98,3,3900
173,3,3.01,3,3,10262
174,3.0099,3.01,3,3,2450
175,3.01,3.01,3.0099,3.01,1000
176,3.01,3.01,3,3,1800
177,3,3.01,3,3.01,2746
178,2.9901,3.01,2.99,2.9999,7360
179,3.0055,3.01,2.9992,2.9992,6148
180,3,3.02,3,3.0099,3591
181,3,3.01,3,3.01,1600
182,2.99,3.01,2.99,3.0099,2383
183,2.98,3,2.98,2.99,4838
288,2.99,2.99,2.99,2.99,3023
289,3,3.0045,2.99,3.0045,10177
290,2.9978,3.01,2.9978,3,10550
291,3,3.01,2.9901,3.01,3600
292,3,3.01,2.99,2.99,3000
293,3.13,3.13,3.003,3.009,108910
294,3.13,3.18,3.08,3.14,58857
295,3.1,3.139,3.1,3.139,18902
296,3.105,3.11,3.1,3.11,2290
297,3.11,3.1252,3.1,3.105,14145
298,3.12,3.13,3.11,3.1257,15386
299,3.14,3.1531,3.13,3.14,11166
300,3.15,3.16,3.14,3.1468,9000
301,3.15,3.1584,3.14,3.1584,3570
302,3.14,3.16,3.14,3.141,6440
303,3.15,3.15,3.146,3.15,5695
304,3.15,3.15,3.14,3.15,2000
305,3.16,3.16,3.101,3.14,9900
306,3.14,3.159,3.14,3.159,1700
307,3.16,3.16,3.14,3.15,16228
308,3.1444,3.16,3.14,3.141,9116
309,3.15,3.16,3.15,3.1508,4467
310,3.16,3.16,3.15,3.16,1900
311,3.16,3.1787,3.16,3.16,14036
312,3.19,3.19,3.1621,3.18,2142
313,3.17,3.18,3.17,3.18,10500
314,3.15,3.16,3.15,3.16,4700
315,3.165,3.178,3.16,3.178,500
316,3.16,3.18,3.15,3.151,7829
317,3.17,3.17,3.15,3.165,1100
318,3.15,3.17,3.15,3.1658,4400
319,3.16,3.17,3.16,3.167,3215
320,3.145,3.17,3.14,3.1618,11000
321,3.116,3.16,3.11,3.15,8255
322,3.11,3.1235,3.11,3.11,1678
323,3.1001,3.11,3.1,3.1048,6200
324,3.1,3.11,3.1,3.1089,1817
325,3.03,3.12,3.03,3.105,15334
326,3.07,3.08,3.03,3.03,6957
327,3.1,3.1,3.06,3.07,22977
432,3.12,3.12,3.12,3.12,824
433,3.101,3.15,3.101,3.15,10125
434,3.12,3.12,3.08,3.12,50492
435,3.111,3.13,3.1001,3.12,11438
436,3.12,3.13,3.11,3.11,17992
437,3.13,3.13,3.11,3.11,1779
438,3.12,3.13,3.11,3.13,2900
439,3.17,3.2,3.11,3.12,54068
440,3.1791,3.19,3.158,3.18,11346
441,3.19,3.19,3.18,3.1801,3900
442,3.2,3.2,3.171,3.1852,6550
443,3.1808,3.2,3.1808,3.19,4100
444,3.2,3.2,3.188,3.188,2970
445,3.2,3.2002,3.191,3.2,9202
446,3.1994,3.21,3.18,3.2,6333
447,3.2,3.22,3.2,3.2,2400
448,3.193,3.22,3.193,3.22,500
449,3.205,3.22,3.1999,3.2,9969
450,3.2028,3.208,3.19,3.2,13023
451,3.2,3.2099,3.2,3.2099,1100
452,3.2,3.2,3.2,3.2,100
453,3.2,3.2002,3.2,3.2,6200
454,3.19,3.2,3.1868,3.19,12753
455,3.1928,3.2,3.19,3.19,1109
456,3.2,3.2,3.1903,3.1903,500
457,3.1914,3.2,3.19,3.1999,10800
458,3.19,3.2,3.19,3.2,2500
459,3.192,3.2,3.1897,3.19,3526
460,3.17,3.199,3.17,3.1801,7161
461,3.18,3.18,3.16,3.16,1500
462,3.1999,3.2,3.1999,3.2,1300
463,3.2,3.2,3.1844,3.1844,8500
464,3.2,3.2,3.1966,3.1966,2100
465,3.2,3.2,3.1966,3.1966,400
466,3.2,3.2,3.17,3.1984,3360
467,3.2,3.2,3.19,3.2,13207
468,3.1785,3.19,3.06,3.19,52771
469,3.11,3.18,3.11,3.1799,14469
470,3.15,3.18,3.1175,3.1175,1600
471,3.11,3.16,3.1014,3.15,28946
864,3.2,3.2,3.15,3.15,28670
865,3.2,3.22,3.17,3.22,40615
866,3.2,3.22,3.19,3.2,11400
867,3.2,3.22,3.1903,3.2198,17829
868,3.19,3.2179,3.19,3.2179,12150
869,3.1984,3.2187,3.19,3.2,5350
870,3.192,3.21,3.1901,3.21,6800
871,3.21,3.22,3.195,3.195,11560
872,3.23,3.25,3.21,3.215,28224
873,3.265,3.27,3.22,3.23,14068
874,3.33,3.41,3.26,3.2618,41638
875,3.344,3.35,3.29,3.32,24202
876,3.35,3.38,3.33,3.35,16990
877,3.36,3.3812,3.31,3.3812,15054
878,3.34,3.34,3.313,3.3198,3995
879,3.3116,3.34,3.3,3.3316,11992
880,3.32,3.34,3.31,3.34,4777
881,3.31,3.325,3.31,3.32,8900
882,3.306,3.32,3.29,3.3,11232
883,3.3366,3.34,3.31,3.31,5198
884,3.35,3.35,3.3395,3.34,4600
885,3.36,3.375,3.3033,3.3586,10091
886,3.328,3.35,3.3,3.3427,6177
887,3.25,3.35,3.16,3.33,73864
888,3.295,3.31,3.2,3.24,14677
889,3.29,3.3,3.28,3.295,4300
890,3.29,3.29,3.28,3.29,9100
891,3.23,3.285,3.23,3.285,16148
892,3.285,3.2999,3.22,3.22,2223
893,3.29,3.29,3.27,3.2797,604
894,3.224,3.29,3.224,3.29,2900
895,3.25,3.25,3.225,3.23,1300
896,3.26,3.26,3.25,3.25,700
897,3.27,3.2768,3.26,3.2768,2000
898,3.27,3.27,3.26,3.2675,4300
899,3.27,3.27,3.26,3.27,1600
900,3.27,3.27,3.26,3.27,1850
901,3.2597,3.27,3.25,3.27,33459
902,3.24,3.28,3.23,3.26,13731
903,3.28,3.31,3.26,3.27,19926
a1494941400,3.34,3.34,3.34,3.34,8557
1,3.442,3.5,3.34,3.34,45022
2,3.4765,3.5,3.41,3.5,33684
3,3.4801,3.51,3.45,3.4501,23316
4,3.5959,3.6,3.4901,3.492,37302
5,3.62,3.639,3.57,3.61,28718
6,3.58,3.605,3.54,3.605,41495
7,3.6236,3.64,3.595,3.6,18660
8,3.63,3.65,3.58,3.62,27311
9,3.639,3.64,3.59,3.6199,14192
10,3.71,3.79,3.6499,3.6499,135049
11,3.7,3.72,3.69,3.7,79172
12,3.677,3.6998,3.6501,3.69,14476
13,3.57,3.68,3.55,3.6795,5967
14,3.6737,3.6737,3.61,3.63,10750
15,3.67,3.68,3.64,3.68,1250
16,3.6559,3.67,3.64,3.64,4194
17,3.6566,3.7,3.59,3.68,12966
18,3.687,3.687,3.63,3.6402,20372
19,3.669,3.68,3.64,3.66,18525
20,3.68,3.69,3.6503,3.6779,4723
21,3.53,3.6601,3.45,3.6601,32660
22,3.58,3.6268,3.56,3.5606,30550
23,3.58,3.62,3.5798,3.5798,13822
24,3.58,3.58,3.58,3.58,900
25,3.59,3.6,3.58,3.6,9480
26,3.582,3.59,3.5721,3.59,6536
27,3.5992,3.6368,3.57,3.58,5211
28,3.58,3.61,3.58,3.6,2906
29,3.5954,3.62,3.5772,3.59,2740
30,3.6217,3.63,3.5802,3.6073,5210
31,3.65,3.65,3.6,3.6,200
32,3.6472,3.66,3.6126,3.64,1409
33,3.61,3.65,3.6,3.63,11600
34,3.65,3.65,3.6001,3.6001,6050
35,3.6099,3.64,3.59,3.6079,12530
36,3.61,3.61,3.59,3.605,11740
37,3.68,3.7,3.5908,3.62,29321
38,3.7,3.7,3.66,3.68,32343
39,3.69,3.75,3.67,3.7,46511
144,3.65,3.65,3.65,3.65,14485
145,3.6119,3.67,3.6,3.6663,35303
146,3.5899,3.6119,3.56,3.6119,27910
147,3.6,3.68,3.6,3.6,28500
148,3.67,3.74,3.6,3.6052,21378
149,3.66,3.69,3.65,3.67,5417
150,3.61,3.67,3.6,3.66,11700
151,3.6322,3.6322,3.6101,3.63,2820
152,3.5708,3.625,3.57,3.62,26280
153,3.6398,3.64,3.57,3.6,12284
154,3.66,3.66,3.61,3.64,5900
155,3.62,3.66,3.6,3.6201,7360
156,3.63,3.64,3.62,3.64,1600
157,3.6217,3.6553,3.61,3.6201,4415
158,3.62,3.6201,3.61,3.6201,1700
159,3.62,3.6237,3.61,3.62,6342
160,3.64,3.64,3.62,3.62,2400
161,3.63,3.64,3.62,3.64,2648
162,3.64,3.65,3.64,3.65,1476
163,3.6456,3.6481,3.62,3.62,1699
164,3.64,3.64,3.62,3.62,1800
165,3.6416,3.6697,3.64,3.6697,2500
166,3.65,3.65,3.65,3.65,100
167,3.65,3.65,3.65,3.65,200
168,3.64,3.65,3.64,3.65,756
169,3.64,3.67,3.64,3.64,10265
170,3.65,3.67,3.64,3.64,2775
171,3.67,3.67,3.6401,3.6635,9179
172,3.66,3.66,3.64,3.65,4200
173,3.66,3.66,3.6401,3.66,400
174,3.67,3.67,3.6401,3.65,697
175,3.65,3.67,3.63,3.6401,5600
176,3.6501,3.67,3.65,3.67,800
177,3.6332,3.66,3.63,3.65,4630
178,3.64,3.65,3.64,3.65,6200
179,3.67,3.71,3.64,3.64,13900
180,3.7205,3.75,3.68,3.68,4458
181,3.6633,3.77,3.6633,3.73,10377
182,3.71,3.74,3.66,3.66,6301
183,3.71,3.75,3.67,3.74,27353
288,3.74,3.74,3.74,3.74,10274
289,3.841,3.869,3.72,3.7396,39534
290,3.83,3.85,3.81,3.85,18275
291,3.87,3.87,3.79,3.83,46740
292,3.908,3.908,3.8578,3.8699,26595
293,3.9,3.98,3.86,3.92,66272
294,3.9,3.91,3.87,3.91,7323
295,3.9147,3.93,3.8922,3.9061,8958
296,3.95,3.95,3.9198,3.9198,17993
297,3.89,3.95,3.8899,3.944,24087
298,3.912,3.95,3.87,3.91,5750
299,3.92,3.92,3.9001,3.9001,7999
300,3.91,3.94,3.905,3.912,21895
301,3.91,3.92,3.905,3.9164,15413
302,3.8607,3.92,3.85,3.9,38698
303,3.8579,3.88,3.8366,3.865,30298
304,3.87,3.87,3.83,3.86,19160
305,3.835,3.835,3.82,3.8303,1807
306,3.89,3.89,3.85,3.855,3700
307,3.886,3.9,3.8697,3.8697,2238
308,3.89,3.95,3.85,3.89,21322
309,3.91,3.95,3.8601,3.8601,6526
310,3.89,3.95,3.89,3.95,2711
311,3.89,3.9,3.882,3.89,2050
312,3.91,3.91,3.8852,3.9,18245
313,3.9,3.9,3.87,3.88,1700
314,3.94,3.94,3.89,3.9,2694
315,3.8997,3.93,3.89,3.91,4550
316,3.9099,3.9099,3.89,3.8929,2227
317,3.9176,3.9176,3.88,3.89,2046
318,3.93,3.93,3.9078,3.91,5270
319,3.95,3.95,3.9281,3.94,2786
320,3.93,3.9592,3.93,3.95,8231
321,3.95,3.95,3.927,3.927,7946
322,3.94,3.945,3.9,3.94,9797
323,3.947,3.95,3.9241,3.94,8703
324,3.95,3.9599,3.9408,3.95,3900
325,3.9599,3.98,3.95,3.9598,19435
326,3.95,3.99,3.9458,3.97,19100
327,3.95,3.96,3.93,3.94,26993
432,4,4.06,4,4.01,24700
433,4.023,4.12,3.951,4.07,175169
434,4.0241,4.05,3.9702,4.014,54471
435,4,4.05,4,4.04,80665
436,4.01,4.02,3.99,4.0164,22377
437,4.03,4.0392,4.02,4.022,12400
438,4.028,4.03,4.019,4.02,2300
439,4.02,4.03,4.02,4.025,7136
440,4.0204,4.03,4.02,4.025,14445
441,4.08,4.08,4.02,4.02,31098
442,4.05,4.1,4.04,4.08,27429
443,4.0499,4.06,4.0301,4.05,9531
444,4.0699,4.1,4.05,4.07,14425
445,4.05,4.08,4.04,4.06,14312
446,4.05,4.07,4.02,4.03,6186
447,4.03,4.05,4.03,4.05,2840
448,4.05,4.05,4.015,4.03,5318
449,4.0301,4.05,4.0301,4.05,5263
450,4.03,4.049,4.03,4.03,1360
451,4.01,4.01,4,4.01,3177
452,4.0339,4.0339,3.98,4.0054,8899
453,4.02,4.02,4.01,4.02,800
454,4,4.01,4,4.01,2190
455,3.9901,4.01,3.99,4,4385
456,3.9901,4.0099,3.9901,4,6855
457,4,4,4,4,1900
458,4.0299,4.03,4.0017,4.01,8897
459,4,4.03,4,4.01,2900
460,4,4.01,3.99,4,5375
461,4.03,4.03,4,4,5500
462,4.028,4.03,4.02,4.02,2080
463,4,4.02,4,4.02,3200
464,4,4,3.995,4,1473
465,3.98,4,3.91,3.9991,25067
466,3.98,3.985,3.98,3.98,3800
467,3.9501,3.98,3.9501,3.98,2275
468,3.96,3.96,3.9501,3.96,1400
469,3.96,3.96,3.95,3.96,26540
470,3.92,3.96,3.92,3.95,12148
471,3.93,3.9579,3.88,3.93,28053
864,3.99,3.99,3.99,3.99,24158
865,3.9725,4.04,3.95,3.963,25790
866,3.8651,3.98,3.85,3.95,46506
867,3.5801,3.88,3.49,3.8798,193021
868,3.6,3.61,3.55,3.61,52997
869,3.5,3.6,3.4,3.5898,97048
870,3.415,3.55,3.35,3.52,55960
871,3.36,3.43,3.27,3.42,69589
872,3.37,3.38,3.35,3.36,21458
873,3.38,3.39,3.37,3.375,13467
874,3.42,3.44,3.38,3.38,28148
875,3.41,3.44,3.35,3.4201,32672
876,3.4,3.43,3.38,3.38,3885
877,3.4389,3.47,3.395,3.4,45641
878,3.365,3.43,3.35,3.4101,16881
879,3.3763,3.3768,3.35,3.36,6811
880,3.3935,3.4,3.37,3.38,5668
881,3.39,3.3956,3.3801,3.3956,2100
882,3.3539,3.39,3.35,3.39,10104
883,3.35,3.36,3.35,3.35,7759
884,3.35,3.36,3.35,3.35,1500
885,3.38,3.41,3.351,3.355,8413
886,3.36,3.3701,3.351,3.36,4550
887,3.4,3.4,3.3599,3.36,2188
888,3.36,3.38,3.35,3.38,7580
889,3.3516,3.36,3.34,3.35,15908
890,3.3597,3.3632,3.35,3.35,3860
891,3.36,3.38,3.3501,3.3501,1800
892,3.36,3.37,3.36,3.37,400
893,3.3624,3.37,3.35,3.37,4572
894,3.35,3.389,3.35,3.37,19924
895,3.354,3.36,3.34,3.36,14461
896,3.3597,3.3601,3.35,3.35,8171
897,3.36,3.36,3.35,3.36,2100
898,3.21,3.36,3.2,3.35,38043
899,3.22,3.29,3.18,3.21,43101
900,3.15,3.24,3.15,3.2,23876
901,3.22,3.24,3.11,3.1616,28000
902,3.2601,3.28,3.2101,3.2101,19112
903,3.23,3.29,3.2,3.29,20138
a1495546200,3.26,3.26,3.26,3.26,12308
1,3.28,3.35,3.23,3.28,23880
2,3.25,3.27,3.21,3.27,17990
3,3.28,3.2981,3.24,3.24,6779
4,3.28,3.28,3.26,3.27,15594
5,3.285,3.33,3.26,3.28,10389
6,3.32,3.3499,3.2836,3.2899,1900
7,3.31,3.31,3.25,3.29,13319
8,3.25,3.3,3.25,3.29,3044
9,3.28,3.3,3.2668,3.2668,2200
10,3.28,3.2885,3.26,3.2885,2101
11,3.29,3.31,3.26,3.28,4840
12,3.3,3.31,3.3,3.31,600
13,3.3399,3.34,3.3075,3.31,20502
14,3.325,3.33,3.3,3.33,9500
15,3.3,3.34,3.28,3.33,5418
16,3.26,3.3,3.26,3.3,3150
17,3.26,3.27,3.26,3.26,3696
18,3.26,3.28,3.26,3.2649,7044
19,3.27,3.27,3.26,3.27,3700
20,3.26,3.27,3.26,3.26,8589
21,3.27,3.27,3.25,3.26,6388
22,3.25,3.27,3.25,3.27,5200
23,3.29,3.29,3.27,3.27,1400
24,3.29,3.29,3.29,3.29,400
25,3.29,3.3,3.2701,3.3,2300
26,3.29,3.29,3.2799,3.28,1927
27,3.268,3.28,3.268,3.28,894
28,3.27,3.27,3.26,3.26,1310
29,3.27,3.27,3.2501,3.27,1079
30,3.26,3.27,3.25,3.27,4300
31,3.25,3.26,3.25,3.26,2100
32,3.26,3.26,3.2518,3.2518,960
33,3.27,3.27,3.2551,3.2551,4740
34,3.24,3.27,3.235,3.26,4030
35,3.24,3.24,3.23,3.24,1575
36,3.25,3.25,3.235,3.24,3786
37,3.26,3.26,3.24,3.255,3360
38,3.26,3.27,3.25,3.26,2569
39,3.28,3.28,3.26,3.27,14465
144,3.28,3.28,3.28,3.28,5259
145,3.27,3.27,3.2,3.201,31244
146,3.265,3.27,3.22,3.2348,10825
147,3.28,3.28,3.25,3.25,12291
148,3.25,3.28,3.25,3.25,740
149,3.29,3.29,3.25,3.27,2000
150,3.28,3.29,3.2601,3.29,11700
151,3.3199,3.33,3.28,3.28,8140
152,3.33,3.35,3.3,3.32,10950
153,3.2747,3.34,3.2747,3.3,3110
154,3.286,3.32,3.27,3.2967,992
155,3.27,3.29,3.27,3.29,630
156,3.265,3.3,3.25,3.27,7551
157,3.27,3.3,3.25,3.2501,5579
158,3.29,3.29,3.29,3.29,200
159,3.28,3.29,3.2575,3.28,4803
160,3.289,3.3,3.2672,3.28,3700
161,3.299,3.3,3.26,3.29,2174
162,3.28,3.3,3.275,3.28,1400
163,3.28,3.29,3.2701,3.29,3700
164,3.2899,3.3,3.27,3.27,1900
165,3.26,3.3,3.26,3.27,500
166,3.27,3.27,3.2501,3.253,400
167,3.28,3.28,3.25,3.28,1300
168,3.23,3.26,3.23,3.2501,12500
169,3.23,3.26,3.2,3.23,15499
170,3.1228,3.21,3.05,3.19,20413
171,3.215,3.25,3.1201,3.15,5441
172,3.23,3.25,3.23,3.23,5229
173,3.21,3.23,3.19,3.22,4544
174,3.198,3.22,3.17,3.1901,8664
175,3.25,3.25,3.21,3.24,10875
176,3.2233,3.25,3.2233,3.25,400
177,3.25,3.25,3.18,3.22,15407
178,3.25,3.25,3.23,3.23,7420
179,3.24,3.25,3.22,3.2249,5240
180,3.23,3.25,3.22,3.24,2580
181,3.24,3.25,3.23,3.24,7330
182,3.23,3.27,3.2249,3.25,19042
183,3.28,3.28,3.235,3.235,14764
288,3.29,3.29,3.29,3.29,4181
289,3.2102,3.3,3.2101,3.28,6160
290,3.21,3.3,3.2001,3.28,18704
291,3.3,3.3,3.28,3.3,10611
292,3.35,3.42,3.295,3.3,30063
293,3.37,3.37,3.33,3.3485,15163
294,3.34,3.37,3.34,3.37,2600
295,3.36,3.36,3.34,3.345,3800
296,3.35,3.36,3.33,3.3426,825
297,3.28,3.36,3.27,3.36,4150
298,3.29,3.29,3.26,3.265,4047
299,3.2701,3.35,3.2701,3.2801,7773
300,3.235,3.29,3.23,3.28,1260
301,3.245,3.34,3.23,3.31,4100
302,3.23,3.25,3.2,3.2315,11900
303,3.2048,3.22,3.2,3.22,6830
304,3.21,3.22,3.21,3.22,700
305,3.18,3.22,3.18,3.21,11664
306,3.2,3.2,3.18,3.1973,3508
307,3.2,3.2,3.18,3.2,4908
308,3.2,3.2,3.2,3.2,600
309,3.18,3.2,3.17,3.2,3993
310,3.18,3.2,3.18,3.2,290
311,3.14,3.19,3.111,3.18,6359
312,3.14,3.18,3.12,3.1562,8330
313,3.11,3.15,3.11,3.14,1136
314,3.14,3.1499,3.111,3.12,7700
315,3.15,3.19,3.12,3.18,14330
316,3.131,3.1799,3.13,3.1301,4971
317,3.15,3.18,3.13,3.16,3300
318,3.175,3.18,3.175,3.18,1787
319,3.17,3.17,3.16,3.16,3610
320,3.15,3.18,3.15,3.18,3700
321,3.1601,3.18,3.1601,3.18,1860
322,3.1658,3.19,3.16,3.19,3575
323,3.2,3.2,3.18,3.19,2200
324,3.15,3.2,3.13,3.19,21418
325,3.2,3.2,3.14,3.14,3400
326,3.2,3.2,3.15,3.17,24647
327,3.19,3.21,3.17,3.2,9747
432,3.17,3.17,3.17,3.17,4891
433,3.19,3.25,3.11,3.22,23923
434,3.17,3.26,3.11,3.26,14926
435,3.0532,3.1772,3.04,3.1772,48344
436,3.1,3.1,3.04,3.04,20371
437,3.08,3.09,3.07,3.085,5200
438,3.1,3.1,3.05,3.08,4198
439,3.0801,3.1,3.08,3.1,2600
440,3.09,3.09,3.0605,3.0605,7366
441,3.08,3.09,3.0584,3.09,4605
442,3.09,3.09,3.04,3.08,25419
443,3.09,3.1,3.07,3.09,9500
444,3.1,3.1,3.082,3.1,7200
445,3.1,3.1,3.0779,3.0976,2816
446,3.0847,3.1,3.08,3.1,1927
447,3.085,3.1,3.07,3.08,11188
448,3.09,3.1,3.09,3.09,3200
449,3.1,3.1,3.097,3.1,2600
450,3.1,3.1,3.095,3.1,820
451,3.1,3.1,3.08,3.09,5400
452,3.1,3.1,3.0807,3.1,1300
453,3.08,3.1,3.08,3.0868,10476
454,3.09,3.1,3.09,3.09,500
455,3.1,3.1,3.09,3.09,23599
456,3.12,3.1279,3.07,3.1279,10070
457,3.14,3.16,3.14,3.16,600
458,3.09,3.15,3.07,3.15,6377
459,3.13,3.13,3.09,3.09,300
460,3.17,3.2299,3.1299,3.13,6096
461,3.2,3.2,3.18,3.2,1200
462,3.18,3.19,3.17,3.19,6114
463,3.18,3.21,3.1799,3.2,4300
464,3.2,3.21,3.18,3.18,1950
465,3.1888,3.2,3.15,3.2,4295
466,3.16,3.17,3.16,3.17,900
467,3.16,3.18,3.16,3.16,700
468,3.1869,3.19,3.1601,3.17,1689
469,3.17,3.19,3.17,3.19,4700
470,3.18,3.18,3.17,3.17,860
471,3.14,3.185,3.13,3.15,12104
a1496151000,3.13,3.13,3.13,3.13,22620
1,3.1124,3.14,3.0601,3.116,15527
2,3.09,3.09,3.08,3.08,500
3,2.95,3.1,2.95,3.063,33673
4,3.0411,3.0853,3.0001,3.05,7784
5,3.02,3.0345,3.02,3.03,3036
6,3.0027,3.0195,3.002,3.0195,3725
7,2.96,3.01,2.951,3,26978
8,3.04,3.04,2.9601,2.9601,8529
9,2.96,3.03,2.96,3.02,8306
10,2.9612,2.98,2.96,2.98,5298
11,3,3.02,2.96,2.98,37526
12,2.98,3.01,2.98,2.98,3976
13,3.03,3.03,2.9851,2.9851,4760
14,3.04,3.04,3.0388,3.04,1100
15,2.97,3.04,2.92,3.04,30498
16,2.98,2.985,2.95,2.9677,2150
17,2.99,2.99,2.98,2.99,4300
18,3.05,3.05,2.985,2.99,2087
19,3.0001,3.04,3.0001,3.04,2162
20,3,3.01,3,3.01,3100
21,2.9757,2.99,2.96,2.99,11496
22,3.04,3.04,2.971,2.971,870
23,3.03,3.05,3.02,3.03,1795
24,3.05,3.05,3.0434,3.05,2800
25,3.02,3.05,3.02,3.05,2400
26,3.04,3.04,3.03,3.03,500
27,3.04,3.04,3.04,3.04,1000
28,3.04,3.04,3.03,3.035,2270
29,3.0301,3.04,3.03,3.04,2100
30,3.03,3.035,3.03,3.03,1600
31,3.04,3.04,3.02,3.03,1900
32,3.04,3.04,3.03,3.04,800
33,3.03,3.04,3.03,3.04,12020
34,3.03,3.04,3.02,3.03,5040
35,3.04,3.04,3.03,3.04,1700
36,3.04,3.04,3.03,3.04,3216
37,3.04,3.04,3.03,3.03,1779
38,3.04,3.04,3.03,3.04,5700
39,3.03,3.045,3.03,3.0375,15444
144,3.04,3.04,3.04,3.04,9129
145,2.9331,3.07,2.9,3.05,18762
146,2.96,2.97,2.93,2.94,8649
147,2.97,2.98,2.9506,2.96,7030
148,2.97,2.98,2.96,2.98,3622
149,2.99,2.99,2.97,2.97,3700
150,2.9599,2.99,2.95,2.97,5085
151,2.96,2.97,2.9478,2.95,8925
152,2.9552,3,2.9543,2.96,3600
153,2.98,2.9987,2.9786,2.9987,3567
154,2.98,2.98,2.97,2.98,7862
155,3.06,3.07,2.9742,2.9742,30111
156,3.06,3.07,3.06,3.07,3800
157,3.031,3.07,3.031,3.07,4370
158,3.06,3.06,3.035,3.06,900
159,3.05,3.06,3.046,3.06,500
160,3.092,3.092,3.06,3.06,9369
161,3.14,3.14,3.1,3.1,1974
162,3.1299,3.14,3.11,3.1243,2400
163,3.1295,3.13,3.12,3.12,1974
164,3.17,3.17,3.1235,3.1235,10043
165,3.14,3.189,3.071,3.17,9007
166,3.15,3.15,3.14,3.14,700
167,3.18,3.18,3.145,3.145,1413
168,3.1035,3.17,3.1035,3.16,2932
169,3.13,3.14,3.12,3.12,1250
170,3.14,3.15,3.12,3.12,700
171,3.17,3.19,3.14,3.14,1996
172,3.17,3.2,3.1523,3.17,2939
173,3.16,3.2,3.15,3.2,1808
174,3.18,3.21,3.15,3.16,1058
175,3.17,3.17,3.15,3.169,1300
176,3.18,3.18,3.1756,3.18,4846
177,3.13,3.17,3.13,3.17,1522
178,3.11,3.14,3.11,3.14,4381
179,3.1101,3.13,3.11,3.11,1313
180,3.15,3.15,3.12,3.13,1600
181,3.15,3.18,3.13,3.15,2200
182,3.14,3.15,3.13,3.14,2199
183,3.16,3.17,3.14,3.14,10837
288,3.17,3.17,3.17,3.17,7036
289,3.206,3.25,3.2,3.22,13900
290,3.21,3.21,3.17,3.1894,900
291,3.19,3.21,3.19,3.2,5612
292,3.19,3.2,3.16,3.17,7013
293,3.2,3.2,3.19,3.2,400
294,3.1901,3.2,3.19,3.1999,2850
295,3.21,3.22,3.21,3.21,4268
296,3.22,3.22,3.2099,3.21,400
297,3.23,3.23,3.215,3.215,800
298,3.23,3.23,3.22,3.22,3850
299,3.2438,3.2467,3.24,3.2467,1240
300,3.27,3.27,3.23,3.25,6992
301,3.2586,3.26,3.2586,3.26,200
302,3.28,3.28,3.255,3.255,1100
303,3.28,3.29,3.27,3.28,15288
304,3.301,3.32,3.27,3.27,6557
305,3.3,3.3001,3.285,3.3001,6900
306,3.31,3.31,3.2958,3.3,15700
307,3.36,3.36,3.32,3.32,11012
308,3.35,3.36,3.34,3.3554,5879
309,3.34,3.34,3.335,3.3384,1300
310,3.334,3.34,3.321,3.34,1849
311,3.34,3.34,3.321,3.321,986
312,3.3395,3.349,3.3395,3.349,830
313,3.33,3.35,3.33,3.35,1165
314,3.35,3.35,3.3301,3.34,350
315,3.35,3.35,3.332,3.35,2812
316,3.32,3.33,3.302,3.33,3500
317,3.32,3.33,3.32,3.33,400
318,3.34,3.34,3.325,3.325,300
319,3.32,3.32,3.31,3.32,400
320,3.31,3.34,3.3,3.32,11435
321,3.31,3.3356,3.31,3.33,1697
322,3.31,3.3199,3.3,3.3,6600
323,3.34,3.34,3.31,3.32,2780
324,3.31,3.32,3.31,3.32,1000
325,3.33,3.33,3.31,3.31,1200
326,3.33,3.36,3.31,3.31,2623
327,3.32,3.36,3.31,3.32,10779
432,3.41,3.41,3.37,3.37,8618
433,3.3812,3.44,3.3632,3.41,19511
434,3.33,3.4,3.321,3.4,30222
435,3.36,3.36,3.321,3.3374,5450
436,3.34,3.4,3.34,3.38,7550
437,3.36,3.36,3.3561,3.3561,1600
438,3.3799,3.38,3.35,3.3632,6057
439,3.4084,3.42,3.38,3.38,7960
440,3.43,3.44,3.4,3.42,3300
441,3.5231,3.53,3.4,3.41,54570
442,3.4501,3.529,3.44,3.515,14572
443,3.48,3.485,3.46,3.47,3169
444,3.4837,3.5,3.45,3.47,2495
445,3.4599,3.49,3.44,3.4894,7988
446,3.45,3.48,3.44,3.44,13757
447,3.44,3.45,3.41,3.42,12600
448,3.45,3.48,3.43,3.44,2400
449,3.455,3.469,3.4499,3.4499,2775
450,3.4559,3.4559,3.4301,3.4416,3095
451,3.48,3.48,3.445,3.448,8510
452,3.4701,3.49,3.4701,3.48,2250
453,3.47,3.4748,3.46,3.47,1860
454,3.46,3.47,3.46,3.461,1100
455,3.5,3.5,3.45,3.46,7002
456,3.51,3.52,3.4845,3.4984,12593
457,3.5,3.51,3.5,3.51,2030
458,3.5,3.53,3.5,3.509,7542
459,3.52,3.535,3.49,3.5,7186
460,3.51,3.5428,3.5,3.52,45528
461,3.5,3.51,3.5,3.51,18185
462,3.424,3.52,3.424,3.5,54382
463,3.345,3.43,3.26,3.43,63103
464,3.32,3.38,3.3,3.33,6398
465,3.35,3.37,3.3,3.315,18891
466,3.37,3.39,3.34,3.35,2800
467,3.37,3.39,3.37,3.37,1200
468,3.37,3.38,3.34,3.37,17485
469,3.3698,3.37,3.36,3.37,4550
470,3.35,3.37,3.34,3.36,12014
471,3.32,3.36,3.29,3.35,16104
864,3.44,3.44,3.44,3.44,51207
865,3.3756,3.385,3.34,3.385,31424
866,3.36,3.37,3.35,3.3662,3956
867,3.27,3.3499,3.26,3.33,15134
868,3.22,3.28,3.2,3.2751,9459
869,3.21,3.26,3.18,3.2263,18594
870,3.23,3.2416,3.2,3.202,6088
871,3.2207,3.23,3.21,3.21,1000
872,3.1468,3.23,3.1,3.22,50405
873,3.15,3.15,3.14,3.15,27650
874,3.14,3.15,3.101,3.1221,6962
875,3.07,3.15,3.06,3.13,25029
876,3.0536,3.09,3.02,3.0656,29632
877,3.14,3.14,3.08,3.08,4100
878,3.1799,3.18,3.13,3.15,11226
879,3.18,3.18,3.17,3.179,2202
880,3.2048,3.22,3.18,3.18,8095
881,3.2,3.21,3.2,3.21,1300
882,3.2142,3.2142,3.2008,3.21,5577
883,3.21,3.215,3.2,3.21,2475
884,3.22,3.23,3.2007,3.2007,2046
885,3.2114,3.23,3.2114,3.2201,4008
886,3.21,3.22,3.21,3.22,4039
887,3.205,3.21,3.2,3.2,6623
888,3.21,3.21,3.21,3.21,500
889,3.1249,3.21,3.11,3.21,9999
890,3.1333,3.14,3.1333,3.14,527
891,3.1413,3.1413,3.13,3.1307,4742
892,3.1814,3.1986,3.14,3.1401,5943
893,3.205,3.205,3.182,3.19,1400
894,3.2,3.21,3.2,3.21,1316
895,3.175,3.2,3.175,3.195,4200
896,3.161,3.17,3.1558,3.1558,1680
897,3.16,3.18,3.16,3.17,610
898,3.19,3.19,3.1658,3.1658,1300
899,3.21,3.21,3.2,3.2,200
900,3.1814,3.21,3.1814,3.21,1251
901,3.24,3.24,3.1845,3.19,2221
902,3.23,3.23,3.2,3.2,300
903,3.23,3.25,3.21,3.23,21954
a1496755800,3.21,3.21,3.21,3.21,1616
1,3.2588,3.27,3.1701,3.23,3643
2,3.31,3.314,3.23,3.23,5134
3,3.28,3.33,3.27,3.28,6352
4,3.2399,3.25,3.23,3.25,1946
5,3.24,3.29,3.2305,3.24,1151
6,3.21,3.24,3.21,3.24,2587
7,3.2001,3.23,3.2,3.23,1700
8,3.2291,3.25,3.21,3.21,4590
9,3.23,3.24,3.2,3.22,700
10,3.21,3.23,3.2,3.23,9522
11,3.23,3.23,3.2,3.2,800
12,3.2,3.23,3.2,3.23,2757
13,3.23,3.23,3.2,3.21,1400
14,3.2008,3.2289,3.2,3.2289,1050
15,3.22,3.23,3.21,3.21,800
16,3.22,3.23,3.2,3.207,4600
17,3.22,3.23,3.22,3.22,500
18,3.21,3.21,3.21,3.21,500
19,3.21,3.22,3.21,3.22,200
20,3.21,3.21,3.21,3.21,200
21,3.22,3.23,3.2,3.22,3346
22,3.21,3.22,3.21,3.22,800
23,3.21,3.22,3.2,3.2,1000
24,3.23,3.23,3.23,3.23,100
25,3.21,3.23,3.2049,3.219,2265
26,3.2,3.22,3.2,3.2,4000
27,3.17,3.175,3.1661,3.1661,3605
28,3.2,3.2,3.17,3.17,4341
29,3.19,3.19,3.19,3.19,100
30,3.21,3.21,3.2,3.21,300
31,3.22,3.23,3.209,3.21,2200
32,3.21,3.225,3.21,3.2151,4050
33,3.22,3.22,3.205,3.21,500
34,3.22,3.22,3.2058,3.21,1100
35,3.22,3.22,3.22,3.22,600
36,3.235,3.24,3.22,3.22,4450
37,3.23,3.25,3.21,3.24,2423
38,3.22,3.25,3.21,3.22,8133
39,3.26,3.29,3.22,3.22,45723
144,3.23,3.23,3.23,3.23,1377
145,3.32,3.3405,3.2058,3.2058,16436
146,3.2148,3.32,3.201,3.288,5350
147,3.29,3.29,3.211,3.211,4403
148,3.2398,3.28,3.2298,3.2298,1513
149,3.28,3.28,3.2394,3.25,6445
150,3.26,3.26,3.21,3.24,2746
151,3.23,3.27,3.21,3.212,3343
152,3.23,3.28,3.23,3.28,1200
153,3.24,3.24,3.23,3.23,400
154,3.23,3.26,3.23,3.24,500
155,3.27,3.27,3.2101,3.24,4659
156,3.245,3.27,3.23,3.24,600
157,3.25,3.25,3.2401,3.2401,400
158,3.25,3.25,3.24,3.24,800
159,3.25,3.25,3.25,3.25,600
160,3.24,3.2435,3.24,3.24,11650
161,3.25,3.25,3.25,3.25,7256
162,3.26,3.26,3.25,3.25,300
163,3.26,3.26,3.24,3.24,300
164,3.2631,3.27,3.255,3.26,2064
165,3.25,3.25,3.25,3.25,100
166,3.2496,3.27,3.2301,3.25,2190
167,3.254,3.26,3.2409,3.26,648
168,3.25,3.26,3.24,3.2448,1212
169,3.26,3.26,3.25,3.26,589
170,3.2201,3.26,3.2201,3.26,500
171,3.2301,3.25,3.2299,3.2299,3417
172,3.23,3.25,3.23,3.25,4104
173,3.25,3.25,3.24,3.24,200
174,3.24,3.25,3.2301,3.2301,300
175,3.2499,3.25,3.23,3.24,2430
176,3.245,3.25,3.245,3.25,1300
177,3.26,3.26,3.26,3.26,2200
178,3.28,3.28,3.26,3.2649,13486
179,3.27,3.28,3.26,3.26,400
180,3.28,3.29,3.27,3.29,700
181,3.3,3.3,3.2701,3.2882,6070
182,3.32,3.33,3.2801,3.3,10890
183,3.35,3.36,3.31,3.32,35371
288,3.32,3.32,3.32,3.32,7277
289,3.32,3.35,3.32,3.32,1105
290,3.35,3.35,3.33,3.33,1299
291,3.42,3.42,3.34,3.34,10908
292,3.37,3.41,3.37,3.4,6975
293,3.41,3.41,3.37,3.385,41580
294,3.405,3.41,3.3813,3.41,744
295,3.41,3.42,3.39,3.395,31018
296,3.42,3.44,3.42,3.42,4367
297,3.439,3.44,3.4,3.41,1710
298,3.4191,3.44,3.4,3.44,22032
299,3.39,3.42,3.385,3.42,9460
300,3.41,3.43,3.4,3.4,2600
301,3.408,3.43,3.408,3.43,525
302,3.43,3.43,3.41,3.41,900
303,3.43,3.43,3.41,3.425,5400
304,3.4,3.43,3.4,3.4299,14511
305,3.42,3.43,3.42,3.43,300
306,3.4308,3.45,3.42,3.42,700
307,3.425,3.44,3.42,3.44,2300
308,3.44,3.44,3.43,3.44,400
310,3.46,3.46,3.43,3.45,3835
311,3.44,3.4583,3.44,3.4583,1402
312,3.44,3.45,3.43,3.445,1480
313,3.4599,3.4599,3.44,3.44,2175
314,3.43,3.43,3.43,3.43,3000
315,3.43,3.43,3.43,3.43,500
316,3.43,3.43,3.42,3.43,1870
317,3.41,3.43,3.41,3.43,4100
318,3.41,3.43,3.41,3.41,600
319,3.43,3.43,3.41,3.42,3200
320,3.42,3.43,3.42,3.43,400
321,3.41,3.43,3.41,3.41,3300
322,3.42,3.43,3.42,3.43,2828
323,3.43,3.43,3.41,3.41,2412
324,3.44,3.44,3.41,3.43,2808
325,3.42,3.4364,3.41,3.41,3520
326,3.44,3.45,3.4,3.44,6610
327,3.47,3.48,3.4,3.44,49921
432,3.45,3.46,3.45,3.46,2676
433,3.3477,3.4662,3.34,3.45,11720
434,3.5,3.5,3.371,3.371,4100
435,3.42,3.45,3.42,3.45,1685
436,3.39,3.4428,3.3428,3.4428,5987
437,3.4,3.4,3.38,3.38,400
438,3.36,3.37,3.36,3.37,300
439,3.39,3.39,3.3798,3.3798,447
440,3.38,3.38,3.38,3.38,100
441,3.4,3.41,3.3861,3.39,3800
442,3.43,3.43,3.39,3.39,1719
443,3.39,3.44,3.381,3.44,1200
444,3.41,3.42,3.381,3.381,1923
445,3.3872,3.41,3.36,3.41,17295
446,3.3881,3.399,3.37,3.3899,2900
447,3.395,3.4093,3.38,3.4,478
448,3.43,3.43,3.395,3.395,1232
449,3.3781,3.44,3.36,3.43,12307
450,3.41,3.42,3.38,3.41,5377
451,3.3902,3.3902,3.3902,3.3902,2000
452,3.41,3.41,3.41,3.41,300
453,3.3912,3.43,3.3912,3.4299,5500
454,3.44,3.44,3.3831,3.3831,600
456,3.4,3.44,3.38,3.44,1281
457,3.41,3.41,3.39,3.39,600
458,3.36,3.4176,3.36,3.3801,11159
460,3.37,3.4,3.35,3.39,4110
461,3.3624,3.39,3.3624,3.39,300
462,3.35,3.352,3.35,3.352,4750
464,3.33,3.38,3.33,3.37,4883
465,3.3083,3.32,3.3083,3.32,3800
466,3.31,3.33,3.31,3.31,400
467,3.32,3.33,3.3,3.315,5389
468,3.34,3.34,3.3379,3.3379,1300
469,3.34,3.349,3.34,3.349,1800
470,3.33,3.33,3.31,3.32,2700
471,3.33,3.36,3.31,3.34,12159
864,3.32,3.32,3.32,3.32,21845
865,3.2,3.33,3.2,3.32,60736
866,3.2557,3.2699,3.16,3.21,42417
867,3.22,3.295,3.22,3.227,13480
868,3.22,3.25,3.2,3.25,2099
869,3.1802,3.239,3.18,3.215,4160
870,3.25,3.25,3.16,3.17,7754
871,3.23,3.23,3.23,3.23,100
872,3.2449,3.26,3.2449,3.25,7292
873,3.25,3.3,3.2401,3.25,9728
874,3.255,3.26,3.25,3.26,7135
875,3.21,3.26,3.18,3.26,14785
876,3.2,3.2,3.19,3.19,1100
877,3.19,3.2,3.19,3.2,700
878,3.24,3.25,3.21,3.22,600
879,3.2,3.24,3.2,3.24,1990
880,3.2,3.21,3.2,3.21,300
881,3.22,3.23,3.19,3.23,1251
882,3.21,3.21,3.2,3.2,500
883,3.17,3.2096,3.17,3.2096,4162
884,3.1795,3.1795,3.1795,3.1795,200
885,3.1,3.17,3.05,3.17,22111
886,3.12,3.14,3.11,3.1302,2520
887,3.14,3.14,3.12,3.14,4557
888,3.12,3.14,3.12,3.13,3900
889,3.16,3.16,3.12,3.12,1600
890,3.16,3.16,3.15,3.15,600
891,3.1476,3.19,3.14,3.19,7068
892,3.17,3.17,3.15,3.15,1795
893,3.18,3.18,3.18,3.18,500
894,3.16,3.23,3.14,3.18,7264
895,3.15,3.19,3.15,3.17,1300
896,3.16,3.16,3.1599,3.1599,200
897,3.13,3.16,3.13,3.16,1300
898,3.17,3.17,3.1,3.15,11000
899,3.16,3.16,3.14,3.1488,400
900,3.17,3.17,3.11,3.15,4300
901,3.13,3.16,3.12,3.16,1000
902,3.13,3.15,3.13,3.14,2400
903,3.14,3.14,3.11,3.14,9872
a1497360600,3.17,3.17,3.17,3.17,5176
1,3.13,3.2,3.11,3.1799,2571
3,3.17,3.2,3.15,3.2,3369
4,3.19,3.19,3.16,3.17,1700
5,3.18,3.2,3.17,3.2,3850
6,3.18,3.19,3.18,3.18,1905
7,3.17,3.1889,3.17,3.18,1002
8,3.19,3.19,3.17,3.18,3900
9,3.19,3.19,3.17,3.1899,4077
10,3.17,3.1799,3.16,3.17,6190
11,3.18,3.2,3.168,3.168,3300
12,3.18,3.186,3.18,3.186,1768
13,3.19,3.19,3.18,3.18,1800
14,3.1852,3.1999,3.16,3.1799,5200
15,3.17,3.17,3.13,3.17,4125
16,3.16,3.19,3.13,3.17,26215
17,3.16,3.16,3.14,3.1599,4200
18,3.24,3.24,3.17,3.17,1183
19,3.1954,3.23,3.1954,3.21,850
20,3.27,3.27,3.23,3.25,400
21,3.19,3.22,3.19,3.22,900
22,3.21,3.21,3.1899,3.1899,512
23,3.15,3.175,3.12,3.175,11700
24,3.2,3.2,3.1586,3.1586,700
25,3.2,3.2,3.1842,3.1842,200
26,3.195,3.2,3.1922,3.1922,300
27,3.23,3.23,3.18,3.2,800
28,3.18,3.23,3.14,3.23,8383
29,3.2,3.2,3.13,3.17,6000
30,3.23,3.28,3.19,3.19,1775
31,3.19,3.24,3.19,3.24,400
32,3.17,3.2,3.1699,3.2,526
33,3.2,3.21,3.17,3.2,400
34,3.17,3.19,3.17,3.19,1000
35,3.18,3.19,3.17,3.19,400
36,3.19,3.19,3.18,3.18,400
37,3.2,3.2,3.17,3.18,2300
38,3.18,3.2,3.17,3.2,2100
39,3.17,3.2,3.13,3.17,15544
144,3.13,3.16,3.13,3.16,1533
145,3.16,3.17,3.13,3.1304,9900
146,3.13,3.1601,3.13,3.16,6060
147,3.1299,3.15,3.09,3.15,5324
148,3.15,3.15,3.1,3.11,4640
150,3.16,3.16,3.13,3.135,4130
151,3.15,3.15,3.11,3.15,3486
152,3.12,3.1422,3.12,3.1422,930
153,3.09,3.12,3.09,3.12,5855
154,3.095,3.11,3.09,3.0903,10188
155,3.09,3.1,3.08,3.1,3857
156,3.1,3.1,3.1,3.1,200
157,3.09,3.1,3.09,3.1,600
158,3.06,3.1,3.05,3.1,16729
159,3.06,3.0798,3.03,3.0798,10360
160,3.08,3.08,3.06,3.06,800
161,3.08,3.08,3.079,3.08,883
162,3.08,3.09,3.06,3.075,2050
163,3.1,3.1,3.09,3.09,500
164,3.09,3.09,3.05,3.07,4170
165,3.08,3.08,3.08,3.08,100
166,3.07,3.08,3.06,3.08,1800
167,3.07,3.08,3.06,3.08,500
168,3.08,3.08,3.06,3.06,1500
169,3.09,3.09,3.06,3.08,2769
170,3.095,3.1,3.07,3.1,1000
171,3.09,3.1,3.09,3.0901,2200
172,3.0899,3.09,3.05,3.09,6398
173,3.0544,3.09,3,3.07,41309
174,3.06,3.09,3.04,3.05,4927
175,3.06,3.07,3.06,3.0601,4100
176,3.06,3.07,3.05,3.0601,4000
177,3.06,3.065,3.05,3.06,2400
178,3.02,3.05,3.01,3.04,6917
179,3.02,3.0401,3.02,3.02,2399
180,3.01,3.04,3,3.04,2318
181,3.025,3.03,3.01,3.01,4473
182,3.03,3.04,3,3.03,13880
183,3.05,3.06,3.04,3.05,11335
288,3.02,3.02,3.02,3.02,4713
289,2.98,3.0101,2.9,3.01,40153
290,2.91,2.99,2.9,2.98,18663
291,2.8974,2.92,2.78,2.92,32198
292,2.879,2.8824,2.81,2.8824,13362
293,2.86,2.8899,2.82,2.88,29016
294,2.95,2.99,2.8627,2.8654,5164
295,2.87,2.96,2.83,2.955,14899
296,2.86,2.905,2.85,2.8702,4694
297,2.9,2.91,2.86,2.89,1796
298,2.86,2.91,2.86,2.9,3360
299,2.81,2.87,2.81,2.87,16228
300,2.87,2.87,2.84,2.84,1350
301,2.86,2.89,2.86,2.87,3788
302,2.83,2.85,2.83,2.85,3000
303,2.85,2.85,2.83,2.85,3400
304,2.85,2.85,2.83,2.83,1625
305,2.84,2.85,2.83,2.8489,700
306,2.84,2.85,2.84,2.84,1300
307,2.84,2.845,2.84,2.845,400
308,2.85,2.85,2.83,2.84,3600
309,2.84,2.85,2.83,2.84,2400
310,2.86,2.86,2.83,2.83,9649
311,2.89,2.89,2.86,2.88,3175
312,2.8893,2.89,2.88,2.89,600
313,2.89,2.89,2.87,2.8815,3400
314,2.8899,2.8899,2.8899,2.8899,360
315,2.87,2.9,2.85,2.89,4400
316,2.87,2.9,2.83,2.88,6731
317,2.86,2.88,2.8393,2.88,7800
318,2.88,2.88,2.84,2.8533,3050
319,2.89,2.89,2.85,2.89,1200
320,2.88,2.9,2.86,2.89,1890
321,2.89,2.89,2.89,2.89,200
322,2.89,2.9,2.87,2.88,2200
323,2.87,2.89,2.87,2.89,1000
324,2.9,2.9,2.89,2.89,3300
325,2.9,2.9,2.89,2.89,1200
326,2.87,2.8997,2.85,2.89,5438
327,2.86,2.88,2.81,2.88,10536
432,2.85,2.86,2.85,2.86,3943
433,2.8,2.8078,2.6,2.7601,33813
434,2.74,2.8101,2.73,2.76,15012
435,2.73,2.76,2.72,2.7329,10167
436,2.71,2.76,2.71,2.74,3243
437,2.78,2.78,2.71,2.71,700
438,2.7728,2.7728,2.74,2.75,1200
439,2.78,2.785,2.77,2.77,3000
440,2.76,2.78,2.76,2.77,905
441,2.75,2.795,2.72,2.795,5344
442,2.74,2.8,2.72,2.72,4391
443,2.71,2.75,2.71,2.726,2600
444,2.69,2.73,2.67,2.7,17980
445,2.672,2.7,2.67,2.7,9350
446,2.68,2.69,2.66,2.68,5388
447,2.69,2.7,2.66,2.66,4150
448,2.681,2.71,2.68,2.68,2900
449,2.7,2.71,2.68,2.69,3066
450,2.7,2.7,2.69,2.7,1700
451,2.72,2.72,2.69,2.71,4450
452,2.7,2.73,2.7,2.73,4397
453,2.72,2.73,2.7,2.73,3300
454,2.73,2.73,2.7,2.71,2400
455,2.734,2.75,2.734,2.75,3100
456,2.75,2.75,2.73,2.75,1200
457,2.735,2.75,2.72,2.74,4327
458,2.735,2.74,2.72,2.72,6682
459,2.73,2.75,2.72,2.75,1000
460,2.75,2.75,2.73,2.73,3215
461,2.735,2.74,2.72,2.74,1475
462,2.72,2.74,2.72,2.74,4420
463,2.701,2.73,2.7,2.722,7800
464,2.71,2.71,2.7,2.71,2278
465,2.75,2.75,2.715,2.715,2100
466,2.78,2.8,2.73,2.75,4580
467,2.8,2.828,2.77,2.78,11840
468,2.82,2.84,2.815,2.815,3300
469,2.82,2.83,2.8028,2.83,1900
470,2.82,2.83,2.81,2.82,3100
471,2.84,2.84,2.82,2.82,8186
864,2.77,2.77,2.77,2.77,12969
865,2.8,2.8,2.661,2.7151,821
866,2.74,2.78,2.71,2.78,10375
867,2.735,2.77,2.7037,2.71,9640
868,2.75,2.75,2.7,2.7475,6938
869,2.63,2.7493,2.63,2.7251,23925
870,2.53,2.689,2.33,2.6301,76994
871,2.59,2.6264,2.43,2.53,38009
872,2.58,2.63,2.56,2.6,11675
873,2.64,2.64,2.5611,2.6,6097
874,2.64,2.67,2.6394,2.6436,14300
875,2.6,2.64,2.6,2.62,7900
876,2.59,2.62,2.57,2.59,17700
877,2.585,2.59,2.57,2.59,3100
878,2.62,2.63,2.585,2.585,4361
879,2.65,2.67,2.6217,2.635,1800
880,2.66,2.67,2.65,2.6572,1529
881,2.645,2.67,2.6409,2.642,4560
882,2.65,2.66,2.645,2.65,700
883,2.645,2.66,2.645,2.65,1900
884,2.65,2.66,2.645,2.645,1700
885,2.6501,2.67,2.645,2.66,6120
886,2.65,2.67,2.65,2.66,9286
887,2.64,2.65,2.63,2.65,2000
888,2.67,2.67,2.645,2.645,1900
889,2.67,2.67,2.64,2.65,8057
890,2.655,2.68,2.655,2.6693,2600
891,2.67,2.68,2.655,2.67,1900
892,2.68,2.68,2.67,2.68,3200
893,2.68,2.69,2.675,2.6751,2100
894,2.675,2.69,2.675,2.68,2500
895,2.68,2.69,2.6701,2.68,1762
896,2.665,2.69,2.665,2.68,3600
897,2.67,2.67,2.665,2.67,1400
898,2.665,2.67,2.665,2.665,600
899,2.665,2.67,2.665,2.67,2486
900,2.66,2.67,2.66,2.66,3500
901,2.6456,2.66,2.6456,2.66,9400
902,2.635,2.64,2.6304,2.64,3204
903,2.61,2.65,2.6,2.64,38967
a1497965400,2.58,2.58,2.58,2.58,4668
1,2.4721,2.57,2.421,2.57,12667
2,2.52,2.539,2.4707,2.5,33704
3,2.4943,2.51,2.48,2.51,16792
4,2.48,2.5,2.48,2.496,4200
5,2.49,2.5,2.48,2.48,13025
6,2.485,2.49,2.47,2.48,11021
7,2.4964,2.5,2.45,2.47,8461
8,2.49,2.5003,2.488,2.49,1000
9,2.5,2.5,2.49,2.5,1200
10,2.499,2.5,2.4801,2.49,6500
11,2.49,2.5,2.47,2.4814,2950
12,2.49,2.49,2.45,2.48,33458
13,2.49,2.52,2.49,2.506,10110
14,2.4925,2.51,2.4925,2.51,8400
15,2.498,2.52,2.49,2.49,4398
16,2.52,2.52,2.5,2.5,5168
17,2.51,2.52,2.5006,2.51,1521
18,2.52,2.53,2.5007,2.5007,7100
19,2.53,2.54,2.52,2.54,1000
20,2.5115,2.52,2.5,2.52,3770
21,2.52,2.52,2.5,2.5014,1100
22,2.52,2.52,2.5,2.5,1300
23,2.505,2.51,2.5,2.51,952
24,2.54,2.54,2.5,2.5,2500
25,2.53,2.53,2.52,2.52,600
26,2.53,2.53,2.51,2.52,1100
27,2.51,2.53,2.51,2.51,1000
28,2.51,2.53,2.49,2.53,7400
29,2.5088,2.52,2.49,2.51,33525
30,2.5,2.5,2.49,2.49,2400
31,2.5,2.5,2.49,2.5,2184
32,2.5,2.5,2.4936,2.5,1400
33,2.51,2.51,2.49,2.5,5800
34,2.5,2.5,2.49,2.49,600
35,2.5,2.5,2.49,2.49,1300
36,2.49,2.5,2.49,2.49,17400
37,2.5,2.5,2.49,2.49,25685
38,2.5,2.51,2.49,2.51,3901
39,2.51,2.51,2.49,2.5,5757
144,2.49,2.49,2.49,2.49,5600
145,2.5352,2.5352,2.4505,2.49,12177
147,2.53,2.54,2.52,2.53,2309
148,2.52,2.54,2.52,2.54,709
149,2.58,2.58,2.53,2.53,11887
150,2.56,2.578,2.5409,2.578,12500
151,2.57,2.59,2.57,2.58,3100
152,2.6,2.6,2.57,2.58,4025
153,2.6396,2.68,2.58,2.59,41194
154,2.69,2.69,2.63,2.64,8653
155,2.63,2.69,2.63,2.69,6178
156,2.6301,2.67,2.6188,2.62,7352
157,2.63,2.67,2.63,2.65,2200
158,2.67,2.67,2.61,2.63,2576
159,2.63,2.63,2.6201,2.6201,950
160,2.63,2.6463,2.62,2.6201,3183
161,2.5901,2.6301,2.5901,2.6301,700
162,2.62,2.63,2.6001,2.6001,610
163,2.62,2.62,2.6098,2.6098,500
164,2.59,2.61,2.5553,2.6001,11515
165,2.64,2.64,2.6092,2.6092,2800
166,2.6,2.63,2.6,2.63,11400
167,2.64,2.65,2.5609,2.575,27393
168,2.5801,2.64,2.5801,2.64,1600
169,2.64,2.67,2.6001,2.6001,1312
170,2.66,2.68,2.6401,2.6401,1500
171,2.6,2.665,2.6,2.665,11391
172,2.66,2.66,2.59,2.59,1300
173,2.66,2.68,2.6301,2.68,1800
174,2.69,2.69,2.65,2.65,400
175,2.6301,2.68,2.6301,2.67,400
176,2.6771,2.69,2.66,2.66,520
177,2.6,2.64,2.585,2.6201,2005
178,2.5701,2.65,2.5701,2.6,1123
179,2.6,2.63,2.59,2.59,1100
180,2.6,2.6,2.58,2.59,1948
181,2.6,2.63,2.57,2.6,3287
182,2.61,2.64,2.595,2.61,2801
183,2.62,2.67,2.6,2.61,11974
288,2.6,2.6,2.6,2.6,1836
289,2.68,2.7,2.63,2.63,3385
290,2.68,2.6999,2.67,2.6999,4100
291,2.67,2.69,2.67,2.68,1980
292,2.6101,2.68,2.6101,2.67,2000
293,2.66,2.66,2.6101,2.6101,1300
294,2.64,2.64,2.6201,2.63,431
295,2.66,2.66,2.66,2.66,100
296,2.64,2.64,2.6363,2.64,1000
297,2.64,2.65,2.63,2.63,1500
298,2.63,2.66,2.63,2.66,2700
299,2.64,2.6401,2.63,2.64,1148
300,2.64,2.64,2.64,2.64,100
301,2.62,2.64,2.6,2.64,5493
302,2.65,2.66,2.5806,2.64,16091
303,2.59,2.67,2.57,2.65,9920
304,2.5639,2.59,2.5601,2.5701,1700
305,2.62,2.65,2.62,2.65,700
306,2.63,2.63,2.63,2.63,1000
307,2.63,2.65,2.63,2.65,600
308,2.64,2.64,2.64,2.64,937
309,2.67,2.67,2.64,2.64,2388
310,2.67,2.68,2.67,2.68,200
311,2.68,2.68,2.68,2.68,100
312,2.68,2.68,2.68,2.68,200
313,2.68,2.68,2.68,2.68,200
314,2.64,2.67,2.64,2.67,200
315,2.66,2.66,2.6401,2.6529,775
316,2.66,2.66,2.66,2.66,100
317,2.67,2.67,2.64,2.659,7500
319,2.66,2.66,2.66,2.66,100
320,2.66,2.66,2.66,2.66,100
321,2.65,2.66,2.65,2.66,888
322,2.66,2.66,2.66,2.66,100
323,2.65,2.67,2.65,2.67,500
324,2.67,2.67,2.66,2.66,300
325,2.6436,2.6489,2.6436,2.6489,459
326,2.65,2.67,2.65,2.66,376
327,2.63,2.6691,2.61,2.6691,7280
432,2.65,2.65,2.65,2.65,1950
433,2.6335,2.6573,2.6101,2.65,1223
434,2.629,2.64,2.629,2.64,1200
435,2.66,2.67,2.63,2.67,1701
436,2.65,2.67,2.65,2.67,900
437,2.66,2.66,2.66,2.66,200
438,2.66,2.66,2.66,2.66,200
439,2.68,2.68,2.67,2.67,300
440,2.7,2.72,2.6601,2.665,24959
441,2.71,2.71,2.7,2.71,700
442,2.695,2.7,2.695,2.695,400
443,2.7066,2.71,2.6939,2.6939,3100
444,2.73,2.73,2.71,2.71,3162
445,2.735,2.74,2.73,2.73,3500
446,2.7199,2.74,2.7199,2.735,2538
447,2.74,2.74,2.7008,2.72,2375
448,2.68,2.74,2.68,2.739,2768
449,2.69,2.69,2.68,2.69,500
450,2.71,2.71,2.69,2.69,200
451,2.7,2.72,2.7,2.72,600
452,2.6902,2.7,2.6902,2.6927,5000
453,2.71,2.71,2.71,2.71,200
454,2.7,2.72,2.69,2.72,1325
455,2.656,2.71,2.656,2.698,1720
456,2.71,2.7149,2.7,2.7,2850
457,2.7,2.72,2.68,2.7001,4609
458,2.7,2.7,2.6615,2.6615,1971
459,2.68,2.72,2.67,2.71,3400
460,2.67,2.72,2.67,2.71,500
461,2.72,2.72,2.67,2.67,500
462,2.685,2.72,2.685,2.72,600
463,2.6925,2.6925,2.6925,2.6925,100
464,2.7,2.7,2.69,2.6955,2070
465,2.7,2.72,2.7,2.71,300
466,2.72,2.72,2.72,2.72,100
467,2.7,2.7,2.7,2.7,100
468,2.685,2.69,2.67,2.67,600
469,2.68,2.7,2.68,2.689,6644
470,2.67,2.7,2.67,2.69,6100
471,2.7,2.73,2.68,2.69,15388
864,2.7,2.7,2.7,2.7,1575
865,2.7,2.7,2.7,2.7,6141
866,2.74,2.76,2.72,2.7272,21565
867,2.83,2.83,2.735,2.74,9475
868,2.721,2.83,2.72,2.83,6833
869,2.74,2.74,2.69,2.71,2400
870,2.78,2.788,2.7599,2.7599,2360
871,2.77,2.77,2.72,2.77,1489
872,2.8,2.8,2.77,2.77,500
873,2.75,2.79,2.75,2.79,1849
874,2.77,2.77,2.72,2.73,5490
875,2.71,2.75,2.69,2.75,1991
876,2.6776,2.69,2.62,2.69,15096
877,2.7,2.7,2.64,2.64,700
878,2.75,2.7618,2.72,2.72,2500
879,2.7393,2.74,2.73,2.73,2899
880,2.72,2.73,2.7051,2.73,613
881,2.72,2.72,2.7,2.7,875
882,2.73,2.745,2.73,2.745,200
883,2.71,2.75,2.71,2.75,1188
884,2.69,2.72,2.66,2.71,3388
885,2.67,2.67,2.67,2.67,100
886,2.68,2.68,2.68,2.68,100
887,2.7,2.7,2.7,2.7,200
888,2.72,2.73,2.7,2.7,500
889,2.72,2.72,2.7141,2.72,1100
890,2.71,2.7132,2.71,2.71,499
891,2.7,2.72,2.69,2.71,700
892,2.71,2.71,2.71,2.71,300
893,2.72,2.72,2.7,2.7,500
894,2.68,2.72,2.68,2.72,1000
895,2.62,2.7,2.62,2.7,1000
896,2.7,2.7,2.67,2.69,400
897,2.69,2.71,2.69,2.71,2050
898,2.7,2.71,2.6901,2.6901,1120
899,2.7,2.71,2.7,2.7,400
900,2.71,2.71,2.71,2.71,600
901,2.72,2.72,2.7,2.71,700
902,2.71,2.73,2.71,2.72,800
903,2.7,2.72,2.7,2.71,5145
a1498570200,2.66,2.66,2.66,2.66,3561
1,2.6734,2.6734,2.66,2.6601,12257
3,2.7,2.71,2.685,2.71,1200
4,2.73,2.73,2.7128,2.7249,842
5,2.72,2.73,2.72,2.73,500
6,2.715,2.73,2.71,2.71,2700
7,2.72,2.7282,2.7,2.7282,1600
8,2.73,2.7301,2.73,2.73,1300
9,2.76,2.76,2.76,2.76,100
11,2.7509,2.7509,2.75,2.75,500
12,2.72,2.76,2.68,2.76,3800
13,2.73,2.73,2.73,2.73,100
15,2.74,2.76,2.7,2.72,11586
16,2.75,2.75,2.74,2.74,500
17,2.73,2.73,2.7,2.72,1300
18,2.74,2.74,2.74,2.74,300
19,2.74,2.74,2.73,2.73,500
21,2.73,2.74,2.73,2.74,400
22,2.73,2.74,2.73,2.74,300
23,2.73,2.74,2.73,2.74,400
24,2.74,2.74,2.73,2.73,300
25,2.73,2.74,2.72,2.74,1198
26,2.72,2.72,2.72,2.72,1800
27,2.72,2.72,2.71,2.72,500
28,2.72,2.73,2.72,2.73,400
29,2.72,2.7259,2.69,2.7143,9500
30,2.74,2.74,2.7214,2.7214,1100
31,2.74,2.74,2.74,2.74,300
32,2.74,2.74,2.74,2.74,100
33,2.74,2.75,2.74,2.74,5637
34,2.74,2.74,2.72,2.72,1100
35,2.75,2.75,2.75,2.75,600
36,2.75,2.75,2.74,2.75,1000
37,2.72,2.73,2.72,2.73,1300
38,2.72,2.73,2.72,2.721,799
39,2.71,2.77,2.7,2.71,12843
144,2.72,2.72,2.72,2.72,144
145,2.72,2.72,2.72,2.72,100
146,2.79,2.79,2.79,2.79,100
147,2.74,2.74,2.725,2.74,1035
148,2.73,2.73,2.73,2.73,100
149,2.75,2.75,2.7265,2.731,400
150,2.77,2.77,2.741,2.7485,800
151,2.79,2.79,2.74,2.78,400
152,2.79,2.79,2.7364,2.7364,300
153,2.75,2.785,2.72,2.78,2116
154,2.7823,2.8,2.77,2.77,2184
155,2.8,2.8,2.72,2.77,21397
156,2.79,2.79,2.78,2.78,1000
157,2.798,2.832,2.79,2.79,5785
158,2.815,2.83,2.8,2.83,7700
159,2.83,2.83,2.7102,2.79,24480
160,2.84,2.84,2.7751,2.7751,707
161,2.8044,2.82,2.78,2.81,800
162,2.78,2.78,2.72,2.78,2900
163,2.775,2.775,2.775,2.775,100
164,2.75,2.8,2.75,2.8,1300
165,2.76,2.76,2.75,2.75,600
166,2.745,2.7676,2.745,2.7676,925
167,2.74,2.74,2.74,2.74,100
168,2.8399,2.8399,2.7439,2.76,555
169,2.77,2.82,2.77,2.77,500
170,2.76,2.82,2.76,2.82,400
171,2.75,2.79,2.75,2.78,500
172,2.77,2.77,2.765,2.77,300
173,2.76,2.76,2.76,2.76,100
174,2.77,2.77,2.74,2.77,600
175,2.77,2.775,2.77,2.775,200
176,2.77,2.77,2.765,2.765,200
177,2.7748,2.7748,2.76,2.76,867
179,2.79,2.79,2.771,2.7799,4900
180,2.77,2.78,2.77,2.78,400
181,2.78,2.79,2.77,2.77,600
182,2.78,2.7888,2.765,2.78,1320
183,2.75,2.79,2.75,2.775,3834
288,2.7,2.7,2.7,2.7,12018
289,2.7229,2.7649,2.7041,2.7041,2082
290,2.766,2.8,2.766,2.7847,4076
291,2.7826,2.7826,2.7784,2.7784,850
292,2.8,2.8,2.75,2.78,1350
293,2.752,2.77,2.75,2.77,3600
294,2.7616,2.77,2.7616,2.77,700
295,2.77,2.78,2.7672,2.77,1700
296,2.75,2.7808,2.74,2.7723,12783
297,2.75,2.75,2.741,2.7493,1190
298,2.755,2.76,2.74,2.755,1600
299,2.75,2.76,2.75,2.76,200
300,2.74,2.745,2.74,2.745,2061
301,2.72,2.74,2.72,2.74,2415
302,2.72,2.72,2.715,2.715,300
303,2.75,2.75,2.72,2.72,1000
304,2.75,2.75,2.75,2.75,200
305,2.75,2.75,2.75,2.75,100
306,2.75,2.75,2.7454,2.7454,1710
307,2.76,2.76,2.74,2.76,3900
308,2.76,2.76,2.75,2.75,4262
309,2.755,2.76,2.75,2.76,400
310,2.75,2.75,2.75,2.75,300
311,2.75,2.76,2.75,2.76,200
312,2.76,2.76,2.76,2.76,100
313,2.76,2.76,2.74,2.74,600
314,2.75,2.75,2.75,2.75,100
315,2.745,2.745,2.74,2.74,3807
316,2.72,2.7301,2.7,2.73,10570
317,2.7399,2.7399,2.7399,2.7399,959
318,2.74,2.74,2.74,2.74,200
319,2.74,2.74,2.74,2.74,100
320,2.74,2.74,2.74,2.74,200
321,2.725,2.725,2.725,2.725,200
322,2.73,2.73,2.73,2.73,400
323,2.73,2.73,2.7259,2.7259,400
324,2.73,2.73,2.72,2.72,10182
325,2.74,2.74,2.73,2.73,700
326,2.75,2.75,2.74,2.74,300
327,2.72,2.74,2.71,2.735,2300
432,2.72,2.72,2.71,2.71,626
433,2.6783,2.71,2.6676,2.7001,4842
434,2.6645,2.6765,2.5,2.67,23179
435,2.7,2.7,2.6,2.65,3400
436,2.59,2.59,2.59,2.59,400
437,2.66,2.68,2.65,2.68,1061
438,2.64,2.67,2.64,2.67,500
439,2.66,2.66,2.66,2.66,100
440,2.65,2.66,2.65,2.6514,859
441,2.69,2.69,2.68,2.68,200
442,2.72,2.72,2.69,2.69,500
443,2.74,2.74,2.72,2.72,700
444,2.69,2.74,2.69,2.74,600
445,2.66,2.6601,2.65,2.66,1500
446,2.68,2.68,2.67,2.67,200
448,2.62,2.66,2.62,2.6407,1280
449,2.61,2.66,2.61,2.66,800
450,2.61,2.61,2.61,2.61,100
451,2.63,2.64,2.6,2.6,3288
452,2.6,2.62,2.6,2.6,5471
453,2.6,2.62,2.6,2.6,1100
454,2.56,2.62,2.56,2.62,10550
455,2.6,2.62,2.56,2.57,19922
456,2.61,2.61,2.58,2.58,7565
457,2.61,2.61,2.6,2.6,442
458,2.61,2.61,2.6,2.6,200
459,2.6,2.62,2.6,2.62,444
460,2.62,2.62,2.62,2.62,200
461,2.6,2.62,2.6,2.62,3060
462,2.6,2.62,2.6,2.61,1600
463,2.59,2.61,2.58,2.6,6001
464,2.57,2.59,2.57,2.59,1800
465,2.61,2.61,2.57,2.57,23900
466,2.6,2.6,2.6,2.6,2000
467,2.6,2.6,2.6,2.6,200
468,2.6099,2.61,2.6,2.61,750
469,2.62,2.62,2.6,2.61,1704
470,2.61,2.62,2.6,2.61,2400
471,2.6,2.62,2.595,2.6,9096
864,2.6,2.6,2.6,2.6,4887
865,2.616,2.6349,2.616,2.6349,2600
866,2.59,2.615,2.59,2.6,5989
867,2.63,2.63,2.59,2.61,17790
868,2.65,2.65,2.63,2.64,4156
869,2.72,2.73,2.64,2.644,16162
870,2.69,2.72,2.69,2.72,9490
871,2.78,2.78,2.639,2.65,4473
872,2.677,2.677,2.677,2.677,940
873,2.75,2.75,2.73,2.73,2600
874,2.75,2.75,2.746,2.75,10149
875,2.73,2.75,2.7129,2.75,1400
876,2.73,2.7399,2.68,2.7399,6569
877,2.7472,2.7472,2.74,2.74,200
878,2.78,2.78,2.745,2.745,3200
879,2.78,2.78,2.7772,2.7772,600
880,2.6901,2.77,2.6901,2.76,2115
882,2.75,2.77,2.7299,2.7299,3100
883,2.7774,2.79,2.7774,2.78,700
884,2.7002,2.77,2.7002,2.77,1020
885,2.69,2.71,2.69,2.69,1644
a1499261400,2.7,2.7,2.7,2.7,1312
1,2.71,2.74,2.7,2.7,3385
2,2.6643,2.7,2.6643,2.7,6963
3,2.66,2.68,2.6176,2.6599,4500
4,2.75,2.75,2.75,2.75,100
5,2.67,2.68,2.6528,2.6528,300
6,2.64,2.655,2.64,2.655,200
7,2.68,2.69,2.65,2.65,600
9,2.7,2.7,2.7,2.7,100
10,2.7,2.71,2.69,2.71,1500
11,2.7,2.71,2.69,2.71,1067
12,2.69,2.7,2.68,2.7,1400
13,2.73,2.73,2.68,2.69,800
14,2.69,2.71,2.69,2.71,2325
15,2.69,2.71,2.69,2.71,900
16,2.68,2.69,2.68,2.69,500
17,2.7,2.71,2.7,2.71,700
18,2.68,2.7,2.68,2.68,600
19,2.68,2.7,2.68,2.69,5553
20,2.63,2.68,2.63,2.68,6336
21,2.65,2.65,2.64,2.64,900
22,2.66,2.67,2.6425,2.6501,2422
23,2.64,2.66,2.64,2.66,400
24,2.6736,2.6736,2.66,2.66,2400
25,2.68,2.68,2.66,2.66,200
26,2.7,2.7,2.67,2.67,200
27,2.685,2.685,2.67,2.67,200
28,2.65,2.7,2.65,2.7,10463
29,2.66,2.6799,2.65,2.6799,501
30,2.67,2.67,2.67,2.67,100
31,2.6509,2.66,2.65,2.66,3300
32,2.665,2.67,2.65,2.65,2200
33,2.66,2.66,2.65,2.6524,600
34,2.67,2.67,2.65,2.65,500
35,2.67,2.67,2.65,2.65,500
36,2.66,2.665,2.65,2.665,800
37,2.67,2.67,2.66,2.66,600
38,2.66,2.67,2.65,2.65,1897
39,2.65,2.67,2.65,2.67,2743
