EXCHANGE%3DNASDAQ
MARKET_OPEN_MINUTE=570
MARKET_CLOSE_MINUTE=960
INTERVAL=600
COLUMNS=DATE,CLOSE,HIGH,LOW,OPEN,VOLUME
DATA=
TIMEZONE_OFFSET=-240
a1493127000,59,59,59,59,5501
1,58.76,59.0107,58.6401,58.9,13394
2,59.09,59.13,58.82,58.82,65074
3,59.05,59.12,58.961,59.12,9300
4,59.34,59.34,59.04,59.07,9850
5,59.21,59.32,59.17,59.32,16346
6,59.12,59.25,59.12,59.22,6725
7,59.24,59.24,59.1,59.12,35041
8,59.23,59.31,59.22,59.25,15967
9,59.27,59.27,59.205,59.21,7300
10,59.32,59.33,59.23,59.26,4511
11,59.37,59.38,59.29,59.3,6773
12,59.29,59.35,59.27,59.35,5047
13,59.225,59.275,59.195,59.275,6957
14,59.25,59.26,59.19,59.21,40350
15,59.25,59.26,59.189,59.255,13974
16,59.25,59.26,59.2075,59.25,16033
17,59.3,59.3,59.22,59.25,9769
18,59.415,59.44,59.3,59.3,9301
19,59.365,59.41,59.36,59.41,13591
20,59.34,59.36,59.33,59.36,7780
21,59.3572,59.36,59.33,59.34,5123
22,59.42,59.42,59.34,59.35,8316
23,59.44,59.5,59.41,59.43,10985
24,59.46,59.49,59.42,59.43,13987
25,59.51,59.53,59.44,59.46,11793
26,59.62,59.63,59.51,59.52,13706
27,59.55,59.64,59.54,59.62,32383
28,59.5405,59.55,59.52,59.54,5575
29,59.53,59.56,59.51,59.535,11059
30,59.47,59.53,59.45,59.53,11501
31,59.52,59.53,59.43,59.5,6978
32,59.5,59.5399,59.47,59.51,10617
33,59.49,59.54,59.475,59.52,9715
34,59.531,59.54,59.48,59.48,31508
35,59.51,59.54,59.49,59.531,23736
36,59.51,59.515,59.46,59.51,19176
37,59.5225,59.535,59.485,59.5144,31467
38,59.4,59.54,59.38,59.525,38519
39,59.33,59.415,59.28,59.4,85505
144,59.44,59.44,59.44,59.44,3673
145,59.16,59.44,59.14,59.44,7963
146,59.15,59.22,58.951,59.1,7539
147,59.05,59.21,59.05,59.13,8028
148,59.06,59.0729,58.96,59.04,9744
149,59.065,59.11,59.0399,59.06,16629
150,59.2,59.2,59.04,59.06,5555
151,59.19,59.25,59.185,59.2,9286
152,59.16,59.18,59.135,59.17,3917
153,59.19,59.2,59.13,59.16,10750
154,59.12,59.28,59.11,59.2,22419
155,59.1746,59.2,59.13,59.13,9837
156,59.3,59.3192,59.16,59.17,7963
157,59.32,59.34,59.31,59.34,3372
158,59.21,59.35,59.2,59.32,8528
159,59.29,59.31,59.23,59.23,5000
160,59.36,59.39,59.29,59.29,3300
161,59.5,59.5,59.37,59.37,105187
162,59.8,59.83,59.48,59.52,20411
163,59.75,59.8,59.71,59.8,11579
164,59.77,59.86,59.73,59.79,9969
165,59.9,59.93,59.76,59.77,7837
166,59.86,59.91,59.83,59.89,7213
167,59.99,59.99,59.855,59.88,44101
168,59.97,60,59.96,59.99,7069
169,60.07,60.07,59.915,59.96,11001
170,60.03,60.13,60.01,60.07,9933
171,59.97,60.04,59.96,60.01,5504
172,59.97,60.01,59.93,59.97,12218
173,59.978,60.03,59.96,59.97,7897
174,59.94,60,59.94,59.9587,29063
175,59.99,60.01,59.93,59.94,9118
176,59.93,60,59.92,60,13047
177,59.9501,59.99,59.93,59.93,9673
178,59.98,59.98,59.9,59.94,8483
179,60.03,60.05,59.9877,59.99,9483
180,59.95,60.02,59.91,60.02,13882
181,59.87,59.96,59.87,59.95,14976
182,59.81,59.907,59.81,59.87,26918
183,59.73,59.82,59.73,59.795,76413
288,59.99,59.99,59.99,59.99,4944
289,59.83,59.97,59.72,59.89,7636
290,59.88,59.99,59.75,59.83,9901
291,59.96,59.99,59.88,59.9,6474
292,60.09,60.14,59.99,59.99,5711
293,60.07,60.18,60.07,60.09,10645
294,60.05,60.11,60.01,60.06,5779
295,60.08,60.12,60,60.05,4646
296,60.02,60.1,60.02,60.0869,4672
297,59.99,60.02,59.92,60.02,6300
298,60.0499,60.09,59.98,59.99,7444
299,60.055,60.055,60.01,60.01,4650
300,59.93,60.05,59.92,60.05,6642
301,59.88,59.96,59.88,59.93,4570
302,59.87,59.89,59.82,59.85,4093
303,59.86,59.88,59.84,59.87,2902
304,59.93,59.93,59.87,59.88,6343
305,60.01,60.01,59.93,59.93,3576
306,60.025,60.05,60.01,60.021,3475
307,60.03,60.08,60.03,60.04,4897
308,60.18,60.18,60.04,60.04,4316
309,60.25,60.25,60.15,60.18,3446
310,60.2,60.24,60.2,60.24,5030
311,60.23,60.24,60.2,60.21,3200
312,60.23,60.27,60.23,60.23,4274
313,60.1706,60.22,60.17,60.22,3089
314,60.19,60.2,60.17,60.2,5200
315,60.22,60.25,60.18,60.18,7722
316,60.11,60.205,60.11,60.205,4903
317,60.145,60.15,60.1,60.11,5862
318,60.09,60.15,60.08,60.15,8159
319,60.14,60.21,60.11,60.11,7859
320,60.11,60.16,60.11,60.14,6512
321,60.01,60.11,60.01,60.11,9900
322,59.98,60.02,59.955,60.01,9503
323,60.02,60.05,59.98,59.98,10737
324,59.96,60.01,59.93,60.01,6502
325,59.94,59.9899,59.93,59.96,8537
326,59.92,59.98,59.92,59.94,13290
327,59.81,59.92,59.81,59.91,64467
432,59.77,59.77,59.77,59.77,4521
433,59.25,60.1275,59.24,60.1275,3996
434,59.44,59.5206,59.26,59.26,8326
435,59.48,59.48,59.39,59.41,2500
436,59.48,59.5,59.44,59.5,5579
437,59.465,59.5,59.42,59.48,27500
438,59.4498,59.4903,59.43,59.45,30092
439,59.4705,59.49,59.44,59.45,20226
440,59.475,59.5,59.44,59.475,34902
441,59.525,59.54,59.45,59.47,46227
442,59.47,59.52,59.47,59.51,7251
443,59.53,59.53,59.46,59.46,29465
444,59.33,59.53,59.33,59.53,24435
445,59.33,59.36,59.29,59.32,8143
446,59.315,59.34,59.3,59.31,5218
447,59.32,59.36,59.3,59.3,5505
448,59.29,59.35,59.28,59.35,5042
449,59.23,59.3,59.23,59.3,2855
450,59.21,59.27,59.2,59.23,3800
451,59.22,59.23,59.19,59.2279,5210
452,59.22,59.22,59.18,59.2,19948
453,59.15,59.22,59.15,59.21,4411
454,59.19,59.22,59.17,59.17,4106
455,59.21,59.26,59.16,59.175,5216
456,59.26,59.27,59.24,59.24,3796
457,59.28,59.32,59.27,59.27,7739
458,59.15,59.27,59.15,59.27,18538
459,59.14,59.17,59.11,59.145,6003
460,59.14,59.15,59.11,59.14,5927
461,59.11,59.17,59.11,59.14,12166
462,59.13,59.14,59.105,59.11,8727
463,59.18,59.185,59.13,59.14,5100
464,59.15,59.21,59.14,59.18,21770
465,59.12,59.14,59.11,59.14,12883
466,59.17,59.18,59.11,59.12,16445
467,59.237,59.237,59.165,59.18,20794
468,59.24,59.24,59.21,59.24,7930
469,59.205,59.24,59.18,59.23,25913
470,59.247,59.26,59.17,59.205,33797
471,59.09,59.27,59,59.24,151232
864,59.36,59.36,59.36,59.36,5849
865,59.36,59.36,59.06,59.3,6300
866,59.11,59.29,59.09,59.29,14190
867,59.15,59.2,59.1301,59.14,9283
868,58.96,59.19,58.96,59.13,29916
869,58.99,59.01,58.93,58.97,14038
870,58.985,59,58.89,58.99,15185
871,59.15,59.1825,58.99,59,45236
872,59.16,59.34,59.15,59.15,37671
873,59.155,59.22,59.11,59.185,15368
874,59.08,59.19,58.99,59.16,24294
875,58.97,59.12,58.97,59.05,14056
876,58.95,59.02,58.93,58.97,9408
877,58.94,59.01,58.9,58.97,8473
878,59.06,59.1,58.92,58.92,13006
879,59.1,59.1,59.06,59.08,14586
880,59.17,59.17,59.1,59.1,7225
881,59.18,59.21,59.125,59.19,20699
882,59.15,59.19,59.115,59.19,8653
883,59.12,59.17,59.04,59.15,15308
884,59.09,59.16,59.09,59.11,8515
885,59.1,59.11,58.99,59.11,8657
886,59.04,59.1,59.04,59.1,7298
887,59.06,59.105,59.05,59.05,10761
888,59.145,59.16,59.08,59.09,11589
889,59.17,59.215,59.12,59.145,14712
890,59.22,59.24,59.18,59.18,18946
891,59.31,59.32,59.2,59.22,12050
892,59.17,59.33,59.17,59.32,18850
893,59.18,59.21,59.16,59.18,11101
894,59.21,59.21,59.165,59.1725,29562
895,59.29,59.31,59.17,59.2,23129
896,59.28,59.325,59.28,59.31,9332
897,59.31,59.32,59.27,59.29,9937
898,59.29,59.3,59.25,59.3,11410
899,59.3,59.31,59.29,59.3,6400
900,59.29,59.31,59.23,59.29,26458
901,59.34,59.35,59.29,59.29,34504
902,59.32,59.43,59.22,59.34,62776
903,59.26,59.34,59.23,59.31,149830
a1493731800,59.29,59.29,59.29,59.29,2453
1,59.435,59.61,59.31,59.59,8549
2,59.19,59.42,59.11,59.42,15000
3,59.105,59.32,59.1,59.19,10437
4,59.14,59.15,59.065,59.1,11414
5,59.13,59.14,59.02,59.13,12335
6,59.2,59.23,59.13,59.13,12843
7,59.15,59.19,59.1,59.185,15570
8,59.11,59.15,59.09,59.14,12200
9,59.07,59.12,59.06,59.105,11835
10,59.12,59.14,59.07,59.08,16415
11,59.17,59.17,59.11,59.11,16766
12,59.13,59.195,59.11,59.18,14237
13,59.1099,59.125,59.06,59.12,11656
14,59.14,59.14,59.115,59.12,5257
15,59.01,59.135,58.99,59.13,13930
16,59.01,59.02,58.97,59.01,13930
17,58.98,59.02,58.975,58.99,9197
18,58.98,58.99,58.96,58.99,8002
19,59,59,58.98,58.99,8533
20,58.97,59,58.94,59,17062
21,58.92,58.97,58.88,58.97,14400
22,59.04,59.04,58.9,58.91,59338
23,59,59.045,58.99,59.04,9795
24,58.98,59,58.96,58.995,7236
25,58.98,59,58.975,58.99,13434
26,58.98,59,58.95,58.99,21200
27,58.98,59,58.96,58.99,12280
28,58.93,58.98,58.92,58.97,10700
29,58.94,58.97,58.924,58.93,21975
30,58.93,58.95,58.87,58.94,15846
31,58.89,58.93,58.88,58.9262,9245
32,58.93,58.95,58.86,58.89,28283
33,58.93,58.94,58.9,58.935,14078
34,58.92,58.94,58.9,58.93,12212
35,58.9,58.96,58.895,58.92,22747
36,58.86,58.91,58.86,58.895,18836
37,58.84,58.895,58.84,58.85,23740
38,58.93,58.97,58.845,58.85,47402
39,59.04,59.07,58.93,58.93,123798
144,59.3,59.3,59.3,59.3,5181
145,59.8,60.33,59.01,59.01,31723
146,59.91,60,59.67,59.82,43140
147,59.38,59.955,59.38,59.91,22746
148,59.05,59.38,58.95,59.35,42303
149,58.82,59.08,58.79,59.035,12800
150,58.94,58.94,58.62,58.815,26625
151,59.05,59.1,58.94,58.94,18303
152,58.89,59.065,58.83,59.05,18100
153,58.845,58.9,58.82,58.89,15344
154,58.755,58.885,58.68,58.85,16901
155,58.76,58.765,58.57,58.755,10462
156,58.77,58.78,58.63,58.78,13061
157,58.55,58.78,58.55,58.78,21162
158,58.565,58.59,58.49,58.52,7229
159,58.575,58.6,58.49,58.52,6700
160,58.54,58.685,58.54,58.59,12229
161,58.56,58.595,58.45,58.485,7511
162,58.51,58.57,58.46,58.56,13404
163,58.58,58.645,58.49,58.51,73734
164,58.74,58.74,58.5,58.575,16741
165,58.76,58.76,58.67,58.7,8127
166,58.68,58.79,58.65,58.75,17727
167,58.68,58.7025,58.635,58.65,8730
168,58.67,58.78,58.67,58.69,9170
169,58.59,58.68,58.58,58.68,7433
170,58.57,58.61,58.49,58.59,9357
171,58.4914,58.58,58.48,58.565,7549
172,58.41,58.54,58.41,58.495,18077
173,58.455,58.46,58.35,58.4,13184
174,58.47,58.51,58.39,58.47,14710
175,58.48,58.5111,58.42,58.47,47901
176,58.57,58.58,58.435,58.48,22319
177,58.51,58.58,58.46,58.57,18429
178,58.55,58.6,58.5,58.51,29021
179,58.65,58.67,58.545,58.545,23157
180,58.72,58.75,58.59,58.65,27252
181,58.73,58.79,58.7,58.75,30761
182,58.8,58.82,58.71,58.71,56094
183,58.8,58.91,58.77,58.82,198612
288,58.87,58.87,58.87,58.87,4420
289,59.14,59.2699,58.74,58.74,22919
290,58.96,59.2,58.95,59.13,21706
291,58.57,59,58.57,58.92,12008
292,58.74,58.74,58.54,58.59,8786
293,58.8799,58.8799,58.6728,58.79,13899
294,58.71,58.84,58.67,58.84,9924
295,58.66,58.72,58.635,58.71,7525
296,58.635,58.66,58.56,58.64,7300
297,58.59,58.64,58.55,58.63,12600
298,58.72,58.74,58.59,58.59,9021
299,58.74,58.74,58.69,58.71,3186
300,58.85,58.89,58.74,58.74,9536
301,58.945,58.95,58.85,58.85,12221
302,59.07,59.07,58.94,58.945,7050
303,59.15,59.15,59.08,59.08,7037
304,58.98,59.18,58.97,59.1447,5055
305,59.04,59.11,58.93,58.975,19974
306,59.04,59.09,59.01,59.01,2877
307,59.042,59.06,58.985,59.06,5341
308,59.06,59.08,59.02,59.055,3640
309,59.07,59.1,59.03,59.062,2577
310,59.11,59.14,59.05,59.1,5869
311,59.03,59.11,59.03,59.09,4227
312,59.03,59.09,58.98,59.07,4666
313,59.02,59.0312,58.99,59.03,4015
314,59.02,59.02,58.96,59.01,3134
315,59,59.01,58.96,59,8731
316,58.975,59.02,58.96,59.01,5870
317,58.988,59.08,58.96,58.975,12006
318,59.015,59.04,58.915,58.97,13340
319,58.98,59.03,58.95,59.03,6700
320,59.07,59.07,58.965,58.99,13028
321,58.965,59.06,58.935,59.06,45110
322,58.97,59.03,58.95,58.95,21072
323,58.985,59,58.97,58.98,26209
324,59.02,59.03,58.98,58.99,21219
325,59.05,59.065,58.99,59.02,25050
326,59.1,59.13,59.045,59.05,45158
327,59.16,59.2,59.09,59.1,154031
432,59.2,59.2,59.2,59.2,3875
433,59.325,59.35,59.14,59.16,13432
434,59.185,59.34,59.17,59.34,5522
435,59.21,59.25,59.1,59.16,12000
436,59.04,59.18,59.02,59.18,6474
437,58.77,59.0427,58.75,59.02,10421
438,58.71,58.82,58.71,58.75,10172
439,58.6,58.75,58.59,58.73,6359
440,58.715,58.72,58.6,58.61,4695
441,58.82,58.82,58.7,58.71,8837
442,58.92,58.95,58.82,58.82,11750
443,59.01,59.02,58.93,58.93,9551
444,58.93,59.04,58.93,59.0236,5931
445,58.92,58.94,58.89,58.94,11321
446,58.88,58.93,58.88,58.92,7692
447,58.89,58.91,58.832,58.88,7900
448,58.88,58.89,58.86,58.88,6054
449,58.88,58.88,58.85,58.86,3150
450,58.82,58.88,58.81,58.88,6230
451,58.82,58.82,58.75,58.805,5142
452,58.89,58.94,58.79,58.79,6579
453,58.8901,58.9,58.82,58.9,4001
454,58.89,58.92,58.87,58.89,6285
455,58.92,58.93,58.89,58.89,1000
456,58.98,59,58.93,58.93,2800
457,58.96,59.01,58.95,58.95,5960
458,58.93,58.96,58.89,58.96,4960
459,58.91,58.95,58.89,58.92,4069
460,58.88,58.9294,58.86,58.9294,6332
461,58.84,58.889,58.83,58.88,9126
462,58.81,58.84,58.79,58.84,4705
463,58.76,58.83,58.75,58.82,6428
464,58.81,58.81,58.75,58.78,6789
465,58.77,58.84,58.77,58.83,3807
466,58.8,58.8,58.76,58.79,5322
467,58.8,58.81,58.77,58.8,8859
468,58.79,58.805,58.7899,58.8,8710
469,58.78,58.81,58.78,58.8,18114
470,58.78,58.795,58.75,58.77,26407
471,58.76,58.81,58.76,58.79,130880
865,58.34,59.16,57.74,58.63,23908
866,58.38,58.41,58.25,58.33,8002
867,58.45,58.52,58.37,58.42,6626
868,58.54,58.6,58.44,58.44,10042
869,58.5625,58.58,58.52,58.55,15482
870,58.55,58.59,58.54,58.57,19646
871,58.41,58.55,58.41,58.55,4895
872,58.53,58.54,58.425,58.44,6616
873,58.47,58.56,58.4,58.54,8979
874,58.52,58.56,58.48,58.48,4699
875,58.6,58.6,58.47,58.52,19451
876,58.62,58.62,58.53,58.5875,5026
877,58.705,58.71,58.64,58.64,3854
878,58.7,58.78,58.63,58.71,26671
879,58.67,58.71,58.64,58.695,7817
880,58.78,58.79,58.65,58.68,17220
881,58.81,58.81,58.78,58.8,3816
882,58.83,58.85,58.81,58.81,7626
883,58.87,58.87,58.81,58.82,3861
884,58.91,58.96,58.81,58.85,3755
885,58.84,58.9,58.84,58.9,3919
886,58.91,58.91,58.84,58.84,9602
887,58.94,58.96,58.9,58.91,5036
888,58.99,59,58.9099,58.93,18515
889,59.01,59.01,58.97,58.99,9713
890,59.06,59.06,58.99,59,4444
891,59.03,59.05,59.03,59.05,2109
892,58.99,59.0385,58.99,59.03,9645
893,58.98,59.03,58.9667,59.01,5211
894,58.96,58.99,58.96,58.99,3012
895,58.945,58.99,58.93,58.96,7614
896,58.995,58.995,58.9202,58.9421,4937
897,58.98,58.99,58.94,58.99,4300
898,58.985,58.99,58.97,58.99,2106
899,59,59.01,58.98,59,4641
900,59,59.01,58.97,58.99,6630
901,58.9828,59,58.95,58.99,16835
902,58.965,58.99,58.94,58.99,19554
903,59.03,59.06,58.94,58.94,78675
a1494336600,59.97,60,59.97,60,8770
1,59.86,59.95,59.4,59.85,17596
2,59.8,59.91,59.79,59.84,18857
3,59.56,59.79,59.47,59.76,14050
4,59.615,59.67,59.55,59.56,16094
5,59.52,59.66,59.5,59.62,27949
6,59.42,59.525,59.33,59.51,17469
7,59.31,59.42,59.23,59.42,8971
8,59.3002,59.4,59.3,59.32,7658
9,59.49,59.49,59.3,59.3203,10356
10,59.52,59.595,59.4601,59.5,11895
11,59.46,59.54,59.46,59.54,4350
12,59.43,59.47,59.37,59.445,9459
13,59.46,59.47,59.38,59.43,7730
14,59.49,59.49,59.39,59.47,9373
15,59.65,59.65,59.52,59.55,7900
16,59.675,59.7,59.615,59.66,14233
17,59.69,59.7,59.65,59.675,10966
18,59.68,59.7,59.625,59.7,10904
19,59.635,59.69,59.605,59.68,6500
20,59.61,59.67,59.61,59.64,4510
21,59.62,59.65,59.58,59.6,6649
22,59.61,59.7,59.61,59.63,3436
23,59.6,59.62,59.565,59.61,4719
24,59.45,59.61,59.45,59.59,4765
25,59.44,59.4646,59.41,59.4646,8260
26,59.44,59.5,59.44,59.45,4105
27,59.44,59.505,59.425,59.425,4354
28,59.46,59.5,59.42,59.45,6523
29,59.4901,59.52,59.45,59.47,3126
30,59.49,59.52,59.48,59.51,10846
31,59.48,59.52,59.47,59.48,7429
32,59.49,59.5,59.49,59.49,3300
33,59.48,59.5,59.47,59.5,6813
34,59.535,59.59,59.48,59.48,11799
35,59.47,59.54,59.47,59.54,13520
36,59.48,59.49,59.46,59.47,14303
37,59.325,59.49,59.31,59.49,24202
38,59.35,59.37,59.23,59.32,33912
39,59.48,59.53,59.35,59.36,102181
144,59.01,59.01,59.01,59.01,14318
145,59.59,59.64,59.2301,59.39,1732
146,59.595,59.8,59.52,59.52,6974
147,59.6798,59.6798,59.52,59.61,3400
148,59.76,59.76,59.62,59.65,4881
149,59.69,59.83,59.69,59.79,8798
150,59.51,59.68,59.51,59.66,6281
151,59.43,59.52,59.41,59.49,2181
152,59.52,59.58,59.39,59.41,8191
153,59.54,59.58,59.44,59.49,8212
154,59.62,59.68,59.5499,59.5499,3602
155,59.69,59.69,59.63,59.6499,4708
156,59.79,59.85,59.69,59.69,10536
157,59.73,59.77,59.66,59.77,3000
158,59.71,59.73,59.69,59.73,3100
159,59.68,59.69,59.63,59.68,2800
160,59.7263,59.76,59.67,59.68,2771
161,59.8,59.8,59.72,59.72,2940
162,59.84,59.84,59.785,59.8,4154
163,59.85,59.88,59.84,59.85,4109
164,59.85,59.88,59.84,59.84,1990
165,59.89,59.89,59.85,59.85,5121
166,59.84,59.9,59.81,59.88,4938
167,59.77,59.82,59.76,59.8,3878
168,59.8499,59.8499,59.75,59.75,5169
169,59.79,59.85,59.76,59.83,6585
170,59.83,59.83,59.795,59.795,4549
171,59.75,59.84,59.75,59.83,2823
172,59.775,59.83,59.755,59.755,5660
173,59.85,59.87,59.76,59.76,7035
174,59.82,59.87,59.82,59.84,6249
175,59.89,59.92,59.83,59.83,11969
176,59.94,59.94,59.86,59.8807,10412
177,59.945,59.96,59.92,59.94,11783
178,59.99,60,59.945,59.95,13468
179,59.86,60,59.86,60,10656
180,59.82,59.87,59.76,59.87,14212
181,59.74,59.825,59.72,59.82,18061
182,59.74,59.76,59.71,59.745,31372
183,59.76,59.81,59.72,59.735,132979
288,59.76,59.76,59.76,59.76,4947
289,59.76,59.8485,59.72,59.76,2455
290,59.67,59.81,59.62,59.76,8735
291,59.43,59.65,59.41,59.65,7065
292,59.52,59.52,59.305,59.42,4455
293,59.58,59.65,59.4962,59.4962,9622
294,59.59,59.59,59.37,59.54,9494
295,59.6,59.6,59.43,59.58,8173
296,59.66,59.75,59.58,59.595,7901
297,59.68,59.7,59.62,59.67,6900
298,59.8525,59.87,59.73,59.73,12038
299,59.82,59.89,59.82,59.835,4060
300,59.84,59.91,59.84,59.85,8600
301,59.65,59.83,59.65,59.83,7001
302,59.75,59.75,59.62,59.6625,4100
303,59.87,59.91,59.75,59.75,8375
304,59.83,59.89,59.77,59.89,7000
305,59.83,59.8899,59.8001,59.84,6433
306,59.75,59.87,59.74,59.87,4750
307,59.8,59.8,59.76,59.7672,4757
308,59.72,59.795,59.7,59.795,6600
309,59.72,59.72,59.67,59.71,5680
310,59.78,59.8,59.75,59.76,8503
311,59.77,59.8028,59.75,59.765,9918
312,59.64,59.79,59.64,59.78,9206
313,59.75,59.77,59.63,59.63,5232
314,59.85,59.85,59.72,59.75,6200
315,59.8,59.875,59.75,59.859,6677
316,59.848,59.87,59.79,59.825,24079
317,59.86,59.87,59.83,59.83,9720
318,59.89,59.92,59.86,59.86,16481
319,59.82,59.895,59.82,59.88,7991
320,59.85,59.9,59.8,59.82,23566
321,59.95,59.96,59.83,59.855,14468
322,59.92,59.96,59.86,59.96,11468
323,59.8641,59.95,59.8641,59.915,8779
324,59.87,59.91,59.82,59.87,27050
325,59.92,59.92,59.865,59.88,17267
326,59.915,59.94,59.865,59.915,41134
327,59.91,59.93,59.87,59.93,104445
432,59.62,59.62,59.62,59.62,7048
433,59.65,59.81,59.25,59.25,9369
434,59.4,59.63,59.36,59.62,7115
435,59.4,59.45,59.2975,59.37,7123
436,59.28,59.41,59.27,59.41,8500
437,59.12,59.295,59.11,59.29,10854
438,59.16,59.26,59.08,59.12,7564
439,59.23,59.25,59.15,59.17,7091
440,59.25,59.29,59.145,59.24,6336
441,59.14,59.26,59.09,59.26,10365
442,58.95,59.17,58.93,59.17,14905
443,58.9045,58.94,58.79,58.94,20174
444,58.8,58.915,58.795,58.89,12000
445,58.89,58.93,58.82,58.82,14367
446,58.85,58.92,58.85,58.92,10974
447,58.83,58.9,58.82,58.85,19164
448,58.8,58.85,58.78,58.8,12613
449,58.69,58.8,58.67,58.795,14965
450,58.72,58.79,58.7,58.7,22755
451,58.75,58.81,58.705,58.71,11754
452,58.88,58.89,58.78,58.78,6000
453,58.84,58.92,58.8,58.88,7702
454,58.8362,58.87,58.83,58.84,5906
455,58.88,58.92,58.7975,58.83,10246
456,58.89,58.9,58.83,58.87,5588
457,58.82,58.9075,58.82,58.9,5774
458,58.855,58.8694,58.82,58.82,6539
459,58.88,58.89,58.85,58.85,6976
460,58.85,58.88,58.835,58.88,14511
461,58.85,58.895,58.84,58.86,9622
462,58.82,58.84,58.79,58.84,11130
463,58.81,58.825,58.75,58.82,9193
464,58.865,58.88,58.79,58.8,17230
465,58.88,58.9199,58.86,58.86,11308
466,58.89,58.94,58.85,58.88,17579
467,58.87,58.905,58.86,58.89,13000
468,58.8,58.885,58.795,58.87,12510
469,58.82,58.855,58.78,58.79,19333
470,58.8425,58.89,58.805,58.82,32633
471,58.73,58.825,58.72,58.82,96041
864,58.6,58.6,58.6,58.6,6303
865,58.76,58.949,58.57,58.949,7307
866,58.72,58.83,58.67,58.71,11805
867,58.78,58.865,58.74,58.77,17085
868,58.8,58.8601,58.75,58.78,13429
869,58.62,58.8,58.62,58.8,9258
870,58.525,58.665,58.51,58.64,9034
871,58.61,58.61,58.52,58.52,8900
872,58.69,58.73,58.61,58.61,5447
873,58.64,58.71,58.63,58.68,7346
874,58.84,58.86,58.67,58.67,13649
875,58.83,58.89,58.79,58.8432,11250
876,58.87,58.87,58.83,58.83,12982
877,58.8,58.87,58.78,58.87,11128
878,58.795,58.825,58.73,58.81,10153
879,58.79,58.81,58.75,58.79,9245
880,58.84,58.8545,58.805,58.805,5900
881,58.73,58.84,58.71,58.84,4201
882,58.77,58.77,58.73,58.73,2000
883,58.82,58.82,58.76,58.77,2014
884,58.78,58.8,58.76,58.8,4507
885,58.71,58.8,58.69,58.8,6400
886,58.736,58.74,58.715,58.72,1968
887,58.77,58.8,58.73,58.75,5536
888,58.74,58.79,58.73,58.75,4397
889,58.74,58.78,58.74,58.76,2984
890,58.74,58.77,58.72,58.74,2355
891,58.73,58.74,58.64,58.72,9336
892,58.735,58.735,58.7,58.72,3328
893,58.76,58.7605,58.74,58.74,3171
894,58.76,58.82,58.76,58.77,12946
895,58.75,58.78,58.72,58.76,4710
896,58.8,58.82,58.755,58.76,4346
897,58.8,58.82,58.79,58.81,6061
898,58.82,58.84,58.8001,58.8001,8649
899,58.845,58.85,58.8,58.8249,10983
900,58.94,58.97,58.84,58.85,17956
901,59.01,59.07,58.94,58.94,27881
902,59.11,59.13,58.995,59.005,44867
903,59.01,59.12,58.97,59.12,417002
a1494941400,59.24,59.24,59.24,59.24,8009
1,59.25,59.42,58.95,59,17560
2,59.41,59.52,59.26,59.26,9089
3,59.21,59.39,59.18,59.39,7585
4,59.27,59.31,59.21,59.26,11141
5,59.2225,59.24,59.21,59.21,4200
6,59.045,59.27,59.02,59.27,6670
7,58.95,59.0974,58.94,59.07,10142
8,59.03,59.03,58.86,58.94,9156
9,59.03,59.08,58.99,59.03,11866
10,59.21,59.21,59.02,59.03,10720
11,59.2054,59.24,59.14,59.21,8410
12,59.39,59.39,59.19,59.19,8060
13,59.32,59.405,59.31,59.39,5394
14,59.36,59.4,59.33,59.34,5700
15,59.44,59.45,59.38,59.38,5404
16,59.52,59.52,59.45,59.45,3795
17,59.52,59.55,59.4827,59.53,4720
18,59.5,59.54,59.45,59.53,2872
19,59.585,59.585,59.51,59.51,7061
20,59.59,59.62,59.55,59.61,3400
21,59.64,59.6525,59.6,59.6,6550
22,59.6865,59.6865,59.63,59.64,6104
23,59.71,59.71,59.68,59.68,4950
24,59.66,59.72,59.625,59.71,7018
25,59.78,59.78,59.66,59.66,5586
26,59.77,59.78,59.73,59.78,5032
27,59.77,59.775,59.73,59.77,7652
28,59.76,59.77,59.72,59.76,9064
29,59.77,59.815,59.74,59.76,9880
30,59.77,59.82,59.74,59.8,5393
31,59.81,59.82,59.77,59.8,6400
32,59.8199,59.82,59.81,59.81,8785
33,59.76,59.83,59.75,59.81,9178
34,59.68,59.82,59.67,59.77,12028
35,59.65,59.68,59.58,59.68,21343
36,59.71,59.71,59.655,59.655,10950
37,59.61,59.73,59.605,59.71,25366
38,59.545,59.61,59.49,59.61,53155
39,59.57,59.62,59.49,59.525,129369
144,59.05,59.26,59.05,59.26,21583
145,59.39,59.4485,59.05,59.05,53484
146,59.43,59.68,59.3768,59.39,28404
147,59.26,59.445,59.15,59.445,67402
148,59.09,59.28,58.89,59.25,34095
149,59.36,59.42,59.06,59.08,30635
150,59.36,59.4,59.2399,59.3499,21699
151,59.32,59.45,59.26,59.32,22042
152,59.405,59.51,59.285,59.32,21904
153,59.37,59.51,59.27,59.41,28313
154,59.305,59.425,59.28,59.4,36296
155,59.53,59.55,59.29,59.31,23930
156,59.385,59.559,59.315,59.55,30675
157,59.43,59.46,59.34,59.39,28564
158,59.54,59.56,59.43,59.43,23178
159,59.55,59.595,59.53,59.55,17625
160,59.25,59.54,59.25,59.54,45689
161,59.29,59.32,59.23,59.25,20246
162,59.29,59.31,59.23,59.29,20793
163,59.335,59.34,59.22,59.295,41784
164,59.41,59.43,59.34,59.34,8619
165,59.55,59.55,59.38,59.41,16567
166,59.54,59.59,59.49,59.56,9910
167,59.57,59.6,59.545,59.55,7673
168,59.44,59.56,59.44,59.53,25469
169,59.385,59.44,59.36,59.44,22058
170,59.28,59.39,59.27,59.385,24998
171,59.215,59.28,59.2,59.28,57060
172,59.27,59.32,59.21,59.21,16515
173,59.17,59.27,59.12,59.27,30674
174,59.16,59.28,59.07,59.16,22200
175,59.23,59.3,59.14,59.16,25209
176,58.98,59.27,58.87,59.235,41004
177,59.1375,59.18,58.95,58.974,21491
178,59.07,59.1699,59.07,59.13,29589
179,59.06,59.1,58.98,59.08,43009
180,58.92,59.08,58.9,59.08,28030
181,59.04,59.055,58.92,58.92,34511
182,58.81,59.07,58.8,59.04,63224
183,58.84,58.92,58.73,58.8,146192
288,58.55,58.55,58.55,58.55,6856
289,56.64,58.65,56.51,58.65,80579
290,56.49,56.83,56.14,56.69,90852
291,56.34,56.51,55.8,56.48,55901
292,56.45,56.61,56.21,56.265,44213
293,56.63,56.7,56.46,56.49,32680
294,56.55,56.62,56.3,56.62,29225
295,56.55,56.61,56.43,56.56,21951
296,56.35,56.54,56.2,56.54,23248
297,56.605,56.7,56.31,56.35,39105
298,56.62,56.675,56.45,56.605,29556
299,56.6,56.69,56.55,56.64,24584
300,56.53,56.699,56.53,56.56,35721
301,56.2875,56.525,56.2875,56.525,31458
302,56.275,56.37,56.145,56.26,26015
303,56.22,56.33,56.1,56.275,26949
304,56.12,56.26,56.02,56.225,30562
305,56.29,56.31,56.13,56.13,25774
306,56.475,56.48,56.29,56.29,20361
307,56.3891,56.45,56.34,56.45,12509
308,56.35,56.38,56.27,56.38,15022
309,56.53,56.53,56.26,56.36,19566
310,56.33,56.54,56.31,56.53,20387
311,56.47,56.51,56.33,56.33,17016
312,56.4204,56.485,56.37,56.465,13100
313,56.53,56.53,56.425,56.44,22572
314,56.4841,56.56,56.45,56.515,23971
315,56.62,56.63,56.45,56.5,26441
316,56.72,56.74,56.6068,56.63,13698
317,56.47,56.73,56.42,56.73,18739
318,56.71,56.72,56.49,56.49,21854
319,56.8,56.86,56.72,56.72,28137
320,56.78,56.85,56.745,56.8,29486
321,56.66,56.78,56.58,56.76,39861
322,56.76,56.78,56.66,56.68,28303
323,56.76,56.85,56.745,56.76,45359
324,56.69,56.8,56.67,56.77,44453
325,56.69,56.78,56.6,56.695,56403
326,56.71,56.71,56.55,56.69,60139
327,56.5,56.72,56.48,56.72,239919
432,56.4,56.4,56.4,56.4,8339
433,57.12,57.15,56.4,56.4,29047
434,57.57,57.6,57.06,57.06,16202
435,57.51,57.59,57.43,57.56,13147
436,57.28,57.49,57.19,57.48,13046
437,57.43,57.4988,57.26,57.3,13062
438,57.46,57.46,57.319,57.44,15462
439,57.45,57.46,57.37,57.46,13187
440,57.36,57.44,57.36,57.43,12592
441,57.33,57.365,57.31,57.36,10598
442,57.3,57.355,57.27,57.33,17894
443,57.16,57.28,57.12,57.28,14265
444,57.22,57.22,57.16,57.16,13404
445,57.2,57.25,57.175,57.22,23748
446,57.01,57.205,57.01,57.19,18751
447,57.11,57.11,57,57.01,22069
448,57.04,57.12,57.04,57.12,11537
449,57.085,57.12,57.01,57.04,14379
450,57.12,57.14,57.08,57.09,12657
451,57.14,57.14,57.12,57.12,5662
452,57.26,57.26,57.15,57.15,11544
453,57.23,57.285,57.23,57.28,12314
454,57.28,57.3,57.23,57.24,17339
455,57.31,57.31,57.28,57.28,5200
456,57.34,57.355,57.31,57.31,7629
457,57.32,57.35,57.26,57.34,7990
458,57.3,57.33,57.265,57.31,5756
459,57.37,57.375,57.31,57.31,10106
460,57.35,57.43,57.35,57.38,12208
461,57.34,57.4,57.34,57.37,16464
462,57.39,57.4,57.32,57.33,13151
463,57.41,57.41,57.37,57.39,12927
464,57.39,57.46,57.38,57.42,12806
465,57.37,57.42,57.36,57.39,11057
466,57.26,57.4,57.26,57.39,16104
467,57.17,57.3,57.17,57.27,18816
468,57.18,57.23,57.18,57.18,16229
469,57.16,57.17,57.07,57.17,25276
470,57.1,57.2,57.05,57.17,33803
471,57.09,57.18,57,57.085,125774
864,57.42,57.42,57.42,57.42,6659
865,57.59,57.86,57.41,57.42,13031
866,57.55,57.615,57.5,57.57,8034
867,57.38,57.57,57.38,57.57,4047
868,57.36,57.55,57.32,57.4,8458
869,57.38,57.42,57.34,57.35,6743
870,57.3275,57.38,57.275,57.38,6646
871,57.22,57.35,57.1575,57.35,6426
872,57.26,57.34,57.22,57.22,7606
873,57.36,57.365,57.2575,57.27,5364
874,57.45,57.4541,57.3075,57.35,19140
875,57.62,57.62,57.46,57.46,10395
876,57.56,57.62,57.55,57.62,5853
877,57.49,57.6,57.45,57.6,5293
878,57.4,57.49,57.4,57.49,4000
879,57.46,57.46,57.39,57.4,6411
880,57.46,57.5,57.46,57.47,6047
881,57.555,57.555,57.445,57.46,7050
882,57.4962,57.56,57.48,57.55,6717
883,57.51,57.52,57.48,57.49,4586
884,57.485,57.54,57.46,57.53,9350
885,57.4,57.5,57.4,57.46,6152
886,57.41,57.41,57.36,57.41,6150
887,57.33,57.41,57.3,57.4,6254
888,57.37,57.39,57.325,57.33,5850
889,57.33,57.39,57.33,57.37,3500
890,57.34,57.355,57.32,57.33,6125
891,57.33,57.37,57.33,57.35,5499
892,57.31,57.33,57.28,57.33,10132
893,57.34,57.38,57.31,57.31,9675
894,57.33,57.4,57.29,57.37,10683
895,57.42,57.42,57.345,57.36,6845
896,57.47,57.485,57.42,57.42,6729
897,57.5,57.5,57.42,57.46,8846
898,57.47,57.5,57.424,57.5,13067
899,57.33,57.48,57.33,57.48,28372
900,57.37,57.42,57.35,57.35,24428
901,57.515,57.53,57.36,57.37,45140
902,57.54,57.61,57.52,57.52,40755
903,57.45,57.55,57.39,57.54,110298
a1495546200,57.64,57.64,57.64,57.64,9067
1,57.55,57.84,57.5,57.64,21743
2,57.17,57.6,57.16,57.59,14910
3,57,57.17,56.99,57.17,22670
4,57.05,57.11,56.96,57.005,24462
5,57.09,57.12,57,57.06,24814
6,57.23,57.29,57.03,57.07,17621
7,57.29,57.3,57.21,57.26,10995
8,57.38,57.39,57.2799,57.3,16642
9,57.55,57.55,57.4,57.4,11637
10,57.55,57.57,57.53,57.55,9398
11,57.51,57.63,57.51,57.55,10333
12,57.62,57.63,57.5,57.5,11069
13,57.6,57.665,57.58,57.64,9192
14,57.66,57.67,57.595,57.6,10444
15,57.59,57.69,57.59,57.66,10394
16,57.565,57.63,57.54,57.6048,7106
17,57.56,57.59,57.56,57.57,6799
18,57.52,57.54,57.48,57.5,6512
19,57.56,57.56,57.4801,57.51,7897
20,57.51,57.61,57.51,57.565,12292
21,57.5,57.52,57.47,57.51,5475
22,57.48,57.54,57.47,57.4966,7997
23,57.54,57.58,57.48,57.51,6333
24,57.56,57.61,57.53,57.56,10697
25,57.56,57.57,57.5,57.56,6397
26,57.58,57.58,57.55,57.57,6400
27,57.54,57.6,57.51,57.59,9355
28,57.44,57.57,57.44,57.57,17020
29,57.45,57.48,57.42,57.46,15080
30,57.431,57.47,57.4036,57.42,13539
31,57.58,57.58,57.43,57.435,13839
32,57.645,57.68,57.57,57.58,20748
33,57.65,57.655,57.6,57.655,12250
34,57.74,57.75,57.65,57.66,15670
35,57.64,57.75,57.64,57.75,14768
36,57.66,57.67,57.6,57.64,17488
37,57.67,57.67,57.58,57.66,26114
38,57.64,57.67,57.58,57.66,35621
39,57.67,57.68,57.57,57.635,224905
144,57.92,57.92,57.92,57.92,9547
145,58.065,58.24,57.95,57.955,8777
146,57.85,58.11,57.85,58.05,21065
147,57.96,57.96,57.71,57.88,11289
148,57.87,58.01,57.85,57.9545,9805
149,57.81,57.8733,57.7,57.87,7236
150,57.93,57.975,57.79,57.81,12718
151,57.83,57.935,57.81,57.92,7389
152,57.85,57.88,57.8,57.8497,33621
153,57.74,57.87,57.71,57.87,9713
154,57.745,57.78,57.73,57.75,14100
155,57.68,57.775,57.66,57.74,12205
156,57.91,57.93,57.69,57.69,12609
157,57.89,58.02,57.8609,57.92,13506
158,58.04,58.05,57.9,57.9,10829
159,57.77,58.05,57.76,58.04,9849
160,57.72,57.79,57.705,57.77,7633
161,57.72,57.76,57.69,57.73,8568
162,57.74,57.74,57.66,57.69,9550
163,57.7083,57.75,57.7,57.72,5566
164,57.77,57.81,57.705,57.705,12930
165,57.86,57.91,57.745,57.745,18305
166,57.86,57.87,57.815,57.85,8100
167,57.85,57.91,57.85,57.86,7114
168,57.89,57.92,57.84,57.84,10201
169,57.91,57.91,57.83,57.88,9994
170,57.95,57.97,57.91,57.91,9969
171,58.04,58.1,57.94,57.94,25931
172,58.08,58.1,57.98,58.07,10512
173,58.07,58.16,58.06,58.07,38661
174,58.09,58.12,57.98,58.06,103007
175,58.08,58.1,58.015,58.06,21594
176,58.14,58.16,58.07,58.09,47962
177,58.195,58.21,58.12,58.14,22293
178,58.17,58.22,58.15,58.2,30057
179,58.21,58.245,58.13,58.175,27004
180,58.2,58.225,58.19,58.22,20110
181,58.3,58.33,58.2,58.2,36811
182,58.35,58.44,58.3,58.3,69606
183,58.48,58.54,58.34,58.345,263983
288,58.99,58.99,58.99,58.99,13722
289,58.71,59.1,58.6,58.985,19707
290,58.69,58.75,58.66,58.75,18449
291,58.71,58.71,58.67,58.7,13635
292,59.038,59.08,58.725,58.725,12757
293,59.06,59.14,59.03,59.04,10124
294,58.98,59.076,58.91,59.05,8634
295,59.17,59.17,58.99,58.99,15585
296,59.31,59.347,59.19,59.206,19677
297,59.3,59.39,59.28,59.33,17537
298,59.32,59.35,59.2,59.27,30461
299,59.26,59.337,59.25,59.32,11422
300,59.22,59.29,59.14,59.27,14976
301,59.16,59.217,59.105,59.217,12253
302,59.23,59.24,59.12,59.15,11200
303,59.18,59.25,59.17,59.23,10107
304,59.15,59.2,59.0901,59.17,14257
305,59.21,59.2301,59.16,59.177,13622
306,59.19,59.24,59.17,59.2,13311
307,59.34,59.34,59.19,59.2,11300
308,59.41,59.41,59.32,59.35,9291
309,59.35,59.44,59.35,59.41,11941
310,59.25,59.405,59.23,59.38,13471
311,59.25,59.255,59.2,59.255,10993
312,59.23,59.255,59.22,59.24,8400
313,59.2,59.23,59.18,59.23,15721
314,59.2801,59.36,59.21,59.21,12050
315,59.26,59.3083,59.23,59.29,10966
316,59.31,59.36,59.26,59.289,14643
317,59.29,59.33,59.22,59.3,28447
318,59.36,59.4,59.29,59.29,19052
319,59.46,59.46,59.36,59.36,14036
320,59.44,59.49,59.41,59.46,15743
321,59.5,59.528,59.41,59.425,22482
322,59.48,59.548,59.44,59.5,17605
323,59.48,59.5,59.44,59.49,17973
324,59.4,59.48,59.34,59.47,27766
325,59.46,59.49,59.38,59.4,20940
326,59.43,59.5,59.41,59.465,32248
327,59.39,59.43,59.31,59.43,79836
432,59.16,59.16,59.16,59.16,4077
433,59.34,59.42,58.53,59.16,21714
434,59.2,59.33,58.99,59.33,10650
435,59.08,59.23,59,59.21,7319
436,59.12,59.21,59.09,59.14,5507
437,59.12,59.16,59.045,59.13,5047
438,59.21,59.2299,59.09,59.15,10203
439,59.18,59.2,59.11,59.2,9220
440,59.035,59.16,59.02,59.16,6596
441,59.09,59.11,58.99,59.03,13200
442,59.07,59.14,59.07,59.12,11988
443,59.04,59.11,59.02,59.06,16159
444,59.08,59.1,59.04,59.04,7085
445,59.07,59.11,59.05,59.07,11054
446,59.09,59.11,59.08,59.08,8925
447,59,59.11,59,59.11,10456
448,59.18,59.2,59,59,11623
449,59.1,59.2,59.1,59.18,4241
450,59.01,59.13,59,59.09,6600
451,58.98,59.03,58.9,59.03,14938
452,59.01,59.03,58.99,58.99,3000
453,58.98,58.99,58.9201,58.99,8337
454,59.1,59.12,58.96,58.97,7100
455,59.12,59.14,59.11,59.12,6591
456,59.13,59.17,59.1,59.13,13966
457,59.1,59.15,59.1,59.1399,3985
458,59.06,59.105,59.02,59.1,6858
459,59.105,59.1106,59.07,59.07,4227
460,59.17,59.17,59.11,59.11,17353
461,59.23,59.235,59.155,59.155,15019
462,59.3,59.39,59.23,59.23,21326
463,59.28,59.29,59.24,59.29,13612
464,59.29,59.29,59.26,59.275,10265
465,59.35,59.37,59.27,59.28,23488
466,59.32,59.355,59.28,59.34,23934
467,59.37,59.37,59.26,59.31,19721
468,59.375,59.39,59.36,59.37,17781
469,59.21,59.375,59.21,59.37,20112
470,59.33,59.34,59.155,59.2,52835
471,59.33,59.37,59.24,59.33,120937
a1496151000,59.26,59.26,59.26,59.26,4152
1,59.245,59.39,58.84,58.84,7725
2,59.25,59.43,59.22,59.24,13189
3,59.3,59.32,59.19,59.22,8251
4,59.14,59.2901,59.09,59.2901,4800
5,59.13,59.22,59.08,59.18,7000
6,59.13,59.205,59.0975,59.18,13733
7,59.11,59.16,59.085,59.13,8800
8,59.17,59.28,59.11,59.11,12631
9,59.18,59.25,59.18,59.2,16412
10,59.21,59.29,59.165,59.19,12075
11,59.16,59.23,59.15,59.23,3220
12,59.1194,59.19,59.1,59.1601,6324
13,59.16,59.18,59.11,59.11,5671
14,59.14,59.17,59.1,59.15,7191
15,59.12,59.16,59.1,59.155,3869
16,59.1,59.16,59.1,59.14,3114
17,59.08,59.11,59.03,59.1,5367
18,59.1,59.1,59.05,59.0601,7621
19,59.0801,59.16,59.07,59.1,5882
20,59.09,59.11,59.05,59.109,6356
21,59.15,59.15,59.05,59.09,3807
22,59.18,59.19,59.12,59.16,5292
23,59.2,59.25,59.2,59.21,2700
24,59.23,59.24,59.2,59.2,3900
25,59.33,59.34,59.22,59.22,5282
26,59.39,59.4,59.34,59.34,4719
27,59.49,59.49,59.42,59.42,7877
28,59.5326,59.5326,59.453,59.49,13179
29,59.52,59.58,59.52,59.53,18066
30,59.55,59.55,59.48,59.53,13430
31,59.451,59.55,59.45,59.55,10003
32,59.5141,59.535,59.47,59.4799,13341
33,59.51,59.54,59.47,59.53,21363
34,59.45,59.59,59.45,59.52,20552
35,59.32,59.46,59.31,59.45,17464
36,59.32,59.33,59.2701,59.295,10252
37,59.395,59.395,59.3,59.32,17204
38,59.34,59.45,59.33,59.4,29956
39,59.37,59.43,59.32,59.33,60158
144,59.59,59.59,59.59,59.59,3400
145,59.65,59.72,59.55,59.55,6742
146,59.59,59.72,59.53,59.6301,6954
147,59.49,59.61,59.49,59.59,7825
148,59.39,59.4925,59.37,59.48,16884
149,59.52,59.52,59.37,59.4,19060
150,59.63,59.65,59.525,59.54,9042
151,59.83,59.84,59.64,59.66,11937
152,59.8409,59.88,59.8,59.84,10207
153,59.87,59.92,59.82,59.83,33145
154,59.73,59.875,59.72,59.875,15902
155,59.77,59.81,59.72,59.72,11932
156,59.76,59.79,59.68,59.77,8913
157,59.77,59.785,59.73,59.77,7646
158,59.77,59.78,59.7,59.76,11719
159,59.74,59.8,59.72,59.8,15152
160,59.76,59.77,59.72,59.725,8654
161,59.665,59.72,59.66,59.72,8574
162,59.59,59.66,59.5375,59.66,6561
163,59.66,59.69,59.57,59.5929,12583
164,59.65,59.69,59.65,59.6661,8916
165,59.73,59.73,59.65,59.65,6100
166,59.72,59.75,59.695,59.71,3567
167,59.735,59.81,59.71,59.75,8589
168,59.725,59.77,59.72,59.72,8263
169,59.72,59.8,59.72,59.73,4909
170,59.76,59.81,59.73,59.73,5402
171,59.79,59.8,59.72,59.76,9583
172,59.74,59.82,59.74,59.81,8900
173,59.77,59.77,59.7,59.75,10248
174,59.82,59.82,59.73,59.79,7230
175,59.8,59.8,59.72,59.8,6017
176,59.81,59.85,59.79,59.79,11599
177,59.88,59.88,59.79,59.79,18566
178,59.88,59.92,59.86,59.89,21472
179,59.95,59.95,59.83,59.88,21064
180,59.98,60.06,59.95,59.95,44833
181,60.02,60.06,59.97,59.97,18384
182,60.15,60.18,60.01,60.02,84597
183,60.18,60.25,60.1,60.15,761674
288,60.27,60.27,60.27,60.27,4337
289,60.29,60.47,60.22,60.3,9383
290,60.43,60.48,60.31,60.31,8834
291,60.54,60.6,60.44,60.45,11483
292,60.54,60.64,60.48,60.53,7894
293,60.64,60.64,60.514,60.514,6899
294,60.83,60.83,60.68,60.68,9194
295,60.51,60.815,60.51,60.8001,8672
296,60.55,60.57,60.47,60.53,13440
297,60.5,60.53,60.46,60.501,7174
298,60.43,60.53,60.39,60.5,10072
299,60.35,60.45,60.35,60.435,7600
300,60.425,60.45,60.36,60.36,9778
301,60.42,60.48,60.38,60.43,13378
302,60.46,60.48,60.4,60.4,8143
303,60.6596,60.67,60.47,60.48,25343
304,60.68,60.71,60.59,60.67,6684
305,60.8,60.81,60.68,60.7,9603
306,60.86,60.88,60.766,60.78,9009
307,60.79,60.88,60.75,60.86,9555
308,60.76,60.8,60.73,60.8,9272
309,60.76,60.81,60.72,60.76,9970
310,60.75,60.79,60.74,60.77,15887
311,60.9099,60.91,60.7478,60.76,13021
312,60.987,60.99,60.9,60.9,6468
313,60.9975,61,60.92,60.96,13810
314,61.24,61.27,60.99,60.99,28352
315,61.3,61.315,61.16,61.25,12578
316,61.34,61.37,61.27,61.31,12283
317,61.3244,61.44,61.32,61.34,10868
318,61.14,61.32,61.08,61.31,16465
319,61.03,61.12,61.01,61.12,22154
320,61.09,61.12,61.02,61.05,14700
321,61.02,61.1,60.99,61.0863,13067
322,61.01,61.08,61.01,61.0224,28905
323,60.99,61.01,60.93,61.01,20050
324,60.97,61,60.96,60.98,15728
325,61.055,61.06,60.95,60.96,32928
326,61.02,61.1,61.01,61.07,34368
327,61.12,61.16,60.89,61.0325,224816
432,60.93,60.93,60.93,60.93,5930
433,61.53,61.53,60.83,61.14,31611
434,61.36,61.59,61.2166,61.56,12115
435,61.41,61.4399,61.26,61.38,8420
436,61.275,61.45,61.25,61.43,21960
437,61.13,61.31,61.13,61.26,11576
438,61.2,61.24,61.06,61.14,6880
439,61.1,61.225,61.08,61.22,4041
440,61.14,61.17,61.09,61.13,6800
441,61.11,61.18,61.075,61.1,11000
442,60.95,61.12,60.95,61.12,106128
443,60.96,61,60.94,60.96,13141
444,60.99,61.04,60.96,61,10700
445,60.98,61.02,60.96,60.98,9315
446,60.96,61.07,60.96,60.98,9224
447,61,61.05,60.96,60.99,6327
448,60.89,60.99,60.86,60.99,10322
449,60.89,60.95,60.87,60.89,11325
450,60.88,60.92,60.86,60.89,7833
451,60.89,60.9,60.86,60.9,6203
452,61.06,61.06,60.9,60.9,7225
453,61.07,61.07,60.99,61.05,5808
454,61.03,61.06,61,61.06,3753
455,61.005,61.05,60.99,61.04,4055
456,61,61.06,60.9772,61.005,8629
457,61.03,61.06,60.99,61.03,4395
458,61.07,61.07,61,61.0203,6011
459,61.09,61.1,61.04,61.05,13034
460,61.13,61.1599,61.11,61.11,5100
461,61.18,61.18,61.0803,61.09,10810
462,61.08,61.19,61.08,61.18,5174
463,61.09,61.13,61.08,61.11,9880
464,61.08,61.14,61.07,61.08,8182
465,61.1,61.12,61.08,61.09,8843
466,61.17,61.17,61.08,61.08,9753
467,61.1,61.18,61.09,61.18,14430
468,61.18,61.18,61.04,61.11,22488
469,61.19,61.19,61.15,61.15,7773
470,61.13,61.1731,61.08,61.1731,51821
471,61.24,61.25,61.15,61.16,137293
864,61.22,61.22,61.22,61.22,2223
865,61.21,61.21,60.161,60.51,12846
866,61.23,61.35,61.14,61.19,18225
867,61.26,61.32,61.16,61.25,11600
868,61.32,61.37,61.22,61.265,94319
869,61.41,61.5199,61.28,61.3099,6075
870,61.53,61.54,61.4,61.435,7117
871,61.245,61.5082,61.19,61.5082,9283
872,61.34,61.35,61.235,61.26,11051
873,61.43,61.475,61.28,61.28,11532
874,61.425,61.47,61.4,61.425,9487
875,61.48,61.505,61.425,61.425,12389
876,61.31,61.47,61.31,61.47,6359
877,61.24,61.36,61.22,61.36,4907
878,61.27,61.3,61.23,61.24,8994
879,61.335,61.35,61.26,61.265,6649
880,61.375,61.4,61.33,61.33,7287
881,61.36,61.42,61.34,61.38,9408
882,61.2675,61.33,61.2,61.33,9906
883,61.34,61.38,61.27,61.29,9101
884,61.39,61.41,61.34,61.34,4925
885,61.35,61.4,61.33,61.385,10027
886,61.36,61.415,61.325,61.345,8866
887,61.39,61.4,61.34,61.36,3268
888,61.36,61.41,61.3425,61.385,9187
889,61.43,61.43,61.35,61.36,8043
890,61.4875,61.5,61.3999,61.41,32871
891,61.4,61.5,61.4,61.5,10137
892,61.39,61.42,61.38,61.38,9700
893,61.39,61.44,61.38,61.38,12690
894,61.5,61.5,61.385,61.39,9414
895,61.49,61.5,61.455,61.5,10873
896,61.475,61.5,61.46,61.48,18428
897,61.47,61.5,61.42,61.46,41000
898,61.34,61.48,61.3,61.44,7850
899,61.22,61.35,61.2,61.33,7308
900,61.23,61.24,61.15,61.225,12447
901,61.22,61.27,61.2,61.25,10067
902,61.23,61.24,61.22,61.22,31279
903,61.24,61.24,61.17,61.22,55959
a1496755800,61.02,61.02,61.02,61.02,6214
1,61.06,61.14,60.96,61.02,5812
2,61.2096,61.28,61.01,61.1,43556
3,61.265,61.3,61.19,61.21,5365
4,61.15,61.35,61.15,61.28,13164
5,61.28,61.3249,61.21,61.21,6030
6,61.4,61.4,61.27,61.285,3791
7,61.42,61.44,61.38,61.4,10084
8,61.46,61.47,61.4,61.41,5012
9,61.45,61.53,61.45,61.48,23769
10,61.25,61.48,61.24,61.46,9990
11,61.17,61.31,61.17,61.27,7896
12,61.305,61.305,61.19,61.19,8042
13,61.28,61.365,61.28,61.325,13308
14,61.255,61.32,61.22,61.3,7328
15,61.29,61.3,61.25,61.27,7100
16,61.39,61.44,61.3,61.3,7776
17,61.37,61.4,61.37,61.39,4225
18,61.45,61.4873,61.36,61.37,51403
19,61.31,61.44,61.31,61.44,11488
20,61.23,61.31,61.23,61.31,7200
21,61.26,61.27,61.21,61.22,4944
22,61.27,61.29,61.23,61.24,3600
23,61.35,61.35,61.26,61.3,7215
24,61.37,61.37,61.275,61.34,4176
25,61.355,61.37,61.32,61.37,7047
26,61.38,61.39,61.34,61.355,2652
27,61.35,61.3935,61.35,61.38,5648
28,61.4003,61.42,61.3667,61.37,6663
29,61.43,61.44,61.38,61.4,7086
30,61.36,61.42,61.34,61.42,6630
31,61.395,61.44,61.36,61.36,5639
32,61.47,61.4929,61.41,61.41,5150
33,61.43,61.46,61.42,61.46,7282
34,61.46,61.51,61.435,61.44,9815
35,61.53,61.55,61.44,61.46,6896
36,61.49,61.58,61.48,61.55,15812
37,61.47,61.51,61.4,61.49,16440
38,61.405,61.48,61.4,61.47,25972
39,61.39,61.46,61.38,61.41,58519
144,61.67,61.67,61.67,61.67,4167
145,61.93,61.98,61.63,61.77,13065
146,62.13,62.13,61.88,61.93,26560
147,62.23,62.23,62.08,62.08,17331
148,62.31,62.32,62.22,62.24,16229
149,62.1175,62.38,62.1175,62.31,137892
150,61.88,62.11,61.88,62.09,6674
151,61.88,61.93,61.86,61.86,32772
152,62,62,61.88,61.88,10682
153,62.045,62.05,61.96,62,7930
154,62.06,62.09,62.02,62.05,13228
155,61.83,62.08,61.83,62.06,10789
156,61.75,61.88,61.75,61.8292,7322
157,61.8,61.82,61.73,61.76,9689
158,61.91,61.91,61.78,61.79,7699
159,61.88,61.96,61.88,61.88,29087
160,61.9,61.94,61.83,61.88,9054
161,61.85,61.895,61.83,61.895,4900
162,61.85,61.86,61.82,61.84,7276
163,61.83,61.87,61.81,61.85,10798
164,61.82,61.86,61.805,61.83,10270
165,61.66,61.8,61.62,61.8,6736
166,61.64,61.69,61.61,61.67,6284
167,61.59,61.65,61.579,61.62,6149
168,61.6,61.61,61.54,61.555,3368
169,61.57,61.6,61.56,61.57,31797
170,61.545,61.585,61.535,61.56,4851
171,61.595,61.61,61.54,61.55,5595
172,61.61,61.65,61.58,61.58,6114
173,61.59,61.61,61.55,61.59,12266
174,61.63,61.67,61.58,61.58,12501
175,61.63,61.68,61.6,61.63,17487
176,61.64,61.67,61.57,61.625,14881
177,61.64,61.65,61.62,61.63,10332
178,61.77,61.77,61.63,61.64,17645
179,61.78,61.85,61.73,61.77,16198
180,61.9099,61.91,61.785,61.785,18283
181,61.84,61.97,61.84,61.91,27224
182,61.99,62.02,61.84,61.845,39487
183,62.02,62.05,61.97,62.01,195245
288,62.18,62.18,62.18,62.18,3601
289,61.715,62.25,61.495,62.03,12582
290,61.89,61.96,61.67,61.76,14714
291,62.06,62.2127,61.86,61.89,46874
292,62.11,62.18,62.02,62.08,14270
293,62.17,62.25,62.11,62.12,10333
294,61.98,62.18,61.98,62.17,19199
295,62.035,62.09,61.98,61.98,8000
296,62.41,62.41,62.04,62.05,15961
297,62.38,62.46,62.31,62.41,15548
298,62.26,62.41,62.2,62.36,117209
299,62.3852,62.3852,62.26,62.26,39908
300,62.55,62.55,62.4,62.4,16206
301,62.63,62.64,62.53,62.55,13992
302,62.48,62.62,62.48,62.61,13150
303,62.37,62.48,62.36,62.48,16310
304,62.405,62.405,62.32,62.37,8454
305,62.51,62.52,62.4,62.41,16141
306,62.53,62.6,62.51,62.53,15002
307,62.54,62.5738,62.53,62.53,8650
308,62.5893,62.59,62.54,62.54,8863
309,62.62,62.62,62.56,62.58,6676
310,62.68,62.68,62.62,62.625,8864
311,62.69,62.71,62.67,62.69,6989
312,62.74,62.76,62.69,62.69,16196
313,62.755,62.769,62.703,62.75,9966
314,62.76,62.77,62.72,62.745,10297
315,62.8,62.86,62.77,62.79,12601
316,62.9,62.9,62.805,62.81,24963
317,62.79,62.91,62.78,62.91,14001
318,62.5993,62.81,62.5993,62.79,34237
319,62.63,62.63,62.56,62.59,15243
320,62.44,62.63,62.4,62.63,24121
321,62.48,62.4836,62.44,62.45,19287
322,62.45,62.5299,62.44,62.47,10454
323,62.51,62.53,62.42,62.465,8637
324,62.62,62.635,62.52,62.52,62186
325,62.51,62.62,62.48,62.62,19528
326,62.62,62.62,62.51,62.51,37957
327,62.64,62.68,62.57,62.62,122700
432,62.87,62.87,62.87,62.87,4289
433,62.68,62.97,62.59,62.88,4750
434,62.97,63,62.665,62.68,13323
435,63.15,63.2,62.94,62.97,9467
436,63.08,63.15,63.04,63.14,11771
437,63.1,63.1022,63.02,63.02,7094
438,63,63.07,62.94,63.07,7440
439,63,63.01,62.92,62.97,6712
440,62.99,63.12,62.98,63,12409
441,62.99,63,62.92,62.97,6908
442,62.9,63,62.9,62.99,6100
443,62.9,62.92,62.83,62.915,8899
444,62.81,62.89,62.77,62.89,9151
445,62.77,62.84,62.75,62.81,5911
446,62.77,62.79,62.75,62.76,6500
447,62.7,62.78,62.7,62.75,7813
448,62.67,62.7,62.63,62.66,9596
449,62.56,62.69,62.53,62.68,19980
450,62.44,62.55,62.42,62.55,9069
451,62.35,62.49,62.33,62.46,5952
452,62.31,62.37,62.29,62.36,6861
453,62.31,62.35,62.27,62.32,6915
454,62.28,62.35,62.23,62.3,11890
455,62.1,62.24,62.04,62.22,18408
456,62.08,62.09,62.01,62.08,12666
457,61.86,62.1,61.83,62.1,9900
458,61.8,61.91,61.78,61.85,6837
459,61.475,61.79,61.45,61.78,14918
460,61.43,61.58,61.43,61.49,71496
461,61.36,61.465,61.311,61.45,13198
462,61.34,61.43,61.32,61.41,10794
463,61.18,61.37,61.14,61.34,12148
464,60.71,61.22,60.71,61.195,18273
465,60.63,60.76,60.6,60.63,34594
466,61,61,60.635,60.635,91176
467,60.98,61.02,60.93,61,36925
468,60.935,61.02,60.85,60.995,40533
469,60.79,60.945,60.74,60.935,44009
470,60.64,60.8,60.61,60.8,51227
471,60.79,60.82,60.61,60.61,134669
864,60.21,60.21,60.21,60.21,7835
865,60.68,61.03,60.15,60.15,51421
866,60.27,60.805,60.23,60.73,27148
867,60.3,60.46,59.87,60.27,38371
868,59.58,60.29,59.55,60.268,55561
869,60.28,60.3,59.59,59.59,22078
870,60.29,60.47,60.08,60.28,12288
871,60.53,60.59,60.17,60.28,16034
872,60.87,60.895,60.5,60.51,16608
873,61.02,61.06,60.79,60.82,29100
874,61.04,61.14,61,61.01,17904
875,61,61.15,60.97,61.01,12004
876,61.09,61.215,61.025,61.025,27057
877,60.98,61.15,60.97,61.11,16007
878,60.66,60.98,60.66,60.94,7631
879,60.67,60.68,60.56,60.68,11591
880,60.55,60.67,60.54,60.66,5552
881,60.7,60.71,60.56,60.58,17547
882,60.58,60.74,60.49,60.71,23993
883,60.78,60.78,60.63,60.65,13426
884,60.81,60.81,60.69,60.77,14941
885,60.63,60.82,60.61,60.8,10513
886,60.72,60.75,60.63,60.63,12282
887,60.77,60.84,60.71,60.72,7721
888,60.845,60.86,60.78,60.78,16866
889,60.82,60.88,60.77,60.85,12901
890,60.74,60.84,60.72,60.79,23196
891,60.74,60.81,60.695,60.73,30349
892,60.79,60.79,60.7,60.73,10020
893,60.775,60.87,60.76,60.78,10473
894,60.79,60.8234,60.68,60.775,15777
895,60.9299,60.97,60.73,60.78,20122
896,60.93,60.96,60.88,60.92,23957
897,60.86,60.95,60.85,60.93,15599
898,60.94,60.96,60.81,60.83,11664
899,60.98,61.01,60.93,60.95,17377
900,60.9,61.01,60.89,60.99,28686
901,60.985,61.01,60.88,60.9,15314
902,60.885,60.985,60.85,60.985,42580
903,60.98,61.04,60.885,60.885,114420
a1497360600,61.63,61.63,61.07,61.07,6536
1,61.36,61.77,60.98,61.75,10556
2,61.44,61.44,61.29,61.34,13575
3,61.4,61.45,61.29,61.42,12750
4,61.38,61.54,61.306,61.405,16938
5,61.37,61.5,61.3505,61.42,6398
6,61.375,61.43,61.35,61.365,8014
7,61.49,61.57,61.38,61.385,18278
8,61.32,61.505,61.3,61.505,20594
9,61.17,61.355,61.13,61.32,20753
10,61.43,61.43,61.17,61.21,12808
11,61.5,61.52,61.4,61.41,5347
12,61.42,61.52,61.4,61.5182,6946
13,61.43,61.49,61.36,61.44,6308
14,61.5,61.52,61.405,61.405,4210
15,61.565,61.565,61.46,61.485,6811
16,61.52,61.625,61.52,61.62,5100
17,61.55,61.56,61.52,61.52,5600
18,61.43,61.58,61.36,61.545,7185
19,61.38,61.43,61.36,61.43,2851
20,61.5,61.5,61.42,61.42,4724
21,61.42,61.49,61.4,61.47,3764
22,61.44,61.46,61.33,61.41,5749
23,61.5,61.5,61.42,61.46,6013
24,61.44,61.52,61.41,61.51,2200
25,61.54,61.57,61.43,61.44,11800
26,61.45,61.53,61.43,61.53,4600
27,61.49,61.51,61.43,61.46,10639
28,61.51,61.54,61.47,61.48,5234
29,61.455,61.51,61.43,61.51,8618
30,61.5,61.5,61.449,61.46,16029
31,61.45,61.519,61.43,61.519,13738
32,61.43,61.47,61.415,61.455,18122
33,61.43,61.46,61.39,61.435,13314
34,61.425,61.4499,61.41,61.43,12918
35,61.39,61.425,61.38,61.42,12079
36,61.53,61.53,61.39,61.39,13563
37,61.545,61.58,61.47,61.52,13996
38,61.49,61.545,61.48,61.54,22636
39,61.56,61.56,61.43,61.47,313306
144,61.81,61.81,61.33,61.33,17144
145,61.28,61.92,61.2,61.86,21057
146,61.31,61.51,61.28,61.34,6730
147,61.17,61.32,61.17,61.32,13160
148,61.06,61.21,61.03,61.16,13016
149,61.11,61.18,61.045,61.09,12771
150,61.23,61.23,61.08,61.09,5861
151,61.255,61.305,61.22,61.26,13949
152,61.37,61.37,61.22,61.25,7932
153,61.37,61.49,61.33,61.38,8773
154,61.39,61.4,61.33,61.36,9153
155,61.44,61.46,61.38,61.3801,8820
156,61.56,61.57,61.44,61.44,9805
157,61.59,61.615,61.55,61.56,7161
158,61.61,61.63,61.56,61.6,9437
159,61.575,61.63,61.54,61.63,11070
160,61.455,61.595,61.455,61.5769,8279
161,61.49,61.5099,61.43,61.43,11544
162,61.56,61.56,61.46,61.49,9265
163,61.555,61.5895,61.55,61.57,5482
164,61.56,61.58,61.525,61.57,10414
165,61.59,61.59,61.5,61.56,12277
166,61.5497,61.67,61.5497,61.57,13743
167,61.55,61.58,61.52,61.54,11109
168,61.52,61.61,61.51,61.56,6802
169,61.54,61.56,61.51,61.51,7801
170,61.52,61.5736,61.51,61.54,9925
171,61.59,61.6,61.525,61.54,9576
172,61.58,61.7,61.44,61.59,15230
173,61.545,61.64,61.47,61.61,14948
174,61.58,61.61,61.5,61.55,9145
175,61.54,61.58,61.45,61.56,25342
176,61.45,61.58,61.37,61.52,21286
177,61.47,61.56,61.42,61.44,13890
178,61.38,61.4899,61.38,61.46,22688
179,61.28,61.39,61.18,61.39,13000
180,61.35,61.38,61.24,61.27,14726
181,61.48,61.49,61.28,61.36,21095
182,61.51,61.51,61.43,61.5,21750
183,61.66,61.67,61.47,61.51,98213
288,61.22,61.22,61.22,61.22,3382
289,61.255,61.4,61.03,61.4,5150
290,61.37,61.45,61.25,61.385,4997
291,61.32,61.44,61.27,61.33,12879
292,61.225,61.38,61.13,61.32,12653
293,61.04,61.22,61.04,61.19,9972
294,61.05,61.08,60.85,61.04,10135
295,61.09,61.12,61.01,61.05,11663
296,61.19,61.21,61.04,61.11,21641
297,61.255,61.33,61.16,61.16,23762
298,61.28,61.39,61.21,61.21,12109
299,61.25,61.37,61.25,61.26,7856
300,61.23,61.32,61.12,61.235,13280
301,61.25,61.29,61.18,61.24,11486
302,61.29,61.29,61.22,61.24,6754
303,61.185,61.335,61.185,61.33,8809
304,61.155,61.22,61.14,61.16,7001
305,61.23,61.24,61.12,61.13,10878
306,61.14,61.24,61.13,61.22,4901
307,61.185,61.25,61.11,61.14,14164
308,61.185,61.27,61.12,61.185,5029
309,61.35,61.35,61.21,61.21,9901
310,61.3837,61.41,61.33,61.35,38819
311,61.53,61.53,61.36,61.38,9218
312,61.55,61.609,61.55,61.59,11016
313,61.67,61.67,61.57,61.57,8608
314,61.67,61.69,61.648,61.66,12381
315,61.72,61.73,61.675,61.675,8862
316,61.75,61.75,61.61,61.71,18488
317,61.66,61.77,61.66,61.75,12893
318,61.73,61.78,61.64,61.64,110908
319,61.78,61.81,61.72,61.73,26735
320,61.89,61.9,61.78,61.79,17123
321,61.79,61.94,61.75,61.89,24221
322,61.84,61.9,61.77,61.79,10472
323,61.85,61.87,61.79,61.85,13632
324,61.94,61.943,61.88,61.88,10787
325,61.87,61.93,61.84,61.93,20630
326,61.94,61.96,61.85,61.875,41491
327,62.06,62.08,61.93,61.94,100054
432,62.05,62.05,62.05,62.05,9446
433,61.93,62.05,61.67,62.05,4690
434,61.89,62.06,61.79,61.95,13862
435,61.92,62.0125,61.77,61.89,6912
436,61.85,61.92,61.76,61.9,8993
437,61.79,61.95,61.74,61.87,6094
438,61.881,61.93,61.74,61.75,11602
439,61.81,61.93,61.78,61.92,5110
440,61.885,61.93,61.77,61.8,8184
441,61.81,61.92,61.73,61.87,7418
442,61.77,61.85,61.755,61.83,9212
443,61.73,61.75,61.68,61.73,8559
444,61.74,61.77,61.71,61.75,7871
445,61.83,61.85,61.73,61.74,9036
446,61.84,61.88,61.83,61.86,4091
447,61.81,61.84,61.75,61.8399,7717
448,61.98,61.98,61.82,61.82,5216
449,61.92,61.995,61.92,61.98,5150
450,61.91,61.93,61.87,61.91,4614
451,61.86,61.925,61.83,61.925,5123
452,61.79,61.85,61.78,61.83,8409
453,61.79,61.82,61.78,61.79,8686
454,61.87,61.87,61.785,61.8,7517
455,61.88,61.91,61.82,61.86,17254
456,61.83,61.91,61.8,61.87,6766
457,61.87,61.88,61.8,61.82,14305
458,61.84,61.89,61.83,61.88,8477
459,61.965,61.97,61.83,61.83,9838
460,61.97,62,61.94,61.97,5792
461,62,62.05,61.97,61.99,16688
462,62.09,62.11,61.99,61.99,15075
463,62.04,62.14,62.02,62.09,17830
464,61.96,62.08,61.9,62.04,19909
465,61.96,62,61.94,61.97,10107
466,61.86,61.97,61.86,61.97,23173
467,61.8,61.9,61.74,61.88,23308
468,61.79,61.84,61.72,61.81,12470
469,61.855,61.855,61.72,61.79,27236
470,61.9,61.93,61.8,61.85,31787
471,61.94,61.96,61.76,61.8875,500598
864,62.34,62.34,62.34,62.34,3071
865,62.34,62.55,61.68,62,11631
866,62.1,62.38,62.06,62.31,5600
867,62.3,62.38,62.13,62.16,17570
868,62.38,62.46,62.3,62.335,8555
869,62.46,62.48,62.3,62.41,56613
870,62.24,62.53,62.23,62.45,12036
871,62.055,62.31,62.02,62.24,14869
872,62.35,62.35,62.02,62.06,20386
873,62.1,62.4,62.1,62.39,14700
874,61.96,62.07,61.9,62.07,17800
875,61.95,62.085,61.94,61.97,17327
876,62.08,62.08,61.87,61.95,14715
877,62.07,62.0825,61.985,62.08,8951
878,62.08,62.11,62.01,62.07,11332
879,62.05,62.11,61.99,62.07,11039
880,62.13,62.14,62.02,62.05,13046
881,62.26,62.26,62.1,62.12,12469
882,62.225,62.3,62.22,62.26,9400
883,62.265,62.265,62.18,62.22,11322
884,62.375,62.38,62.265,62.265,14237
885,62.38,62.39,62.33,62.38,10012
886,62.495,62.51,62.38,62.38,13587
887,62.5,62.54,62.46,62.485,16654
888,62.45,62.5,62.43,62.495,9040
889,62.5,62.55,62.44,62.44,10925
890,62.6,62.6,62.49,62.49,13708
891,62.5,62.61,62.5,62.61,11553
892,62.45,62.515,62.4,62.515,15693
893,62.41,62.44,62.36,62.43,13346
894,62.395,62.42,62.335,62.42,13730
895,62.4,62.46,62.39,62.4,19838
896,62.32,62.45,62.26,62.42,12454
897,62.345,62.37,62.29,62.315,14000
898,62.34,62.38,62.32,62.34,17650
899,62.38,62.39,62.325,62.34,21426
900,62.3611,62.4,62.35,62.4,16170
901,62.41,62.47,62.36,62.36,25270
902,62.45,62.45,62.38,62.42,37513
903,62.53,62.59,62.43,62.43,78523
a1497965400,62.18,62.35,62.18,62.35,3832
1,62.35,62.57,62.28,62.51,8000
2,62.36,62.55,62.3,62.42,15586
3,62.46,62.49,62.34,62.34,11947
4,62.74,62.79,62.48,62.48,22199
5,62.61,62.76,62.61,62.74,13379
6,62.6264,62.69,62.49,62.61,15992
7,62.76,62.76,62.58,62.62,11719
8,62.82,62.95,62.7799,62.7799,15781
9,62.85,62.85,62.59,62.8,30442
10,62.87,62.92,62.8,62.89,16413
11,62.91,62.91,62.84,62.85,11016
12,62.83,62.91,62.815,62.91,7297
13,62.87,62.89,62.8,62.82,21065
14,62.99,63,62.85,62.8797,9436
15,63.05,63.1,63,63,10359
16,63.13,63.17,63,63.03,26500
17,63.06,63.16,63.06,63.12,18566
18,62.99,63.0643,62.93,63.0643,10613
19,62.94,63.05,62.94,62.99,7917
20,62.8401,62.94,62.8401,62.94,3987
21,62.93,62.95,62.85,62.85,8706
22,62.89,62.935,62.84,62.935,9597
23,62.88,62.89,62.86,62.89,6720
24,62.92,62.97,62.89,62.89,7932
25,62.92,62.96,62.9,62.93,2966
26,62.91,62.92,62.85,62.92,3617
27,62.92,62.94,62.89,62.91,4800
28,62.84,62.97,62.83,62.93,13930
29,62.8,62.9,62.78,62.83,13795
30,62.76,62.81,62.71,62.8099,14375
31,62.86,62.86,62.76,62.78,19112
32,62.89,62.89,62.82,62.83,7479
33,62.83,62.9,62.82,62.89,10319
34,62.76,62.88,62.74,62.85,14617
35,62.81,62.86,62.76,62.765,9899
36,62.89,62.9,62.75,62.81,23184
37,62.9,62.94,62.84,62.89,19629
38,62.85,62.935,62.79,62.9,42862
39,62.89,62.94,62.84,62.86,142758
144,63.04,63.04,63.04,63.04,1882
145,62.93,63.12,62.81,62.88,3715
146,62.91,63.14,62.88,63.01,11659
147,63.135,63.135,62.7,62.85,11891
148,63.01,63.14,62.91,63.02,8136
149,62.99,63,62.915,62.98,2872
150,62.92,63.04,62.92,62.99,3374
151,62.98,62.98,62.88,62.94,5900
152,63,63.12,62.99,62.99,4379
153,62.91,63.005,62.82,63.005,6179
154,62.98,62.98,62.851,62.89,8978
155,62.94,62.98,62.855,62.92,6197
156,62.93,63.02,62.93,62.96,2900
157,62.941,63.01,62.92,62.92,3370
158,62.91,62.97,62.9,62.94,4700
159,62.94,62.94,62.825,62.9,6907
160,62.89,62.91,62.78,62.91,12690
161,62.875,62.895,62.84,62.89,5902
162,62.88,62.94,62.84,62.865,29635
163,62.9,62.91,62.85,62.88,19497
164,62.87,62.9,62.84,62.9,5401
165,62.86,62.88,62.83,62.87,8462
166,62.94,62.94,62.85,62.87,4630
167,62.93,62.95,62.9,62.93,4481
168,62.9199,62.9199,62.84,62.89,3289
169,62.89,62.91,62.86,62.9,2549
170,62.84,62.92,62.81,62.87,5851
171,62.81,62.85,62.78,62.84,3800
172,62.78,62.84,62.71,62.82,4409
173,62.77,62.85,62.735,62.775,10376
174,62.64,62.77,62.64,62.77,5137
175,62.71,62.71,62.63,62.6597,5363
176,62.72,62.74,62.68,62.7066,4580
177,62.7,62.76,62.69,62.73,5785
178,62.66,62.73,62.66,62.7,4013
179,62.6278,62.71,62.61,62.71,4728
180,62.73,62.73,62.62,62.64,11262
181,62.61,62.74,62.61,62.72,8289
182,62.73,62.73,62.61,62.61,18710
183,62.77,62.79,62.68,62.72,112422
288,62.84,62.84,62.84,62.84,2556
289,62.49,62.74,62.4064,62.566,3192
290,62.52,62.53,62.44,62.47,3550
291,62.53,62.55,62.44,62.5065,29800
292,62.46,62.51,62.3801,62.49,3620
293,62.435,62.46,62.43,62.44,1600
294,62.54,62.57,62.39,62.4,4800
295,62.63,62.63,62.45,62.48,3700
296,62.81,62.81,62.61,62.63,5145
297,62.845,62.91,62.76,62.7925,10809
298,62.845,62.9,62.785,62.845,4600
299,62.8,62.845,62.79,62.82,2600
300,62.73,62.78,62.73,62.78,4054
301,62.74,62.75,62.69,62.724,2341
302,62.78,62.79,62.66,62.76,20836
303,62.76,62.78,62.69,62.765,9582
304,62.71,62.79,62.71,62.77,2211
305,62.69,62.76,62.69,62.7,3420
306,62.73,62.77,62.71,62.71,8562
307,62.83,62.83,62.715,62.73,13817
308,62.86,62.86,62.81,62.83,2468
309,62.9,62.95,62.87,62.87,5291
310,62.89,62.93,62.87,62.93,1989
311,62.88,62.94,62.87,62.89,3396
312,62.9101,62.94,62.88,62.88,4125
313,62.91,62.95,62.9,62.91,4868
314,62.93,62.9399,62.9,62.92,12701
315,62.9,62.94,62.895,62.92,6867
316,62.9733,62.98,62.9029,62.91,5123
317,63,63.04,62.95,62.96,4600
318,63.01,63.06,62.96,62.99,107374
319,63.01,63.05,62.995,63.02,8016
320,63.01,63.05,63,63,8717
321,63.06,63.06,62.98,63.01,6999
322,63.07,63.09,63.03,63.06,8781
323,63.125,63.15,63.04,63.04,17793
324,63.2,63.2,63.11,63.125,12344
325,63.195,63.21,63.17,63.19,19690
326,63.205,63.21,63.19,63.195,26917
327,63.17,63.215,63.17,63.2,121904
432,63.19,63.2,63.14,63.2,6713
433,63.48,63.78,63,63.13,27685
434,63.65,63.65,63.42,63.42,23080
435,63.95,64.01,63.62,63.645,24121
436,64.01,64.01,63.77,64.005,11388
437,64.19,64.27,63.995,64.02,20950
438,64.34,64.42,64.21,64.21,15172
439,64.4125,64.47,64.34,64.35,10084
440,64.51,64.56,64.38,64.38,8599
441,64.55,64.57,64.495,64.495,31042
442,64.65,64.68,64.535,64.535,49162
443,64.69,64.71,64.56,64.66,19971
444,64.7401,64.82,64.675,64.685,10930
445,64.88,64.89,64.74,64.75,20144
446,64.905,64.93,64.825,64.87,19373
447,64.87,64.98,64.87,64.91,84114
448,64.7,64.88,64.7,64.87,9705
449,64.75,64.76,64.67,64.67,5676
450,64.83,64.85,64.765,64.765,3230
451,64.93,64.94,64.815,64.83,7365
452,64.925,64.94,64.86,64.9,2875
453,65.04,65.04,64.89,64.9,12622
454,65.11,65.12,65,65.0346,13405
455,65.1801,65.19,65.09,65.12,8037
456,65.28,65.31,65.2,65.2,12917
457,65.27,65.4,65.25,65.2814,31027
458,65.23,65.27,65.17,65.26,6114
459,65.28,65.31,65.225,65.2307,15376
460,65.16,65.2903,65.15,65.2903,12942
461,65.185,65.21,65.15,65.16,11615
462,65.09,65.21,65.09,65.18,20639
463,65.01,65.1,65,65.09,21452
464,64.91,65.03,64.89,65.02,39755
465,64.77,64.93,64.76,64.91,24719
466,64.73,64.77,64.68,64.76,27537
467,64.573,64.73,64.573,64.725,24845
468,64.44,64.65,64.42,64.59,48911
469,64.585,64.69,64.39,64.43,29580
470,64.84,65.34,64.585,64.585,47082
471,65.22,65.47,65.04,65.09,825222
864,65.88,65.91,65.88,65.91,14297
865,66.07,66.3298,65.715,65.88,31555
866,65.66,66.13,65.54,66.13,22731
867,65.75,65.78,65.66,65.72,5871
868,65.805,65.82,65.7,65.73,16713
869,65.87,65.87,65.745,65.78,8908
870,65.95,65.95,65.7828,65.88,16606
871,65.62,65.95,65.62,65.95,8999
872,65.1,65.63,65.1,65.56,50898
873,65.11,65.21,65.07,65.07,14266
874,64.98,65.12,64.956,65.12,7992
875,64.95,65.04,64.9101,64.96,5568
876,64.95,64.9936,64.89,64.96,6869
877,64.89,64.97,64.89,64.95,9037
878,64.93,64.97,64.86,64.86,4800
879,64.86,64.96,64.77,64.93,7300
880,64.83,64.9,64.7608,64.85,5281
881,64.9,64.97,64.79,64.8,52649
882,64.8,64.93,64.8,64.89,20994
883,64.81,64.82,64.78,64.82,9615
884,64.74,64.88,64.74,64.81,5933
885,64.74,64.79,64.72,64.75,5941
886,64.58,64.73,64.55,64.73,9983
887,64.59,64.61,64.54,64.57,5867
888,64.6,64.6,64.5501,64.59,4958
889,64.63,64.63,64.56,64.58,4382
890,64.69,64.74,64.56,64.63,5355
891,64.66,64.72,64.66,64.66,10537
892,64.4301,64.64,64.4301,64.64,19926
893,64.51,64.51,64.4,64.45,4887
894,64.51,64.55,64.48,64.5,9577
895,64.53,64.58,64.48,64.53,18007
896,64.57,64.59,64.51,64.53,9746
897,64.55,64.58,64.5181,64.57,18707
898,64.625,64.64,64.42,64.54,46398
899,64.76,64.76,64.6,64.63,16172
900,64.72,64.77,64.69,64.76,18207
901,64.7825,64.81,64.675,64.72,16764
902,64.76,64.79,64.7,64.78,31143
903,64.65,64.78,64.6,64.75,189217
a1498570200,63.96,63.96,63.86,63.96,29704
1,64.305,64.34,63.75,63.75,15001
2,64.54,64.57,64.305,64.305,33116
3,64.33,64.71,64.24,64.56,14495
4,63.9,64.33,63.9,64.3,16015
5,64.0225,64.05,63.92,63.94,8964
6,64.12,64.22,64.05,64.05,14948
7,64.05,64.13,64,64.09,7717
8,64.05,64.13,64.04,64.06,13804
9,63.95,64.04,63.92,64.04,12940
10,63.84,63.95,63.81,63.95,23886
11,63.68,63.8299,63.65,63.82,12843
12,63.725,63.75,63.65,63.705,12001
13,63.6003,63.74,63.6003,63.725,13535
14,63.67,63.6944,63.5903,63.61,11819
15,63.62,63.685,63.56,63.67,8800
16,63.53,63.6,63.52,63.59,9250
17,63.42,63.535,63.42,63.53,8444
18,63.37,63.46,63.37,63.42,10209
19,63.32,63.4,63.3,63.365,12792
20,63.28,63.36,63.28,63.33,10206
21,63.255,63.32,63.22,63.29,18052
22,63.185,63.255,63.18,63.255,15338
23,63.16,63.195,63.08,63.17,23085
24,63.07,63.21,63.07,63.18,34224
25,63.26,63.34,63.06,63.08,32657
26,63.32,63.39,63.27,63.27,15375
27,63.1614,63.36,63.11,63.33,21522
28,63.115,63.22,63.11,63.185,24425
29,63.27,63.27,63.08,63.17,11463
30,63.39,63.44,63.22,63.26,9593
31,63.27,63.51,63.27,63.43,20928
32,63.3,63.35,63.26,63.28,11018
33,63.23,63.3,63.23,63.29,11509
34,63.19,63.32,63.14,63.22,15717
35,63.23,63.27,63.19,63.2,13258
36,63.1,63.25,63.07,63.235,14559
37,63.06,63.17,63.05,63.12,23269
38,62.94,63.07,62.94,63.04,36748
39,62.9,62.99,62.88,62.96,146667
144,63.14,63.14,63.14,63.14,6134
145,63.05,63.29,62.85,63.14,14000
146,62.88,63.18,62.88,63.08,14242
147,62.76,62.89,62.69,62.88,11236
148,62.99,63.07,62.75,62.76,9433
149,63.2,63.23,62.99,62.99,11004
150,63.21,63.25,63.13,63.25,9118
151,63.37,63.48,63.23,63.23,25083
152,63.47,63.54,63.39,63.39,8581
153,63.37,63.52,63.37,63.44,19649
154,63.41,63.47,63.33,63.4,9400
155,63.39,63.49,63.39,63.44,10650
156,63.25,63.37,63.24,63.37,11532
157,63.32,63.43,63.22,63.27,11357
158,63.29,63.36,63.215,63.335,14145
159,63.4,63.47,63.28,63.28,7932
160,63.37,63.45,63.365,63.41,9333
161,63.35,63.38,63.31,63.37,10761
162,63.405,63.43,63.349,63.38,9931
163,63.58,63.62,63.41,63.42,12533
164,63.6,63.68,63.57,63.62,7717
165,63.5375,63.64,63.51,63.6,10230
166,63.56,63.58,63.5,63.54,8274
167,63.63,63.66,63.545,63.545,10888
168,63.63,63.65,63.57,63.62,8152
169,63.6,63.66,63.565,63.65,7300
170,63.56,63.62,63.545,63.61,7883
171,63.46,63.55,63.44,63.52,8466
172,63.46,63.53,63.43,63.47,11749
173,63.45,63.51,63.445,63.48,7648
174,63.4001,63.46,63.37,63.45,14982
175,63.4,63.47,63.4,63.4158,13341
176,63.34,63.43,63.34,63.4,19556
177,63.4,63.41,63.35,63.36,21724
178,63.59,63.6,63.39,63.39,30055
179,63.53,63.62,63.52,63.585,17090
180,63.6,63.63,63.5,63.53,14991
181,63.57,63.62,63.55,63.61,21707
182,63.52,63.57,63.51,63.56,37533
183,63.41,63.55,63.34,63.53,190264
288,63.29,63.38,63.29,63.38,4539
289,63.01,63.35,62.99,63.28,5411
290,62.74,63.03,62.66,62.99,13768
291,62.83,62.93,62.7,62.77,10525
292,62.945,62.95,62.8,62.83,14850
293,62.68,62.96,62.48,62.96,13276
294,62.77,62.79,62.62,62.65,12340
295,62.8,62.87,62.73,62.75,10300
296,63.0794,63.0794,62.81,62.83,4650
297,62.98,63.05,62.96,63.05,7819
298,62.82,63.04,62.81,62.99,7638
299,62.7101,62.82,62.67,62.82,3226
300,62.55,62.76,62.55,62.75,10331
301,62.36,62.54,62.28,62.54,10885
302,62.47,62.47,62.26,62.35,4400
303,62.35,62.45,62.325,62.43,4457
304,62.32,62.43,62.2893,62.38,12314
305,62.43,62.43,62.35,62.36,6000
306,62.5,62.5,62.39,62.4,4608
307,62.56,62.66,62.5,62.5,17743
308,62.38,62.52,62.38,62.5,3395
309,62.4,62.47,62.39,62.44,5000
310,62.4299,62.5,62.39,62.39,7658
311,62.48,62.5,62.36,62.42,11024
312,62.45,62.46,62.38,62.42,32056
313,62.58,62.6,62.44,62.45,5661
314,62.525,62.6,62.51,62.56,4200
315,62.605,62.6136,62.52,62.53,7435
316,62.55,62.63,62.5301,62.63,11014
317,62.55,62.61,62.52,62.55,5039
318,62.63,62.66,62.5007,62.53,5772
319,62.72,62.76,62.63,62.67,15128
320,62.71,62.78,62.7001,62.7001,10669
321,62.74,62.74,62.69,62.69,6551
322,62.825,62.85,62.72,62.74,10424
323,62.88,62.88,62.78,62.82,9388
324,62.785,62.881,62.77,62.87,9277
325,62.94,62.95,62.7924,62.7924,14308
326,62.78,62.97,62.78,62.93,28209
327,62.87,62.95,62.78,62.785,116830
432,63.13,63.13,63.13,63.13,6184
433,63.13,63.19,62.88,63.13,5176
434,63.02,63.125,62.92,63.115,4100
435,62.635,63.01,62.58,63.01,8447
436,62.8025,62.86,62.635,62.635,8140
437,62.9,62.9,62.72,62.77,5282
438,63.15,63.19,62.85,62.92,16877
439,63.22,63.29,63.125,63.16,7708
440,63.17,63.26,63.1186,63.18,4363
441,63.18,63.21,63.12,63.14,8902
442,63.15,63.19,63.1,63.165,7030
443,63.19,63.28,63.16,63.18,4851
444,63.19,63.29,63.15,63.15,10769
445,63.32,63.33,63.13,63.18,17648
446,63.31,63.3634,63.27,63.325,7220
447,63.38,63.38,63.3,63.31,9231
448,63.28,63.39,63.24,63.36,11248
449,63.344,63.38,63.28,63.3,47705
450,63.24,63.33,63.24,63.33,5871
451,63.24,63.29,63.19,63.22,45170
452,62.97,63.221,62.96,63.221,23658
453,63.1,63.1,62.93,62.96,13894
454,63.1,63.16,63.08,63.1,7562
455,63.125,63.17,63.09,63.1,6872
456,62.88,63.12,62.88,63.12,10967
457,62.99,62.99,62.86,62.895,17037
458,62.97,63,62.94,62.99,24400
459,62.82,62.96,62.79,62.96,12963
460,62.7801,62.805,62.72,62.805,15065
461,62.745,62.8,62.7001,62.79,19499
462,62.81,62.85,62.71,62.76,15724
463,62.86,62.86,62.82,62.83,5999
464,62.87,62.87,62.81,62.86,16728
465,62.93,62.95,62.85,62.87,16805
466,62.89,62.94,62.89,62.92,14413
467,62.78,62.9,62.73,62.89,18644
468,62.8,62.86,62.78,62.79,14839
469,62.77,62.81,62.75,62.8,27041
470,62.74,62.82,62.74,62.8,31485
471,62.53,62.74,62.5,62.74,190001
864,62.55,62.55,62.55,62.55,9939
865,62.82,63.085,62.75,62.8,12503
866,62.97,62.99,62.77,62.77,3493
867,62.98,63.07,62.87,62.97,5622
868,62.915,62.98,62.86,62.94,7037
869,63.05,63.05,62.94,62.98,12877
870,62.93,63.07,62.85,63.07,8916
871,62.85,62.985,62.78,62.985,6288
872,63.005,63.07,62.83,62.85,10925
873,63.02,63.05,62.955,63.02,5425
874,63.05,63.05,62.93,63.03,17662
875,63.35,63.37,63.08,63.08,15573
876,63.56,63.6,63.26,63.32,16096
877,63.32,63.5728,63.22,63.5728,15062
878,63.3458,63.42,63.3,63.3,12303
879,63.17,63.37,63.17,63.37,5400
880,63.0735,63.18,63.035,63.15,9893
881,62.89,63.07,62.87,63.07,5122
882,62.92,62.93,62.88,62.89,4262
883,62.85,62.92,62.81,62.92,22716
884,62.85,62.9,62.81,62.85,13189
885,62.76,62.94,62.74,62.87,30333
a1499261400,62.83,62.83,62.83,62.83,3577
1,63.39,63.42,62.79,62.8,10484
2,63.16,63.3525,63.09,63.33,16296
3,63.25,63.25,63.15,63.19,7063
4,63.24,63.35,63.17,63.24,9933
5,63.11,63.265,63.05,63.25,14963
6,63.14,63.18,63.01,63.14,14150
7,63.25,63.34,63.17,63.17,6428
8,63.3,63.36,63.21,63.245,11285
9,63.24,63.35,63.23,63.28,9418
10,63.18,63.31,63.16,63.22,6770
11,63.15,63.19,63.12,63.17,10285
12,63.28,63.31,63.16,63.16,6804
13,63.19,63.28,63.165,63.28,7471
14,63.1,63.18,63.1,63.18,6792
15,63.11,63.12,63.09,63.11,5837
16,63.07,63.1,63.04,63.1,5854
17,63.01,63.065,63,63.06,5995
18,63.04,63.04,62.97,63.03,7752
19,63.13,63.13,63.05,63.05,6861
20,63.09,63.15,63.07,63.15,7267
21,63.09,63.15,63.09,63.12,3900
22,63.19,63.2,63.07,63.08,4978
23,63.28,63.3,63.18,63.21,7800
24,63.3,63.35,63.29,63.3,5549
25,63.28,63.32,63.27,63.31,8886
26,63,63.285,62.98,63.285,15232
27,62.87,63.005,62.87,63.005,12653
28,62.92,63.06,62.87,62.87,14860
29,62.85,62.92,62.8001,62.89,12425
30,62.8536,62.89,62.81,62.82,10002
31,62.88,62.95,62.81,62.84,14671
32,62.8,62.8765,62.79,62.87,15760
33,62.745,62.83,62.72,62.82,12321
34,62.79,62.79,62.6575,62.75,15869
35,62.85,62.85,62.77,62.78,16850
36,62.89,62.91,62.82,62.85,17950
37,62.97,62.985,62.85,62.88,23446
38,63.06,63.14,62.98,62.99,28080
39,62.99,63.04,62.95,63.04,165930
