EXCHANGE%3DNASDAQ
MARKET_OPEN_MINUTE=570
MARKET_CLOSE_MINUTE=960
INTERVAL=600
COLUMNS=DATE,CLOSE,HIGH,LOW,OPEN,VOLUME
DATA=
TIMEZONE_OFFSET=-240
a1493127000,44.05,44.05,44.05,44.05,1567
1,44.45,44.45,44,44,1800
2,44.7,44.8,44.35,44.35,5019
3,44.9,44.9,44.75,44.75,1755
4,44.9,45,44.85,45,12200
5,45.05,45.15,44.9,44.9,6300
6,45,45,44.9,45,800
7,45,45,44.9,44.95,2200
8,44.9,45,44.9,45,1457
9,44.8,44.95,44.75,44.9,1120
10,44.65,44.95,44.65,44.8,15900
11,44.8,44.85,44.65,44.65,4200
12,44.65,44.8,44.65,44.8,2200
13,44.35,44.65,44.35,44.65,3120
14,44.5,44.5,44.35,44.4,1000
15,44.55,44.55,44.5,44.5,700
16,44.55,44.65,44.5,44.6,1437
17,44.65,44.65,44.65,44.65,100
18,44.6,44.6,44.55,44.55,800
19,44.6,44.6,44.5,44.55,900
20,44.6,44.7,44.6,44.6,800
21,44.7,44.7,44.7,44.7,200
22,44.7,44.8,44.7,44.7,1000
23,44.8,44.8,44.8,44.8,600
24,44.7,44.85,44.7,44.8,1276
25,44.65,44.6978,44.65,44.6978,990
26,44.8,44.8,44.7,44.7,1492
27,44.8,44.85,44.75,44.8,800
28,44.8,44.85,44.75,44.75,500
29,44.8,44.8,44.75,44.8,730
30,44.8,44.8,44.725,44.75,1900
31,44.75,44.775,44.725,44.75,1556
32,44.8,44.8,44.75,44.8,2698
33,44.7,44.775,44.675,44.775,2100
34,44.7,44.7,44.55,44.7,8764
35,44.65,44.675,44.65,44.65,2102
36,44.525,44.7,44.475,44.7,3481
37,44.5,44.55,44.5,44.5,2200
38,44.5,44.65,44.475,44.5,6723
39,44.5,44.5,44.45,44.5,28811
144,44.4,44.4,44.4,44.4,1155
145,44.4,44.55,44.4,44.55,700
146,44.6,44.6,44.45,44.45,2200
147,44.55,44.55,44.55,44.55,300
148,44.55,44.55,44.45,44.45,900
149,44.45,44.45,44.45,44.45,400
150,44.55,44.6,44.355,44.355,1483
151,44.6,44.65,44.6,44.625,900
152,44.5,44.6,44.45,44.6,1004
153,44.6,44.7,44.55,44.6,5000
154,44.5,44.6,44.4,44.55,4200
155,44.575,44.6,44.5,44.5,1246
156,44.65,44.75,44.55,44.65,6276
157,44.65,44.7,44.6,44.6,2501
158,44.5,44.6,44.5,44.6,1000
159,44.55,44.6,44.5,44.5,1200
160,44.65,44.65,44.65,44.65,300
161,44.65,44.7,44.6,44.65,1500
162,44.6,44.75,44.6,44.7,2000
163,44.6,44.65,44.6,44.65,500
164,44.575,44.7,44.55,44.6177,3525
165,44.7,44.725,44.5,44.55,6706
166,44.8,44.8,44.7,44.7,400
167,44.7,44.8,44.7,44.8,2250
168,44.7,44.8222,44.7,44.75,3963
169,44.8,44.8,44.65,44.675,4658
170,44.8,45,44.75,44.8,14100
171,44.8,44.9,44.8,44.9,1400
172,44.95,44.95,44.8,44.8,2400
173,44.9,45.05,44.9,45,5084
174,45.05,45.05,44.85,44.95,1600
175,44.9,45.05,44.8,45.05,5170
176,45.05,45.05,44.95,44.95,3804
177,45,45.05,44.95,45.05,1400
178,45,45,44.85,45,6800
179,45,45,44.992,45,1400
180,44.9,44.95,44.85,44.95,3800
181,44.775,44.95,44.75,44.9,33469
182,44.7,44.8,44.6,44.75,16513
183,44.75,44.85,44.6,44.7,92806
288,43.9,43.9,43.9,43.9,3716
289,40.55,42.6,40,41.905,25298
290,41.55,41.7,40.75,40.75,12062
291,41.45,41.6,41.35,41.55,2699
292,41.2,41.55,40.9,41.55,15274
293,42,42,41.15,41.175,14954
294,43.95,44.15,42.175,42.25,40903
295,44.275,44.45,43.975,44.025,54358
296,43.95,44.3,43.825,44.3,49119
297,44.05,44.15,43.95,44,11408
298,44.4,44.5,44.1,44.25,11954
299,44.35,44.5,44.25,44.3,8592
300,44.025,44.375,43.95,44.3,6505
301,44.15,44.55,44,44.025,25693
302,43.175,44.15,43.175,44.1,6300
303,43.25,43.35,43.175,43.2,2000
304,43.4,43.5,43.35,43.45,23658
305,43.45,43.6,43.375,43.375,5000
306,43.3,43.35,43.25,43.35,1200
307,43.5245,43.5245,43.3,43.3,4301
308,43.525,43.6,43.5,43.525,2300
309,43.45,43.5,43.425,43.5,2312
310,43.475,43.5,43.475,43.475,500
311,43.65,43.725,43.35,43.5,11933
312,43.375,43.65,43.35,43.65,2810
313,43.25,43.35,43.05,43.35,8800
314,43.375,43.4,43.2,43.3,3972
315,43.35,43.5,43.35,43.375,4197
316,43.3,43.4,43.15,43.375,9426
317,43.35,43.45,43.35,43.35,4200
318,43.2,43.325,43.175,43.325,1500
319,43.34,43.35,43.25,43.25,1523
320,43.55,43.55,43.225,43.3,10671
321,43.4,43.65,43.35,43.525,11822
322,43.2,43.375,43.2,43.35,4500
323,43.425,43.6,43.2,43.225,7886
324,43.5,43.6,43.425,43.425,5570
325,43.475,43.5,43.45,43.475,5620
326,43.45,43.55,43.4,43.475,14373
327,43.25,43.5,43.2,43.475,43188
432,43.5,43.5,43.5,43.5,2530
433,43.15,43.475,43.15,43.475,800
434,43.2,43.3,42.1,43.15,11324
435,43.35,43.35,43.25,43.25,1600
436,43,43.25,43,43.2,5098
437,42.725,42.95,42.35,42.95,12300
438,43.2,43.2,42.725,42.725,8200
439,43.1,43.2,43.1,43.2,529
440,42.75,43.15,42.75,43.125,6253
441,42.6,42.75,42.6,42.75,2500
442,42.5,42.65,42.45,42.625,2415
443,42.35,42.6,42.3,42.4,7400
444,42.2,42.35,42.2,42.325,2457
445,42.2,42.25,42.125,42.15,2700
446,42.15,42.2,42.15,42.15,800
447,42,42.2,42,42.1,4400
448,42.2,42.2,42.05,42.05,4960
449,42.1,42.35,42.1,42.25,3600
450,41.975,42.125,41.95,42.05,14800
451,42.05,42.1,41.975,42,4500
452,42,42,41.9,42,7300
453,42.05,42.05,41.975,42,2000
454,42,42.05,41.975,42.05,2807
455,41.95,41.975,41.95,41.9716,1106
456,41.95,42,41.95,41.975,1910
457,41.45,42,41.45,41.975,21801
458,41.5,41.525,41.45,41.5,2000
459,41.55,41.55,41.5,41.525,500
460,41.5,41.525,41.5,41.525,1600
461,41.3,41.475,41.3,41.475,1200
462,41.2,41.3,41.2,41.3,700
463,41.125,41.225,41.1,41.225,1222
464,41.05,41.125,41.05,41.1,1650
465,41,41.05,41,41,1503
466,41.025,41.05,40.95,40.975,5674
467,41,41.05,41,41.025,2400
468,40.95,41,40.95,41,3400
469,40.975,41,40.95,40.975,5658
470,41,41.05,40.95,40.975,15573
471,41.1,41.25,41,41.025,77123
864,41.1,41.1,41.1,41.1,5084
865,40.6,41.125,40.55,41.125,4340
866,40.65,40.8,40.5,40.7,7300
867,40.6,40.75,40.55,40.65,8800
868,40.3,40.6,40.3,40.6,9563
869,40.35,40.35,40.2,40.25,5508
870,40.2,40.3,40.2,40.2846,1778
871,40.3,40.3,40.2,40.2,3600
872,40.275,40.35,40.25,40.325,3115
873,40,40.25,39.95,40.25,12941
874,39.9,39.95,39.85,39.95,15711
875,40.1,40.2,39.95,39.95,15500
876,40,40.1,40,40.1,2700
877,39.85,40,39.85,40,2800
878,40,40.1,39.85,39.85,7555
879,40.075,40.1,40,40,2100
880,40.05,40.15,39.95,40.075,11809
881,39.975,40.05,39.9724,40.05,2975
882,39.95,40,39.9,40,1600
883,40,40.025,39.9,39.95,22464
884,40.15,40.2,40.036,40.036,1701
885,40.35,40.35,40,40.15,4123
886,40.4,40.475,40.4,40.4,2499
887,40.4,40.6,40.4,40.5,2900
888,40.45,40.48,40.4,40.48,625
889,40.475,40.5,40.45,40.45,3500
890,40.45,40.5,40.45,40.5,2000
891,40.35,40.525,40.3,40.5,4500
892,40.15,40.45,40.15,40.45,5349
893,40.15,40.2,40.15,40.2,800
894,39.95,40.1,39.95,40.1,3561
895,39.875,40,39.875,39.95,3000
896,39.75,39.9,39.75,39.85,4946
897,40,40,39.75,39.75,5930
898,39.925,40.025,39.85,40,5400
899,39.95,39.975,39.925,39.95,2757
900,39.9,39.975,39.875,39.975,5470
901,39.9,39.975,39.875,39.925,10593
902,40,40,39.9,39.9,9605
903,39.95,40,39.85,40,36521
a1493731800,39.95,39.95,39.95,39.95,844
1,40.1,40.1,40,40,1800
2,39.8,40.05,39.75,40.05,800
3,39.85,39.875,39.65,39.65,1900
4,39.95,40,39.8,39.8,2700
5,40,40,40,40,500
6,40.15,40.15,40.05,40.05,1500
7,39.85,40.15,39.85,40.1,3800
8,39.6,39.95,39.6,39.95,4101
9,39.55,39.7,39.55,39.65,1300
10,39.375,39.55,39.35,39.5486,12300
11,39.55,39.55,39.4,39.4,11400
12,39.5,39.65,39.5,39.6,2700
13,39.5,39.6,39.45,39.6,2600
14,39.375,39.55,39.35,39.55,2815
15,39.425,39.5,39.375,39.4,6196
16,39.5,39.5,39.35,39.5,4526
17,39.5,39.55,39.4,39.55,2900
18,39.475,39.5,39.45,39.45,2200
19,39.45,39.534,39.4,39.5,4300
20,39.425,39.425,39.4,39.4,1300
21,39.45,39.45,39.25,39.4,7208
23,39.25,39.45,39.25,39.45,3895
24,39.225,39.275,39.2,39.25,1300
25,39.225,39.225,39.2,39.225,2778
26,39.25,39.375,39.2,39.225,5600
27,39.35,39.35,39.25,39.25,700
28,39.25,39.4,39.2,39.4,6996
29,39.5,39.5,39.275,39.275,5200
30,39.275,39.475,39.275,39.475,5109
31,39.225,39.3,39.225,39.25,2800
32,39.375,39.375,39.225,39.225,4000
33,39.3,39.375,39.275,39.375,7006
34,39.35,39.35,39.275,39.3,3000
35,39.3,39.4,39.3,39.35,5220
36,39.4,39.4,39.3,39.3,6784
37,39.425,39.45,39.35,39.4,5720
38,39.45,39.45,39.4,39.45,5800
39,39.5,39.6,39.35,39.475,76725
144,39.2,39.2,39.2,39.2,950
145,39.2,39.4,39.2,39.25,1397
146,39.275,39.4,39.2,39.4,2494
147,39.15,39.35,39.1,39.3,1068
148,38.9,39.15,38.9,39.15,7900
149,38.8,38.9,38.8,38.85,3700
150,38.8,38.85,38.8,38.8,1300
151,38.8,38.9,38.75,38.8,3504
152,38.6,38.8,38.6,38.75,5600
153,38.55,38.6,38.55,38.6,1100
154,38.55,38.6,38.5,38.6,1000
155,38.7,38.7,38.55,38.6,1342
156,38.55,38.75,38.55,38.75,3000
157,38.55,38.55,38.55,38.55,400
158,38.7,38.7,38.5,38.55,2300
159,38.65,38.8,38.65,38.725,2850
160,38.6,38.7,38.6,38.65,1000
161,38.6,38.65,38.6,38.65,400
162,38.575,38.6,38.55,38.6,1000
163,38.55,38.6,38.45,38.55,3522
164,38.65,38.65,38.55,38.55,7200
165,38.6,38.65,38.6,38.6,1300
166,38.65,38.7,38.65,38.65,800
167,38.7,38.7,38.65,38.7,1200
168,38.65,38.75,38.65,38.75,1200
169,38.65,38.65,38.65,38.65,300
170,38.6,38.6,38.6,38.6,100
171,38.65,38.65,38.6,38.65,1400
172,38.8,38.8,38.65,38.65,3179
173,38.6,38.7,38.6,38.7,2463
174,38.5,38.6,38.45,38.6,3607
175,38.45,38.5,38.4,38.45,2092
176,38.5,38.55,38.5,38.5,1991
177,38.5,38.55,38.5,38.55,1705
178,38.525,38.55,38.45,38.5,4218
179,38.5,38.581,38.5,38.55,1241
180,38.6,38.65,38.55,38.6,4700
181,38.675,38.7,38.6,38.6,4286
182,38.675,38.7,38.55,38.7,10007
183,38.7,38.8,38.65,38.7,37236
288,38.85,38.85,38.85,38.85,1580
289,38.65,38.75,38.55,38.6,2500
290,38.55,38.6,38.45,38.55,1300
291,38.7,38.7,38.6,38.6,300
292,38.6,38.7,38.6,38.7,1100
293,38.6,38.7,38.55,38.7,700
294,38.4,38.65,38.4,38.65,1400
295,38.3,38.35,38.3,38.3,1728
296,38.2,38.25,38.1,38.25,2030
297,38.2,38.2,38.2,38.2,200
298,38.325,38.325,38.25,38.25,1000
299,38.325,38.325,38.25,38.3,1900
300,38.25,38.3,38.15,38.3,2897
301,38.35,38.35,38.25,38.25,700
302,38.45,38.45,38.35,38.35,1000
303,38.25,38.4,38.25,38.4,1900
304,38.25,38.3,38.2316,38.25,1485
305,38.1,38.25,38.05,38.25,2211
306,38.15,38.15,38.15,38.15,500
307,38.2,38.2,38.15,38.2,1700
308,38.3,38.3,38.2,38.2,2300
309,38.3,38.35,38.3,38.35,1400
310,38.175,38.3,38.15,38.275,2797
312,38.25,38.25,38.1,38.15,2766
313,38.2,38.2,38.2,38.2,600
314,38.3,38.3,38.25,38.25,1600
315,38.25,38.3,38.25,38.3,2700
316,38.425,38.425,38.35,38.35,300
317,38.475,38.5,38.45,38.45,1609
318,38.45,38.45,38.35,38.45,4023
319,38.4,38.55,38.4,38.5,4927
320,38.4699,38.4699,38.3,38.35,5196
321,38.3,38.4,38.3,38.4,3482
322,38.3,38.35,38.3,38.3,3382
323,38.275,38.3,38.25,38.3,1500
324,38.25,38.3,38.25,38.25,1500
325,38.35,38.4,38.25,38.25,4552
326,38.5,38.5,38.375,38.375,6500
327,38.5,38.525,38.45,38.475,27599
432,38.65,38.65,38.65,38.65,417
433,38.7,38.7,38.55,38.6,1577
434,38.45,38.65,38.35,38.65,1800
435,38.25,38.5,38.25,38.45,6905
436,38.4,38.4,38.35,38.35,500
437,38.45,38.45,38.4,38.4,510
438,38.3,38.45,38.3,38.4,2300
439,38.3,38.3,38.2,38.25,1600
440,38.45,38.5,38.35,38.35,1800
441,38.55,38.55,38.5,38.5,1300
442,38.55,38.7,38.55,38.55,2975
443,38.725,38.725,38.525,38.525,1200
444,38.75,38.8,38.7,38.75,3034
445,38.85,38.85,38.75,38.75,1558
446,38.9,38.9,38.85,38.85,1600
447,39,39,38.9,38.9,900
448,39,39.05,39,39.05,400
449,38.8,38.95,38.8,38.95,1100
450,38.85,38.85,38.8,38.85,635
451,38.75,38.8,38.75,38.8,1600
452,38.775,38.775,38.75,38.75,961
453,38.7,38.775,38.7,38.775,2200
454,38.65,38.725,38.6,38.7,1300
455,38.65,38.65,38.6,38.625,1100
456,38.725,38.725,38.7,38.7,200
457,38.75,38.75,38.75,38.75,600
458,38.725,38.725,38.725,38.725,100
459,38.85,38.85,38.75,38.75,1914
460,38.8,38.85,38.8,38.85,700
461,38.825,38.825,38.75,38.8,1448
462,38.8,38.85,38.8,38.85,300
463,38.8,38.85,38.8,38.85,1700
464,38.75,38.85,38.75,38.775,3000
465,38.75,38.825,38.75,38.8,1100
466,38.85,38.85,38.75,38.75,300
467,38.85,38.9,38.85,38.9,1700
468,38.9,38.9,38.8,38.9,1750
469,38.8,38.95,38.8,38.85,5000
470,38.75,38.85,38.7,38.8,8815
471,38.8,38.8,38.75,38.775,27564
865,38.6,38.8,38.6,38.7,930
866,38.65,38.65,38.55,38.55,2100
867,38.8,38.8,38.65,38.65,1833
868,38.9,38.95,38.8,38.8,2399
869,38.85,38.9,38.75,38.9,2018
870,38.85,38.85,38.85,38.85,100
871,38.85,38.85,38.75,38.75,2351
872,39,39,38.85,38.85,700
873,38.85,39,38.8,38.95,3000
874,38.95,38.95,38.85,38.85,1000
875,39,39,38.95,38.95,500
876,39,39,38.9,38.95,3025
877,39.1,39.1,39,39,2200
878,39.0801,39.15,39.075,39.125,956
879,39.15,39.15,39.05,39.05,1400
880,39.2,39.2,39.0987,39.1,1000
881,39.15,39.15,39.1,39.1,850
882,39.05,39.075,39,39.05,2500
883,39.1,39.1,39.05,39.05,300
884,39.25,39.25,39.15,39.15,1518
885,39.3,39.325,39.25,39.25,2600
886,39.35,39.35,39.275,39.275,600
887,39.375,39.375,39.275,39.325,3286
888,39.4,39.425,39.3,39.375,2800
889,39.475,39.475,39.325,39.35,6061
890,39.45,39.475,39.45,39.45,1400
891,39.4,39.45,39.4,39.45,4587
892,39.3,39.4,39.25,39.4,823
893,39.1,39.275,39.1,39.275,500
894,39.05,39.15,39.05,39.15,900
896,39.05,39.1,39,39.05,3200
897,39,39,38.95,39,800
898,38.925,38.95,38.9,38.925,1300
899,38.925,38.9285,38.9,38.925,700
900,38.879,38.945,38.85,38.945,3664
901,38.8,38.9,38.8,38.875,3075
902,38.9,38.9,38.8,38.825,8211
903,39.05,39.05,38.85,38.9,40402
a1494336600,39.05,39.05,39.05,39.05,798
1,39.3,39.35,38.9,38.9,1600
2,38.9,39.1,38.85,39.1,1943
3,38.6,38.9,38.6,38.9,2499
4,38.5,38.65,38.5,38.65,5397
5,38.45,38.55,38.45,38.5,1960
6,38.52,38.55,38.35,38.45,2186
7,38.3,38.55,38.3,38.55,2500
8,38.45,38.5,38.2,38.3,4203
9,38.485,38.5,38.4,38.45,1453
10,38.45,38.55,38.45,38.55,800
11,38.3,38.45,38.3,38.45,2806
12,38.275,38.35,38.275,38.3,929
13,38.3,38.3,38.275,38.275,3542
14,38.35,38.35,38.25,38.3,2400
15,38.45,38.45,38.4,38.4,774
16,38.4,38.5,38.35,38.45,2100
17,38.35,38.4,38.35,38.35,600
18,38.35,38.3664,38.3,38.3,1938
19,38.3,38.3,38.2,38.3,3470
20,38.3,38.3,38.25,38.275,800
21,38.2179,38.3,38.2,38.3,2100
22,38.275,38.3,38.275,38.3,577
23,38.25,38.25,38.225,38.25,1500
24,38.105,38.225,38,38.225,5640
25,38.15,38.2,38.15,38.15,400
26,38.25,38.25,38.15,38.15,2528
27,38.25,38.25,38.25,38.25,1202
28,38.2,38.2,38.15,38.2,1390
29,38.2,38.2,38.15,38.15,300
30,38.15,38.2,38.15,38.2,4632
31,38.15,38.2253,38.15,38.225,2275
32,38.2,38.2,38.175,38.2,2829
33,38.25,38.2831,38.15,38.215,2842
34,38.4,38.4,38.25,38.3,4588
35,38.175,38.3,38.15,38.3,7280
36,38.1,38.1753,38.1,38.175,3179
37,37.95,38.1,37.95,38.1,5448
38,38.05,38.05,37.75,37.95,20985
39,38.05,38.1,37.95,38,36465
144,37.95,37.95,37.95,37.95,1151
145,37.85,38.5,37.85,38.35,1014
146,37.85,38.25,37.85,38.05,1731
147,37.9,37.9,37.8,37.85,700
148,38.2,38.2,37.95,37.95,1300
149,38.15,38.2,38.1,38.2,6926
150,37.95,38.05,37.95,38.05,3900
151,37.8,37.9,37.8,37.9,600
152,37.95,38,37.8,37.8,1400
153,37.95,37.95,37.95,37.95,400
154,38.1,38.125,38,38,1400
155,38.05,38.05,38.05,38.05,100
156,37.9,38,37.9,38,1600
157,37.8,37.9,37.8,37.85,1202
158,37.9,37.95,37.9,37.9,500
159,37.95,37.95,37.95,37.95,546
160,38,38,37.933,37.933,900
161,38.05,38.05,38,38.05,600
162,38.15,38.15,38.025,38.1,1400
164,38.15,38.15,38.05,38.15,1073
165,38.15,38.2,38.1,38.1,1000
166,38.4,38.4,38.2,38.2,1400
167,38.4,38.4,38.35,38.35,700
169,38.3,38.35,38.25,38.3,1800
170,38.25,38.275,38.25,38.275,600
171,38.2,38.3,38.2,38.3,1200
172,38.15,38.15,38.05,38.15,2400
173,38.3,38.3,38.15,38.15,1400
174,38.05,38.2,38.05,38.2,1100
175,38.1,38.15,38.1,38.1,1600
176,38.175,38.175,38.125,38.125,1211
177,38.15,38.15,38.125,38.15,600
178,38.15,38.15,38.15,38.15,100
179,38.13,38.2123,38.05,38.15,4420
180,38.05,38.15,38.05,38.1,2100
181,38.1,38.15,38.1,38.1,2200
182,38.15,38.15,38.075,38.15,7889
183,38.1,38.15,38,38.1,33841
288,37.85,37.85,37.85,37.85,1678
289,37.725,38.05,37.725,37.85,1100
290,37.5,37.65,37.45,37.65,1100
291,37.15,37.4,37.1,37.4,2700
292,37.15,37.2,37.15,37.2,800
293,37.35,37.4,37.2,37.2,5214
294,37.2,37.3,37.2,37.3,2400
295,37.45,37.45,37.1,37.2539,5544
296,37.4,37.45,37.35,37.35,1600
297,37.4,37.4,37.35,37.4,2500
298,37.5,37.55,37.45,37.45,900
299,37.7,37.7,37.55,37.55,1300
300,37.65,37.7,37.6,37.7,2546
301,37.55,37.65,37.55,37.65,1100
302,37.55,37.6,37.55,37.55,514
303,37.7,37.7,37.65,37.65,782
304,37.65,37.7,37.65,37.65,2432
305,37.6,37.6,37.55,37.6,811
306,37.6,37.6,37.6,37.6,500
307,37.6,37.6,37.55,37.55,400
308,37.65,37.65,37.6,37.65,1200
309,37.65,37.65,37.6,37.6,900
310,37.6,37.65,37.6,37.65,1400
311,37.65,37.7,37.65,37.65,1100
312,37.675,37.725,37.65,37.7,4210
313,37.7,37.7,37.7,37.7,400
314,37.65,37.7,37.65,37.7,512
315,37.7,37.75,37.65,37.75,1221
316,37.6,37.7,37.55,37.7,3000
317,37.6,37.6281,37.6,37.6,1012
318,37.625,37.65,37.625,37.65,700
319,37.6,37.6,37.6,37.6,529
320,37.45,37.55,37.45,37.55,1600
321,37.45,37.5,37.45,37.45,2100
322,37.5,37.5,37.425,37.45,2300
323,37.4,37.5,37.4,37.5,2862
324,37.35,37.425,37.35,37.425,2743
325,37.425,37.45,37.35,37.375,4930
326,37.4,37.5,37.35,37.45,8693
327,37.4,37.425,37.3,37.425,20049
432,37.2,37.2,37.2,37.2,718
433,36.9,37,36,36.7,5548
434,36.9,36.9,36.65,36.75,2346
435,36.65,36.85,36.65,36.85,1000
436,36.5661,36.65,36.55,36.65,1897
437,36.6,36.6,36.55,36.575,400
438,36.55,36.65,36.5,36.5,3900
439,36.65,36.65,36.65,36.65,100
440,36.45,36.65,36.45,36.65,1700
441,36.55,36.65,36.55,36.55,900
442,36.65,36.65,36.55,36.55,800
443,36.6,36.75,36.6,36.7,2700
444,36.65,36.65,36.65,36.65,200
445,36.75,36.75,36.65,36.65,700
446,36.8,36.8,36.8,36.8,100
447,36.75,36.8,36.7,36.8,3600
448,36.7,36.7,36.7,36.7,600
449,36.7,36.7,36.65,36.7,2013
450,36.79,36.79,36.675,36.675,1136
451,36.85,36.85,36.7561,36.7561,1080
452,36.9,36.9,36.85,36.85,200
453,36.8,36.85,36.8,36.85,1100
454,36.675,36.75,36.675,36.75,700
455,36.75,36.75,36.7,36.7,700
456,36.7,36.7,36.7,36.7,200
457,36.7,36.75,36.7,36.75,1796
458,36.7,36.7,36.7,36.7,2211
459,36.7,36.7,36.7,36.7,1000
460,36.7,36.7,36.7,36.7,200
461,36.575,36.675,36.55,36.65,2485
462,36.575,36.6,36.55,36.55,1100
463,36.7,36.7,36.55,36.55,2226
464,36.6,36.7,36.6,36.7,2667
465,36.6,36.65,36.6,36.6,2100
466,36.65,36.7,36.6,36.65,1799
467,36.625,36.625,36.6,36.6,2200
468,36.525,36.6,36.5,36.6,2993
469,36.625,36.625,36.5,36.5,5017
470,36.65,36.7,36.6,36.65,14134
471,36.75,36.75,36.625,36.7,42022
864,36.95,36.95,36.95,36.95,735
865,37.1,37.1,37.07,37.07,430
866,37.25,37.25,37.05,37.1,1000
867,37.25,37.25,37.25,37.25,100
868,37.2,37.25,37.2,37.25,400
869,37.25,37.25,37.05,37.2,1759
870,37.15,37.25,37.15,37.25,753
871,37.1,37.1,37.05,37.1,911
872,37.1,37.1,37.1,37.1,2000
873,37.2,37.2,37.15,37.15,529
874,37.375,37.375,37.2,37.2,2700
875,37.35,37.375,37.325,37.375,1100
876,37.3,37.45,37.3,37.45,3815
877,37.45,37.45,37.4,37.4,432
878,37.35,37.35,37.3,37.35,1900
879,37.35,37.35,37.35,37.35,400
881,37.3,37.4,37.2,37.4,3300
882,37.3,37.3,37.3,37.3,100
884,37.25,37.25,37.25,37.25,100
886,37.225,37.25,37.2,37.25,800
887,37.3,37.3,37.25,37.25,400
889,37.25,37.3,37.25,37.3,200
890,37.3,37.3,37.225,37.25,2475
891,37.3,37.3,37.3,37.3,500
892,37.25,37.3,37.25,37.275,1199
893,37.3,37.3,37.2,37.25,1600
894,37.1,37.25,37.1,37.25,2464
895,37.15,37.15,37.05,37.05,1300
896,37.3,37.3,37.2,37.2,400
897,37.1,37.25,37.1,37.25,1700
898,37.15,37.15,37.1,37.1,500
899,37.15,37.15,37.1,37.15,2600
900,37.35,37.35,37.2,37.2,3100
901,37.25,37.3,37.25,37.3,4947
902,37.4,37.4,37.25,37.25,4981
903,37.35,37.4,37.3,37.4,30529
a1494941400,37.35,37.35,37.35,37.35,813
1,37.3,37.7,37.3,37.7,1000
2,37.1,37.3,37.05,37.3,900
3,37.2,37.2,37.1,37.1,600
4,37.35,37.35,37.2,37.2,1100
5,37.45,37.45,37.35,37.35,700
6,37.1,37.35,37.1,37.35,1400
7,37,37.2,37,37.15,1494
8,37.1,37.1,37.05,37.05,400
9,37.2,37.2,37.1,37.1,800
10,37.2,37.2,37.05,37.1,1700
11,37.25,37.25,37.2,37.2,200
12,37.35,37.35,37.25,37.25,700
13,37.3,37.3,37.2,37.275,2000
14,37.4,37.4,37.35,37.35,400
15,37.4,37.4,37.4,37.4,100
16,37.3,37.3,37.25,37.3,1659
17,37.445,37.445,37.3,37.3,2800
18,37.4,37.4,37.3849,37.3849,400
19,37.35,37.45,37.35,37.45,1200
20,37.35,37.35,37.35,37.35,600
21,37.375,37.375,37.325,37.35,1100
22,37.3,37.35,37.25,37.35,1200
23,37.35,37.35,37.35,37.35,200
24,37.15,37.25,37.15,37.25,1705
25,37.3,37.3,37.25,37.25,500
26,37.4,37.4,37.3,37.3,800
27,37.25,37.4,37.25,37.4,1377
28,37.35,37.35,37.35,37.35,600
29,37.38,37.4,37.375,37.4,1488
30,37.3,37.35,37.25,37.35,1806
31,37.3,37.4,37.3,37.3,2200
32,37.3,37.35,37.25,37.3,1935
33,37.35,37.35,37.35,37.35,100
34,37.35,37.35,37.35,37.35,1153
35,37.2325,37.3,37.2325,37.3,1900
36,37.275,37.3,37.25,37.25,1420
37,37.3,37.3,37.275,37.3,1252
38,37.3,37.35,37.25,37.275,6502
39,37.35,37.4,37.2717,37.3,38839
144,36.4,36.4,36.4,36.4,6868
145,36.65,36.85,36.55,36.55,800
146,36.45,36.55,36.4,36.55,2425
147,36.55,36.6,36.45,36.5,1400
148,36.75,36.75,36.6,36.6,3745
149,36.9,36.9,36.7,36.75,5895
150,36.65,36.85,36.55,36.85,2500
151,36.6,36.75,36.6,36.75,619
152,36.65,36.65,36.6,36.65,836
153,36.45,36.6,36.45,36.55,1206
154,36.5,36.5,36.45,36.45,600
155,36.55,36.55,36.45,36.45,1733
156,36.45,36.55,36.45,36.55,1200
157,36.45,36.45,36.375,36.425,3814
158,36.45,36.5,36.45,36.5,700
159,36.6,36.6,36.45,36.45,1200
160,36.55,36.55,36.55,36.55,400
161,36.45,36.5,36.45,36.5,500
162,36.5,36.55,36.45,36.45,3535
163,36.5,36.5,36.5,36.5,200
164,36.6,36.6,36.47,36.5,1200
165,36.55,36.55,36.55,36.55,500
166,36.6,36.6,36.5,36.575,2697
167,36.65,36.8,36.65,36.65,5461
168,36.7,36.75,36.7,36.7,1848
169,36.8,36.825,36.7,36.75,2870
171,36.75,36.8,36.75,36.8,719
172,36.85,36.85,36.7,36.75,4416
173,36.8,36.825,36.7,36.825,4900
174,36.8276,36.85,36.75,36.8,4600
175,36.775,36.8,36.75,36.8,1200
176,36.775,36.775,36.675,36.75,3882
177,36.925,36.975,36.75,36.75,5071
178,36.9,36.95,36.9,36.925,2825
179,37.075,37.075,36.875,36.89,5565
180,37.125,37.15,37.075,37.075,5810
181,37.225,37.25,37.125,37.125,5810
182,37.1,37.3,37.1,37.225,13951
183,37.1,37.15,37.075,37.1,41587
288,37,37,37,37,1485
289,37.175,37.35,36.7,36.85,7900
290,36.95,37.175,36.95,37.175,2300
291,36.875,36.9,36.8,36.85,643
292,37.05,37.05,36.95,36.95,1000
293,37,37.1,37,37.1,1800
294,37.0768,37.0768,36.95,37.05,2926
295,37.05,37.2,37.05,37.1,1400
296,37,37.05,37,37.05,600
297,37.1,37.1,37,37,800
298,37,37.1,37,37.1,2299
299,37,37.1,37,37.1,1300
300,37.05,37.15,37,37.1,3027
302,36.95,37.05,36.85,37,3999
303,36.85,37,36.8,37,2400
304,36.75,36.9,36.75,36.85,4099
305,36.7,36.75,36.65,36.7,1900
306,36.85,36.9,36.75,36.75,2892
307,36.7,36.8,36.7,36.8,1100
308,36.6,36.7,36.6,36.7,1700
309,36.7,36.7,36.55,36.6,1600
310,36.55,36.7,36.525,36.7,2800
311,36.55,36.65,36.55,36.6,1000
312,36.55,36.6,36.55,36.55,2200
313,36.6,36.6,36.55,36.55,800
314,36.625,36.625,36.6,36.6,500
315,36.6333,36.7,36.55,36.6,1200
316,36.7,36.725,36.65,36.7,2400
317,36.6,36.7,36.6,36.7,2200
318,36.7,36.7,36.65,36.65,400
319,36.75,36.8,36.75,36.75,7024
320,36.6,36.725,36.575,36.725,3054
321,36.65,36.65,36.55,36.65,3893
322,36.65,36.7,36.6,36.7,2170
323,36.7,36.7,36.65,36.7,2753
324,36.7,36.775,36.7,36.7,4468
325,36.725,36.775,36.7,36.75,4804
326,36.8,36.825,36.7,36.75,9447
327,36.55,36.825,36.55,36.8,29798
432,36.85,36.85,36.85,36.85,11055
433,36.9,36.9,36.25,36.25,900
434,37.15,37.15,37,37,700
435,37,37.1,36.95,37.1,1423
436,36.85,37.05,36.85,37.007,3764
437,36.95,37,36.9,36.9,4007
438,37.1,37.1,37,37,819
439,37.1,37.15,37.05,37.15,2290
440,37.1,37.15,37.1,37.15,1300
441,37.1,37.1,37.05,37.05,500
442,37.05,37.075,37,37.075,2717
443,36.95,37.05,36.95,37.05,1200
444,36.95,36.95,36.925,36.95,3000
445,36.9,36.95,36.85,36.95,2400
446,36.8,36.85,36.8,36.85,2182
447,36.825,36.85,36.8,36.8,1300
448,36.85,36.85,36.85,36.85,200
449,36.8,36.9,36.8,36.85,2600
450,36.85,36.875,36.85,36.85,528
451,36.9,36.9,36.9,36.9,100
452,36.95,36.95,36.95,36.95,300
453,37.05,37.1,37.025,37.025,500
454,37,37.075,37,37.075,2034
455,37.15,37.15,37.05,37.05,600
456,37.175,37.175,37.15,37.15,1271
457,37.1,37.15,37.1,37.15,650
458,37.05,37.075,37.05,37.05,1470
459,37.25,37.25,37.1,37.1,1608
460,37.25,37.3,37.25,37.25,2400
461,37.35,37.35,37.25,37.25,1623
462,37.25,37.35,37.25,37.35,1000
463,37.35,37.4,37.275,37.275,4100
464,37.425,37.525,37.4,37.4,3100
465,37.45,37.55,37.45,37.45,2600
466,37.35,37.5,37.35,37.475,4199
467,37.375,37.425,37.35,37.35,3806
468,37.25,37.375,37.25,37.35,4146
469,37.3,37.3,37.2,37.25,1400
470,37.275,37.375,37.2,37.3,8816
471,37.2,37.35,37.2,37.3,37320
864,37.5,37.5,37.5,37.5,981
865,37.5,37.5,37.5,37.5,100
866,37.4,37.4,37.25,37.25,1100
867,37.35,37.35,37.35,37.35,798
868,37.3,37.35,37.175,37.175,500
870,37.2,37.2,37.2,37.2,100
871,37.1,37.35,37.1,37.35,900
872,37.15,37.25,37.05,37.1,2500
873,37.05,37.15,37.05,37.15,300
874,37.15,37.15,37,37,2595
875,37.35,37.4,37.3,37.3,1000
876,37.4,37.4,37.4,37.4,400
877,37.3,37.4,37.3,37.4,2002
878,37.35,37.4,37.3,37.35,440
879,37.4,37.4,37.3,37.3,400
880,37.35,37.45,37.35,37.45,800
881,37.45,37.5,37.45,37.45,1619
882,37.5,37.5,37.4,37.4541,4971
883,37.45,37.45,37.45,37.45,100
885,37.5,37.5,37.5,37.5,100
886,37.35,37.4,37.35,37.4,1300
887,37.35,37.4,37.35,37.4,954
888,37.4,37.4,37.4,37.4,300
889,37.35,37.4,37.35,37.4,1500
890,37.4,37.4,37.35,37.35,900
891,37.4,37.4,37.4,37.4,200
892,37.45,37.45,37.3,37.35,3500
893,37.4,37.4,37.35,37.4,500
894,37.35,37.45,37.35,37.4,2047
895,37.3804,37.3804,37.35,37.35,569
896,37.35,37.35,37.35,37.35,100
897,37.35,37.35,37.3,37.3,900
898,37.35,37.35,37.3,37.35,2226
899,37.25,37.35,37.25,37.35,3300
900,37.225,37.3,37.2,37.275,3700
901,37.375,37.375,37.25,37.25,3263
902,37.5,37.5,37.4,37.4,5127
903,37.45,37.55,37.45,37.5,34204
a1495546200,37.6,37.6,37.6,37.6,536
1,37.25,37.55,37.25,37.45,500
2,37.25,37.325,37.25,37.3,700
3,37.25,37.3,37.2,37.3,1090
4,37.3,37.3,37.2,37.25,2279
5,37.225,37.25,37.2,37.25,1231
6,37.3,37.3,37.25,37.25,500
7,37.35,37.35,37.35,37.35,1320
8,37.35,37.3659,37.34,37.34,600
9,37.45,37.5,37.35,37.35,2900
10,37.55,37.55,37.45,37.5,1900
11,37.65,37.65,37.6,37.6,3254
12,37.85,37.85,37.7,37.7,2400
13,37.9,37.9,37.875,37.9,700
14,37.85,37.9,37.75,37.85,6604
15,37.875,37.9,37.85,37.85,2200
16,37.9,37.9,37.9,37.9,400
17,37.875,37.925,37.85,37.925,2200
18,37.8,37.875,37.8,37.875,3100
19,37.8,37.85,37.75,37.75,1200
20,37.85,37.85,37.85,37.85,100
21,37.65,37.8,37.6,37.8,1332
22,37.675,37.675,37.65,37.65,500
23,37.825,37.825,37.775,37.8,1100
24,37.825,37.825,37.825,37.825,100
25,37.775,37.825,37.75,37.8,1200
26,37.75,37.75,37.75,37.75,100
27,37.65,37.775,37.65,37.75,3600
29,37.7,37.775,37.65,37.7,5991
30,37.7,37.7,37.7,37.7,600
31,37.75,37.775,37.75,37.75,2972
32,37.85,37.85,37.8,37.8,2292
33,37.95,37.95,37.85,37.85,3800
34,37.925,37.925,37.925,37.925,200
35,37.9238,37.925,37.9,37.925,3000
36,37.65,37.925,37.65,37.925,5804
37,37.65,37.675,37.65,37.675,3641
38,37.8,37.825,37.65,37.65,13295
39,37.8,37.85,37.8,37.825,32851
144,37.95,37.95,37.95,37.95,568
145,38,38,37.85,37.95,1204
146,38.15,38.15,38,38,700
148,38.125,38.15,38.1,38.15,700
149,38.05,38.15,38.05,38.125,600
150,38.05,38.175,38.025,38.025,2200
151,38.2,38.2,38.05,38.05,1500
152,38.15,38.15,38.15,38.15,300
153,38.01,38.125,38.01,38.1,2654
154,38.05,38.05,38,38.025,2100
155,38.1,38.1,38.05,38.1,3700
156,38.1,38.125,38.1,38.125,500
157,38.1,38.2,38.1,38.2,1265
158,38.05,38.15,38.05,38.15,1146
159,38,38.05,37.65,38.05,5023
160,37.95,38,37.95,38,400
161,37.9,38,37.9,38,800
162,37.85,37.85,37.8,37.85,800
163,37.75,37.85,37.725,37.85,1800
164,37.65,37.8,37.65,37.75,1200
165,37.65,37.7,37.6,37.7,700
166,37.55,37.65,37.55,37.6,1192
167,37.55,37.575,37.4835,37.575,1700
168,37.5,37.55,37.45,37.45,7954
169,37.525,37.525,37.5,37.5,200
170,37.6,37.6,37.5,37.525,1830
172,37.6,37.625,37.55,37.55,3800
173,37.75,37.75,37.6,37.6,1400
174,37.75,37.75,37.65,37.7,2300
175,37.925,37.925,37.775,37.775,12879
176,37.95,37.975,37.8,37.925,12033
177,37.975,37.975,37.9,37.9,5073
178,38,38,37.925,38,4806
179,38.05,38.125,37.9,37.975,10305
180,38.1,38.125,38,38,6758
181,38.15,38.225,38.1,38.15,8848
182,38.125,38.2,38.1,38.15,4000
183,38.05,38.15,38.05,38.125,24658
288,38.25,38.25,38.25,38.25,1833
289,38.25,38.25,38.05,38.05,600
290,38.3,38.3,38.15,38.25,111898
291,38.25,38.4,38.25,38.4,2600
292,38.325,38.35,38.3,38.3,600
293,38.3,38.425,38.3,38.35,1905
295,38.05,38.15,38.05,38.15,400
296,37.95,38.05,37.95,38.05,500
297,37.9,37.95,37.9,37.95,300
298,37.85,37.9,37.8,37.9,500
299,37.725,37.85,37.7,37.85,3196
300,37.6,37.6,37.55,37.6,600
301,37.425,37.6,37.4,37.6,800
302,37.6,37.6,37.325,37.35,14145
303,37.5,37.75,37.45,37.6,14613
304,37.45,37.45,37.4498,37.4498,1234
305,37.3,37.45,37.3,37.45,4278
306,37.4127,37.4127,37.3,37.3,1150
307,37.45,37.45,37.45,37.45,300
308,37.4,37.4,37.4,37.4,800
309,37.35,37.4,37.35,37.4,10600
310,37.2,37.35,37.15,37.35,1700
311,37.2,37.2,37.15,37.15,1100
312,37.2,37.25,37.2,37.2,1354
313,37.225,37.25,37.2,37.2,800
314,37.3,37.3,37.225,37.225,500
315,37.35,37.475,37.25,37.25,3493
316,37.375,37.375,37.325,37.35,1000
317,37.3,37.35,37.3,37.35,1000
318,37.35,37.4,37.3,37.325,11933
319,37.5,37.525,37.325,37.325,24508
320,37.625,37.625,37.5,37.5,4600
321,37.75,37.775,37.6,37.625,13842
322,37.725,37.75,37.725,37.75,900
323,37.8,37.8,37.725,37.725,700
324,37.7,37.75,37.65,37.75,9253
325,37.681,37.775,37.65,37.675,19433
326,37.775,37.825,37.65,37.675,7003
327,37.85,37.9,37.775,37.775,22342
432,37.75,37.75,37.75,37.75,884
433,37.95,38.25,37.8,38.15,13238
434,38,38,37.925,37.95,2654
435,38.2,38.2,37.95,38,5023
436,38.2,38.3,38.15,38.2,7100
437,38.15,38.2,38.15,38.15,3851
438,38,38.1,38,38.1,600
439,38,38,38,38,1200
440,37.95,38.05,37.95,38.05,1200
441,37.875,37.875,37.85,37.85,200
442,37.95,37.95,37.8,37.8,1705
443,37.85,37.9,37.85,37.9,400
444,37.95,37.95,37.9,37.9,700
445,37.9,37.9,37.9,37.9,300
446,37.95,37.95,37.8,37.8,257
447,37.7,37.8,37.7,37.8,400
448,37.75,37.8,37.7,37.75,2100
449,37.8,37.8,37.8,37.8,50000
450,37.8,37.85,37.8,37.85,1740
451,37.8,37.85,37.8,37.85,200
452,37.825,37.85,37.8,37.85,900
453,37.8,37.825,37.8,37.8,400
454,37.85,37.85,37.8,37.825,1200
455,37.9,37.9,37.9,37.9,300
456,37.8,37.85,37.8,37.85,803
457,37.8,37.8,37.8,37.8,600
458,37.8,37.8,37.75,37.8,1400
459,37.8,37.8,37.75,37.8,300
460,37.8,37.8,37.8,37.8,300
461,37.775,37.8,37.75,37.75,1400
462,37.77,37.8,37.75,37.775,1387
463,37.775,37.8,37.75,37.775,900
465,37.7,37.775,37.7,37.75,2600
466,37.7,37.725,37.7,37.7,900
467,37.7,37.7,37.65,37.675,2400
468,37.725,37.725,37.7,37.725,74600
469,37.725,37.75,37.7,37.725,1300
470,37.75,37.8,37.7,37.725,53241
471,37.65,37.775,37.65,37.75,41687
a1496151000,37.45,37.45,37.45,37.45,866
1,37.5,37.5,37.05,37.05,590
2,37.55,37.6,37.55,37.6,200
3,37.4,37.45,37.4,37.45,200
4,37.5,37.5,37.35,37.35,2728
5,37.5,37.55,37.4,37.5,2200
6,37.65,37.7,37.55,37.55,2237
7,38.15,38.15,37.65,37.65,3100
8,38.15,38.2,38.15,38.15,900
9,38,38.2,38,38.2,1600
10,38.1,38.1,37.95,37.95,602
11,38.1,38.15,38.1,38.15,1275
12,38.05,38.05,37.95,38.05,1000
13,38.05,38.05,38,38,600
14,38,38.05,37.95,38.05,1700
15,38,38,38,38,100
16,38,38,38,38,300
17,38.1,38.1,38.05,38.05,900
18,38.15,38.15,38.1,38.1,1100
19,38.15,38.2,38.15,38.2,300
20,38.15,38.2,38.1,38.2,900
21,38.1,38.1,38.1,38.1,100
22,38.15,38.15,38.15,38.15,100
23,38.14,38.14,38.14,38.14,196
24,38.075,38.1,38.075,38.1,600
25,38.15,38.15,38.1,38.1,1100
26,38.05,38.05,38.05,38.05,100
27,38.125,38.15,38.1,38.15,1045
28,38.1,38.1,38.1,38.1,500
29,38.2,38.2,38.1,38.1,2608
30,38.2,38.2,38.15,38.15,400
31,38.1,38.175,38.1,38.15,1600
32,38.15,38.15,38.05,38.05,300
33,38.05,38.1,38.05,38.1,1000
34,38.2,38.2,38.1,38.1,2877
36,37.85,38.1,37.85,38.1,2804
37,37.975,38.025,37.95,37.95,1900
38,37.9,37.95,37.9,37.95,2433
39,37.9,37.95,37.9,37.9,19633
144,38.05,38.05,38.05,38.05,1435
145,38.15,38.15,38.15,38.15,100
146,37.85,38,37.75,38,2000
147,37.65,37.9,37.65,37.85,2300
148,37.55,37.7,37.55,37.65,1400
149,37.85,37.85,37.55,37.55,2700
150,37.95,38.05,37.7,37.7,2500
151,38.15,38.4,38,38.05,5640
152,38.25,38.25,38.2,38.2,1200
153,38.2,38.2,38.1,38.15,1200
154,38.15,38.15,38.15,38.15,200
155,38.1,38.2,38,38.2,2485
156,38.2,38.2,38.2,38.2,100
157,38.15,38.2,38.1,38.2,1200
158,38.15,38.15,38.1,38.1,1400
159,38.2,38.25,38.2,38.25,400
160,38.2,38.225,38.2,38.2,800
161,38.3,38.35,38.2181,38.25,3536
162,38.15,38.275,38.15,38.275,1500
163,38.25,38.25,38.15,38.15,3405
165,38.15,38.2,38.15,38.2,900
166,38.05,38.2,38.05,38.2,3700
167,38.05,38.2,38.05,38.1,5600
168,38.05,38.05,38,38.05,3900
169,38.0373,38.1,38,38.1,1033
170,38.05,38.1,38.05,38.1,800
171,37.95,38,37.95,38,2400
172,38,38.05,38,38,500
173,38.05,38.05,37.95,37.95,1300
174,38.2,38.2,38.05,38.05,3763
175,38.25,38.25,38.1,38.1,3307
176,38.15,38.25,38.15,38.25,1200
177,38.15,38.15,38.1,38.15,2100
178,38.25,38.25,38.2,38.2,1377
179,38.2,38.25,38.2,38.2,700
180,38.25,38.3,38.2,38.2,8578
181,38.2,38.225,38.2,38.2,600
182,38.15,38.3,38.15,38.25,7847
183,38.2,38.35,38.15,38.175,53365
288,38.4,38.4,38.4,38.4,666
289,38.2,38.2,38.2,38.2,400
290,38.5,38.5,38.25,38.3,4508
291,38.525,38.8,38.5,38.5,5111
292,38.65,38.65,38.475,38.5,2400
293,38.8,38.85,38.7,38.7,3300
294,39.05,39.05,38.8,38.8,6451
295,38.85,39.1,38.8,39.1,4200
296,38.6,38.8,38.6,38.8,1700
297,38.65,38.65,38.65,38.65,300
298,38.75,38.8,38.65,38.65,2400
299,38.85,38.85,38.75,38.75,2200
300,38.85,38.85,38.8,38.85,1700
301,38.8,38.9,38.75,38.85,900
302,38.8,38.85,38.75,38.8,1500
303,38.9,38.95,38.85,38.85,1500
304,38.95,38.95,38.85,38.9,1570
305,38.95,38.95,38.8,38.9,3100
306,38.95,38.95,38.925,38.95,600
307,38.95,38.95,38.95,38.95,200
308,38.95,38.95,38.95,38.95,600
309,39,39,38.9,38.9,1200
310,39.25,39.25,39,39,5540
311,39.3,39.3,39.25,39.25,800
312,39.3,39.3,39.3,39.3,800
313,39.15,39.275,39.15,39.25,2315
314,39.3,39.3,39.15,39.2,1200
315,39.225,39.3,39.225,39.25,900
316,39.3,39.3,39.25,39.25,1100
317,39.35,39.35,39.3,39.3,428
318,39.45,39.45,39.35,39.35,3137
319,39.35,39.475,39.35,39.425,3123
320,39.35,39.4,39.35,39.35,1200
321,39.2,39.35,39.15,39.35,2299
322,39.25,39.25,39.15,39.2,3101
323,39.35,39.35,39.225,39.25,6265
324,39.325,39.35,39.325,39.35,1100
325,39.3,39.35,39.25,39.325,4123
326,39.3,39.3,39.2,39.275,9724
327,39.4,39.45,39.25,39.3,46107
432,39.4,39.4,39.4,39.4,1675
433,39.6,39.9,39.2,39.2,5129
434,39.8,39.8,39.5,39.55,9000
435,39.9,39.9,39.7,39.7,9600
436,40.05,40.1,39.9,39.9,5698
437,39.95,40.05,39.95,40.05,2500
438,40.15,40.15,40,40.05,4700
439,40.2,40.2,40.1,40.2,4295
440,40.4,40.4,40.25,40.25,11726
441,40.5,40.55,40.4,40.45,6054
442,40.5,40.6,40.4,40.4,4844
443,40.55,40.65,40.35,40.5,4100
444,40.45,40.65,40.45,40.65,3200
445,40.65,40.7,40.45,40.45,5400
446,40.8,40.9,40.65,40.675,5600
447,40.85,40.9,40.8,40.8,4101
448,40.7,40.8,40.7,40.8,1400
449,40.7,40.7,40.6,40.7,2400
450,40.7,40.7,40.6,40.6,1200
451,40.575,40.65,40.55,40.65,2643
452,40.6,40.6,40.5,40.55,2700
453,40.55,40.6,40.475,40.6,5762
454,40.4,40.55,40.4,40.55,1000
455,40.25,40.325,40.25,40.3,1300
456,40.3,40.3,40.2,40.25,2300
457,40.3,40.35,40.25,40.25,1575
458,40.25,40.35,40.25,40.25,2317
459,40.3,40.35,40.25,40.25,1300
460,40.35,40.4,40.3,40.3,3200
461,40.5,40.5,40.4,40.4,1000
462,40.45,40.6,40.45,40.5,5140
463,40.4,40.5,40.35,40.45,4797
464,40.375,40.45,40.35,40.4,5096
465,40.2,40.45,40.2,40.4,26164
466,40.15,40.25,40.15,40.15,6800
467,40.2,40.35,40.15,40.2,14659
468,40.275,40.275,40.2,40.2,7700
469,40.3,40.308,40.2,40.25,9110
470,40.25,40.3,40.2,40.25,19397
471,40.05,40.3,40,40.275,46328
864,40,40,40,40,743
865,40.1,40.1,39.7,39.7,700
866,40.1,40.1,39.9,40.05,2900
867,40,40.05,40,40.05,900
868,40.25,40.25,40.05,40.05,2400
869,40.4,40.4,40.15,40.15,3608
870,40.4,40.4,40.3,40.3,1400
871,40.3,40.45,40.3,40.4,2500
872,40.45,40.45,40.35,40.35,1800
873,40.45,40.55,40.35,40.4,1935
874,40.45,40.45,40.35,40.4,1500
875,40.425,40.45,40.35,40.35,13300
876,40.2,40.45,40.2,40.45,1200
877,40.15,40.25,40.15,40.25,1100
878,40.05,40.15,40.05,40.1,2100
879,40.325,40.4,40.1,40.1,4100
880,40.4,40.4,40.25,40.3,800
881,40.4,40.5,40.4,40.45,1500
882,40.4,40.45,40.35,40.4,2000
883,40.4,40.4,40.35,40.4,1400
884,40.4,40.5,40.4,40.4,1600
885,40.4,40.45,40.35,40.45,1200
886,40.4,40.4,40.35,40.4,2100
887,40.45,40.5,40.4,40.4,1347
888,40.5,40.5,40.4,40.45,983
889,40.6,40.7,40.35,40.41,14969
890,40.55,40.55,40.5,40.55,761
891,40.65,40.7,40.575,40.575,2698
892,40.525,40.65,40.5,40.625,2945
893,40.6,40.65,40.55,40.55,2062
894,40.6,40.6,40.55,40.6,1000
895,40.5,40.6,40.5,40.575,2898
896,40.65,40.65,40.55,40.6,3432
897,40.55,40.6,40.5,40.575,3093
898,40.575,40.6,40.525,40.55,3989
899,40.5,40.6,40.5,40.6,2100
900,40.625,40.65,40.5,40.6,6116
901,40.6,40.675,40.5712,40.6,14944
902,40.45,40.575,40.4,40.55,12296
903,40.3,40.45,40.25,40.4,37908
a1496755800,39.75,40,39.75,40,1347
1,39.85,39.975,39.005,39.975,8371
2,39.75,39.8,39.55,39.65,3253
3,39.85,39.9,39.7,39.8,2300
4,39.7,39.75,39.6,39.75,1700
5,39.75,39.75,39.6,39.6,2700
6,39.65,39.65,39.55,39.6,600
7,39.4433,39.6,39.35,39.6,1644
8,39.5,39.5,39.45,39.45,381
9,39.55,39.55,39.45,39.55,3800
10,39.4,39.55,39.35,39.55,1800
11,39.25,39.45,39.25,39.45,1400
12,39.25,39.25,39.25,39.25,300
13,39.4,39.4,39.25,39.25,1700
14,39.3557,39.4,39.3,39.4,2230
15,39.35,39.45,39.35,39.35,1560
16,39.4,39.4,39.35,39.358,438
17,39.6,39.6,39.35,39.35,1900
18,39.6,39.65,39.6,39.65,300
19,39.5,39.65,39.5,39.6,1792
20,39.55,39.55,39.5,39.5,400
21,39.45,39.55,39.45,39.45,2012
22,39.4,39.5,39.4,39.4,400
23,39.4,39.5,39.4,39.4,900
24,39.5,39.5,39.4,39.5,400
25,39.5,39.5,39.4,39.4,800
26,39.45,39.55,39.4,39.4,1400
27,39.55,39.55,39.45,39.5178,1398
28,39.6,39.65,39.5,39.5,2200
29,39.65,39.65,39.55,39.65,1600
30,39.7,39.7,39.65,39.7,377
31,39.9,39.95,39.6,39.6,7015
32,40,40,39.8,39.8,1900
33,40.05,40.05,40,40,1600
34,39.95,40,39.95,39.95,1100
35,40,40,39.9,39.9,1200
36,40.05,40.1,40,40,4200
37,40.05,40.1,39.95,40,6548
38,39.9,40.05,39.9,40.05,4500
39,39.85,39.95,39.825,39.9,33856
144,40.05,40.05,40.05,40.05,634
145,39.75,39.75,39.5,39.5,1100
146,39.85,39.85,39.6,39.65,2475
147,39.9,39.9,39.8,39.8,600
148,40,40,39.9,39.95,1100
149,40.4,40.4,39.975,39.975,5186
150,40.25,40.35,40.1,40.3,2100
151,40.05,40.2,40,40.15,2818
152,40.1,40.15,39.95,39.95,1400
153,40.2,40.2,40.1,40.1,1900
154,40.15,40.15,40.1,40.1,500
155,40.2,40.2,40.05,40.1,3000
156,40.1,40.1,40.05,40.1,1000
157,40.05,40.05,40.05,40.05,300
158,40.05,40.15,39.95,40.05,1300
159,40.05,40.05,40.05,40.05,100
160,39.875,40.05,39.8,40,3163
161,39.9,39.9,39.85,39.85,1867
162,40,40,39.85,39.85,3608
163,39.9,39.95,39.9,39.9,1300
164,39.9,39.9,39.85,39.875,1227
165,39.85,39.95,39.825,39.85,2301
166,39.85,39.9,39.8,39.85,1600
167,39.9,39.9,39.9,39.9,100
168,39.75,39.85,39.7,39.8,911
169,39.7,39.7,39.7,39.7,225
170,39.7,39.75,39.675,39.7,2885
171,39.6,39.65,39.6,39.65,2200
172,39.5,39.5,39.5,39.5,500
173,39.55,39.55,39.55,39.55,1498
174,39.5,39.55,39.475,39.5,3500
175,39.7,39.7,39.55,39.55,1100
176,39.8,39.8,39.7,39.7,1700
177,39.7,39.8,39.7,39.8,2800
178,39.65,39.75,39.65,39.75,1200
179,39.5,39.65,39.5,39.6,1400
180,39.7,39.7,39.5,39.55,4451
181,39.6,39.75,39.575,39.7,3200
182,39.55,39.65,39.5,39.55,7517
183,39.55,39.625,39.55,39.6,26476
288,39.65,39.65,39.65,39.65,189
289,39.65,39.65,39.35,39.45,1138
290,39.75,39.75,39.75,39.75,200
291,39.8,39.8,39.45,39.65,1200
292,39.85,39.85,39.8,39.8,400
293,39.85,39.9,39.75,39.75,2000
294,39.8,39.85,39.75,39.85,1000
295,39.7,39.8,39.7,39.75,900
296,39.8,39.8,39.7,39.7,1055
297,39.875,39.9,39.75,39.85,1650
298,39.95,39.95,39.9,39.9,600
299,40.15,40.15,39.9,39.9,3877
300,40.3,40.3,40.1,40.1,3776
301,40.2,40.3,40.2,40.3,200
302,40.3,40.35,40.25,40.3,1700
303,40.4,40.45,40.35,40.35,900
304,40.5,40.5,40.35,40.35,1574
305,40.6,40.6,40.5,40.55,1600
306,40.5,40.65,40.5,40.65,1100
307,40.45,40.55,40.45,40.55,862
308,40.575,40.6,40.45,40.45,1100
309,40.6,40.6,40.5,40.55,700
310,40.55,40.6,40.5,40.5,1511
311,40.75,40.75,40.55,40.55,3075
312,40.6,40.7175,40.55,40.7175,776
313,40.65,40.65,40.5,40.5,1100
314,40.7,40.7,40.55,40.6,3393
315,40.75,40.75,40.7,40.7,1900
316,40.7,40.7,40.7,40.7,700
317,40.7,40.7,40.625,40.65,2300
318,40.6,40.75,40.6,40.75,1424
319,40.75,40.75,40.65,40.65,2098
320,40.5,40.675,40.5,40.675,2566
321,40.6,40.6,40.4,40.5,1702
322,40.65,40.7,40.6,40.6,3200
323,40.65,40.65,40.575,40.575,1200
324,40.55,40.65,40.55,40.55,3183
325,40.55,40.55,40.45,40.5,3100
326,40.5,40.55,40.45,40.525,5994
327,40.45,40.55,40.4,40.5,20448
432,40.55,40.55,40.55,40.55,605
433,40.7,40.7,40.4,40.4,1038
434,40.8,40.8,40.6,40.7,900
435,40.95,41,40.75,40.75,900
436,40.95,40.95,40.75,40.8,1050
437,40.95,40.95,40.9,40.95,1300
438,40.9,41,40.85,41,2310
439,40.85,40.85,40.85,40.85,500
440,40.9,41,40.9,40.9,1400
441,40.95,40.95,40.9,40.9,700
442,41,41,40.95,41,5996
443,41,41.05,41,41,1200
444,41.1,41.1,41,41.05,1922
445,41.1,41.15,41.05,41.05,4080
446,41.05,41.15,41.05,41.05,1800
447,41,41.1,40.95,41.1,1300
448,41,41,40.95,40.95,1229
449,41.05,41.15,41,41,1900
450,40.95,41.05,40.9,41.05,1200
451,41.1,41.1,41,41,1500
452,41.1,41.1,41,41.05,1100
453,41.15,41.2,41.15,41.15,2100
454,41.1,41.1,41.1,41.1,604
455,41.15,41.15,41,41,800
456,41.2,41.2,41.15,41.15,800
457,41.25,41.25,41.15,41.22,1222
458,41.2,41.2,41.2,41.2,1200
459,41.15,41.25,41.15,41.25,1700
460,41.15,41.2,41.125,41.2,2017
461,41.2,41.25,41.15,41.2,1500
462,41.15,41.3,41.15,41.2,1100
463,41.15,41.15,41,41.1,4794
464,41.1,41.1,40.98,41.1,10083
465,41.1,41.1,41,41.05,1000
466,41.1,41.15,41.05,41.1,3075
467,41.2,41.2,41.1,41.15,2325
468,41.05,41.2,41.05,41.15,900
469,41,41.0663,41,41.05,4662
470,41.05,41.05,40.95,41,4870
471,41.05,41.15,41.05,41.05,38845
864,41.05,41.05,41.05,41.05,652
865,41.65,41.7,40.6,40.6,4590
866,41.7,41.75,41.55,41.6,3156
867,41.75,41.75,41.65,41.75,7372
868,41.55,41.65,41.45,41.65,1708
869,41.85,41.85,41.51,41.55,3798
870,41.95,41.95,41.75,41.9,3284
871,41.9,41.95,41.75,41.95,1550
872,41.95,42.1,41.95,41.95,3074
873,42,42.1,42,42.05,1900
874,41.8,42,41.8,42,3400
875,41.8,41.8,41.675,41.775,3377
876,41.85,41.85,41.75,41.85,3858
877,41.6,41.775,41.575,41.75,8214
878,41.7,41.7,41.6,41.6,1400
879,41.9,41.9,41.7,41.75,2300
880,41.75,41.85,41.7,41.85,4095
881,41.8,41.8,41.75,41.75,1300
882,41.825,41.825,41.775,41.8,3200
883,41.875,41.9,41.825,41.85,1020
884,41.95,41.95,41.875,41.9,2400
885,41.7,41.925,41.7,41.925,2900
886,41.7,41.7,41.7,41.7,300
887,41.55,41.75,41.55,41.75,1700
888,41.55,41.65,41.55,41.6,1400
889,41.5,41.6,41.5,41.6,1800
890,41.5,41.6,41.5,41.5,6294
891,41.5,41.575,41.5,41.55,2900
892,41.5,41.6,41.45,41.525,2300
893,41.3,41.4,41.275,41.4,1100
894,41.15,41.3,41.15,41.3,1452
895,41.1,41.3,41,41.25,3900
896,41.15,41.175,41.05,41.15,5100
897,41.15,41.175,41.1,41.15,3211
898,41.2,41.3,41.2,41.2,4334
899,41.25,41.375,41.2,41.25,5000
900,41.2,41.3,41.15,41.25,4800
901,41.2,41.275,41.15,41.2,8470
902,41.25,41.3,41.15,41.225,11269
903,41.45,41.5,41.2,41.3,32551
a1497360600,41.65,41.65,41.65,41.65,850
1,41.45,41.75,41.3,41.75,2500
2,41.3,41.55,41.3,41.55,1100
3,41.35,41.3678,41.15,41.3,2358
4,41.325,41.35,41.3,41.3,1709
5,41.35,41.35,41.3,41.325,3100
6,41.3,41.3,41.2,41.3,8386
7,41.2,41.3,41.175,41.3,1095
8,41.25,41.25,41.125,41.2,4829
9,41.3,41.45,41.275,41.3,2911
10,41.55,41.55,41.3,41.3,4614
11,41.6,41.75,41.55,41.6,4251
12,41.55,41.55,41.5,41.55,1300
13,41.65,41.65,41.55,41.6,1100
14,41.4,41.65,41.4,41.6,3797
15,41.3,41.35,41.3,41.3,1800
16,41.25,41.35,41.25,41.3,1200
17,41.375,41.4,41.25,41.25,3200
18,41.35,41.375,41.25,41.35,2879
19,41.3,41.35,41.3,41.3,1400
20,41.325,41.35,41.3,41.3,1100
21,41.35,41.375,41.35,41.375,1900
22,41.35,41.4,41.3,41.35,900
23,41.375,41.4,41.375,41.375,1200
24,41.35,41.4,41.35,41.35,1500
25,41.45,41.45,41.35,41.375,2200
26,41.5,41.5,41.35,41.45,2900
27,41.6,41.6,41.45,41.45,2100
28,41.675,41.7,41.575,41.6,2600
29,41.5,41.7,41.4,41.7,10799
30,41.55,41.55,41.5,41.525,1310
31,41.475,41.55,41.4,41.525,5500
32,41.4,41.475,41.4,41.475,1600
33,41.35,41.425,41.325,41.425,4600
34,41.35,41.4,41.35,41.4,2200
35,41.425,41.45,41.35,41.4,4202
36,41.5,41.5,41.425,41.45,4090
37,41.45,41.55,41.45,41.525,7331
38,41.55,41.6,41.45,41.45,9435
39,41.6,41.7,41.55,41.575,25905
144,41.55,41.55,41.55,41.55,410
145,41.45,41.5,41.3,41.3,1596
146,41.5,41.5,41.35,41.4,900
147,41.4,41.475,41.4,41.4,1204
148,41.35,41.5,41.35,41.425,1700
149,41.75,41.75,41.5,41.5,4760
150,41.75,41.75,41.7,41.7,700
151,41.4464,41.65,41.4464,41.65,2867
152,41.45,41.5,41.4,41.4,1449
153,41.35,41.5,41.35,41.45,3493
154,41.3,41.3,41.25,41.3,1603
155,41.25,41.3,41.2,41.3,2130
156,41.4,41.45,41.25,41.25,1550
157,41.4,41.4,41.355,41.355,400
158,41.4,41.45,41.35,41.4,2000
159,41.45,41.45,41.375,41.375,1700
160,41.35,41.425,41.35,41.425,2496
161,41.45,41.45,41.35,41.35,2592
162,41.65,41.65,41.5,41.5,1900
163,41.65,41.7,41.625,41.65,9625
164,41.65,41.65,41.65,41.65,800
165,41.65,41.65,41.575,41.65,2816
166,41.825,41.85,41.7,41.7,3100
167,41.775,41.8,41.75,41.8,2000
168,41.85,41.875,41.775,41.775,3920
169,41.9,41.9,41.75,41.8,5574
170,41.9,41.95,41.825,41.8635,3190
171,41.95,41.95,41.875,41.875,2508
172,41.85,41.925,41.825,41.9,4017
173,41.9,41.95,41.8,41.875,6942
174,41.9,41.925,41.85,41.85,1600
175,42.025,42.05,41.9,41.9,5300
176,41.975,42.0338,41.825,42,12666
177,42.05,42.075,41.95,41.95,5751
178,42,42.125,41.95,42,11929
179,41.95,42,41.85,41.95,7595
180,41.75,41.95,41.75,41.95,7544
181,41.8,41.8,41.725,41.75,4700
182,41.825,41.875,41.75,41.8,10116
183,41.6,41.8,41.6,41.775,34443
288,41.05,41.05,41.05,41.05,1758
289,41.6,41.6,41.15,41.45,3400
290,41.75,41.75,41.4,41.55,14800
291,41.85,41.85,41.75,41.75,2200
292,41.75,41.95,41.65,41.8,6924
293,41.75,41.95,41.65,41.75,8685
294,41.4,41.8,41.4,41.7,5868
295,41.625,41.625,41.45,41.45,6700
296,41.3,41.6,41.3,41.6,16570
297,41.4,41.45,41.15,41.2,4300
298,41.375,41.45,41.35,41.35,1400
299,41.5,41.5,41.375,41.375,1600
300,41.45,41.5,41.4,41.45,1000
301,41.475,41.525,41.4,41.5,3990
302,41.55,41.6,41.5,41.5,2600
303,41.55,41.55,41.5,41.55,1600
304,41.55,41.575,41.45,41.55,7900
305,41.55,41.55,41.55,41.55,121
306,41.55,41.55,41.5,41.5,700
307,41.6,41.6,41.5,41.6,1100
308,41.575,41.6,41.5,41.5,1787
309,41.75,41.775,41.6,41.6,4500
310,41.85,41.85,41.8,41.8,1300
311,41.85,41.9,41.85,41.85,800
312,41.85,41.875,41.85,41.85,900
313,41.95,41.95,41.825,41.825,2900
314,41.95,41.95,41.925,41.95,1100
315,42,42.025,41.925,41.925,3414
316,42,42.025,41.95,42,1400
317,42.05,42.125,42,42,11978
318,42.05,42.15,42,42.025,9400
319,42.05,42.1,41.975,42.05,11341
320,42.1,42.175,42.1,42.1,5400
321,42.1,42.15,42.06,42.06,3222
322,42.2,42.2,42.1,42.1,3822
323,41.95,42.15,41.95,42.15,4200
324,41.95,42,41.925,42,6344
325,41.8,41.95,41.8,41.95,2700
326,41.8,41.9,41.75,41.8,9983
327,41.95,42,41.775,41.8,32884
432,41.45,41.45,41.45,41.45,82622
433,40.95,41.55,40.4,41.4,2200
434,41.5,41.55,40.95,41.2,6000
435,41.5,41.55,41.3,41.3,1400
436,41.25,41.4,41.25,41.4,1500
437,41,41.3,40.85,41.3,5216
438,40.85,40.95,40.75,40.9,8218
439,40.85,40.85,40.75,40.8,2155
440,40.6,40.9,40.55,40.85,1562
441,40.5,40.65,40.5,40.65,2122
442,40.6,40.7,40.6,40.7,1742
443,40.65,40.7,40.55,40.6,3400
444,40.5,40.7,40.5,40.7,1400
445,40.55,40.6,40.5,40.5,2500
446,40.5,40.65,40.5,40.6,2300
447,40.5,40.55,40.45,40.475,4153
448,40.6,40.6,40.55,40.55,500
449,40.65,40.65,40.6,40.6,800
450,40.75,40.75,40.65,40.65,2192
451,40.85,40.85,40.75,40.75,2800
452,40.9,41.05,40.75,40.75,3401
453,40.85,40.95,40.75,40.9,3899
454,40.95,41,40.9,40.9,2000
455,41.025,41.05,40.95,41,2500
456,40.9,41.05,40.8,41.025,8325
457,40.8,40.9,40.8,40.9,1100
458,40.85,40.85,40.8,40.85,850
459,40.85,40.9,40.85,40.85,900
460,40.75,40.85,40.7,40.85,1754
461,40.7,40.725,40.625,40.725,3800
462,40.6,40.65,40.6,40.65,300
463,40.55,40.65,40.525,40.65,2923
464,40.525,40.55,40.5,40.525,900
465,40.6,40.6,40.525,40.55,4166
466,40.65,40.65,40.55,40.575,4696
467,40.6,40.65,40.6,40.65,2997
468,40.6,40.6,40.55,40.6,1925
469,40.7,40.725,40.6,40.6,2673
470,40.725,40.775,40.5,40.7,16422
471,40.4,40.6,40.4,40.6,245881
864,40.7,40.7,40.7,40.7,1081
865,40.65,40.65,40.55,40.55,1500
866,40.6,40.6609,40.6,40.65,1100
867,40.6,40.6,40.55,40.6,900
868,40.55,40.55,40.5,40.55,1900
869,40.5,40.525,40.5,40.525,900
870,40.5,40.5,40.4,40.45,2470
871,40.45,40.6,40.45,40.55,3300
872,40.55,40.55,40.45,40.5,1497
873,40.45,40.55,40.45,40.55,800
874,40.4,40.45,40.4,40.45,200
875,40.45,40.45,40.4,40.4,1265
876,40.25,40.35,40.2,40.35,2400
877,40.3,40.35,40.25,40.25,400
878,40.3,40.3,40.3,40.3,200
879,40.3,40.3,40.25,40.3,800
880,40.35,40.45,40.35,40.45,2314
881,40.3,40.35,40.3,40.3,1200
882,40.2,40.3,40.2,40.3,1400
883,40.3,40.3,40.25,40.25,700
884,40.25,40.3,40.25,40.3,800
885,40.3,40.3,40.25,40.25,800
886,40.35,40.4,40.35,40.4,646
887,40.35,40.35,40.35,40.35,300
888,40.4,40.4,40.35,40.35,500
889,40.4,40.4,40.4,40.4,1100
890,40.3,40.375,40.3,40.35,1399
891,40.35,40.35,40.325,40.35,700
892,40.25,40.35,40.25,40.35,2601
893,40.175,40.225,40.15,40.225,3200
894,40.15,40.2,40.05,40.175,3200
895,40.2,40.25,40.15,40.15,1830
896,40.3,40.4,40.3,40.3,2100
897,40.25,40.3,40.25,40.3,1000
898,40.25,40.3,40.25,40.3,1826
899,40.35,40.35,40.35,40.35,100
900,40.3,40.35,40.2903,40.35,1849
901,40.35,40.4,40.325,40.35,4411
902,40.4,40.4,40.35,40.35,3300
903,40.35,40.4,40.2,40.4,26666
a1497965400,40.15,40.15,40.15,40.15,760
1,39.95,40.1,39.95,40,1790
2,40,40.06,40,40.06,947
3,39.8,39.95,39.8,39.95,900
4,39.8,39.85,39.75,39.8179,1024
5,39.85,39.85,39.65,39.8,2100
6,39.85,39.8725,39.8,39.8,1157
7,39.7,39.8,39.65,39.8,1400
8,39.75,39.75,39.6,39.6,698
9,39.9,39.9,39.8,39.8,900
10,39.95,39.95,39.9,39.95,400
11,39.9,39.95,39.85,39.85,871
12,39.9,39.9,39.85,39.9,1000
13,39.95,39.95,39.85,39.85,794
14,39.95,39.95,39.9,39.9,700
15,40,40,39.9,39.9,700
16,40,40,39.9,40,845
17,39.95,40.05,39.9,40,1100
18,39.9,39.95,39.8,39.95,800
19,39.8,39.9,39.8,39.85,500
20,39.65,39.75,39.65,39.75,900
21,39.85,39.85,39.7,39.7,600
22,39.85,39.85,39.85,39.85,300
23,39.725,39.85,39.725,39.85,1174
24,39.8,39.9,39.75,39.75,700
25,39.95,39.95,39.8,39.8,1000
26,39.9,39.95,39.85,39.95,1600
27,39.95,39.95,39.85,39.9,1199
28,39.925,39.95,39.9,39.9335,1437
29,39.85,40,39.85,39.9,2400
30,39.75,39.75,39.75,39.75,100
31,39.75,39.85,39.75,39.8,2200
32,39.8,39.8,39.725,39.725,500
33,39.8,39.9,39.8,39.8,2266
34,39.775,39.8,39.75,39.8,1045
35,39.85,39.85,39.75,39.75,700
36,39.9,39.9,39.75,39.8,2033
37,39.825,39.9,39.75,39.9,3458
38,39.75,39.8,39.75,39.75,1900
39,39.75,39.8,39.75,39.775,19512
144,39.9,39.9,39.9,39.9,362
146,39.5,39.65,39.5,39.6,1295
147,39.6,39.65,39.55,39.65,300
148,39.45,39.6,39.45,39.6,1189
149,39.55,39.55,39.4,39.4,1100
150,39.55,39.6,39.5,39.55,1000
151,39.7,39.75,39.55,39.6,1200
152,39.75,39.85,39.7,39.7,1400
153,39.825,39.85,39.8,39.8,800
154,39.6,39.75,39.6,39.75,800
155,39.35,39.4,39.35,39.4,1251
156,39.35,39.45,39.35,39.4,900
157,39.3,39.5,39.3,39.4,1600
158,39.3,39.3,39.3,39.3,600
159,39.3,39.3,39.3,39.3,400
160,39.2,39.3,39.2,39.3,1000
161,39.212,39.3,39.2,39.2,1459
162,39.2,39.2,39.2,39.2,200
163,39.1,39.15,39.1,39.15,960
164,38.9,39.05,38.9,39.05,2071
165,38.85,38.9,38.85,38.9,800
166,38.95,38.95,38.85,38.85,1010
167,38.9,38.9,38.9,38.9,250
168,38.85,38.9,38.85,38.9,300
169,38.9,38.9,38.85,38.85,400
170,38.9,38.95,38.9,38.9,900
171,38.7,38.95,38.7,38.95,1011
172,38.7678,38.8,38.7,38.7,2070
173,38.75,38.75,38.7,38.7,200
174,38.7,38.7,38.7,38.7,400
175,38.8,38.8,38.65,38.75,1074
176,38.7,38.75,38.7,38.75,700
177,38.6,38.65,38.6,38.65,1100
178,38.6,38.7,38.6,38.65,1900
179,38.6,38.7,38.55,38.65,4300
180,38.7,38.7,38.65,38.65,700
181,38.6,38.7,38.6,38.7,2480
182,38.7,38.75,38.65,38.65,6455
183,38.65,38.75,38.65,38.7,25830
288,38.7,38.7,38.7,38.7,1064
289,38.7,39.25,38.7,39.25,800
290,38.47,38.55,38.4,38.45,2300
291,38.65,38.65,38.45,38.5,882
292,38.6,38.65,38.55,38.6,1400
293,38.45,38.65,38.45,38.65,2000
294,38.35,38.45,38.35,38.45,500
295,38.35,38.35,38.15,38.35,4487
296,38.6,38.65,38.35,38.35,800
297,38.7,38.8,38.65,38.7,2300
298,38.7,38.8,38.7,38.75,900
299,38.6,38.65,38.6,38.65,800
300,38.6,38.65,38.6,38.65,700
301,38.675,38.675,38.575,38.6,1200
302,38.6,38.65,38.6,38.65,500
303,38.7,38.75,38.7,38.7,500
304,38.65,38.75,38.65,38.75,1300
305,38.7,38.7,38.7,38.7,100
306,38.7,38.8,38.7,38.75,1400
307,38.7,38.7,38.7,38.7,700
308,38.8,38.8,38.75,38.75,1050
309,38.8,38.85,38.8,38.85,200
310,38.85,38.85,38.85,38.85,100
311,38.75,38.75,38.75,38.75,300
312,38.8,38.8,38.75,38.75,300
313,38.85,38.85,38.85,38.85,200
314,38.85,38.85,38.8,38.85,820
315,38.95,38.95,38.85,38.85,1435
316,38.85,38.9,38.85,38.9,735
317,38.925,38.925,38.9,38.9,300
318,38.9,38.95,38.75,38.95,2403
319,38.75,38.9,38.75,38.9,2500
320,38.9,38.9,38.75,38.75,1000
321,38.95,38.95,38.9,38.95,900
322,39,39,38.9,38.95,2320
323,39,39.025,39,39.025,800
324,39.1,39.1,39.05,39.05,1898
325,39.05,39.125,39.05,39.1,2113
326,38.95,39.05,38.95,39.025,2300
327,39.05,39.1,38.9,38.95,16038
432,39,39,39,39,350
433,39,39.7,38.95,39.7,800
434,38.85,39.05,38.85,38.95,1300
435,39,39.05,38.8,38.85,2299
436,39.2,39.2,39.15,39.15,500
437,39.15,39.25,39.15,39.25,700
438,39.15,39.1714,39.1,39.1714,1011
439,39.2,39.3,39.2,39.2,1300
440,39.3,39.3,39.175,39.175,1100
441,39.25,39.25,39.25,39.25,100
442,39.35,39.35,39.3,39.3,800
443,39.3,39.3,39.2861,39.2861,658
444,39.375,39.375,39.325,39.325,900
445,39.3,39.325,39.25,39.325,300
446,39.3,39.3,39.3,39.3,330
447,39.4,39.4,39.3,39.3,800
448,39.35,39.4,39.35,39.35,800
449,39.4,39.45,39.4,39.4,500
450,39.4,39.425,39.4,39.425,800
451,39.35,39.4,39.3,39.35,800
452,39.3,39.3,39.3,39.3,100
453,39.4,39.4,39.3,39.3,800
454,39.2,39.3,39.17,39.3,1101
455,39.175,39.175,39.15,39.15,300
456,39.25,39.25,39.2,39.2,400
457,39.25,39.25,39.2,39.2,200
458,39.25,39.25,39.2,39.2,600
459,39.3,39.35,39.3,39.3,400
460,39.45,39.45,39.35,39.35,1960
461,39.5,39.55,39.4,39.5,1900
462,39.55,39.55,39.45,39.45,500
463,39.5,39.6,39.5,39.5,1700
464,39.55,39.55,39.45,39.5,600
465,39.6,39.6,39.5,39.55,1600
466,39.45,39.55,39.45,39.5,1860
467,39.5,39.55,39.5,39.5,800
468,39.55,39.575,39.475,39.55,1300
469,39.575,39.65,39.55,39.55,3695
470,39.6,39.85,39.525,39.6,13213
471,39.8,39.85,39.725,39.85,113986
864,39.85,39.85,39.85,39.85,537
865,39.95,39.95,39.75,39.8,700
866,40,40.1,40,40,400
867,40.05,40.05,40.05,40.05,400
868,39.9,39.95,39.9,39.95,400
869,39.85,39.9,39.85,39.9,1500
870,39.8,39.8,39.8,39.8,200
871,39.55,39.8,39.55,39.8,1532
872,39.5,39.65,39.5,39.6,4595
873,39.45,39.45,39.4,39.45,984
874,39.425,39.45,39.35,39.45,1600
875,39.5,39.55,39.4,39.4,2300
876,39.65,39.65,39.55,39.6,2900
877,39.8,39.8,39.6,39.6,600
878,39.875,39.9,39.8,39.8,400
879,39.8,39.95,39.8,39.95,500
880,39.7,39.8,39.7,39.8,1180
881,39.65,39.65,39.55,39.65,2100
882,39.55,39.65,39.55,39.6,700
883,39.45,39.55,39.45,39.55,1200
884,39.4,39.475,39.4,39.45,1400
885,39.55,39.55,39.45,39.45,1598
886,39.55,39.6,39.55,39.6,600
887,39.55,39.55,39.5,39.5,900
888,39.45,39.5256,39.4,39.5,2132
889,39.5,39.5,39.45,39.45,500
890,39.45,39.45,39.35,39.45,2744
891,39.45,39.45,39.45,39.45,100
892,39.6,39.6,39.45,39.45,2400
893,39.45,39.55,39.45,39.55,4184
894,39.5,39.5,39.4,39.45,2995
895,39.4,39.45,39.35,39.45,4365
896,39.4,39.4,39.4,39.4,700
897,39.45,39.45,39.35,39.35,1232
898,39.6,39.6,39.45,39.475,2366
899,39.55,39.65,39.4,39.55,7422
900,39.5,39.5,39.4,39.5,3000
901,39.6,39.6,39.475,39.5,5337
902,39.6,39.6,39.5,39.55,3445
903,39.45,39.55,39.4,39.5,31626
a1498570200,39.5,39.5,39.5,39.5,777
1,39.35,39.45,39.3,39.35,1500
2,39.325,39.325,39.3,39.3,700
3,39.4,39.4,39.4,39.4,100
4,39.25,39.3,39.25,39.3,900
5,39.4,39.4,39.4,39.4,202
6,39.4,39.5,39.4,39.5,1100
7,39.5,39.5,39.4,39.45,800
8,39.5,39.55,39.475,39.475,1300
9,39.55,39.55,39.5,39.55,1400
10,39.5385,39.55,39.5,39.55,900
11,39.55,39.55,39.55,39.55,400
12,39.45,39.575,39.45,39.559,1600
13,39.45,39.5,39.4,39.5,1700
14,39.6,39.6,39.575,39.6,400
15,39.5624,39.5624,39.55,39.55,214
16,39.6,39.6,39.55,39.55,1500
17,39.675,39.7,39.55,39.6,5700
18,39.8,39.8,39.65,39.65,2300
19,39.95,40.025,39.8,39.8,5994
20,39.95,40,39.9,39.95,3585
21,40,40,39.95,39.95,900
22,40.125,40.175,40,40.05,14099
23,40.15,40.15,40.075,40.1,2432
24,40.15,40.15,40.1,40.15,800
25,40.05,40.125,39.95,40.125,3600
26,40.05,40.05,39.9,40,3300
27,40.05,40.05,40,40,200
28,40,40.025,39.925,40.025,4600
29,40.05,40.05,40,40,2200
30,40.05,40.05,40,40,800
31,39.95,40.05,39.95,40.05,1712
32,40.075,40.075,40.05,40.05,1000
33,40.05,40.075,40,40.05,3005
34,40.1,40.1,40,40.05,4299
35,40.2,40.2,40.1,40.1,1400
36,40.1,40.175,40.1,40.175,3421
37,40.05,40.1,40,40.05,3696
38,40,40.1,40,40,6100
39,40.1,40.15,39.975,39.975,38542
144,40.6,40.6,40.6,40.6,952
145,40.75,40.75,40.6,40.6,2542
146,40.65,40.65,40.6,40.65,1000
147,40.6,40.65,40.6,40.6,700
148,40.6,40.675,40.6,40.6,3500
149,40.8,40.8,40.6,40.6,1100
150,40.75,40.95,40.75,40.9,1300
151,40.85,40.85,40.75,40.75,1000
152,40.9,40.9,40.9,40.9,900
153,40.95,40.95,40.75,40.9,2095
154,41.1,41.15,40.95,40.95,3198
155,41.1,41.15,41.1,41.15,300
156,41.05,41.075,41.05,41.075,300
157,41.025,41.025,41.0241,41.0241,500
158,40.95,41.025,40.85,41.025,1100
159,41.1,41.1,41,41,1100
160,41.1,41.1,41.025,41.1,1200
161,41,41.05,40.975,41.05,2616
162,40.975,41,40.95,40.95,1000
163,41,41,40.9,41,1200
164,41,41.025,41,41.025,800
165,41,41.05,41,41.05,1000
166,41.1,41.1,41,41,700
167,41.05,41.05,41,41.05,700
168,41.05,41.05,41,41,1000
169,41.1,41.1,41,41.05,300
170,40.95,41.0672,40.95,41.0672,2640
171,40.95,40.95,40.95,40.95,600
172,40.95,41,40.95,41,300
173,40.975,41,40.9,41,900
174,41,41,40.95,40.975,1000
175,41.05,41.05,40.975,41,1100
176,41.05,41.05,41,41.05,700
177,41.125,41.125,41,41.05,3800
178,41.2,41.2,41.125,41.125,1900
179,41.25,41.35,41.15,41.15,6600
180,41.35,41.375,41.275,41.275,4600
181,41.35,41.35,41.3,41.35,2500
182,41.35,41.35,41.25,41.35,6482
183,41.4,41.4,41.3,41.35,36198
288,41.35,41.35,41.35,41.35,572
289,40.975,41.15,40.55,40.7,1000
290,41.35,41.55,41.05,41.2,13298
291,41.15,41.325,41.05,41.325,1910
292,40.95,41.1,40.85,41.1,1000
293,41.05,41.05,40.75,40.85,2125
294,40.95,41,40.85,41,1300
295,40.9,40.95,40.8,40.95,2500
296,40.75,40.8,40.65,40.8,3500
297,40.85,40.85,40.75,40.75,600
298,40.85,40.9,40.75,40.85,1200
299,40.8,40.9,40.75,40.85,800
300,40.7,40.8,40.65,40.8,1500
301,40.5,40.6,40.35,40.6,2000
302,40.65,40.65,40.5,40.5,400
303,40.65,40.7,40.6,40.7,1200
304,40.65,40.65,40.55,40.55,611
305,40.6,40.7,40.6,40.66,1018
306,40.6,40.7,40.6,40.7,1000
307,40.55,40.55,40.5,40.55,825
308,40.65,40.65,40.5,40.5,400
309,40.7,40.7,40.6,40.6,300
310,40.6,40.7,40.5,40.7,3457
311,40.45,40.6165,40.4,40.6,3696
312,40.4,40.6,40.4,40.6,6600
313,40.55,40.55,40.45,40.45,1300
314,40.65,40.65,40.55,40.6,1300
315,40.65,40.65,40.55,40.65,1100
316,40.65,40.6671,40.65,40.6671,258
317,40.75,40.75,40.6,40.65,2389
318,40.75,40.75,40.7,40.7,1000
319,40.7,40.75,40.65,40.75,1800
320,40.7,40.7,40.65,40.65,445
321,40.7,40.7,40.6,40.6,500
322,40.75,40.775,40.675,40.675,4900
323,40.75,40.75,40.6,40.7,3913
324,40.7,40.75,40.65,40.75,1800
325,40.675,40.725,40.605,40.605,2541
326,40.625,40.675,40.575,40.675,4300
327,40.65,40.75,40.6,40.65,32784
432,40.75,40.75,40.75,40.75,403
434,41.1478,41.1478,41.1478,41.1478,321
435,41,41.05,40.85,40.85,900
436,41.1,41.15,41.1,41.1,1200
437,41.1,41.1,41,41,900
438,41.05,41.05,41,41,500
439,41.3,41.3,41.15,41.15,1200
440,41.25,41.25,41.2,41.2,1600
441,41.2,41.2,41.1,41.1,500
442,41.2,41.2,41.2,41.2,100
443,41.25,41.25,41.25,41.25,408
444,41.1,41.15,41.1,41.15,200
445,41.125,41.15,41.1,41.1,1852
446,41.1,41.1,41.1,41.1,500
447,41.2,41.2,41.05,41.05,700
448,41.25,41.25,41.15,41.15,1200
449,41.2,41.2,41.15,41.2,700
450,41.15,41.15,41.1,41.1,300
452,41.15,41.2,41.15,41.2,800
453,41.2,41.2,41.2,41.2,300
454,41.2,41.3,41.2,41.25,1491
455,41.25,41.35,41.25,41.25,3000
457,41.35,41.35,41.35,41.35,300
459,41.35,41.4,41.35,41.35,400
460,41.35,41.4,41.35,41.375,1450
461,41.45,41.45,41.375,41.4,600
462,41.45,41.45,41.425,41.425,822
463,41.45,41.55,41.45,41.5,1800
464,41.5,41.55,41.5,41.5,1100
465,41.65,41.7,41.6,41.6,2300
466,41.6,41.65,41.6,41.65,925
468,41.65,41.65,41.5,41.55,4667
469,41.65,41.7,41.6,41.625,2800
470,41.65,41.7,41.6,41.65,3867
471,41.4,41.625,41.35,41.6,28570
864,41.7,41.7,41.7,41.7,989
865,41.4,41.95,41.4,41.95,300
866,41.85,41.9,41.65,41.8,800
867,41.6,41.8,41.6,41.7,1469
868,42,42,41.6,41.7,2200
869,42.15,42.15,42,42,957
870,41.95,42.15,41.85,42.15,1700
871,41.8,41.8,41.8,41.8,200
872,41.9,41.95,41.85,41.9,700
873,41.75,41.85,41.7,41.85,1400
874,41.8,41.9,41.8,41.8,1490
875,41.8,41.8,41.75,41.75,500
876,41.85,41.85,41.8,41.85,500
877,42,42,41.9,41.9,786
878,41.85,41.95,41.85,41.9,989
879,41.75,41.8,41.75,41.8,314
880,41.85,41.85,41.75,41.75,400
881,41.75,41.8,41.75,41.75,543
882,41.7,41.8,41.7,41.8,700
883,42,42,41.7,41.7,2739
884,42.15,42.15,42,42,2179
885,42.1,42.2,42.05,42.15,17499
a1499261400,41.5,41.95,41.5,41.95,2233
1,42.05,42.1,41.075,41.075,500
2,42.05,42.05,41.85,41.9,1249
3,41.9,41.95,41.85,41.85,1000
5,41.5,41.75,41.35,41.75,1800
6,41.5,41.6,41.5,41.55,1000
7,41.5,41.5,41.5,41.5,600
8,41.55,41.65,41.5,41.55,2357
9,41.4,41.4,41.4,41.4,400
10,41.4,41.4,41.35,41.35,900
11,41.45,41.45,41.4,41.4,500
12,41.5,41.5,41.5,41.5,300
13,41.35,41.4,41.3,41.4,1600
14,41.1,41.3,41.1,41.3,1600
15,41,41.1,41,41.05,1900
16,40.8445,41.05,40.8445,41,3024
17,40.95,40.95,40.85,40.95,1500
18,40.9,40.95,40.9,40.95,600
20,40.95,40.95,40.95,40.95,100
21,41.1,41.1,41.05,41.05,1000
22,41.05,41.1,41.05,41.1,1100
23,41.15,41.15,41,41,700
24,41.25,41.25,41.15,41.15,1513
25,41.25,41.3,41.2,41.3,1400
26,41.25,41.25,41.25,41.25,100
27,41.25,41.3,41.25,41.3,600
28,41.2,41.275,41.2,41.25,2127
29,41.3,41.3,41.25,41.25,700
30,41.2,41.25,41.2,41.25,2626
31,41.25,41.25,41.25,41.25,885
32,41.2,41.3,41.2,41.3,1300
33,41.2,41.2,41.1,41.1,500
34,41.25,41.25,41.2,41.225,1877
35,41.35,41.35,41.3,41.3,500
36,41.45,41.475,41.35,41.4,3420
37,41.6,41.6,41.45,41.45,1200
38,41.55,41.6,41.55,41.55,3764
39,41.7,41.7,41.525,41.6,18635
