EXCHANGE%3DNASDAQ
MARKET_OPEN_MINUTE=570
MARKET_CLOSE_MINUTE=960
INTERVAL=600
COLUMNS=DATE,CLOSE,HIGH,LOW,OPEN,VOLUME
DATA=
TIMEZONE_OFFSET=-240
a1493127000,18.5,18.5,18.5,18.5,465
1,18.65,18.65,18.5,18.6,1202
2,18.75,18.75,18.65,18.65,600
3,18.8,18.8,18.725,18.75,1600
4,18.8,18.825,18.75,18.825,700
5,18.75,18.8,18.75,18.8,1200
6,18.65,18.723,18.65,18.723,300
7,18.75,18.75,18.725,18.75,1800
8,18.725,18.75,18.725,18.75,300
9,18.675,18.75,18.675,18.725,1600
10,18.7,18.7,18.65,18.65,400
11,18.75,18.75,18.7261,18.7261,239
12,18.725,18.75,18.725,18.75,400
13,18.7,18.7105,18.7,18.7,1400
14,18.725,18.75,18.725,18.75,1300
15,18.75,18.75,18.725,18.75,1400
16,18.75,18.75,18.725,18.75,4693
17,18.8,18.8,18.75,18.75,1000
18,18.8,18.85,18.8,18.8,5731
19,18.775,18.8,18.75,18.75,900
20,18.8,18.8,18.75,18.8,3300
21,18.825,18.825,18.825,18.825,100
22,18.9,18.9,18.8,18.85,700
23,18.9,18.9,18.9,18.9,100
24,18.725,18.9,18.7,18.9,5500
25,18.75,18.75,18.7,18.7,1500
26,18.75,18.75,18.75,18.75,200
27,18.8,18.8,18.75,18.75,2000
28,18.8,18.825,18.8,18.8,1600
29,18.75,18.75,18.75,18.75,200
30,18.8,18.8,18.75,18.8,6700
32,18.75,18.8,18.75,18.775,1200
33,18.7,18.75,18.7,18.75,2241
34,18.75,18.75,18.65,18.65,500
35,18.75,18.75,18.65,18.75,500
36,18.7,18.75,18.7,18.75,400
37,18.7,18.7,18.7,18.7,200
38,18.7,18.75,18.65,18.7,1715
39,18.75,18.75,18.65,18.675,5622
144,18.7,18.7,18.7,18.7,210
145,18.75,18.75,18.75,18.75,900
146,18.75,18.8,18.675,18.8,7556
147,18.75,18.8,18.75,18.8,600
148,18.75,18.75,18.75,18.75,585
149,18.75,18.7713,18.725,18.7713,883
150,18.75,18.75,18.75,18.75,500
151,18.7,18.75,18.7,18.75,600
152,18.75,18.75,18.75,18.75,100
154,18.75,18.8,18.7,18.75,1900
155,18.7,18.7,18.7,18.7,100
156,18.7,18.8,18.7,18.75,5600
157,18.75,18.8,18.725,18.75,2314
158,18.75,18.75,18.75,18.75,285
159,18.8,18.8,18.75,18.75,300
160,18.75,18.8,18.75,18.75,500
161,18.75,18.75,18.75,18.75,100
162,18.75,18.8,18.75,18.8,200
163,18.75,18.8,18.7,18.8,400
164,18.75,18.8,18.75,18.8,200
165,18.75,18.75,18.75,18.75,900
166,18.75,18.8,18.75,18.8,300
167,18.75,18.8,18.75,18.8,1050
168,18.75,18.8,18.75,18.8,900
169,18.75,18.75,18.75,18.75,1200
170,18.725,18.8,18.7,18.75,2700
171,18.75,18.75,18.75,18.75,1500
172,18.75,18.75,18.7,18.75,400
173,18.75,18.75,18.75,18.75,1893
174,18.75,18.75,18.75,18.75,300
175,18.75,18.8,18.7,18.7,1400
176,18.75,18.75,18.7,18.75,1000
177,18.75,18.8,18.75,18.75,1800
178,18.75,18.75,18.75,18.75,1300
179,18.75,18.775,18.75,18.75,1300
180,18.75,18.775,18.75,18.75,1400
181,18.775,18.8,18.75,18.8,3000
182,18.8,18.8,18.75,18.75,2000
183,18.8,18.85,18.75,18.775,13444
288,18.75,18.75,18.75,18.75,115
289,18.9,18.9,18.9,18.9,365
291,18.9,18.9,18.9,18.9,100
293,18.975,18.975,18.95,18.95,400
296,18.85,18.85,18.85,18.85,100
297,18.9,18.9,18.9,18.9,100
298,18.9,18.9,18.9,18.9,100
300,18.9,18.9,18.9,18.9,100
301,18.95,18.95,18.85,18.9,700
302,18.8,18.85,18.8,18.85,1200
303,18.8,18.8,18.75,18.8,700
304,18.85,18.85,18.8,18.8,200
305,18.75,18.75,18.75,18.75,100
306,18.8,18.8,18.8,18.8,200
312,18.85,18.85,18.8,18.85,300
316,18.85,18.85,18.85,18.85,100
317,18.75,18.75,18.75,18.75,100
318,18.8,18.8,18.8,18.8,600
319,18.75,18.8,18.75,18.8,200
320,18.8,18.8,18.8,18.8,200
321,18.7,18.8,18.7,18.8,2880
322,18.65,18.725,18.65,18.725,2100
323,18.55,18.6,18.55,18.55,300
324,18.7,18.7,18.6,18.6,2292
325,18.7,18.75,18.7,18.7,2100
326,18.75,18.75,18.7,18.75,2500
327,18.7,18.8,18.7,18.8,5721
432,18.7,18.7,18.7,18.7,100
433,18.85,18.85,18.5,18.5,1650
437,18.604,18.7,18.604,18.7,760
438,18.7,18.7,18.7,18.7,100
439,18.4,18.65,18.4,18.65,1800
440,18.4,18.5,18.4,18.45,400
442,18.45,18.475,18.45,18.475,200
443,18.45,18.45,18.425,18.45,900
445,18.4,18.4,18.4,18.4,100
446,18.5,18.59,18.5,18.5,2208
447,18.6,18.6,18.6,18.6,800
449,18.6,18.6,18.6,18.6,100
451,18.65,18.65,18.65,18.65,300
452,18.6,18.65,18.6,18.6,400
455,18.6,18.65,18.6,18.6,1100
456,18.6,18.65,18.6,18.6,2800
458,18.6,18.65,18.6,18.65,200
459,18.65,18.65,18.65,18.65,700
461,18.675,18.675,18.6,18.6,500
463,18.6,18.6795,18.6,18.6795,1006
465,18.65,18.65,18.575,18.6,1892
466,18.6,18.65,18.6,18.625,700
467,18.6,18.65,18.6,18.65,1893
468,18.625,18.625,18.625,18.625,100
469,18.625,18.65,18.6195,18.6195,1650
470,18.6,18.6,18.55,18.6,2900
471,18.6,18.65,18.6,18.625,8933
864,18.75,18.75,18.75,18.75,410
865,18.75,18.85,18.75,18.8,524
866,18.85,18.85,18.76,18.76,1100
869,18.5,18.7,18.5,18.65,7209
870,18.7,18.7,18.45,18.45,1900
871,18.7,18.7,18.7,18.7,100
872,18.7,18.7,18.7,18.7,900
873,18.7,18.7,18.7,18.7,100
876,18.731,18.731,18.731,18.731,630
877,18.7,18.75,18.7,18.75,400
878,18.7,18.75,18.6787,18.6787,864
879,18.8,18.8,18.75,18.75,900
880,18.8,18.85,18.8,18.85,400
881,18.85,18.85,18.8,18.85,4787
885,18.8,18.85,18.8,18.8,1700
886,18.8,18.8,18.75,18.8,400
887,18.8,18.8,18.75,18.8,300
888,18.8,18.85,18.75,18.8,4262
889,18.75,18.8,18.75,18.8,200
890,18.8,18.8,18.8,18.8,1400
891,18.8,18.8,18.8,18.8,1900
892,18.8,18.8,18.8,18.8,300
893,18.8,18.8,18.8,18.8,900
894,18.85,18.85,18.775,18.825,1603
895,18.8,18.8,18.8,18.8,100
896,18.75,18.75,18.75,18.75,400
897,18.8,18.8,18.8,18.8,500
898,18.75,18.75,18.75,18.75,200
899,18.8,18.8,18.775,18.775,200
900,18.8,18.8,18.8,18.8,100
901,18.75,18.775,18.75,18.75,924
902,18.7,18.7,18.7,18.7,300
903,18.75,18.8,18.725,18.725,4094
a1493733000,18.7,18.85,18.7,18.8,1200
4,18.65,18.709,18.65,18.709,810
6,18.75,18.75,18.75,18.75,300
7,18.725,18.725,18.7,18.725,300
8,18.8,18.8,18.7,18.725,1379
9,18.725,18.75,18.7,18.75,1000
10,18.725,18.75,18.725,18.75,400
12,18.75,18.75,18.725,18.75,500
13,18.7,18.75,18.7,18.75,700
15,18.75,18.75,18.75,18.75,100
16,18.75,18.8,18.7,18.75,3790
17,18.75,18.8,18.75,18.8,500
19,18.8,18.8,18.8,18.8,300
20,18.8,18.8,18.8,18.8,200
21,18.8,18.85,18.8,18.8,600
22,18.825,18.85,18.7978,18.7978,3090
24,18.825,18.85,18.825,18.825,300
25,18.825,18.825,18.825,18.825,100
26,18.8,18.825,18.8,18.825,200
27,18.9,18.9,18.825,18.85,2249
28,18.975,19,18.9,18.9,2100
29,18.95,19,18.95,19,6411
30,18.925,19,18.85,18.95,3763
31,18.95,18.95,18.925,18.925,721
32,18.95,18.95,18.875,18.95,5779
33,19,19,18.9,18.9,8935
34,18.95,19,18.95,18.95,1939
35,18.85,18.95,18.85,18.9,1800
36,18.95,18.95,18.85,18.9,1600
37,18.95,19,18.925,18.95,15950
147,18.95,18.95,18.95,18.95,100
148,18.95,18.95,18.95,18.95,100
150,18.9,19,18.9,18.95,3300
151,18.85,18.9,18.85,18.9,600
153,18.9,18.9,18.825,18.825,772
156,18.9,18.9,18.875,18.875,200
157,18.9,18.9,18.9,18.9,1200
158,18.95,18.95,18.9,18.9,400
159,18.9,18.9,18.9,18.9,600
160,18.925,18.925,18.9,18.9,400
161,18.9,18.9,18.9,18.9,100
162,18.925,18.925,18.925,18.925,100
164,18.925,18.925,18.925,18.925,300
165,18.925,18.95,18.925,18.95,331
166,18.925,18.925,18.925,18.925,100
167,18.925,18.925,18.9,18.925,1700
171,18.95,18.95,18.9,18.925,1474
172,18.95,18.95,18.9,18.925,2007
173,18.95,18.95,18.9,18.95,900
176,18.95,18.95,18.95,18.95,100
177,18.9,18.9,18.9,18.9,100
179,18.95,18.95,18.9,18.9,758
180,18.95,18.95,18.95,18.95,300
181,18.9,19,18.9,18.95,9330
286,18.9,18.9,18.9,18.9,353
289,18.85,18.85,18.85,18.85,100
291,18.8,18.8,18.8,18.8,1026
292,18.7,18.8,18.7,18.8,500
294,18.75,18.75,18.7,18.7,380
297,18.8,18.85,18.8,18.8,1440
298,18.8,18.85,18.8,18.85,200
300,18.8,18.8,18.8,18.8,100
302,18.8,18.8,18.8,18.8,200
303,18.7,18.75,18.7,18.75,880
305,18.65,18.65,18.6,18.65,400
307,18.65,18.65,18.55,18.6,819
310,18.75,18.75,18.6,18.65,1100
311,18.7,18.75,18.7,18.75,200
315,18.725,18.75,18.7,18.75,3087
316,18.725,18.75,18.7,18.7,1717
317,18.725,18.725,18.725,18.725,400
319,18.725,18.725,18.725,18.725,100
320,18.75,18.75,18.75,18.75,100
321,18.7,18.75,18.7,18.75,5846
322,18.75,18.75,18.7,18.7,687
323,18.75,18.75,18.7,18.7,1832
324,18.725,18.75,18.7,18.7,1000
325,18.7,18.75,18.7,18.725,5956
435,18.75,18.75,18.75,18.75,100
437,18.725,18.725,18.725,18.725,100
439,18.725,18.725,18.725,18.725,100
440,18.8,18.8,18.75,18.75,2600
441,18.8,18.8,18.8,18.8,200
442,18.8,18.8,18.8,18.8,200
443,18.8,18.8,18.7754,18.8,500
446,18.8,18.8,18.8,18.8,200
447,18.825,18.825,18.8,18.8,400
449,18.8,18.8,18.8,18.8,100
450,18.9,18.9,18.8,18.85,400
452,18.9,18.9,18.9,18.9,200
454,18.95,18.95,18.9,18.95,300
455,18.925,19,18.9,18.95,3500
456,18.9,18.925,18.9,18.925,200
457,18.9,18.9248,18.9,18.9,600
458,18.85,18.85,18.85,18.85,300
461,18.85,18.9,18.85,18.9,400
462,18.85,18.85,18.85,18.85,200
463,18.85,18.85,18.85,18.85,100
464,18.8,18.8,18.8,18.8,100
465,18.85,18.85,18.85,18.85,100
466,18.8,18.8,18.8,18.8,100
467,18.8,18.8,18.8,18.8,100
468,18.8,18.85,18.8,18.8,500
469,18.9,18.9,18.8,18.85,6431
862,19,19,19,19,639
863,19,19,19,19,100
864,18.903,19,18.85,18.95,5081
866,18.9,18.9,18.9,18.9,100
867,18.85,18.85,18.85,18.85,100
870,18.7,18.7,18.7,18.7,200
872,18.6,18.65,18.6,18.65,300
874,18.625,18.625,18.625,18.625,100
875,18.6,18.6,18.6,18.6,300
876,18.6,18.6,18.55,18.6,600
879,18.65,18.65,18.65,18.65,100
880,18.65,18.65,18.65,18.65,100
882,18.75,18.775,18.7,18.7,1200
884,18.8,18.8,18.75,18.75,800
885,18.775,18.8,18.75,18.8,4000
888,18.8,18.8,18.8,18.8,1000
889,18.775,18.775,18.775,18.775,100
894,18.8,18.8,18.775,18.775,500
896,18.75,18.8,18.75,18.775,800
897,18.775,18.775,18.775,18.775,200
899,18.7,18.8,18.7,18.775,1199
900,18.775,18.775,18.725,18.725,700
901,18.95,18.95,18.75,18.8,17854
a1494336600,18.85,18.85,18.85,18.85,126
6,18.85,18.85,18.85,18.85,100
11,18.9,18.9,18.9,18.9,100
14,18.85,18.9,18.85,18.9,200
15,18.85,18.85,18.85,18.85,100
16,18.9,18.9,18.9,18.9,100
17,18.9,18.925,18.9,18.9,1100
18,18.9,18.9,18.9,18.9,100
19,18.8,18.9,18.8,18.9,800
20,18.8,18.8,18.8,18.8,100
21,18.8,18.8,18.8,18.8,100
22,18.9,18.9,18.9,18.9,100
24,18.9,18.9,18.9,18.9,100
25,18.85,18.9,18.85,18.9,500
26,18.9,18.9,18.9,18.9,100
27,18.8,18.9,18.8,18.85,400
28,18.85,18.85,18.85,18.85,200
29,18.825,18.825,18.825,18.825,100
30,18.75,18.8,18.75,18.8,500
31,18.75,18.75,18.75,18.75,100
32,18.8,18.8,18.8,18.8,300
34,18.825,18.85,18.8,18.85,1400
35,18.8,18.85,18.8,18.85,200
36,18.85,18.85,18.825,18.825,500
37,18.85,18.85,18.825,18.85,600
38,18.95,18.95,18.825,18.85,2435
39,18.95,18.975,18.9,18.95,10537
144,18.85,18.85,18.85,18.85,1279
145,18.8,18.8,18.8,18.8,100
147,18.9,18.9,18.9,18.9,100
150,18.875,18.875,18.875,18.875,200
151,18.85,18.875,18.85,18.85,500
153,18.85,18.85,18.75,18.79,900
154,18.7,18.7,18.7,18.7,200
155,18.7,18.8,18.7,18.75,400
157,18.75,18.8,18.725,18.8,700
162,18.65,18.675,18.65,18.675,200
163,18.7,18.75,18.7,18.7,600
164,18.7,18.75,18.65,18.7235,1200
166,18.75,18.75,18.6914,18.6914,366
167,18.65,18.75,18.65,18.7,700
168,18.7,18.7,18.7,18.7,100
169,18.65,18.65,18.65,18.65,100
171,18.65,18.65,18.6,18.65,1650
172,18.5,18.625,18.5,18.6,7552
173,18.6,18.6,18.55,18.55,1230
174,18.6,18.625,18.6,18.6,2500
175,18.6,18.6,18.6,18.6,100
176,18.6,18.625,18.6,18.6,6517
177,18.6,18.625,18.6,18.6,1300
178,18.6,18.65,18.6,18.6,5887
179,18.6,18.7,18.6,18.6,9338
180,18.6,18.65,18.6,18.6,5820
181,18.725,18.75,18.6,18.7,8046
182,18.95,18.95,18.75,18.75,1653
183,18.9,19,18.85,18.95,7161
288,18.75,18.75,18.75,18.75,339
290,18.8213,18.8213,18.8213,18.8213,500
293,18.8,18.8,18.8,18.8,100
294,18.65,18.65,18.65,18.65,600
295,18.65,18.65,18.65,18.65,100
296,18.7,18.7,18.65,18.65,300
297,18.6,18.6,18.6,18.6,200
298,18.7,18.7,18.7,18.7,900
299,18.8,18.8,18.675,18.675,1300
300,18.775,18.8,18.75,18.8,1278
301,18.9,18.9,18.775,18.8,7246
302,18.9004,18.9004,18.9004,18.9004,200
304,18.95,18.95,18.9,18.9,400
305,18.85,18.85,18.85,18.85,100
306,18.9,18.9,18.85,18.85,200
307,18.85,18.85,18.85,18.85,300
308,18.8,18.85,18.75,18.85,642
309,18.75,18.75,18.75,18.75,100
310,18.85,18.85,18.85,18.85,200
311,19,19,18.95,18.95,3000
312,18.95,18.975,18.95,18.95,1500
313,18.9,18.9006,18.9,18.9006,450
315,18.85,18.85,18.85,18.85,200
316,18.9,18.9,18.85,18.9,2300
317,18.9,18.975,18.9,18.95,2500
318,18.9,18.925,18.86,18.9,2015
319,18.925,18.925,18.925,18.925,100
320,18.945,18.945,18.945,18.945,1000
321,18.925,18.925,18.925,18.925,100
322,18.925,18.925,18.925,18.925,200
323,18.97,19,18.925,18.925,7980
324,19.3,19.35,19,19,6450
325,19.5,19.6,19.4,19.4,32823
326,19.5,19.55,19.325,19.5,10605
327,19.35,19.5,19.2,19.5,21112
432,18.95,18.95,18.95,18.95,1058
433,18.85,19,18.7,18.9022,4766
434,18.8,18.9,18.775,18.85,5972
435,19.35,19.35,18.85,18.85,2912
436,19.1,19.45,19,19.35,4800
437,19.1,19.125,19.1,19.1,800
438,19.125,19.15,19.05,19.05,1700
439,19.125,19.125,19.1,19.125,1300
440,19.1,19.1,19,19.1,2378
441,19.1,19.1,19.05,19.1,1600
442,19.1,19.1,19.075,19.075,2200
443,19.075,19.1,19.075,19.1,300
444,19.1,19.1,19.05,19.075,1200
445,19.1,19.1,19.075,19.1,900
446,19.09,19.1,19.05,19.0805,1200
447,18.8,19.075,18.75,19.05,5002
448,19,19.05,18.8,18.825,2300
449,19.05,19.05,19,19,489
450,19,19.05,18.925,19,2700
451,18.925,19,18.9,19,700
452,18.925,18.95,18.9,18.9,2654
453,18.9,18.914,18.9,18.9,1942
455,18.875,18.9,18.85,18.85,800
456,18.85,18.85,18.85,18.85,541
457,18.875,18.9,18.85,18.875,4700
458,18.875,18.9,18.875,18.875,1100
459,18.875,18.875,18.875,18.875,1400
460,18.8,18.89,18.8,18.89,1800
461,18.8,18.8,18.8,18.8,600
462,18.8,18.9,18.8,18.85,4500
463,18.75,18.775,18.75,18.775,200
464,18.825,18.85,18.8,18.85,3111
465,18.8,18.8,18.8,18.8,1100
466,18.8,18.8,18.8,18.8,600
467,18.775,18.775,18.75,18.775,1600
468,18.75,18.8,18.7,18.775,3492
469,18.775,18.825,18.75,18.75,9409
470,18.75,18.775,18.7,18.775,5100
471,18.65,18.8,18.65,18.75,16526
864,18.75,18.75,18.75,18.75,256
866,18.825,18.825,18.825,18.825,300
867,18.8,18.8,18.8,18.8,100
868,18.8,18.8,18.8,18.8,200
869,18.8,18.8,18.8,18.8,1200
870,18.8,18.8,18.8,18.8,400
871,18.8,18.8,18.775,18.775,300
872,18.8,18.8,18.8,18.8,600
873,18.8,18.8,18.8,18.8,1115
874,18.8,18.8,18.8,18.8,700
875,18.8,18.8,18.8,18.8,2252
876,18.8,18.8,18.8,18.8,3500
877,18.8,18.8,18.8,18.8,1580
878,18.8,18.8,18.8,18.8,100
879,18.8,18.8,18.8,18.8,500
880,18.8,18.8,18.755,18.755,3700
881,18.8,18.8,18.75,18.8,600
882,18.8,18.8,18.8,18.8,300
883,18.8,18.8,18.8,18.8,795
884,18.85,18.85,18.8,18.8,500
885,18.8,18.85,18.775,18.8,2600
887,18.8,18.85,18.8,18.845,790
889,18.8,18.85,18.8,18.8,1000
891,18.775,18.8,18.775,18.8,200
892,18.8,18.8,18.775,18.775,300
893,18.8,18.8,18.8,18.8,300
894,18.8,18.8,18.775,18.8,500
895,18.8,18.8,18.8,18.8,100
896,18.8,18.8,18.8,18.8,200
898,18.8,18.8,18.8,18.8,900
899,18.8,18.8,18.8,18.8,200
900,18.8,18.8,18.8,18.8,1300
901,18.8,18.8,18.775,18.8,700
902,18.8,18.8,18.775,18.8,3300
903,18.8,18.8,18.75,18.8,8431
a1494941400,18.75,18.75,18.75,18.75,464
1,18.75,18.8,18.75,18.8,1300
4,18.8,18.8,18.8,18.8,800
6,18.85,18.85,18.85,18.85,2379
7,18.85,18.85,18.85,18.85,300
8,18.85,18.85,18.85,18.85,100
9,18.85,18.925,18.825,18.85,2500
10,18.85,18.9,18.85,18.85,4889
11,18.85,18.9,18.825,18.9,1700
12,18.8,18.85,18.8,18.825,900
14,18.75,18.75,18.75,18.75,200
15,18.85,18.85,18.8,18.8,133605
16,18.8,18.85,18.8,18.8,1400
17,18.85,18.85,18.7676,18.8,900
18,18.8,18.85,18.8,18.8,1000
19,18.8,18.8,18.8,18.8,300
20,18.8,18.825,18.8,18.825,1300
21,18.8,18.8,18.8,18.8,528
22,18.75,18.8,18.75,18.8,600
23,18.75,18.75,18.75,18.75,1000
24,18.7,18.7,18.7,18.7,200
25,18.65,18.65,18.65,18.65,100
27,18.7,18.7,18.69,18.69,1300
28,18.7,18.7,18.65,18.7,1500
29,18.7,18.7,18.675,18.675,300
30,18.675,18.7,18.675,18.7,800
31,18.7,18.7,18.7,18.7,1290
32,18.65,18.7,18.65,18.7,2900
33,18.6,18.65,18.6,18.65,200
34,18.65,18.65,18.625,18.625,200
35,18.675,18.75,18.65,18.65,2700
36,18.7,18.7,18.7,18.7,894
37,18.7,18.725,18.7,18.7,2835
38,18.7,18.7,18.7,18.7,1300
39,18.7,18.75,18.7,18.7,8726
145,18.5,18.6,18.45,18.6,700
146,18.45,18.45,18.45,18.45,400
148,18.6,18.6,18.6,18.6,300
149,18.65,18.7,18.65,18.7,1400
151,18.65,18.7,18.65,18.65,300
152,18.55,18.65,18.55,18.6,1500
153,18.55,18.55,18.55,18.55,356
154,18.45,18.55,18.45,18.5,1100
155,18.6,18.65,18.55,18.55,5186
156,18.55,18.55,18.55,18.55,300
158,18.55,18.55,18.55,18.55,1010
160,18.625,18.65,18.6,18.6,2600
161,18.55,18.625,18.55,18.6,1800
163,18.55,18.55,18.55,18.55,100
165,18.6,18.6,18.6,18.6,100
166,18.55,18.6,18.55,18.575,2600
167,18.5,18.5,18.5,18.5,700
169,18.55,18.55,18.55,18.55,300
171,18.5,18.55,18.5,18.525,2300
172,18.5,18.5,18.5,18.5,1618
173,18.5,18.5,18.5,18.5,1800
174,18.45,18.475,18.35,18.475,9166
175,18.5,18.5,18.45,18.45,1500
176,18.45,18.475,18.45,18.45,1200
177,18.45,18.45,18.45,18.45,100
178,18.475,18.475,18.425,18.425,843
179,18.525,18.55,18.475,18.475,2539
180,18.5,18.7,18.5,18.55,9506
181,18.5,18.5,18.475,18.475,803
182,18.5,18.5,18.45,18.5,3484
183,18.35,18.475,18.35,18.45,10421
288,18.2,18.2,18.2,18.2,752
289,18.4,18.4,18.2,18.2,900
290,18.25,18.25,18.2,18.2,300
291,18.15,18.15,18.15,18.15,100
293,18.2,18.25,18.2,18.25,400
294,18.2,18.2,18.2,18.2,700
295,18.15,18.15,18.15,18.15,700
296,18.15,18.15,18.1,18.1,472
297,18.2,18.2,18.2,18.2,100
298,18.2,18.2,18.2,18.2,923
299,18.1,18.15,18.1,18.15,800
300,18.125,18.15,18.1,18.15,700
301,18.15,18.15,18.15,18.15,200
302,18.15,18.2,18.15,18.15,600
303,18.2,18.2,18.15,18.15,1590
304,18.2,18.2,18.15,18.15,200
305,18.15,18.15,18.15,18.15,800
306,18.1,18.15,18.1,18.1,400
307,18.1,18.15,18.1,18.1,1900
308,18.05,18.05,17.95,18.05,2000
310,18,18.05,18,18.05,700
312,18,18,18,18,100
314,17.95,17.95,17.95,17.95,1400
315,17.9,17.9,17.9,17.9,300
316,17.9,17.9,17.9,17.9,500
317,17.9,17.9,17.875,17.9,600
318,17.85,17.9,17.85,17.9,1500
319,17.85,17.85,17.85,17.85,400
321,17.9,17.9,17.9,17.9,200
322,17.875,17.909,17.85,17.9,1500
323,17.9,17.9,17.9,17.9,1400
324,17.875,17.9,17.85,17.875,2008
325,17.775,17.9,17.75,17.9,5500
326,17.775,17.8,17.775,17.8,400
327,17.85,18,17.8,17.8,9273
432,17.95,17.95,17.95,17.95,1811
433,18.5,18.5,18.5,18.5,100
434,18,18,18,18,300
436,18.1,18.1,18.1,18.1,100
437,18.05,18.05,18.05,18.05,200
439,17.9,17.95,17.9,17.95,400
441,17.8,17.9,17.8,17.9,500
442,17.75,17.8,17.75,17.8,200
443,17.75,17.84,17.75,17.84,600
444,17.8,17.85,17.75,17.85,600
445,17.75,17.8,17.75,17.8,300
447,17.75,17.75,17.75,17.75,100
448,17.8,17.8,17.8,17.8,600
449,17.75,17.8,17.75,17.75,1200
450,17.85,17.85,17.775,17.8,1100
451,17.875,17.9,17.85,17.85,900
453,17.925,17.925,17.925,17.925,100
456,17.975,17.975,17.95,17.95,600
457,17.95,17.95,17.95,17.95,800
459,17.95,17.95,17.95,17.95,300
462,17.95,17.95,17.95,17.95,100
463,17.95,17.95,17.95,17.95,300
464,17.95,17.95,17.95,17.95,100
465,17.95,18,17.95,18,400
466,17.95,18,17.95,17.95,1100
467,17.95,17.95,17.95,17.95,100
468,17.9,17.95,17.9,17.95,380
469,17.9,17.95,17.9,17.9,2100
470,17.9,17.975,17.9,17.95,3272
471,17.95,17.975,17.9,17.9,5792
864,18.15,18.15,18.15,18.15,703
865,18.15,18.15,18.15,18.15,200
869,18.15,18.15,18.15,18.15,400
870,18.2,18.2,18.2,18.2,200
871,18.1,18.2,18.1,18.2,1100
872,18.05,18.05,18.05,18.05,100
874,18.1,18.1,18.05,18.05,200
876,18.05,18.05,18.05,18.05,100
878,18.1,18.1,18.1,18.1,600
879,18.05,18.05,18.05,18.05,200
881,18.05,18.05,18,18,200
882,18.05,18.05,18.05,18.05,100
883,18.05,18.05,18,18,200
884,18.025,18.05,18.025,18.05,800
885,18,18.05,18,18.05,604
888,17.95,17.95,17.95,17.95,100
889,18,18,18,18,100
890,17.95,18.05,17.95,18.05,300
891,18.025,18.05,18.025,18.05,360
892,18,18,18,18,200
893,18.05,18.05,18.0236,18.0236,700
894,18.1,18.1,18.05,18.05,492
895,18,18,18,18,100
896,18.125,18.15,18.1,18.1,600
897,18.15,18.15,18.15,18.15,800
898,18.05,18.05,18.05,18.05,100
900,18.05,18.15,18.05,18.15,300
901,18.1,18.15,18.1,18.15,500
902,18.2,18.2,18.1,18.15,700
903,18.15,18.2,18.15,18.2,4795
a1495548600,18,18.1,18,18.1,1700
1,17.75,17.85,17.7,17.85,1400
2,17.8,17.85,17.75,17.75,700
3,17.75,17.75,17.75,17.75,500
4,17.75,17.8,17.75,17.75,900
5,17.75,17.75,17.75,17.75,500
6,17.85,17.85,17.85,17.85,100
7,17.9,17.9,17.9,17.9,500
8,18.05,18.1,17.95,17.95,855
10,18.0346,18.0346,18.0346,18.0346,200
11,18.05,18.1,18.05,18.1,200
13,18.05,18.05,18,18,300
14,18.05,18.05,18.05,18.05,400
15,18.05,18.0784,18.05,18.075,400
16,18.05,18.05,18.05,18.05,118
17,18.1,18.1,18.1,18.1,1485
18,18.1,18.1,18.1,18.1,200
19,18.1,18.1,18.1,18.1,500
22,18.1,18.1,18.1,18.1,1982
23,18.1,18.1,18.1,18.1,100
25,18.1,18.1,18.1,18.1,100
27,18.1,18.125,18.1,18.1,1300
28,18.1,18.1,18.1,18.1,500
29,18.1,18.125,18.1,18.1,500
30,18.125,18.15,18.1,18.15,600
31,18.1,18.125,18.1,18.125,400
32,17.9,18.05,17.9,18.05,620
33,17.9,17.9,17.9,17.9,300
34,17.9,17.95,17.9,17.95,900
35,17.95,18.025,17.9,17.9,4271
142,17.95,18,17.95,18,400
144,18.1,18.1,18.1,18.1,1900
145,18.1,18.1,18.1,18.1,400
146,18.075,18.1,18.075,18.1,800
147,18.05,18.05,18.05,18.05,400
149,18.075,18.1,18.075,18.1,400
150,18.1,18.1,18.1,18.1,300
151,18.1,18.1,18.05,18.05,200
152,18,18.05,18,18.05,700
154,18,18,18,18,100
155,18,18,18,18,700
156,17.95,17.95,17.9498,17.9498,200
158,18,18,17.9859,17.9859,200
159,18,18,18,18,100
160,18,18,18,18,100
161,17.9,17.95,17.9,17.95,800
162,17.86,17.86,17.8,17.8,300
164,17.8,17.8,17.8,17.8,1200
165,17.75,17.75,17.75,17.75,100
166,17.8,17.8,17.8,17.8,100
167,17.75,17.775,17.75,17.775,300
168,17.775,17.775,17.75,17.75,300
169,17.85,17.85,17.8,17.8,300
170,17.925,17.925,17.85,17.85,1200
171,17.95,17.95,17.95,17.95,100
172,17.925,18,17.925,18,400
173,17.91,17.91,17.91,17.91,466
174,17.85,17.975,17.85,17.95,1100
176,17.8,17.825,17.8,17.825,500
177,17.95,17.95,17.8,17.825,4026
178,17.95,17.95,17.95,17.95,564
179,17.9,18.025,17.85,17.95,4067
284,17.95,17.95,17.95,17.95,112
285,17.4,17.65,17.4,17.65,300
288,18,18,17.9,17.9,1000
289,18.1,18.1,18,18,600
292,18.1,18.1,18.1,18.1,300
294,18.1,18.1,18.05,18.05,300
296,18.1,18.1,18.075,18.075,200
297,17.95,18.075,17.925,18.075,2400
298,17.9,18,17.9,18,700
299,17.95,17.95,17.95,17.95,100
300,17.95,17.95,17.95,17.95,300
301,17.95,17.95,17.95,17.95,200
302,18,18,17.9,17.9,270
303,18.05,18.05,18,18,1500
304,18.075,18.075,18.075,18.075,100
305,18.1,18.1,18.1,18.1,100
306,17.95,18.075,17.95,18.075,1800
307,17.9,17.9,17.9,17.9,800
309,17.95,17.95,17.95,17.95,400
310,17.85,17.85,17.85,17.85,100
311,17.95,17.95,17.95,17.95,100
312,17.9,17.9,17.9,17.9,100
313,17.95,17.95,17.9,17.9,500
314,17.95,17.95,17.95,17.95,500
315,17.975,17.975,17.975,17.975,100
316,17.95,18,17.95,17.975,800
318,17.975,17.975,17.975,17.975,100
319,18.05,18.05,18,18,2900
320,18.05,18.075,18.05,18.075,200
321,18.1,18.1,18.075,18.1,1000
322,18.1,18.1,18.075,18.1,1890
323,18.05,18.1,18,18.075,5106
428,17.95,17.95,17.95,17.95,331
432,17.9,17.9,17.9,17.9,100
433,17.9,17.9,17.9,17.9,100
434,17.8,17.85,17.8,17.85,549
435,17.75,17.75,17.75,17.75,200
436,17.75,17.8,17.75,17.8,400
437,17.75,17.75,17.75,17.75,100
440,17.85,17.85,17.8,17.8,500
441,18,18,17.85,17.85,800
443,17.9,17.9,17.9,17.9,100
445,17.85,17.95,17.85,17.9,800
447,17.8,17.8,17.8,17.8,100
449,17.8,17.85,17.8,17.85,200
451,17.9,17.9,17.9,17.9,100
452,17.85,17.9,17.8,17.8,500
453,17.95,17.95,17.95,17.95,100
456,17.9,17.9,17.85,17.85,200
457,17.95,17.95,17.95,17.95,100
458,17.9,17.95,17.85,17.9,500
459,17.925,17.925,17.9,17.9,200
460,17.9,17.9,17.9,17.9,100
461,17.95,17.95,17.9,17.95,500
462,17.9,17.9,17.9,17.9,100
463,17.9,17.95,17.9,17.95,300
464,17.95,17.95,17.9,17.95,400
465,17.9,18,17.9,18,200
466,17.95,17.95,17.9,17.9,800
467,17.95,18,17.85,17.95,5130
a1496151000,18.05,18.05,18.05,18.05,6102
1,18.15,18.15,18.05,18.05,1100
4,17.95,17.95,17.95,17.95,100
5,17.9,17.9,17.9,17.9,200
6,17.85,17.85,17.85,17.85,600
8,17.9,17.95,17.9,17.9,10300
9,17.9,17.9,17.9,17.9,200
10,17.85,17.85,17.85,17.85,100
11,17.8,17.875,17.75,17.85,800
12,17.85,17.85,17.825,17.85,1400
13,17.8,17.8,17.8,17.8,100
15,17.9,17.9,17.85,17.85,984
16,17.85,17.925,17.8,17.9,14482
18,17.875,17.9,17.875,17.9,200
19,17.9,17.9,17.9,17.9,900
20,17.8,17.85,17.8,17.85,800
21,17.8,17.8,17.8,17.8,200
22,17.9,17.95,17.825,17.825,5975
23,17.9,17.9,17.9,17.9,200
24,17.9,17.925,17.9,17.9,500
25,17.925,17.925,17.925,17.925,100
26,17.9,17.9,17.9,17.9,200
27,17.925,17.95,17.925,17.95,300
28,17.9,17.9,17.9,17.9,3522
29,17.9,17.9,17.9,17.9,300
30,17.925,17.925,17.925,17.925,100
31,17.9,17.9,17.9,17.9,200
32,17.9,17.9,17.9,17.9,200
33,17.925,17.925,17.925,17.925,100
34,17.925,17.925,17.9,17.9,1700
35,17.9,17.9125,17.9,17.9,2600
36,17.925,17.925,17.9,17.9,2800
37,17.925,17.925,17.9,17.9,1900
38,17.9,17.925,17.9,17.9,1061
39,18.05,18.15,17.925,17.925,8599
145,18.05,18.05,18.05,18.05,100
146,18,18,18,18,200
147,18,18,18,18,5200
148,17.85,17.9,17.85,17.85,414
150,17.9,17.9,17.9,17.9,100
151,17.85,17.9,17.85,17.9,200
152,17.9,17.95,17.9,17.9,2155
153,17.95,17.95,17.95,17.95,100
155,17.9,17.9,17.9,17.9,1500
156,18,18,17.95,17.95,28319
157,18.05,18.05,18,18.05,500
158,18,18.05,18,18,400
159,17.95,17.95,17.95,17.95,500
160,17.95,17.975,17.95,17.975,1000
161,17.975,18,17.975,18,200
162,17.975,17.975,17.95,17.95,300
163,17.95,17.95,17.95,17.95,400
164,17.95,17.95,17.95,17.95,100
165,17.95,17.95,17.95,17.95,100
166,17.95,17.95,17.95,17.95,100
167,17.95,17.95,17.95,17.95,300
168,17.9,17.9,17.9,17.9,100
169,17.9,17.9,17.9,17.9,200
170,17.9,17.9,17.9,17.9,8271
171,17.9,17.95,17.9,17.9,2200
172,17.8,17.85,17.8,17.85,2600
173,17.8,17.8,17.8,17.8,2500
174,17.8,17.8,17.8,17.8,2500
175,17.8,17.8,17.8,17.8,2500
176,17.8,17.8,17.8,17.8,1400
177,17.9,17.95,17.85,17.85,5128
178,17.95,17.975,17.95,17.95,2900
179,17.95,17.95,17.9,17.9,4300
180,17.95,17.95,17.9,17.95,2800
181,18.15,18.2,17.95,17.95,6480
182,17.9,18.25,17.9,18.15,11551
183,18.25,18.3,17.9,17.9,28189
288,18.2,18.2,18.2,18.2,310
289,18.25,18.4,18.2,18.2,749
290,18.2575,18.2575,18.2575,18.2575,106
293,18.2,18.2,18.2,18.2,100
295,18.25,18.35,18.25,18.35,400
296,18.25,18.3,18.25,18.3,709
297,18.15,18.2,18.1,18.2,600
298,18.15,18.15,18.15,18.15,100
300,18.11,18.1515,18.11,18.1515,376
303,18.15,18.15,18.1,18.15,500
304,18.1,18.15,18.05,18.15,4400
305,18.15,18.15,18.15,18.15,588
307,18.15,18.2,18.15,18.2,311
308,18.2,18.2,18.15,18.15,600
309,18.15,18.2,18.15,18.2,495
310,18.15,18.2,18.15,18.15,1600
311,18.15,18.175,18.15,18.15,400
312,18.15,18.2,18.15,18.2,3047
314,18.15,18.15,18.125,18.15,700
315,18.1,18.15,18.1,18.15,700
316,18.1,18.1,18.1,18.1,100
317,18.15,18.2,18.15,18.2,2700
320,18.15,18.15,18.15,18.15,100
321,18.15,18.15,18.15,18.15,200
322,18.1,18.175,18.1,18.15,1600
324,18.125,18.15,18.1,18.15,700
325,18.1,18.125,18.1,18.1,400
326,18.15,18.175,18.125,18.15,5982
327,18.1,18.2,18.1,18.15,4371
433,18.25,18.4,18.25,18.3,2487
434,18.2,18.2,18.1,18.1,300
436,18.15,18.15,18.1,18.15,1300
439,18.2,18.2,18.2,18.2,100
440,18.45,18.45,18.2,18.25,1617
441,18.45,18.45,18.375,18.375,700
442,18.36,18.45,18.36,18.45,510
443,18.3,18.35,18.3,18.35,2600
444,18.325,18.35,18.3,18.35,400
445,18.3,18.475,18.3,18.35,5311
446,18.25,18.4,18.25,18.35,1900
447,18.25,18.25,18.25,18.25,100
448,18.25,18.3,18.25,18.275,2700
451,18.25,18.25,18.25,18.25,100
452,18.25,18.3,18.2,18.2354,519
453,18.2,18.2,18.2,18.2,200
454,18.2,18.225,18.2,18.225,700
456,18.15,18.175,18.15,18.175,917
457,18.15,18.15,18.1,18.1,300
458,18.05,18.05,18.05,18.05,100
459,18.1,18.1,18.05,18.05,200
460,18.1,18.15,18.0979,18.1,400
461,17.9,18.1,17.9,18.1,2608
463,18,18,17.95,17.95,500
464,18,18.075,18,18.075,900
466,18.1,18.1,18.1,18.1,100
467,18.1,18.1,18,18,200
468,18.1,18.1,18.05,18.05,200
469,18,18.1,18,18.1,500
470,18.15,18.15,18.05,18.05,6492
471,18.15,18.15,18.1,18.15,5182
864,18.1,18.1,18.1,18.1,372
865,18.05,18.05,18.05,18.05,100
866,18.1,18.25,18.1,18.25,548
867,18.2,18.2,18.2,18.2,100
868,18.05,18.2,18.05,18.1,1109
870,18.1,18.15,18.1,18.15,300
871,18.1,18.15,18.1,18.15,200
872,18.1,18.1,18.1,18.1,100
873,18.05,18.05,18.05,18.05,100
874,17.95,18.1,17.95,18.1,2500
875,17.95,17.95,17.95,17.95,200
876,17.9,17.95,17.9,17.9,1100
877,17.85,17.85,17.8,17.8,200
878,17.85,17.875,17.85,17.85,400
879,17.85,17.85,17.85,17.85,100
880,17.95,17.95,17.9,17.9,1300
882,18,18,18,18,300
883,18.025,18.025,18,18.025,2900
884,17.95,17.95,17.95,17.95,100
885,17.975,17.975,17.975,17.975,100
887,17.95,17.95,17.95,17.95,100
888,17.95,17.95,17.95,17.95,400
889,17.95,17.975,17.95,17.95,410
890,18,18,18,18,100
891,17.95,17.95,17.95,17.95,200
892,17.95,17.975,17.95,17.975,400
893,17.975,17.975,17.975,17.975,100
894,18.05,18.05,17.975,18,1535
896,18.025,18.05,18.025,18.05,600
897,18.05,18.1,18.05,18.05,1000
898,18.1,18.1,18.1,18.1,200
899,18.15,18.15,18.1,18.1,300
900,18.1,18.1,18.1,18.1,100
901,18.1,18.1,18.05,18.1,900
902,18.05,18.1,18,18.1,1900
903,18.1,18.1,18,18.05,4974
a1496755800,18.05,18.05,18.05,18.05,127
2,18.15,18.15,17.896,17.896,2302
3,18.15,18.15,18.15,18.15,100
4,18.05,18.15,18.05,18.15,1947
7,18.05,18.05,18.05,18.05,200
9,17.95,18,17.9,18,736
13,17.8,17.9,17.8,17.9,800
14,17.9,17.9,17.85,17.9,1100
15,17.95,17.95,17.9,17.9,300
16,17.9295,17.95,17.9295,17.95,200
17,17.95,18,17.9,17.95,700
18,17.95,17.95,17.95,17.95,100
20,18,18,18,18,100
22,18,18,17.95,17.95,400
24,17.975,18,17.975,18,600
25,18.05,18.05,17.95,17.975,8430
26,18.1,18.1,18.1,18.1,100
27,18.05,18.05,18.05,18.05,100
29,18.05,18.05,18.05,18.05,650
30,18.025,18.025,18.025,18.025,100
31,18.05,18.05,18.025,18.05,900
32,18.05,18.05,18.05,18.05,100
33,18.15,18.15,18.1,18.1,3100
34,18.1,18.1,18.05,18.1,1200
35,18.1,18.1,18.1,18.1,100
36,18.1,18.15,18.05,18.1,800
37,18.15,18.15,18.125,18.15,2200
38,18.2,18.2,18.15,18.15,2252
39,18.2,18.2,18.1,18.1,11698
144,18.2,18.2,18.2,18.2,114
145,18.25,18.25,18.25,18.25,200
146,18.25,18.25,18.25,18.25,100
147,18.3,18.3,18.3,18.3,400
148,18.2,18.2,18.2,18.2,500
149,18.3,18.3,18.25,18.25,400
150,18.25,18.3,18.25,18.3,5700
151,18.1,18.1,18.1,18.1,100
152,18.15,18.15,18.15,18.15,200
153,18.15,18.15,18.15,18.15,100
159,18.1,18.1,18.1,18.1,400
160,18.1,18.1,18.1,18.1,500
163,18.05,18.05,18.05,18.05,300
164,18,18.05,18,18.05,400
166,17.95,17.95,17.925,17.95,1100
170,17.85,17.95,17.85,17.9,500
172,17.85,17.85,17.85,17.85,300
173,17.85,17.85,17.85,17.85,500
175,17.95,17.95,17.9,17.9,1000
176,18,18,17.95,17.95,500
177,17.95,17.95,17.95,17.95,100
178,18,18,18,18,100
179,18,18,17.9,18,300
180,17.95,18,17.95,17.95,500
181,17.95,17.975,17.95,17.95,300
182,17.95,17.975,17.9,17.95,1495
183,18.05,18.15,17.925,17.925,7526
294,18,18.1,18,18,800
295,18.05,18.05,18.05,18.05,400
296,18.1,18.1,18.1,18.1,100
297,18.1,18.1,18.1,18.1,100
299,18.2,18.2,18.15,18.15,500
300,18.175,18.175,18.175,18.175,100
303,18.2,18.2,18.2,18.2,100
304,18.15,18.2,18.15,18.2,500
305,18.1,18.2,18.1,18.15,1700
306,18.1,18.1,18.05,18.05,412
307,18.1,18.1,18.1,18.1,100
309,18.1,18.1,18.1,18.1,100
310,18.1,18.1,18.1,18.1,400
311,18.15,18.15,18.1,18.15,400
312,18.1,18.1,18.05,18.1,1800
313,18.1,18.1,18.1,18.1,200
314,18.1,18.1,18.1,18.1,200
315,18.1,18.15,18.1,18.15,300
316,18.1,18.2,18.1,18.2,2622
317,18.1,18.1,18.1,18.1,100
318,18.05,18.05,18.05,18.05,100
319,18.1,18.1,18.1,18.1,100
320,18.15,18.15,18.15,18.15,100
321,18.1,18.1,18.075,18.075,200
322,18.1,18.15,18.1,18.1,789
323,18.1,18.1,18.1,18.1,100
325,18.1,18.15,18.1,18.1,1300
326,18.1,18.1,18.075,18.1,1300
327,18.1,18.1,18,18.05,2822
432,17.95,17.95,17.95,17.95,1509
436,18.1243,18.1243,18.05,18.05,205
437,18.15,18.15,18.1,18.1,200
438,18.2,18.2,18.15,18.15,400
439,18.2,18.2,18.2,18.2,200
440,18.15,18.25,18.15,18.2,1769
442,18.2,18.25,18.2,18.2,1373
444,18.2,18.2,18.2,18.2,700
445,18.2,18.2,18.2,18.2,300
446,18.2,18.2,18.2,18.2,700
447,18.05,18.178,18,18.178,3760
448,18.028,18.0681,18.028,18.05,1400
449,18.05,18.05,18.025,18.05,400
450,18,18,18,18,100
451,18.1,18.1,18,18,400
452,18.1,18.15,18.1,18.15,500
453,18.1,18.1,18.1,18.1,400
456,18.05,18.05,18.05,18.05,100
457,18.1,18.1,18.1,18.1,100
458,18.1,18.1,18.1,18.1,200
459,18.05,18.1,18.05,18.1,300
460,18.05,18.05,18.05,18.05,100
461,18.05,18.05,18.05,18.05,200
463,18.05,18.1,18.05,18.1,200
464,17.975,18,17.95,18,800
465,17.95,17.95,17.95,17.95,100
467,18,18,18,18,100
468,17.95,18,17.95,17.95,700
469,17.95,18,17.9,17.925,1100
470,17.95,18,17.9,18,1900
471,17.9,17.95,17.8,17.95,10686
864,17.85,17.85,17.85,17.85,416
866,17.9,17.95,17.9,17.95,1216
867,17.85,17.85,17.85,17.85,200
868,17.75,17.875,17.7,17.875,1005
869,18.05,18.05,17.7,17.7,1847
870,18.1,18.1218,18.05,18.1218,901
871,18.05,18.05,18,18.05,400
874,18.05,18.05,18.05,18.05,100
875,18.05,18.075,18.05,18.075,300
876,18.05,18.05,18.05,18.05,500
877,18,18.05,18,18.05,300
878,18.05,18.05,18.05,18.05,100
879,18.1,18.1,18,18,900
880,18.1,18.1,18.1,18.1,100
881,18.05,18.1,18.05,18.1,300
882,18.1,18.1,18.1,18.1,100
883,18.05,18.05,18.05,18.05,855
884,18.05,18.05,18.05,18.05,100
885,18.1,18.1,18.05,18.05,1300
886,18.05,18.05,18.05,18.05,900
887,18.1,18.1,18.1,18.1,100
888,18.1,18.1,18.1,18.1,100
889,18.1,18.1,18.1,18.1,100
890,18.05,18.1,18.05,18.1,1400
891,18.1,18.1,18.05,18.1,500
892,18.1,18.1,18.1,18.1,300
893,18.1,18.1,18.1,18.1,100
894,18.05,18.1,17.95,18.05,2400
895,18,18,18,18,100
896,17.95,18,17.95,18,700
897,17.95,17.95,17.95,17.95,100
898,17.9,17.975,17.9,17.975,1300
899,17.9,17.9,17.85,17.85,700
900,18,18,17.95,17.95,1877
901,18.025,18.05,17.95,18,898
902,18.05,18.1,18.05,18.05,1400
903,18.15,18.15,18,18.05,4834
a1497363000,18.25,18.275,18.2,18.2,915
1,18.25,18.25,18.25,18.25,11000
2,18.25,18.25,18.25,18.25,200
3,18.2,18.2,18.2,18.2,400
6,18.2,18.2,18.2,18.2,178
7,18.2,18.25,18.2,18.25,900
8,18.15,18.2,18.15,18.2,1200
10,18.05,18.15,18.05,18.15,940
14,18.05,18.05,18.05,18.05,300
15,18.05,18.1,18.05,18.1,700
16,17.95,17.95,17.95,17.95,100
17,17.95,18,17.95,17.95,500
19,17.9,18,17.9,18,400
20,17.9,17.9,17.85,17.85,300
21,17.8,17.8,17.8,17.8,300
22,17.85,17.9,17.775,17.8,2104
23,17.95,18,17.85,17.85,2520
24,18.1,18.1,18.1,18.1,100
26,18.025,18.1,18.025,18.1,1100
27,18.05,18.05,18.05,18.05,200
28,18,18,17.95,18,1200
30,17.95,17.95,17.95,17.95,300
31,18.05,18.05,18.05,18.05,100
32,17.95,18.05,17.95,18.05,600
33,17.95,18.025,17.95,18,700
34,18.05,18.05,17.95,17.95,2300
35,18.15,18.15,18,18.05,9816
140,18.1,18.1,18.1,18.1,200
142,18.1,18.1,18.1,18.1,400
143,18.1,18.1,18.1,18.1,301
144,18,18,18,18,300
145,17.95,18,17.9,17.9,400
146,17.95,18,17.95,18,200
147,17.95,18,17.95,18,200
148,17.95,17.95,17.95,17.95,1000
150,17.95,18,17.95,18,200
151,18,18,18,18,100
152,18,18,18,18,400
153,18.05,18.05,18.05,18.05,200
154,18.05,18.05,18.05,18.05,400
156,18.05,18.05,18.05,18.05,400
157,18.05,18.1,18.05,18.05,700
158,18.025,18.025,18.025,18.025,100
159,17.9,18.025,17.9,18.025,2500
162,18,18,17.95,17.95,700
163,17.95,18,17.9,17.975,16000
164,17.95,17.95,17.9,17.9,2100
165,18,18,17.95,17.95,2924
166,18.05,18.05,18.05,18.05,100
167,18,18,17.95,17.95,400
168,17.95,18,17.9,17.975,3424
169,17.95,17.95,17.95,17.95,243
171,17.925,17.975,17.925,17.975,1239
172,18,18,17.925,17.925,2000
173,17.95,17.975,17.925,17.975,5348
174,17.95,17.95,17.9,17.9,300
175,17.9,17.95,17.9,17.9,3000
176,17.95,17.95,17.875,17.875,2800
177,17.9,17.95,17.9,17.9,2500
178,17.925,18,17.85,17.85,4800
179,17.95,18,17.9,17.9,7371
284,17.85,17.85,17.85,17.85,193
285,17.85,17.85,17.85,17.85,300
286,17.85,17.85,17.85,17.85,600
287,17.9,17.9,17.85,17.875,2583
288,17.85,17.85,17.85,17.85,100
289,17.85,17.9,17.85,17.875,2140
290,17.9,17.9,17.9,17.9,600
291,17.95,17.95,17.9,17.95,900
293,17.9,17.95,17.9,17.95,400
295,17.95,17.95,17.9,17.95,800
298,17.95,17.95,17.95,17.95,100
300,17.9,17.925,17.9,17.9,500
302,17.875,17.875,17.85,17.85,200
303,17.825,17.85,17.75,17.85,8773
304,17.85,17.85,17.8,17.8,900
305,17.85,17.85,17.85,17.85,1300
306,17.9,17.9,17.9,17.9,597
307,17.875,17.9,17.875,17.9,12027
308,17.9,17.9,17.9,17.9,600
309,17.9,18,17.9,17.95,1800
310,17.95,17.95,17.95,17.95,523
311,17.95,17.95,17.9303,17.95,3350
312,17.925,17.925,17.925,17.925,100
313,17.875,17.925,17.85,17.925,2700
314,17.825,17.9,17.8,17.85,5590
315,17.75,17.825,17.7,17.825,6500
316,17.5,17.75,17.5,17.7087,4494
317,17.6,17.6,17.5,17.525,1844
318,17.65,17.65,17.65,17.65,100
320,17.7,17.7,17.65,17.65,200
321,17.65,17.7,17.65,17.7,961
322,17.65,17.65,17.6,17.6,400
323,17.65,17.65,17.5,17.6,7320
428,17.55,17.55,17.55,17.55,9921
429,17.5,17.6,17.5,17.55,2057
430,17.7,17.7,17.6,17.6,700
431,17.85,18,17.7,17.7,223280
432,17.95,17.95,17.8,17.8,200
433,18.025,18.025,17.95,18,700
434,18,18.1,18,18.025,1829
435,17.95,17.95,17.95,17.95,200
436,18.05,18.05,18.05,18.05,200
437,18.025,18.025,18.025,18.025,100
438,17.825,18.05,17.825,18.05,900
439,17.825,17.85,17.8,17.825,1232
441,17.9,17.9,17.9,17.9,300
442,17.825,17.85,17.8,17.8,500
443,17.9,17.9,17.9,17.9,200
444,17.8,17.85,17.8,17.85,400
445,17.8,17.85,17.8,17.85,300
447,17.8,17.85,17.8,17.85,600
448,17.825,17.825,17.825,17.825,100
449,17.9,17.9,17.9,17.9,100
450,17.825,17.875,17.825,17.875,200
451,17.85,17.85,17.85,17.85,400
452,17.825,17.85,17.825,17.85,200
453,17.8,17.8,17.8,17.8,200
454,17.75,17.75,17.75,17.75,600
455,17.75,17.8,17.75,17.8,590
456,17.75,17.8,17.75,17.8,200
457,17.8,17.8,17.8,17.8,300
458,17.8,17.8,17.8,17.8,100
460,17.8,17.8,17.775,17.8,900
461,17.775,17.775,17.775,17.775,100
462,17.8,17.8,17.775,17.8,400
463,17.75,17.75,17.75,17.75,100
464,17.8,17.8,17.8,17.8,200
465,17.8,17.85,17.75,17.85,4757
466,17.75,17.85,17.75,17.8,2695
467,17.75,17.8,17.7,17.8,53156
860,17.75,17.75,17.75,17.75,493
861,17.85,17.9,17.85,17.9,300
862,17.7,17.85,17.7,17.85,2400
863,17.8,17.8,17.8,17.8,118
864,17.8,17.8,17.8,17.8,100
865,17.7,17.7,17.7,17.7,100
866,17.65,17.7,17.65,17.7,200
867,17.6759,17.6759,17.6759,17.6759,1000
868,17.6,17.6,17.6,17.6,200
869,17.65,17.7,17.6,17.6,2800
870,17.6,17.6,17.6,17.6,100
871,17.675,17.7,17.65,17.65,700
872,17.65,17.65,17.65,17.65,300
873,17.65,17.65,17.65,17.65,100
874,17.675,17.7,17.65,17.7,872
875,17.65,17.65,17.65,17.65,100
877,17.65,17.7,17.65,17.65,800
878,17.7,17.7,17.65,17.65,200
880,17.725,17.725,17.7,17.7,700
881,17.7,17.7,17.7,17.7,300
882,17.7,17.7,17.7,17.7,100
883,17.725,17.75,17.7,17.75,621
885,17.725,17.75,17.725,17.75,200
886,17.75,17.75,17.75,17.75,100
887,17.75,17.75,17.7,17.7,200
888,17.75,17.75,17.7,17.75,500
889,17.725,17.75,17.725,17.75,200
890,17.725,17.725,17.725,17.725,500
893,17.7,17.75,17.65,17.7,1860
894,17.65,17.7,17.65,17.65,1000
895,17.65,17.65,17.6,17.65,1000
896,17.7,17.7,17.65,17.65,400
897,17.675,17.675,17.65,17.65,400
898,17.725,17.75,17.7,17.7,1100
899,17.75,17.75,17.65,17.75,7767
a1497965400,17.75,17.75,17.75,17.75,273
1,17.7,17.75,17.1357,17.1357,960
3,17.7425,17.7875,17.7425,17.7875,200
5,17.9,17.9,17.75,17.75,300
7,17.8,17.95,17.8,17.8,2953
8,17.7,17.7,17.7,17.7,100
9,17.7,17.7,17.55,17.7,1100
10,17.65,17.65,17.65,17.65,200
11,17.6,17.6,17.6,17.6,600
14,17.5,17.5,17.45,17.45,300
15,17.55,17.55,17.5,17.5,200
16,17.5,17.5,17.5,17.5,2800
18,17.4,17.5,17.4,17.5,2000
19,17.35,17.35,17.35,17.35,800
20,17.3,17.325,17.3,17.325,200
21,17.15,17.25,17.1,17.25,3700
22,17.1,17.245,17.1,17.245,6350
23,17.2,17.2,17.2,17.2,100
24,17.3,17.3,17.25,17.25,600
25,17.35,17.4,17.35,17.4,300
26,17.3,17.35,17.3,17.35,200
27,17.35,17.35,17.35,17.35,100
28,17.45,17.45,17.3,17.35,1700
29,17.45,17.45,17.25,17.45,9073
30,17.25,17.45,17.25,17.45,5373
31,17.283,17.283,17.25,17.25,400
32,17.3,17.3,17.3,17.3,100
33,17.4,17.4,17.4,17.4,900
34,17.3,17.4,17.3,17.4,2200
36,17.35,17.35,17.35,17.35,100
37,17.35,17.45,17.3,17.35,5615
38,17.4,17.4,17.35,17.4,2710
39,17.25,17.4,17.25,17.375,5308
144,17.45,17.45,17.45,17.45,376
145,17.0856,17.0856,17.0856,17.0856,433
146,17.35,17.35,17.35,17.35,105
147,17.3,17.3,17.3,17.3,300
148,17.25,17.25,17.25,17.25,1345
149,17.25,17.25,17.25,17.25,100
150,17.15,17.225,17.15,17.225,2109
151,17.275,17.275,17.1095,17.15,6000
152,17.275,17.275,17.275,17.275,100
153,17.275,17.275,17.25,17.25,300
154,17.25,17.25,17.25,17.25,800
155,17.15,17.2,17.15,17.2,1719
156,17.15,17.2,17.15,17.2,200
157,17.15,17.15,17.15,17.15,100
158,17.25,17.25,17.2,17.2,400
160,17.25,17.25,17.25,17.25,300
161,17.25,17.3,17.25,17.3,200
163,17.25,17.25,17.25,17.25,200
164,17.25,17.25,17.25,17.25,100
165,17.25,17.25,17.25,17.25,100
166,17.25,17.25,17.25,17.25,100
167,17.25,17.25,17.25,17.25,100
168,17.25,17.25,17.25,17.25,300
169,17,17.2,17,17.2,1356
170,17.05,17.05,16.75,17,8216
171,17.1,17.1,17,17,500
172,17,17.2,17,17.125,1300
173,17,17,16.95,17,1100
174,17.0157,17.0157,17,17,650
175,17.1011,17.2,17.05,17.05,1441
176,17.1,17.2,17.1,17.15,953
177,17.05,17.15,17.05,17.15,1100
178,16.95,17,16.85,17,5944
179,17.1,17.1,16.9,16.9,6300
180,17.15,17.175,17.05,17.1,6200
181,17.15,17.15,17.1,17.15,2362
182,17.15,17.2,17.125,17.125,1167
183,17.1,17.15,17.1,17.1,4754
288,17.15,17.15,17.15,17.15,169
291,17.1,17.1,17.1,17.1,600
292,17,17.1,16.95,17,1900
293,17.1,17.1,17.1,17.1,100
294,16.9,17.05,16.9,17.05,800
295,17,17,16.95,16.95,900
296,17.1,17.1,17,17,400
297,17.1,17.1,17.06,17.1,600
298,17.1,17.15,17.1,17.15,200
299,17.15,17.15,17.15,17.15,100
300,17.05,17.15,17.05,17.15,3250
302,17,17,17,17,100
303,17.05,17.1,17.05,17.1,600
304,17.1,17.1,17.05,17.05,200
305,17.05,17.05,17.05,17.05,100
306,17.05,17.05,17.05,17.05,100
307,17,17,17,17,100
308,17.05,17.05,17.05,17.05,100
309,17.1,17.1,17.075,17.1,4252
310,17.1,17.1,17.1,17.1,1400
311,17.15,17.15,17.15,17.15,224
312,17.15,17.15,17.15,17.15,600
313,17.0831,17.125,17.05,17.125,1733
314,17.1,17.1,17.05,17.05,200
315,17.15,17.15,17.05,17.05,11500
316,17.05,17.1,17.05,17.1,2400
317,17.05,17.15,17.05,17.075,3600
318,17.05,17.1,17.05,17.1,600
319,17.1,17.1,17.1,17.1,100
320,17.1,17.1,17.1,17.1,200
321,17.05,17.1,17.05,17.1,800
322,17.05,17.05,17.05,17.05,1645
323,17,17,16.95,17,12385
324,17.05,17.05,17,17,2890
325,17,17.05,17,17,3300
326,16.975,17.025,16.95,17.025,3092
327,17,17,16.95,17,4123
432,17,17,17,17,100
433,16.85,17.05,16.85,17.05,400
434,16.9,16.9,16.9,16.9,200
436,16.9,16.9,16.9,16.9,100
437,16.9,16.925,16.9,16.925,900
438,16.925,16.925,16.9,16.911,2200
439,16.95,16.95,16.9,16.9,1200
440,17,17.05,17,17,1700
441,17,17,17,17,200
442,17,17,17,17,2292
443,16.95,16.95,16.95,16.95,100
444,17,17,17,17,100
445,16.95,17,16.95,17,1100
446,16.95,16.95,16.95,16.95,200
447,16.9,16.925,16.9,16.925,500
448,16.875,16.9,16.875,16.9,300
449,16.85,16.875,16.85,16.85,2242
450,16.875,16.875,16.875,16.875,100
451,16.85,16.9,16.85,16.9,300
452,16.9,16.9,16.875,16.9,1300
454,16.85,16.85,16.85,16.85,100
455,16.85,16.9,16.8,16.9,4039
456,16.85,16.85,16.85,16.85,100
458,16.875,16.875,16.875,16.875,300
459,16.9,16.9,16.875,16.875,400
460,16.85,16.85,16.85,16.85,100
461,16.85,16.875,16.85,16.875,500
462,16.875,16.875,16.85,16.87,1800
463,16.825,16.875,16.825,16.875,2400
464,16.85,16.85,16.85,16.85,300
465,16.85,16.875,16.85,16.875,300
466,16.85,16.8999,16.85,16.875,6300
467,16.85,16.85,16.8,16.85,700
468,16.8,16.85,16.8,16.85,800
469,16.825,16.9,16.8,16.8,1200
470,16.75,16.85,16.75,16.825,5173
471,16.75,16.85,16.65,16.75,128427
864,16.9,16.9,16.9,16.9,2182
865,16.75,16.85,16.75,16.8,519
866,16.8,16.82,16.8,16.82,650
867,16.85,16.85,16.85,16.85,100
868,16.9,16.9,16.8,16.8,300
869,16.95,16.95,16.95,16.95,100
870,16.95,16.95,16.95,16.95,293
871,16.9,16.95,16.9,16.95,1400
872,16.85,16.9,16.85,16.85,700
874,16.85,16.9,16.85,16.9,400
875,16.9,16.9,16.9,16.9,100
876,16.95,16.95,16.9,16.9,300
877,16.95,16.95,16.95,16.95,400
878,16.95,17,16.95,17,400
879,16.95,16.95,16.925,16.925,300
880,16.95,17.05,16.95,17,4755
881,16.95,16.95,16.95,16.95,100
882,16.95,16.95,16.95,16.95,400
883,17,17,16.975,17,800
884,17,17,17,17,100
885,17,17.05,17,17,400
886,17.05,17.05,17.025,17.05,1200
887,17.1,17.1,17.1,17.1,400
888,17.2,17.2,17.15,17.15,1100
889,17.25,17.25,17.2,17.25,1200
891,17.3,17.35,17.25,17.25,1176
892,17.35,17.35,17.35,17.35,100
893,17.35,17.35,17.3,17.3,600
894,17.35,17.35,17.35,17.35,100
895,17.35,17.35,17.35,17.35,100
896,17.35,17.35,17.35,17.35,100
897,17.25,17.35,17.25,17.255,985
898,17.3,17.3,17.25,17.25,1600
899,17.275,17.275,17.25,17.25,300
900,17.25,17.3,17.25,17.25,1200
901,17.225,17.25,17.225,17.25,200
902,17.25,17.25,17.25,17.25,600
903,17.2,17.25,17.15,17.25,3658
a1498570200,17.15,17.15,17.15,17.15,200
3,17.05,17.05,17,17,200
4,16.95,17.05,16.95,17,400
5,17.1,17.1,16.95,16.95,200
6,16.95,17.05,16.95,17.05,562
7,16.9,16.95,16.9,16.95,400
8,16.95,16.95,16.85,16.85,1138
10,16.95,16.98,16.9,16.98,950
12,16.975,16.975,16.975,16.975,100
13,16.95,16.95,16.95,16.95,100
16,16.95,16.95,16.95,16.95,300
17,17,17,16.95,16.95,400
21,17,17,17,17,100
22,17,17,17,17,300
23,17,17,17,17,600
24,16.9,16.95,16.85,16.95,600
25,16.9,16.9,16.825,16.85,500
26,16.7,16.85,16.7,16.85,11472
27,16.8,16.8,16.8,16.8,100
28,16.8,16.8,16.8,16.8,200
29,16.75,16.75,16.75,16.75,200
30,16.7,16.7,16.7,16.7,258
31,16.65,16.65,16.6,16.6,200
33,16.7,16.7,16.65,16.65,900
34,16.725,16.725,16.7,16.7,3700
35,16.725,16.75,16.7,16.7185,3300
36,16.725,16.725,16.725,16.725,100
37,16.7,16.725,16.7,16.725,1974
38,16.7,16.725,16.7,16.725,884
39,16.7,16.75,16.65,16.7,9681
144,16.85,16.85,16.85,16.85,513
146,16.875,16.875,16.875,16.875,200
147,17.05,17.05,16.9,16.95,1557
148,17.1,17.2,17,17.2,1820
149,17.1,17.15,17.1,17.125,400
150,17.1,17.15,17.1,17.1,20039
151,17.2,17.2,17.2,17.2,330
152,17.25,17.25,17.25,17.25,200
153,17.25,17.25,17.25,17.25,100
154,17.4,17.4,17.35,17.35,1839
155,17.4,17.4,17.4,17.4,300
156,17.4,17.4,17.4,17.4,100
158,17.4,17.4,17.4,17.4,100
160,17.35,17.4,17.35,17.4,300
165,17.3,17.4,17.25,17.35,6863
166,17.25,17.25,17.25,17.25,200
167,17.25,17.25,17.25,17.25,100
168,17.25,17.25,17.25,17.25,300
169,17.3,17.3,17.3,17.3,300
172,17.25,17.325,17.25,17.325,1356
173,17.2,17.2,17.2,17.2,100
176,17.1,17.1,17.1,17.1,200
177,17.1,17.125,17.1,17.1,800
178,17.1175,17.15,17.1,17.15,2000
179,17.15,17.2,17.1357,17.15,1400
180,17.1,17.2,17.1,17.15,500
181,17.1,17.15,17.1,17.15,400
182,17.1,17.15,17.1,17.1,1324
183,17.1,17.15,17,17.1,5887
288,17.1,17.1,17.1,17.1,200
289,16.8025,17.05,16.8025,17.05,2123
290,16.9,16.9,16.85,16.85,717
292,16.85,16.9,16.85,16.9,700
295,16.8331,16.8331,16.8331,16.8331,100
297,16.85,16.85,16.8,16.8,1600
298,16.9,16.9,16.9,16.9,100
301,16.8,16.8,16.8,16.8,2000
303,16.85,16.85,16.85,16.85,112
304,16.8,16.8,16.8,16.8,100
305,16.85,16.85,16.85,16.85,100
308,16.8,16.8,16.75,16.75,200
310,16.8,16.8,16.8,16.8,200
311,16.85,16.85,16.85,16.85,100
314,16.825,16.825,16.75,16.75,300
315,16.85,16.85,16.85,16.85,100
316,16.825,16.85,16.8,16.85,1790
317,16.85,16.85,16.85,16.85,900
320,16.8,16.85,16.8,16.8498,1100
322,16.875,16.9,16.875,16.875,400
323,16.85,16.85,16.85,16.85,100
324,16.85,16.9,16.85,16.9,200
325,16.85,16.85,16.85,16.85,100
326,16.9,16.9,16.875,16.9,500
327,16.9,16.95,16.85,16.9,3699
432,16.8,16.8,16.8,16.8,1227
433,17.15,17.15,16.75,16.816,2200
434,17.05,17.05,17,17,400
436,17.25,17.275,17.25,17.275,1355
438,17.1,17.2,17.1,17.2,200
439,17.3,17.3,17.2,17.2,414
440,17.262,17.262,17.262,17.262,344
442,17.25,17.25,17.25,17.25,200
443,17.2,17.2,17.2,17.2,686
444,17.175,17.175,17.15,17.15,200
445,17.1,17.1,17.1,17.1,200
446,17.05,17.1,17.05,17.1,500
447,17.1,17.1,17.1,17.1,258
459,17.05,17.075,17.05,17.05,300
464,17.1,17.1,16.95,17,10537
466,17.1,17.1,17.1,17.1,100
468,17.1,17.1,17.05,17.05,4600
469,17.1,17.15,17.05,17.1,15742
470,17.05,17.1,17.05,17.1,200
471,17,17.15,16.95,17.15,4631
864,17,17,17,17,980
865,17.1,17.1,17,17,3914
872,17,17.1,17,17.1,200
873,17,17,17,17,100
879,17.2,17.2,17.2,17.2,100
880,17.2,17.2,17.2,17.2,194
885,17.2,17.25,17.15,17.25,3464
a1499261400,17.2,17.2,17.2,17.2,1284
1,17.05,17.05,17.05,17.05,100
2,17.15,17.225,17.05,17.05,1800
3,17.1,17.1,17.1,17.1,100
4,16.95,17.1,16.95,17.075,400
5,16.95,16.95,16.95,16.95,800
8,16.95,16.95,16.95,16.95,100
13,16.95,16.95,16.95,16.95,100
16,16.9,16.9,16.9,16.9,100
18,16.85,16.85,16.85,16.85,100
21,16.85,16.85,16.85,16.85,100
22,16.9,16.9,16.9,16.9,100
24,16.95,16.95,16.95,16.95,1100
26,17.075,17.15,17,17,2100
34,16.95,16.95,16.95,16.95,600
36,16.95,16.95,16.9,16.9,1200
38,17.1,17.1,17,17,2456
39,17.05,17.1,17.05,17.1,1839
