EXCHANGE%3DNASDAQ
MARKET_OPEN_MINUTE=570
MARKET_CLOSE_MINUTE=960
INTERVAL=600
COLUMNS=DATE,CLOSE,HIGH,LOW,OPEN,VOLUME
DATA=
TIMEZONE_OFFSET=-240
a1493213400,4.75,4.75,4.75,4.75,15000
1,4.8,4.85,4.7,4.76,187480
2,4.6,4.83,4.6,4.8,110603
3,4.64,4.8,4.6,4.6158,28673
4,4.7,4.7,4.6,4.65,31950
5,4.75,4.75,4.68,4.68,5422
6,4.76,4.79,4.76,4.775,17700
7,4.8,4.8,4.76,4.76,32100
8,4.8,4.8,4.775,4.775,6525
9,4.79,4.8,4.78,4.8,22300
10,4.75,4.8,4.75,4.8,7167
11,4.6,4.71,4.6,4.71,10744
12,4.64,4.64,4.6,4.6,4200
13,4.7,4.7,4.7,4.7,500
14,4.75,4.75,4.7,4.75,7733
15,4.7,4.78,4.7,4.7,10871
16,4.8,4.8,4.75,4.75,13620
17,4.8,4.8,4.8,4.8,4900
18,4.8,4.8,4.8,4.8,3000
19,4.82,4.82,4.797,4.8,8178
20,4.79,4.82,4.79,4.815,10515
21,4.7696,4.82,4.7696,4.82,2068
22,4.77,4.77,4.75,4.77,1083
23,4.82,4.82,4.82,4.82,100
24,4.835,4.84,4.83,4.84,10200
25,4.8988,4.9,4.84,4.84,9534
26,4.9,4.9,4.8825,4.9,3100
27,4.87,4.9,4.86,4.9,11200
28,4.82,4.9,4.82,4.89,10892
29,4.85,4.8788,4.85,4.8788,2000
30,4.865,4.87,4.85,4.85,13500
31,4.8714,4.9,4.8,4.86,19348
32,4.945,4.95,4.9,4.9,26253
33,4.978,4.978,4.9,4.9,900
34,5,5.2,4.95,4.95,19649
35,5,5,5,5,2761
36,5.09,5.1,5.05,5.05,3475
37,5.1,5.1,5.09,5.1,5910
38,5.1,5.1,5.09,5.1,8100
39,5.18,5.2,5.1,5.1,18585
144,5.2,5.2,5.2,5.2,5831
145,5.18,5.25,5.06,5.102,10950
146,5.09,5.18,5,5.18,12000
147,5.3,5.3,5.0501,5.09,27694
148,5.29,5.35,5.25,5.28,22430
149,5.2001,5.29,5.19,5.29,16102
150,5.18,5.2076,5.18,5.2076,3369
151,5.08,5.18,5.08,5.18,4000
152,5.0692,5.0692,5,5.0501,2600
153,5.1,5.1,5.1,5.1,1000
154,5.1201,5.22,5.12,5.2,16858
155,5.19,5.22,5.19,5.22,967
156,5.205,5.22,5.205,5.205,500
157,5.194,5.21,5.19,5.205,2266
158,5.2,5.2,5.19,5.1955,2626
159,5.1962,5.22,5.19,5.22,4324
160,5.2,5.2,5.2,5.2,4100
161,5.22,5.22,5.1921,5.2,3435
162,5.16,5.16,5.16,5.16,100
163,5.18,5.18,5.18,5.18,100
164,5.2,5.2,5.2,5.2,100
165,5.18,5.2,5.18,5.2,200
166,5.18,5.18,5.18,5.18,100
167,5.18,5.18,5.18,5.18,100
168,5.18,5.18,5.15,5.15,559
170,5.14,5.18,5.12,5.18,8100
171,5.2,5.2,5.2,5.2,100
172,5.2,5.2,5.2,5.2,200
173,5.15,5.2,5.15,5.2,1466
174,5.15,5.15,5.15,5.15,700
175,5.15,5.15,5.15,5.15,100
176,5.15,5.15,5.15,5.15,400
177,5.2,5.2,5.15,5.15,371
178,5.2,5.2,5.2,5.2,100
179,5.2,5.2,5.1764,5.1764,400
180,5.2,5.22,5.155,5.18,104064
181,5.2,5.21,5.16,5.21,60620
183,5.15,5.2,5.15,5.2,8041
288,5.15,5.15,5.15,5.15,103
289,5.1543,5.1721,5.15,5.15,3167
290,4.85,5.12,4.85,5.12,5052
291,4.95,5.1,4.95,5,9298
292,4.9,4.95,4.9,4.9,14600
293,5.1,5.15,4.9,4.9,6681
294,5.1,5.1,5.05,5.05,1622
297,4.97,5.1349,4.97,5.11,17534
298,5,5,5,5,100
301,5.02,5.1,5.02,5.1,1650
306,4.97,5,4.97,4.98,4700
307,5.0192,5.0192,4.93,4.98,3800
309,4.93,4.93,4.93,4.93,2300
312,5.02,5.02,4.95,4.95,5200
313,4.9329,5.0852,4.91,4.91,2300
315,5,5.1,4.9,5.01,31400
317,5,5,5,5,2540
318,5.01,5.01,5.005,5.005,31260
319,5.0531,5.0531,5.0531,5.0531,350
322,5.1,5.1,5.1,5.1,1200
327,5.15,5.185,5.05,5.05,28020
720,5.15,5.15,5.15,5.15,104
721,5.05,5.15,5.05,5.15,15875
722,5.2,5.2,5.2,5.2,100
723,5.2,5.2,5.2,5.2,300
724,5.135,5.135,5.135,5.135,400
725,5.1,5.15,5.095,5.15,3492
727,5.095,5.1,5.09,5.1,4800
728,5.0955,5.0955,5.0955,5.0955,1000
729,5.0963,5.0963,5.0963,5.0963,5000
730,5.0786,5.1,5.0786,5.1,9357
731,5,5.05,5,5.05,1500
732,5.05,5.05,5.05,5.05,100
733,5,5.1,5,5.05,1356
734,5.1,5.1,5.0999,5.1,7755
735,5.1,5.1,5.1,5.1,4585
738,5.1,5.1002,5.1,5.1002,303
739,5.1,5.1,5.1,5.1,2672
741,5.15,5.15,5.12,5.12,676
742,5.15,5.15,5.1,5.12,8850
743,5.1,5.1,5.08,5.1,13828
745,5.0999,5.1,5.0999,5.1,2660
746,5.0608,5.08,5.06,5.0628,8836
747,5.05,5.05,5.05,5.05,200
749,5.0823,5.0823,5.0823,5.0823,200
753,5.05,5.07,5.05,5.067,635
756,5.045,5.05,5.04,5.05,10165
757,5.045,5.045,5.01,5.01,19285
758,5.045,5.045,5.045,5.045,397
759,5.045,5.0763,5.045,5.0763,900
864,5.05,5.05,5.05,5.05,639
865,5.05,5.0521,5.05,5.05,4000
866,4.95,5.05,4.95,5.05,534
867,4.99,4.99,4.9095,4.95,1815
868,5,5,4.9999,5,1400
869,5.02,5.04,5,5,2700
870,5.04,5.04,5.02,5.0221,1600
872,5.057,5.1,5.02,5.02,6434
875,5.05,5.053,5.0012,5.05,5000
877,5.01,5.01,5.01,5.01,100
883,5.03,5.04,5.03,5.04,300
892,5.01,5.05,5.01,5.0279,1700
893,5.04,5.05,5,5.0125,6023
894,5.05,5.05,5.05,5.05,100
895,5.05,5.1,5.05,5.09,3200
896,5,5.05,4.95,5,3400
898,4.98,5,4.98,5,500
900,5.03,5.03,5,5,700
901,5,5.03,5,5.03,500
902,5.0003,5.0003,5.0003,5.0003,328
903,5.0062,5.03,5.0062,5.02,2500
a1493818200,5.4,5.4,5.4,5.4,1101
2,5.0231,5.05,5.0231,5.035,1966
3,5.0751,5.0751,5.0751,5.0751,167
4,5,5,5,5,300
5,5.02,5.0501,5,5,600
7,4.98,5.0199,4.98,4.98,2500
8,5.01,5.02,5.0005,5.02,1400
9,4.98,5.015,4.98,5,4290
10,4.83,4.98,4.81,4.98,11694
11,4.95,4.95,4.8816,4.8816,2200
12,4.92,4.95,4.92,4.95,500
13,4.9,4.9,4.84,4.84,1003
14,4.83,4.85,4.83,4.85,896
15,4.9,4.9,4.8282,4.83,2535
16,4.86,4.9,4.86,4.9,700
17,4.9,4.9,4.8812,4.9,900
18,4.9,4.9,4.9,4.9,200
19,4.9,4.9,4.9,4.9,300
20,4.9,4.9,4.9,4.9,200
21,4.875,4.9,4.85,4.9,15900
22,4.87,4.875,4.85,4.85,2703
23,4.86,4.87,4.86,4.87,400
24,4.9,4.9,4.85,4.85,1747
25,4.855,4.855,4.85,4.855,300
26,4.85,4.9,4.85,4.9,11954
27,4.875,4.875,4.85,4.85,10300
29,4.85,4.85,4.84,4.85,1700
30,4.814,4.85,4.811,4.85,2100
31,4.85,4.85,4.8398,4.84,2622
33,4.81,4.8272,4.81,4.81,15747
34,4.8,4.8,4.8,4.8,2500
36,4.76,4.8,4.76,4.8,3799
37,4.7857,4.7857,4.7857,4.7857,1500
38,4.8,4.8,4.7857,4.7857,5835
39,4.79,4.8179,4.786,4.786,23473
144,4.74,4.74,4.74,4.74,252
147,4.7997,4.8,4.7757,4.79,5464
148,4.7836,4.7862,4.7836,4.7862,1600
149,4.7806,4.8,4.7806,4.79,2000
150,4.8,4.8,4.8,4.8,200
155,4.7543,4.7543,4.7543,4.7543,100
156,4.7762,4.7762,4.7762,4.7762,900
159,4.8,4.8,4.75,4.78,1912
160,4.8,4.8,4.8,4.8,100
161,4.74,4.8,4.74,4.8,21301
162,4.75,4.8,4.75,4.79,9300
163,4.79,4.79,4.74,4.77,51585
164,4.775,4.79,4.775,4.78,21850
165,4.74,4.79,4.74,4.79,6267
166,4.75,4.75,4.75,4.75,200
167,4.7501,4.7501,4.7482,4.7482,4158
168,4.74,4.7514,4.74,4.7514,4596
169,4.73,4.73,4.73,4.73,200
170,4.73,4.73,4.73,4.73,2085
172,4.707,4.707,4.7,4.7,933
173,4.7169,4.7169,4.7169,4.7169,170
174,4.7,4.7,4.7,4.7,100
176,4.72,4.72,4.71,4.71,593
177,4.73,4.74,4.73,4.74,700
179,4.72,4.7353,4.72,4.7353,8500
180,4.72,4.72,4.72,4.72,1299
183,4.7,4.72,4.7,4.72,10193
288,4.65,4.65,4.65,4.65,636
291,4.65,4.6507,4.65,4.6507,1000
292,4.69,4.69,4.69,4.69,100
293,4.6801,4.6801,4.6801,4.6801,780
295,4.7359,4.75,4.7359,4.75,700
299,4.7516,4.7605,4.7516,4.7605,400
301,4.805,4.8376,4.7001,4.7069,13767
307,4.83,4.83,4.8,4.8,300
308,4.803,4.83,4.8,4.8,500
309,4.802,4.82,4.801,4.801,1000
311,4.8,4.83,4.8,4.83,2100
312,4.7864,4.7864,4.7864,4.7864,1500
314,4.8,4.8,4.8,4.8,100
315,4.8,4.8,4.79,4.79,10487
318,4.8,4.82,4.8,4.8,31225
319,4.79,4.8099,4.79,4.8,300
322,4.77,4.77,4.77,4.77,800
323,4.766,4.766,4.766,4.766,500
325,4.77,4.77,4.77,4.77,200
326,4.7999,4.8,4.78,4.7999,2256
327,4.76,4.8,4.76,4.78,4491
720,4.86,4.86,4.86,4.86,2200
721,4.8002,4.85,4.8,4.85,6000
722,4.79,4.79,4.79,4.79,100
723,4.77,4.77,4.77,4.77,300
724,4.7736,4.8,4.77,4.8,750
727,4.77,4.77,4.77,4.77,400
729,4.7872,4.7872,4.77,4.77,1900
730,4.77,4.77,4.77,4.77,100
731,4.77,4.775,4.77,4.7719,2283
732,4.77,4.77,4.73,4.7301,600
735,4.76,4.76,4.76,4.76,100
739,4.76,4.78,4.755,4.755,6100
744,4.755,4.755,4.755,4.755,100
745,4.7,4.76,4.66,4.755,11391
747,4.6801,4.6932,4.68,4.6932,1780
752,4.66,4.66,4.66,4.66,200
754,4.69,4.69,4.69,4.69,100
758,4.6899,4.69,4.6899,4.69,210
759,4.54,4.7,4.54,4.69,11169
865,4.5032,4.5206,4.45,4.52,9062
866,4.4,4.49,4.2965,4.466,32200
867,4.415,4.415,4.36,4.4,1200
868,4.3,4.41,4.3,4.41,1600
869,4.305,4.305,4.305,4.305,200
870,4.37,4.37,4.27,4.3,18368
871,4.38,4.38,4.35,4.37,20145
872,4.38,4.4,4.3,4.38,9565
873,4.4096,4.41,4.4,4.4,3428
876,4.36,4.36,4.36,4.36,4328
877,4.2508,4.335,4.25,4.335,3000
878,4.2,4.21,4.2,4.21,699
880,4.18,4.22,4.18,4.2,11050
881,4.18,4.2,4.18,4.2,28700
882,4.34,4.35,3.93,4.04,13765
883,4.15,4.15,4.15,4.15,300
884,4.16,4.25,4.16,4.25,250
886,4.09,4.16,4.04,4.16,1100
887,4.13,4.13,4.085,4.085,968
889,4,4.1,3.975,4.1,6437
890,3.9773,3.9881,3.95,3.95,2000
891,3.96,3.97,3.95,3.95,900
892,3.84,3.95,3.84,3.95,1007
893,3.9999,4,3.85,3.85,35199
894,4,4.05,3.95,4,9901
895,4.01,4.01,4,4,28510
896,4.01,4.01,3.95,3.95,10979
897,4.01,4.01,4,4.01,1500
898,4.08,4.093,4.08,4.093,1346
899,4.025,4.025,3.9908,3.9908,2218
900,4.1,4.12,4.1,4.12,1886
901,4.09,4.1,4.01,4.1,5027
902,4,4.06,3.99,4.06,19885
903,3.98,4,3.95,3.9907,7246
a1494423600,3.94,3.95,3.85,3.85,4907
1,3.95,3.95,3.85,3.8501,12849
2,3.95,3.95,3.932,3.95,3399
3,3.95,3.95,3.9349,3.95,600
4,3.98,3.98,3.9481,3.9481,1100
5,4,4,3.9648,3.98,882
6,4,4,4,4,820
7,3.9701,4,3.9701,4,300
8,4.05,4.1,4,4,2778
9,4.06,4.1,3.9901,3.9901,6096
10,4.1,4.1,4.0791,4.0791,266
11,4.085,4.085,4.085,4.085,100
12,4.09,4.1,4.09,4.097,300
13,4.11,4.11,4.08,4.1,7358
14,4.08,4.1,4.058,4.1,12018
15,4.06,4.1,4.06,4.08,4700
16,4.06,4.07,4.0547,4.0547,1150
18,4.1,4.1,4.07,4.07,2040
19,4.1901,4.2199,4.1,4.1,4100
20,4.2,4.2,4.2,4.2,5500
21,4.15,4.2,4.15,4.2,1760
23,4.16,4.16,4.155,4.16,2400
24,4.1565,4.16,4.15,4.1581,8407
25,4.097,4.16,4.097,4.155,3094
27,4.13,4.13,4.13,4.13,100
29,4.13,4.13,4.13,4.13,100
30,4.13,4.13,4.12,4.12,1600
31,4.1,4.12,4.1,4.12,1400
32,4.095,4.12,4.09,4.095,13003
33,4.12,4.12,4.1,4.1,1200
34,4.08,4.12,4.08,4.12,5832
35,4.08,4.1,4.08,4.09,2694
36,4.05,4.07,4.05,4.06,2866
37,4.07,4.07,4.05,4.06,2966
38,4.12,4.12,4.05,4.08,7245
143,4.12,4.12,4.12,4.12,339
150,4.1041,4.1041,4.1041,4.1041,129
151,4.1125,4.1125,4.1125,4.1125,500
152,4.0508,4.12,4.05,4.11,9100
153,4.065,4.065,4.065,4.065,200
154,4.065,4.065,4.065,4.065,200
157,4.08,4.08,4.08,4.08,100
160,4.062,4.062,4.062,4.062,483
161,4.065,4.08,4.065,4.08,200
162,4.08,4.08,4.08,4.08,2500
163,4.08,4.08,4.08,4.08,2281
165,4.14,4.22,4.14,4.22,200
166,4.19,4.19,4.14,4.179,391
169,4.19,4.19,4.19,4.19,100
173,4.17,4.17,4.17,4.17,100
174,4.16,4.17,4.16,4.17,200
175,4.1601,4.1601,4.16,4.16,700
179,4.22,4.22,4.22,4.22,100
180,4.2299,4.2299,4.2299,4.2299,200
181,4.24,4.24,4.18,4.23,1302
182,4.3,4.3,4.11,4.21,11744
288,4.1201,4.1201,4.1201,4.1201,666
290,4.24,4.24,4.24,4.24,100
291,4.2,4.2001,4.2,4.2001,600
293,4.23,4.2499,4.23,4.2499,749
294,4.35,4.36,4.22,4.23,1807
295,4.34,4.34,4.34,4.34,300
297,4.27,4.3299,4.25,4.3299,1000
298,4.29,4.29,4.27,4.27,5200
300,4.25,4.28,4.25,4.27,700
302,4.255,4.255,4.24,4.24,200
303,4.255,4.26,4.25,4.255,696
304,4.22,4.22,4.22,4.22,1700
307,4.27,4.27,4.22,4.22,1033
308,4.22,4.27,4.22,4.27,3667
310,4.2592,4.26,4.24,4.24,891
311,4.12,4.22,4.12,4.22,3600
312,4.1927,4.1927,4.11,4.1101,600
317,4.265,4.265,4.265,4.265,100
319,4.22,4.22,4.22,4.22,600
320,4.2,4.22,4.2,4.22,700
321,4.2,4.2,4.2,4.2,200
323,4.1325,4.1325,4.1253,4.1253,266
325,4.144,4.15,4.06,4.15,1397
326,4.07,4.185,4.07,4.185,1233
719,4.45,4.45,4.45,4.45,250
721,4.27,4.27,4.27,4.27,4500
723,4.25,4.25,4.25,4.25,100
725,4.255,4.255,4.255,4.255,100
726,4.1,4.15,4.1,4.15,1500
728,4.1,4.1,4.1,4.1,567
730,3.98,4.1825,3.98,4.1825,4399
731,3.858,3.98,3.858,3.98,2700
732,3.8699,3.87,3.8699,3.87,1994
735,4.0495,4.0495,4.0495,4.0495,100
736,4.0847,4.0847,4.0847,4.0847,100
737,4.09,4.09,4.09,4.09,100
741,3.99,4.04,3.99,4.04,1400
742,3.99,3.99,3.99,3.99,1000
743,3.88,3.99,3.88,3.99,4350
747,3.98,3.98,3.976,3.976,1000
748,3.95,3.95,3.95,3.95,11000
749,3.99,3.99,3.98,3.99,300
752,4.01,4.01,4,4.005,400
753,3.9647,3.9647,3.9647,3.9647,125
755,4,4,4,4,100
757,3.9,4,3.9,4,470
758,4.01,4.01,3.9,3.92,1359
863,4.45,4.45,4.45,4.45,420
864,4,4.2201,3.93,4.2201,1290
865,4,4.03,4,4,4003
866,3.9,3.9699,3.9,3.9699,4700
867,3.69,3.915,3.69,3.9,9225
868,3.7,3.8899,3.65,3.69,1000
869,3.8,3.8789,3.73,3.7334,3966
870,3.88,3.88,3.8,3.87,1200
871,3.8608,3.8608,3.8608,3.8608,950
872,3.8799,3.8799,3.8104,3.8104,1150
873,3.86,3.8748,3.82,3.82,3000
874,3.85,3.89,3.85,3.89,600
875,3.87,3.87,3.87,3.87,123
876,4,4,3.8,3.85,23901
877,3.9821,4,3.975,3.996,5079
878,3.91,4,3.85,3.9801,2700
879,3.95,3.95,3.9,3.9,700
880,3.95,3.975,3.95,3.975,800
881,3.95,3.97,3.95,3.95,800
882,3.85,4,3.85,3.9946,13876
883,3.91,3.91,3.91,3.91,1350
884,3.925,3.925,3.86,3.91,3647
885,3.87,3.91,3.86,3.86,900
886,3.86,3.86,3.86,3.86,100
889,3.86,3.86,3.86,3.86,300
890,3.87,3.89,3.85,3.86,8790
891,3.89,3.89,3.89,3.89,900
892,3.89,3.89,3.89,3.89,100
894,3.965,3.965,3.965,3.965,100
895,3.9,3.93,3.9,3.93,1000
896,3.9,3.9,3.9,3.9,100
897,3.92,3.92,3.904,3.92,10200
898,3.9,3.92,3.9,3.9,6600
899,3.9,3.92,3.9,3.9,800
900,3.9,3.927,3.9,3.925,3300
901,3.8,3.905,3.8,3.905,5353
902,3.8,3.93,3.8,3.8,4409
a1495027800,4.11,4.11,4.11,4.11,550
1,3.56,3.73,3.56,3.7138,3272
2,3.7,3.7,3.7,3.7,100
4,3.65,3.6899,3.65,3.65,3583
5,3.6744,3.6878,3.6744,3.6878,700
6,3.67,3.6763,3.65,3.6501,4253
7,3.6817,3.6817,3.67,3.67,1800
8,3.67,3.6782,3.65,3.65,1600
9,3.71,3.71,3.6952,3.6952,2432
10,3.67,3.7,3.67,3.7,4200
11,3.7752,3.78,3.6848,3.69,13854
12,3.92,3.96,3.754,3.7779,24682
13,3.685,3.89,3.685,3.84,1600
14,3.7,3.86,3.68,3.68,1900
15,3.8206,3.8206,3.68,3.68,706
16,3.735,3.865,3.735,3.865,200
18,3.735,3.865,3.735,3.865,1000
19,3.85,3.85,3.85,3.85,100
20,3.93,3.93,3.735,3.8695,9715
21,3.81,4.17,3.81,3.82,3600
22,3.81,3.81,3.81,3.81,300
23,3.88,3.88,3.846,3.846,266
24,3.87,3.9,3.82,3.88,3400
25,3.86,3.86,3.86,3.86,200
26,3.96,4.08,3.87,3.87,1926
27,3.7899,3.86,3.7388,3.85,11100
28,3.97,3.97,3.95,3.95,700
29,3.99,3.99,3.9,3.92,900
30,3.99,3.99,3.99,3.99,300
31,3.99,3.99,3.99,3.99,400
32,3.93,3.99,3.85,3.9,900
34,3.9,3.9,3.9,3.9,100
35,3.9,3.9,3.9,3.9,1900
36,4,4,3.986,3.986,350
37,3.9721,4,3.9721,4,1300
38,3.9,4,3.8999,4,3265
39,3.95,3.95,3.8722,3.9,14873
144,4,4,4,4,352
149,4,4,3.8,3.93,1300
150,3.89,3.95,3.89,3.95,400
151,3.86,3.86,3.86,3.86,100
152,3.92,3.99,3.9196,3.99,2300
153,3.9,3.926,3.9,3.926,1167
155,3.91,3.91,3.91,3.91,100
157,3.93,3.93,3.93,3.93,100
162,3.9451,3.9451,3.9451,3.9451,400
167,3.93,3.95,3.93,3.95,1700
168,3.95,3.95,3.95,3.95,100
171,3.96,3.96,3.96,3.96,499
173,3.9693,3.97,3.9693,3.97,400
174,3.9654,3.9654,3.9654,3.9654,200
177,3.98,3.98,3.9792,3.9792,1600
178,3.9889,3.99,3.9879,3.99,1700
179,3.98,3.98,3.98,3.98,400
288,4.24,4.24,4.24,4.24,900
292,3.94,4.04,3.9,3.91,500
293,3.93,3.93,3.93,3.93,600
294,3.93,3.93,3.93,3.93,400
295,3.93,3.93,3.93,3.93,200
296,3.96,3.96,3.93,3.96,600
298,3.93,3.94,3.93,3.935,1800
299,3.9,3.9,3.9,3.9,200
301,3.89,3.89,3.89,3.89,200
302,3.87,3.87,3.87,3.87,200
303,3.86,3.87,3.86,3.87,300
304,3.85,3.86,3.85,3.86,1400
305,3.86,3.86,3.86,3.86,100
306,3.945,3.945,3.71,3.73,600
308,3.86,3.86,3.86,3.86,300
309,3.86,3.86,3.86,3.86,200
310,3.86,3.905,3.86,3.905,300
311,3.86,3.89,3.86,3.89,1600
312,3.87,3.87,3.86,3.86,1300
313,3.86,3.87,3.86,3.87,200
314,3.86,3.91,3.86,3.91,200
315,3.885,3.9,3.885,3.885,500
316,3.885,3.885,3.885,3.885,400
317,3.885,3.885,3.885,3.885,300
318,3.9,3.9,3.885,3.885,500
319,3.91,3.91,3.9,3.9,1700
320,3.87,3.91,3.87,3.91,200
321,3.9,3.92,3.89,3.89,700
322,3.9,3.9,3.9,3.9,300
323,3.895,3.895,3.87,3.87,200
324,3.87,3.96,3.87,3.895,600
326,3.91,3.91,3.9,3.9,400
327,3.86,3.99,3.86,3.99,3600
721,4.02,4.02,4.02,4.02,100
722,3.82,3.902,3.82,3.902,6850
723,3.92,3.92,3.92,3.92,400
724,3.86,3.86,3.86,3.86,100
725,3.984,4,3.86,3.86,3645
726,4,4,3.99,3.99,1710
727,4.17,4.2474,3.99,3.99,1900
728,4.07,4.07,4.07,4.07,100
730,4.11,4.11,4.11,4.11,100
732,4.15,4.18,4.1375,4.1375,800
734,4.14,4.178,4.105,4.105,2500
735,4.15,4.15,4.15,4.15,100
738,4.15,4.15,4.15,4.15,100
740,4.1,4.13,4.055,4.13,700
741,4.04,4.04,4.04,4.04,706
744,4.12,4.12,4.12,4.12,200
745,4.1409,4.1409,4.1409,4.1409,1000
749,4.13,4.13,4.13,4.13,200
751,4.0305,4.12,4,4.12,2220
752,4.03,4.03,4.03,4.03,100
754,4.05,4.05,4.05,4.05,100
756,4.04,4.04,4.04,4.04,100
757,4.11,4.14,4.07,4.07,700
758,4.12,4.12,4.11,4.11,200
759,4.02,4.08,4.02,4.08,4100
864,4.24,4.24,4.24,4.24,275
865,4.27,4.27,4.22,4.22,1000
867,4.3,4.3,4.16,4.16,500
868,4.32,4.32,4.32,4.32,100
869,4.28,4.33,4.17,4.31,1198
870,4.22,4.305,4.03,4.25,2489
872,4.25,4.25,4.25,4.25,500
875,4.15,4.15,4.07,4.07,200
878,4.22,4.23,4.15,4.1506,725
879,4.15,4.15,4.15,4.15,100
880,4.13,4.13,4.13,4.13,100
885,4.03,4.12,4.03,4.08,300
886,4.08,4.08,4.08,4.08,100
895,4.15,4.15,4.15,4.15,100
902,4.22,4.22,4.114,4.114,1487
903,4.21,4.21,4.14,4.17,2157
a1495633800,4.25,4.26,4.17,4.17,900
1,4.3,4.3,4.2,4.2001,600
2,4.29,4.29,4.28,4.28,1801
3,4.24,4.3,4.19,4.2999,1800
4,4.3,4.3,4.3,4.3,100
5,4.26,4.26,4.26,4.26,100
6,4.21,4.3,4.21,4.3,871
8,4.211,4.211,4.211,4.211,100
10,4.19,4.29,4.19,4.27,1365
17,4.1809,4.1809,4.1809,4.1809,1000
23,4.2374,4.2374,4.2374,4.2374,450
24,4.19,4.19,4.19,4.19,100
27,4.2062,4.24,4.2062,4.24,300
28,4.19,4.19,4.14,4.18,2336
29,4.1751,4.18,4.1751,4.18,2100
33,4.1,4.104,4.1,4.104,1300
34,4.1,4.1,4.1,4.1,100
35,4.12,4.12,4.12,4.12,100
36,4.13,4.13,4.115,4.115,200
37,4.15,4.1524,4.1,4.1524,3436
142,4.07,4.07,4.07,4.07,1219
143,4.1489,4.1489,4.1489,4.1489,100
145,4.0956,4.0956,4.09,4.09,350
147,4.11,4.13,4.11,4.13,300
148,4.13,4.16,4.13,4.16,533
152,4.1,4.14,4.1,4.14,1000
153,4.0008,4.1001,4,4.1001,5394
154,4.06,4.06,3.95,3.95,200
155,4.06,4.06,4.06,4.06,300
156,4.09,4.1,3.95,4.07,2100
161,4.12,4.13,4.12,4.13,200
164,4,4.13,4,4.12,2200
165,4,4.06,4,4.06,900
166,4.19,4.19,4.19,4.19,100
172,4.26,4.26,4.26,4.26,100
173,4.1424,4.1424,4.1424,4.1424,500
175,4.19,4.19,4.19,4.19,100
178,4.15,4.15,4.145,4.145,575
180,4.19,4.19,4.15,4.15,1289
181,4.15,4.16,4.11,4.16,1384
286,4.12,4.12,4.12,4.12,110
287,3.9011,3.9011,3.9011,3.9011,475
289,4.03,4.03,4.03,4.03,200
291,4.0308,4.04,4.03,4.04,600
292,4,4,4,4,200
294,3.96,3.96,3.9,3.95,700
296,3.96,3.96,3.9074,3.9074,350
301,3.97,3.97,3.93,3.93,400
303,4.0075,4.015,3.955,3.99,1300
304,3.99,3.99,3.99,3.99,100
307,3.985,4.05,3.985,4.02,1100
309,4.015,4.015,4.015,4.015,200
319,4.04,4.04,4.04,4.04,100
324,3.99,4,3.98,4,825
325,4.02,4.03,3.95,3.95,11111
862,3.99,3.99,3.99,3.99,210
863,3.93,3.96,3.93,3.96,1200
864,3.9,3.99,3.9,3.99,4300
865,3.9,3.99,3.9,3.99,3000
866,3.9,3.99,3.9,3.97,800
867,3.9,3.9,3.9,3.9,500
868,3.94,3.97,3.9,3.97,5032
869,3.98,3.98,3.98,3.98,700
870,4.22,4.22,4.22,4.22,100
873,4,4,3.97,3.97,700
874,4,4,4,4,100
875,4,4,4,4,100
877,3.97,3.974,3.97,3.974,1200
878,3.97,3.97,3.97,3.97,200
879,3.99,3.99,3.99,3.99,300
881,3.98,3.98,3.969,3.97,1700
882,3.96,3.96,3.96,3.96,142
883,3.94,3.94,3.91,3.92,2434
891,3.95,3.95,3.95,3.95,100
894,3.89,3.91,3.89,3.91,1050
895,3.88,3.89,3.85,3.89,2850
898,3.88,3.88,3.88,3.88,200
899,3.88,3.88,3.88,3.88,400
900,3.87,3.87,3.86,3.87,300
901,3.89,3.91,3.85,3.86,3600
a1496237400,3.86,3.86,3.86,3.86,208
3,3.9,3.9,3.85,3.85,2300
11,3.94,3.94,3.94,3.94,312
13,3.85,3.855,3.85,3.8501,3528
15,3.86,3.86,3.845,3.845,200
22,3.94,3.94,3.85,3.86,4185
23,3.9,3.9,3.86,3.87,600
24,3.925,3.98,3.86,3.86,15315
25,3.92,3.92,3.86,3.86,700
26,3.91,3.91,3.88,3.88,400
27,3.86,3.86,3.86,3.86,500
28,3.915,3.93,3.87,3.9,500
29,3.84,3.91,3.84,3.86,5295
30,3.91,3.91,3.83,3.83,800
31,3.9,3.9,3.9,3.9,100
32,3.9,3.9,3.9,3.9,100
38,3.91,3.98,3.91,3.98,503
39,3.98,3.98,3.91,3.92,3003
144,3.95,3.95,3.95,3.95,127
145,3.98,3.98,3.98,3.98,500
146,3.95,3.95,3.95,3.95,300
147,3.97,3.98,3.965,3.965,1300
148,3.95,3.97,3.95,3.97,600
149,3.95,3.95,3.95,3.95,100
150,3.95,3.95,3.95,3.95,100
151,3.96,3.97,3.95,3.96,1600
152,3.95,3.95,3.95,3.95,200
153,3.96,3.96,3.95,3.95,200
156,3.98,3.98,3.95,3.9652,2500
160,3.95,3.96,3.95,3.96,2917
161,3.92,3.94,3.91,3.92,1700
162,3.956,3.956,3.945,3.945,719
163,3.955,3.96,3.95,3.96,600
164,3.96,3.96,3.96,3.96,100
166,3.95,3.98,3.9404,3.9404,5803
167,3.86,3.96,3.86,3.96,900
168,3.86,3.92,3.86,3.8713,1100
169,3.87,3.91,3.86,3.91,3700
170,3.9,3.9,3.9,3.9,300
171,3.89,3.92,3.89,3.92,2300
172,3.91,3.91,3.91,3.91,700
174,3.87,3.9139,3.87,3.9139,2400
175,3.9,3.9,3.9,3.9,100
177,3.9,3.9,3.9,3.9,100
178,4,4,3.9,3.9,400
179,3.94,4,3.94,4,300
181,4,4,4,4,100
182,3.94,3.94,3.94,3.94,100
183,3.94,4.006,3.91,4.006,1690
288,3.99,3.99,3.99,3.99,509
289,4.05,4.05,4.05,4.05,3224
290,4.05,4.116,4.05,4.05,2597
292,4.18,4.18,4.18,4.18,100
294,4.115,4.2,4.115,4.175,3700
296,4.12,4.12,4.12,4.12,100
297,4.17,4.17,4.17,4.17,100
298,4.17,4.17,4.1332,4.16,2400
299,4.18,4.18,4.17,4.17,800
301,4.1632,4.1632,4.15,4.15,400
302,4.15,4.15,4.15,4.15,3900
303,4.07,4.0812,4.06,4.0728,2600
304,4.07,4.07,4.05,4.05,700
305,4.08,4.08,4.08,4.08,500
306,4.09,4.09,4.08,4.09,2868
307,4.0965,4.13,4.07,4.13,5496
308,4.13,4.13,4.0999,4.0999,1700
309,4.12,4.12,4.12,4.12,100
310,4.12,4.12,4.1,4.1095,1250
311,4.12,4.12,4.12,4.12,100
312,4.1,4.11,4.1,4.11,1400
313,4.12,4.12,4.12,4.12,100
314,4.12,4.12,4.12,4.12,100
315,4.12,4.12,4.12,4.12,100
316,4.12,4.12,4.12,4.12,200
317,4.08,4.1,4.08,4.1,3000
318,4.1,4.1225,4.0717,4.08,4803
319,4.13,4.13,4.13,4.13,100
320,4.12,4.12,4.11,4.11,300
321,4.13,4.13,4.1134,4.1134,1700
322,4.115,4.115,4.115,4.115,100
323,4.13,4.13,4.1038,4.115,507
324,4.12,4.13,4.12,4.13,400
325,4.13,4.13,4.13,4.13,500
326,4.12,4.14,4.12,4.14,500
327,4.15,4.15,4.12,4.12,3740
720,4.18,4.18,4.18,4.18,300
722,4.25,4.25,4.25,4.25,100
726,4.15,4.17,4.15,4.17,4600
729,4.15,4.15,4.15,4.15,200
743,4.1377,4.1377,4.1377,4.1377,100
746,4.14,4.14,4.1287,4.14,5270
747,4.14,4.14,4.14,4.14,200
748,4.14,4.14,4.14,4.14,100
751,4.15,4.15,4.15,4.15,2059
756,4.2405,4.2405,4.2405,4.2405,300
758,4.26,4.28,4.26,4.28,400
759,4.28,4.28,4.28,4.28,292
864,4.25,4.25,4.25,4.25,100
865,4.12,4.2,4.12,4.2,1000
870,4.15,4.15,4.15,4.15,100
872,4.1912,4.1912,4.1912,4.1912,234
877,4.21,4.21,4.21,4.21,100
878,4.27,4.27,4.27,4.27,100
885,4.19,4.19,4.19,4.19,100
888,4.1602,4.1602,4.16,4.16,400
889,4.1,4.1001,4.1,4.1001,638
894,4,4.1,4,4.1,1700
895,3.99,4.01,3.95,4.0001,1909
896,3.98,4.0099,3.98,4.0099,1466
898,4,4,4,4,100
899,3.97,3.98,3.97,3.98,300
900,3.95,3.96,3.95,3.96,1200
901,3.95,3.95,3.95,3.95,100
903,4.08,4.08,3.91,3.95,5387
a1496842200,4.04,4.04,4.04,4.04,200
13,4.0369,4.0369,3.9499,3.95,500
26,4.0899,4.0899,4.0899,4.0899,200
27,4.01,4.01,4.01,4.01,100
28,4.01,4.01,4.01,4.01,200
30,4.08,4.08,4.0743,4.0743,200
31,4.0437,4.0437,4.0437,4.0437,110
34,4.05,4.05,4.05,4.05,100
35,4.04,4.05,4.03,4.05,300
37,4.06,4.06,4.03,4.03,300
38,4.04,4.04,4.04,4.04,100
39,4.05,4.07,4.01,4.05,901
144,4.05,4.05,4.05,4.05,361
146,4.1,4.1,4.1,4.1,100
147,4.0241,4.0241,4.0241,4.0241,1000
150,4.05,4.06,4.05,4.06,200
157,4.01,4.12,4.01,4.0653,1700
160,4.01,4.01,4.01,4.01,100
161,4.01,4.04,4.01,4.0399,2600
162,4.02,4.02,4.01,4.01,200
163,4.03,4.05,4.0241,4.0241,600
169,4.04,4.04,4.04,4.04,300
170,4.02,4.0214,4.02,4.0214,1900
172,4,4.01,4,4.01,2525
173,3.974,4,3.97,4,1139
174,3.97,3.98,3.97,3.98,1300
175,3.97,3.97,3.97,3.97,300
176,3.98,3.98,3.97,3.97,200
178,4.05,4.05,3.98,3.98,2800
179,4.15,4.2,4.05,4.05,3700
180,4.25,4.25,4.1578,4.1578,1108
181,4.2,4.2,4.2,4.2,100
182,4.1442,4.2,4.14,4.2,650
183,4.06,4.21,4.05,4.14,2567
288,4.03,4.03,4.03,4.03,101
289,4.04,4.04,4.02,4.02,300
290,4.03,4.03,4.03,4.03,100
295,4.1505,4.1505,4.15,4.15,900
303,4.12,4.12,4.12,4.12,400
306,4.07,4.12,4.07,4.1,2106
307,4.1,4.1,4.07,4.07,500
309,4.095,4.1174,4.095,4.1174,200
310,4.12,4.12,4.07,4.1,7008
311,4.07,4.1195,4.07,4.07,400
312,4.1,4.1,4.07,4.07,1879
315,4.07,4.07,4.07,4.07,100
317,4.07,4.07,4.07,4.07,100
318,4.1038,4.1038,4.1038,4.1038,100
319,4.07,4.07,4.07,4.07,300
320,4.07,4.07,4.07,4.07,100
321,4.07,4.07,4.07,4.07,200
323,4.09,4.09,4.09,4.09,100
324,4.16,4.16,4.07,4.09,300
325,4.07,4.07,4.07,4.07,200
327,4.015,4.18,4.015,4.12,918
720,3.98,3.98,3.98,3.98,107
721,4.0464,4.0464,3.9196,3.9196,2100
722,4.02,4.02,4.02,4.02,100
723,4.02,4.02,4.02,4.02,100
724,4.07,4.07,4.07,4.07,100
725,4.02,4.03,4.02,4.03,1000
726,4.01,4.01,4.01,4.01,200
728,4.02,4.02,4.02,4.02,100
729,4.02,4.02,4.01,4.02,400
734,4.02,4.02,4.02,4.02,800
735,4.02,4.02,4.02,4.02,300
736,4.025,4.0399,4.01,4.03,1203
737,4.01,4.0275,4.01,4.0264,3550
738,4.01,4.01,4.01,4.01,200
739,4.02,4.03,4.005,4.01,1100
740,4.0278,4.0278,4.0278,4.0278,500
743,4.06,4.06,4.0239,4.0239,1900
744,4.05,4.06,4.05,4.06,300
745,4.07,4.07,4.0501,4.0501,2600
746,4.06,4.07,4.055,4.06,900
747,4.11,4.11,4.07,4.07,400
749,4.12,4.12,4.12,4.12,300
750,4.1,4.2034,4.1,4.14,6600
751,4.19,4.19,4.11,4.17,500
752,4.23,4.24,4.19,4.19,3499
753,4.23,4.23,4.23,4.23,100
754,4.26,4.26,4.24,4.26,800
755,4.2423,4.26,4.2402,4.2402,2451
756,4.3,4.3,4.24,4.2445,14716
757,4.33,4.39,4.27,4.3077,9002
758,4.3,4.35,4.3,4.3149,8989
759,4.37,4.4,4.31,4.31,6561
864,4.3,4.3,4.3,4.3,1700
865,4.3699,4.3699,4.3656,4.3656,200
866,4.425,4.425,4.3625,4.37,3600
867,4.52,4.52,4.425,4.4355,7789
868,4.49,4.514,4.49,4.5,9400
869,4.61,4.61,4.5,4.505,4727
870,4.62,4.62,4.58,4.61,300
871,4.6,4.62,4.56,4.59,7950
872,4.73,4.73,4.6,4.6,9025
873,4.67,4.73,4.67,4.7152,8380
874,4.6635,4.6635,4.6635,4.6635,500
875,4.6601,4.6657,4.6601,4.6657,644
876,4.67,4.67,4.665,4.665,600
877,4.7,4.7,4.7,4.7,500
878,4.745,4.77,4.685,4.685,8837
879,4.745,4.75,4.74,4.75,6000
880,4.742,4.75,4.74,4.745,5900
881,4.65,4.75,4.65,4.74,11200
882,4.65,4.65,4.65,4.65,100
883,4.69,4.69,4.66,4.66,830
886,4.7,4.7,4.67,4.67,16100
887,4.74,4.75,4.7,4.71,11400
888,4.6612,4.74,4.6612,4.726,11100
889,4.73,4.73,4.73,4.73,100
891,4.71,4.7132,4.71,4.7132,700
892,4.65,4.7,4.65,4.7,500
893,4.66,4.66,4.66,4.66,100
894,4.6553,4.66,4.65,4.66,570
895,4.6599,4.66,4.6599,4.66,1500
896,4.7,4.72,4.7,4.7,2770
897,4.68,4.7001,4.68,4.7001,2500
898,4.6992,4.7,4.69,4.69,2800
899,4.7,4.7,4.68,4.69,10399
900,4.69,4.7,4.6897,4.69,3030
901,4.67,4.7,4.67,4.7,1400
902,4.63,4.68,4.63,4.68,2500
903,4.64,4.67,4.63,4.65,4694
a1497447000,4.6,4.6,4.6,4.6,121
1,4.6,4.65,4.6,4.6347,300
2,4.625,4.625,4.6,4.6,200
4,4.62,4.62,4.62,4.62,200
5,4.56,4.6068,4.56,4.6008,2000
6,4.5999,4.5999,4.5999,4.5999,100
7,4.57,4.57,4.57,4.57,200
9,4.61,4.61,4.61,4.61,100
12,4.6,4.6,4.6,4.6,487
13,4.56,4.56,4.56,4.56,100
14,4.56,4.56,4.56,4.56,100
15,4.5963,4.5963,4.5963,4.5963,425
16,4.56,4.56,4.56,4.56,200
17,4.56,4.575,4.56,4.56,2530
18,4.61,4.61,4.6,4.6,1000
22,4.58,4.58,4.58,4.58,100
23,4.57,4.57,4.57,4.57,300
24,4.6,4.6,4.57,4.5701,5600
25,4.57,4.57,4.57,4.57,100
26,4.57,4.57,4.57,4.57,200
28,4.58,4.5843,4.58,4.5843,400
29,4.615,4.615,4.58,4.58,10098
30,4.6154,4.6154,4.57,4.57,3260
32,4.59,4.59,4.59,4.59,685
33,4.595,4.6,4.595,4.6,3000
35,4.595,4.595,4.59,4.59,806
36,4.53,4.62,4.53,4.62,15769
37,4.65,4.65,4.65,4.65,300
39,4.31,4.59,4.31,4.59,2139
144,4.3,4.3,4.3,4.3,209
145,4.5175,4.5175,4.3,4.3,2300
147,4.51,4.51,4.51,4.51,100
150,4.47,4.49,4.47,4.49,600
152,4.43,4.48,4.43,4.48,500
153,4.53,4.65,4.45,4.45,11902
154,4.4667,4.4667,4.4667,4.4667,2000
155,4.53,4.53,4.53,4.53,800
158,4.46,4.46,4.46,4.46,100
159,4.5,4.5,4.5,4.5,200
160,4.6,4.64,4.575,4.575,4718
163,4.61,4.61,4.61,4.61,500
165,4.523,4.523,4.46,4.46,200
168,4.49,4.49,4.49,4.49,100
169,4.59,4.63,4.52,4.52,1900
170,4.5,4.59,4.42,4.5,28000
171,4.53,4.53,4.53,4.53,100
172,4.61,4.61,4.61,4.61,400
175,4.61,4.61,4.56,4.56,400
177,4.57,4.57,4.55,4.55,200
178,4.59,4.6,4.59,4.6,842
180,4.565,4.565,4.55,4.55,200
182,4.61,4.61,4.565,4.565,3561
183,4.68,4.68,4.61,4.61,5652
288,4.65,4.65,4.65,4.65,581
289,4.56,4.7,4.56,4.7,19806
290,4.6,4.6,4.6,4.6,100
291,4.53,4.53,4.53,4.53,100
292,4.54,4.5951,4.54,4.5951,200
293,4.55,4.59,4.55,4.59,300
294,4.54,4.54,4.53,4.54,3600
295,4.53,4.53,4.5101,4.5101,200
297,4.53,4.6,4.53,4.56,4551
298,4.52,4.52,4.52,4.52,200
300,4.52,4.52,4.52,4.52,783
301,4.51,4.51,4.51,4.51,300
311,4.5,4.5,4.5,4.5,200
312,4.52,4.52,4.52,4.52,100
323,4.46,4.46,4.46,4.46,300
326,4.44,4.51,4.44,4.51,851
327,4.17,4.44,4.16,4.44,25591
720,4.3,4.3,4.3,4.3,1591
721,4.3,4.5,4.3,4.5,1500
722,4.31,4.3168,4.31,4.31,1800
723,4.3,4.3002,4.3,4.3002,350
724,4.28,4.34,4.23,4.34,6500
725,4.29,4.29,4.29,4.29,1350
726,4.31,4.32,4.31,4.31,2600
727,4.3365,4.3499,4.3365,4.3499,1400
740,4.4,4.4,4.3899,4.39,2695
744,4.35,4.35,4.35,4.35,2195
746,4.377,4.377,4.377,4.377,400
753,4.39,4.4204,4.39,4.4204,1190
754,4.4171,4.42,4.41,4.42,300
757,4.5789,4.5789,4.4196,4.4196,12080
758,4.5099,4.5099,4.42,4.42,967
759,4.54,4.56,4.465,4.53,2641
864,4.5,4.5,4.5,4.5,100
865,4.5522,4.5522,4.5522,4.5522,100
885,4.44,4.44,4.44,4.44,100
887,4.46,4.46,4.4229,4.4229,400
891,4.37,4.41,4.37,4.41,501
892,4.39,4.39,4.3501,4.3501,1000
893,4.3839,4.3839,4.36,4.36,300
894,4.3736,4.3736,4.3736,4.3736,1250
895,4.3956,4.3956,4.3956,4.3956,100
899,4.38,4.38,4.36,4.36,300
903,4.35,4.3899,4.35,4.37,469
a1498051800,4.35,4.35,4.35,4.35,201
1,4.44,4.44,4.44,4.44,100
3,4.3372,4.3372,4.3,4.3,3190
4,4.3377,4.3377,4.3377,4.3377,220
5,4.3,4.3,4.3,4.3,200
8,4.3264,4.3264,4.3264,4.3264,1000
10,4.31,4.31,4.31,4.31,100
11,4.31,4.31,4.31,4.31,394
17,4.32,4.32,4.32,4.32,200
21,4.3,4.3,4.3,4.3,100
22,4.3,4.3,4.3,4.3,200
30,4.26,4.31,4.26,4.3,600
31,4.4,4.42,4.12,4.25,5882
32,4.4593,4.4593,4.4593,4.4593,137
33,4.4177,4.45,4.4177,4.4438,1433
34,4.41,4.41,4.41,4.41,100
35,4.37,4.37,4.37,4.37,400
37,4.3213,4.3213,4.2994,4.2994,200
39,4.49,4.5,4.3,4.3,2400
144,4.49,4.49,4.49,4.49,100
145,4.49,4.654,4.49,4.654,5500
146,4.4993,4.4993,4.49,4.49,200
148,4.5,4.5,4.5,4.5,556
149,4.534,4.534,4.47,4.47,684
150,4.5,4.5395,4.5,4.5395,2016
151,4.5062,4.5062,4.5062,4.5062,100
152,4.52,4.52,4.43,4.43,200
155,4.529,4.529,4.529,4.529,100
156,4.5292,4.53,4.485,4.485,700
157,4.53,4.53,4.53,4.53,100
158,4.53,4.53,4.53,4.53,100
159,4.5156,4.5302,4.5156,4.53,2400
161,4.4818,4.4818,4.4818,4.4818,500
162,4.49,4.49,4.49,4.49,100
164,4.4892,4.49,4.47,4.47,600
166,4.4511,4.4511,4.45,4.45,2100
170,4.45,4.45,4.45,4.45,880
171,4.44,4.44,4.44,4.44,500
172,4.4,4.4,4.4,4.4,200
173,4.4,4.4,4.4,4.4,200
174,4.4,4.4,4.4,4.4,100
175,4.4,4.4,4.4,4.4,100
177,4.4,4.44,4.4,4.44,1900
178,4.3516,4.3516,4.33,4.33,200
179,4.34,4.34,4.34,4.34,200
180,4.419,4.419,4.32,4.32,400
181,4.35,4.35,4.35,4.35,100
182,4.4586,4.4586,4.4586,4.4586,100
183,4.55,4.55,4.33,4.33,800
288,4.51,4.51,4.51,4.51,100
291,4.3508,4.353,4.35,4.35,2200
292,4.4,4.429,4.4,4.4,1700
294,4.4,4.4237,4.4,4.4,500
295,4.44,4.44,4.4082,4.41,2900
296,4.5211,4.5211,4.5211,4.5211,100
297,4.54,4.54,4.54,4.54,200
298,4.54,4.54,4.54,4.54,100
301,4.549,4.549,4.549,4.549,100
306,4.4608,4.4608,4.4608,4.4608,1166
307,4.5311,4.5311,4.5311,4.5311,100
308,4.4629,4.4629,4.4629,4.4629,100
310,4.539,4.539,4.539,4.539,100
315,4.5273,4.5273,4.5273,4.5273,100
322,4.53,4.5391,4.53,4.5391,200
324,4.53,4.55,4.53,4.55,494
325,4.52,4.52,4.52,4.52,100
326,4.52,4.52,4.51,4.51,1021
327,4.61,4.61,4.54,4.55,11260
720,4.56,4.56,4.56,4.56,400
721,4.6835,4.6835,4.6835,4.6835,100
725,4.6289,4.6289,4.6289,4.6289,500
726,4.625,4.625,4.5785,4.6,4500
730,4.6768,4.6768,4.6206,4.6206,1100
731,4.6887,4.6887,4.6887,4.6887,1000
733,4.673,4.673,4.673,4.673,145
738,4.6775,4.6775,4.6775,4.6775,2000
740,4.63,4.655,4.63,4.655,1067
741,4.6201,4.6201,4.6201,4.6201,167
742,4.655,4.655,4.655,4.655,400
743,4.66,4.67,4.66,4.67,2400
744,4.649,4.66,4.57,4.66,4289
750,4.66,4.66,4.66,4.66,100
751,4.61,4.645,4.6,4.645,1032
758,4.6199,4.6199,4.6199,4.6199,148
759,4.6,4.6,4.53,4.565,2700
864,4.55,4.55,4.55,4.55,206
865,4.6182,4.6182,4.468,4.468,300
868,4.5669,4.5669,4.5669,4.5669,100
889,4.5812,4.5812,4.5812,4.5812,100
892,4.52,4.52,4.52,4.52,100
893,4.5,4.5,4.5,4.5,2000
894,4.549,4.549,4.5,4.5,300
895,4.51,4.51,4.51,4.51,100
897,4.5,4.5,4.5,4.5,800
899,4.4699,4.4699,4.43,4.43,300
900,4.4787,4.4787,4.4699,4.47,700
901,4.47,4.47,4.47,4.47,100
903,4.48,4.48,4.4501,4.4501,762
a1498656600,4.43,4.43,4.43,4.43,430
1,4.599,4.599,4.599,4.599,100
2,4.5664,4.5664,4.4878,4.4878,5100
5,4.4598,4.46,4.459,4.459,4000
6,4.4995,4.4995,4.4995,4.4995,100
8,4.4604,4.4604,4.45,4.45,1050
9,4.4655,4.4655,4.45,4.45,200
10,4.45,4.45,4.45,4.45,100
13,4.4,4.4,4.4,4.4,100
16,4.4,4.4,4.4,4.4,100
17,4.484,4.484,4.484,4.484,100
18,4.45,4.45,4.45,4.45,100
20,4.45,4.45,4.45,4.45,100
22,4.45,4.45,4.45,4.45,100
23,4.46,4.46,4.46,4.46,100
25,4.45,4.465,4.45,4.465,200
27,4.46,4.46,4.45,4.45,357
28,4.45,4.45,4.45,4.45,100
30,4.42,4.42,4.42,4.42,100
32,4.42,4.42,4.42,4.42,378
38,4.4516,4.4516,4.41,4.41,702
39,4.46,4.46,4.44,4.45,800
144,4.4,4.4,4.4,4.4,312
145,4.5008,4.51,4.5008,4.51,200
148,4.4,4.4,4.4,4.4,100
149,4.4357,4.4357,4.4357,4.4357,100
151,4.4961,4.5,4.39,4.39,300
152,4.425,4.425,4.39,4.39,4200
154,4.3995,4.4,4.38,4.4,4600
155,4.36,4.3628,4.36,4.3628,700
156,4.42,4.42,4.36,4.36,900
157,4.458,4.458,4.43,4.43,700
169,4.4116,4.4116,4.36,4.36,400
170,4.38,4.38,4.38,4.38,100
171,4.4099,4.41,4.4099,4.41,200
180,4.36,4.36,4.36,4.36,100
181,4.37,4.39,4.37,4.39,300
183,4.4,4.405,4.3675,4.37,1130
289,4.6,4.6,4.6,4.6,100
293,4.42,4.52,4.42,4.45,800
294,4.42,4.42,4.42,4.42,100
295,4.41,4.41,4.41,4.41,100
297,4.41,4.41,4.41,4.41,100
299,4.4,4.4,4.4,4.4,100
303,4.41,4.41,4.41,4.41,300
306,4.51,4.51,4.45,4.45,400
307,4.5,4.5,4.5,4.5,183
308,4.5022,4.5022,4.5022,4.5022,100
310,4.5254,4.5254,4.5254,4.5254,141
311,4.5,4.51,4.5,4.5,3000
312,4.5,4.5,4.46,4.48,20100
313,4.5,4.5,4.49,4.49,1100
319,4.5501,4.5501,4.53,4.53,8900
326,4.55,4.5501,4.49,4.49,7385
327,4.57,4.57,4.55,4.55,1618
720,4.59,4.59,4.59,4.59,225
722,4.59,4.59,4.5499,4.5499,787
728,4.62,4.62,4.58,4.58,2000
729,4.63,4.63,4.63,4.63,350
730,4.62,4.62,4.62,4.62,100
732,4.5928,4.6247,4.58,4.62,11300
733,4.57,4.62,4.57,4.57,5200
735,4.55,4.56,4.55,4.56,1200
738,4.39,4.44,4.39,4.44,300
739,4.38,4.45,4.38,4.43,5800
740,4.45,4.46,4.43,4.44,1000
741,4.42,4.43,4.42,4.43,735
a1499261400,4.42,4.42,4.42,4.42,203
2,4.51,4.55,4.47,4.5198,14435
11,4.5,4.5,4.5,4.5,100
12,4.48,4.48,4.48,4.48,300
13,4.44,4.45,4.44,4.45,5500
15,4.405,4.42,4.405,4.42,1490
16,4.4005,4.4005,4.4005,4.4005,500
17,4.3999,4.4,4.38,4.4,1000
18,4.4,4.4,4.4,4.4,100
19,4.4,4.4,4.4,4.4,100
23,4.43,4.43,4.4,4.4,1691
24,4.4,4.4,4.4,4.4,100
25,4.4011,4.4011,4.4011,4.4011,1666
26,4.42,4.43,4.42,4.43,1100
28,4.4,4.4,4.4,4.4,300
33,4.43,4.43,4.43,4.43,100
37,4.4306,4.4306,4.4306,4.4306,1000
38,4.455,4.455,4.425,4.43,1442
39,4.5,4.5,4.5,4.5,200
