EXCHANGE%3DNASDAQ
MARKET_OPEN_MINUTE=570
MARKET_CLOSE_MINUTE=960
INTERVAL=600
COLUMNS=DATE,CLOSE,HIGH,LOW,OPEN,VOLUME
DATA=
TIMEZONE_OFFSET=-240
a1493127000,2.54,2.58,2.54,2.58,2885
1,2.604,2.61,2.5701,2.59,13431
2,2.63,2.63,2.61,2.61,3800
3,2.6,2.62,2.59,2.62,18036
4,2.6,2.61,2.59,2.6,18914
5,2.5761,2.6,2.545,2.6,19394
6,2.57,2.571,2.56,2.57,5181
7,2.59,2.59,2.565,2.57,8055
8,2.56,2.59,2.56,2.59,10965
9,2.565,2.57,2.56,2.56,4756
10,2.59,2.59,2.58,2.58,2425
11,2.6,2.6,2.58,2.59,6141
12,2.59,2.6,2.59,2.59,6501
13,2.61,2.61,2.585,2.585,9646
14,2.62,2.62,2.61,2.61,4985
15,2.61,2.62,2.59,2.62,27407
16,2.62,2.62,2.605,2.61,1900
17,2.6275,2.63,2.62,2.62,8160
18,2.6,2.62,2.6,2.62,11371
19,2.59,2.6064,2.59,2.6,4488
20,2.6,2.6,2.59,2.59,4901
21,2.61,2.61,2.6,2.6,1600
22,2.6,2.61,2.595,2.6,3876
23,2.6,2.6039,2.6,2.6,2400
24,2.6,2.6,2.59,2.6,2800
25,2.605,2.605,2.59,2.6,3500
26,2.6,2.605,2.6,2.6,2700
27,2.6,2.6,2.59,2.59,3700
28,2.605,2.61,2.59,2.595,1900
29,2.625,2.63,2.6029,2.6029,5840
30,2.62,2.63,2.62,2.62,900
31,2.61,2.63,2.61,2.63,5900
32,2.6,2.62,2.6,2.61,3300
33,2.615,2.62,2.6,2.6,4551
34,2.63,2.63,2.6129,2.62,13576
35,2.62,2.63,2.62,2.63,6266
36,2.605,2.63,2.6,2.63,18935
37,2.605,2.61,2.595,2.6,15521
38,2.61,2.61,2.6,2.605,5547
39,2.61,2.61,2.6,2.61,32170
144,2.6,2.6,2.6,2.6,2183
145,2.58,2.64,2.57,2.57,5617
146,2.5956,2.6028,2.57,2.5939,7729
147,2.61,2.6199,2.59,2.59,2350
148,2.62,2.62,2.6,2.6099,4265
149,2.6,2.6299,2.59,2.6299,13804
150,2.6299,2.63,2.6,2.6,3800
151,2.64,2.64,2.6299,2.63,2300
152,2.65,2.65,2.63,2.64,3645
153,2.6699,2.67,2.6401,2.6401,8187
154,2.63,2.67,2.62,2.67,17496
155,2.625,2.64,2.62,2.63,21126
156,2.63,2.635,2.62,2.62,7651
157,2.63,2.635,2.62,2.6299,4050
158,2.6,2.63,2.59,2.63,7596
159,2.61,2.61,2.595,2.595,3000
160,2.62,2.62,2.605,2.605,1504
161,2.63,2.63,2.62,2.62,2140
162,2.6236,2.63,2.6236,2.63,1168
163,2.63,2.63,2.62,2.62,1100
164,2.6299,2.64,2.61,2.63,26335
165,2.64,2.64,2.6299,2.63,1587
166,2.64,2.64,2.625,2.6399,2484
167,2.64,2.65,2.6399,2.6399,2800
168,2.6399,2.64,2.6399,2.64,1594
169,2.64,2.64,2.63,2.6399,5531
170,2.6375,2.64,2.6375,2.64,700
171,2.64,2.64,2.6301,2.6399,1400
172,2.64,2.64,2.62,2.6399,8469
173,2.62,2.64,2.62,2.64,6699
174,2.64,2.65,2.62,2.63,4423
175,2.64,2.65,2.63,2.6499,4818
176,2.66,2.67,2.64,2.64,17965
177,2.6699,2.67,2.66,2.67,3000
178,2.67,2.67,2.6523,2.665,10866
179,2.68,2.68,2.6616,2.67,10784
180,2.69,2.7,2.665,2.68,29769
181,2.68,2.7,2.675,2.685,7518
182,2.66,2.68,2.65,2.675,13229
183,2.67,2.67,2.655,2.66,68335
288,2.67,2.67,2.67,2.67,2355
289,2.63,2.68,2.63,2.66,3599
290,2.645,2.66,2.62,2.62,2600
291,2.63,2.645,2.63,2.645,452
292,2.59,2.65,2.575,2.65,36808
293,2.58,2.595,2.53,2.59,46544
294,2.55,2.59,2.55,2.59,6200
295,2.57,2.57,2.55,2.555,9084
296,2.59,2.59,2.56,2.57,5832
297,2.59,2.595,2.59,2.59,500
298,2.62,2.62,2.595,2.6,2100
299,2.62,2.62,2.62,2.62,100
300,2.62,2.62,2.62,2.62,200
301,2.62,2.62,2.61,2.62,2801
302,2.63,2.64,2.625,2.63,1400
303,2.625,2.63,2.62,2.63,1500
304,2.63,2.64,2.625,2.625,4356
305,2.65,2.65,2.64,2.64,1500
306,2.605,2.64,2.6,2.63,6292
307,2.615,2.615,2.59,2.6,2561
308,2.64,2.64,2.62,2.62,3000
309,2.635,2.64,2.63,2.63,300
310,2.63,2.64,2.61,2.64,17920
311,2.59,2.625,2.58,2.62,4794
312,2.61,2.61,2.6,2.6,1556
313,2.61,2.62,2.605,2.62,1600
314,2.61,2.62,2.61,2.61,5105
315,2.59,2.605,2.59,2.605,3132
316,2.57,2.59,2.57,2.59,13844
317,2.57,2.58,2.57,2.58,2975
318,2.57,2.58,2.57,2.58,2000
319,2.56,2.6,2.56,2.58,17086
320,2.57,2.58,2.56,2.57,21118
321,2.56,2.57,2.56,2.56,1800
322,2.56,2.565,2.55,2.56,10744
323,2.53,2.56,2.53,2.55,13752
324,2.525,2.53,2.51,2.53,24898
325,2.53,2.54,2.52,2.525,9923
326,2.54,2.545,2.52,2.52,3175
327,2.52,2.545,2.52,2.54,51849
432,2.58,2.58,2.53,2.53,4195
433,2.51,2.56,2.51,2.53,23798
434,2.5,2.52,2.5,2.51,6555
435,2.49,2.52,2.49,2.5,34699
436,2.491,2.5099,2.49,2.49,8978
437,2.455,2.4952,2.45,2.49,33357
438,2.45,2.49,2.45,2.455,29873
439,2.47,2.47,2.45,2.46,7852
440,2.46,2.475,2.455,2.47,15800
441,2.46,2.4625,2.45,2.46,14954
442,2.465,2.4674,2.4532,2.465,12531
443,2.45,2.46,2.45,2.46,8822
444,2.46,2.46,2.45,2.45,1600
445,2.45,2.46,2.45,2.45,2849
446,2.42,2.46,2.42,2.455,50842
447,2.4,2.43,2.4,2.42,27349
448,2.42,2.43,2.4,2.4,17337
449,2.405,2.41,2.4,2.4,5060
450,2.43,2.43,2.415,2.415,7163
451,2.41,2.43,2.405,2.4299,6921
452,2.42,2.42,2.405,2.4199,3188
453,2.43,2.44,2.4113,2.417,11586
454,2.4296,2.43,2.425,2.43,1300
455,2.44,2.44,2.42,2.42,8300
456,2.43,2.43,2.4201,2.43,4000
457,2.425,2.429,2.425,2.425,1100
458,2.425,2.43,2.425,2.43,800
459,2.425,2.43,2.4201,2.425,722
460,2.4275,2.4275,2.42,2.425,1600
461,2.425,2.43,2.42,2.43,1400
462,2.425,2.43,2.42,2.425,2102
463,2.425,2.435,2.42,2.425,4589
464,2.41,2.43,2.41,2.425,9598
465,2.41,2.42,2.41,2.41,2870
466,2.41,2.41,2.405,2.41,3000
467,2.415,2.42,2.415,2.415,1028
468,2.415,2.42,2.415,2.415,3846
469,2.42,2.43,2.42,2.42,10900
470,2.43,2.43,2.41,2.42,11059
471,2.42,2.43,2.41,2.425,65151
864,2.45,2.45,2.45,2.45,3886
865,2.45,2.475,2.4478,2.4525,3855
866,2.44,2.46,2.44,2.45,2143
867,2.44,2.4584,2.43,2.44,10378
868,2.43,2.45,2.43,2.43,3882
869,2.42,2.4399,2.42,2.43,22673
870,2.41,2.4199,2.4,2.4199,7832
871,2.42,2.427,2.4066,2.41,5621
872,2.42,2.42,2.41,2.41,2800
873,2.39,2.42,2.39,2.42,19145
874,2.39,2.3935,2.38,2.38,12812
875,2.385,2.3999,2.38,2.3999,6100
876,2.39,2.39,2.38,2.38,2700
877,2.35,2.4,2.35,2.39,21635
878,2.38,2.38,2.35,2.35,4700
879,2.37,2.38,2.37,2.38,900
880,2.39,2.39,2.37,2.371,8876
881,2.38,2.39,2.38,2.39,1011
882,2.36,2.3711,2.36,2.37,900
883,2.395,2.4,2.37,2.37,9570
884,2.39,2.4,2.38,2.4,10925
885,2.38,2.39,2.365,2.37,3284
886,2.3727,2.39,2.3727,2.39,1350
887,2.39,2.39,2.375,2.375,400
888,2.3885,2.4,2.3885,2.4,12751
889,2.385,2.39,2.38,2.39,2700
890,2.39,2.39,2.38,2.385,9140
891,2.3675,2.39,2.3675,2.38,23758
892,2.385,2.385,2.37,2.37,6613
893,2.39,2.41,2.385,2.385,25740
894,2.4,2.41,2.39,2.4,4080
895,2.37,2.4,2.365,2.4,18912
896,2.37,2.385,2.36,2.38,11497
897,2.36,2.38,2.36,2.3758,2500
898,2.35,2.37,2.35,2.365,11720
899,2.351,2.365,2.35,2.35,13468
900,2.35,2.3599,2.35,2.35,7800
901,2.35,2.36,2.35,2.35,5500
902,2.36,2.36,2.34,2.35,30163
903,2.37,2.37,2.355,2.36,35466
a1493731800,2.36,2.38,2.36,2.38,1402
1,2.36,2.3936,2.36,2.39,4800
2,2.34,2.38,2.33,2.3799,24332
3,2.3,2.35,2.3,2.3481,36795
4,2.32,2.33,2.32,2.32,4857
5,2.2901,2.33,2.29,2.33,14090
6,2.29,2.29,2.28,2.2868,4940
7,2.3,2.3077,2.2801,2.29,24057
8,2.32,2.32,2.3,2.3,7779
9,2.28,2.32,2.28,2.32,36594
10,2.3,2.3,2.28,2.28,19026
11,2.325,2.33,2.295,2.2975,25937
12,2.34,2.355,2.3203,2.33,25044
13,2.33,2.35,2.32,2.35,16844
14,2.38,2.38,2.33,2.34,18040
15,2.38,2.38,2.375,2.38,7700
16,2.375,2.38,2.375,2.38,2100
17,2.375,2.38,2.3701,2.375,1950
18,2.375,2.375,2.375,2.375,500
19,2.38,2.38,2.37,2.375,5612
20,2.375,2.375,2.37,2.37,500
21,2.375,2.38,2.3701,2.375,6859
22,2.365,2.375,2.36,2.375,1872
23,2.355,2.37,2.3514,2.37,11673
24,2.34,2.355,2.34,2.355,5551
25,2.325,2.345,2.325,2.345,9945
26,2.335,2.34,2.325,2.33,4800
27,2.3199,2.34,2.3,2.34,10681
28,2.32,2.325,2.31,2.32,2300
29,2.3,2.33,2.3,2.325,4857
30,2.3,2.31,2.3,2.3047,7874
31,2.3028,2.305,2.2934,2.3,15930
32,2.295,2.31,2.2915,2.2991,8890
33,2.3,2.3,2.295,2.295,6800
34,2.295,2.3,2.295,2.3,900
35,2.29,2.3,2.29,2.295,4544
36,2.28,2.295,2.25,2.2944,55302
37,2.28,2.29,2.2737,2.28,14813
38,2.3,2.3,2.2855,2.2855,5659
39,2.3,2.3,2.28,2.3,44166
144,2.27,2.27,2.27,2.27,2243
145,2.2666,2.28,2.25,2.28,9805
146,2.26,2.27,2.25,2.27,6200
147,2.21,2.27,2.21,2.26,13051
148,2.23,2.23,2.19,2.21,37780
149,2.2199,2.2398,2.21,2.23,17418
150,2.18,2.219,2.1501,2.21,20262
151,2.2099,2.22,2.185,2.185,5702
152,2.18,2.21,2.18,2.21,10133
153,2.1961,2.1961,2.165,2.18,23594
154,2.2164,2.2201,2.19,2.19,13894
155,2.2207,2.2207,2.2176,2.22,1850
156,2.21,2.23,2.21,2.23,3824
157,2.21,2.21,2.195,2.205,3967
158,2.216,2.22,2.21,2.21,3250
159,2.191,2.22,2.19,2.22,3602
160,2.19,2.195,2.18,2.19,3855
161,2.1899,2.19,2.185,2.19,2507
162,2.18,2.19,2.18,2.185,900
163,2.18,2.19,2.18,2.18,7400
164,2.19,2.19,2.18,2.18,6891
165,2.19,2.19,2.18,2.18,2405
166,2.185,2.19,2.18,2.18,500
167,2.19,2.19,2.18,2.18,4236
168,2.17,2.1899,2.17,2.18,12556
169,2.19,2.19,2.18,2.18,1895
170,2.19,2.19,2.17,2.18,8731
171,2.1853,2.19,2.18,2.18,1700
172,2.185,2.19,2.185,2.19,10667
173,2.18,2.19,2.175,2.19,4150
174,2.175,2.19,2.175,2.19,2825
175,2.17,2.18,2.17,2.1701,5116
176,2.1771,2.18,2.17,2.18,4900
177,2.17,2.18,2.17,2.17,3330
178,2.17,2.1799,2.17,2.17,10350
179,2.16,2.17,2.16,2.17,21557
180,2.16,2.17,2.16,2.16,7752
181,2.17,2.17,2.16,2.16,7100
182,2.17,2.17,2.15,2.169,27092
183,2.14,2.16,2.13,2.16,100789
288,2.08,2.08,2.08,2.08,10027
289,2.05,2.22,2.04,2.14,38131
290,2.01,2.08,2.01,2.08,29125
291,1.955,2.0269,1.92,2.0204,126772
292,2.03,2.03,1.95,1.96,41099
293,2.029,2.04,2.015,2.02,21034
294,1.995,2.03,1.988,2.025,21426
295,2.0001,2.01,1.995,2,17012
296,1.97,2.0002,1.97,2.0002,45375
297,1.97,1.98,1.96,1.96,15484
298,1.98,1.985,1.96,1.97,28471
299,1.98,1.99,1.975,1.98,20803
300,1.98,1.99,1.97,1.98,9606
301,1.99,1.99,1.98,1.98,8301
302,1.98,1.99,1.97,1.99,38522
303,1.98,1.98,1.97,1.97,28264
304,1.9701,1.98,1.97,1.98,27036
305,1.97,1.9799,1.97,1.97,12244
306,1.96,1.98,1.96,1.97,20420
307,1.9299,1.97,1.92,1.96,33243
308,1.925,1.93,1.92,1.925,21628
309,1.92,1.93,1.92,1.925,8023
310,1.92,1.93,1.92,1.93,7060
311,1.915,1.93,1.9101,1.925,15400
312,1.94,1.95,1.91,1.91,18782
313,1.93,1.9353,1.92,1.93,7700
314,1.97,1.97,1.93,1.93,24172
315,1.95,1.96,1.95,1.96,8818
316,1.96,1.98,1.95,1.95,23626
317,1.9601,1.98,1.95,1.9799,5750
318,1.95,1.967,1.95,1.96,7700
319,1.96,1.98,1.95,1.95,8338
320,1.94,1.97,1.93,1.965,27162
321,1.9599,1.97,1.94,1.95,6986
322,1.955,1.96,1.95,1.95,4883
323,1.95,1.96,1.95,1.9598,19210
324,1.95,1.96,1.95,1.95,12054
325,1.9399,1.95,1.93,1.95,23465
326,1.95,1.95,1.94,1.94,24575
327,1.935,1.95,1.93,1.945,49255
432,1.96,1.96,1.96,1.96,2022
433,1.97,1.9787,1.95,1.96,38504
434,1.9799,2,1.9658,1.9699,23638
435,1.96,1.975,1.95,1.975,20951
436,1.96,1.96,1.95,1.96,21382
437,1.94,1.96,1.94,1.96,3092
438,1.91,1.945,1.9,1.945,25725
439,1.8781,1.92,1.86,1.915,32220
440,1.88,1.88,1.8657,1.8657,11323
441,1.89,1.91,1.875,1.88,13032
442,1.8891,1.9,1.88,1.89,28287
443,1.89,1.8999,1.885,1.885,3300
444,1.88,1.9,1.88,1.9,2153
445,1.88,1.8858,1.88,1.88,2900
446,1.88,1.8852,1.88,1.88,2981
447,1.88,1.89,1.88,1.88,4190
448,1.885,1.885,1.88,1.88,1300
449,1.88,1.885,1.88,1.88,4400
450,1.88,1.89,1.88,1.89,2800
451,1.87,1.885,1.87,1.88,4501
452,1.87,1.88,1.87,1.87,3250
453,1.87,1.88,1.87,1.87,4035
454,1.87,1.88,1.87,1.87,1600
455,1.87,1.88,1.87,1.87,1100
456,1.87,1.88,1.87,1.87,13683
457,1.87,1.875,1.87,1.87,2800
458,1.86,1.8734,1.855,1.8734,17565
459,1.89,1.89,1.85,1.85,26249
460,1.87,1.89,1.86,1.885,14972
461,1.875,1.88,1.87,1.8798,2520
462,1.87,1.89,1.85,1.875,36070
463,1.865,1.865,1.86,1.86,1600
464,1.86,1.87,1.86,1.866,9700
465,1.87,1.87,1.86,1.86,3800
466,1.8699,1.88,1.86,1.88,3852
467,1.8661,1.87,1.86,1.87,4137
468,1.865,1.87,1.86,1.8634,2140
469,1.899,1.92,1.86,1.865,35371
470,1.9,1.92,1.9,1.9,9973
471,1.89,1.905,1.88,1.9,63145
865,1.9,1.93,1.9,1.9,33278
866,1.9,1.9271,1.9,1.92,11359
867,1.9,1.92,1.9,1.91,3173
868,1.87,1.9099,1.86,1.9099,27460
869,1.89,1.91,1.88,1.88,12642
870,1.885,1.8964,1.88,1.89,10550
871,1.87,1.887,1.87,1.885,12274
872,1.88,1.8801,1.87,1.87,4952
873,1.85,1.87,1.85,1.87,9845
874,1.84,1.8586,1.83,1.855,17119
875,1.84,1.855,1.83,1.84,33124
876,1.8211,1.848,1.82,1.848,7623
877,1.8361,1.84,1.815,1.82,18876
878,1.82,1.8392,1.82,1.83,25814
879,1.8,1.82,1.8,1.82,6558
880,1.814,1.82,1.8,1.8099,14032
881,1.8,1.8165,1.8,1.815,16998
882,1.8,1.8099,1.7982,1.8099,13413
883,1.81,1.815,1.8,1.8,8721
884,1.82,1.82,1.81,1.81,3247
885,1.8966,1.9203,1.8,1.81,74006
886,1.84,1.89,1.83,1.89,20400
887,1.83,1.84,1.82,1.84,24810
888,1.83,1.84,1.82,1.84,23355
889,1.83,1.835,1.82,1.82,14150
890,1.83,1.835,1.83,1.83,6599
891,1.88,1.89,1.83,1.83,51643
892,1.85,1.867,1.85,1.86,3830
893,1.85,1.855,1.835,1.85,8670
894,1.83,1.85,1.83,1.85,6570
895,1.83,1.835,1.83,1.83,7834
896,1.83,1.8361,1.83,1.83,1600
897,1.83,1.83,1.83,1.83,2400
898,1.83,1.8399,1.83,1.83,21398
899,1.84,1.85,1.83,1.83,14973
900,1.845,1.8467,1.84,1.845,5900
901,1.845,1.86,1.83,1.84,27555
902,1.845,1.85,1.84,1.845,28648
903,1.86,1.87,1.84,1.84,72809
a1494336600,1.89,1.89,1.89,1.89,2612
1,1.86,1.89,1.86,1.89,6958
2,1.81,1.86,1.8,1.86,14888
3,1.8372,1.84,1.81,1.81,5590
4,1.85,1.85,1.83,1.83,11556
5,1.84,1.845,1.84,1.845,2164
6,1.846,1.85,1.84,1.85,3544
7,1.8406,1.85,1.84,1.84,2750
8,1.85,1.856,1.84,1.84,16828
9,1.8886,1.89,1.84,1.84,29912
10,1.91,1.9301,1.87,1.88,36013
11,1.88,1.9125,1.87,1.9125,34819
12,1.85,1.8719,1.845,1.87,17499
13,1.8492,1.85,1.84,1.85,6700
14,1.856,1.86,1.84,1.845,3828
15,1.86,1.87,1.86,1.86,4076
16,1.86,1.8662,1.86,1.865,7886
17,1.86,1.87,1.86,1.87,700
18,1.86,1.865,1.86,1.86,600
19,1.8701,1.8701,1.865,1.865,5375
20,1.86,1.875,1.86,1.875,21550
21,1.875,1.88,1.86,1.86,7482
22,1.88,1.89,1.875,1.875,4198
23,1.85,1.88,1.85,1.88,11474
24,1.865,1.87,1.86,1.86,2900
25,1.87,1.87,1.86,1.86,8400
26,1.89,1.9,1.87,1.875,21216
27,1.89,1.89,1.89,1.89,1300
28,1.87,1.8899,1.87,1.88,2400
29,1.875,1.875,1.87,1.87,2166
30,1.8771,1.8771,1.86,1.87,5770
31,1.87,1.874,1.87,1.874,3700
32,1.88,1.88,1.87,1.87,9224
33,1.9401,1.95,1.87,1.875,203940
34,1.95,1.95,1.92,1.935,72092
35,1.99,2,1.94,1.94,78394
36,1.9765,1.99,1.97,1.981,54566
37,1.95,1.97,1.95,1.97,49564
38,1.95,1.96,1.95,1.9564,36546
39,1.97,1.99,1.95,1.955,90935
144,2.07,2.07,2.05,2.05,18428
145,2.07,2.15,2.05,2.05,106548
146,2.0751,2.1,2.07,2.07,41702
147,2.13,2.13,2.05,2.0701,65996
148,2.135,2.179,2.12,2.149,40962
149,2.1299,2.14,2.11,2.14,18650
150,2.1122,2.13,2.1122,2.125,28804
151,2.07,2.112,2.07,2.11,38853
152,2.0899,2.1,2.07,2.07,30324
153,2.065,2.0801,2.06,2.0801,16354
154,2.06,2.07,2.06,2.06,9980
155,2.07,2.0716,2.06,2.06,5300
156,2.074,2.0753,2.0601,2.0701,13885
157,2.06,2.0768,2.06,2.0768,20970
158,2.06,2.07,2.059,2.059,10874
159,2.07,2.08,2.05,2.0558,14039
160,2.1,2.3,2.0746,2.0746,183686
161,2.14,2.14,2.08,2.09,30501
162,2.1354,2.1457,2.12,2.14,16813
163,2.1411,2.19,2.137,2.14,42691
164,2.1501,2.16,2.15,2.15,13941
165,2.165,2.17,2.151,2.16,7872
166,2.1667,2.19,2.165,2.1678,21814
167,2.149,2.1722,2.141,2.1701,25920
168,2.18,2.186,2.15,2.15,22306
169,2.17,2.1892,2.16,2.17,13000
170,2.18,2.18,2.16,2.16,11729
171,2.17,2.18,2.17,2.17,10738
172,2.15,2.1601,2.14,2.16,9720
173,2.1161,2.1415,2.1161,2.1401,22368
174,2.12,2.13,2.111,2.111,10023
175,2.1199,2.12,2.11,2.11,8159
176,2.12,2.12,2.115,2.12,4800
177,2.11,2.1158,2.1,2.1158,5507
178,2.1,2.1137,2.1,2.11,3020
179,2.1,2.12,2.1,2.11,19437
180,2.1015,2.11,2.1,2.1,10040
181,2.09,2.1,2.08,2.09,25750
182,2.1101,2.12,2.09,2.1,15110
183,2.11,2.13,2.1001,2.116,81727
288,2.08,2.08,2.08,2.08,11346
289,2.06,2.12,2.05,2.11,21914
290,2.03,2.0699,2.01,2.0653,23265
291,1.93,2.0312,1.86,2.0312,134031
292,1.96,1.97,1.93,1.95,13745
293,1.956,1.97,1.95,1.96,5567
294,1.91,1.9547,1.91,1.95,22937
295,1.9,1.9187,1.875,1.91,13373
296,1.93,1.93,1.9038,1.9038,28785
297,1.92,1.93,1.92,1.93,14400
298,1.92,1.929,1.91,1.92,16934
299,1.91,1.9294,1.91,1.92,4110
300,1.9192,1.92,1.91,1.9183,19598
301,1.9171,1.9199,1.91,1.91,8620
302,1.91,1.92,1.91,1.9199,4750
303,1.91,1.9199,1.91,1.91,4200
304,1.91,1.92,1.91,1.91,6000
305,1.9199,1.92,1.91,1.92,14740
306,1.915,1.9183,1.91,1.9173,4000
307,1.91,1.9186,1.91,1.91,4964
308,1.91,1.91,1.91,1.91,200
309,1.91,1.9154,1.91,1.91,900
310,1.91,1.92,1.91,1.9189,3321
311,1.917,1.92,1.91,1.91,1441
312,1.92,1.92,1.91,1.915,4000
313,1.91,1.92,1.89,1.92,96476
314,1.9075,1.9099,1.9,1.9,900
315,1.88,1.9,1.88,1.9,13400
316,1.88,1.8894,1.88,1.8894,404
317,1.88,1.89,1.88,1.88,7005
318,1.885,1.89,1.88,1.885,11431
319,1.89,1.89,1.88,1.88,1500
320,1.88,1.89,1.88,1.8881,4266
321,1.885,1.8866,1.88,1.88,4809
322,1.88,1.89,1.88,1.88,2910
323,1.885,1.89,1.88,1.88,9561
324,1.87,1.885,1.87,1.88,20968
325,1.875,1.89,1.87,1.87,32460
326,1.885,1.89,1.87,1.875,33790
327,1.88,1.89,1.88,1.885,28145
432,1.88,1.88,1.88,1.88,6547
433,1.848,1.86,1.811,1.86,40086
434,1.86,1.86,1.82,1.83,12495
435,1.88,1.88,1.85,1.855,25855
436,1.89,1.89,1.8629,1.87,18505
437,1.87,1.89,1.85,1.88,22439
438,1.89,1.89,1.8583,1.87,11435
439,1.8899,1.9,1.88,1.89,3887
440,1.87,1.89,1.87,1.89,12074
441,1.875,1.88,1.87,1.88,3830
442,1.87,1.88,1.87,1.87,5993
443,1.88,1.88,1.87,1.875,5414
444,1.88,1.89,1.87,1.88,10405
445,1.88,1.88,1.87,1.88,7786
446,1.88,1.89,1.88,1.88,5430
447,1.8701,1.89,1.87,1.89,5928
448,1.89,1.89,1.87,1.88,11500
449,1.87,1.89,1.87,1.88,1600
450,1.88,1.89,1.87,1.89,6365
451,1.89,1.89,1.88,1.88,4600
452,1.9,1.91,1.8825,1.8851,6417
453,1.9,1.9,1.89,1.9,1500
454,1.9,1.91,1.89,1.89,10715
455,1.89,1.91,1.89,1.91,2700
456,1.91,1.91,1.89,1.9,8201
457,1.905,1.91,1.9,1.905,2300
458,1.905,1.91,1.9001,1.91,3500
459,1.91,1.92,1.905,1.91,10300
460,1.91,1.91,1.9,1.91,10300
461,1.925,1.93,1.9099,1.91,21156
462,1.94,1.94,1.92,1.93,7246
463,1.94,1.95,1.93,1.93,6659
464,1.94,1.95,1.935,1.9401,4422
465,1.945,1.95,1.94,1.94,2300
466,1.93,1.945,1.925,1.945,2859
467,1.905,1.93,1.9,1.93,11831
468,1.92,1.94,1.9,1.905,18274
469,1.915,1.92,1.91,1.915,6688
470,1.915,1.92,1.91,1.915,14450
471,1.91,1.92,1.91,1.915,24207
864,1.94,1.94,1.94,1.94,9904
865,1.925,1.93,1.91,1.93,3555
866,1.95,1.95,1.92,1.93,6341
867,1.95,1.96,1.945,1.945,12426
868,1.94,1.95,1.93,1.94,16164
869,1.9299,1.96,1.92,1.93,16945
870,1.92,1.92,1.91,1.92,5100
871,1.93,1.93,1.92,1.93,5275
872,1.915,1.93,1.91,1.925,3400
873,1.925,1.93,1.915,1.92,3954
874,1.9301,1.935,1.93,1.93,9379
875,1.91,1.93,1.91,1.925,2093
876,1.93,1.93,1.91,1.9118,14941
877,1.92,1.921,1.91,1.92,7676
878,1.92,1.93,1.915,1.92,7800
879,1.915,1.92,1.91,1.91,600
880,1.9,1.915,1.9,1.915,8817
881,1.9,1.9081,1.9,1.905,1800
882,1.9052,1.9052,1.9,1.905,2075
883,1.895,1.9019,1.895,1.9019,9654
884,1.88,1.9,1.88,1.895,9224
885,1.885,1.89,1.88,1.8807,900
886,1.88,1.88,1.88,1.88,400
887,1.875,1.89,1.8736,1.89,10240
888,1.875,1.875,1.87,1.875,1950
889,1.88,1.8876,1.87,1.875,11600
890,1.87,1.89,1.87,1.885,3440
891,1.87,1.88,1.86,1.8753,23034
892,1.86,1.8601,1.84,1.8601,41108
893,1.84,1.855,1.84,1.855,6500
894,1.815,1.85,1.81,1.8401,51680
895,1.845,1.87,1.82,1.825,16236
896,1.855,1.855,1.84,1.85,2800
897,1.8401,1.86,1.84,1.855,7852
898,1.845,1.845,1.84,1.84,4311
899,1.83,1.8572,1.82,1.84,29901
900,1.84,1.845,1.83,1.83,7661
901,1.83,1.84,1.825,1.83,20391
902,1.8399,1.84,1.82,1.84,6202
903,1.81,1.84,1.8,1.84,132947
a1494941400,1.85,1.85,1.85,1.85,6984
1,1.856,1.88,1.83,1.85,41120
2,1.86,1.86,1.85,1.85,900
3,1.86,1.88,1.86,1.86,7145
4,1.85,1.86,1.85,1.86,12578
5,1.81,1.862,1.8,1.862,33530
6,1.82,1.83,1.8,1.81,21185
7,1.82,1.825,1.81,1.82,2867
8,1.7901,1.81,1.79,1.81,30752
9,1.78,1.79,1.76,1.78,28819
10,1.7901,1.795,1.78,1.78,8249
11,1.807,1.807,1.7899,1.7973,10650
12,1.805,1.81,1.805,1.81,1670
13,1.81,1.82,1.8,1.8,12566
14,1.808,1.8199,1.805,1.81,11201
15,1.81,1.81,1.8,1.81,3727
16,1.805,1.8099,1.8,1.8,600
17,1.82,1.82,1.805,1.805,6002
18,1.8299,1.83,1.82,1.82,2016
19,1.83,1.83,1.82,1.82,400
20,1.82,1.825,1.82,1.82,1400
21,1.82,1.83,1.82,1.825,600
22,1.81,1.82,1.81,1.82,9087
23,1.81,1.815,1.81,1.815,800
24,1.81,1.82,1.81,1.81,1500
25,1.81,1.82,1.81,1.81,2965
26,1.81,1.815,1.81,1.815,631
27,1.815,1.815,1.8,1.81,6121
28,1.81,1.8187,1.81,1.81,1420
29,1.81,1.819,1.81,1.81,3500
30,1.81,1.82,1.8,1.81,18727
31,1.81,1.81,1.8,1.8,600
32,1.81,1.81,1.8,1.81,624
33,1.8,1.81,1.8,1.81,6000
34,1.8,1.81,1.8,1.805,1000
35,1.81,1.82,1.8,1.8,17063
36,1.81,1.82,1.81,1.81,14406
37,1.815,1.82,1.81,1.81,1800
38,1.82,1.83,1.81,1.81,20937
39,1.82,1.83,1.81,1.82,28159
144,1.8,1.8,1.8,1.8,5535
145,1.785,1.8,1.76,1.8,13130
146,1.7392,1.785,1.7,1.785,37809
147,1.74,1.749,1.737,1.7374,18166
148,1.75,1.7595,1.7399,1.74,14497
149,1.7575,1.76,1.75,1.76,6168
150,1.75,1.76,1.74,1.755,6157
151,1.74,1.7439,1.74,1.7433,23600
152,1.7401,1.75,1.74,1.7401,8730
153,1.75,1.75,1.74,1.74,2434
154,1.74,1.75,1.74,1.74,4600
155,1.74,1.7463,1.74,1.7401,1746
156,1.74,1.75,1.74,1.7453,6076
157,1.74,1.7486,1.74,1.74,3075
158,1.7401,1.7459,1.74,1.745,4233
159,1.75,1.75,1.74,1.745,5900
160,1.7463,1.75,1.7401,1.7401,1850
161,1.74,1.745,1.74,1.7435,4580
162,1.745,1.745,1.74,1.74,5506
163,1.74,1.7499,1.74,1.7499,2600
164,1.72,1.75,1.72,1.74,40387
165,1.725,1.7274,1.72,1.72,3785
166,1.71,1.73,1.71,1.72,13716
167,1.71,1.73,1.71,1.7101,21813
168,1.72,1.72,1.71,1.71,10257
169,1.72,1.7291,1.71,1.715,22063
170,1.72,1.73,1.71,1.7101,6100
171,1.72,1.73,1.7188,1.7201,14595
172,1.71,1.7296,1.71,1.7201,37649
173,1.71,1.72,1.7099,1.71,33600
174,1.71,1.71,1.7,1.71,12176
175,1.7,1.71,1.7,1.7,6141
176,1.68,1.71,1.68,1.7026,37649
177,1.6901,1.6901,1.68,1.68,6090
178,1.6801,1.7,1.68,1.69,14695
179,1.7001,1.7001,1.68,1.68,5993
180,1.72,1.72,1.705,1.71,6214
181,1.71,1.7201,1.71,1.715,16337
182,1.7,1.73,1.7,1.715,29997
183,1.7,1.71,1.695,1.705,92589
288,1.72,1.72,1.72,1.72,3313
289,1.71,1.73,1.709,1.72,5725
290,1.72,1.72,1.7,1.71,7062
291,1.71,1.7252,1.71,1.71,6126
292,1.71,1.7214,1.71,1.7214,7882
293,1.72,1.7282,1.71,1.71,1000
294,1.7,1.73,1.7,1.7226,24219
295,1.71,1.72,1.7,1.71,3400
296,1.705,1.71,1.705,1.71,3636
297,1.709,1.71,1.7,1.7,12228
298,1.7,1.7057,1.7,1.7,2600
299,1.7,1.7099,1.7,1.7,18279
300,1.69,1.69,1.69,1.69,300
301,1.7,1.7,1.69,1.69,1700
302,1.7,1.71,1.69,1.69,36699
303,1.69,1.7,1.69,1.7,2000
304,1.68,1.6993,1.68,1.69,7059
305,1.66,1.6899,1.66,1.68,19953
306,1.66,1.6699,1.66,1.66,8900
307,1.6699,1.6699,1.66,1.66,8415
308,1.66,1.6617,1.66,1.66,2741
309,1.65,1.66,1.65,1.66,22368
310,1.6599,1.66,1.65,1.65,3000
311,1.66,1.66,1.65,1.65,7758
312,1.67,1.68,1.6633,1.6633,11122
313,1.68,1.7,1.67,1.67,27320
314,1.68,1.6875,1.68,1.685,2300
315,1.7,1.71,1.685,1.69,21697
316,1.7107,1.7189,1.7,1.7,15381
317,1.71,1.71,1.7,1.71,9463
318,1.7143,1.715,1.705,1.705,5117
319,1.71,1.72,1.71,1.72,1500
320,1.71,1.72,1.71,1.71,3700
321,1.68,1.715,1.68,1.715,25922
322,1.695,1.7,1.68,1.69,16011
323,1.6707,1.7,1.67,1.7,12225
324,1.68,1.69,1.67,1.675,12084
325,1.674,1.68,1.67,1.67,3000
326,1.67,1.69,1.67,1.67,32643
327,1.67,1.68,1.66,1.67,141858
432,1.67,1.67,1.67,1.67,20606
433,1.67,1.7,1.67,1.6999,5900
434,1.74,1.76,1.68,1.69,41774
435,1.726,1.7597,1.71,1.73,20629
436,1.72,1.73,1.72,1.73,6655
437,1.705,1.715,1.705,1.71,6097
438,1.7,1.706,1.69,1.706,4612
439,1.69,1.7,1.6872,1.69,13817
440,1.686,1.699,1.68,1.699,10237
441,1.7,1.7,1.685,1.69,3478
442,1.69,1.7,1.69,1.7,2400
443,1.68,1.7,1.68,1.697,9000
444,1.7,1.7,1.685,1.69,3255
445,1.69,1.7,1.68,1.7,8960
446,1.695,1.7,1.68,1.69,20588
447,1.69,1.69,1.68,1.69,13942
448,1.69,1.69,1.685,1.685,2300
449,1.68,1.69,1.68,1.68,4400
450,1.69,1.69,1.68,1.69,5400
451,1.69,1.69,1.685,1.69,2089
452,1.69,1.69,1.68,1.69,4850
453,1.69,1.69,1.68,1.69,1200
454,1.685,1.69,1.68,1.68,3300
455,1.68,1.69,1.68,1.685,700
456,1.7049,1.71,1.68,1.68,22569
457,1.69,1.72,1.69,1.7186,22204
458,1.69,1.7,1.68,1.69,27309
459,1.69,1.69,1.68,1.68,5940
460,1.69,1.7,1.69,1.69,3001
461,1.68,1.69,1.68,1.69,11077
462,1.685,1.685,1.68,1.68,600
463,1.685,1.69,1.68,1.68,15547
464,1.68,1.69,1.68,1.685,4500
465,1.69,1.7,1.6801,1.685,3720
466,1.67,1.69,1.67,1.69,16315
467,1.65,1.67,1.65,1.67,43506
468,1.65,1.66,1.65,1.66,10400
469,1.64,1.66,1.62,1.66,84377
470,1.65,1.65,1.6401,1.65,10206
471,1.66,1.69,1.6401,1.6401,81774
864,1.66,1.66,1.66,1.66,1622
865,1.67,1.71,1.67,1.7,10334
866,1.6498,1.68,1.62,1.68,15543
867,1.64,1.65,1.64,1.6403,9515
868,1.64,1.65,1.64,1.6401,1000
869,1.64,1.647,1.64,1.645,1400
870,1.64,1.64,1.64,1.64,200
871,1.64,1.65,1.64,1.64,1900
872,1.6363,1.64,1.63,1.64,11722
873,1.62,1.6301,1.62,1.6301,7213
874,1.627,1.63,1.62,1.6242,2800
875,1.62,1.6225,1.62,1.62,3700
876,1.62,1.6201,1.62,1.6201,1810
878,1.605,1.63,1.6,1.63,32317
879,1.6099,1.6099,1.6,1.6063,2138
880,1.61,1.62,1.6019,1.61,11650
881,1.625,1.625,1.61,1.62,11792
882,1.622,1.63,1.62,1.62,8268
883,1.62,1.6299,1.62,1.625,2200
884,1.645,1.65,1.6299,1.6299,12700
885,1.63,1.64,1.63,1.64,12262
886,1.63,1.63,1.63,1.63,8800
887,1.63,1.63,1.63,1.63,1900
888,1.63,1.63,1.63,1.63,400
889,1.62,1.625,1.62,1.62,3900
890,1.62,1.63,1.62,1.63,10270
891,1.62,1.6281,1.62,1.625,2690
892,1.62,1.629,1.62,1.62,6700
893,1.63,1.63,1.623,1.623,3806
894,1.67,1.67,1.625,1.625,18277
895,1.685,1.69,1.66,1.66,26530
896,1.6926,1.7,1.675,1.6858,19083
897,1.6901,1.7,1.68,1.69,14258
898,1.715,1.725,1.69,1.69,62454
899,1.7,1.73,1.7,1.71,63917
900,1.69,1.7084,1.69,1.7,2700
901,1.7,1.71,1.694,1.695,17139
902,1.72,1.7325,1.7,1.7002,65730
903,1.73,1.73,1.72,1.7299,44876
a1495546200,1.75,1.75,1.75,1.75,6401
1,1.7465,1.7502,1.73,1.7502,14131
2,1.71,1.73,1.71,1.73,16640
3,1.71,1.71,1.6801,1.71,11500
4,1.715,1.715,1.7,1.7,33301
5,1.72,1.72,1.71,1.715,3472
6,1.7289,1.73,1.71,1.73,1385
7,1.72,1.72,1.7,1.71,7000
8,1.715,1.72,1.71,1.72,500
9,1.735,1.74,1.71,1.711,14423
10,1.73,1.755,1.7206,1.74,10063
11,1.735,1.75,1.72,1.72,10634
12,1.77,1.77,1.73,1.73,18867
13,1.7699,1.77,1.76,1.765,7546
14,1.76,1.77,1.76,1.76,8000
15,1.765,1.77,1.76,1.76,5400
16,1.76,1.77,1.76,1.77,800
17,1.75,1.76,1.75,1.76,3450
18,1.74,1.7591,1.74,1.75,14840
19,1.7364,1.74,1.73,1.74,1114
20,1.73,1.735,1.73,1.73,1700
21,1.735,1.735,1.73,1.73,9508
22,1.73,1.7393,1.73,1.73,8350
23,1.73,1.735,1.73,1.73,700
24,1.73,1.74,1.73,1.7395,1850
25,1.725,1.73,1.72,1.73,1200
26,1.72,1.725,1.72,1.725,1180
27,1.71,1.725,1.71,1.725,2486
28,1.715,1.72,1.7,1.715,7080
29,1.73,1.74,1.72,1.72,6280
30,1.7353,1.74,1.73,1.73,1500
31,1.73,1.735,1.73,1.73,800
32,1.7431,1.75,1.73,1.73,5973
33,1.74,1.745,1.74,1.74,900
34,1.77,1.775,1.74,1.7473,26161
35,1.76,1.77,1.76,1.77,8592
36,1.76,1.77,1.755,1.76,25409
37,1.76,1.77,1.755,1.76,8186
38,1.745,1.77,1.74,1.76,102381
39,1.74,1.7463,1.73,1.745,79615
144,1.73,1.73,1.73,1.73,2107
145,1.71,1.74,1.71,1.72,6974
146,1.7,1.7242,1.7,1.71,25425
147,1.7,1.7199,1.7,1.7,14825
148,1.71,1.71,1.7,1.7,18800
149,1.71,1.73,1.71,1.72,2600
150,1.71,1.7183,1.7,1.7183,900
151,1.7,1.72,1.7,1.701,3700
152,1.7,1.72,1.7,1.7174,3871
153,1.71,1.71,1.71,1.71,200
154,1.71,1.72,1.71,1.72,11000
155,1.71,1.71,1.71,1.71,300
156,1.72,1.72,1.715,1.715,2033
157,1.71,1.73,1.71,1.73,7773
158,1.71,1.7196,1.71,1.71,11663
159,1.7,1.71,1.7,1.71,16339
160,1.715,1.72,1.7,1.705,25139
161,1.71,1.715,1.7,1.71,8920
162,1.71,1.72,1.705,1.705,2639
163,1.71,1.72,1.71,1.71,700
164,1.7199,1.72,1.71,1.71,1300
165,1.71,1.715,1.71,1.71,400
166,1.71,1.7147,1.71,1.71,1935
167,1.7199,1.7199,1.71,1.71,785
168,1.7,1.715,1.7,1.715,5347
169,1.7,1.7,1.7,1.7,800
170,1.7,1.7099,1.7,1.7,5000
171,1.705,1.705,1.7,1.7,400
172,1.7,1.71,1.7,1.71,3256
173,1.7,1.705,1.7,1.705,1800
174,1.7,1.705,1.7,1.705,1600
175,1.7,1.7,1.7,1.7,2392
176,1.7,1.71,1.7,1.7,1600
177,1.7,1.71,1.7,1.7,1100
178,1.7,1.71,1.7,1.7,1600
179,1.7,1.7,1.7,1.7,2800
180,1.7,1.7096,1.7,1.7,11800
181,1.7,1.71,1.7,1.7,4600
182,1.7,1.7022,1.7,1.7,1400
183,1.71,1.71,1.7,1.7,16803
288,1.73,1.74,1.73,1.74,16368
289,1.7,1.739,1.69,1.72,44139
290,1.71,1.71,1.7,1.7,7634
291,1.7,1.72,1.7,1.71,17100
292,1.7,1.7051,1.7,1.7,2421
293,1.7,1.71,1.7,1.7,1284
294,1.7,1.7063,1.7,1.7,11387
295,1.7,1.7001,1.7,1.7,4766
296,1.7,1.71,1.7,1.7001,1400
297,1.7,1.71,1.7,1.703,5900
298,1.7,1.7062,1.7,1.7,1450
299,1.7099,1.7099,1.7,1.7,1941
300,1.7,1.7099,1.7,1.7,14013
301,1.695,1.701,1.695,1.7,8501
302,1.695,1.7,1.69,1.69,1795
303,1.7,1.71,1.69,1.6929,17249
304,1.7096,1.71,1.7,1.7,3511
305,1.7069,1.7069,1.7069,1.7069,100
306,1.7092,1.71,1.7,1.705,16256
307,1.7058,1.71,1.7,1.7,700
308,1.705,1.705,1.7,1.7,600
309,1.707,1.707,1.7,1.705,1250
310,1.7,1.705,1.695,1.705,14287
311,1.695,1.7,1.69,1.7,13481
312,1.7,1.7083,1.7,1.7,7700
313,1.7,1.71,1.695,1.705,9777
314,1.7,1.71,1.7,1.7,500
315,1.705,1.705,1.705,1.705,200
316,1.7099,1.7099,1.701,1.7017,6188
317,1.7,1.705,1.7,1.705,900
318,1.7,1.7,1.7,1.7,600
319,1.7,1.705,1.7,1.7,600
320,1.71,1.71,1.7,1.7,7166
321,1.7,1.705,1.7,1.705,3100
322,1.7,1.71,1.7,1.7,56555
323,1.7,1.71,1.7,1.7,15930
324,1.7,1.705,1.7,1.7,12130
325,1.7,1.71,1.7,1.7,12200
326,1.705,1.71,1.7,1.7,15105
327,1.7,1.71,1.69,1.7,96488
432,1.7,1.7,1.7,1.7,1983
433,1.71,1.72,1.7,1.7,6538
434,1.7,1.71,1.68,1.7099,16707
435,1.7,1.71,1.7,1.71,1200
436,1.7,1.73,1.7,1.7,22981
437,1.69,1.7,1.69,1.7,6650
438,1.695,1.699,1.69,1.69,6217
439,1.7,1.7,1.68,1.695,8017
440,1.7,1.7,1.68,1.69,9075
441,1.7,1.7,1.7,1.7,3168
442,1.705,1.71,1.7,1.7,2300
443,1.72,1.72,1.7,1.7,2120
444,1.71,1.73,1.71,1.72,3200
445,1.71,1.72,1.7,1.71,2444
446,1.7,1.72,1.7,1.71,2600
447,1.7,1.71,1.7,1.7,3900
448,1.6975,1.7,1.69,1.7,22106
449,1.71,1.71,1.7,1.7,800
450,1.71,1.71,1.7,1.71,2500
451,1.71,1.72,1.7,1.7,900
452,1.71,1.7134,1.7,1.7134,2700
453,1.71,1.71,1.7,1.71,700
454,1.7,1.715,1.7,1.7044,4337
455,1.71,1.71,1.705,1.705,3069
456,1.72,1.72,1.7,1.705,5923
457,1.71,1.72,1.7,1.7,6407
458,1.71,1.71,1.7,1.71,2142
459,1.71,1.71,1.7,1.7,3035
460,1.7,1.72,1.7,1.71,5817
461,1.71,1.72,1.7,1.71,7338
462,1.71,1.72,1.7,1.705,2982
463,1.7,1.71,1.7,1.7,7221
464,1.71,1.72,1.7,1.71,8329
465,1.71,1.72,1.71,1.71,10600
466,1.72,1.73,1.71,1.71,12020
467,1.71,1.73,1.7,1.73,7709
468,1.73,1.73,1.7,1.71,9653
469,1.7,1.73,1.7,1.72,9789
470,1.715,1.72,1.7,1.7,5014
471,1.72,1.73,1.71,1.72,75935
a1496151000,1.72,1.72,1.72,1.72,7790
1,1.7204,1.73,1.72,1.72,10202
2,1.72,1.735,1.72,1.725,11308
3,1.725,1.73,1.72,1.7242,3930
4,1.715,1.725,1.71,1.72,8440
5,1.71,1.7193,1.71,1.71,2380
6,1.7044,1.72,1.7,1.72,12912
7,1.705,1.71,1.7,1.705,900
8,1.706,1.71,1.7,1.705,2224
9,1.7,1.704,1.7,1.7,1100
10,1.7,1.7083,1.7,1.705,4105
11,1.7,1.7083,1.7,1.7,7800
12,1.69,1.7016,1.69,1.7,12731
13,1.69,1.7,1.69,1.695,4401
14,1.695,1.697,1.69,1.695,19070
15,1.7,1.7,1.69,1.69,4400
16,1.695,1.7,1.693,1.695,3000
17,1.705,1.71,1.695,1.695,6113
18,1.7064,1.7064,1.7,1.7,600
20,1.71,1.715,1.7,1.7,7000
21,1.705,1.705,1.7,1.705,2200
22,1.705,1.705,1.7,1.705,1093
23,1.7055,1.71,1.7,1.7001,2600
24,1.705,1.71,1.705,1.71,900
25,1.705,1.705,1.7,1.705,2300
26,1.705,1.705,1.7,1.705,1269
27,1.705,1.7075,1.705,1.7075,700
28,1.705,1.72,1.7,1.71,11100
29,1.705,1.71,1.705,1.71,300
30,1.7,1.71,1.695,1.71,8852
31,1.7,1.705,1.7,1.705,1600
32,1.705,1.705,1.7,1.7,11500
33,1.7,1.71,1.7,1.7,3500
34,1.7,1.71,1.7,1.705,1000
35,1.705,1.71,1.7,1.705,7000
36,1.705,1.71,1.7,1.7,8405
37,1.705,1.71,1.7,1.71,9871
38,1.75,1.765,1.7,1.705,401207
39,1.75,1.77,1.7269,1.751,284436
144,1.78,1.78,1.78,1.78,10264
145,1.76,1.81,1.76,1.79,36037
146,1.73,1.78,1.73,1.76,39029
147,1.71,1.7399,1.71,1.73,73371
148,1.72,1.735,1.695,1.71,53510
149,1.7174,1.743,1.71,1.72,22047
150,1.705,1.715,1.7,1.715,39016
151,1.7,1.71,1.7,1.7,21882
152,1.71,1.71,1.7,1.7,9164
153,1.71,1.71,1.695,1.7,27260
154,1.72,1.72,1.7,1.705,28800
155,1.71,1.72,1.71,1.715,9900
156,1.7,1.715,1.7,1.71,4300
157,1.7,1.71,1.7,1.7,20232
158,1.7065,1.71,1.7,1.705,5200
159,1.7,1.7085,1.7,1.7,12200
160,1.7,1.7072,1.7,1.7,17945
161,1.7,1.7099,1.7,1.7,19480
162,1.7,1.7074,1.69,1.7,21050
163,1.7,1.71,1.69,1.7,7531
164,1.7,1.7,1.695,1.7,7938
165,1.695,1.7099,1.69,1.7,19304
166,1.7,1.73,1.695,1.695,17500
167,1.705,1.71,1.7,1.7,8300
168,1.7,1.71,1.7,1.7,11218
169,1.7,1.71,1.69,1.7,9327
170,1.7,1.71,1.7,1.7,14344
171,1.7,1.71,1.7,1.7,10900
172,1.7,1.705,1.695,1.7,14200
173,1.7,1.71,1.7,1.705,9739
174,1.7,1.71,1.7,1.7,27360
175,1.7,1.706,1.7,1.7,4658
176,1.7,1.7,1.695,1.7,10064
177,1.7,1.71,1.695,1.7,11387
178,1.7,1.71,1.7,1.705,7700
179,1.7,1.71,1.7,1.7,15997
180,1.7,1.71,1.7,1.7,7378
181,1.7,1.71,1.7,1.7,11337
182,1.7,1.71,1.7,1.705,19906
183,1.71,1.72,1.695,1.7,87930
288,1.73,1.73,1.73,1.73,3337
289,1.71,1.75,1.71,1.75,14880
290,1.69,1.71,1.68,1.7,20732
291,1.69,1.71,1.68,1.68,38387
292,1.69,1.69,1.68,1.69,19600
293,1.7,1.7,1.68,1.69,11410
294,1.71,1.71,1.69,1.7,17000
295,1.7,1.71,1.7,1.7084,5050
296,1.69,1.705,1.69,1.7,9200
297,1.71,1.71,1.69,1.69,17700
298,1.7,1.71,1.7,1.71,2378
299,1.71,1.71,1.69,1.7,17957
300,1.71,1.72,1.705,1.705,4000
301,1.71,1.72,1.71,1.715,3300
302,1.71,1.72,1.71,1.71,5400
303,1.71,1.715,1.71,1.71,2900
304,1.71,1.7157,1.71,1.71,3091
305,1.715,1.72,1.71,1.71,4300
306,1.71,1.7195,1.71,1.715,6780
307,1.71,1.72,1.71,1.71,15111
308,1.7,1.71,1.7,1.71,9400
309,1.725,1.7299,1.71,1.71,11302
310,1.72,1.73,1.72,1.72,4200
311,1.72,1.73,1.72,1.7282,3635
312,1.725,1.73,1.72,1.72,6200
313,1.73,1.73,1.71,1.72,7081
314,1.7,1.725,1.69,1.725,23620
315,1.72,1.72,1.706,1.71,9567
316,1.71,1.72,1.71,1.71,2950
317,1.72,1.72,1.71,1.715,10674
318,1.73,1.75,1.72,1.72,14362
319,1.72,1.7399,1.72,1.73,6700
320,1.71,1.7264,1.71,1.72,5100
321,1.71,1.72,1.71,1.71,2900
322,1.71,1.72,1.7,1.71,5700
323,1.71,1.715,1.71,1.71,5550
324,1.71,1.715,1.7,1.7103,23082
325,1.71,1.715,1.71,1.715,6047
326,1.72,1.73,1.7,1.71,28252
327,1.73,1.745,1.71,1.72,96805
432,1.73,1.73,1.73,1.73,3118
433,1.75,1.75,1.73,1.73,2331
434,1.7602,1.77,1.74,1.75,9040
435,1.74,1.7582,1.74,1.75,3850
436,1.76,1.76,1.7349,1.7369,13050
437,1.7533,1.76,1.7428,1.76,1342
438,1.75,1.76,1.75,1.75,9579
439,1.7607,1.77,1.755,1.755,21586
440,1.79,1.79,1.77,1.77,49361
441,1.7801,1.79,1.78,1.78,17750
442,1.785,1.79,1.78,1.78,39688
443,1.79,1.79,1.78,1.7899,22300
444,1.78,1.79,1.78,1.78,21617
445,1.78,1.79,1.78,1.78,11700
446,1.78,1.79,1.78,1.78,36452
447,1.78,1.79,1.78,1.78,11571
448,1.78,1.78,1.78,1.78,27182
449,1.78,1.79,1.78,1.78,13550
450,1.78,1.7813,1.78,1.78,39453
451,1.78,1.78,1.78,1.78,6460
452,1.78,1.78,1.78,1.78,6400
453,1.78,1.78,1.78,1.78,6653
454,1.77,1.79,1.77,1.78,29503
455,1.78,1.79,1.77,1.77,26371
456,1.77,1.785,1.77,1.78,41770
457,1.78,1.79,1.78,1.78,13043
458,1.78,1.78,1.78,1.78,5610
459,1.77,1.79,1.77,1.78,18742
460,1.78,1.78,1.77,1.77,9582
461,1.78,1.78,1.78,1.78,19339
462,1.78,1.79,1.77,1.78,11665
463,1.78,1.79,1.78,1.78,10028
464,1.78,1.78,1.78,1.78,8177
465,1.78,1.79,1.78,1.78,17516
466,1.78,1.795,1.78,1.78,45226
467,1.79,1.835,1.78,1.79,56619
468,1.85,1.85,1.79,1.79,101788
469,1.85,1.86,1.8419,1.85,130246
470,1.85,1.86,1.84,1.85,121197
471,1.91,1.91,1.85,1.85,482722
864,1.91,1.91,1.9,1.91,12260
865,1.8614,1.92,1.85,1.91,43982
866,1.82,1.88,1.82,1.85,40337
867,1.8104,1.84,1.8,1.84,26243
868,1.78,1.8143,1.78,1.81,36718
869,1.79,1.79,1.7628,1.7839,49332
870,1.8099,1.8099,1.774,1.79,28903
871,1.795,1.82,1.79,1.79,9630
872,1.76,1.81,1.76,1.8,27055
873,1.737,1.765,1.725,1.76,66271
874,1.7313,1.74,1.71,1.73,22025
875,1.7332,1.74,1.73,1.7399,32401
876,1.73,1.74,1.73,1.735,1964
877,1.735,1.735,1.73,1.73,2200
878,1.7399,1.7399,1.7338,1.7338,700
879,1.7378,1.7399,1.73,1.735,13700
880,1.735,1.74,1.73,1.73,30208
881,1.7393,1.74,1.7324,1.74,10768
882,1.75,1.76,1.735,1.735,32905
883,1.7561,1.76,1.75,1.75,18639
884,1.7599,1.765,1.755,1.76,12432
885,1.755,1.76,1.7523,1.76,15618
886,1.7594,1.76,1.75,1.7548,10800
887,1.75,1.76,1.75,1.75,600
888,1.74,1.7579,1.74,1.75,23111
889,1.745,1.745,1.74,1.741,9997
890,1.751,1.76,1.74,1.745,29114
891,1.7573,1.76,1.75,1.755,5200
892,1.75,1.7599,1.75,1.7599,8312
893,1.75,1.751,1.75,1.75,3700
894,1.75,1.76,1.75,1.75,4500
895,1.75,1.76,1.75,1.75,9050
896,1.76,1.76,1.75,1.7599,950
897,1.7599,1.76,1.75,1.76,20843
898,1.76,1.76,1.75,1.755,11900
899,1.75,1.76,1.75,1.755,3746
900,1.75,1.7582,1.75,1.755,11062
901,1.75,1.76,1.75,1.75,8750
902,1.75,1.76,1.75,1.76,23958
903,1.76,1.76,1.75,1.755,34230
a1496755800,1.77,1.77,1.77,1.77,2521
1,1.775,1.7872,1.77,1.78,7585
2,1.7501,1.78,1.75,1.7763,35079
3,1.76,1.76,1.75,1.75,16615
4,1.75,1.755,1.75,1.755,1611
5,1.75,1.76,1.75,1.76,906
6,1.735,1.7594,1.73,1.755,31069
7,1.7487,1.759,1.73,1.73,36036
8,1.7301,1.745,1.73,1.7448,28186
9,1.6899,1.73,1.68,1.73,65689
10,1.7,1.72,1.685,1.6874,36625
11,1.7064,1.71,1.705,1.71,2619
12,1.72,1.72,1.71,1.71,4600
13,1.71,1.72,1.71,1.72,500
14,1.715,1.72,1.71,1.71,4700
15,1.717,1.72,1.71,1.7195,12493
16,1.71,1.72,1.71,1.72,2150
17,1.72,1.72,1.71,1.72,500
18,1.715,1.715,1.71,1.71,200
19,1.715,1.72,1.7128,1.7199,18919
20,1.715,1.72,1.71,1.715,1905
21,1.715,1.715,1.71,1.715,2400
22,1.71,1.715,1.7001,1.7125,31686
23,1.69,1.701,1.68,1.701,55150
24,1.69,1.7,1.69,1.69,6350
25,1.69,1.695,1.69,1.695,2000
26,1.68,1.69,1.68,1.69,21347
27,1.7,1.7,1.6805,1.6816,12430
28,1.71,1.71,1.6946,1.7,23490
29,1.7,1.71,1.7,1.71,45664
30,1.71,1.71,1.7,1.7,23800
31,1.72,1.72,1.7,1.71,33530
32,1.715,1.72,1.715,1.72,1000
33,1.71,1.72,1.7,1.72,3200
34,1.715,1.72,1.701,1.701,15987
35,1.72,1.72,1.713,1.715,7800
36,1.71,1.72,1.71,1.72,9145
37,1.7,1.715,1.7,1.71,6400
38,1.69,1.705,1.69,1.705,25670
39,1.69,1.7,1.68,1.697,96792
144,1.71,1.71,1.71,1.71,4479
145,1.66,1.72,1.66,1.7,23927
146,1.6218,1.66,1.61,1.65,48675
147,1.64,1.6499,1.62,1.62,27873
148,1.63,1.65,1.63,1.645,16545
149,1.66,1.66,1.63,1.63,17385
150,1.675,1.69,1.65,1.6536,19186
151,1.6774,1.68,1.6736,1.6799,5050
152,1.7099,1.71,1.68,1.68,35966
153,1.7,1.71,1.69,1.705,17738
154,1.705,1.71,1.7,1.7,9374
155,1.71,1.725,1.71,1.71,6749
156,1.7014,1.7199,1.69,1.7199,16797
157,1.72,1.72,1.71,1.71,6518
158,1.7099,1.7219,1.7027,1.72,11043
159,1.71,1.71,1.7027,1.7027,3200
160,1.72,1.72,1.705,1.705,10480
161,1.71,1.72,1.71,1.72,7000
162,1.72,1.72,1.72,1.72,400
163,1.72,1.72,1.71,1.72,2500
164,1.72,1.72,1.72,1.72,1300
165,1.7199,1.72,1.7101,1.72,7109
166,1.72,1.72,1.719,1.719,217
167,1.72,1.72,1.715,1.72,4400
168,1.705,1.7195,1.7,1.715,7900
169,1.7,1.703,1.7,1.7,31859
170,1.7,1.71,1.7,1.7,8987
171,1.7,1.7004,1.7,1.7,7511
172,1.7,1.7033,1.7,1.7,9054
173,1.7,1.705,1.7,1.7034,7858
174,1.72,1.73,1.7,1.7,20839
175,1.75,1.75,1.72,1.73,7438
176,1.74,1.76,1.74,1.75,7070
177,1.71,1.75,1.71,1.75,5600
178,1.74,1.74,1.725,1.73,1474
179,1.752,1.76,1.74,1.74,13610
180,1.73,1.76,1.72,1.76,5418
181,1.73,1.74,1.73,1.73,5674
182,1.735,1.74,1.72,1.72,9460
183,1.73,1.74,1.72,1.73,55121
288,1.73,1.73,1.73,1.73,8045
289,1.71,1.755,1.7048,1.7299,2286
290,1.7201,1.75,1.71,1.7151,6550
291,1.72,1.72,1.72,1.72,300
292,1.74,1.74,1.72,1.72,18436
293,1.75,1.75,1.72,1.74,3742
294,1.75,1.76,1.74,1.75,7295
295,1.75,1.75,1.75,1.75,3400
296,1.8,1.8,1.75,1.75,17186
297,1.81,1.82,1.78,1.7991,24394
298,1.82,1.82,1.8,1.8099,19700
299,1.83,1.83,1.81,1.82,16306
300,1.84,1.84,1.82,1.83,9470
301,1.84,1.84,1.8304,1.84,5950
302,1.84,1.85,1.84,1.84,13254
303,1.83,1.85,1.83,1.85,37763
304,1.84,1.84,1.815,1.83,30253
305,1.84,1.85,1.83,1.83,24335
306,1.84,1.84,1.8301,1.84,9354
307,1.79,1.84,1.79,1.83,19111
308,1.8,1.8,1.79,1.79,8250
309,1.79,1.81,1.79,1.8,25157
310,1.81,1.81,1.7901,1.7901,5300
311,1.84,1.84,1.81,1.81,33600
312,1.83,1.845,1.825,1.84,28462
313,1.8301,1.84,1.82,1.83,5412
314,1.84,1.84,1.83,1.8317,1689
315,1.83,1.84,1.83,1.84,1100
316,1.83,1.84,1.82,1.84,10168
317,1.83,1.83,1.82,1.82,200
318,1.825,1.83,1.8205,1.8205,4100
319,1.81,1.82,1.81,1.82,2104
320,1.805,1.82,1.805,1.82,5500
321,1.82,1.82,1.81,1.81,3370
322,1.83,1.83,1.81,1.82,13217
323,1.805,1.825,1.79,1.8239,36326
324,1.79,1.805,1.79,1.8,5763
325,1.805,1.805,1.79,1.79,9602
326,1.771,1.805,1.771,1.8,9126
327,1.78,1.79,1.77,1.78,84369
432,1.8,1.8,1.78,1.78,3818
433,1.79,1.82,1.77,1.78,17875
434,1.8,1.82,1.78,1.79,16315
435,1.79,1.81,1.775,1.81,30939
436,1.7773,1.78,1.77,1.77,2211
437,1.7497,1.77,1.73,1.77,8800
438,1.74,1.7582,1.74,1.75,1900
439,1.75,1.7599,1.74,1.759,23562
440,1.77,1.77,1.76,1.76,1614
441,1.79,1.79,1.765,1.77,18355
442,1.7906,1.8,1.78,1.7839,9032
443,1.81,1.817,1.7926,1.8,4689
444,1.81,1.81,1.805,1.81,6797
445,1.82,1.82,1.805,1.81,6539
446,1.825,1.835,1.82,1.82,22336
447,1.83,1.83,1.83,1.83,600
448,1.8,1.82,1.8,1.82,14462
449,1.78,1.8,1.78,1.8,7700
450,1.795,1.8,1.79,1.79,1700
451,1.8,1.81,1.79,1.8,15424
452,1.8128,1.82,1.8,1.8,6400
453,1.8,1.82,1.8,1.81,16640
454,1.8,1.81,1.79,1.795,6200
455,1.8,1.82,1.79,1.8,30797
456,1.79,1.8,1.7813,1.795,6714
457,1.79,1.8,1.79,1.79,2100
458,1.8,1.8,1.7801,1.79,2283
459,1.79,1.795,1.78,1.79,4377
460,1.76,1.78,1.76,1.78,17910
461,1.7754,1.78,1.76,1.76,9084
462,1.79,1.79,1.7799,1.7799,4000
463,1.78,1.8,1.77,1.8,10000
464,1.75,1.78,1.74,1.78,12003
465,1.76,1.77,1.74,1.75,8749
466,1.78,1.78,1.77,1.77,6236
467,1.79,1.805,1.78,1.78,12848
468,1.79,1.79,1.79,1.79,2166
469,1.76,1.785,1.76,1.78,24766
470,1.76,1.77,1.76,1.76,4616
471,1.78,1.78,1.76,1.765,66798
864,1.75,1.75,1.75,1.75,18694
865,1.8,1.8,1.73,1.75,9888
866,1.79,1.79,1.77,1.77,6900
867,1.76,1.78,1.76,1.7757,9802
868,1.74,1.77,1.74,1.77,51505
869,1.78,1.78,1.74,1.74,3810
870,1.73,1.76,1.73,1.76,11080
871,1.73,1.73,1.73,1.73,1100
872,1.755,1.76,1.74,1.74,4799
873,1.75,1.77,1.745,1.76,7954
874,1.755,1.77,1.75,1.76,17630
875,1.75,1.76,1.75,1.755,5041
876,1.76,1.7618,1.745,1.75,8548
877,1.77,1.77,1.75,1.76,15537
878,1.78,1.78,1.77,1.77,3648
879,1.8,1.8,1.78,1.78,5910
880,1.81,1.81,1.8,1.8,13159
881,1.78,1.81,1.78,1.8,8699
882,1.775,1.78,1.77,1.78,1000
883,1.78,1.78,1.77,1.7724,3051
884,1.78,1.78,1.78,1.78,1359
885,1.78,1.78,1.775,1.775,800
886,1.77,1.78,1.77,1.78,10373
887,1.76,1.77,1.76,1.77,5600
888,1.77,1.77,1.76,1.77,1000
889,1.77,1.78,1.7699,1.77,12020
890,1.79,1.8,1.7799,1.78,13431
891,1.77,1.79,1.76,1.785,17935
892,1.78,1.78,1.77,1.77,2500
893,1.78,1.78,1.74,1.77,28307
894,1.78,1.78,1.77,1.78,8157
895,1.78,1.8,1.7715,1.78,10143
896,1.77,1.78,1.765,1.78,2455
897,1.7507,1.77,1.75,1.77,10427
898,1.76,1.76,1.75,1.75,10111
899,1.75,1.76,1.74,1.76,11030
900,1.74,1.75,1.74,1.74,10757
901,1.74,1.74,1.73,1.74,14044
902,1.74,1.74,1.73,1.74,12912
903,1.74,1.75,1.74,1.74,47165
a1497360600,1.74,1.74,1.74,1.74,1921
1,1.73,1.75,1.73,1.74,9700
2,1.7399,1.75,1.71,1.72,18300
3,1.74,1.74,1.7252,1.7252,7262
4,1.73,1.75,1.72,1.73,7598
5,1.72,1.73,1.72,1.72,29700
6,1.73,1.73,1.72,1.72,3100
7,1.735,1.74,1.7299,1.73,2500
8,1.73,1.75,1.73,1.74,11974
9,1.735,1.74,1.73,1.73,2300
10,1.74,1.74,1.73,1.74,8919
11,1.75,1.76,1.74,1.74,8377
12,1.75,1.76,1.75,1.76,390
13,1.77,1.77,1.75,1.76,2020
14,1.74,1.775,1.74,1.77,13846
15,1.74,1.75,1.74,1.74,1950
16,1.73,1.75,1.73,1.74,3000
17,1.72,1.735,1.72,1.73,12858
18,1.725,1.73,1.72,1.72,5640
19,1.72,1.73,1.72,1.7268,2600
20,1.735,1.735,1.72,1.72,4642
21,1.74,1.75,1.73,1.73,16646
22,1.74,1.75,1.74,1.74,4700
23,1.74,1.74,1.74,1.74,1053
24,1.74,1.74,1.7336,1.7336,1100
25,1.73,1.745,1.73,1.73,5621
26,1.725,1.73,1.725,1.73,700
27,1.735,1.74,1.73,1.73,3347
28,1.745,1.75,1.73,1.73,6234
29,1.745,1.75,1.74,1.75,1600
30,1.75,1.75,1.745,1.75,804
31,1.745,1.75,1.74,1.745,6000
32,1.74,1.75,1.74,1.75,8162
33,1.745,1.745,1.74,1.74,300
34,1.75,1.75,1.745,1.745,1800
35,1.75,1.75,1.745,1.7473,3251
36,1.75,1.75,1.75,1.75,800
37,1.74,1.75,1.74,1.75,21824
38,1.735,1.74,1.73,1.74,8425
39,1.73,1.75,1.73,1.74,39779
144,1.73,1.73,1.73,1.73,453
145,1.72,1.74,1.72,1.73,3729
146,1.71,1.72,1.7,1.71,19366
147,1.72,1.72,1.7,1.7,4528
148,1.76,1.77,1.73,1.73,8112
149,1.74,1.76,1.74,1.76,10814
150,1.76,1.76,1.73,1.73,2516
151,1.77,1.78,1.76,1.76,9477
152,1.769,1.79,1.76,1.77,20281
153,1.77,1.77,1.76,1.77,2200
154,1.78,1.78,1.765,1.77,5690
155,1.78,1.78,1.7701,1.78,10999
156,1.81,1.81,1.7797,1.7797,32532
157,1.8025,1.81,1.8025,1.81,8700
158,1.81,1.81,1.8,1.81,7776
159,1.8,1.81,1.79,1.81,10560
160,1.81,1.81,1.79,1.7999,3100
161,1.81,1.81,1.8033,1.81,4800
162,1.81,1.81,1.8,1.81,10361
163,1.81,1.81,1.8,1.81,4338
164,1.81,1.82,1.8004,1.81,19598
165,1.81,1.82,1.8063,1.8063,3500
166,1.82,1.825,1.81,1.81,9500
167,1.8,1.82,1.8,1.8101,43500
168,1.79,1.805,1.79,1.7973,6825
169,1.8,1.8,1.795,1.795,1300
170,1.795,1.81,1.79,1.8,28167
171,1.79,1.8,1.79,1.8,10830
172,1.8,1.81,1.8,1.8,3792
173,1.8,1.8,1.8,1.8,3400
174,1.8,1.8,1.791,1.8,6500
175,1.8,1.8,1.795,1.8,3100
176,1.78,1.8,1.77,1.8,17492
177,1.79,1.79,1.78,1.78,3000
178,1.79,1.79,1.785,1.79,3000
179,1.79,1.79,1.79,1.79,3500
180,1.79,1.79,1.785,1.79,3600
181,1.77,1.79,1.77,1.79,16881
182,1.77,1.78,1.7618,1.77,26502
183,1.74,1.77,1.74,1.77,87290
288,1.74,1.74,1.74,1.74,5819
289,1.74,1.7586,1.74,1.75,7134
290,1.74,1.7432,1.73,1.7432,1200
291,1.73,1.75,1.73,1.75,1800
292,1.77,1.77,1.73,1.73,3772
293,1.78,1.78,1.77,1.77,5012
294,1.77,1.79,1.77,1.78,10853
295,1.775,1.79,1.77,1.77,5000
296,1.765,1.78,1.76,1.78,14538
297,1.78,1.78,1.7682,1.7682,2495
298,1.75,1.78,1.75,1.78,8300
299,1.745,1.7501,1.74,1.7501,11385
300,1.74,1.76,1.74,1.75,9772
301,1.76,1.78,1.745,1.745,21862
302,1.77,1.78,1.7526,1.7529,12003
303,1.755,1.765,1.75,1.765,6200
304,1.76,1.76,1.76,1.76,100
305,1.76,1.76,1.76,1.76,700
306,1.76,1.76,1.75,1.76,4400
307,1.77,1.77,1.751,1.76,13537
308,1.74,1.77,1.74,1.77,9652
309,1.75,1.77,1.745,1.75,13552
310,1.76,1.76,1.755,1.76,1600
311,1.75,1.78,1.75,1.76,13795
312,1.76,1.76,1.75,1.76,1117
313,1.755,1.76,1.75,1.76,2300
314,1.74,1.76,1.74,1.76,7544
315,1.73,1.7465,1.73,1.74,14024
316,1.74,1.76,1.73,1.7399,19120
317,1.78,1.78,1.74,1.745,41736
318,1.78,1.78,1.77,1.78,4700
319,1.75,1.78,1.75,1.78,9449
320,1.76,1.76,1.741,1.75,17370
321,1.74,1.76,1.74,1.76,11252
322,1.75,1.75,1.735,1.74,3545
323,1.76,1.76,1.7434,1.75,26889
324,1.77,1.77,1.76,1.76,1300
325,1.75,1.765,1.75,1.76,7097
326,1.76,1.76,1.75,1.76,8300
327,1.75,1.76,1.75,1.755,36665
432,1.71,1.71,1.71,1.71,193399
433,1.72,1.7332,1.7,1.71,26048
434,1.72,1.725,1.715,1.72,3300
435,1.74,1.7477,1.72,1.72,4342
436,1.74,1.74,1.73,1.7399,2300
437,1.72,1.735,1.72,1.735,3100
438,1.7197,1.73,1.7197,1.72,10200
439,1.71,1.72,1.71,1.71,1675
440,1.69,1.71,1.69,1.71,20498
441,1.69,1.71,1.69,1.69,62983
442,1.7,1.71,1.7,1.701,1609
443,1.7,1.7001,1.69,1.7,17186
444,1.73,1.74,1.705,1.705,29587
445,1.73,1.7361,1.72,1.73,25982
446,1.735,1.74,1.7299,1.735,16544
447,1.735,1.74,1.735,1.735,700
448,1.735,1.74,1.735,1.735,600
449,1.74,1.74,1.735,1.735,300
450,1.735,1.74,1.73,1.73,1024
451,1.745,1.7499,1.735,1.7399,4587
452,1.745,1.75,1.745,1.745,700
453,1.75,1.75,1.745,1.7499,1200
454,1.745,1.75,1.74,1.7499,3170
455,1.77,1.77,1.74,1.745,20999
456,1.7801,1.785,1.76,1.77,11049
457,1.775,1.78,1.7701,1.78,7492
458,1.78,1.78,1.77,1.77,400
459,1.7701,1.78,1.7701,1.78,2110
460,1.79,1.79,1.7701,1.7799,9150
461,1.7899,1.79,1.78,1.7801,3114
462,1.79,1.79,1.78,1.79,1000
463,1.79,1.8,1.79,1.79,12000
464,1.7899,1.79,1.78,1.79,700
465,1.78,1.79,1.78,1.7899,3400
466,1.79,1.79,1.78,1.79,2216
467,1.79,1.79,1.78,1.79,919
468,1.785,1.79,1.785,1.79,400
469,1.76,1.785,1.76,1.78,8964
470,1.75,1.7811,1.75,1.76,33173
471,1.77,1.79,1.74,1.755,166777
864,1.75,1.75,1.75,1.75,3391
865,1.79,1.79,1.75,1.77,3462
866,1.79,1.79,1.78,1.78,1670
867,1.802,1.82,1.79,1.79,11384
868,1.8,1.81,1.79,1.81,8323
869,1.8,1.8,1.79,1.79,5651
870,1.82,1.82,1.79,1.79,8668
871,1.817,1.82,1.81,1.82,2064
872,1.83,1.84,1.81,1.81,18835
873,1.8201,1.8201,1.82,1.82,2167
874,1.82,1.82,1.8,1.82,9609
875,1.83,1.83,1.82,1.82,400
876,1.82,1.83,1.82,1.825,1200
877,1.82,1.8301,1.818,1.818,37455
878,1.82,1.82,1.8101,1.8101,900
879,1.81,1.82,1.81,1.81,600
880,1.82,1.82,1.82,1.82,400
881,1.815,1.82,1.81,1.8103,817
882,1.8228,1.8401,1.82,1.82,33825
883,1.83,1.83,1.82,1.8201,8000
884,1.84,1.84,1.83,1.83,6410
885,1.85,1.85,1.8398,1.8398,6279
886,1.8518,1.865,1.841,1.85,82912
887,1.85,1.86,1.8419,1.8501,11383
888,1.87,1.87,1.85,1.85,13206
889,1.85,1.87,1.8403,1.87,21113
890,1.85,1.85,1.8403,1.85,2226
891,1.84,1.85,1.83,1.85,7823
892,1.84,1.84,1.84,1.84,1250
893,1.85,1.85,1.84,1.84,2798
894,1.833,1.85,1.833,1.85,8925
895,1.8404,1.85,1.835,1.84,26214
896,1.85,1.85,1.85,1.85,1400
897,1.85,1.85,1.845,1.85,2100
898,1.835,1.85,1.835,1.85,11131
899,1.8199,1.835,1.81,1.8316,23058
900,1.82,1.82,1.81,1.81,7929
901,1.82,1.82,1.81,1.8199,3927
902,1.82,1.82,1.81,1.82,22914
903,1.84,1.84,1.815,1.82,73939
a1497965400,1.82,1.82,1.82,1.82,3544
1,1.84,1.84,1.81,1.82,4395
2,1.85,1.85,1.83,1.85,18445
3,1.8401,1.85,1.8329,1.85,5508
4,1.87,1.88,1.85,1.85,4202
5,1.9,1.9,1.87,1.87,26510
6,1.9,1.9,1.89,1.9,7160
7,1.91,1.91,1.87,1.89,62676
8,1.9,1.91,1.89,1.91,19800
9,1.9139,1.93,1.9,1.9,34803
10,1.9387,1.94,1.9134,1.92,33755
11,1.92,1.9301,1.91,1.9301,26181
12,1.9189,1.93,1.914,1.915,9480
13,1.905,1.92,1.9,1.92,23817
14,1.9,1.91,1.9,1.9,15351
15,1.87,1.9,1.84,1.9,123775
16,1.8831,1.9,1.8601,1.8632,58651
17,1.89,1.89,1.88,1.8801,14163
18,1.885,1.89,1.881,1.885,2756
19,1.9,1.9,1.885,1.89,2028
20,1.93,1.93,1.89,1.9,77898
21,1.89,1.925,1.89,1.92,18320
22,1.895,1.9,1.88,1.89,9440
23,1.91,1.91,1.89,1.9,22444
24,1.91,1.91,1.9,1.91,4608
25,1.91,1.915,1.9015,1.91,16948
26,1.9084,1.93,1.9,1.915,17385
27,1.92,1.92,1.91,1.91,14000
28,1.925,1.94,1.925,1.93,14500
29,1.94,1.94,1.93,1.93,8700
30,1.935,1.94,1.9242,1.9342,52923
31,1.93,1.94,1.93,1.9306,4935
32,1.92,1.94,1.9106,1.94,14666
33,1.91,1.93,1.9,1.925,23633
34,1.91,1.92,1.9,1.91,21522
35,1.895,1.92,1.895,1.91,31041
36,1.91,1.91,1.88,1.895,28316
37,1.9,1.9,1.885,1.9,22835
38,1.9001,1.925,1.8901,1.895,67695
39,1.93,1.94,1.9,1.91,154307
144,1.92,1.92,1.92,1.92,4999
145,1.95,1.95,1.9029,1.91,29304
146,1.96,1.97,1.94,1.94,22658
147,2.01,2.03,1.96,1.97,59991
148,2.004,2.03,2,2.03,17146
149,2.03,2.05,2.005,2.0064,38982
150,2.08,2.08,2.0225,2.0225,35533
151,2.06,2.0901,2.0587,2.08,46374
152,2.09,2.1,2.08,2.08,33051
153,2.1764,2.2,2.09,2.09,177152
154,2.1,2.1643,2.1,2.1601,87877
155,2.1,2.13,2.0996,2.11,46984
156,2.09,2.1,2.07,2.1,22761
157,2.04,2.0899,2.02,2.0899,25591
158,2.04,2.05,2.03,2.04,3484
159,2.03,2.05,2.03,2.04,7924
160,2.05,2.05,2.03,2.0304,6350
161,2.08,2.08,2.04,2.05,37496
162,2.05,2.07,2.05,2.07,3386
163,2.02,2.05,2.02,2.05,20843
164,2.0399,2.0399,2.02,2.02,7200
165,2.02,2.06,2.02,2.04,10810
166,2.02,2.04,2.01,2.03,18637
167,2.0269,2.0269,2.02,2.02,3304
168,2,2.0259,2,2.02,12433
169,1.985,2.01,1.98,2.01,12694
170,1.9831,2,1.98,2,5929
171,1.98,1.995,1.98,1.99,6667
172,1.97,1.99,1.97,1.985,5313
173,1.99,2,1.96,1.97,13510
174,1.99,1.99,1.98,1.99,5615
175,1.99,1.9989,1.985,1.99,13594
176,1.98,2,1.98,1.9904,7703
177,1.97,1.99,1.97,1.9896,11400
178,1.97,1.98,1.97,1.97,5000
179,1.98,1.98,1.965,1.97,9365
180,2,2,1.97,1.98,60177
181,2.01,2.01,1.99,2,34793
182,2.02,2.03,2,2.015,73240
183,2.04,2.06,2.02,2.025,144512
288,2.06,2.06,2.06,2.06,2387
289,2.08,2.1,2.07,2.0715,17457
290,2.1,2.1,2,2.07,38616
291,2.1,2.11,2.08,2.1,8559
292,2.1,2.1,2.091,2.098,2730
293,2.1,2.1,2.0949,2.0949,4587
294,2.11,2.11,2.1,2.11,4020
295,2.09,2.11,2.08,2.1011,10995
296,2.08,2.09,2.07,2.0827,6288
297,2.07,2.09,2.07,2.08,7585
298,2.09,2.09,2.08,2.08,2300
299,2.08,2.1,2.08,2.09,10499
300,2.09,2.11,2.08,2.09,21123
301,2.0755,2.08,2.07,2.08,6287
302,2.09,2.095,2.08,2.08,4229
303,2.1,2.1,2.0801,2.09,11400
304,2.11,2.11,2.085,2.0941,13096
305,2.1,2.1032,2.09,2.1,14095
306,2.09,2.105,2.08,2.1001,9530
307,2.1,2.1099,2.0931,2.0931,4815
308,2.11,2.11,2.0899,2.0899,5679
309,2.14,2.14,2.11,2.12,16257
310,2.13,2.16,2.12,2.14,113244
311,2.1256,2.14,2.1256,2.1322,18644
312,2.13,2.13,2.125,2.13,1679
313,2.13,2.13,2.125,2.125,442
314,2.1214,2.14,2.12,2.13,7809
315,2.12,2.124,2.12,2.124,2499
316,2.11,2.11,2.0901,2.11,10140
317,2.08,2.105,2.08,2.105,27345
318,2.09,2.1,2.07,2.07,11393
319,2.08,2.0913,2.08,2.09,8783
320,2.08,2.1,2.08,2.08,17529
321,2.12,2.12,2.08,2.08,42734
322,2.11,2.12,2.11,2.1132,1100
323,2.095,2.12,2.09,2.11,7333
324,2.1,2.11,2.095,2.1,10850
325,2.105,2.11,2.105,2.11,1500
326,2.11,2.12,2.1,2.11,11691
327,2.11,2.11,2.1,2.11,58095
432,2.11,2.11,2.11,2.11,1979
433,2.1168,2.18,2.1168,2.1287,36618
434,2.1287,2.13,2.1,2.1,6957
435,2.14,2.14,2.09,2.13,10278
436,2.17,2.17,2.11,2.1379,27800
437,2.166,2.2,2.16,2.1601,32700
438,2.15,2.18,2.15,2.1604,10010
439,2.1537,2.16,2.1537,2.16,1685
440,2.1308,2.16,2.12,2.16,22637
441,2.1195,2.1378,2.09,2.1378,34353
442,2.11,2.1182,2.11,2.115,2730
443,2.12,2.12,2.115,2.115,700
444,2.08,2.11,2.08,2.11,31485
445,2.07,2.09,2.07,2.085,3505
446,2.07,2.08,2.0541,2.08,9790
447,2.1108,2.12,2.07,2.07,15595
448,2.0995,2.12,2.09,2.11,23435
449,2.0905,2.0905,2.08,2.0809,4600
450,2.1,2.1,2.0968,2.1,1200
451,2.1,2.1,2.09,2.1,1500
452,2.1,2.1,2.0921,2.1,1520
453,2.13,2.13,2.1,2.1,8611
454,2.105,2.13,2.105,2.13,4240
455,2.08,2.1023,2.08,2.1,3700
456,2.1,2.1,2.07,2.08,12527
457,2.12,2.12,2.1,2.1,10568
458,2.08,2.12,2.08,2.12,13874
459,2.11,2.12,2.08,2.08,13163
460,2.09,2.11,2.09,2.109,5699
461,2.08,2.09,2.08,2.09,10765
462,2.07,2.08,2.07,2.08,7647
463,2.06,2.07,2.06,2.07,6451
464,2.06,2.065,2.06,2.06,5900
465,2.08,2.08,2.06,2.06,11600
466,2.09,2.09,2.079,2.079,8926
467,2.08,2.09,2.08,2.09,15800
468,2.11,2.12,2.07,2.08,36705
469,2.12,2.1305,2.11,2.11,18167
470,2.13,2.14,2.12,2.12,38898
471,2.1,2.13,2.1,2.13,419377
864,2.12,2.12,2.12,2.12,9774
865,2.1,2.12,2.09,2.12,11506
866,2.1132,2.15,2.09,2.09,11293
867,2.16,2.16,2.1,2.12,13849
868,2.16,2.17,2.15,2.16,13168
869,2.15,2.17,2.14,2.16,3571
870,2.1399,2.16,2.1,2.15,25289
871,2.13,2.17,2.101,2.14,21869
872,2.13,2.14,2.12,2.1261,10223
873,2.13,2.135,2.13,2.13,1000
874,2.11,2.13,2.11,2.12,14616
875,2.1001,2.11,2.1,2.11,3800
876,2.112,2.12,2.1,2.105,12945
877,2.13,2.13,2.12,2.12,6800
878,2.14,2.14,2.125,2.125,12477
879,2.1368,2.14,2.1361,2.14,1849
880,2.1504,2.1504,2.14,2.14,16420
881,2.17,2.17,2.16,2.16,700
882,2.17,2.17,2.1601,2.165,2235
883,2.16,2.17,2.16,2.17,12095
884,2.2,2.2204,2.16,2.16,272030
885,2.201,2.2061,2.19,2.195,17179
886,2.2,2.2096,2.19,2.2096,5380
887,2.23,2.235,2.2,2.2,43128
888,2.2232,2.23,2.2,2.22,28705
889,2.23,2.23,2.22,2.2204,4853
890,2.22,2.225,2.21,2.225,13180
891,2.225,2.23,2.219,2.219,8127
892,2.225,2.23,2.22,2.23,9391
893,2.22,2.23,2.2102,2.23,5979
894,2.22,2.2235,2.215,2.22,19135
895,2.22,2.221,2.215,2.22,10481
896,2.225,2.225,2.2108,2.22,18500
897,2.23,2.23,2.2268,2.23,2900
898,2.22,2.2335,2.22,2.23,8651
899,2.23,2.23,2.22,2.225,5451
900,2.23,2.23,2.21,2.222,27109
901,2.235,2.235,2.22,2.2201,27680
902,2.23,2.23,2.21,2.23,58858
903,2.22,2.23,2.22,2.22,46986
a1498570200,2.23,2.23,2.23,2.23,2890
1,2.2386,2.24,2.19,2.2399,9411
2,2.22,2.22,2.2011,2.22,10375
3,2.23,2.23,2.195,2.21,20386
4,2.24,2.25,2.23,2.23,11600
5,2.22,2.235,2.22,2.235,4200
6,2.2,2.225,2.2,2.22,8755
7,2.19,2.195,2.19,2.19,3000
8,2.16,2.1952,2.15,2.19,16706
9,2.18,2.18,2.16,2.16,3198
10,2.16,2.1999,2.16,2.19,21395
11,2.161,2.1695,2.16,2.165,14040
12,2.1554,2.17,2.155,2.165,24080
13,2.1575,2.16,2.15,2.155,5800
14,2.16,2.16,2.15,2.16,8600
15,2.16,2.16,2.15,2.1575,6800
16,2.1767,2.18,2.15,2.1525,8269
17,2.15,2.175,2.14,2.1705,26537
18,2.13,2.1401,2.13,2.14,6472
19,2.1,2.133,2.1,2.13,111765
20,2.085,2.1,2.08,2.1,36830
21,2.08,2.0899,2.08,2.0825,9440
22,2.07,2.0895,2.07,2.08,19911
23,2.045,2.075,2.03,2.07,40596
24,2.03,2.045,2.03,2.04,12108
25,2.03,2.0395,2.03,2.03,7729
26,2.02,2.0399,2.02,2.03,17836
27,2.0182,2.025,1.99,2.025,43138
28,2.015,2.0195,2.015,2.0182,2166
29,2.005,2.0133,2,2.0133,15494
30,2.005,2.01,2,2.005,1228
31,2.04,2.04,2.005,2.005,8727
32,2,2.035,1.99,2.035,25377
33,2.01,2.0195,2,2,3290
34,2.02,2.02,2.01,2.01,400
35,2.015,2.02,2.01,2.0199,14400
36,2,2.0105,2,2.01,5977
37,2,2.019,2,2.01,21456
38,2.005,2.01,2,2,14747
39,2,2.01,2,2.005,51925
144,2.03,2.03,2.03,2.03,1530
145,2.012,2.04,2.0001,2.03,5850
146,2.021,2.04,2.01,2.0199,7979
147,2.02,2.02,2.0044,2.02,10406
148,2.005,2.02,2.003,2.0199,4761
149,2.01,2.01,2.005,2.01,6585
150,2.005,2.02,2.005,2.02,3104
151,2.01,2.0195,2.005,2.01,4965
152,2.03,2.03,2.01,2.01,8226
153,2.03,2.03,2.025,2.03,2200
154,2.03,2.04,2.03,2.04,3150
155,2.0341,2.04,2.0241,2.0264,5936
156,2.05,2.06,2.04,2.04,11709
157,2.0601,2.0601,2.035,2.05,7323
158,2.05,2.05,2.05,2.05,700
159,2.07,2.1,2.05,2.05,103136
160,2.05,2.07,2.05,2.07,3079
161,2.055,2.06,2.05,2.05,14043
162,2.05,2.06,2.05,2.05,4963
163,2.05,2.055,2.05,2.05,2300
164,2.03,2.06,2.03,2.05,26850
165,2.035,2.0359,2.03,2.035,2100
166,2.03,2.0368,2.03,2.03,2750
167,2.02,2.035,2.02,2.03,12900
168,2.02,2.02,2.02,2.02,1100
169,2.04,2.04,2.02,2.02,13599
170,2.035,2.05,2.035,2.04,8659
171,2.0399,2.04,2.02,2.0394,7250
172,2.03,2.031,2.03,2.031,4000
173,2.025,2.0341,2.02,2.03,8790
174,2.035,2.04,2.02,2.02,5600
175,2.0304,2.0395,2.03,2.03,13000
176,2.03,2.03,2.03,2.03,3700
177,2.03,2.04,2.03,2.03,4020
178,2.05,2.055,2.03,2.035,16585
179,2.0395,2.05,2.035,2.045,9230
180,2.03,2.0368,2.03,2.03,4500
181,2.03,2.0367,2.03,2.03,7817
182,2.04,2.045,2.03,2.03,35393
183,2.04,2.045,2.03,2.04,89847
288,2.02,2.02,2.02,2.02,2721
289,2,2.03,2,2.02,8923
290,1.961,2.01,1.96,2.01,21615
291,1.98,1.98,1.96,1.97,6395
292,1.9899,1.9899,1.9752,1.9752,1283
293,2,2,1.99,1.99,25958
294,1.9953,2.0061,1.98,2,12064
295,2,2,1.99,1.99,11350
296,2,2,2,2,1605
297,2.03,2.03,2,2.01,32346
298,2.02,2.03,2.02,2.02,5266
299,2.01,2.01,2,2.01,51419
300,2.005,2.02,2,2.0118,18524
301,2,2,1.99,2,84563
302,2,2.01,1.99,2,8947
303,2,2,1.99,2,600
304,1.9999,1.9999,1.99,1.995,28727
305,1.9908,1.998,1.9908,1.9942,10880
306,1.99,2,1.99,2,26199
307,1.99,1.99,1.99,1.99,6700
308,1.98,1.98,1.98,1.98,100
309,1.99,1.99,1.98,1.98,7900
310,1.99,1.99,1.99,1.99,1600
311,1.98,1.98,1.975,1.98,26778
312,1.94,1.986,1.94,1.986,21230
313,1.952,1.96,1.94,1.9493,16590
314,1.956,1.956,1.95,1.95,3391
315,1.97,1.97,1.95,1.95,15241
316,1.97,1.9758,1.97,1.9758,250
317,1.98,1.98,1.97,1.977,2710
318,1.99,1.99,1.97,1.97,4463
319,1.97,1.985,1.97,1.985,4900
320,1.97,1.9793,1.97,1.97,11044
321,1.96,1.9607,1.96,1.96,1100
322,1.96,1.965,1.96,1.965,3500
323,1.96,1.9699,1.96,1.96,2240
324,1.96,1.965,1.96,1.965,1400
325,1.965,1.965,1.96,1.96,2400
326,1.96,1.97,1.96,1.96,5668
327,1.97,1.98,1.965,1.965,46042
432,1.96,1.96,1.96,1.96,1719
433,1.94,1.96,1.93,1.96,3745
434,1.96,1.96,1.94,1.94,6197
435,1.94,1.95,1.94,1.95,1300
436,1.9301,1.935,1.93,1.9308,7164
437,1.89,1.93,1.89,1.93,19907
438,1.915,1.92,1.89,1.89,10414
439,1.9,1.91,1.9,1.91,5345
440,1.9,1.91,1.9,1.905,2092
441,1.89,1.905,1.875,1.905,15504
442,1.86,1.88,1.86,1.88,15815
443,1.895,1.9,1.87,1.87,12046
444,1.89,1.8999,1.89,1.89,9502
445,1.8999,1.8999,1.88,1.89,13175
446,1.895,1.905,1.89,1.89,1500
447,1.89,1.895,1.89,1.895,200
448,1.88,1.89,1.88,1.89,11625
449,1.8795,1.8895,1.87,1.8895,5680
450,1.86,1.87,1.86,1.87,1200
451,1.875,1.875,1.86,1.86,3076
452,1.89,1.89,1.87,1.88,6172
453,1.905,1.91,1.885,1.885,10071
454,1.905,1.91,1.9,1.905,2000
455,1.9,1.9099,1.9,1.9099,2550
456,1.9,1.91,1.9,1.905,1615
457,1.9,1.9,1.89,1.9,4865
458,1.9,1.92,1.9,1.9,18945
459,1.905,1.905,1.9,1.905,1700
460,1.9,1.91,1.9,1.9,4210
461,1.895,1.9005,1.895,1.9005,630
462,1.895,1.9,1.89,1.89,2100
463,1.895,1.895,1.89,1.895,400
464,1.89,1.895,1.89,1.89,600
465,1.89,1.9,1.89,1.8907,8669
466,1.9,1.9,1.895,1.9,2656
467,1.9,1.9,1.895,1.9,8378
468,1.895,1.905,1.8932,1.9,10787
469,1.9,1.9,1.895,1.8952,3447
470,1.9,1.91,1.89,1.9,30043
471,1.89,1.905,1.88,1.9,70553
864,1.88,1.88,1.88,1.88,5805
865,1.91,1.92,1.8921,1.9,2281
866,1.93,1.96,1.92,1.92,3100
867,1.93,1.93,1.89,1.93,6800
868,1.93,1.93,1.921,1.93,15700
869,1.9279,1.95,1.915,1.915,13019
870,1.94,1.94,1.9129,1.9129,4200
871,1.92,1.94,1.92,1.94,579
872,1.9192,1.92,1.91,1.91,900
873,1.92,1.92,1.92,1.92,300
874,1.91,1.91,1.91,1.91,300
875,1.91,1.91,1.89,1.9,1960
876,1.92,1.93,1.9,1.91,2000
877,1.93,1.93,1.9159,1.9159,1665
878,1.93,1.93,1.93,1.93,200
879,1.91,1.93,1.91,1.91,1265
880,1.93,1.93,1.915,1.915,1809
881,1.925,1.93,1.925,1.93,200
882,1.93,1.93,1.92,1.921,940
883,1.92,1.94,1.92,1.925,4100
884,1.935,1.935,1.92,1.92,9781
885,1.95,1.965,1.935,1.935,28903
a1499261400,1.92,1.92,1.92,1.92,8556
1,1.98,1.98,1.92,1.96,10364
2,1.9527,2,1.95,1.98,30270
3,1.93,1.95,1.93,1.95,1730
4,1.93,1.9396,1.92,1.9396,3599
5,1.9418,1.945,1.93,1.935,7068
6,1.93,1.9374,1.93,1.93,896
7,1.9527,1.96,1.94,1.945,8800
8,1.98,1.99,1.95,1.95,19714
9,1.97,1.98,1.97,1.97,1400
10,1.96,1.97,1.96,1.97,2994
11,1.98,1.98,1.97,1.97,4295
12,1.97,1.975,1.97,1.97,3969
13,1.97,1.98,1.97,1.97,3480
14,1.955,1.96,1.94,1.96,2616
15,1.96,1.96,1.94,1.94,7700
16,1.94,1.96,1.94,1.96,10258
17,1.937,1.937,1.93,1.93,1300
18,1.95,1.95,1.93,1.93,10400
19,2,2,1.95,1.95,32608
20,1.98,2,1.98,1.99,1670
21,1.99,1.99,1.98,1.98,1000
22,1.985,1.985,1.98,1.98,1100
23,1.985,1.9895,1.98,1.98,2002
24,1.98,1.989,1.98,1.98,6100
25,1.98,1.985,1.98,1.98,4200
26,1.97,1.98,1.97,1.98,2077
27,1.97,1.975,1.97,1.97,3200
28,1.97,1.98,1.97,1.97,1800
29,1.97,1.97,1.97,1.97,4400
30,1.97,1.97,1.96,1.96,800
31,1.96,1.96,1.96,1.96,1100
32,1.96,1.965,1.96,1.96,4031
33,1.94,1.95,1.94,1.95,1600
34,1.94,1.9426,1.935,1.94,6354
35,1.94,1.9496,1.94,1.9496,450
36,1.95,1.95,1.94,1.94,8500
37,1.95,1.95,1.945,1.95,6361
38,1.98,1.99,1.96,1.96,47714
39,1.98,1.98,1.97,1.98,57789
